g1845.t1	VFG038841(gb|WP_005318273)	32.984	191	121	2	15	199	5	194	4.81e-24	97.4
g1845.t1	VFG038839(gb|WP_011707832)	33.158	190	122	2	15	199	5	194	1.73e-23	96.3
g1845.t1	VFG005766(gb|WP_000861302)	34.054	185	118	4	18	199	2	185	2.55e-23	95.5
g1845.t1	VFG005765(gb|WP_000861303)	34.054	185	118	4	18	199	2	185	5.81e-23	94.4
g1845.t1	VFG038840(gb|WP_005300916)	32.609	184	123	1	17	199	5	188	1.12e-20	88.6
g1845.t1	VFG026115(gb|WP_006484930)	34.737	190	117	4	16	199	6	194	1.82e-20	88.2
g1845.t1	VFG050144(gb|WP_001048423)	29.204	226	140	3	18	224	9	233	2.29e-20	87.8
g1845.t1	VFG030279(gb|YP_007959089)	33.508	191	115	3	16	197	5	192	7.75e-20	86.7
g1845.t1	VFG030268(gb|WP_015288451)	33.508	191	115	3	16	197	5	192	8.44e-20	86.7
g1845.t1	VFG030274(gb|WP_015575276)	33.508	191	115	3	16	197	5	192	8.53e-20	86.7
g1845.t1	VFG030282(gb|YP_005361637)	33.508	191	115	3	16	197	5	192	8.83e-20	86.7
g1845.t1	VFG030263(gb|WP_012054339)	33.508	191	115	3	16	197	5	192	8.97e-20	86.7
g1845.t1	VFG030269(gb|WP_015303737)	33.508	191	115	3	16	197	5	192	9.53e-20	86.7
g1845.t1	VFG030258(gb|NP_217601)	33.508	191	115	3	16	197	5	192	9.62e-20	86.7
g1845.t1	VFG030270(gb|WP_015291172)	32.984	191	116	3	16	197	5	192	1.23e-19	86.3
g1845.t1	VFG030264(gb|WP_013988971)	33.918	171	103	2	16	179	5	172	2.60e-19	85.1
g1845.t1	VFG030266(gb|WP_014001574)	32.984	191	116	3	16	197	5	192	3.25e-19	85.1
g1845.t1	VFG002550(gb|WP_009938563)	31.980	197	123	4	11	199	1	194	2.79e-16	76.6
g1845.t1	VFG026117(gb|WP_004194054)	31.980	197	123	4	11	199	1	194	3.02e-16	76.6
g1845.t1	VFG049997(gb|WP_003185961)	31.624	234	137	5	15	225	1	234	3.32e-16	76.3
g1845.t1	VFG026123(gb|WP_011852140)	31.980	197	123	4	11	199	1	194	4.18e-16	76.3
g1845.t1	VFG049994(gb|WP_001048422)	29.204	226	140	3	18	224	9	233	1.05e-15	75.1
g1845.t1	VFG026125(gb|WP_009889312)	35.556	135	84	2	67	199	60	193	2.75e-15	73.9
g1845.t1	VFG007210(gb|WP_011081751)	27.966	236	144	4	15	225	6	240	2.78e-15	73.9
g1845.t1	VFG049999(gb|NP_391080)	28.814	236	141	4	15	225	6	239	9.38e-15	72.4
g1845.t1	VFG050143(gb|WP_001972439)	27.391	230	144	3	18	224	9	238	1.27e-13	68.9
g1845.t1	VFG026114(gb|WP_082194386)	30.366	191	116	5	20	199	9	193	1.75e-13	68.6
g1845.t1	VFG007208(gb|WP_000654285)	27.660	235	145	4	15	225	7	240	2.15e-13	68.6
g1845.t1	VFG050142(gb|WP_001100506)	28.205	234	134	4	18	224	9	235	5.82e-13	67.0
g1845.t1	VFG050000(gb|WP_001100501)	28.205	234	134	4	18	224	9	235	8.57e-13	66.6
g1845.t1	VFG019276(gb|WP_006073147)	32.086	187	113	7	18	200	16	192	8.74e-13	66.6
g1845.t1	VFG011617(gb|WP_002966566)	32.086	187	113	7	18	200	16	192	1.49e-12	65.9
g1845.t1	VFG011619(gb|WP_004688790)	32.086	187	113	7	18	200	16	192	1.56e-12	65.9
g1845.t1	VFG011616(gb|WP_004681144)	32.086	187	113	7	18	200	16	192	1.65e-12	65.9
g1845.t1	VFG049996(gb|WP_001100500)	27.778	234	135	4	18	224	9	235	1.95e-12	65.9
g1845.t1	VFG049991(gb|WP_001100504)	27.778	234	135	4	18	224	9	235	2.65e-12	65.5
g1845.t1	VFG048408(gb|WP_012068428)	31.088	193	105	6	18	199	9	184	1.67e-11	62.8
g1845.t1	VFG044425(gb|AAW66007)	23.237	241	158	5	17	232	5	243	3.43e-11	62.0
g1845.t1	VFG049995(gb|WP_001048437)	25.652	230	148	3	18	224	9	238	5.17e-11	61.6
g1845.t1	VFG048405(gb|YP_005225749)	31.088	193	105	6	18	199	9	184	6.70e-11	61.2
g1845.t1	VFG048407(gb|WP_024622880)	31.088	193	105	6	18	199	6	181	7.50e-11	60.8
g1845.t1	VFG048404(gb|WP_008805588)	31.694	183	117	4	18	199	9	184	7.58e-11	60.8
g1845.t1	VFG044427(gb|CAJ45634)	24.066	241	156	5	17	232	5	243	9.17e-11	60.8
g1845.t1	VFG048409(gb|WP_086074289)	31.088	193	105	6	18	199	6	181	9.44e-11	60.8
g1845.t1	VFG012978(gb|WP_000347634)	31.148	183	118	4	18	199	6	181	1.21e-10	60.5
g1845.t1	VFG012976(gb|WP_000347662)	30.055	183	120	4	18	199	6	181	1.63e-10	60.1
g1845.t1	VFG000934(gb|WP_000348393)	30.601	183	119	4	18	199	6	181	2.12e-10	59.7
g1845.t1	VFG012977(gb|WP_000347664)	30.055	183	120	4	18	199	6	181	2.38e-10	59.7
g1845.t1	VFG048401(gb|WP_014837779)	29.101	189	114	4	18	199	9	184	3.90e-10	58.9
g1845.t1	VFG012974(gb|NP_706451)	29.508	183	121	4	18	199	6	181	5.70e-10	58.5
g1845.t1	VFG012973(gb|WP_000347670)	30.055	183	120	4	18	199	6	181	7.16e-10	58.2
g1845.t1	VFG048402(gb|WP_014228362)	28.571	189	115	4	18	199	9	184	1.35e-09	57.4
g1845.t1	VFG044369(gb|WP_013318793)	28.194	227	136	6	18	224	10	229	1.82e-08	53.9
g1845.t1	VFG026116(gb|WP_012327962)	30.159	189	119	5	20	199	9	193	4.02e-08	53.1
