g1541.t1	VFG014145(gb|WP_003138480)	27.326	344	213	10	16	353	2	314	1.36e-21	94.0
g1541.t1	VFG014133(gb|WP_012075037)	25.072	347	222	10	14	353	1	316	7.59e-19	86.3
g1541.t1	VFG047144(gb|WP_010030803)	39.231	130	67	3	18	140	15	139	6.58e-18	83.6
g1541.t1	VFG047147(gb|WP_003027881)	39.231	130	67	3	18	140	15	139	7.24e-18	83.6
g1541.t1	VFG047143(gb|WP_011733708)	39.231	130	67	3	18	140	15	139	7.25e-18	83.6
g1541.t1	VFG047149(gb|WP_003029668)	38.462	130	68	3	18	140	15	139	2.94e-17	81.6
g1541.t1	VFG014119(gb|WP_012075025)	23.362	351	215	12	14	351	1	310	3.25e-16	78.6
g1541.t1	VFG045309(gb|WP_010946498)	26.877	253	154	10	14	257	1	231	9.51e-15	74.3
g1541.t1	VFG038045(gb|WP_000697856)	24.332	337	217	10	16	346	2	306	1.07e-14	73.9
g1541.t1	VFG019788(gb|WP_016253165)	28.839	267	163	10	17	275	6	253	1.03e-12	68.2
g1541.t1	VFG019782(gb|WP_003163315)	24.654	361	201	11	18	351	19	335	9.73e-12	65.5
g1541.t1	VFG019018(gb|WP_192575220)	27.468	233	148	10	16	243	4	220	2.49e-11	63.9
g1541.t1	VFG007646(gb|WP_011261051)	25.148	338	208	11	16	348	2	299	6.88e-11	62.4
g1541.t1	VFG007645(gb|WP_011078841)	26.163	344	190	18	17	345	2	296	1.25e-10	61.6
g1541.t1	VFG038099(gb|WP_001023245)	25.839	298	183	12	17	298	3	278	1.28e-10	61.6
g1541.t1	VFG038016(gb|WP_001083066)	26.690	281	170	10	18	277	19	284	3.64e-10	60.5
g1541.t1	VFG037964(gb|WP_001023243)	26.351	296	184	12	17	298	3	278	5.15e-10	60.1
g1541.t1	VFG011202(gb|WP_003807092)	28.659	164	101	5	16	173	2	155	8.00e-10	59.3
g1541.t1	VFG014112(gb|NP_251836)	25.806	279	189	7	18	294	1	263	8.51e-10	59.3
g1541.t1	VFG011204(gb|WP_003807093)	23.262	374	232	11	17	370	15	353	1.45e-09	58.9
g1541.t1	VFG048986(gb|WP_004144150)	24.068	295	173	11	16	275	2	280	3.47e-09	57.8
g1541.t1	VFG038171(gb|WP_020752683)	25.882	170	103	6	14	169	1	161	9.53e-09	56.2
g1541.t1	VFG038159(gb|WP_001062904)	25.882	170	103	6	14	169	1	161	1.14e-08	56.2
g1541.t1	VFG049099(gb|WP_014230054)	22.973	296	175	11	16	275	2	280	1.15e-08	55.8
g1541.t1	VFG038104(gb|WP_001062923)	25.882	170	103	6	14	169	1	161	3.39e-08	54.7
g1541.t1	VFG038139(gb|WP_001062905)	25.581	172	101	7	14	169	1	161	3.99e-08	54.3
g1541.t1	VFG037910(gb|WP_000085124)	24.742	291	168	11	16	277	17	285	4.39e-08	54.3
g1541.t1	VFG000430(gb|WP_000127915)	28.324	173	100	5	16	168	17	185	5.22e-08	53.9
g1541.t1	VFG037874(gb|WP_001062924)	25.581	172	101	7	14	169	1	161	5.36e-08	53.9
g1541.t1	VFG049098(gb|WP_014838941)	22.635	296	176	11	16	275	2	280	8.06e-08	53.5
g1541.t1	VFG013287(gb|WP_005688951)	31.008	129	74	4	17	134	3	127	8.95e-08	53.1
g1541.t1	VFG013286(gb|WP_005694325)	31.008	129	74	4	17	134	3	127	1.32e-07	52.8
g1541.t1	VFG006064(gb|WP_002902062)	21.032	252	162	8	14	261	1	219	1.32e-07	52.4
g1541.t1	VFG037918(gb|WP_001077698)	22.788	373	207	15	18	358	19	342	1.62e-07	52.4
g1541.t1	VFG029552(gb|WP_014385176)	23.181	371	233	14	17	356	1	350	1.98e-07	52.4
g1541.t1	VFG046650(gb|WP_014549990)	28.462	130	78	3	16	134	4	129	2.57e-07	52.0
g1541.t1	VFG048981(gb|WP_004144152)	21.233	292	185	8	16	275	2	280	2.97e-07	51.6
g1541.t1	VFG029550(gb|WP_014711961)	34.328	134	68	6	17	137	1	127	3.09e-07	51.6
g1541.t1	VFG006081(gb|WP_014621820)	31.343	134	59	5	17	141	2	111	3.30e-07	51.2
g1541.t1	VFG013288(gb|WP_011961728)	30.233	129	75	4	17	134	3	127	3.32e-07	51.6
g1541.t1	VFG006089(gb|WP_011681446)	30.709	127	69	4	17	141	2	111	3.65e-07	51.2
g1541.t1	VFG038152(gb|WP_001062915)	25.000	172	102	7	14	169	1	161	3.81e-07	51.2
g1541.t1	VFG038151(gb|YP_005796988)	25.000	172	102	7	14	169	1	161	4.70e-07	51.2
g1541.t1	VFG038153(gb|WP_001062906)	25.000	172	102	7	14	169	1	161	5.78e-07	50.8
g1541.t1	VFG029557(gb|WP_015304673)	34.646	127	71	6	16	137	2	121	6.90e-07	50.4
g1541.t1	VFG046638(gb|WP_003034368)	24.172	302	187	13	16	286	4	294	7.79e-07	50.4
g1541.t1	VFG038144(gb|WP_001062908)	25.000	172	102	7	14	169	1	161	8.49e-07	50.4
g1541.t1	VFG005020(gb|WP_011274718)	22.826	184	114	5	17	193	7	169	1.08e-06	50.1
g1541.t1	VFG046647(gb|WP_014548582)	29.231	130	77	3	16	134	4	129	1.29e-06	49.7
g1541.t1	VFG038168(gb|WP_001062920)	25.000	172	102	7	14	169	1	161	1.39e-06	49.7
g1541.t1	VFG029546(gb|WP_009977510)	29.032	155	89	5	17	157	1	148	1.75e-06	49.3
g1541.t1	VFG038121(gb|WP_001062922)	24.419	172	103	7	14	169	1	161	1.77e-06	49.3
g1541.t1	VFG029551(gb|WP_014380421)	23.450	371	232	14	17	356	1	350	1.80e-06	49.3
g1541.t1	VFG029556(gb|WP_008257915)	32.836	134	70	6	17	137	1	127	2.40e-06	48.9
g1541.t1	VFG029549(gb|WP_014942415)	32.836	134	70	6	17	137	1	127	3.22e-06	48.5
g1541.t1	VFG005838(gb|WP_011836759)	28.346	127	72	4	17	141	2	111	8.10e-06	47.0
g1541.t1	VFG002374(gb|WP_005167728)	28.455	123	73	5	16	131	2	116	8.39e-06	47.0
g1092.t1	VFG014145(gb|WP_003138480)	29.532	342	203	13	16	349	2	313	2.17e-22	96.3
g1092.t1	VFG047143(gb|WP_011733708)	29.762	252	146	9	18	252	15	252	3.40e-19	87.0
g1092.t1	VFG014119(gb|WP_012075025)	25.937	347	210	12	14	349	1	311	6.58e-19	86.3
g1092.t1	VFG047144(gb|WP_010030803)	29.365	252	147	9	18	252	15	252	8.24e-19	86.3
g1092.t1	VFG047147(gb|WP_003027881)	29.365	252	147	9	18	252	15	252	8.56e-19	85.9
g1092.t1	VFG047149(gb|WP_003029668)	28.968	252	148	9	18	252	15	252	3.99e-18	84.0
g1092.t1	VFG014133(gb|WP_012075037)	25.806	341	222	10	14	349	1	315	7.24e-17	80.5
g1092.t1	VFG019788(gb|WP_016253165)	28.319	339	198	15	17	343	6	311	5.47e-14	72.0
g1092.t1	VFG038045(gb|WP_000697856)	23.952	334	219	12	16	343	2	306	1.80e-13	70.5
g1092.t1	VFG019782(gb|WP_003163315)	28.333	240	142	8	18	236	19	249	1.33e-12	68.2
g1092.t1	VFG045309(gb|WP_010946498)	25.000	252	157	11	14	254	1	231	1.38e-12	67.8
g1092.t1	VFG007645(gb|WP_011078841)	26.113	337	194	15	17	341	2	295	1.49e-11	64.3
g1092.t1	VFG048986(gb|WP_004144150)	23.973	292	184	8	16	277	2	285	3.84e-11	63.5
g1092.t1	VFG038099(gb|WP_001023245)	26.718	262	155	12	16	263	2	240	4.35e-11	63.2
g1092.t1	VFG038171(gb|WP_020752683)	25.969	258	146	9	14	239	1	245	6.42e-11	62.8
g1092.t1	VFG038159(gb|WP_001062904)	25.969	258	146	9	14	239	1	245	7.09e-11	62.8
g1092.t1	VFG038139(gb|WP_001062905)	25.581	258	147	9	14	239	1	245	3.33e-10	60.8
g1092.t1	VFG049098(gb|WP_014838941)	23.208	293	175	10	16	272	2	280	4.70e-10	60.1
g1092.t1	VFG049099(gb|WP_014230054)	23.529	289	179	11	16	272	2	280	5.14e-10	60.1
g1092.t1	VFG014112(gb|NP_251836)	26.347	334	202	10	18	341	1	300	5.67e-10	59.7
g1092.t1	VFG037918(gb|WP_001077698)	23.967	363	212	13	18	355	19	342	6.93e-10	59.7
g1092.t1	VFG048981(gb|WP_004144152)	23.611	288	180	11	16	272	2	280	1.56e-09	58.5
g1092.t1	VFG038104(gb|WP_001062923)	25.969	258	146	9	14	239	1	245	1.70e-09	58.5
g1092.t1	VFG037964(gb|WP_001023243)	26.820	261	156	13	16	263	2	240	2.46e-09	57.8
g1092.t1	VFG038152(gb|WP_001062915)	25.896	251	155	8	14	239	1	245	2.69e-09	57.8
g1092.t1	VFG038016(gb|WP_001083066)	24.157	356	206	16	18	348	19	335	3.15e-09	57.8
g1092.t1	VFG038151(gb|YP_005796988)	25.896	251	155	8	14	239	1	245	4.02e-09	57.4
g1092.t1	VFG038144(gb|WP_001062908)	25.896	251	155	8	14	239	1	245	4.13e-09	57.4
g1092.t1	VFG038153(gb|WP_001062906)	25.194	258	148	9	14	239	1	245	5.32e-09	57.0
g1092.t1	VFG046650(gb|WP_014549990)	24.451	364	206	16	16	347	4	330	5.39e-09	57.0
g1092.t1	VFG007646(gb|WP_011261051)	26.087	345	193	13	16	345	2	299	6.00e-09	56.6
g1092.t1	VFG037874(gb|WP_001062924)	25.194	258	148	9	14	239	1	245	6.60e-09	56.6
g1092.t1	VFG011204(gb|WP_003807093)	24.157	356	208	14	17	347	15	333	7.55e-09	56.6
g1092.t1	VFG011202(gb|WP_003807092)	31.034	116	71	3	16	127	2	112	8.41e-09	56.2
g1092.t1	VFG038121(gb|WP_001062922)	25.498	251	156	8	14	239	1	245	1.06e-08	56.2
g1092.t1	VFG038168(gb|WP_001062920)	25.498	251	156	8	14	239	1	245	1.31e-08	55.8
g1092.t1	VFG046638(gb|WP_003034368)	24.451	364	206	15	16	347	4	330	1.97e-08	55.5
g1092.t1	VFG029557(gb|WP_015304673)	34.532	139	77	4	16	148	2	132	6.81e-08	53.5
g1092.t1	VFG046647(gb|WP_014548582)	24.931	361	198	16	16	344	4	323	7.15e-08	53.5
g1092.t1	VFG046645(gb|WP_003020694)	23.677	359	215	14	16	347	4	330	2.77e-07	51.6
g1092.t1	VFG046640(gb|WP_003016720)	23.823	361	212	15	16	347	4	330	3.86e-07	51.2
g1092.t1	VFG013288(gb|WP_011961728)	31.783	129	73	4	17	134	3	127	3.95e-07	51.2
g1092.t1	VFG046643(gb|WP_003025501)	23.823	361	212	15	16	347	4	330	4.66e-07	51.2
g1092.t1	VFG047183(gb|WP_200147406)	32.031	128	73	5	78	200	47	165	5.16e-07	50.4
g1092.t1	VFG002361(gb|WP_011816867)	27.907	258	135	13	17	239	3	244	7.63e-07	50.4
g1092.t1	VFG037910(gb|WP_000085124)	27.485	171	100	6	10	160	11	177	8.68e-07	50.1
g1092.t1	VFG013287(gb|WP_005688951)	31.008	129	74	4	17	134	3	127	8.78e-07	50.1
g1092.t1	VFG014129(gb|WP_003150889)	29.921	127	78	3	16	135	6	128	8.94e-07	50.1
g1092.t1	VFG000430(gb|WP_000127915)	22.753	356	219	12	16	349	17	338	9.89e-07	50.1
g1092.t1	VFG013286(gb|WP_005694325)	31.008	129	74	4	17	134	3	127	1.01e-06	50.1
g1092.t1	VFG011697(gb|WP_002869407)	27.879	165	105	5	14	172	2	158	2.58e-06	48.5
g1092.t1	VFG029550(gb|WP_014711961)	25.792	221	113	8	17	192	1	215	8.08e-06	47.4
g4445.t1	VFG019788(gb|WP_016253165)	27.523	327	206	9	3	319	6	311	2.83e-17	80.9
g4445.t1	VFG014145(gb|WP_003138480)	27.134	328	209	12	1	319	1	307	1.31e-15	76.3
g4445.t1	VFG047143(gb|WP_011733708)	24.709	344	206	9	3	327	14	323	1.53e-15	76.3
g4445.t1	VFG047149(gb|WP_003029668)	25.220	341	202	9	3	324	14	320	1.67e-15	75.9
g4445.t1	VFG047147(gb|WP_003027881)	24.927	341	203	9	3	324	14	320	5.60e-15	74.3
g4445.t1	VFG047144(gb|WP_010030803)	24.927	341	203	9	3	324	14	320	5.92e-15	74.3
g4445.t1	VFG038045(gb|WP_000697856)	27.948	229	137	6	1	214	1	216	2.46e-14	72.4
g4445.t1	VFG038099(gb|WP_001023245)	26.244	221	152	5	1	214	1	217	1.22e-13	70.5
g4445.t1	VFG038153(gb|WP_001062906)	29.130	230	134	7	2	203	3	231	1.70e-13	70.1
g4445.t1	VFG037964(gb|WP_001023243)	25.000	220	156	4	1	214	1	217	1.93e-13	69.7
g4445.t1	VFG038144(gb|WP_001062908)	29.130	230	134	7	2	203	3	231	2.00e-13	70.1
g4445.t1	VFG014119(gb|WP_012075025)	22.917	336	218	14	2	324	3	310	3.55e-13	69.3
g4445.t1	VFG014133(gb|WP_012075037)	26.316	342	203	13	2	324	3	314	7.52e-13	68.2
g4445.t1	VFG038151(gb|YP_005796988)	29.130	230	134	7	2	203	3	231	7.64e-13	68.2
g4445.t1	VFG038168(gb|WP_001062920)	29.130	230	134	7	2	203	3	231	8.55e-13	68.2
g4445.t1	VFG038152(gb|WP_001062915)	28.448	232	137	7	2	205	3	233	2.74e-12	66.6
g4445.t1	VFG038121(gb|WP_001062922)	28.696	230	135	7	2	203	3	231	2.91e-12	66.6
g4445.t1	VFG045309(gb|WP_010946498)	25.781	256	171	9	2	247	3	249	3.26e-12	66.2
g4445.t1	VFG038139(gb|WP_001062905)	28.261	230	136	7	2	203	3	231	4.38e-12	65.9
g4445.t1	VFG048986(gb|WP_004144150)	24.110	365	201	14	1	325	1	329	5.55e-12	65.5
g4445.t1	VFG038104(gb|WP_001062923)	28.879	232	136	7	2	205	3	233	6.00e-12	65.5
g4445.t1	VFG038171(gb|WP_020752683)	28.448	232	137	7	2	205	3	233	9.78e-12	65.1
g4445.t1	VFG038159(gb|WP_001062904)	28.448	232	137	7	2	205	3	233	9.96e-12	65.1
g4445.t1	VFG007646(gb|WP_011261051)	26.140	329	197	11	1	317	1	295	1.21e-11	64.3
g4445.t1	VFG007645(gb|WP_011078841)	30.189	265	154	14	3	252	2	250	1.38e-11	64.3
g4445.t1	VFG037874(gb|WP_001062924)	28.017	232	138	7	2	205	3	233	1.39e-11	64.3
g4445.t1	VFG048981(gb|WP_004144152)	25.788	349	204	16	1	308	1	335	1.41e-11	64.3
g4445.t1	VFG005862(gb|WP_009659423)	24.149	323	211	14	2	295	6	323	5.90e-10	59.7
g4445.t1	VFG049099(gb|WP_014230054)	27.181	298	174	11	1	260	1	293	1.05e-09	58.9
g4445.t1	VFG018666(gb|WP_012000428)	24.149	323	211	14	2	295	6	323	1.12e-09	58.9
g4445.t1	VFG016309(gb|WP_001084641)	25.909	220	142	8	3	203	4	221	1.22e-09	58.5
g4445.t1	VFG016310(gb|WP_001084646)	25.909	220	142	8	3	203	4	221	1.25e-09	58.5
g4445.t1	VFG016308(gb|WP_001084666)	25.909	220	142	8	3	203	4	221	1.50e-09	58.2
g4445.t1	VFG050191(gb|WP_001084667)	25.909	220	142	8	3	203	4	221	1.83e-09	58.2
g4445.t1	VFG016307(gb|WP_001084657)	25.455	220	143	8	3	203	4	221	2.68e-09	57.4
g4445.t1	VFG013369(gb|WP_011272256)	24.643	280	182	10	3	255	8	285	3.05e-09	57.4
g4445.t1	VFG045306(gb|WP_010946495)	25.357	280	174	13	2	251	24	298	6.50e-09	56.6
g4445.t1	VFG049098(gb|WP_014838941)	26.780	295	179	11	1	260	1	293	8.90e-09	55.8
g4445.t1	VFG013288(gb|WP_011961728)	29.630	162	99	6	1	149	1	160	1.38e-08	55.5
g4445.t1	VFG017774(gb|WP_011989860)	24.126	286	182	12	1	261	1	276	2.08e-08	54.7
g4445.t1	VFG047193(gb|WP_014550124)	24.324	222	140	8	2	218	4	202	2.85e-08	53.9
g4445.t1	VFG047189(gb|WP_003014975)	23.318	223	141	6	2	218	4	202	4.87e-08	53.1
g4445.t1	VFG047187(gb|WP_012429808)	23.318	223	141	6	2	218	4	202	5.54e-08	53.1
g4445.t1	VFG046638(gb|WP_003034368)	25.085	295	176	12	2	259	4	290	5.97e-08	53.5
g4445.t1	VFG016378(gb|WP_000686358)	25.197	254	161	12	1	242	1	237	6.22e-08	53.1
g4445.t1	VFG011807(gb|WP_002867398)	24.739	287	179	13	1	261	1	276	7.50e-08	53.1
g4445.t1	VFG002028(gb|YP_002344542)	24.739	287	179	13	1	261	1	276	8.07e-08	53.1
g4445.t1	VFG011824(gb|WP_002856483)	24.739	287	179	13	1	261	1	276	9.67e-08	52.8
g4445.t1	VFG038016(gb|WP_001083066)	23.699	346	212	13	4	325	19	336	1.09e-07	52.8
g4445.t1	VFG016390(gb|WP_001109538)	25.681	257	159	10	4	232	13	265	1.24e-07	52.4
g4445.t1	VFG013154(gb|WP_012340419)	24.211	190	129	5	1	176	1	189	2.03e-07	52.0
g4445.t1	VFG002361(gb|WP_011816867)	25.000	268	157	11	1	230	1	262	2.13e-07	51.6
g4445.t1	VFG046650(gb|WP_014549990)	24.746	295	177	12	2	259	4	290	2.13e-07	51.6
g4445.t1	VFG006022(gb|WP_002947383)	25.200	250	156	11	2	225	6	250	2.29e-07	51.6
g4445.t1	VFG002374(gb|WP_005167728)	21.053	266	178	9	1	247	1	253	2.45e-07	51.2
g4445.t1	VFG019018(gb|WP_192575220)	22.321	224	159	6	1	220	3	215	2.59e-07	51.6
g4445.t1	VFG018022(gb|WP_002877123)	23.427	286	184	12	1	261	1	276	3.53e-07	50.8
g4445.t1	VFG013291(gb|WP_011608942)	26.178	191	124	7	1	176	1	189	4.37e-07	50.8
g4445.t1	VFG001310(gb|WP_001230668)	23.009	226	138	7	3	217	5	205	4.60e-07	50.4
g4445.t1	VFG046645(gb|WP_003020694)	24.746	295	177	12	2	259	4	290	1.27e-06	49.3
g4445.t1	VFG046640(gb|WP_003016720)	24.746	295	177	12	2	259	4	290	1.35e-06	49.3
g4445.t1	VFG005973(gb|WP_002263087)	23.765	324	211	15	2	295	6	323	1.40e-06	49.3
g4445.t1	VFG046643(gb|WP_003025501)	24.746	295	177	12	2	259	4	290	1.52e-06	49.3
g4445.t1	VFG038092(gb|YP_001083162)	28.750	160	94	5	65	205	20	178	6.77e-06	47.0
g870.t1	VFG045309(gb|WP_010946498)	21.937	351	220	14	2	334	3	317	1.94e-12	67.0
g870.t1	VFG047143(gb|WP_011733708)	24.706	340	206	13	4	328	15	319	3.49e-11	63.2
g870.t1	VFG047147(gb|WP_003027881)	24.412	340	207	13	4	328	15	319	9.13e-11	62.0
g870.t1	VFG047144(gb|WP_010030803)	24.412	340	207	13	4	328	15	319	9.65e-11	62.0
g870.t1	VFG047149(gb|WP_003029668)	24.118	340	208	13	4	328	15	319	3.97e-10	60.1
g870.t1	VFG038045(gb|WP_000697856)	27.128	188	113	7	1	177	1	175	1.15e-09	58.5
g870.t1	VFG019788(gb|WP_016253165)	23.599	339	213	11	3	326	6	313	6.45e-09	56.2
g870.t1	VFG002374(gb|WP_005167728)	23.643	258	168	11	1	247	1	240	6.84e-07	50.1
g870.t1	VFG014133(gb|WP_012075037)	21.802	344	227	13	2	332	3	317	1.08e-06	49.7
g870.t1	VFG049107(gb|WP_015958694)	22.409	357	220	14	1	328	1	329	8.08e-06	47.0
