g365.t1	VFG016489(gb|WP_011264744)	31.206	141	88	4	10	149	12	144	1.61e-09	60.5
g365.t1	VFG016493(gb|WP_011283803)	33.088	136	79	5	12	145	14	139	1.73e-09	60.5
g365.t1	VFG016491(gb|WP_011076858)	32.847	137	82	4	10	145	12	139	7.16e-09	58.5
g365.t1	VFG016486(gb|WP_011206373)	32.353	136	80	6	12	145	20	145	7.41e-09	58.5
g365.t1	VFG016490(gb|NP_975163)	32.609	138	81	5	10	145	12	139	8.64e-09	58.2
g365.t1	VFG016483(gb|WP_010875022)	33.094	139	75	5	12	145	14	139	1.05e-08	57.8
g365.t1	VFG016492(gb|WP_010925206)	31.159	138	83	5	10	145	12	139	1.15e-08	57.8
g365.t1	VFG016488(gb|WP_011284269)	31.111	135	83	5	12	145	20	145	1.17e-08	57.8
g365.t1	VFG046475(gb|WP_013922406)	29.197	137	87	3	10	145	12	139	2.18e-08	57.0
g365.t1	VFG016484(gb|WP_009885583)	31.915	141	78	5	10	145	12	139	2.41e-08	56.6
g365.t1	VFG046467(gb|WP_014548920)	29.630	135	85	3	12	145	14	139	5.35e-08	55.5
g365.t1	VFG046458(gb|WP_003024794)	29.630	135	85	3	12	145	14	139	5.54e-08	55.5
g365.t1	VFG046465(gb|WP_003028672)	29.630	135	85	3	12	145	14	139	5.59e-08	55.5
g365.t1	VFG016494(gb|WP_004024476)	31.884	138	78	6	12	145	14	139	5.82e-08	55.5
g365.t1	VFG046459(gb|WP_004287053)	28.777	139	81	4	12	145	14	139	9.88e-08	54.7
g365.t1	VFG046474(gb|WP_014714676)	28.777	139	81	4	12	145	14	139	1.05e-07	54.7
g365.t1	VFG016485(gb|WP_011113468)	32.143	140	79	6	10	145	12	139	1.59e-07	54.3
g1490.t1	VFG016491(gb|WP_011076858)	30.319	188	116	5	15	197	14	191	4.45e-11	65.1
g1490.t1	VFG016489(gb|WP_011264744)	30.303	132	90	2	15	145	14	144	1.09e-10	63.9
g1490.t1	VFG016490(gb|NP_975163)	30.556	144	97	2	15	157	14	155	1.86e-10	63.2
g1490.t1	VFG016492(gb|WP_010925206)	32.061	131	84	4	15	143	14	141	3.43e-10	62.4
g1490.t1	VFG016483(gb|WP_010875022)	33.333	132	77	3	15	141	14	139	3.95e-10	62.4
g1490.t1	VFG016493(gb|WP_011283803)	32.061	131	84	4	15	143	14	141	3.99e-10	62.4
g1490.t1	VFG016486(gb|WP_011206373)	32.558	129	82	4	15	141	20	145	4.23e-10	62.4
g1490.t1	VFG016488(gb|WP_011284269)	32.061	131	80	4	15	141	20	145	7.76e-10	61.2
g1490.t1	VFG016484(gb|WP_009885583)	32.576	132	78	3	15	141	14	139	9.73e-10	61.2
g1490.t1	VFG046475(gb|WP_013922406)	29.688	128	87	2	15	141	14	139	3.65e-09	59.3
g1490.t1	VFG016494(gb|WP_004024476)	30.827	133	83	4	15	143	14	141	5.56e-09	58.5
g1490.t1	VFG016485(gb|WP_011113468)	32.331	133	77	4	15	141	14	139	6.94e-09	58.5
g1490.t1	VFG046458(gb|WP_003024794)	29.545	132	82	3	15	141	14	139	6.94e-09	58.5
g1490.t1	VFG046467(gb|WP_014548920)	29.545	132	82	3	15	141	14	139	7.00e-09	58.5
g1490.t1	VFG046465(gb|WP_003028672)	29.545	132	82	3	15	141	14	139	7.06e-09	58.5
g1490.t1	VFG046459(gb|WP_004287053)	29.545	132	82	3	15	141	14	139	1.49e-08	57.4
g1490.t1	VFG046474(gb|WP_014714676)	29.545	132	82	3	15	141	14	139	1.52e-08	57.4
g674.t1	VFG016489(gb|WP_011264744)	29.545	132	91	2	15	145	14	144	1.52e-10	63.5
g674.t1	VFG016491(gb|WP_011076858)	32.593	135	78	4	15	143	14	141	2.43e-10	62.8
g674.t1	VFG016483(gb|WP_010875022)	33.333	132	77	3	15	141	14	139	1.03e-09	60.8
g674.t1	VFG016490(gb|NP_975163)	32.215	149	93	5	1	146	1	144	1.54e-09	60.5
g674.t1	VFG016493(gb|WP_011283803)	31.298	131	85	4	15	143	14	141	1.61e-09	60.5
g674.t1	VFG016492(gb|WP_010925206)	30.534	131	86	4	15	143	14	141	1.88e-09	60.1
g674.t1	VFG016484(gb|WP_009885583)	32.576	132	78	3	15	141	14	139	2.39e-09	59.7
g674.t1	VFG016488(gb|WP_011284269)	30.469	128	86	3	15	141	20	145	3.89e-09	59.3
g674.t1	VFG016486(gb|WP_011206373)	30.469	128	86	3	15	141	20	145	4.10e-09	59.3
g674.t1	VFG046475(gb|WP_013922406)	29.688	128	87	2	15	141	14	139	9.11e-09	58.2
g674.t1	VFG046467(gb|WP_014548920)	29.545	132	82	3	15	141	14	139	1.15e-08	57.8
g674.t1	VFG046458(gb|WP_003024794)	29.545	132	82	3	15	141	14	139	1.15e-08	57.8
g674.t1	VFG046465(gb|WP_003028672)	29.545	132	82	3	15	141	14	139	1.19e-08	57.8
g674.t1	VFG016485(gb|WP_011113468)	29.457	129	86	3	15	141	14	139	2.16e-08	57.0
g674.t1	VFG046474(gb|WP_014714676)	29.545	132	82	3	15	141	14	139	2.31e-08	56.6
g674.t1	VFG046459(gb|WP_004287053)	29.545	132	82	3	15	141	14	139	2.38e-08	56.6
g674.t1	VFG016494(gb|WP_004024476)	29.323	133	85	4	15	143	14	141	2.63e-08	56.6
g2105.t1	VFG016493(gb|WP_011283803)	32.117	137	80	6	12	146	14	139	8.81e-11	64.3
g2105.t1	VFG016489(gb|WP_011264744)	30.000	140	88	4	12	150	14	144	1.09e-10	63.9
g2105.t1	VFG046465(gb|WP_003028672)	30.000	140	79	5	12	146	14	139	1.16e-10	63.9
g2105.t1	VFG016491(gb|WP_011076858)	30.882	136	83	4	12	146	14	139	1.18e-10	63.9
g2105.t1	VFG046458(gb|WP_003024794)	30.000	140	79	5	12	146	14	139	1.22e-10	63.9
g2105.t1	VFG046467(gb|WP_014548920)	30.000	140	79	5	12	146	14	139	1.26e-10	63.9
g2105.t1	VFG016490(gb|NP_975163)	33.333	138	77	6	12	146	14	139	1.26e-10	63.9
g2105.t1	VFG016492(gb|WP_010925206)	32.117	137	80	6	12	146	14	139	1.38e-10	63.9
g2105.t1	VFG016483(gb|WP_010875022)	32.143	140	76	5	12	146	14	139	1.77e-10	63.5
g2105.t1	VFG046475(gb|WP_013922406)	30.147	136	84	4	12	146	14	139	1.80e-10	63.5
g2105.t1	VFG046474(gb|WP_014714676)	30.000	140	79	5	12	146	14	139	2.46e-10	62.8
g2105.t1	VFG046459(gb|WP_004287053)	30.000	140	79	5	12	146	14	139	2.69e-10	62.8
g2105.t1	VFG016488(gb|WP_011284269)	30.882	136	83	5	12	146	20	145	4.31e-10	62.4
g2105.t1	VFG016484(gb|WP_009885583)	31.429	140	77	5	12	146	14	139	4.41e-10	62.0
g2105.t1	VFG016486(gb|WP_011206373)	30.882	136	83	5	12	146	20	145	4.54e-10	62.0
g2105.t1	VFG016485(gb|WP_011113468)	29.927	137	83	5	12	146	14	139	7.46e-09	58.2
g2105.t1	VFG016494(gb|WP_004024476)	29.496	139	81	6	12	146	14	139	9.61e-09	57.8
g4348.t1	VFG016490(gb|NP_975163)	36.496	137	73	6	12	145	14	139	3.62e-11	65.5
g4348.t1	VFG016489(gb|WP_011264744)	30.935	139	87	4	12	149	14	144	5.09e-11	65.1
g4348.t1	VFG016486(gb|WP_011206373)	34.058	138	75	6	12	145	20	145	6.18e-11	64.7
g4348.t1	VFG016493(gb|WP_011283803)	33.088	136	79	6	12	145	14	139	6.18e-11	64.7
g4348.t1	VFG016488(gb|WP_011284269)	32.593	135	81	5	12	145	20	145	6.23e-11	64.7
g4348.t1	VFG016492(gb|WP_010925206)	33.088	136	79	6	12	145	14	139	8.35e-11	64.3
g4348.t1	VFG016483(gb|WP_010875022)	33.094	139	75	5	12	145	14	139	1.99e-10	63.2
g4348.t1	VFG016491(gb|WP_011076858)	31.852	135	82	3	12	145	14	139	3.99e-10	62.4
g4348.t1	VFG016484(gb|WP_009885583)	32.374	139	76	5	12	145	14	139	4.94e-10	62.0
g4348.t1	VFG016494(gb|WP_004024476)	31.159	138	79	6	12	145	14	139	2.78e-09	59.7
g4348.t1	VFG016485(gb|WP_011113468)	32.143	140	75	5	12	145	14	139	7.59e-09	58.2
g4348.t1	VFG046465(gb|WP_003028672)	30.216	139	79	5	12	145	14	139	8.00e-09	58.2
g4348.t1	VFG046458(gb|WP_003024794)	30.216	139	79	5	12	145	14	139	8.28e-09	58.2
g4348.t1	VFG046467(gb|WP_014548920)	30.216	139	79	5	12	145	14	139	8.58e-09	58.2
g4348.t1	VFG046475(gb|WP_013922406)	30.216	139	79	5	12	145	14	139	1.01e-08	57.8
g4348.t1	VFG046459(gb|WP_004287053)	30.216	139	79	5	12	145	14	139	1.70e-08	57.0
g4348.t1	VFG046474(gb|WP_014714676)	30.216	139	79	5	12	145	14	139	1.72e-08	57.0
g3212.t1	VFG016489(gb|WP_011264744)	31.655	139	86	4	12	149	14	144	8.53e-11	64.3
g3212.t1	VFG016493(gb|WP_011283803)	33.088	136	79	5	12	145	14	139	6.58e-10	61.6
g3212.t1	VFG016483(gb|WP_010875022)	33.813	139	74	5	12	145	14	139	1.46e-09	60.5
g3212.t1	VFG016488(gb|WP_011284269)	31.387	137	84	5	12	147	20	147	2.59e-09	59.7
g3212.t1	VFG016486(gb|WP_011206373)	31.387	137	84	5	12	147	20	147	2.90e-09	59.7
g3212.t1	VFG016491(gb|WP_011076858)	33.571	140	73	5	12	145	14	139	3.33e-09	59.3
g3212.t1	VFG016492(gb|WP_010925206)	31.159	138	83	5	12	147	14	141	3.36e-09	59.3
g3212.t1	VFG016490(gb|NP_975163)	35.036	137	75	6	12	145	14	139	3.53e-09	59.3
g3212.t1	VFG016484(gb|WP_009885583)	33.094	139	75	5	12	145	14	139	3.91e-09	59.3
g3212.t1	VFG016494(gb|WP_004024476)	31.159	138	79	6	12	145	14	139	2.87e-08	56.6
g3212.t1	VFG046475(gb|WP_013922406)	31.387	137	80	5	12	145	14	139	5.22e-08	55.5
g3212.t1	VFG046467(gb|WP_014548920)	30.496	141	76	6	12	145	14	139	7.35e-08	55.1
g3212.t1	VFG046458(gb|WP_003024794)	30.496	141	76	6	12	145	14	139	7.35e-08	55.1
g3212.t1	VFG046465(gb|WP_003028672)	30.496	141	76	6	12	145	14	139	7.61e-08	55.1
g3212.t1	VFG016485(gb|WP_011113468)	30.147	136	83	5	12	145	14	139	1.52e-07	54.3
g3212.t1	VFG046474(gb|WP_014714676)	30.496	141	76	6	12	145	14	139	1.63e-07	53.9
g3212.t1	VFG046459(gb|WP_004287053)	30.496	141	76	6	12	145	14	139	1.66e-07	53.9
