g3967.t1	VFG013573(gb|WP_011608934)	33.818	275	156	6	17	278	14	275	4.46e-44	155
g3967.t1	VFG013192(gb|WP_012340414)	33.818	275	156	6	17	278	14	275	4.46e-44	155
g3967.t1	VFG006259(gb|WP_003687540)	35.849	265	157	5	2	263	5	259	8.40e-44	155
g3967.t1	VFG036559(gb|WP_013449339)	37.308	260	150	5	7	263	10	259	1.41e-43	154
g3967.t1	VFG000344(gb|WP_005693820)	34.884	258	151	5	1	252	11	257	1.74e-43	154
g3967.t1	VFG013572(gb|WP_080334646)	35.178	253	147	5	1	247	6	247	2.22e-43	154
g3967.t1	VFG013571(gb|WP_032821670)	34.884	258	151	5	1	252	11	257	2.56e-43	154
g3967.t1	VFG030686(gb|YP_001702115)	37.295	244	145	3	2	245	4	239	5.74e-43	154
g3967.t1	VFG030679(gb|WP_011730288)	37.190	242	148	2	2	243	4	241	7.46e-43	154
g3967.t1	VFG030700(gb|WP_005098896)	36.885	244	146	3	2	245	4	239	1.57e-42	152
g3967.t1	VFG030694(gb|WP_013471930)	37.447	235	142	3	9	242	7	237	2.60e-42	152
g3967.t1	VFG030706(gb|WP_005059672)	36.885	244	146	3	2	245	4	239	2.72e-42	152
g3967.t1	VFG030678(gb|WP_011894706)	37.447	235	142	3	9	242	7	237	3.27e-42	152
g3967.t1	VFG001206(gb|WP_002219640)	35.094	265	159	5	2	263	5	259	4.13e-42	150
g3967.t1	VFG036553(gb|WP_014581175)	35.094	265	159	5	2	263	5	259	4.35e-42	150
g3967.t1	VFG036552(gb|WP_002214252)	35.094	265	159	5	2	263	5	259	4.54e-42	150
g3967.t1	VFG030673(gb|WP_010908121)	38.589	241	140	4	2	242	4	236	4.67e-42	151
g3967.t1	VFG030692(gb|WP_013828150)	37.449	243	146	3	1	243	1	237	6.66e-42	150
g3967.t1	VFG030695(gb|WP_014941456)	37.344	241	143	3	2	242	4	236	6.85e-42	151
g3967.t1	VFG030696(gb|WP_014711073)	37.344	241	143	3	2	242	4	236	7.14e-42	151
g3967.t1	VFG030699(gb|WP_009957422)	37.344	241	143	3	2	242	4	236	7.21e-42	151
g3967.t1	VFG030722(gb|WP_020821925)	37.344	241	143	3	2	242	4	236	7.29e-42	151
g3967.t1	VFG030697(gb|WP_014382019)	37.344	241	143	3	2	242	4	236	7.52e-42	151
g3967.t1	VFG030684(gb|WP_011781637)	37.344	241	143	3	2	242	4	236	1.04e-41	150
g3967.t1	VFG030724(gb|WP_015308640)	37.344	241	143	4	2	242	4	236	1.11e-41	150
g3967.t1	VFG036556(gb|WP_014581848)	35.094	265	159	5	2	263	5	259	1.18e-41	149
g3967.t1	VFG030676(gb|WP_011724098)	37.344	241	143	3	2	242	4	236	1.55e-41	150
g3967.t1	VFG030680(gb|WP_011856409)	37.759	241	142	4	2	242	4	236	1.67e-41	150
g3967.t1	VFG030675(gb|WP_003875535)	37.344	241	143	3	2	242	4	236	1.67e-41	150
g3967.t1	VFG030681(gb|WP_011561359)	37.759	241	142	4	2	242	4	236	1.83e-41	150
g3967.t1	VFG030671(gb|NP_215754)	36.929	241	144	3	2	242	4	236	2.61e-40	147
g3967.t1	VFG030705(gb|WP_015356778)	35.685	241	147	3	2	242	4	236	5.36e-40	146
g3967.t1	VFG030691(gb|WP_012395776)	35.685	241	147	3	2	242	4	236	5.36e-40	146
g3967.t1	VFG030704(gb|WP_015292799)	36.515	241	145	3	2	242	4	236	1.03e-39	145
g3967.t1	VFG030689(gb|WP_014000675)	36.515	241	145	3	2	242	4	236	1.19e-39	145
g3967.t1	VFG030715(gb|YP_007957369)	36.100	241	146	3	2	242	4	236	4.75e-38	141
g3967.t1	VFG007238(gb|WP_000379797)	32.444	225	133	5	16	229	29	245	1.91e-28	112
g3967.t1	VFG021855(gb|WP_011726608)	29.358	218	138	2	22	230	28	238	2.78e-27	108
g3967.t1	VFG023853(gb|WP_026071342)	30.350	257	157	6	2	244	6	254	6.95e-26	106
g3967.t1	VFG013727(gb|WP_004566911)	33.168	202	132	2	22	221	29	229	7.67e-26	105
g3967.t1	VFG023850(gb|WP_043955033)	31.050	219	143	4	2	220	6	216	3.14e-25	104
g3967.t1	VFG044213(gb|WP_000403742)	29.130	230	154	3	24	249	19	243	5.00e-25	102
g3967.t1	VFG050113(gb|WP_000590108)	28.395	243	156	8	1	241	1	227	1.65e-24	101
g3967.t1	VFG007914(gb|WP_011780329)	31.019	216	145	3	13	228	14	225	1.88e-24	102
g3967.t1	VFG001269(gb|WP_010929996)	30.705	241	139	7	2	230	471	695	3.52e-24	104
g3967.t1	VFG037392(gb|WP_000582124)	28.054	221	150	3	1	219	1	214	8.17e-24	99.0
g3967.t1	VFG022453(gb|WP_012393578)	27.315	216	153	3	21	236	22	233	9.07e-24	100
g3967.t1	VFG044362(gb|WP_033111968)	30.392	204	128	4	25	220	23	220	1.05e-23	99.0
g3967.t1	VFG009587(gb|WP_011731354)	35.135	222	131	6	22	236	347	562	1.14e-23	102
g3967.t1	VFG008825(gb|WP_015355163)	27.315	216	153	3	21	236	22	233	1.16e-23	100
g3967.t1	VFG007912(gb|WP_011740072)	27.315	216	153	3	21	236	22	233	1.22e-23	100
g3967.t1	VFG013730(gb|WP_010934773)	29.032	217	136	4	24	229	23	232	1.38e-23	99.0
g3967.t1	VFG037384(gb|WP_000582117)	27.602	221	151	3	1	219	1	214	3.22e-23	97.4
g3967.t1	VFG044105(gb|WP_010922614)	27.273	231	159	4	2	229	8	232	5.01e-23	97.4
g3967.t1	VFG008678(gb|WP_041321021)	32.420	219	140	4	2	220	6	216	5.12e-23	98.2
g3967.t1	VFG037390(gb|WP_000582116)	27.602	221	151	3	1	219	1	214	5.47e-23	96.7
g3967.t1	VFG007915(gb|WP_011560224)	28.829	222	149	4	7	228	18	230	5.58e-23	99.0
g3967.t1	VFG037386(gb|WP_000582115)	27.602	221	151	3	1	219	1	214	6.17e-23	96.7
g3967.t1	VFG007909(gb|WP_003876146)	31.660	259	151	7	2	244	6	254	9.06e-23	97.4
g3967.t1	VFG023849(gb|WP_013471676)	28.413	271	175	5	17	284	15	269	9.62e-23	97.8
g3967.t1	VFG023851(gb|WP_036428980)	32.420	219	140	4	2	220	6	216	1.07e-22	97.4
g3967.t1	VFG012478(gb|WP_000376544)	30.374	214	142	4	22	232	485	694	1.19e-22	99.8
g3967.t1	VFG033884(gb|WP_000376541)	30.374	214	142	4	22	232	485	694	1.21e-22	99.8
g3967.t1	VFG000907(gb|WP_000376545)	30.374	214	142	4	22	232	485	694	1.44e-22	99.8
g3967.t1	VFG012480(gb|WP_000376543)	30.374	214	142	4	22	232	485	694	1.46e-22	99.8
g3967.t1	VFG022793(gb|WP_013828472)	34.978	223	135	7	2	221	332	547	1.49e-22	99.4
g3967.t1	VFG021792(gb|WP_013241846)	29.767	215	138	4	22	229	32	240	1.51e-22	95.9
g3967.t1	VFG007913(gb|WP_011894249)	30.698	215	142	4	17	228	15	225	1.52e-22	97.1
g3967.t1	VFG033885(gb|WP_000376538)	30.374	214	142	4	22	232	485	694	1.97e-22	99.4
g3967.t1	VFG013728(gb|WP_011273788)	31.034	203	127	4	25	220	24	220	2.72e-22	95.1
g3967.t1	VFG009586(gb|WP_011741578)	32.759	232	146	6	2	230	332	556	4.49e-22	97.8
g3967.t1	VFG024072(gb|WP_014384095)	32.917	240	152	6	2	236	331	566	4.72e-22	97.8
g3967.t1	VFG024071(gb|WP_009952859)	32.917	240	152	6	2	236	331	566	4.99e-22	97.8
g3967.t1	VFG044310(gb|WP_006486076)	27.014	211	150	2	22	229	23	232	5.05e-22	94.7
g3967.t1	VFG026736(gb|WP_015356663)	32.759	232	146	6	2	230	332	556	5.16e-22	97.8
g3967.t1	VFG022787(gb|WP_012395627)	32.759	232	146	6	2	230	332	556	5.21e-22	97.8
g3967.t1	VFG024069(gb|WP_014941520)	32.917	240	152	6	2	236	331	566	5.58e-22	97.4
g3967.t1	VFG038918(gb|WP_164927583)	30.952	210	138	4	24	230	491	696	5.98e-22	97.8
g3967.t1	VFG024070(gb|WP_014711102)	32.917	240	152	6	2	236	331	566	8.38e-22	97.1
g3967.t1	VFG044173(gb|WP_005477430)	28.505	214	144	3	22	230	17	226	8.82e-22	93.6
g3967.t1	VFG013731(gb|WP_005291888)	28.846	208	132	2	31	229	49	249	1.54e-21	93.2
g3967.t1	VFG021794(gb|WP_013240890)	26.047	215	143	3	25	230	43	250	2.45e-21	92.8
g3967.t1	VFG008680(gb|WP_015309619)	27.313	227	156	4	2	228	8	225	2.48e-21	93.6
g3967.t1	VFG037395(gb|YP_005799714)	29.730	185	126	2	37	219	4	186	3.36e-21	91.3
g3967.t1	VFG007255(gb|WP_000615308)	27.928	222	151	3	1	220	1	215	4.27e-21	91.7
g3967.t1	VFG007258(gb|WP_011081097)	29.279	222	148	4	1	220	1	215	4.32e-21	91.3
g3967.t1	VFG005775(gb|WP_000403526)	32.086	187	120	4	19	203	15	196	5.04e-21	92.4
g3967.t1	VFG026731(gb|WP_005058854)	31.250	208	120	7	25	221	353	548	5.26e-21	94.7
g3967.t1	VFG013733(gb|WP_003854229)	28.311	219	134	5	23	229	21	228	6.04e-21	91.3
g3967.t1	VFG009585(gb|WP_011724227)	33.790	219	138	5	15	230	341	555	6.27e-21	94.4
g3967.t1	VFG022788(gb|YP_001702996)	31.250	208	120	7	25	221	353	548	6.44e-21	94.4
g3967.t1	VFG026735(gb|WP_015292877)	32.735	223	140	6	2	221	332	547	8.60e-21	94.0
g3967.t1	VFG013734(gb|WP_011013698)	28.311	219	134	5	23	229	21	228	9.15e-21	90.9
g3967.t1	VFG009584(gb|WP_003873185)	32.759	232	146	6	2	230	331	555	1.01e-20	94.0
g3967.t1	VFG034066(gb|WP_001296192)	29.778	225	151	4	10	231	318	538	1.08e-20	93.6
g3967.t1	VFG007259(gb|WP_011151970)	28.829	222	149	4	1	220	1	215	1.31e-20	90.1
g3967.t1	VFG048486(gb|WP_004223579)	25.943	212	149	3	23	229	24	232	1.48e-20	90.1
g3967.t1	VFG007904(gb|NP_217452)	29.167	192	128	4	21	210	24	209	1.53e-20	91.3
g3967.t1	VFG008823(gb|WP_015291060)	29.167	192	128	4	21	210	24	209	1.55e-20	91.3
g3967.t1	VFG007907(gb|WP_003414846)	29.167	192	128	4	21	210	24	209	1.55e-20	91.3
g3967.t1	VFG008835(gb|WP_009939128)	29.167	192	128	4	21	210	24	209	1.77e-20	91.3
g3967.t1	VFG003387(gb|WP_012413641)	29.778	225	151	4	10	231	318	538	2.14e-20	92.8
g3967.t1	VFG002747(gb|WP_001327262)	29.778	225	151	4	10	231	318	538	2.16e-20	92.8
g3967.t1	VFG044326(gb|WP_001327262)	29.778	225	151	4	10	231	318	538	2.16e-20	92.8
g3967.t1	VFG034073(gb|WP_014640167)	29.778	225	151	4	10	231	318	538	2.16e-20	92.8
g3967.t1	VFG012539(gb|WP_001327262)	29.778	225	151	4	10	231	318	538	2.16e-20	92.8
g3967.t1	VFG000365(gb|WP_002214412)	29.778	225	151	4	10	231	318	538	2.20e-20	92.8
g3967.t1	VFG046110(gb|WP_001317926)	29.778	225	151	4	10	231	318	538	2.28e-20	92.8
g3967.t1	VFG012541(gb|WP_001327954)	29.778	225	151	4	10	231	318	538	2.28e-20	92.8
g3967.t1	VFG034058(gb|WP_001386872)	29.778	225	151	4	10	231	318	538	2.32e-20	92.8
g3967.t1	VFG034064(gb|WP_001304268)	29.778	225	151	4	10	231	318	538	2.37e-20	92.8
g3967.t1	VFG048488(gb|WP_002893737)	24.545	220	142	2	23	229	24	232	2.62e-20	89.4
g3967.t1	VFG003506(gb|WP_042661463)	29.333	225	152	4	10	231	318	538	4.22e-20	92.0
g3967.t1	VFG026734(gb|WP_015289787)	31.839	223	142	6	2	221	332	547	4.45e-20	92.0
g3967.t1	VFG048480(gb|WP_014837773)	24.359	234	148	3	5	225	11	228	4.78e-20	89.0
g3967.t1	VFG013252(gb|WP_010945439)	29.148	223	142	5	16	230	353	567	4.95e-20	91.7
g3967.t1	VFG048570(gb|WP_014907270)	29.333	225	152	4	10	231	318	538	5.61e-20	91.7
g3967.t1	VFG044358(gb|WP_013317301)	26.471	204	134	3	22	216	19	215	6.20e-20	88.6
g3967.t1	VFG009579(gb|NP_215865)	32.287	223	141	6	2	221	332	547	6.43e-20	91.3
g3967.t1	VFG048483(gb|WP_012542491)	24.091	220	143	2	23	229	24	232	7.57e-20	88.2
g3967.t1	VFG013248(gb|WP_010868928)	28.889	225	138	6	16	229	358	571	8.27e-20	91.3
g3967.t1	VFG013250(gb|WP_005687513)	29.333	225	137	6	16	229	358	571	8.50e-20	90.9
g3967.t1	VFG013249(gb|WP_011271803)	29.333	225	137	6	16	229	358	571	9.40e-20	90.9
g3967.t1	VFG016112(gb|WP_171053477)	26.577	222	155	5	10	229	341	556	9.75e-20	90.9
g3967.t1	VFG013253(gb|WP_011609176)	30.455	220	145	5	15	230	352	567	1.36e-19	90.5
g3967.t1	VFG013251(gb|WP_012054790)	29.333	225	137	6	16	229	358	571	1.39e-19	90.5
g3967.t1	VFG048481(gb|WP_014228352)	23.932	234	149	3	5	225	11	228	1.45e-19	87.4
g3967.t1	VFG016167(gb|WP_004665393)	27.317	205	141	3	22	218	19	223	1.45e-19	87.4
g3967.t1	VFG013149(gb|WP_041605303)	30.455	220	145	5	15	230	352	567	1.56e-19	90.1
g3967.t1	VFG026750(gb|WP_020822015)	32.083	240	151	7	2	236	331	563	2.36e-19	89.7
g3967.t1	VFG018671(gb|WP_012000441)	26.606	218	139	4	14	228	39	238	2.60e-19	88.6
g3967.t1	VFG048489(gb|WP_012968728)	23.636	220	144	2	23	229	24	232	3.01e-19	86.7
g3967.t1	VFG013732(gb|WP_006769637)	28.378	222	146	4	11	225	12	227	3.08e-19	86.7
g3967.t1	VFG048569(gb|WP_014229381)	29.778	225	151	4	10	231	318	538	3.12e-19	89.4
g3967.t1	VFG016166(gb|WP_003372869)	25.778	225	156	3	22	243	19	235	3.17e-19	86.3
g3967.t1	VFG020177(gb|WP_000140632)	23.288	219	156	3	18	229	19	232	3.51e-19	86.7
g3967.t1	VFG048568(gb|WP_014838499)	29.778	225	151	4	10	231	318	538	3.57e-19	89.0
g3967.t1	VFG013025(gb|WP_000140630)	23.288	219	156	3	18	229	19	232	3.58e-19	86.3
g3967.t1	VFG048566(gb|WP_014907271)	28.390	236	153	8	2	231	344	569	4.89e-19	89.0
g3967.t1	VFG013026(gb|WP_000140653)	23.041	217	159	3	18	229	19	232	5.03e-19	85.9
g3967.t1	VFG007911(gb|WP_010908851)	26.238	202	141	4	21	220	24	219	5.25e-19	87.0
g3967.t1	VFG044229(gb|WP_011533702)	29.524	210	141	5	22	228	370	575	6.38e-19	88.6
g3967.t1	VFG013021(gb|WP_000140647)	23.288	219	156	3	18	229	19	232	6.48e-19	85.9
g3967.t1	VFG045715(gb|WP_012979218)	32.584	178	116	3	22	199	17	190	6.60e-19	84.3
g3967.t1	VFG015383(gb|WP_011064245)	29.907	214	128	5	1	200	1	206	6.64e-19	85.1
g3967.t1	VFG015380(gb|WP_003136959)	34.043	188	106	5	26	200	25	207	6.70e-19	85.1
g3967.t1	VFG013022(gb|NP_706444)	23.288	219	156	3	18	229	19	232	7.07e-19	85.5
g3967.t1	VFG002059(gb|NP_248763)	34.043	188	106	5	26	200	25	207	7.68e-19	84.7
g3967.t1	VFG015379(gb|WP_011979124)	34.043	188	106	5	26	200	25	207	8.64e-19	84.7
g3967.t1	VFG044143(gb|WP_002209483)	27.511	229	155	6	6	229	337	559	9.55e-19	87.8
g3967.t1	VFG019986(gb|WP_015886547)	32.609	184	110	4	26	200	24	202	1.06e-18	84.3
g3967.t1	VFG016186(gb|WP_005762824)	26.457	223	141	4	18	229	356	566	1.07e-18	87.8
g3967.t1	VFG006065(gb|WP_011227428)	27.536	207	129	4	14	217	39	227	1.24e-18	86.7
g3967.t1	VFG006059(gb|WP_011681436)	27.536	207	129	4	14	217	39	227	1.24e-18	86.7
g3967.t1	VFG044153(gb|WP_011063599)	29.524	210	141	5	16	222	343	548	1.33e-18	87.4
g3967.t1	VFG000925(gb|WP_000140634)	23.288	219	156	3	18	229	19	232	1.34e-18	84.7
g3967.t1	VFG048565(gb|WP_014229380)	28.372	215	146	5	21	231	360	570	1.77e-18	87.0
g3967.t1	VFG044228(gb|WP_044488032)	28.689	244	144	8	2	232	335	561	1.77e-18	87.0
g3967.t1	VFG012538(gb|WP_001350678)	27.966	236	154	8	2	231	344	569	2.22e-18	86.7
g3967.t1	VFG034056(gb|WP_001608389)	27.966	236	154	8	2	231	344	569	2.62e-18	86.7
g3967.t1	VFG000366(gb|WP_002212761)	27.966	236	154	8	2	231	344	569	2.64e-18	86.7
g3967.t1	VFG044325(gb|WP_002212761)	27.966	236	154	8	2	231	344	569	2.64e-18	86.7
g3967.t1	VFG048567(gb|YP_005227763)	27.966	236	154	8	2	231	344	569	2.67e-18	86.7
g3967.t1	VFG034050(gb|WP_001446633)	27.966	236	154	8	2	231	344	569	2.67e-18	86.7
g3967.t1	VFG003507(gb|WP_005168689)	27.966	236	154	8	2	231	344	569	2.82e-18	86.7
g3967.t1	VFG012537(gb|WP_001304269)	27.966	236	154	8	2	231	344	569	2.84e-18	86.7
g3967.t1	VFG034051(gb|WP_014639938)	27.966	236	154	8	2	231	344	569	2.87e-18	86.3
g3967.t1	VFG007257(gb|WP_005482130)	25.676	222	156	3	1	220	1	215	3.07e-18	83.6
g3967.t1	VFG035924(gb|WP_000593973)	29.187	209	129	6	1	202	1	197	3.18e-18	82.4
g3967.t1	VFG034041(gb|WP_000654453)	27.966	236	154	8	2	231	344	569	3.41e-18	86.3
g3967.t1	VFG013716(gb|WP_041626280)	25.446	224	158	4	20	240	21	238	3.46e-18	84.0
g3967.t1	VFG044303(gb|WP_001044024)	29.208	202	136	4	22	220	354	551	3.61e-18	86.3
g3967.t1	VFG034049(gb|WP_000654452)	27.966	236	154	8	2	231	344	569	3.74e-18	86.3
g3967.t1	VFG012536(gb|WP_001295637)	27.966	236	154	8	2	231	344	569	3.74e-18	86.3
g3967.t1	VFG012535(gb|WP_001327263)	27.966	236	154	8	2	231	344	569	3.74e-18	86.3
g3967.t1	VFG034048(gb|WP_024256148)	27.966	236	154	8	2	231	344	569	4.21e-18	85.9
g3967.t1	VFG016185(gb|WP_011168851)	28.205	234	154	6	2	230	335	559	5.43e-18	85.5
g3967.t1	VFG005922(gb|WP_011837183)	25.926	216	139	4	14	226	38	235	6.25e-18	84.7
g3967.t1	VFG044281(gb|WP_012367516)	29.557	203	138	4	24	225	28	226	7.33e-18	82.4
g3967.t1	VFG044219(gb|WP_000590068)	25.446	224	158	3	1	222	1	217	7.68e-18	82.4
g3967.t1	VFG033882(gb|WP_000987096)	28.141	199	136	4	22	217	485	679	9.41e-18	85.1
g3967.t1	VFG016184(gb|WP_005762826)	28.440	218	149	4	16	230	346	559	9.81e-18	84.7
g3967.t1	VFG044147(gb|NP_461701)	28.634	227	150	5	1	220	338	559	1.06e-17	85.1
g3967.t1	VFG044147(gb|NP_461701)	28.700	223	135	10	22	231	983	1194	6.68e-12	67.4
g3967.t1	VFG007025(gb|WP_086016961)	26.906	223	138	6	21	231	471	680	1.12e-17	84.7
g3967.t1	VFG037272(gb|WP_001281555)	29.064	203	132	4	2	204	327	517	1.26e-17	84.3
g3967.t1	VFG016027(gb|WP_041168379)	27.232	224	152	4	2	225	336	548	1.55e-17	84.0
g3967.t1	VFG037274(gb|WP_001281538)	29.064	203	132	3	2	204	327	517	1.55e-17	84.0
g3967.t1	VFG046688(gb|WP_041263713)	29.126	206	129	6	20	214	366	565	1.64e-17	84.0
g3967.t1	VFG037277(gb|WP_031967279)	29.064	203	132	3	2	204	318	508	1.76e-17	84.0
g3967.t1	VFG015384(gb|WP_003246989)	30.769	195	117	2	27	208	21	210	1.88e-17	80.9
g3967.t1	VFG000841(gb|WP_000987091)	28.141	199	136	4	22	217	485	679	1.93e-17	84.0
g3967.t1	VFG018924(gb|WP_012229555)	27.542	236	155	8	2	231	344	569	2.26e-17	83.6
g3967.t1	VFG016187(gb|WP_011168850)	25.551	227	145	5	4	219	343	556	2.35e-17	83.6
g3967.t1	VFG007026(gb|WP_155116723)	28.972	214	145	4	21	231	471	680	2.39e-17	84.0
g3967.t1	VFG026714(gb|WP_005058852)	30.000	230	141	9	10	231	621	838	2.85e-17	83.6
g3967.t1	VFG026708(gb|WP_016342533)	30.000	230	141	9	10	231	621	838	2.96e-17	83.6
g3967.t1	VFG048564(gb|WP_014838498)	27.907	215	147	5	21	231	360	570	3.17e-17	83.2
g3967.t1	VFG022781(gb|YP_001702997)	30.275	218	134	8	22	231	631	838	3.68e-17	83.2
g3967.t1	VFG037273(gb|WP_001281554)	28.571	203	133	4	2	204	327	517	3.89e-17	82.8
g3967.t1	VFG046674(gb|WP_012280806)	31.250	208	118	9	2	199	352	544	4.20e-17	82.8
g3967.t1	VFG026722(gb|YP_007957462)	27.014	211	148	4	22	230	629	835	4.65e-17	83.2
g3967.t1	VFG026711(gb|WP_015289786)	27.014	211	148	4	22	230	626	832	4.73e-17	83.2
g3967.t1	VFG037280(gb|WP_001281545)	28.571	203	133	4	2	204	327	517	4.98e-17	82.4
g3967.t1	VFG037278(gb|WP_139161447)	28.079	203	134	3	2	204	318	508	5.12e-17	82.4
g3967.t1	VFG026726(gb|YP_005922613)	27.014	211	148	4	22	230	626	832	5.22e-17	82.8
g3967.t1	VFG009570(gb|NP_215864)	27.014	211	148	4	22	230	626	832	5.22e-17	82.8
g3967.t1	VFG022782(gb|WP_003910332)	27.014	211	148	4	22	230	626	832	5.27e-17	82.8
g3967.t1	VFG013719(gb|WP_011013622)	26.577	222	153	5	1	220	3	216	5.89e-17	80.1
g3967.t1	VFG044172(gb|WP_000622316)	26.809	235	157	4	20	247	15	241	6.92e-17	79.7
g3967.t1	VFG013070(gb|WP_001626196)	26.400	250	162	5	20	262	15	249	7.41e-17	79.7
g3967.t1	VFG026712(gb|WP_015292876)	26.540	211	149	4	22	230	627	833	8.00e-17	82.4
g3967.t1	VFG009576(gb|WP_024637120)	28.505	214	141	7	22	230	636	842	8.40e-17	82.4
g3967.t1	VFG044225(gb|WP_011533698)	28.311	219	148	3	1	217	1	212	8.51e-17	79.3
g3967.t1	VFG026719(gb|WP_025202597)	27.014	211	148	4	22	230	626	832	9.84e-17	82.0
g3967.t1	VFG007023(gb|WP_149591715)	26.457	223	139	6	21	231	471	680	1.03e-16	82.0
g3967.t1	VFG006082(gb|WP_011226326)	25.581	215	139	4	14	225	39	235	1.27e-16	80.9
g3967.t1	VFG009575(gb|WP_003873186)	28.505	214	141	7	22	230	636	842	1.41e-16	81.6
g3967.t1	VFG012510(gb|WP_001298170)	29.787	235	151	8	2	230	963	1189	1.47e-16	81.6
g3967.t1	VFG012510(gb|WP_001298170)	26.923	234	158	6	2	228	341	568	2.28e-13	71.6
g3967.t1	VFG012509(gb|WP_001111200)	29.787	235	151	8	2	230	963	1189	1.54e-16	81.6
g3967.t1	VFG012509(gb|WP_001111200)	26.923	234	158	6	2	228	341	568	2.22e-13	72.0
g3967.t1	VFG033929(gb|WP_001111198)	29.787	235	151	8	2	230	963	1189	1.67e-16	81.6
g3967.t1	VFG033929(gb|WP_001111198)	26.496	234	159	6	2	228	341	568	1.37e-13	72.4
g3967.t1	VFG026710(gb|WP_015302951)	26.540	211	149	4	22	230	626	832	1.77e-16	81.3
g3967.t1	VFG022783(gb|WP_014000720)	26.540	211	149	4	22	230	626	832	1.77e-16	81.3
g3967.t1	VFG012971(gb|WP_011378643)	29.787	235	151	8	2	230	963	1189	1.78e-16	81.3
g3967.t1	VFG012971(gb|WP_011378643)	26.923	234	158	6	2	228	341	568	2.58e-13	71.6
g3967.t1	VFG044110(gb|WP_010929751)	29.493	217	136	6	25	229	21	232	2.14e-16	78.2
g3967.t1	VFG022786(gb|WP_013828471)	27.358	212	146	6	22	230	632	838	2.41e-16	80.9
g3967.t1	VFG013718(gb|WP_011896674)	26.126	222	154	5	1	220	3	216	2.49e-16	78.2
g3967.t1	VFG044295(gb|WP_004243181)	25.551	227	154	5	22	239	25	245	3.27e-16	77.8
g3967.t1	VFG009578(gb|WP_011731355)	26.570	207	146	4	25	229	628	830	3.78e-16	80.1
g3967.t1	VFG016532(gb|NP_975942)	33.077	130	82	3	107	232	123	251	4.09e-16	78.6
g3967.t1	VFG015821(gb|WP_012315374)	26.339	224	154	5	2	225	336	548	5.03e-16	79.3
g3967.t1	VFG037264(gb|WP_020753356)	31.915	188	119	4	21	205	336	517	5.52e-16	79.3
g3967.t1	VFG016026(gb|WP_010954971)	25.909	220	152	4	2	221	336	544	5.62e-16	79.3
g3967.t1	VFG037260(gb|WP_001095752)	31.915	188	119	4	21	205	336	517	5.72e-16	79.3
g3967.t1	VFG037261(gb|YP_001085396)	31.915	188	119	4	21	205	269	450	6.84e-16	79.0
g3967.t1	VFG046673(gb|WP_003039938)	30.645	186	116	7	20	199	366	544	8.50e-16	79.0
g3967.t1	VFG049041(gb|WP_002912371)	25.339	221	150	4	9	229	33	238	8.64e-16	76.3
g3967.t1	VFG012512(gb|WP_001111199)	29.362	235	152	8	2	230	963	1189	9.32e-16	79.3
g3967.t1	VFG012512(gb|WP_001111199)	26.496	234	159	6	2	228	341	568	1.57e-13	72.4
g3967.t1	VFG037266(gb|WP_001090102)	31.915	188	119	4	21	205	336	517	9.50e-16	78.6
g3967.t1	VFG044304(gb|WP_000588838)	25.792	221	139	6	22	230	352	559	9.57e-16	78.6
g3967.t1	VFG012511(gb|WP_001442133)	29.362	235	152	8	2	230	963	1189	1.01e-15	79.0
g3967.t1	VFG012511(gb|WP_001442133)	26.496	234	159	6	2	228	341	568	1.58e-13	72.4
g3967.t1	VFG037387(gb|YP_001085408)	28.070	171	119	2	51	219	2	170	1.50e-15	74.7
g3967.t1	VFG038916(gb|WP_011705263)	30.660	212	140	4	22	230	468	675	1.77e-15	78.2
g3967.t1	VFG015820(gb|WP_012273662)	26.786	224	153	4	2	225	337	549	1.80e-15	77.8
g3967.t1	VFG046680(gb|WP_003020700)	30.645	186	116	7	20	199	366	544	1.89e-15	77.8
g3967.t1	VFG046684(gb|WP_014549988)	30.645	186	116	7	20	199	366	544	1.99e-15	77.8
g3967.t1	VFG049080(gb|YP_005227849)	26.066	211	141	4	9	219	33	228	2.07e-15	75.1
g3967.t1	VFG046675(gb|WP_010031959)	30.645	186	116	7	20	199	366	544	2.07e-15	77.8
g3967.t1	VFG046677(gb|WP_011648738)	30.645	186	116	7	20	199	369	547	2.14e-15	77.8
g3967.t1	VFG013717(gb|WP_006769628)	25.909	220	154	4	2	219	5	217	2.20e-15	75.5
g3967.t1	VFG020068(gb|WP_012723750)	24.554	224	159	3	2	225	336	549	2.34e-15	77.4
g3967.t1	VFG037258(gb|WP_001090101)	31.319	182	117	3	21	199	336	512	2.64e-15	77.4
g3967.t1	VFG026227(gb|WP_004538663)	23.529	323	200	7	8	315	44	334	2.76e-15	77.0
g3967.t1	VFG049084(gb|WP_004175264)	26.066	211	141	4	9	219	33	228	2.82e-15	74.7
g3967.t1	VFG005937(gb|WP_002261978)	24.510	204	133	4	25	225	50	235	3.28e-15	76.6
g3967.t1	VFG048551(gb|WP_011251260)	27.876	226	153	5	10	230	968	1188	3.52e-15	77.4
g3967.t1	VFG048551(gb|WP_011251260)	25.664	226	154	7	2	220	341	559	1.24e-12	69.7
g3967.t1	VFG044135(gb|WP_002209058)	26.168	214	148	3	22	229	27	236	3.74e-15	74.7
g3967.t1	VFG020065(gb|WP_012614134)	24.786	234	137	4	2	221	336	544	4.24e-15	76.6
g3967.t1	VFG016029(gb|WP_011062372)	24.883	213	144	3	16	225	350	549	4.40e-15	76.6
g3967.t1	VFG026219(gb|WP_011544657)	26.271	236	152	5	1	235	1	215	5.26e-15	73.6
g3967.t1	VFG016107(gb|WP_003137474)	29.778	225	147	6	22	242	344	561	6.41e-15	76.3
g3967.t1	VFG013703(gb|WP_011273220)	31.034	203	133	4	30	229	26	224	6.95e-15	73.9
g3967.t1	VFG046678(gb|WP_012429567)	30.645	186	116	7	20	199	366	544	8.17e-15	75.9
g3967.t1	VFG012576(gb|WP_000983716)	28.452	239	154	9	10	242	13	240	1.04e-14	73.6
g3967.t1	VFG013715(gb|WP_010934432)	24.324	222	159	3	1	220	6	220	1.06e-14	73.6
g3967.t1	VFG049076(gb|WP_004852439)	25.592	211	142	4	9	219	33	228	1.15e-14	73.2
g3967.t1	VFG034207(gb|WP_000983720)	27.536	276	176	11	10	275	13	274	1.17e-14	73.6
g3967.t1	VFG044236(gb|WP_011815405)	25.463	216	151	3	20	229	25	236	1.22e-14	73.2
g3967.t1	VFG012578(gb|WP_000983714)	28.452	239	154	9	10	242	13	240	1.54e-14	73.2
g3967.t1	VFG044077(gb|YP_002344985)	25.225	222	158	3	1	219	1	217	1.62e-14	72.8
g3967.t1	VFG012579(gb|WP_000983706)	28.452	239	154	9	10	242	13	240	1.77e-14	72.8
g3967.t1	VFG013045(gb|WP_000983722)	28.452	239	154	9	10	242	13	240	1.84e-14	72.8
g3967.t1	VFG044336(gb|WP_050767835)	27.434	226	154	5	10	230	968	1188	1.85e-14	75.1
g3967.t1	VFG044336(gb|WP_050767835)	26.106	226	153	7	2	220	341	559	3.55e-13	71.2
g3967.t1	VFG022780(gb|WP_012395628)	27.426	237	152	8	1	230	624	847	1.90e-14	75.1
g3967.t1	VFG044091(gb|NP_252096)	31.746	189	119	5	16	199	343	526	1.99e-14	74.7
g3967.t1	VFG013050(gb|WP_000983719)	28.452	239	154	9	10	242	13	240	2.08e-14	72.8
g3967.t1	VFG021788(gb|WP_013241313)	24.434	221	164	1	22	242	22	239	2.48e-14	72.8
g3967.t1	VFG049077(gb|WP_014230053)	25.118	211	143	4	9	219	33	228	2.51e-14	72.0
g3967.t1	VFG034217(gb|WP_000983704)	28.452	239	154	9	10	242	13	240	2.64e-14	72.4
g3967.t1	VFG013049(gb|WP_000983723)	28.452	239	154	9	10	242	13	240	2.72e-14	72.4
g3967.t1	VFG026729(gb|WP_020822014)	28.505	214	141	7	22	230	638	844	3.08e-14	74.3
g3967.t1	VFG034214(gb|WP_000983710)	28.452	239	154	9	10	242	13	240	3.19e-14	72.4
g3967.t1	VFG016540(gb|NP_975950)	32.308	130	82	4	107	232	123	250	3.28e-14	72.8
g3967.t1	VFG015913(gb|WP_011267822)	26.601	203	130	4	21	217	362	551	3.94e-14	73.6
g3967.t1	VFG012580(gb|WP_000983712)	28.452	239	154	9	10	242	13	240	4.04e-14	72.0
g3967.t1	VFG012577(gb|WP_000983702)	28.270	237	153	9	12	242	15	240	4.61e-14	71.6
g3967.t1	VFG044100(gb|NP_253394)	26.160	237	156	7	1	229	1	226	4.81e-14	71.2
g3967.t1	VFG049050(gb|WP_015958690)	25.373	335	204	12	17	335	48	352	6.01e-14	72.8
g3967.t1	VFG013047(gb|WP_000983717)	28.033	239	155	9	10	242	13	240	6.59e-14	71.2
g3967.t1	VFG010864(gb|WP_011215036)	27.933	179	118	4	22	199	17	185	6.91e-14	69.7
g3967.t1	VFG036719(gb|WP_002243173)	24.670	227	149	5	1	226	1	206	7.89e-14	70.1
g3967.t1	VFG016106(gb|WP_012074240)	31.220	205	126	5	22	219	344	540	7.96e-14	72.8
g3967.t1	VFG020087(gb|WP_012613544)	31.280	211	133	7	25	230	348	551	8.44e-14	72.8
g3967.t1	VFG009577(gb|WP_011741579)	27.426	237	152	8	1	230	624	847	9.20e-14	72.8
g3967.t1	VFG044314(gb|WP_012492604)	23.868	243	171	4	2	239	348	581	9.44e-14	72.4
g3967.t1	VFG026713(gb|WP_015356664)	27.004	237	153	8	1	230	624	847	1.26e-13	72.4
g3967.t1	VFG016021(gb|WP_003148545)	25.000	224	157	3	2	225	337	549	1.32e-13	72.0
g3967.t1	VFG044250(gb|WP_005311724)	26.971	241	137	10	22	232	23	254	1.46e-13	70.1
g3967.t1	VFG010862(gb|WP_010946592)	27.374	179	119	4	22	199	17	185	1.54e-13	68.9
g3967.t1	VFG037047(gb|WP_010361246)	29.474	190	114	5	21	203	17	193	1.70e-13	69.7
g3967.t1	VFG010865(gb|WP_011945967)	26.816	179	120	4	22	199	17	185	1.83e-13	68.6
g3967.t1	VFG037062(gb|WP_181778380)	29.474	190	114	5	21	203	17	193	2.25e-13	69.3
g3967.t1	VFG016111(gb|WP_003137473)	30.806	211	134	7	25	230	348	551	3.15e-13	70.9
g3967.t1	VFG006316(gb|WP_002218516)	25.439	228	146	6	1	226	1	206	3.45e-13	68.2
g3967.t1	VFG016110(gb|WP_012074239)	30.332	211	135	7	25	230	348	551	3.94e-13	70.5
g3967.t1	VFG037053(gb|WP_173361995)	30.000	190	113	5	21	203	17	193	4.10e-13	68.6
g3967.t1	VFG026305(gb|WP_009889305)	27.434	226	138	7	1	223	1	203	4.20e-13	67.8
g3967.t1	VFG002228(gb|WP_002963677)	27.317	205	134	4	15	219	42	231	4.32e-13	68.6
g3967.t1	VFG000258(gb|WP_002224750)	25.439	228	146	6	1	226	1	206	4.34e-13	67.8
g3967.t1	VFG037052(gb|WP_002229142)	29.474	190	114	5	21	203	17	193	4.34e-13	68.2
g3967.t1	VFG011493(gb|WP_006189961)	27.317	205	134	4	15	219	42	231	4.61e-13	68.6
g3967.t1	VFG001267(gb|NP_252913)	30.806	211	134	7	25	230	348	551	5.07e-13	70.5
g3967.t1	VFG037054(gb|WP_187287149)	29.474	190	114	5	21	203	17	193	5.15e-13	68.2
g3967.t1	VFG036716(gb|WP_002215285)	25.439	228	146	6	1	226	1	206	6.48e-13	67.4
g3967.t1	VFG021859(gb|WP_011726610)	25.112	223	158	5	10	230	358	573	6.97e-13	70.1
g3967.t1	VFG037050(gb|WP_169577348)	28.947	190	115	5	21	203	17	193	7.73e-13	67.8
g3967.t1	VFG037048(gb|WP_002255537)	29.474	190	114	5	21	203	17	193	8.03e-13	67.4
g3967.t1	VFG019310(gb|WP_004686562)	27.094	203	133	4	17	219	44	231	8.60e-13	67.8
g3967.t1	VFG013702(gb|WP_010934023)	29.208	202	134	5	29	229	30	223	8.68e-13	67.8
g3967.t1	VFG016028(gb|WP_011534370)	22.467	227	159	3	2	225	336	548	9.91e-13	69.3
g3967.t1	VFG037056(gb|WP_180298705)	29.474	190	114	5	21	203	17	193	1.01e-12	67.4
g3967.t1	VFG037045(gb|WP_173024114)	29.474	190	114	5	21	203	17	193	1.08e-12	67.0
g3967.t1	VFG024068(gb|WP_014379607)	27.570	214	143	7	22	230	638	844	1.09e-12	69.7
g3967.t1	VFG000160(gb|NP_251087)	22.967	209	144	3	16	221	350	544	1.94e-12	68.6
g3967.t1	VFG035923(gb|WP_000621745)	25.641	195	128	6	22	207	17	203	1.97e-12	65.9
g3967.t1	VFG001266(gb|NP_252912)	29.834	181	121	3	22	199	344	521	2.69e-12	68.2
g3967.t1	VFG020086(gb|WP_012613545)	29.834	181	121	3	22	199	344	521	2.96e-12	67.8
g3967.t1	VFG037046(gb|WP_176607322)	28.947	190	115	5	21	203	17	193	3.32e-12	65.9
g3967.t1	VFG016030(gb|WP_011333314)	24.107	224	159	5	2	225	336	548	3.61e-12	67.8
g3967.t1	VFG024067(gb|WP_036458564)	27.570	214	143	7	22	230	638	844	4.25e-12	67.8
g3967.t1	VFG024065(gb|WP_014711101)	27.570	214	143	7	22	230	638	844	4.52e-12	67.8
g3967.t1	VFG011491(gb|WP_002966711)	26.829	205	135	4	15	219	42	231	4.59e-12	65.5
g3967.t1	VFG024066(gb|WP_026071504)	27.570	214	143	7	22	230	638	844	5.12e-12	67.4
g3967.t1	VFG024064(gb|WP_043955645)	27.570	214	143	7	22	230	638	844	5.26e-12	67.4
g3967.t1	VFG035919(gb|WP_000621743)	25.128	195	129	6	22	207	17	203	7.33e-12	64.3
g3967.t1	VFG002176(gb|AAM75252)	30.583	206	128	7	22	220	488	685	8.70e-12	66.6
g3967.t1	VFG045320(gb|WP_010946510)	25.000	220	138	5	17	230	75	273	1.38e-11	65.5
g3967.t1	VFG001974(gb|YP_002344829)	24.893	233	153	6	1	230	1	214	1.73e-11	63.2
g3967.t1	VFG016023(gb|WP_011103875)	24.545	220	151	7	2	219	336	542	1.75e-11	65.5
g3967.t1	VFG011717(gb|WP_002818959)	24.464	233	154	6	1	230	1	214	3.58e-11	62.4
g3967.t1	VFG017762(gb|WP_011990763)	22.944	231	160	4	1	230	1	214	4.21e-11	62.0
g3967.t1	VFG016108(gb|WP_011061774)	24.889	225	140	6	22	232	346	555	9.36e-11	63.2
g3967.t1	VFG016025(gb|WP_005753277)	23.636	220	153	6	2	219	336	542	9.39e-11	63.2
g3967.t1	VFG016024(gb|WP_011267350)	24.091	220	152	6	2	219	336	542	1.06e-10	63.2
g3967.t1	VFG002181(gb|WP_002387127)	25.000	228	153	4	4	229	37	248	1.56e-10	62.4
g3967.t1	VFG026222(gb|WP_012327958)	25.203	246	153	7	1	243	1	218	2.47e-10	60.1
g3967.t1	VFG044405(gb|CAA57069)	29.384	211	132	6	22	229	339	535	2.02e-09	58.9
g3967.t1	VFG011190(gb|WP_003807078)	24.757	206	140	4	21	226	44	234	2.69e-09	58.2
g3967.t1	VFG000696(gb|AAP42188)	22.707	229	151	6	1	226	1	206	3.89e-09	56.2
g3967.t1	VFG045332(gb|AHK25017)	25.991	227	136	9	15	240	15	210	2.57e-08	54.7
g3967.t1	VFG002563(gb|WP_004194035)	25.664	226	148	6	1	226	1	206	3.18e-08	53.5
g3967.t1	VFG026717(gb|YP_007961261)	31.111	90	59	2	141	230	58	144	1.22e-07	51.2
g3967.t1	VFG049059(gb|WP_020956643)	23.590	195	134	4	25	219	43	222	1.38e-07	53.1
g3967.t1	VFG026221(gb|WP_006484936)	24.783	230	147	6	1	226	1	208	1.51e-07	51.6
g3967.t1	VFG049057(gb|WP_012541096)	23.077	195	135	4	25	219	43	222	2.15e-07	52.4
g3967.t1	VFG011189(gb|WP_010925718)	25.561	223	143	6	16	234	41	244	1.10e-06	50.1
g3967.t1	VFG011188(gb|WP_003807073)	25.561	223	143	6	16	234	41	244	1.56e-06	49.7
g3967.t1	VFG026747(gb|YP_005922614)	29.070	172	109	6	53	221	387	548	3.53e-06	48.9
g3967.t1	VFG050168(gb|WP_000590258)	23.041	217	142	7	1	214	1	195	8.09e-06	46.6
g1385.t1	VFG030691(gb|WP_012395776)	38.589	241	140	3	2	242	4	236	3.35e-48	167
g1385.t1	VFG030705(gb|WP_015356778)	38.589	241	140	3	2	242	4	236	3.60e-48	167
g1385.t1	VFG036559(gb|WP_013449339)	36.885	244	145	3	2	243	5	241	4.48e-48	166
g1385.t1	VFG006259(gb|WP_003687540)	37.247	247	140	5	2	243	5	241	8.14e-48	166
g1385.t1	VFG030673(gb|WP_010908121)	39.256	242	137	5	2	242	4	236	1.94e-47	166
g1385.t1	VFG030675(gb|WP_003875535)	40.090	222	129	2	21	242	19	236	3.14e-47	165
g1385.t1	VFG030676(gb|WP_011724098)	40.090	222	129	2	21	242	19	236	3.21e-47	165
g1385.t1	VFG030679(gb|WP_011730288)	37.190	242	148	2	2	243	4	241	3.80e-47	165
g1385.t1	VFG030692(gb|WP_013828150)	38.017	242	142	3	2	243	4	237	4.24e-47	164
g1385.t1	VFG030700(gb|WP_005098896)	39.189	222	131	2	21	242	19	236	6.14e-47	164
g1385.t1	VFG030704(gb|WP_015292799)	38.589	241	140	3	2	242	4	236	7.42e-47	164
g1385.t1	VFG030699(gb|WP_009957422)	39.640	222	130	2	21	242	19	236	7.57e-47	164
g1385.t1	VFG030722(gb|WP_020821925)	39.640	222	130	2	21	242	19	236	8.15e-47	164
g1385.t1	VFG030696(gb|WP_014711073)	39.640	222	130	2	21	242	19	236	8.32e-47	164
g1385.t1	VFG030697(gb|WP_014382019)	39.640	222	130	2	21	242	19	236	8.68e-47	164
g1385.t1	VFG030695(gb|WP_014941456)	39.640	222	130	2	21	242	19	236	8.68e-47	164
g1385.t1	VFG030706(gb|WP_005059672)	39.189	222	131	2	21	242	19	236	9.83e-47	164
g1385.t1	VFG030724(gb|WP_015308640)	39.189	222	131	2	21	242	19	236	9.92e-47	164
g1385.t1	VFG030686(gb|YP_001702115)	39.189	222	131	2	21	242	19	236	1.00e-46	164
g1385.t1	VFG030689(gb|WP_014000675)	38.589	241	140	3	2	242	4	236	1.05e-46	164
g1385.t1	VFG030671(gb|NP_215754)	40.090	222	129	2	21	242	19	236	1.29e-46	163
g1385.t1	VFG030694(gb|WP_013471930)	38.298	235	140	3	9	242	7	237	2.52e-46	163
g1385.t1	VFG030678(gb|WP_011894706)	38.298	235	140	3	9	242	7	237	2.97e-46	163
g1385.t1	VFG036552(gb|WP_002214252)	36.437	247	142	5	2	243	5	241	8.23e-46	160
g1385.t1	VFG036553(gb|WP_014581175)	36.437	247	142	5	2	243	5	241	9.24e-46	160
g1385.t1	VFG001206(gb|WP_002219640)	36.437	247	142	5	2	243	5	241	9.24e-46	160
g1385.t1	VFG036556(gb|WP_014581848)	36.437	247	142	5	2	243	5	241	3.36e-45	159
g1385.t1	VFG030684(gb|WP_011781637)	36.515	241	145	3	2	242	4	236	4.06e-45	159
g1385.t1	VFG013573(gb|WP_011608934)	34.959	246	141	6	2	243	4	234	1.57e-44	157
g1385.t1	VFG013192(gb|WP_012340414)	34.959	246	141	6	2	243	4	234	1.75e-44	157
g1385.t1	VFG030715(gb|YP_007957369)	39.189	222	131	2	21	242	19	236	3.58e-44	157
g1385.t1	VFG013572(gb|WP_080334646)	35.686	255	143	6	1	247	6	247	2.38e-43	154
g1385.t1	VFG030681(gb|WP_011561359)	36.100	241	146	3	2	242	4	236	3.87e-43	154
g1385.t1	VFG030680(gb|WP_011856409)	36.100	241	146	3	2	242	4	236	4.29e-43	154
g1385.t1	VFG000344(gb|WP_005693820)	35.385	260	147	6	1	252	11	257	6.21e-43	152
g1385.t1	VFG013571(gb|WP_032821670)	35.000	260	148	6	1	252	11	257	1.34e-42	152
g1385.t1	VFG050113(gb|WP_000590108)	32.287	223	137	5	1	223	1	209	7.34e-31	119
g1385.t1	VFG022453(gb|WP_012393578)	30.667	225	152	3	12	236	13	233	1.17e-28	114
g1385.t1	VFG008825(gb|WP_015355163)	30.667	225	152	3	12	236	13	233	1.66e-28	113
g1385.t1	VFG007912(gb|WP_011740072)	30.667	225	152	3	12	236	13	233	1.73e-28	113
g1385.t1	VFG023850(gb|WP_043955033)	29.932	294	179	5	2	295	6	272	3.90e-28	112
g1385.t1	VFG023853(gb|WP_026071342)	29.932	294	179	5	2	295	6	272	4.97e-28	112
g1385.t1	VFG007915(gb|WP_011560224)	32.000	225	149	3	12	236	18	238	5.52e-28	112
g1385.t1	VFG007238(gb|WP_000379797)	31.336	217	131	4	23	229	37	245	1.02e-27	110
g1385.t1	VFG007909(gb|WP_003876146)	31.419	296	172	6	2	295	6	272	5.25e-27	108
g1385.t1	VFG023851(gb|WP_036428980)	30.640	297	173	6	2	295	6	272	5.75e-27	108
g1385.t1	VFG008678(gb|WP_041321021)	29.966	297	175	6	2	295	6	272	1.23e-26	108
g1385.t1	VFG007914(gb|WP_011780329)	32.000	225	149	3	12	236	13	233	1.65e-26	108
g1385.t1	VFG021794(gb|WP_013240890)	29.358	218	134	5	24	230	42	250	1.73e-26	107
g1385.t1	VFG033885(gb|WP_000376538)	32.273	220	138	6	22	236	485	698	8.35e-26	109
g1385.t1	VFG001269(gb|WP_010929996)	31.982	222	126	6	21	230	487	695	9.84e-26	108
g1385.t1	VFG007913(gb|WP_011894249)	31.276	243	160	4	12	251	13	251	1.52e-25	105
g1385.t1	VFG044362(gb|WP_033111968)	30.263	228	136	7	24	238	22	239	1.83e-25	103
g1385.t1	VFG023849(gb|WP_013471676)	31.111	225	151	3	12	236	13	233	2.25e-25	105
g1385.t1	VFG012478(gb|WP_000376544)	31.818	220	139	6	22	236	485	698	2.98e-25	107
g1385.t1	VFG033884(gb|WP_000376541)	31.818	220	139	6	22	236	485	698	3.46e-25	107
g1385.t1	VFG000907(gb|WP_000376545)	31.364	220	140	6	22	236	485	698	4.09e-25	107
g1385.t1	VFG012480(gb|WP_000376543)	31.364	220	140	6	22	236	485	698	4.45e-25	107
g1385.t1	VFG013728(gb|WP_011273788)	30.415	217	132	4	24	230	23	230	8.63e-25	101
g1385.t1	VFG008680(gb|WP_015309619)	31.336	217	145	3	12	228	13	225	1.03e-24	103
g1385.t1	VFG044236(gb|WP_011815405)	30.594	219	136	4	20	229	25	236	1.15e-24	101
g1385.t1	VFG037384(gb|WP_000582117)	29.412	221	147	4	1	219	1	214	1.78e-24	100
g1385.t1	VFG013730(gb|WP_010934773)	26.577	222	133	6	24	229	25	232	2.41e-24	100
g1385.t1	VFG013727(gb|WP_004566911)	30.732	205	133	3	22	221	29	229	2.42e-24	100
g1385.t1	VFG037392(gb|WP_000582124)	28.959	221	148	3	1	219	1	214	2.72e-24	100
g1385.t1	VFG037390(gb|WP_000582116)	29.412	221	147	4	1	219	1	214	3.04e-24	100
g1385.t1	VFG037386(gb|WP_000582115)	29.412	221	147	4	1	219	1	214	3.46e-24	100
g1385.t1	VFG007023(gb|WP_149591715)	30.631	222	129	6	21	230	471	679	4.36e-24	103
g1385.t1	VFG038918(gb|WP_164927583)	31.507	219	135	5	20	231	487	697	4.41e-24	103
g1385.t1	VFG007025(gb|WP_086016961)	30.455	220	128	6	22	229	472	678	8.73e-24	103
g1385.t1	VFG021855(gb|WP_011726608)	28.440	218	140	3	22	230	28	238	9.29e-24	99.4
g1385.t1	VFG044135(gb|WP_002209058)	28.632	234	150	5	22	245	27	253	1.06e-23	99.0
g1385.t1	VFG013026(gb|WP_000140653)	25.581	215	146	3	23	229	24	232	1.10e-23	99.0
g1385.t1	VFG013252(gb|WP_010945439)	32.018	228	133	6	15	231	352	568	1.60e-23	102
g1385.t1	VFG013253(gb|WP_011609176)	30.417	240	142	7	2	230	342	567	1.63e-23	102
g1385.t1	VFG013149(gb|WP_041605303)	30.417	240	142	7	2	230	342	567	1.71e-23	102
g1385.t1	VFG020177(gb|WP_000140632)	25.581	215	146	3	23	229	24	232	2.30e-23	98.2
g1385.t1	VFG013732(gb|WP_006769637)	28.241	216	137	4	24	229	24	231	2.39e-23	98.2
g1385.t1	VFG013021(gb|WP_000140647)	24.880	209	155	1	23	229	24	232	2.39e-23	98.2
g1385.t1	VFG013025(gb|WP_000140630)	25.581	215	146	3	23	229	24	232	2.47e-23	98.2
g1385.t1	VFG007026(gb|WP_155116723)	30.180	222	130	6	21	230	471	679	2.48e-23	101
g1385.t1	VFG013022(gb|NP_706444)	24.880	209	155	1	23	229	24	232	2.54e-23	98.2
g1385.t1	VFG000925(gb|WP_000140634)	24.880	209	155	1	23	229	24	232	3.64e-23	97.4
g1385.t1	VFG048486(gb|WP_004223579)	26.168	214	146	3	23	229	24	232	9.58e-23	96.3
g1385.t1	VFG044173(gb|WP_005477430)	26.860	242	151	7	1	231	1	227	1.17e-22	95.9
g1385.t1	VFG048489(gb|WP_012968728)	25.701	214	147	3	23	229	24	232	1.29e-22	95.9
g1385.t1	VFG021792(gb|WP_013241846)	27.442	215	148	6	22	232	32	242	1.31e-22	95.9
g1385.t1	VFG033882(gb|WP_000987096)	31.163	215	137	6	22	231	485	693	1.85e-22	99.4
g1385.t1	VFG000841(gb|WP_000987091)	31.193	218	133	6	22	231	485	693	2.28e-22	99.0
g1385.t1	VFG048488(gb|WP_002893737)	25.701	214	147	3	23	229	24	232	2.47e-22	95.1
g1385.t1	VFG008823(gb|WP_015291060)	30.137	219	143	4	21	236	24	235	4.76e-22	95.5
g1385.t1	VFG007904(gb|NP_217452)	30.594	219	142	4	21	236	24	235	4.95e-22	95.5
g1385.t1	VFG007907(gb|WP_003414846)	30.137	219	143	4	21	236	24	235	5.05e-22	95.5
g1385.t1	VFG044358(gb|WP_013317301)	28.111	217	140	5	22	229	19	228	5.26e-22	94.4
g1385.t1	VFG008835(gb|WP_009939128)	30.137	219	143	4	21	236	24	235	5.35e-22	95.5
g1385.t1	VFG013733(gb|WP_003854229)	26.484	219	138	5	23	229	21	228	6.34e-22	94.0
g1385.t1	VFG048483(gb|WP_012542491)	25.234	214	148	3	23	229	24	232	6.80e-22	94.0
g1385.t1	VFG007911(gb|WP_010908851)	28.767	219	146	4	21	236	24	235	7.17e-22	95.1
g1385.t1	VFG013734(gb|WP_011013698)	26.484	219	138	5	23	229	21	228	9.07e-22	93.6
g1385.t1	VFG048481(gb|WP_014228352)	24.402	209	156	1	23	229	24	232	1.64e-21	92.8
g1385.t1	VFG013248(gb|WP_010868928)	30.531	226	135	6	15	229	357	571	2.37e-21	95.5
g1385.t1	VFG013250(gb|WP_005687513)	30.531	226	135	6	15	229	357	571	2.58e-21	95.5
g1385.t1	VFG016167(gb|WP_004665393)	27.670	206	139	4	22	218	19	223	2.60e-21	92.4
g1385.t1	VFG013249(gb|WP_011271803)	30.531	226	135	6	15	229	357	571	2.68e-21	95.5
g1385.t1	VFG044228(gb|WP_044488032)	29.317	249	150	8	11	248	342	575	3.09e-21	95.5
g1385.t1	VFG034066(gb|WP_001296192)	28.755	233	157	5	2	231	312	538	3.11e-21	95.1
g1385.t1	VFG013251(gb|WP_012054790)	31.019	216	127	6	15	219	357	561	3.28e-21	95.1
g1385.t1	VFG009586(gb|WP_011741578)	32.870	216	132	6	22	231	349	557	4.94e-21	94.7
g1385.t1	VFG016166(gb|WP_003372869)	25.854	205	144	2	22	218	19	223	5.09e-21	91.3
g1385.t1	VFG003387(gb|WP_012413641)	28.755	233	157	5	2	231	312	538	5.27e-21	94.7
g1385.t1	VFG007258(gb|WP_011081097)	27.004	237	164	3	1	235	1	230	5.30e-21	91.3
g1385.t1	VFG022787(gb|WP_012395627)	32.870	216	132	6	22	231	349	557	5.37e-21	94.7
g1385.t1	VFG012541(gb|WP_001327954)	28.755	233	157	5	2	231	312	538	5.42e-21	94.4
g1385.t1	VFG002747(gb|WP_001327262)	28.755	233	157	5	2	231	312	538	5.47e-21	94.4
g1385.t1	VFG044326(gb|WP_001327262)	28.755	233	157	5	2	231	312	538	5.47e-21	94.4
g1385.t1	VFG034064(gb|WP_001304268)	28.755	233	157	5	2	231	312	538	5.47e-21	94.4
g1385.t1	VFG012539(gb|WP_001327262)	28.755	233	157	5	2	231	312	538	5.47e-21	94.4
g1385.t1	VFG046110(gb|WP_001317926)	28.755	233	157	5	2	231	312	538	5.52e-21	94.4
g1385.t1	VFG000365(gb|WP_002214412)	28.755	233	157	5	2	231	312	538	5.57e-21	94.4
g1385.t1	VFG026736(gb|WP_015356663)	32.870	216	132	6	22	231	349	557	5.62e-21	94.4
g1385.t1	VFG034073(gb|WP_014640167)	28.755	233	157	5	2	231	312	538	6.00e-21	94.4
g1385.t1	VFG034058(gb|WP_001386872)	28.755	233	157	5	2	231	312	538	7.28e-21	94.0
g1385.t1	VFG048480(gb|WP_014837773)	23.923	209	157	1	23	229	24	232	7.47e-21	90.9
g1385.t1	VFG044213(gb|WP_000403742)	27.039	233	155	5	24	249	19	243	9.16e-21	90.5
g1385.t1	VFG044304(gb|WP_000588838)	29.730	222	131	7	22	231	352	560	1.15e-20	93.6
g1385.t1	VFG003506(gb|WP_042661463)	28.326	233	158	5	2	231	312	538	1.21e-20	93.6
g1385.t1	VFG007259(gb|WP_011151970)	27.004	237	164	3	1	235	1	230	1.23e-20	90.1
g1385.t1	VFG048568(gb|WP_014838499)	28.755	233	157	5	2	231	312	538	1.43e-20	93.2
g1385.t1	VFG048570(gb|WP_014907270)	28.326	233	158	5	2	231	312	538	1.44e-20	93.2
g1385.t1	VFG012971(gb|WP_011378643)	31.944	216	136	6	21	230	979	1189	1.49e-20	93.6
g1385.t1	VFG012971(gb|WP_011378643)	28.629	248	142	8	2	231	341	571	1.84e-17	84.3
g1385.t1	VFG012509(gb|WP_001111200)	31.944	216	136	6	21	230	979	1189	1.51e-20	93.6
g1385.t1	VFG012509(gb|WP_001111200)	28.629	248	142	8	2	231	341	571	1.84e-17	84.3
g1385.t1	VFG012510(gb|WP_001298170)	31.944	216	136	6	21	230	979	1189	1.56e-20	93.6
g1385.t1	VFG012510(gb|WP_001298170)	28.629	248	142	8	2	231	341	571	1.96e-17	84.3
g1385.t1	VFG048569(gb|WP_014229381)	28.755	233	157	5	2	231	312	538	1.61e-20	93.2
g1385.t1	VFG033929(gb|WP_001111198)	31.944	216	136	6	21	230	979	1189	1.64e-20	93.6
g1385.t1	VFG033929(gb|WP_001111198)	29.032	248	141	8	2	231	341	571	4.47e-18	86.3
g1385.t1	VFG048566(gb|WP_014907271)	27.686	242	147	7	2	231	344	569	1.95e-20	92.8
g1385.t1	VFG007255(gb|WP_000615308)	26.549	226	157	4	1	224	1	219	2.42e-20	89.4
g1385.t1	VFG037395(gb|YP_005799714)	29.787	188	128	2	34	219	1	186	2.57e-20	88.6
g1385.t1	VFG013070(gb|WP_001626196)	25.833	240	161	4	1	233	1	230	3.05e-20	89.0
g1385.t1	VFG048565(gb|WP_014229380)	28.631	241	144	9	2	230	344	568	3.91e-20	92.0
g1385.t1	VFG016185(gb|WP_011168851)	28.017	232	159	4	2	231	335	560	3.97e-20	92.0
g1385.t1	VFG044172(gb|WP_000622316)	25.417	240	162	4	1	233	1	230	4.31e-20	88.6
g1385.t1	VFG005775(gb|WP_000403526)	24.534	322	211	9	2	308	3	307	4.35e-20	89.7
g1385.t1	VFG016186(gb|WP_005762824)	26.792	265	163	7	4	257	347	591	5.58e-20	91.7
g1385.t1	VFG026712(gb|WP_015292876)	28.378	222	151	5	11	230	618	833	5.79e-20	91.7
g1385.t1	VFG044281(gb|WP_012367516)	29.808	208	130	6	29	229	32	230	6.15e-20	88.6
g1385.t1	VFG013731(gb|WP_005291888)	24.074	216	150	3	22	229	40	249	6.88e-20	88.6
g1385.t1	VFG034048(gb|WP_024256148)	28.099	242	146	8	2	231	344	569	7.71e-20	91.3
g1385.t1	VFG012536(gb|WP_001295637)	28.099	242	146	8	2	231	344	569	7.78e-20	91.3
g1385.t1	VFG034049(gb|WP_000654452)	28.099	242	146	8	2	231	344	569	7.85e-20	91.3
g1385.t1	VFG012535(gb|WP_001327263)	28.099	242	146	8	2	231	344	569	7.85e-20	91.3
g1385.t1	VFG044105(gb|WP_010922614)	24.464	233	163	5	2	229	8	232	8.13e-20	88.2
g1385.t1	VFG044310(gb|WP_006486076)	27.962	211	148	2	22	229	23	232	8.48e-20	88.2
g1385.t1	VFG012512(gb|WP_001111199)	31.481	216	137	6	21	230	979	1189	9.13e-20	91.3
g1385.t1	VFG012512(gb|WP_001111199)	29.032	248	141	8	2	231	341	571	4.51e-18	86.3
g1385.t1	VFG012511(gb|WP_001442133)	31.481	216	137	6	21	230	979	1189	9.65e-20	91.3
g1385.t1	VFG012511(gb|WP_001442133)	29.032	248	141	8	2	231	341	571	4.68e-18	86.3
g1385.t1	VFG026711(gb|WP_015289786)	28.378	222	151	5	11	230	617	832	9.83e-20	91.3
g1385.t1	VFG048567(gb|YP_005227763)	27.273	242	148	7	2	231	344	569	1.02e-19	90.9
g1385.t1	VFG034050(gb|WP_001446633)	27.273	242	148	7	2	231	344	569	1.02e-19	90.9
g1385.t1	VFG034056(gb|WP_001608389)	27.273	242	148	7	2	231	344	569	1.03e-19	90.9
g1385.t1	VFG000366(gb|WP_002212761)	27.273	242	148	7	2	231	344	569	1.04e-19	90.9
g1385.t1	VFG044325(gb|WP_002212761)	27.273	242	148	7	2	231	344	569	1.04e-19	90.9
g1385.t1	VFG003507(gb|WP_005168689)	27.273	242	148	7	2	231	344	569	1.05e-19	90.9
g1385.t1	VFG012537(gb|WP_001304269)	27.273	242	148	7	2	231	344	569	1.08e-19	90.5
g1385.t1	VFG022782(gb|WP_003910332)	28.378	222	151	5	11	230	617	832	1.10e-19	90.9
g1385.t1	VFG034051(gb|WP_014639938)	27.273	242	148	7	2	231	344	569	1.14e-19	90.5
g1385.t1	VFG009570(gb|NP_215864)	28.378	222	151	5	11	230	617	832	1.15e-19	90.9
g1385.t1	VFG026719(gb|WP_025202597)	28.378	222	151	5	11	230	617	832	1.16e-19	90.9
g1385.t1	VFG044219(gb|WP_000590068)	26.293	232	160	4	1	229	1	224	1.22e-19	87.4
g1385.t1	VFG026726(gb|YP_005922613)	28.378	222	151	5	11	230	617	832	1.28e-19	90.9
g1385.t1	VFG045715(gb|WP_012979218)	31.285	179	117	4	22	199	17	190	1.32e-19	86.3
g1385.t1	VFG034041(gb|WP_000654453)	27.273	242	148	7	2	231	344	569	1.62e-19	90.1
g1385.t1	VFG009576(gb|WP_024637120)	29.817	218	133	8	22	230	636	842	2.00e-19	90.1
g1385.t1	VFG012538(gb|WP_001350678)	27.273	242	148	7	2	231	344	569	2.11e-19	89.7
g1385.t1	VFG044225(gb|WP_011533698)	27.753	227	154	4	1	225	1	219	2.43e-19	86.7
g1385.t1	VFG013717(gb|WP_006769628)	28.261	230	156	4	2	229	5	227	2.65e-19	86.7
g1385.t1	VFG018924(gb|WP_012229555)	28.099	242	146	8	2	231	344	569	2.73e-19	89.4
g1385.t1	VFG026714(gb|WP_005058852)	26.860	242	145	9	2	230	615	837	3.11e-19	89.7
g1385.t1	VFG026708(gb|WP_016342533)	26.860	242	145	9	2	230	615	837	3.11e-19	89.7
g1385.t1	VFG026722(gb|YP_007957462)	27.826	230	142	6	11	230	620	835	3.67e-19	89.4
g1385.t1	VFG022781(gb|YP_001702997)	26.860	242	145	9	2	230	615	837	4.32e-19	89.4
g1385.t1	VFG022783(gb|WP_014000720)	27.928	222	152	5	11	230	617	832	4.77e-19	89.0
g1385.t1	VFG026710(gb|WP_015302951)	27.928	222	152	5	11	230	617	832	4.82e-19	89.0
g1385.t1	VFG009575(gb|WP_003873186)	29.358	218	134	8	22	230	636	842	4.98e-19	89.0
g1385.t1	VFG009578(gb|WP_011731355)	28.049	246	139	8	9	229	598	830	5.33e-19	89.0
g1385.t1	VFG016027(gb|WP_041168379)	27.232	224	152	5	2	225	336	548	5.50e-19	88.6
g1385.t1	VFG016532(gb|NP_975942)	33.577	137	87	4	107	241	123	257	5.85e-19	86.7
g1385.t1	VFG048564(gb|WP_014838498)	28.216	241	145	9	2	230	344	568	7.07e-19	88.2
g1385.t1	VFG009585(gb|WP_011724227)	28.311	219	150	4	16	231	342	556	9.00e-19	87.8
g1385.t1	VFG022793(gb|WP_013828472)	29.362	235	146	8	2	228	332	554	1.10e-18	87.4
g1385.t1	VFG015383(gb|WP_011064245)	30.481	187	112	3	27	200	25	206	1.31e-18	84.0
g1385.t1	VFG009587(gb|WP_011731354)	30.841	214	139	5	22	231	347	555	1.81e-18	87.0
g1385.t1	VFG007257(gb|WP_005482130)	25.957	235	157	4	1	229	1	224	1.82e-18	84.0
g1385.t1	VFG024072(gb|WP_014384095)	27.615	239	154	6	2	231	331	559	1.93e-18	87.0
g1385.t1	VFG024069(gb|WP_014941520)	27.615	239	154	6	2	231	331	559	1.95e-18	87.0
g1385.t1	VFG026734(gb|WP_015289787)	30.332	211	140	4	22	229	349	555	2.00e-18	86.7
g1385.t1	VFG024071(gb|WP_009952859)	27.615	239	154	6	2	231	331	559	2.02e-18	86.7
g1385.t1	VFG026735(gb|WP_015292877)	30.806	211	139	4	22	229	349	555	2.21e-18	86.7
g1385.t1	VFG016112(gb|WP_171053477)	25.893	224	136	5	20	229	349	556	2.78e-18	86.3
g1385.t1	VFG019986(gb|WP_015886547)	30.811	185	110	5	27	200	25	202	2.98e-18	83.2
g1385.t1	VFG024070(gb|WP_014711102)	27.615	239	154	6	2	231	331	559	3.10e-18	86.3
g1385.t1	VFG026750(gb|WP_020822015)	28.033	239	150	8	2	231	331	556	3.20e-18	86.3
g1385.t1	VFG015380(gb|WP_003136959)	31.551	187	110	5	27	200	26	207	3.29e-18	82.8
g1385.t1	VFG002059(gb|NP_248763)	31.551	187	110	5	27	200	26	207	3.32e-18	82.8
g1385.t1	VFG009584(gb|WP_003873185)	28.311	219	150	4	16	231	342	556	3.58e-18	85.9
g1385.t1	VFG044077(gb|YP_002344985)	27.197	239	156	7	1	231	1	229	3.67e-18	83.2
g1385.t1	VFG016184(gb|WP_005762826)	28.070	228	139	6	16	231	346	560	3.69e-18	85.9
g1385.t1	VFG015379(gb|WP_011979124)	31.551	187	110	5	27	200	26	207	4.41e-18	82.8
g1385.t1	VFG044336(gb|WP_050767835)	29.167	240	150	8	2	231	341	570	4.46e-18	86.3
g1385.t1	VFG044336(gb|WP_050767835)	28.638	213	147	4	21	230	978	1188	4.68e-17	83.2
g1385.t1	VFG016187(gb|WP_011168850)	28.054	221	136	6	20	229	358	566	4.76e-18	85.9
g1385.t1	VFG022788(gb|YP_001702996)	28.509	228	135	8	24	240	352	562	5.32e-18	85.5
g1385.t1	VFG013719(gb|WP_011013622)	26.180	233	160	5	1	230	3	226	5.45e-18	83.2
g1385.t1	VFG048551(gb|WP_011251260)	29.167	240	150	8	2	231	341	570	6.19e-18	85.9
g1385.t1	VFG048551(gb|WP_011251260)	28.372	215	145	4	21	230	978	1188	2.27e-17	84.0
g1385.t1	VFG009579(gb|NP_215865)	30.332	211	140	4	22	229	349	555	6.25e-18	85.5
g1385.t1	VFG013702(gb|WP_010934023)	31.373	204	127	6	29	229	30	223	8.14e-18	82.0
g1385.t1	VFG015821(gb|WP_012315374)	28.571	210	138	6	16	225	351	548	8.51e-18	84.7
g1385.t1	VFG044147(gb|NP_461701)	29.130	230	131	7	20	231	355	570	9.84e-18	85.1
g1385.t1	VFG044147(gb|NP_461701)	30.769	234	150	9	2	230	966	1192	2.11e-17	84.3
g1385.t1	VFG013716(gb|WP_041626280)	26.442	208	147	3	24	228	25	229	1.01e-17	82.4
g1385.t1	VFG022780(gb|WP_012395628)	27.477	222	153	5	11	230	632	847	1.03e-17	85.1
g1385.t1	VFG015820(gb|WP_012273662)	26.786	224	153	4	2	225	337	549	1.18e-17	84.3
g1385.t1	VFG046688(gb|WP_041263713)	28.319	226	137	9	2	214	352	565	1.29e-17	84.3
g1385.t1	VFG018671(gb|WP_012000441)	24.771	218	139	5	22	236	47	242	1.72e-17	83.2
g1385.t1	VFG016029(gb|WP_011062372)	27.861	201	135	4	25	225	359	549	2.10e-17	83.6
g1385.t1	VFG006082(gb|WP_011226326)	25.455	220	148	4	7	225	31	235	2.13e-17	82.8
g1385.t1	VFG013703(gb|WP_011273220)	29.648	199	137	3	32	229	28	224	2.20e-17	80.9
g1385.t1	VFG013718(gb|WP_011896674)	25.751	233	161	5	1	230	3	226	2.24e-17	81.3
g1385.t1	VFG044100(gb|NP_253394)	26.582	237	155	7	1	229	1	226	2.46e-17	80.9
g1385.t1	VFG009577(gb|WP_011741579)	28.251	223	150	6	11	230	632	847	2.49e-17	84.0
g1385.t1	VFG037264(gb|WP_020753356)	30.769	182	118	3	21	199	336	512	2.56e-17	83.2
g1385.t1	VFG026731(gb|WP_005058854)	28.241	216	132	7	24	228	352	555	2.82e-17	83.2
g1385.t1	VFG021859(gb|WP_011726610)	25.974	231	160	5	2	230	352	573	2.93e-17	83.2
g1385.t1	VFG044229(gb|WP_011533702)	26.887	212	149	4	22	231	370	577	3.06e-17	83.2
g1385.t1	VFG044314(gb|WP_012492604)	26.250	240	153	6	2	231	348	573	3.32e-17	83.2
g1385.t1	VFG037260(gb|WP_001095752)	30.769	182	118	3	21	199	336	512	3.43e-17	82.8
g1385.t1	VFG037261(gb|YP_001085396)	30.769	182	118	3	21	199	269	445	3.76e-17	82.4
g1385.t1	VFG020068(gb|WP_012723750)	27.363	201	136	4	25	225	359	549	3.86e-17	82.8
g1385.t1	VFG015384(gb|WP_003246989)	27.650	217	136	3	15	215	9	220	4.29e-17	79.7
g1385.t1	VFG037266(gb|WP_001090102)	30.769	182	118	3	21	199	336	512	4.64e-17	82.4
g1385.t1	VFG013715(gb|WP_010934432)	25.676	222	156	3	1	220	6	220	4.88e-17	80.5
g1385.t1	VFG016540(gb|NP_975950)	32.847	137	87	5	107	241	123	256	4.93e-17	80.9
g1385.t1	VFG044303(gb|WP_001044024)	25.714	210	151	3	22	229	354	560	4.95e-17	82.4
g1385.t1	VFG046674(gb|WP_012280806)	29.858	211	124	9	20	219	366	563	5.32e-17	82.4
g1385.t1	VFG026729(gb|WP_020822014)	29.333	225	145	7	11	230	629	844	6.22e-17	82.4
g1385.t1	VFG044295(gb|WP_004243181)	26.383	235	148	6	22	242	25	248	6.25e-17	79.7
g1385.t1	VFG026713(gb|WP_015356664)	27.027	222	154	5	11	230	632	847	8.95e-17	82.0
g1385.t1	VFG000160(gb|NP_251087)	26.396	197	134	3	25	221	359	544	9.65e-17	81.6
g1385.t1	VFG038916(gb|WP_011705263)	30.516	213	141	4	22	231	468	676	1.17e-16	81.6
g1385.t1	VFG037258(gb|WP_001090101)	30.769	182	118	3	21	199	336	512	1.19e-16	81.3
g1385.t1	VFG001974(gb|YP_002344829)	27.273	231	150	4	1	230	1	214	1.30e-16	78.2
g1385.t1	VFG016021(gb|WP_003148545)	27.861	201	134	4	25	225	360	549	1.64e-16	80.9
g1385.t1	VFG006059(gb|WP_011681436)	25.112	223	145	5	7	225	31	235	1.91e-16	80.1
g1385.t1	VFG006065(gb|WP_011227428)	25.112	223	145	5	7	225	31	235	1.97e-16	80.1
g1385.t1	VFG016026(gb|WP_010954971)	25.455	220	153	4	2	221	336	544	2.06e-16	80.5
g1385.t1	VFG049041(gb|WP_002912371)	24.107	224	149	4	9	229	33	238	2.29e-16	77.8
g1385.t1	VFG022786(gb|WP_013828471)	26.009	223	155	7	11	230	623	838	3.55e-16	80.1
g1385.t1	VFG034207(gb|WP_000983720)	28.679	265	168	9	21	276	22	274	3.74e-16	77.8
g1385.t1	VFG013050(gb|WP_000983719)	28.679	265	168	9	21	276	22	274	4.24e-16	77.8
g1385.t1	VFG011717(gb|WP_002818959)	26.840	231	151	4	1	230	1	214	4.73e-16	76.3
g1385.t1	VFG013045(gb|WP_000983722)	28.679	265	168	9	21	276	22	274	4.75e-16	77.4
g1385.t1	VFG013049(gb|WP_000983723)	28.679	265	168	9	21	276	22	274	4.84e-16	77.4
g1385.t1	VFG017762(gb|WP_011990763)	26.407	231	152	4	1	230	1	214	4.91e-16	76.3
g1385.t1	VFG024068(gb|WP_014379607)	27.615	239	145	7	13	230	613	844	5.86e-16	79.7
g1385.t1	VFG020065(gb|WP_012614134)	25.424	236	137	4	2	223	336	546	6.05e-16	79.3
g1385.t1	VFG046680(gb|WP_003020700)	30.332	211	116	11	2	199	352	544	6.37e-16	79.3
g1385.t1	VFG035924(gb|WP_000593973)	29.474	190	114	7	21	200	16	195	7.57e-16	75.5
g1385.t1	VFG049084(gb|WP_004175264)	23.661	224	150	4	9	229	33	238	8.18e-16	76.3
g1385.t1	VFG012577(gb|WP_000983702)	28.571	259	164	9	21	270	22	268	9.10e-16	76.6
g1385.t1	VFG024065(gb|WP_014711101)	28.000	225	148	7	11	230	629	844	9.82e-16	79.0
g1385.t1	VFG012576(gb|WP_000983716)	28.571	259	164	9	21	270	22	268	9.82e-16	76.6
g1385.t1	VFG024066(gb|WP_026071504)	27.615	239	145	7	13	230	613	844	1.03e-15	79.0
g1385.t1	VFG024064(gb|WP_043955645)	27.615	239	145	7	13	230	613	844	1.03e-15	79.0
g1385.t1	VFG046673(gb|WP_003039938)	30.332	211	116	11	2	199	352	544	1.08e-15	78.6
g1385.t1	VFG012578(gb|WP_000983714)	28.571	259	164	9	21	270	22	268	1.12e-15	76.3
g1385.t1	VFG044250(gb|WP_005311724)	28.017	232	142	9	12	229	15	235	1.15e-15	76.3
g1385.t1	VFG024067(gb|WP_036458564)	27.615	239	145	7	13	230	613	844	1.26e-15	78.6
g1385.t1	VFG046677(gb|WP_011648738)	31.088	193	106	10	20	199	369	547	1.45e-15	78.2
g1385.t1	VFG046675(gb|WP_010031959)	31.088	193	106	10	20	199	366	544	1.52e-15	78.2
g1385.t1	VFG046684(gb|WP_014549988)	31.746	189	104	9	2	178	352	527	1.76e-15	77.8
g1385.t1	VFG013047(gb|WP_000983717)	27.985	268	166	10	21	276	22	274	1.99e-15	75.9
g1385.t1	VFG049080(gb|YP_005227849)	23.982	221	153	3	9	229	33	238	2.04e-15	75.1
g1385.t1	VFG012579(gb|WP_000983706)	28.571	259	164	9	21	270	22	268	2.11e-15	75.5
g1385.t1	VFG044153(gb|WP_011063599)	27.941	204	136	5	21	219	348	545	2.19e-15	77.4
g1385.t1	VFG034217(gb|WP_000983704)	28.571	259	164	9	21	270	22	268	2.34e-15	75.5
g1385.t1	VFG012580(gb|WP_000983712)	28.571	259	164	9	21	270	22	268	2.57e-15	75.5
g1385.t1	VFG034214(gb|WP_000983710)	28.571	259	164	9	21	270	22	268	2.62e-15	75.5
g1385.t1	VFG016030(gb|WP_011333314)	28.155	206	127	7	25	225	359	548	2.63e-15	77.4
g1385.t1	VFG046678(gb|WP_012429567)	30.769	208	119	11	2	199	352	544	2.64e-15	77.4
g1385.t1	VFG005922(gb|WP_011837183)	21.887	265	187	5	6	269	29	274	2.84e-15	76.6
g1385.t1	VFG005937(gb|WP_002261978)	24.528	212	142	4	14	225	42	235	3.95e-15	76.3
g1385.t1	VFG037273(gb|WP_001281554)	26.289	194	134	3	20	213	342	526	4.10e-15	76.6
g1385.t1	VFG015913(gb|WP_011267822)	27.434	226	152	7	2	223	343	560	4.54e-15	76.6
g1385.t1	VFG037277(gb|WP_031967279)	25.773	194	135	3	20	213	333	517	6.29e-15	75.9
g1385.t1	VFG037274(gb|WP_001281538)	25.773	194	135	3	20	213	342	526	6.63e-15	75.9
g1385.t1	VFG049076(gb|WP_004852439)	24.889	225	146	6	9	229	33	238	9.19e-15	73.2
g1385.t1	VFG049077(gb|WP_014230053)	24.889	225	146	6	9	229	33	238	1.18e-14	72.8
g1385.t1	VFG019310(gb|WP_004686562)	28.079	203	131	4	17	219	44	231	1.32e-14	72.8
g1385.t1	VFG037272(gb|WP_001281555)	25.773	194	135	3	20	213	342	526	1.45e-14	75.1
g1385.t1	VFG002228(gb|WP_002963677)	28.079	203	131	4	17	219	44	231	1.47e-14	72.8
g1385.t1	VFG011493(gb|WP_006189961)	28.079	203	131	4	17	219	44	231	1.54e-14	72.8
g1385.t1	VFG037280(gb|WP_001281545)	26.904	197	129	4	20	213	342	526	1.76e-14	74.7
g1385.t1	VFG037278(gb|WP_139161447)	25.773	194	135	3	20	213	333	517	2.29e-14	74.3
g1385.t1	VFG016028(gb|WP_011534370)	27.358	212	138	6	16	225	351	548	2.50e-14	74.3
g1385.t1	VFG044143(gb|WP_002209483)	25.571	219	152	6	6	219	337	549	4.35e-14	73.6
g1385.t1	VFG026219(gb|WP_011544657)	25.000	236	155	5	1	235	1	215	6.30e-14	70.5
g1385.t1	VFG037387(gb|YP_001085408)	27.485	171	120	2	51	219	2	170	9.57e-14	69.7
g1385.t1	VFG026227(gb|WP_004538663)	25.902	305	182	11	19	301	55	337	9.72e-14	72.4
g1385.t1	VFG037054(gb|WP_187287149)	30.698	215	112	9	2	203	3	193	1.07e-13	70.1
g1385.t1	VFG011491(gb|WP_002966711)	27.586	203	132	4	17	219	44	231	1.26e-13	70.1
g1385.t1	VFG049050(gb|WP_015958690)	23.853	218	151	4	3	220	34	236	1.33e-13	71.6
g1385.t1	VFG044110(gb|WP_010929751)	25.714	245	150	9	2	229	3	232	1.52e-13	70.1
g1385.t1	VFG016023(gb|WP_011103875)	25.229	218	152	5	2	219	336	542	1.74e-13	71.6
g1385.t1	VFG037062(gb|WP_181778380)	29.046	241	139	10	2	232	3	221	1.74e-13	69.3
g1385.t1	VFG037047(gb|WP_010361246)	30.660	212	116	9	2	203	3	193	1.78e-13	69.3
g1385.t1	VFG037045(gb|WP_173024114)	28.959	221	108	8	2	203	3	193	2.30e-13	68.9
g1385.t1	VFG035923(gb|WP_000621745)	26.154	195	127	6	22	207	17	203	2.47e-13	68.6
g1385.t1	VFG037048(gb|WP_002255537)	28.959	221	108	8	2	203	3	193	2.48e-13	68.9
g1385.t1	VFG010864(gb|WP_011215036)	27.660	188	115	6	17	199	14	185	2.52e-13	68.2
g1385.t1	VFG037052(gb|WP_002229142)	27.830	212	122	7	2	203	3	193	2.58e-13	68.9
g1385.t1	VFG010862(gb|WP_010946592)	27.128	188	116	6	17	199	14	185	4.53e-13	67.4
g1385.t1	VFG035919(gb|WP_000621743)	26.425	193	129	4	22	207	17	203	5.22e-13	67.4
g1385.t1	VFG021788(gb|WP_013241313)	25.359	209	152	2	22	228	22	228	5.34e-13	68.6
g1385.t1	VFG037050(gb|WP_169577348)	27.358	212	123	7	2	203	3	193	5.51e-13	68.2
g1385.t1	VFG037056(gb|WP_180298705)	33.146	178	95	7	2	172	3	163	5.83e-13	67.8
g1385.t1	VFG016025(gb|WP_005753277)	24.312	218	154	5	2	219	336	542	6.38e-13	70.1
g1385.t1	VFG037053(gb|WP_173361995)	27.830	212	122	7	2	203	3	193	6.59e-13	67.8
g1385.t1	VFG045320(gb|WP_010946510)	24.500	200	136	3	21	220	79	263	1.28e-12	68.9
g1385.t1	VFG016024(gb|WP_011267350)	24.312	218	154	5	2	219	336	542	1.44e-12	68.9
g1385.t1	VFG002176(gb|AAM75252)	32.093	215	131	7	22	229	488	694	1.50e-12	68.9
g1385.t1	VFG016110(gb|WP_012074239)	28.436	211	141	6	24	230	347	551	1.56e-12	68.6
g1385.t1	VFG037046(gb|WP_176607322)	30.189	212	117	9	2	203	3	193	1.76e-12	66.6
g1385.t1	VFG010865(gb|WP_011945967)	26.087	184	123	5	17	199	14	185	1.79e-12	65.9
g1385.t1	VFG016108(gb|WP_011061774)	25.551	227	136	7	22	232	346	555	2.18e-12	68.2
g1385.t1	VFG036719(gb|WP_002243173)	23.246	228	153	5	1	227	1	207	3.17e-12	65.5
g1385.t1	VFG002181(gb|WP_002387127)	27.064	218	136	5	3	217	39	236	3.35e-12	67.4
g1385.t1	VFG016111(gb|WP_003137473)	29.680	219	128	9	24	230	347	551	3.81e-12	67.4
g1385.t1	VFG020087(gb|WP_012613544)	29.018	224	133	9	19	230	342	551	3.99e-12	67.4
g1385.t1	VFG016107(gb|WP_003137474)	24.569	232	150	6	22	242	344	561	5.28e-12	67.0
g1385.t1	VFG044091(gb|NP_252096)	28.962	183	120	5	22	199	349	526	6.56e-12	67.0
g1385.t1	VFG011190(gb|WP_003807078)	25.481	208	140	4	21	228	44	236	1.88e-11	65.1
g1385.t1	VFG001267(gb|NP_252913)	29.224	219	129	9	24	230	347	551	2.29e-11	65.1
g1385.t1	VFG016106(gb|WP_012074240)	25.359	209	133	5	22	219	344	540	2.09e-10	62.0
g1385.t1	VFG026305(gb|WP_009889305)	23.874	222	143	7	1	219	1	199	2.10e-10	60.1
g1385.t1	VFG026717(gb|YP_007961261)	34.444	90	56	2	141	230	58	144	2.30e-10	58.9
g1385.t1	VFG001266(gb|NP_252912)	25.397	189	119	4	22	199	344	521	4.45e-10	61.2
g1385.t1	VFG020086(gb|WP_012613545)	25.397	189	119	4	22	199	344	521	4.57e-10	61.2
g1385.t1	VFG006316(gb|WP_002218516)	21.053	228	158	5	1	227	1	207	6.86e-10	58.5
g1385.t1	VFG000258(gb|WP_002224750)	21.053	228	158	5	1	227	1	207	8.36e-10	58.2
g1385.t1	VFG050168(gb|WP_000590258)	25.581	215	139	7	1	214	1	195	1.42e-09	57.8
g1385.t1	VFG036716(gb|WP_002215285)	21.053	228	158	5	1	227	1	207	1.57e-09	57.4
g1385.t1	VFG049057(gb|WP_012541096)	23.963	217	142	5	24	232	42	243	5.69e-09	57.4
g1385.t1	VFG026221(gb|WP_006484936)	21.739	230	160	5	1	229	1	211	1.21e-08	54.7
g1385.t1	VFG049059(gb|WP_020956643)	22.791	215	151	4	24	238	42	241	1.27e-08	56.2
g1385.t1	VFG045332(gb|AHK25017)	23.944	213	131	8	29	240	28	210	3.72e-08	54.3
g1385.t1	VFG000696(gb|AAP42188)	20.642	218	151	5	1	217	1	197	1.61e-07	51.6
g1385.t1	VFG044405(gb|CAA57069)	26.906	223	126	7	22	231	339	537	6.15e-07	51.2
g1385.t1	VFG021858(gb|WP_003891342)	25.862	174	110	6	57	219	388	553	1.48e-06	50.1
g1385.t1	VFG026747(gb|YP_005922614)	27.381	168	115	4	65	229	393	556	3.16e-06	48.9
g2022.t1	VFG030700(gb|WP_005098896)	41.036	251	144	3	2	251	4	251	1.11e-52	177
g2022.t1	VFG030706(gb|WP_005059672)	41.036	251	144	3	2	251	4	251	1.34e-52	177
g2022.t1	VFG030686(gb|YP_001702115)	41.036	251	144	3	2	251	4	251	2.62e-52	176
g2022.t1	VFG030691(gb|WP_012395776)	42.373	236	132	3	2	236	4	236	2.06e-51	174
g2022.t1	VFG030705(gb|WP_015356778)	42.373	236	132	3	2	236	4	236	2.09e-51	174
g2022.t1	VFG030671(gb|NP_215754)	40.637	251	145	3	2	251	4	251	3.76e-51	173
g2022.t1	VFG030679(gb|WP_011730288)	40.310	258	136	4	2	244	4	258	5.21e-51	173
g2022.t1	VFG030684(gb|WP_011781637)	40.945	254	136	4	2	244	4	254	6.11e-51	172
g2022.t1	VFG030689(gb|WP_014000675)	40.637	251	145	3	2	251	4	251	6.46e-51	172
g2022.t1	VFG030704(gb|WP_015292799)	40.637	251	145	3	2	251	4	251	6.74e-51	172
g2022.t1	VFG030692(gb|WP_013828150)	40.637	251	145	3	2	251	4	251	7.96e-51	172
g2022.t1	VFG030724(gb|WP_015308640)	40.239	251	146	3	2	251	4	251	1.05e-50	172
g2022.t1	VFG030675(gb|WP_003875535)	40.239	251	146	3	2	251	4	251	1.60e-50	171
g2022.t1	VFG030676(gb|WP_011724098)	40.239	251	146	3	2	251	4	251	1.88e-50	171
g2022.t1	VFG036559(gb|WP_013449339)	38.247	251	148	3	6	252	9	256	1.60e-49	168
g2022.t1	VFG030722(gb|WP_020821925)	39.841	251	147	3	2	251	4	251	4.64e-49	168
g2022.t1	VFG006259(gb|WP_003687540)	40.167	239	136	3	2	236	5	240	4.76e-49	167
g2022.t1	VFG030696(gb|WP_014711073)	39.841	251	147	3	2	251	4	251	4.79e-49	167
g2022.t1	VFG030695(gb|WP_014941456)	39.841	251	147	3	2	251	4	251	5.50e-49	167
g2022.t1	VFG030697(gb|WP_014382019)	39.841	251	147	3	2	251	4	251	5.67e-49	167
g2022.t1	VFG030699(gb|WP_009957422)	39.841	251	147	3	2	251	4	251	5.98e-49	167
g2022.t1	VFG030715(gb|YP_007957369)	39.841	251	147	3	2	251	4	251	1.18e-48	167
g2022.t1	VFG030681(gb|WP_011561359)	38.645	251	150	3	2	251	4	251	4.59e-48	166
g2022.t1	VFG030680(gb|WP_011856409)	38.645	251	150	3	2	251	4	251	4.59e-48	166
g2022.t1	VFG036552(gb|WP_002214252)	38.912	239	139	3	2	236	5	240	2.86e-47	162
g2022.t1	VFG036553(gb|WP_014581175)	38.912	239	139	3	2	236	5	240	2.92e-47	162
g2022.t1	VFG001206(gb|WP_002219640)	38.912	239	139	3	2	236	5	240	3.08e-47	162
g2022.t1	VFG036556(gb|WP_014581848)	38.912	239	139	3	2	236	5	240	6.00e-47	161
g2022.t1	VFG030673(gb|WP_010908121)	41.102	236	135	3	2	236	4	236	2.03e-46	161
g2022.t1	VFG000344(gb|WP_005693820)	37.603	242	144	3	1	238	11	249	2.23e-45	157
g2022.t1	VFG013571(gb|WP_032821670)	37.603	242	144	3	1	238	11	249	3.00e-45	157
g2022.t1	VFG013572(gb|WP_080334646)	37.603	242	144	3	1	238	6	244	4.17e-45	156
g2022.t1	VFG013573(gb|WP_011608934)	36.287	237	144	3	2	237	4	234	3.19e-43	151
g2022.t1	VFG013192(gb|WP_012340414)	36.287	237	144	3	2	237	4	234	3.51e-43	151
g2022.t1	VFG030678(gb|WP_011894706)	36.709	237	145	4	2	236	4	237	1.73e-38	140
g2022.t1	VFG030694(gb|WP_013471930)	36.709	237	145	4	2	236	4	237	1.90e-38	140
g2022.t1	VFG044225(gb|WP_011533698)	33.047	233	144	5	1	227	1	227	7.82e-31	116
g2022.t1	VFG044362(gb|WP_033111968)	33.058	242	134	5	11	238	14	241	1.99e-30	115
g2022.t1	VFG013730(gb|WP_010934773)	36.283	226	120	6	13	224	18	233	5.34e-30	114
g2022.t1	VFG007238(gb|WP_000379797)	34.632	231	134	5	15	236	33	255	1.92e-29	113
g2022.t1	VFG037392(gb|WP_000582124)	30.992	242	155	5	1	235	1	237	5.17e-29	111
g2022.t1	VFG037390(gb|WP_000582116)	30.579	242	156	5	1	235	1	237	6.85e-29	111
g2022.t1	VFG037384(gb|WP_000582117)	30.579	242	156	5	1	235	1	237	1.39e-28	110
g2022.t1	VFG037386(gb|WP_000582115)	30.579	242	156	5	1	235	1	237	1.40e-28	110
g2022.t1	VFG044105(gb|WP_010922614)	30.962	239	157	4	2	236	8	242	2.01e-28	110
g2022.t1	VFG044173(gb|WP_005477430)	30.638	235	143	5	1	224	1	226	2.40e-28	109
g2022.t1	VFG013733(gb|WP_003854229)	33.191	235	146	6	7	236	10	238	2.42e-28	110
g2022.t1	VFG013734(gb|WP_011013698)	32.766	235	147	6	7	236	10	238	1.31e-27	108
g2022.t1	VFG026712(gb|WP_015292876)	35.498	231	121	10	2	218	611	827	1.59e-27	112
g2022.t1	VFG007258(gb|WP_011081097)	29.091	220	153	2	1	218	1	219	1.81e-27	107
g2022.t1	VFG023853(gb|WP_026071342)	34.842	221	134	5	2	218	6	220	2.15e-27	108
g2022.t1	VFG007259(gb|WP_011151970)	29.091	220	153	2	1	218	1	219	2.22e-27	107
g2022.t1	VFG009578(gb|WP_011731355)	34.361	227	129	9	2	218	609	825	2.83e-27	112
g2022.t1	VFG026726(gb|YP_005922613)	35.498	231	121	10	2	218	610	826	3.20e-27	111
g2022.t1	VFG022782(gb|WP_003910332)	35.498	231	121	10	2	218	610	826	3.23e-27	111
g2022.t1	VFG009570(gb|NP_215864)	35.498	231	121	10	2	218	610	826	3.23e-27	111
g2022.t1	VFG026719(gb|WP_025202597)	35.498	231	121	10	2	218	610	826	3.36e-27	111
g2022.t1	VFG009575(gb|WP_003873186)	35.398	226	126	9	2	217	620	835	3.81e-27	111
g2022.t1	VFG013732(gb|WP_006769637)	33.047	233	150	4	7	236	12	241	4.52e-27	107
g2022.t1	VFG048486(gb|WP_004223579)	29.004	231	154	4	11	236	17	242	4.67e-27	106
g2022.t1	VFG048489(gb|WP_012968728)	29.004	231	154	4	11	236	17	242	5.92e-27	106
g2022.t1	VFG044219(gb|WP_000590068)	30.804	224	144	4	1	218	1	219	7.09e-27	105
g2022.t1	VFG026710(gb|WP_015302951)	35.065	231	122	10	2	218	610	826	1.10e-26	110
g2022.t1	VFG026722(gb|YP_007957462)	35.498	231	121	10	2	218	613	829	1.15e-26	110
g2022.t1	VFG022783(gb|WP_014000720)	35.065	231	122	10	2	218	610	826	1.22e-26	110
g2022.t1	VFG048483(gb|WP_012542491)	29.004	231	154	4	11	236	17	242	1.66e-26	105
g2022.t1	VFG000925(gb|WP_000140634)	29.004	231	154	4	11	236	17	242	1.67e-26	105
g2022.t1	VFG048488(gb|WP_002893737)	29.004	231	154	4	11	236	17	242	1.80e-26	105
g2022.t1	VFG026711(gb|WP_015289786)	35.065	231	122	10	2	218	610	826	2.19e-26	109
g2022.t1	VFG023850(gb|WP_043955033)	34.389	221	135	5	2	218	6	220	2.88e-26	105
g2022.t1	VFG022453(gb|WP_012393578)	30.876	217	147	3	2	218	8	221	3.08e-26	105
g2022.t1	VFG009576(gb|WP_024637120)	34.513	226	128	9	2	217	620	835	3.27e-26	108
g2022.t1	VFG013731(gb|WP_005291888)	31.624	234	141	6	11	234	34	258	4.69e-26	104
g2022.t1	VFG007912(gb|WP_011740072)	30.876	217	147	3	2	218	8	221	4.72e-26	105
g2022.t1	VFG008825(gb|WP_015355163)	30.876	217	147	3	2	218	8	221	5.12e-26	105
g2022.t1	VFG013727(gb|WP_004566911)	31.855	248	144	5	7	242	19	253	5.13e-26	103
g2022.t1	VFG013022(gb|NP_706444)	28.571	231	155	4	11	236	17	242	6.04e-26	103
g2022.t1	VFG013021(gb|WP_000140647)	28.571	231	155	4	11	236	17	242	6.91e-26	103
g2022.t1	VFG013025(gb|WP_000140630)	28.571	231	155	4	11	236	17	242	6.98e-26	103
g2022.t1	VFG005775(gb|WP_000403526)	28.832	274	182	5	2	269	3	269	7.35e-26	104
g2022.t1	VFG020177(gb|WP_000140632)	28.571	231	155	4	11	236	17	242	1.32e-25	102
g2022.t1	VFG048481(gb|WP_014228352)	27.426	237	162	4	5	236	11	242	2.24e-25	102
g2022.t1	VFG044358(gb|WP_013317301)	32.759	232	121	6	11	223	13	228	3.26e-25	102
g2022.t1	VFG013026(gb|WP_000140653)	28.821	229	157	3	11	236	17	242	4.56e-25	101
g2022.t1	VFG023851(gb|WP_036428980)	34.404	218	139	4	2	218	6	220	6.51e-25	102
g2022.t1	VFG022780(gb|WP_012395628)	34.483	232	124	9	1	218	624	841	7.91e-25	104
g2022.t1	VFG007255(gb|WP_000615308)	29.956	227	156	2	1	225	1	226	1.19e-24	100
g2022.t1	VFG044213(gb|WP_000403742)	30.374	214	141	4	27	236	27	236	1.27e-24	100
g2022.t1	VFG009577(gb|WP_011741579)	34.483	232	124	9	1	218	624	841	1.39e-24	103
g2022.t1	VFG048480(gb|WP_014837773)	27.004	237	163	4	5	236	11	242	1.60e-24	99.8
g2022.t1	VFG007023(gb|WP_149591715)	33.173	208	129	7	16	218	471	673	2.14e-24	103
g2022.t1	VFG007257(gb|WP_005482130)	29.018	224	148	3	1	218	1	219	3.18e-24	99.0
g2022.t1	VFG008678(gb|WP_041321021)	34.389	221	135	5	2	218	6	220	3.29e-24	100
g2022.t1	VFG021794(gb|WP_013240890)	30.435	230	130	6	13	225	35	251	4.50e-24	99.4
g2022.t1	VFG007915(gb|WP_011560224)	29.717	212	146	3	7	218	18	226	4.64e-24	100
g2022.t1	VFG026713(gb|WP_015356664)	34.052	232	125	9	1	218	624	841	7.00e-24	102
g2022.t1	VFG016166(gb|WP_003372869)	29.344	259	152	7	2	246	4	245	1.06e-23	97.8
g2022.t1	VFG007909(gb|WP_003876146)	33.486	218	141	4	2	218	6	220	1.13e-23	98.6
g2022.t1	VFG044228(gb|WP_044488032)	29.114	237	146	8	2	226	335	561	1.14e-23	101
g2022.t1	VFG021792(gb|WP_013241846)	29.302	215	146	3	7	217	22	234	1.18e-23	97.8
g2022.t1	VFG007914(gb|WP_011780329)	30.660	212	144	3	7	218	13	221	2.28e-23	98.2
g2022.t1	VFG016167(gb|WP_004665393)	29.119	261	150	8	2	246	4	245	2.53e-23	96.7
g2022.t1	VFG013702(gb|WP_010934023)	34.956	226	106	9	27	236	33	233	3.02e-23	96.3
g2022.t1	VFG021855(gb|WP_011726608)	29.098	244	145	5	7	236	18	247	6.59e-23	95.9
g2022.t1	VFG026729(gb|WP_020822014)	35.242	227	127	9	2	218	622	838	1.53e-22	98.2
g2022.t1	VFG007026(gb|WP_155116723)	31.308	214	137	7	16	224	471	679	1.53e-22	97.8
g2022.t1	VFG023849(gb|WP_013471676)	30.189	212	145	3	7	218	13	221	1.84e-22	95.5
g2022.t1	VFG007913(gb|WP_011894249)	30.189	212	145	3	7	218	13	221	1.88e-22	95.5
g2022.t1	VFG024068(gb|WP_014379607)	35.683	227	126	10	2	218	622	838	1.93e-22	97.8
g2022.t1	VFG001269(gb|WP_010929996)	32.636	239	133	7	2	225	471	696	1.94e-22	97.8
g2022.t1	VFG022786(gb|WP_013828471)	34.348	230	123	10	2	217	616	831	2.94e-22	97.1
g2022.t1	VFG013717(gb|WP_006769628)	32.432	222	141	5	2	218	5	222	3.04e-22	93.6
g2022.t1	VFG007025(gb|WP_086016961)	31.455	213	136	7	17	224	472	679	3.67e-22	96.7
g2022.t1	VFG022781(gb|YP_001702997)	33.186	226	133	8	10	225	621	838	5.20e-22	96.7
g2022.t1	VFG013728(gb|WP_011273788)	29.435	248	152	5	7	243	11	246	6.13e-22	92.8
g2022.t1	VFG026714(gb|WP_005058852)	32.743	226	134	8	10	225	621	838	1.03e-21	95.5
g2022.t1	VFG026708(gb|WP_016342533)	32.743	226	134	8	10	225	621	838	1.09e-21	95.5
g2022.t1	VFG024067(gb|WP_036458564)	35.242	227	127	9	2	218	622	838	1.38e-21	95.1
g2022.t1	VFG024064(gb|WP_043955645)	35.242	227	127	10	2	218	622	838	1.38e-21	95.1
g2022.t1	VFG024065(gb|WP_014711101)	35.242	227	127	10	2	218	622	838	1.53e-21	95.1
g2022.t1	VFG024066(gb|WP_026071504)	35.242	227	127	10	2	218	622	838	1.55e-21	95.1
g2022.t1	VFG035924(gb|WP_000593973)	30.500	200	132	4	1	196	1	197	1.58e-21	90.5
g2022.t1	VFG008680(gb|WP_015309619)	28.571	217	152	3	2	218	8	221	1.73e-21	92.8
g2022.t1	VFG044250(gb|WP_005311724)	32.068	237	141	8	1	224	7	236	1.85e-21	91.7
g2022.t1	VFG037395(gb|YP_005799714)	31.004	229	144	6	32	251	4	227	3.10e-21	90.1
g2022.t1	VFG044281(gb|WP_012367516)	30.180	222	150	5	8	227	15	233	3.41e-21	90.9
g2022.t1	VFG044229(gb|WP_011533702)	30.263	228	147	7	2	223	354	575	4.15e-21	93.6
g2022.t1	VFG012536(gb|WP_001295637)	30.043	233	145	8	2	224	344	568	7.00e-21	92.8
g2022.t1	VFG048565(gb|WP_014229380)	29.258	229	152	6	2	224	344	568	7.13e-21	92.8
g2022.t1	VFG034049(gb|WP_000654452)	30.043	233	145	8	2	224	344	568	7.27e-21	92.8
g2022.t1	VFG012535(gb|WP_001327263)	30.043	233	145	8	2	224	344	568	7.27e-21	92.8
g2022.t1	VFG034048(gb|WP_024256148)	30.043	233	145	8	2	224	344	568	7.34e-21	92.8
g2022.t1	VFG044303(gb|WP_001044024)	27.679	224	148	7	2	218	339	555	8.96e-21	92.4
g2022.t1	VFG033882(gb|WP_000987096)	26.778	239	165	5	2	234	468	702	1.12e-20	92.4
g2022.t1	VFG048566(gb|WP_014907271)	30.043	233	145	8	2	224	344	568	1.24e-20	92.0
g2022.t1	VFG000366(gb|WP_002212761)	30.043	233	145	8	2	224	344	568	1.37e-20	92.0
g2022.t1	VFG044325(gb|WP_002212761)	30.043	233	145	8	2	224	344	568	1.37e-20	92.0
g2022.t1	VFG048567(gb|YP_005227763)	30.043	233	145	8	2	224	344	568	1.44e-20	92.0
g2022.t1	VFG034050(gb|WP_001446633)	30.043	233	145	8	2	224	344	568	1.44e-20	92.0
g2022.t1	VFG012538(gb|WP_001350678)	30.043	233	145	8	2	224	344	568	1.49e-20	92.0
g2022.t1	VFG012478(gb|WP_000376544)	28.959	221	135	7	19	228	487	696	1.57e-20	92.0
g2022.t1	VFG003507(gb|WP_005168689)	30.043	233	145	8	2	224	344	568	1.58e-20	92.0
g2022.t1	VFG012537(gb|WP_001304269)	30.043	233	145	8	2	224	344	568	1.63e-20	91.7
g2022.t1	VFG000841(gb|WP_000987091)	26.778	239	165	5	2	234	468	702	1.64e-20	92.0
g2022.t1	VFG034051(gb|WP_014639938)	30.043	233	145	8	2	224	344	568	1.64e-20	91.7
g2022.t1	VFG034056(gb|WP_001608389)	30.043	233	145	8	2	224	344	568	1.70e-20	91.7
g2022.t1	VFG033884(gb|WP_000376541)	28.959	221	135	7	19	228	487	696	1.78e-20	91.7
g2022.t1	VFG034041(gb|WP_000654453)	30.043	233	145	8	2	224	344	568	1.96e-20	91.7
g2022.t1	VFG000907(gb|WP_000376545)	28.700	223	137	7	19	230	487	698	2.21e-20	91.7
g2022.t1	VFG012480(gb|WP_000376543)	28.959	221	135	7	19	228	487	696	2.62e-20	91.3
g2022.t1	VFG013248(gb|WP_010868928)	30.000	230	148	6	2	223	347	571	3.41e-20	90.9
g2022.t1	VFG033885(gb|WP_000376538)	28.182	220	138	5	19	228	487	696	3.73e-20	90.9
g2022.t1	VFG038916(gb|WP_011705263)	34.101	217	133	7	17	228	468	679	3.95e-20	90.9
g2022.t1	VFG013249(gb|WP_011271803)	30.000	230	148	6	2	223	347	571	6.09e-20	90.1
g2022.t1	VFG013250(gb|WP_005687513)	30.000	230	148	6	2	223	347	571	6.15e-20	90.1
g2022.t1	VFG013251(gb|WP_012054790)	30.000	230	148	6	2	223	347	571	7.34e-20	89.7
g2022.t1	VFG012509(gb|WP_001111200)	33.929	224	121	8	12	219	353	565	9.31e-20	89.7
g2022.t1	VFG012509(gb|WP_001111200)	26.582	237	152	7	2	225	963	1190	1.47e-13	71.2
g2022.t1	VFG012971(gb|WP_011378643)	33.929	224	121	8	12	219	353	565	9.75e-20	89.7
g2022.t1	VFG012971(gb|WP_011378643)	26.582	237	152	7	2	225	963	1190	1.39e-13	71.2
g2022.t1	VFG012510(gb|WP_001298170)	33.929	224	121	8	12	219	353	565	9.84e-20	89.7
g2022.t1	VFG012510(gb|WP_001298170)	26.582	237	152	7	2	225	963	1190	1.49e-13	71.2
g2022.t1	VFG018924(gb|WP_012229555)	29.614	233	146	8	2	224	344	568	1.08e-19	89.4
g2022.t1	VFG007911(gb|WP_010908851)	29.907	214	145	4	7	218	13	223	1.26e-19	87.8
g2022.t1	VFG013716(gb|WP_041626280)	28.194	227	156	3	2	224	8	231	1.56e-19	86.7
g2022.t1	VFG013252(gb|WP_010945439)	29.386	228	142	8	2	218	342	561	2.08e-19	88.6
g2022.t1	VFG048564(gb|WP_014838498)	28.821	229	153	6	2	224	344	568	2.16e-19	88.6
g2022.t1	VFG016187(gb|WP_011168850)	30.043	233	145	7	4	227	347	570	2.46e-19	88.2
g2022.t1	VFG013070(gb|WP_001626196)	28.879	232	152	4	1	224	1	227	2.48e-19	85.5
g2022.t1	VFG016186(gb|WP_005762824)	30.317	221	140	7	4	217	347	560	2.97e-19	88.2
g2022.t1	VFG044172(gb|WP_000622316)	28.879	232	152	4	1	224	1	227	3.19e-19	85.1
g2022.t1	VFG033929(gb|WP_001111198)	33.482	224	122	8	12	219	353	565	3.55e-19	88.2
g2022.t1	VFG033929(gb|WP_001111198)	26.582	237	152	7	2	225	963	1190	1.33e-13	71.6
g2022.t1	VFG012511(gb|WP_001442133)	33.482	224	122	8	12	219	353	565	3.72e-19	88.2
g2022.t1	VFG012511(gb|WP_001442133)	26.160	237	153	7	2	225	963	1190	6.20e-13	69.3
g2022.t1	VFG012512(gb|WP_001111199)	33.482	224	122	8	12	219	353	565	3.79e-19	88.2
g2022.t1	VFG012512(gb|WP_001111199)	26.160	237	153	7	2	225	963	1190	6.26e-13	69.3
g2022.t1	VFG016112(gb|WP_171053477)	27.468	233	143	7	4	223	337	556	4.25e-19	87.4
g2022.t1	VFG044336(gb|WP_050767835)	31.441	229	139	9	2	218	341	563	5.20e-19	87.8
g2022.t1	VFG044336(gb|WP_050767835)	25.652	230	149	7	2	218	962	1182	2.20e-12	67.8
g2022.t1	VFG048551(gb|WP_011251260)	31.878	229	138	9	2	218	341	563	6.44e-19	87.4
g2022.t1	VFG048551(gb|WP_011251260)	26.087	230	148	7	2	218	962	1182	1.93e-13	70.9
g2022.t1	VFG035919(gb|WP_000621743)	29.500	200	129	5	9	201	9	203	7.84e-19	83.2
g2022.t1	VFG013703(gb|WP_011273220)	32.683	205	130	4	24	224	25	225	1.24e-18	83.6
g2022.t1	VFG013715(gb|WP_010934432)	28.829	222	151	4	1	218	6	224	1.48e-18	84.0
g2022.t1	VFG050113(gb|WP_000590108)	24.498	249	170	8	1	245	1	235	1.87e-18	83.6
g2022.t1	VFG013149(gb|WP_041605303)	28.070	228	145	8	2	218	342	561	1.94e-18	85.5
g2022.t1	VFG013253(gb|WP_011609176)	28.070	228	145	8	2	218	342	561	2.00e-18	85.5
g2022.t1	VFG035923(gb|WP_000621745)	29.500	200	129	5	9	201	9	203	3.12e-18	81.6
g2022.t1	VFG009587(gb|WP_011731354)	32.579	221	141	5	2	218	332	548	4.80e-18	84.3
g2022.t1	VFG044147(gb|NP_461701)	30.894	246	136	9	17	231	343	585	1.02e-17	84.0
g2022.t1	VFG044147(gb|NP_461701)	28.125	224	146	7	2	218	971	1186	1.65e-13	71.2
g2022.t1	VFG046678(gb|WP_012429567)	31.188	202	120	9	2	193	352	544	1.62e-17	82.8
g2022.t1	VFG022788(gb|YP_001702996)	30.472	233	132	7	2	218	333	551	1.74e-17	82.8
g2022.t1	VFG044304(gb|WP_000588838)	26.840	231	141	7	2	217	335	552	1.76e-17	82.8
g2022.t1	VFG046680(gb|WP_003020700)	31.034	203	119	9	2	193	352	544	1.83e-17	82.8
g2022.t1	VFG016185(gb|WP_011168851)	28.000	225	146	6	2	217	335	552	2.09e-17	82.4
g2022.t1	VFG006082(gb|WP_011226326)	25.943	212	141	5	9	219	39	235	2.72e-17	81.6
g2022.t1	VFG046675(gb|WP_010031959)	31.156	199	116	9	6	193	356	544	2.75e-17	82.0
g2022.t1	VFG026731(gb|WP_005058854)	30.472	233	132	7	2	218	333	551	2.76e-17	82.0
g2022.t1	VFG046673(gb|WP_003039938)	31.527	203	118	9	2	193	352	544	2.86e-17	82.0
g2022.t1	VFG046677(gb|WP_011648738)	31.156	199	116	9	6	193	359	547	2.94e-17	82.0
g2022.t1	VFG026750(gb|WP_020822015)	33.186	226	135	9	2	218	331	549	3.57e-17	82.0
g2022.t1	VFG046684(gb|WP_014549988)	31.527	203	118	9	2	193	352	544	3.88e-17	81.6
g2022.t1	VFG048568(gb|WP_014838499)	29.333	225	146	7	2	218	312	531	6.00e-17	81.3
g2022.t1	VFG048569(gb|WP_014229381)	29.333	225	146	7	2	218	312	531	7.02e-17	80.9
g2022.t1	VFG038918(gb|WP_164927583)	31.416	226	139	8	2	218	472	690	8.01e-17	80.9
g2022.t1	VFG044135(gb|WP_002209058)	28.968	252	155	8	1	238	11	252	8.15e-17	78.6
g2022.t1	VFG016110(gb|WP_012074239)	32.468	231	141	9	2	225	330	552	8.61e-17	80.9
g2022.t1	VFG024070(gb|WP_014711102)	33.480	227	136	9	2	218	331	552	9.56e-17	80.5
g2022.t1	VFG044310(gb|WP_006486076)	28.063	253	153	6	7	247	13	248	1.25e-16	78.6
g2022.t1	VFG044143(gb|WP_002209483)	32.663	199	126	6	19	213	355	549	1.25e-16	80.1
g2022.t1	VFG034066(gb|WP_001296192)	28.571	231	152	7	2	224	312	537	1.80e-16	79.7
g2022.t1	VFG024071(gb|WP_009952859)	33.480	227	136	9	2	218	331	552	1.88e-16	79.7
g2022.t1	VFG024072(gb|WP_014384095)	33.480	227	136	9	2	218	331	552	1.98e-16	79.7
g2022.t1	VFG008835(gb|WP_009939128)	28.922	204	140	4	2	203	8	208	2.08e-16	78.6
g2022.t1	VFG007904(gb|NP_217452)	28.922	204	140	4	2	203	8	208	2.29e-16	78.2
g2022.t1	VFG007907(gb|WP_003414846)	28.780	205	141	4	2	204	8	209	2.53e-16	78.2
g2022.t1	VFG008823(gb|WP_015291060)	28.780	205	141	4	2	204	8	209	2.67e-16	78.2
g2022.t1	VFG044077(gb|YP_002344985)	26.087	230	162	4	1	224	1	228	2.77e-16	77.0
g2022.t1	VFG044295(gb|WP_004243181)	27.869	244	152	7	5	236	13	244	3.01e-16	77.0
g2022.t1	VFG016184(gb|WP_005762826)	27.111	225	148	6	2	217	335	552	3.39e-16	79.0
g2022.t1	VFG003387(gb|WP_012413641)	28.571	231	152	7	2	224	312	537	3.51e-16	79.0
g2022.t1	VFG034073(gb|WP_014640167)	28.571	231	152	7	2	224	312	537	3.71e-16	79.0
g2022.t1	VFG024069(gb|WP_014941520)	33.040	227	137	9	2	218	331	552	3.76e-16	79.0
g2022.t1	VFG034064(gb|WP_001304268)	28.571	231	152	7	2	224	312	537	3.82e-16	78.6
g2022.t1	VFG034058(gb|WP_001386872)	28.571	231	152	7	2	224	312	537	3.82e-16	78.6
g2022.t1	VFG009584(gb|WP_003873185)	33.036	224	138	9	2	218	331	549	3.85e-16	78.6
g2022.t1	VFG000365(gb|WP_002214412)	28.571	231	152	7	2	224	312	537	3.89e-16	78.6
g2022.t1	VFG026736(gb|WP_015356663)	32.743	226	136	9	2	218	332	550	3.89e-16	78.6
g2022.t1	VFG022787(gb|WP_012395627)	32.743	226	136	9	2	218	332	550	3.89e-16	78.6
g2022.t1	VFG002747(gb|WP_001327262)	28.571	231	152	7	2	224	312	537	4.03e-16	78.6
g2022.t1	VFG044326(gb|WP_001327262)	28.571	231	152	7	2	224	312	537	4.03e-16	78.6
g2022.t1	VFG046110(gb|WP_001317926)	28.571	231	152	7	2	224	312	537	4.03e-16	78.6
g2022.t1	VFG012539(gb|WP_001327262)	28.571	231	152	7	2	224	312	537	4.03e-16	78.6
g2022.t1	VFG012541(gb|WP_001327954)	28.571	231	152	7	2	224	312	537	4.07e-16	78.6
g2022.t1	VFG009586(gb|WP_011741578)	32.743	226	136	9	2	218	332	550	4.26e-16	78.6
g2022.t1	VFG044189(gb|WP_011179200)	26.582	237	157	8	1	225	1	232	1.13e-15	75.5
g2022.t1	VFG044110(gb|WP_010929751)	27.016	248	160	6	2	236	3	242	1.30e-15	75.1
g2022.t1	VFG048570(gb|WP_014907270)	28.139	231	153	7	2	224	312	537	1.35e-15	77.0
g2022.t1	VFG012578(gb|WP_000983714)	28.571	301	174	11	2	294	7	274	1.43e-15	75.5
g2022.t1	VFG012576(gb|WP_000983716)	28.571	301	174	11	2	294	7	274	1.46e-15	75.1
g2022.t1	VFG018671(gb|WP_012000441)	26.168	214	138	5	9	219	39	235	1.70e-15	76.3
g2022.t1	VFG012577(gb|WP_000983702)	28.571	301	174	11	2	294	7	274	1.74e-15	75.1
g2022.t1	VFG046688(gb|WP_041263713)	30.049	203	121	9	2	193	352	544	1.91e-15	76.6
g2022.t1	VFG009585(gb|WP_011724227)	32.589	224	139	9	2	218	331	549	1.93e-15	76.6
g2022.t1	VFG013049(gb|WP_000983723)	28.374	289	170	10	2	282	7	266	2.31e-15	74.7
g2022.t1	VFG013045(gb|WP_000983722)	28.374	289	170	10	2	282	7	266	2.64e-15	74.7
g2022.t1	VFG022793(gb|WP_013828472)	31.839	223	142	7	2	218	332	550	2.65e-15	76.3
g2022.t1	VFG034217(gb|WP_000983704)	28.571	301	174	11	2	294	7	274	2.67e-15	74.7
g2022.t1	VFG034207(gb|WP_000983720)	28.276	290	169	11	2	282	7	266	2.67e-15	74.7
g2022.t1	VFG012579(gb|WP_000983706)	28.571	301	174	11	2	294	7	274	2.83e-15	74.3
g2022.t1	VFG012580(gb|WP_000983712)	28.571	301	174	11	2	294	7	274	3.34e-15	74.3
g2022.t1	VFG037387(gb|YP_001085408)	28.837	215	139	6	46	251	2	211	3.34e-15	73.2
g2022.t1	VFG046674(gb|WP_012280806)	30.049	203	121	9	2	193	352	544	3.70e-15	75.9
g2022.t1	VFG003506(gb|WP_042661463)	27.706	231	154	7	2	224	312	537	3.73e-15	75.9
g2022.t1	VFG034214(gb|WP_000983710)	28.571	301	174	11	2	294	7	274	3.82e-15	73.9
g2022.t1	VFG016108(gb|WP_011061774)	27.111	225	142	6	13	226	342	555	4.65e-15	75.5
g2022.t1	VFG013050(gb|WP_000983719)	28.511	235	152	7	2	228	7	233	4.68e-15	73.9
g2022.t1	VFG006059(gb|WP_011681436)	25.346	217	142	5	9	222	39	238	5.61e-15	74.7
g2022.t1	VFG006065(gb|WP_011227428)	25.346	217	142	5	9	222	39	238	5.67e-15	74.7
g2022.t1	VFG013047(gb|WP_000983717)	28.028	289	171	10	2	282	7	266	5.74e-15	73.6
g2022.t1	VFG044236(gb|WP_011815405)	26.923	234	156	5	1	225	11	238	7.09e-15	73.2
g2022.t1	VFG015383(gb|WP_011064245)	31.754	211	122	5	1	194	1	206	1.06e-14	72.4
g2022.t1	VFG016107(gb|WP_003137474)	32.618	233	129	10	17	236	344	561	2.05e-14	73.6
g2022.t1	VFG037052(gb|WP_002229142)	30.233	215	136	6	16	226	17	221	2.11e-14	71.2
g2022.t1	VFG020087(gb|WP_012613544)	31.169	231	144	9	2	225	330	552	3.75e-14	72.8
g2022.t1	VFG026734(gb|WP_015289787)	30.303	231	149	8	2	225	332	557	3.85e-14	72.8
g2022.t1	VFG037046(gb|WP_176607322)	29.302	215	138	6	16	226	17	221	4.05e-14	70.5
g2022.t1	VFG016111(gb|WP_003137473)	31.169	231	144	9	2	225	330	552	5.21e-14	72.4
g2022.t1	VFG016532(gb|NP_975942)	26.866	134	92	1	90	217	106	239	5.83e-14	71.2
g2022.t1	VFG037264(gb|WP_020753356)	31.892	185	111	6	16	193	336	512	7.27e-14	72.0
g2022.t1	VFG037278(gb|WP_139161447)	28.502	207	138	4	2	207	320	517	7.71e-14	71.6
g2022.t1	VFG037260(gb|WP_001095752)	31.892	185	111	6	16	193	336	512	8.90e-14	71.6
g2022.t1	VFG037261(gb|YP_001085396)	31.892	185	111	6	16	193	269	445	1.01e-13	71.2
g2022.t1	VFG037272(gb|WP_001281555)	28.230	209	136	4	2	207	329	526	1.29e-13	71.2
g2022.t1	VFG037258(gb|WP_001090101)	31.892	185	111	6	16	193	336	512	1.38e-13	70.9
g2022.t1	VFG037050(gb|WP_169577348)	30.645	186	116	5	16	197	17	193	1.39e-13	68.9
g2022.t1	VFG037062(gb|WP_181778380)	30.645	186	116	5	16	197	17	193	1.44e-13	68.9
g2022.t1	VFG026735(gb|WP_015292877)	30.000	230	151	7	2	225	332	557	1.47e-13	70.9
g2022.t1	VFG037047(gb|WP_010361246)	30.645	186	116	5	16	197	17	193	1.47e-13	68.9
g2022.t1	VFG009579(gb|NP_215865)	30.000	230	151	7	2	225	332	557	1.76e-13	70.9
g2022.t1	VFG044153(gb|WP_011063599)	32.843	204	125	6	16	213	348	545	1.83e-13	70.9
g2022.t1	VFG015384(gb|WP_003246989)	33.155	187	108	5	21	194	20	202	1.86e-13	68.6
g2022.t1	VFG001267(gb|NP_252913)	31.169	231	144	9	2	225	330	552	1.93e-13	70.5
g2022.t1	VFG037273(gb|WP_001281554)	28.230	209	136	4	2	207	329	526	2.06e-13	70.5
g2022.t1	VFG021859(gb|WP_011726610)	24.576	236	139	8	2	218	352	567	2.71e-13	70.1
g2022.t1	VFG037266(gb|WP_001090102)	31.892	185	111	6	16	193	336	512	3.09e-13	70.1
g2022.t1	VFG002059(gb|NP_248763)	32.227	211	121	7	1	194	2	207	3.60e-13	67.8
g2022.t1	VFG037053(gb|WP_173361995)	29.767	215	137	6	16	226	17	221	3.76e-13	67.8
g2022.t1	VFG037048(gb|WP_002255537)	28.837	215	139	6	16	226	17	221	4.15e-13	67.8
g2022.t1	VFG015380(gb|WP_003136959)	32.227	211	121	7	1	194	2	207	4.49e-13	67.8
g2022.t1	VFG045715(gb|WP_012979218)	27.179	195	135	4	1	193	1	190	4.61e-13	67.0
g2022.t1	VFG016106(gb|WP_012074240)	29.148	223	114	7	17	217	344	544	4.71e-13	69.3
g2022.t1	VFG005922(gb|WP_011837183)	23.832	214	143	5	9	219	38	234	5.17e-13	68.9
g2022.t1	VFG037056(gb|WP_180298705)	28.837	215	139	6	16	226	17	221	5.70e-13	67.4
g2022.t1	VFG037054(gb|WP_187287149)	28.837	215	139	6	16	226	17	221	6.40e-13	67.0
g2022.t1	VFG037280(gb|WP_001281545)	27.273	209	138	4	2	207	329	526	6.90e-13	68.9
g2022.t1	VFG044314(gb|WP_012492604)	25.000	208	145	3	16	219	367	567	8.14e-13	68.6
g2022.t1	VFG037045(gb|WP_173024114)	28.440	218	136	6	16	226	17	221	1.06e-12	66.6
g2022.t1	VFG013719(gb|WP_011013622)	24.893	233	145	6	1	218	3	220	1.53e-12	66.6
g2022.t1	VFG044100(gb|NP_253394)	28.049	246	157	8	1	236	1	236	1.89e-12	66.2
g2022.t1	VFG015379(gb|WP_011979124)	31.754	211	122	7	1	194	2	207	2.27e-12	65.5
g2022.t1	VFG037274(gb|WP_001281538)	27.184	206	142	2	2	207	329	526	2.32e-12	67.4
g2022.t1	VFG037277(gb|WP_031967279)	27.184	206	142	2	2	207	320	517	2.69e-12	67.0
g2022.t1	VFG013718(gb|WP_011896674)	25.652	230	147	5	1	218	3	220	4.26e-12	65.1
g2022.t1	VFG005937(gb|WP_002261978)	23.041	217	147	5	9	222	39	238	4.31e-12	66.2
g2022.t1	VFG026717(gb|YP_007961261)	33.108	148	77	7	89	225	9	145	5.55e-12	63.2
g2022.t1	VFG010865(gb|WP_011945967)	26.570	207	137	7	1	204	1	195	6.13e-12	63.5
g2022.t1	VFG002176(gb|AAM75252)	26.582	237	148	9	5	227	474	698	6.88e-12	65.9
g2022.t1	VFG016540(gb|NP_975950)	26.119	134	92	2	90	217	106	238	8.11e-12	64.7
g2022.t1	VFG001266(gb|NP_252912)	34.211	190	100	8	17	193	344	521	8.27e-12	65.5
g2022.t1	VFG010864(gb|WP_011215036)	26.570	207	137	7	1	204	1	195	8.45e-12	63.2
g2022.t1	VFG020086(gb|WP_012613545)	34.211	190	100	8	17	193	344	521	8.57e-12	65.5
g2022.t1	VFG026227(gb|WP_004538663)	24.812	266	171	7	15	279	56	293	1.38e-11	64.7
g2022.t1	VFG010862(gb|WP_010946592)	26.570	207	137	7	1	204	1	195	1.47e-11	62.4
g2022.t1	VFG011190(gb|WP_003807078)	25.481	208	141	4	12	219	40	233	2.20e-11	63.9
g2022.t1	VFG021788(gb|WP_013241313)	25.581	215	159	1	11	224	16	230	2.24e-11	63.2
g2022.t1	VFG016029(gb|WP_011062372)	26.087	207	130	5	20	219	359	549	4.22e-11	63.5
g2022.t1	VFG045320(gb|WP_010946510)	25.126	199	135	4	16	214	79	263	5.64e-11	62.8
g2022.t1	VFG016030(gb|WP_011333314)	25.446	224	151	6	3	222	340	551	5.87e-11	63.2
g2022.t1	VFG044091(gb|NP_252096)	32.796	186	118	5	13	194	345	527	6.40e-11	63.2
g2022.t1	VFG019986(gb|WP_015886547)	30.542	203	119	6	6	194	8	202	1.98e-10	59.7
g2022.t1	VFG020068(gb|WP_012723750)	24.876	201	140	3	20	219	359	549	2.76e-10	60.8
g2022.t1	VFG016027(gb|WP_041168379)	27.451	204	130	5	20	219	359	548	3.07e-10	60.8
g2022.t1	VFG049050(gb|WP_015958690)	25.000	204	139	4	11	214	47	236	4.71e-10	60.1
g2022.t1	VFG000160(gb|NP_251087)	23.350	197	141	2	20	216	359	545	6.05e-10	60.1
g2022.t1	VFG016026(gb|WP_010954971)	26.633	199	132	5	20	216	359	545	8.94e-10	59.3
g2022.t1	VFG016024(gb|WP_011267350)	25.773	194	134	5	20	213	359	542	1.55e-09	58.5
g2022.t1	VFG016025(gb|WP_005753277)	25.510	196	132	5	20	213	359	542	1.72e-09	58.5
g2022.t1	VFG015821(gb|WP_012315374)	25.123	203	142	4	17	219	356	548	1.89e-09	58.5
g2022.t1	VFG016028(gb|WP_011534370)	25.481	208	129	6	20	219	359	548	6.14e-09	57.0
g2022.t1	VFG021858(gb|WP_003891342)	29.651	172	111	4	54	218	390	558	6.80e-09	56.6
g2022.t1	VFG049059(gb|WP_020956643)	22.907	227	155	6	14	239	37	244	7.62e-09	56.2
g2022.t1	VFG019310(gb|WP_004686562)	27.488	211	133	6	10	217	42	235	1.04e-08	55.1
g2022.t1	VFG049084(gb|WP_004175264)	23.153	203	142	4	16	218	45	233	1.13e-08	54.7
g2022.t1	VFG049041(gb|WP_002912371)	23.153	203	142	4	16	218	45	233	1.17e-08	54.7
g2022.t1	VFG044441(gb|CAF25489)	29.379	177	89	8	92	240	16	184	1.18e-08	54.3
g2022.t1	VFG049080(gb|YP_005227849)	22.660	203	143	4	16	218	45	233	1.59e-08	54.3
g2022.t1	VFG016023(gb|WP_011103875)	25.258	194	135	4	20	213	359	542	1.61e-08	55.5
g2022.t1	VFG002228(gb|WP_002963677)	27.404	208	131	6	13	217	45	235	1.64e-08	54.3
g2022.t1	VFG011493(gb|WP_006189961)	27.404	208	131	6	13	217	45	235	1.69e-08	54.3
g2022.t1	VFG049057(gb|WP_012541096)	22.467	227	156	6	14	239	37	244	4.71e-08	53.9
g2022.t1	VFG016021(gb|WP_003148545)	23.500	200	143	3	20	219	360	549	5.02e-08	53.9
g2022.t1	VFG020065(gb|WP_012614134)	22.430	214	156	3	2	215	341	544	5.95e-08	53.9
g2022.t1	VFG049077(gb|WP_014230053)	22.660	203	143	4	16	218	45	233	1.64e-07	51.2
g2022.t1	VFG049076(gb|WP_004852439)	22.660	203	143	4	16	218	45	233	1.82e-07	51.2
g2022.t1	VFG026747(gb|YP_005922614)	32.159	227	130	10	19	225	336	558	1.85e-07	52.4
g2022.t1	VFG011491(gb|WP_002966711)	26.923	208	132	6	13	217	45	235	1.90e-07	51.2
g2022.t1	VFG015913(gb|WP_011267822)	23.318	223	150	5	2	214	343	554	4.54e-07	51.2
g2022.t1	VFG002181(gb|WP_002387127)	24.242	198	131	4	16	211	56	236	1.59e-06	49.3
g2022.t1	VFG044405(gb|CAA57069)	28.780	205	130	6	12	213	334	525	9.25e-06	47.0
