g3417.t1	VFG014133(gb|WP_012075037)	30.994	171	105	5	24	186	3	168	1.70e-10	61.2
g3417.t1	VFG038045(gb|WP_000697856)	32.164	171	103	7	23	186	1	165	2.90e-10	60.5
g3417.t1	VFG047143(gb|WP_011733708)	28.261	184	110	5	22	191	11	186	4.15e-10	60.1
g3417.t1	VFG047144(gb|WP_010030803)	28.333	180	107	5	26	191	15	186	5.24e-10	59.7
g3417.t1	VFG047147(gb|WP_003027881)	28.261	184	110	5	22	191	11	186	5.29e-10	59.7
g3417.t1	VFG014129(gb|WP_003150889)	29.825	171	84	6	21	177	3	151	2.23e-09	58.2
g3417.t1	VFG047149(gb|WP_003029668)	27.717	184	111	5	22	191	11	186	2.29e-09	57.8
g3417.t1	VFG016378(gb|WP_000686358)	28.902	173	108	7	23	191	1	162	2.57e-09	57.8
g3417.t1	VFG026320(gb|WP_009889301)	31.013	158	91	5	24	173	3	150	2.85e-09	57.4
g3417.t1	VFG002964(gb|WP_000459054)	28.916	166	82	6	26	177	8	151	8.16e-09	56.2
g3417.t1	VFG005018(gb|WP_000459053)	28.916	166	82	6	26	177	8	151	8.53e-09	56.2
g3417.t1	VFG001301(gb|WP_000459062)	28.916	166	82	6	26	177	8	151	9.09e-09	56.2
g3417.t1	VFG005017(gb|YP_498718)	32.203	118	65	4	26	129	8	124	1.34e-08	55.8
g3417.t1	VFG001374(gb|WP_000077424)	29.457	129	70	3	21	129	5	132	1.50e-08	55.5
g3417.t1	VFG014119(gb|WP_012075025)	29.412	136	78	3	24	143	3	136	1.56e-08	55.5
g3417.t1	VFG050201(gb|WP_000471738)	32.203	118	65	4	26	129	8	124	2.17e-08	55.1
g3417.t1	VFG002361(gb|WP_011816867)	25.568	176	99	6	23	175	1	167	2.36e-08	54.7
g3417.t1	VFG002967(gb|WP_000459057)	28.916	166	82	6	26	177	8	151	2.45e-08	54.7
g3417.t1	VFG019788(gb|WP_016253165)	30.857	175	98	6	25	186	6	170	3.98e-08	53.9
g3417.t1	VFG013372(gb|WP_010944658)	27.128	188	106	7	23	184	1	183	4.72e-08	53.9
g3417.t1	VFG013287(gb|WP_005688951)	28.571	182	106	7	23	186	1	176	1.55e-07	52.4
g3417.t1	VFG019018(gb|WP_192575220)	28.571	154	91	5	23	170	3	143	1.73e-07	52.0
g3417.t1	VFG013290(gb|WP_010944774)	26.374	182	110	6	23	186	1	176	2.32e-07	52.0
g3417.t1	VFG002965(gb|WP_011302064)	29.412	136	70	6	26	140	285	415	3.68e-07	51.6
g3417.t1	VFG050205(gb|WP_000122126)	28.324	173	81	7	21	172	275	425	4.56e-07	51.6
g3417.t1	VFG016401(gb|WP_000122128)	28.324	173	81	7	21	172	275	425	6.90e-07	50.8
g3417.t1	VFG013368(gb|WP_005693225)	26.316	190	105	6	23	184	2	184	7.14e-07	50.4
g3417.t1	VFG013291(gb|WP_011608942)	27.473	182	108	7	23	186	1	176	7.95e-07	50.1
g3417.t1	VFG047032(gb|WP_013922615)	27.374	179	96	7	26	176	8	180	9.94e-07	49.7
g3417.t1	VFG047023(gb|WP_003030216)	26.966	178	98	6	26	176	9	181	9.97e-07	49.7
g3417.t1	VFG047031(gb|WP_014714817)	27.528	178	97	6	26	176	9	181	1.11e-06	49.7
g3417.t1	VFG012005(gb|WP_002850705)	25.668	187	98	7	21	190	3	165	1.16e-06	49.7
g3417.t1	VFG047223(gb|WP_014548781)	32.000	125	68	7	21	129	260	383	1.19e-06	50.1
g3417.t1	VFG037923(gb|WP_000699387)	25.641	195	114	5	23	191	1	190	1.75e-06	49.3
g3417.t1	VFG013286(gb|WP_005694325)	31.111	135	76	4	23	140	1	135	1.85e-06	48.9
g3417.t1	VFG047020(gb|WP_012429801)	25.698	179	100	5	26	176	24	197	2.24e-06	48.9
g3417.t1	VFG047027(gb|WP_014550111)	26.404	178	99	6	26	176	15	187	2.51e-06	48.5
g3417.t1	VFG047022(gb|WP_003029663)	26.404	178	99	6	26	176	9	181	2.87e-06	48.5
g3417.t1	VFG002970(gb|WP_000940790)	30.882	136	68	6	26	140	285	415	3.27e-06	48.9
g3417.t1	VFG018675(gb|WP_041789920)	30.496	141	72	7	21	140	280	415	3.28e-06	48.9
g3417.t1	VFG038152(gb|WP_001062915)	26.590	173	90	6	24	172	3	162	3.56e-06	48.1
g3417.t1	VFG001300(gb|WP_000940793)	30.882	136	68	6	26	140	285	415	3.57e-06	48.5
g3417.t1	VFG038139(gb|WP_001062905)	26.590	173	90	6	24	172	3	162	4.10e-06	48.1
g3417.t1	VFG002969(gb|YP_498717)	30.882	136	68	6	26	140	285	415	4.53e-06	48.1
g3417.t1	VFG017815(gb|WP_011989747)	26.347	167	82	7	21	170	3	145	6.34e-06	47.4
g3417.t1	VFG002972(gb|WP_000940768)	30.882	136	68	6	26	140	285	415	6.67e-06	47.8
g3417.t1	VFG012004(gb|WP_002869093)	25.668	187	98	7	21	190	3	165	8.59e-06	47.0
g3417.t1	VFG047024(gb|WP_014548761)	26.404	178	99	6	26	176	9	181	8.88e-06	47.0
g3417.t1	VFG047017(gb|WP_012280626)	26.816	179	97	7	26	176	9	181	9.12e-06	47.0
g3417.t1	VFG016381(gb|WP_033685340)	26.627	169	81	7	25	172	279	425	9.53e-06	47.4
g3417.t1	VFG037910(gb|WP_000085124)	25.907	193	105	6	24	191	17	196	9.63e-06	47.0
