g4198.t1	VFG031699(gb|WP_005062022)	29.911	224	146	6	504	719	157	377	1.28e-16	83.2
g4198.t1	VFG031685(gb|YP_001704776)	29.911	224	146	6	504	719	157	377	2.12e-16	82.8
g4198.t1	VFG050691(gb|WP_001160336.1)	27.500	200	130	6	506	702	316	503	4.91e-16	81.6
g4198.t1	VFG014000(gb|WP_011335993)	33.488	215	116	8	506	707	312	512	1.67e-15	80.1
g4198.t1	VFG031674(gb|WP_085989560)	27.753	227	157	4	498	718	151	376	1.96e-15	79.0
g4198.t1	VFG050688(gb|WP_002001070.1)	27.000	200	131	6	506	702	301	488	2.68e-15	79.3
g4198.t1	VFG019761(gb|WP_012614544)	32.432	222	113	10	506	709	312	514	2.93e-15	79.3
g4198.t1	VFG001213(gb|NP_253236)	32.432	222	113	10	506	709	312	514	2.98e-15	79.3
g4198.t1	VFG031721(gb|WP_198345043)	27.875	287	190	9	442	718	87	366	3.21e-15	78.2
g4198.t1	VFG050682(gb|WP_001160333.1)	27.000	200	131	6	506	702	316	503	3.46e-15	79.0
g4198.t1	VFG050689(gb|WP_002037247.1)	27.000	200	131	6	506	702	301	488	6.84e-15	77.8
g4198.t1	VFG031676(gb|WP_011891086)	28.522	291	192	9	437	718	95	378	7.13e-15	77.0
g4198.t1	VFG031673(gb|WP_010950191)	27.313	227	158	4	498	718	151	376	8.01e-15	77.0
g4198.t1	VFG050686(gb|YP_001083312.1)	26.500	200	132	6	506	702	218	405	8.99e-15	77.0
g4198.t1	VFG031693(gb|WP_013470605)	28.522	291	192	9	437	718	95	378	1.34e-14	76.3
g4198.t1	VFG014002(gb|WP_011914664)	29.268	287	164	11	437	709	253	514	1.51e-14	77.0
g4198.t1	VFG031682(gb|WP_094987106)	27.273	231	161	4	498	722	151	380	2.59e-14	75.5
g4198.t1	VFG031690(gb|WP_012392756)	27.273	231	161	4	498	722	151	380	2.91e-14	75.5
g4198.t1	VFG031671(gb|WP_010908900)	27.907	258	174	6	467	718	124	375	4.84e-14	75.1
g4198.t1	VFG050685(gb|WP_001160337.1)	26.500	200	132	6	506	702	316	503	6.26e-14	75.1
g4198.t1	VFG015073(gb|WP_010952710)	25.397	315	213	7	410	705	185	496	8.64e-14	75.1
g4198.t1	VFG031677(gb|WP_014876913)	28.436	211	143	5	498	702	153	361	1.09e-13	73.6
g4198.t1	VFG013999(gb|WP_011167665)	27.692	325	191	15	410	717	224	521	1.11e-13	74.3
g4198.t1	VFG013995(gb|WP_003150028)	31.532	222	115	10	506	709	312	514	1.26e-13	73.9
g4198.t1	VFG013998(gb|WP_003403505)	29.279	222	135	9	506	717	312	521	2.65e-13	73.2
g4198.t1	VFG031683(gb|WP_011778104)	26.804	291	197	8	437	718	95	378	4.80e-13	71.6
g4198.t1	VFG015074(gb|WP_012053464)	25.079	315	214	7	410	705	185	496	6.26e-13	72.4
g4198.t1	VFG015783(gb|WP_012313127)	25.397	315	213	7	410	705	185	496	7.97e-13	72.0
g4198.t1	VFG032653(gb|WP_014092758)	25.339	221	158	5	504	718	257	476	2.12e-12	70.1
g4198.t1	VFG031713(gb|YP_007956676)	27.799	259	174	6	467	718	126	378	2.19e-12	69.7
g4198.t1	VFG015782(gb|WP_012270935)	24.762	315	215	7	410	705	185	496	2.60e-12	70.5
g4198.t1	VFG015075(gb|WP_011532652)	25.397	315	213	8	410	705	185	496	2.85e-12	70.1
g4198.t1	VFG031703(gb|WP_015292194)	27.132	258	176	5	467	718	126	377	3.04e-12	68.9
g4198.t1	VFG031686(gb|WP_003910136)	27.132	258	176	5	467	718	126	377	3.12e-12	68.9
g4198.t1	VFG031669(gb|NP_215004)	27.132	258	176	5	467	718	126	377	3.19e-12	68.9
g4198.t1	VFG031675(gb|WP_011799109)	27.132	258	176	5	467	718	126	377	3.55e-12	68.9
g4198.t1	VFG024171(gb|WP_014710887)	32.381	210	131	5	501	704	247	451	7.26e-12	68.2
g4198.t1	VFG014001(gb|WP_003243065)	29.630	216	125	9	506	708	312	513	8.60e-12	68.2
g4198.t1	VFG022912(gb|YP_001701426)	31.602	231	132	8	501	718	269	486	8.89e-12	68.2
g4198.t1	VFG027132(gb|WP_005064129)	31.602	231	132	8	501	718	247	464	8.93e-12	68.2
g4198.t1	VFG027154(gb|WP_020821555)	32.381	210	131	5	501	704	247	451	9.86e-12	67.8
g4198.t1	VFG024170(gb|WP_014381773)	32.381	210	131	5	501	704	247	451	9.86e-12	67.8
g4198.t1	VFG027137(gb|WP_015357321)	29.245	212	131	5	501	702	248	450	9.89e-12	67.8
g4198.t1	VFG009817(gb|WP_011738793)	29.245	212	131	5	501	702	248	450	9.89e-12	67.8
g4198.t1	VFG032654(gb|WP_003747594)	24.887	221	159	5	504	718	257	476	1.18e-11	67.4
g4198.t1	VFG013997(gb|WP_005769277)	27.556	225	136	8	506	717	312	522	1.24e-11	67.8
g4198.t1	VFG031678(gb|WP_011854538)	28.194	227	156	4	498	718	153	378	1.51e-11	66.6
g4198.t1	VFG031679(gb|WP_011558086)	28.194	227	156	4	498	718	153	378	1.62e-11	66.6
g4198.t1	VFG022911(gb|WP_012396470)	29.245	212	131	5	501	702	248	450	2.04e-11	67.0
g4198.t1	VFG022917(gb|WP_013830538)	30.901	233	148	7	501	726	249	475	2.41e-11	66.6
g4198.t1	VFG006833(gb|WP_011702190)	24.434	221	160	5	504	718	257	476	2.86e-11	66.2
g4198.t1	VFG015079(gb|WP_185745811)	25.751	233	156	5	490	709	270	498	3.30e-11	66.6
g4198.t1	VFG015070(gb|WP_011103673)	25.664	226	157	4	490	705	271	495	3.60e-11	66.6
g4198.t1	VFG038760(gb|WP_016351312)	25.957	235	154	9	494	721	114	335	4.81e-11	64.7
g4198.t1	VFG015072(gb|WP_011169248)	24.545	330	207	10	405	705	179	495	4.85e-11	66.2
g4198.t1	VFG038759(gb|WP_011706627)	25.957	235	154	9	494	721	114	335	5.36e-11	64.7
g4198.t1	VFG006832(gb|WP_003771747)	24.434	221	160	5	504	718	257	476	5.50e-11	65.5
g4198.t1	VFG019396(gb|WP_003736550)	24.434	221	160	5	504	718	257	476	5.74e-11	65.5
g4198.t1	VFG006830(gb|NP_464903)	24.434	221	160	5	504	718	257	476	5.74e-11	65.5
g4198.t1	VFG038762(gb|WP_005350683)	24.896	241	149	8	494	721	114	335	6.36e-11	64.3
g4198.t1	VFG032638(gb|WP_014654264)	24.434	221	160	5	504	718	257	476	7.20e-11	65.1
g4198.t1	VFG015071(gb|WP_011268595)	25.664	226	157	4	490	705	271	495	8.11e-11	65.5
g4198.t1	VFG031694(gb|WP_008261206)	27.753	227	157	4	498	718	151	376	9.05e-11	64.3
g4198.t1	VFG019942(gb|WP_012724914)	25.221	226	158	4	490	705	271	495	1.18e-10	65.1
g4198.t1	VFG027156(gb|WP_085976583)	30.660	212	133	7	501	704	248	453	1.30e-10	64.3
g4198.t1	VFG015076(gb|WP_011062714)	25.110	227	159	4	490	706	271	496	1.44e-10	64.7
g4198.t1	VFG015077(gb|WP_041475601)	25.221	226	158	4	490	705	271	495	1.45e-10	64.7
g4198.t1	VFG015078(gb|WP_012018243)	24.891	229	155	5	490	705	270	494	3.03e-10	63.5
g4198.t1	VFG015068(gb|WP_003156446)	25.551	227	158	4	490	706	270	495	4.07e-10	63.2
g4198.t1	VFG027136(gb|WP_015292432)	30.275	218	125	5	501	704	248	452	4.96e-10	62.4
g4198.t1	VFG015067(gb|NP_249619)	25.110	227	159	4	490	706	270	495	5.39e-10	62.8
g4198.t1	VFG011123(gb|WP_010926708)	26.728	217	147	6	497	702	713	928	5.70e-10	62.8
g4198.t1	VFG038761(gb|WP_005320182)	24.561	228	141	7	507	721	126	335	6.30e-10	61.2
g4198.t1	VFG011122(gb|WP_010928858)	26.728	217	147	6	497	702	713	928	6.75e-10	62.8
g4198.t1	VFG022914(gb|WP_014000393)	30.275	218	125	5	501	704	248	452	7.27e-10	62.0
g4198.t1	VFG002045(gb|WP_010930608)	27.189	217	146	7	497	702	713	928	7.55e-10	62.4
g4198.t1	VFG023574(gb|WP_013649086)	25.000	232	160	8	497	720	390	615	8.34e-10	62.4
g4198.t1	VFG009816(gb|WP_165928405)	31.250	208	136	5	501	704	246	450	1.29e-09	61.2
g4198.t1	VFG009815(gb|WP_162830471)	31.250	208	136	5	501	704	246	450	1.38e-09	60.8
g4198.t1	VFG027135(gb|WP_015289263)	29.817	218	126	5	501	704	248	452	1.42e-09	60.8
g4198.t1	VFG027142(gb|YP_007960665)	29.907	214	131	5	501	704	24	228	1.43e-09	59.3
g4198.t1	VFG024169(gb|WP_099961986)	30.328	244	142	8	501	726	267	500	1.69e-09	60.8
g4198.t1	VFG009818(gb|WP_014878477)	31.754	211	131	5	501	704	251	455	1.82e-09	60.5
g4198.t1	VFG009820(gb|WP_036377494)	30.516	213	131	6	501	704	248	452	2.63e-09	60.1
g4198.t1	VFG009819(gb|WP_041799901)	30.870	230	137	7	501	718	240	459	3.38e-09	59.7
g4198.t1	VFG027133(gb|WP_015287911)	29.907	214	131	5	501	704	248	452	3.54e-09	59.7
g4198.t1	VFG031691(gb|WP_013827420)	25.191	262	182	6	467	721	129	383	3.87e-09	59.3
g4198.t1	VFG027147(gb|YP_007956930)	29.907	214	131	5	501	704	248	452	4.12e-09	59.7
g4198.t1	VFG009812(gb|WP_003898576)	29.907	214	131	5	501	704	248	452	5.65e-09	58.9
g4198.t1	VFG010916(gb|WP_011215874)	24.314	255	159	9	490	721	282	525	5.77e-09	59.7
g4198.t1	VFG009810(gb|NP_215272)	29.907	214	131	5	501	704	248	452	5.85e-09	58.9
g4198.t1	VFG043398(gb|YP_002344200)	25.339	221	136	10	509	719	137	338	6.08e-09	58.2
g4198.t1	VFG009813(gb|WP_003403870)	29.907	214	131	5	501	704	248	452	6.22e-09	58.9
g4198.t1	VFG022913(gb|WP_013988770)	29.907	214	131	5	501	704	248	452	6.67e-09	58.9
g4198.t1	VFG010917(gb|WP_011946809)	24.490	245	171	9	490	721	282	525	8.93e-09	58.9
g4198.t1	VFG010915(gb|WP_011214165)	24.490	245	171	9	490	721	282	525	9.08e-09	58.9
g4198.t1	VFG001888(gb|WP_010947629)	24.490	245	171	9	490	721	282	525	9.24e-09	58.9
g4198.t1	VFG041873(gb|WP_080509010)	26.389	216	139	7	497	702	400	605	1.02e-08	58.9
g4198.t1	VFG001747(gb|WP_002209035)	24.576	236	157	7	475	704	378	598	1.74e-08	58.2
g4198.t1	VFG019282(gb|WP_006071786)	28.704	216	135	10	509	709	370	581	1.77e-08	57.8
g4198.t1	VFG045729(gb|WP_085956275)	23.364	214	153	6	499	702	293	505	1.78e-08	57.8
g4198.t1	VFG027151(gb|YP_005922066)	29.245	212	131	5	503	704	1	203	1.89e-08	55.8
g4198.t1	VFG041577(gb|WP_012847750)	26.457	223	148	8	511	726	396	609	2.47e-08	57.4
g4198.t1	VFG017284(gb|WP_012105858)	24.528	212	148	6	499	704	393	598	2.79e-08	57.4
g4198.t1	VFG009821(gb|WP_011857087)	30.435	230	138	7	501	718	244	463	3.06e-08	56.6
g4198.t1	VFG018953(gb|WP_012304703)	24.528	212	148	6	499	704	393	598	3.25e-08	57.0
g4198.t1	VFG003358(gb|WP_011191566)	24.528	212	148	6	499	704	393	598	3.31e-08	57.0
g4198.t1	VFG009822(gb|WP_011561966)	30.435	230	138	7	501	718	244	463	3.48e-08	56.6
g4198.t1	VFG018297(gb|WP_004691160)	28.241	216	136	10	509	709	370	581	7.60e-08	55.8
g4198.t1	VFG011634(gb|WP_006191047)	28.241	216	136	10	509	709	370	581	7.60e-08	55.8
g4198.t1	VFG027203(gb|WP_015632690)	25.292	257	159	7	452	700	192	423	7.66e-08	55.5
g4198.t1	VFG014370(gb|WP_003152330)	26.699	206	136	4	506	707	184	378	9.06e-08	55.1
g4198.t1	VFG009845(gb|WP_011723897)	25.292	257	159	7	452	700	192	423	9.20e-08	55.1
g4198.t1	VFG022927(gb|YP_001701701)	28.426	197	128	6	509	700	261	449	1.57e-07	54.3
g4198.t1	VFG027181(gb|WP_005092753)	27.727	220	145	7	509	722	228	439	1.89e-07	53.9
g4198.t1	VFG009848(gb|WP_011730694)	25.773	194	137	4	509	700	236	424	2.34e-07	53.9
g4198.t1	VFG018487(gb|WP_001050783)	24.051	237	161	8	497	723	389	616	3.94e-07	53.5
g4198.t1	VFG038231(gb|WP_000472465)	24.074	216	155	6	495	705	306	517	4.76e-07	53.1
g4198.t1	VFG011635(gb|WP_006014486)	28.241	216	136	10	509	709	370	581	5.27e-07	52.8
g4198.t1	VFG038232(gb|WP_001985884)	24.074	216	155	6	495	705	306	517	5.37e-07	52.8
g4198.t1	VFG038240(gb|WP_043960856)	24.074	216	155	6	495	705	306	517	5.46e-07	52.8
g4198.t1	VFG011631(gb|WP_004684547)	28.241	216	136	10	509	709	370	581	5.79e-07	52.8
g4198.t1	VFG038235(gb|YP_001083791)	24.074	216	155	6	495	705	232	443	6.01e-07	52.4
g4198.t1	VFG009882(gb|WP_011561678)	29.680	219	129	8	502	705	238	446	6.08e-07	52.8
g4198.t1	VFG011632(gb|WP_002965157)	28.986	207	128	10	509	700	370	572	6.31e-07	52.8
g4198.t1	VFG009881(gb|WP_011856925)	29.680	219	129	8	502	705	238	446	6.57e-07	52.4
g4198.t1	VFG038243(gb|WP_134815986)	24.074	216	155	6	495	705	291	502	6.61e-07	52.4
g4198.t1	VFG042669(gb|WP_006485030)	27.311	238	148	7	502	721	333	563	7.04e-07	52.8
g4198.t1	VFG038237(gb|WP_000226704)	24.074	216	155	6	495	705	287	498	7.05e-07	52.4
g4198.t1	VFG038238(gb|WP_000226703)	24.074	216	155	6	495	705	287	498	8.82e-07	52.0
g4198.t1	VFG009851(gb|WP_011561826)	23.860	285	186	10	422	700	166	425	1.39e-06	51.2
g4198.t1	VFG009878(gb|WP_014878346)	27.632	228	141	8	492	705	229	446	1.40e-06	51.6
g4198.t1	VFG009880(gb|WP_203431724)	27.313	227	143	7	492	705	211	428	1.53e-06	51.2
g4198.t1	VFG009846(gb|WP_010908723)	25.385	260	163	8	448	700	189	424	2.22e-06	50.8
g4198.t1	VFG014377(gb|WP_011534912)	26.442	208	136	6	506	707	187	383	2.57e-06	50.4
g4198.t1	VFG009874(gb|WP_003877497)	27.111	225	146	7	492	705	232	449	2.61e-06	50.4
g4198.t1	VFG009879(gb|WP_173362732)	27.778	216	132	9	504	705	223	428	2.71e-06	50.4
g4198.t1	VFG042670(gb|WP_006485049)	27.778	234	156	7	502	723	324	556	2.90e-06	50.8
g4198.t1	VFG014378(gb|WP_162470466)	24.762	210	135	5	506	707	182	376	2.92e-06	50.1
g4198.t1	VFG007490(gb|WP_001881834)	22.944	231	158	6	506	727	128	347	3.18e-06	50.1
g4198.t1	VFG027254(gb|WP_015309037)	29.060	234	134	10	490	705	232	451	5.58e-06	49.7
g4198.t1	VFG027184(gb|WP_015289381)	25.856	263	158	9	448	700	189	424	6.28e-06	49.3
g4198.t1	VFG009847(gb|WP_011738613)	25.668	187	134	4	509	693	236	419	6.28e-06	49.3
g4198.t1	VFG022926(gb|WP_036426280)	25.668	187	134	4	509	693	236	419	6.33e-06	49.3
g4198.t1	VFG027186(gb|WP_041299634)	25.668	187	134	4	509	693	236	419	6.73e-06	49.3
g4198.t1	VFG009839(gb|NP_215417)	25.856	263	158	9	448	700	189	424	7.21e-06	48.9
g4198.t1	VFG007493(gb|WP_011079831)	22.467	227	163	5	506	727	125	343	9.25e-06	48.5
g4198.t1	VFG009875(gb|WP_019732008)	26.667	225	147	7	492	705	232	449	9.37e-06	48.9
