g1120.t1	VFG001255(gb|NP_249796)	100.000	147	0	0	1	147	1	147	2.23e-102	289
g1120.t1	VFG014461(gb|WP_003158011)	96.599	147	5	0	1	147	1	147	2.83e-99	281
g1120.t1	VFG014471(gb|WP_003243197)	71.739	138	39	0	4	141	5	142	5.15e-66	197
g1120.t1	VFG014466(gb|WP_010955087)	64.626	147	52	0	1	147	3	149	7.64e-62	186
g1120.t1	VFG015692(gb|WP_012273507)	63.699	146	53	0	1	146	3	148	2.84e-61	185
g1120.t1	VFG014467(gb|WP_012051629)	63.946	147	53	0	1	147	3	149	4.76e-61	184
g1120.t1	VFG019840(gb|WP_015885189)	65.035	143	50	0	4	146	5	147	1.87e-60	183
g1120.t1	VFG015693(gb|WP_012315520)	64.583	144	51	0	4	147	6	149	1.32e-58	178
g1120.t1	VFG014469(gb|WP_011059978)	62.500	144	54	0	2	145	3	146	1.68e-58	178
g1120.t1	VFG014463(gb|WP_002554288)	62.069	145	55	0	2	146	3	147	9.37e-58	176
g1120.t1	VFG014468(gb|WP_011534905)	61.972	142	54	0	4	145	6	147	1.17e-56	173
g1120.t1	VFG014470(gb|WP_011333052)	60.140	143	57	0	4	146	5	147	1.45e-54	168
g1120.t1	VFG014472(gb|WP_011913697)	65.942	138	47	0	4	141	5	142	2.17e-51	160
g1120.t1	VFG018985(gb|WP_012304216)	33.813	139	92	0	3	141	2	140	3.56e-15	67.8
g1120.t1	VFG002661(gb|WP_002211139)	33.813	139	92	0	3	141	2	140	1.17e-14	66.6
g1120.t1	VFG043111(gb|WP_000807584)	34.328	134	88	0	8	141	7	140	2.34e-14	65.9
g1120.t1	VFG011351(gb|WP_010926566)	33.094	139	92	1	8	145	7	145	3.57e-14	65.1
g1120.t1	VFG002332(gb|WP_005160389)	33.094	139	93	0	3	141	2	140	3.85e-14	65.1
g1120.t1	VFG011352(gb|WP_039051752)	32.061	131	89	0	11	141	10	140	4.06e-14	65.1
g1120.t1	VFG011349(gb|WP_003811846)	33.094	139	92	1	8	145	7	145	4.91e-14	65.1
g1120.t1	VFG025476(gb|WP_012329411)	33.871	124	80	2	22	144	21	143	1.74e-13	63.5
g1120.t1	VFG007451(gb|WP_011079838)	28.682	129	92	0	11	139	8	136	2.26e-13	63.2
g1120.t1	VFG007452(gb|WP_011150915)	28.682	129	92	0	11	139	8	136	2.89e-13	62.8
g1120.t1	VFG043060(gb|NP_460926)	32.836	134	90	0	8	141	7	140	3.96e-13	62.4
g1120.t1	VFG025475(gb|WP_006489106)	33.871	124	80	2	22	144	21	143	6.59e-13	62.0
g1120.t1	VFG025473(gb|WP_011546447)	33.871	124	80	2	22	144	21	143	7.40e-13	62.0
g1120.t1	VFG011350(gb|WP_010928068)	32.374	139	89	2	8	145	7	141	2.37e-12	60.5
g1120.t1	VFG002498(gb|WP_004197162)	35.484	124	78	2	22	144	21	143	1.59e-11	58.5
g1120.t1	VFG025485(gb|WP_009893512)	34.921	126	79	3	21	144	19	143	4.83e-11	57.0
g1120.t1	VFG038645(gb|WP_005334746)	32.576	132	89	0	8	139	5	136	5.71e-11	57.0
g1120.t1	VFG007448(gb|WP_000367979)	27.273	132	96	0	8	139	5	136	8.11e-10	53.9
g1120.t1	VFG007450(gb|WP_005457733)	28.926	121	86	0	19	139	16	136	1.68e-09	52.8
g1120.t1	VFG038644(gb|WP_005319326)	32.520	123	83	0	17	139	14	136	2.67e-09	52.4
g1120.t1	VFG002003(gb|WP_010947482)	31.034	145	92	2	1	141	1	141	9.15e-09	51.2
g1120.t1	VFG007453(gb|WP_005420354)	23.704	135	103	0	5	139	2	136	3.03e-08	49.7
g1120.t1	VFG038643(gb|WP_011705276)	32.990	97	65	0	43	139	40	136	6.33e-07	45.8
g1843.t1	VFG043060(gb|NP_460926)	100.000	147	0	0	1	147	1	147	1.28e-105	297
g1843.t1	VFG043111(gb|WP_000807584)	87.755	147	18	0	1	147	1	147	4.89e-93	265
g1843.t1	VFG002332(gb|WP_005160389)	56.944	144	62	0	1	144	1	144	1.19e-51	160
g1843.t1	VFG002661(gb|WP_002211139)	56.250	144	63	0	1	144	1	144	1.44e-49	155
g1843.t1	VFG018985(gb|WP_012304216)	55.556	144	64	0	1	144	1	144	4.90e-48	151
g1843.t1	VFG025473(gb|WP_011546447)	34.058	138	91	0	1	138	1	138	2.36e-19	79.0
g1843.t1	VFG025475(gb|WP_006489106)	34.058	138	91	0	1	138	1	138	3.44e-19	78.6
g1843.t1	VFG025476(gb|WP_012329411)	34.058	138	91	0	1	138	1	138	7.60e-19	77.4
g1843.t1	VFG011351(gb|WP_010926566)	33.793	145	96	0	1	145	1	145	1.72e-18	76.6
g1843.t1	VFG025485(gb|WP_009893512)	35.897	117	75	0	1	117	1	117	1.80e-18	76.6
g1843.t1	VFG011349(gb|WP_003811846)	33.793	145	96	0	1	145	1	145	2.20e-18	76.3
g1843.t1	VFG002498(gb|WP_004197162)	35.897	117	75	0	1	117	1	117	1.26e-17	74.3
g1843.t1	VFG011352(gb|WP_039051752)	33.793	145	96	0	1	145	1	145	5.57e-17	72.4
g1843.t1	VFG011350(gb|WP_010928068)	32.414	145	94	1	1	145	1	141	3.06e-15	67.8
g1843.t1	VFG014472(gb|WP_011913697)	30.496	141	98	0	7	147	9	149	9.67e-13	61.6
g1843.t1	VFG014471(gb|WP_003243197)	31.343	134	92	0	7	140	9	142	7.40e-12	59.3
g1843.t1	VFG014461(gb|WP_003158011)	33.582	134	89	0	7	140	8	141	1.35e-11	58.5
g1843.t1	VFG001255(gb|NP_249796)	32.836	134	90	0	7	140	8	141	1.49e-11	58.5
g1843.t1	VFG014467(gb|WP_012051629)	27.143	140	102	0	7	146	10	149	1.98e-09	52.8
g1843.t1	VFG014466(gb|WP_010955087)	27.143	140	102	0	7	146	10	149	2.57e-09	52.4
g1843.t1	VFG014468(gb|WP_011534905)	27.143	140	102	0	7	146	10	149	2.79e-09	52.4
g1843.t1	VFG015693(gb|WP_012315520)	28.358	134	96	0	7	140	10	143	3.16e-09	52.4
g1843.t1	VFG019840(gb|WP_015885189)	29.104	134	95	0	7	140	9	142	9.34e-09	50.8
g1843.t1	VFG015692(gb|WP_012273507)	27.612	134	97	0	7	140	10	143	3.02e-08	49.7
g1843.t1	VFG014470(gb|WP_011333052)	28.889	135	94	2	7	140	9	142	1.28e-07	47.8
g1843.t1	VFG014469(gb|WP_011059978)	26.429	140	103	0	7	146	9	148	1.74e-07	47.8
