g3715.t1	VFG013386(gb|WP_012054516)	50.529	378	179	2	7	376	8	385	7.05e-126	367
g3715.t1	VFG013384(gb|WP_010869121)	50.529	378	179	2	7	376	8	385	8.48e-126	367
g3715.t1	VFG013385(gb|WP_011272365)	50.265	378	180	2	7	376	8	385	1.69e-124	364
g3715.t1	VFG013387(gb|WP_012055378)	50.000	378	181	2	7	376	8	385	1.13e-123	362
g3715.t1	VFG013388(gb|WP_010944787)	47.244	381	193	3	3	375	4	384	3.52e-119	350
g3715.t1	VFG013166(gb|WP_012341127)	46.457	381	196	2	4	376	6	386	1.55e-117	346
g3715.t1	VFG013389(gb|WP_011609512)	46.194	381	197	2	4	376	6	386	2.53e-117	345
g3715.t1	VFG037805(gb|WP_001985694)	43.782	386	204	4	5	377	6	391	1.89e-107	320
g3715.t1	VFG037807(gb|WP_000013434)	44.241	382	200	4	5	373	6	387	3.05e-107	320
g3715.t1	VFG037813(gb|WP_015451520)	43.979	382	201	4	5	373	6	387	6.11e-107	319
g3715.t1	VFG037816(gb|WP_012297192)	44.241	382	200	4	5	373	6	387	8.56e-107	319
g3715.t1	VFG037811(gb|WP_002036646)	44.241	382	200	4	5	373	6	387	8.84e-107	319
g3715.t1	VFG037808(gb|YP_001084697)	43.802	363	191	4	24	373	1	363	2.69e-99	299
g3715.t1	VFG052312(gb|WP_011180557.1)	29.563	389	259	6	5	378	6	394	5.52e-51	175
g3715.t1	VFG052313(gb|WP_011179434.1)	30.548	383	257	5	5	378	6	388	2.01e-50	173
g3715.t1	VFG011409(gb|WP_002964277)	32.708	373	230	8	5	362	8	374	2.33e-50	173
g3715.t1	VFG019190(gb|WP_006070897)	32.708	373	230	8	5	362	8	374	6.08e-50	172
g3715.t1	VFG052311(gb|WP_005766766.1)	31.620	389	254	7	1	378	1	388	2.06e-47	166
g3715.t1	VFG052314(gb|WP_012231511.1)	30.769	390	253	9	5	378	6	394	1.78e-46	163
g3715.t1	VFG000323(gb|WP_001142178)	30.462	325	189	9	24	334	17	318	8.45e-36	134
g224.t1	VFG013386(gb|WP_012054516)	64.721	377	129	1	8	380	7	383	2.67e-178	501
g224.t1	VFG013384(gb|WP_010869121)	64.721	377	129	1	8	380	7	383	4.04e-178	500
g224.t1	VFG013385(gb|WP_011272365)	64.456	377	130	1	8	380	7	383	5.58e-177	497
g224.t1	VFG013387(gb|WP_012055378)	64.191	377	131	1	8	380	7	383	6.25e-176	494
g224.t1	VFG013389(gb|WP_011609512)	60.417	384	148	1	1	380	1	384	5.70e-169	477
g224.t1	VFG013166(gb|WP_012341127)	60.156	384	149	1	1	380	1	384	9.75e-169	476
g224.t1	VFG013388(gb|WP_010944787)	60.156	384	148	2	1	380	1	383	7.36e-166	469
g224.t1	VFG037807(gb|WP_000013434)	42.377	387	212	4	3	379	2	387	7.00e-105	314
g224.t1	VFG037805(gb|WP_001985694)	42.268	388	213	4	3	380	2	388	1.30e-104	313
g224.t1	VFG037811(gb|WP_002036646)	42.377	387	212	4	3	379	2	387	1.54e-104	313
g224.t1	VFG037813(gb|WP_015451520)	42.119	387	213	4	3	379	2	387	1.65e-104	313
g224.t1	VFG037816(gb|WP_012297192)	42.119	387	213	4	3	379	2	387	6.54e-104	311
g224.t1	VFG037808(gb|YP_001084697)	41.484	364	202	4	26	379	1	363	7.82e-96	290
g224.t1	VFG019190(gb|WP_006070897)	32.323	396	241	10	4	382	5	390	1.32e-48	169
g224.t1	VFG011409(gb|WP_002964277)	32.323	396	241	10	4	382	5	390	1.62e-48	168
g224.t1	VFG052312(gb|WP_011180557.1)	30.871	379	239	7	7	369	6	377	2.19e-46	163
g224.t1	VFG052313(gb|WP_011179434.1)	30.978	368	241	6	7	366	6	368	2.17e-45	160
g224.t1	VFG052314(gb|WP_012231511.1)	29.839	372	248	8	7	367	6	375	1.35e-41	150
g224.t1	VFG052311(gb|WP_005766766.1)	30.079	379	241	11	1	366	1	368	1.55e-41	150
g224.t1	VFG000323(gb|WP_001142178)	29.781	319	183	11	8	318	3	288	5.50e-33	126
