g3126.t1	VFG038841(gb|WP_005318273)	31.343	201	106	9	4	181	5	196	7.46e-13	65.9
g3126.t1	VFG038840(gb|WP_005300916)	30.526	190	120	5	3	181	2	190	1.27e-11	62.4
g3126.t1	VFG012978(gb|WP_000347634)	33.158	190	106	8	4	181	3	183	6.00e-11	60.5
g3126.t1	VFG019276(gb|WP_006073147)	33.645	214	125	10	4	205	13	221	6.56e-11	60.5
g3126.t1	VFG011617(gb|WP_002966566)	33.645	214	125	10	4	205	13	221	8.27e-11	60.1
g3126.t1	VFG011616(gb|WP_004681144)	33.645	214	125	10	4	205	13	221	9.48e-11	60.1
g3126.t1	VFG000934(gb|WP_000348393)	33.155	187	104	8	7	181	6	183	9.76e-11	59.7
g3126.t1	VFG044369(gb|WP_013318793)	32.394	213	129	9	4	205	7	215	1.05e-10	59.7
g3126.t1	VFG011619(gb|WP_004688790)	33.645	214	125	10	4	205	13	221	1.27e-10	59.7
g3126.t1	VFG012977(gb|WP_000347664)	33.158	190	106	8	4	181	3	183	2.41e-10	58.9
g3126.t1	VFG012973(gb|WP_000347670)	32.632	190	107	8	4	181	3	183	6.46e-10	57.4
g3126.t1	VFG007210(gb|WP_011081751)	31.937	191	114	7	4	179	6	195	9.78e-10	57.0
g3126.t1	VFG048407(gb|WP_024622880)	36.757	185	100	8	7	181	6	183	2.15e-09	55.8
g3126.t1	VFG048405(gb|YP_005225749)	35.484	186	101	9	7	181	9	186	2.20e-09	55.8
g3126.t1	VFG048401(gb|WP_014837779)	33.854	192	96	9	7	181	9	186	2.70e-09	55.8
g3126.t1	VFG048409(gb|WP_086074289)	36.757	185	100	8	7	181	6	183	3.07e-09	55.5
g3126.t1	VFG012974(gb|NP_706451)	32.632	190	107	8	4	181	3	183	3.25e-09	55.5
g3126.t1	VFG038839(gb|WP_011707832)	28.646	192	119	7	4	179	5	194	3.31e-09	55.5
g3126.t1	VFG012976(gb|WP_000347662)	32.632	190	107	8	4	181	3	183	4.10e-09	55.1
g3126.t1	VFG048402(gb|WP_014228362)	33.333	189	101	8	7	181	9	186	4.23e-09	55.1
g3126.t1	VFG050144(gb|WP_001048423)	27.919	197	132	7	7	194	9	204	6.36e-09	54.7
g3126.t1	VFG048404(gb|WP_008805588)	33.854	192	96	9	7	181	9	186	7.95e-09	54.3
g3126.t1	VFG005765(gb|WP_000861303)	26.738	187	120	7	7	179	2	185	1.69e-08	53.5
g3126.t1	VFG005766(gb|WP_000861302)	26.738	187	120	7	7	179	2	185	1.96e-08	53.1
g3126.t1	VFG048408(gb|WP_012068428)	35.676	185	102	8	7	181	9	186	2.40e-08	53.1
g3126.t1	VFG026116(gb|WP_012327962)	30.612	196	116	7	1	179	1	193	3.23e-07	49.7
g3126.t1	VFG026115(gb|WP_006484930)	29.442	197	118	7	1	179	1	194	5.86e-07	48.9
