g1400.t1	VFG030307(gb|WP_015303738)	23.596	356	228	10	3	321	6	354	4.36e-19	87.0
g1400.t1	VFG030286(gb|NP_217602)	23.315	356	229	10	3	321	6	354	6.40e-19	86.7
g1400.t1	VFG030323(gb|WP_015345151)	23.315	356	229	10	3	321	6	354	7.54e-19	86.3
g1400.t1	VFG030300(gb|WP_014001575)	23.315	356	229	10	3	321	6	354	1.17e-18	85.9
g1400.t1	VFG030318(gb|YP_007959090)	24.118	340	214	10	19	321	5	337	1.43e-18	85.1
g1400.t1	VFG030308(gb|WP_015291173)	23.796	353	231	10	3	321	6	354	1.45e-18	85.5
g1400.t1	VFG030301(gb|WP_012392129)	25.352	355	223	10	3	321	6	354	5.45e-18	84.0
g1400.t1	VFG030302(gb|WP_041318085)	25.138	362	222	12	1	321	1	354	6.23e-15	74.7
g1400.t1	VFG030290(gb|WP_003894835)	22.663	353	233	12	3	321	8	354	2.23e-14	73.2
g1400.t1	VFG030305(gb|WP_016343680)	21.127	355	238	11	3	321	6	354	5.52e-14	72.0
g1400.t1	VFG030304(gb|WP_011560572)	23.099	342	225	9	14	321	17	354	6.58e-14	71.6
g1400.t1	VFG030297(gb|YP_001702819)	23.099	342	225	9	14	321	17	354	8.78e-14	71.2
g1400.t1	VFG030314(gb|YP_007962958)	28.713	202	115	5	3	179	6	203	1.45e-13	70.9
g1400.t1	VFG030293(gb|WP_011562028)	22.124	339	222	9	19	321	22	354	1.11e-12	68.2
g1400.t1	VFG030291(gb|WP_011857132)	22.419	339	221	9	19	321	22	354	1.28e-12	67.8
g1400.t1	VFG030295(gb|WP_011742363)	21.972	355	225	11	13	319	16	366	9.51e-12	65.5
g1400.t1	VFG014142(gb|WP_016254248)	23.323	313	173	10	54	335	90	366	1.71e-07	52.8
g1435.t1	VFG030290(gb|WP_003894835)	30.116	259	150	9	1	233	1	254	2.46e-16	79.0
g1435.t1	VFG030295(gb|WP_011742363)	26.688	311	171	11	1	264	1	301	4.71e-16	78.2
g1435.t1	VFG030323(gb|WP_015345151)	24.444	360	234	13	1	326	1	356	5.68e-14	72.0
g1435.t1	VFG030302(gb|WP_041318085)	27.528	356	215	11	9	339	12	349	2.15e-13	70.1
g1435.t1	VFG030301(gb|WP_012392129)	29.707	239	136	9	1	212	1	234	2.46e-13	70.1
g1435.t1	VFG030297(gb|YP_001702819)	26.722	363	222	14	1	326	1	356	4.15e-13	69.3
g1435.t1	VFG030307(gb|WP_015303738)	24.138	377	214	12	1	326	1	356	5.27e-13	68.9
g1435.t1	VFG030300(gb|WP_014001575)	28.511	235	140	8	1	210	1	232	6.06e-13	68.9
g1435.t1	VFG030286(gb|NP_217602)	24.167	360	235	13	1	326	1	356	6.11e-13	68.9
g1435.t1	VFG030308(gb|WP_015291173)	28.511	235	140	8	1	210	1	232	1.20e-12	68.2
g1435.t1	VFG030293(gb|WP_011562028)	24.377	361	233	12	1	326	1	356	3.77e-12	66.6
g1435.t1	VFG030314(gb|YP_007962958)	29.851	201	114	7	1	177	1	198	4.22e-12	66.2
g1435.t1	VFG030291(gb|WP_011857132)	24.377	361	233	12	1	326	1	356	5.54e-12	65.9
g1435.t1	VFG030304(gb|WP_011560572)	26.171	363	224	14	1	326	1	356	7.64e-12	65.5
g1435.t1	VFG030318(gb|YP_007959090)	24.024	333	216	12	27	326	11	339	1.37e-11	64.7
g1435.t1	VFG030305(gb|WP_016343680)	30.723	166	92	5	1	145	1	164	3.97e-09	57.4
g2866.t1	VFG030301(gb|WP_012392129)	27.671	365	225	13	4	336	9	366	2.11e-18	85.1
g2866.t1	VFG030290(gb|WP_003894835)	27.562	283	176	8	3	260	8	286	5.15e-18	84.0
g2866.t1	VFG030295(gb|WP_011742363)	24.740	384	224	11	7	338	12	382	6.14e-17	80.9
g2866.t1	VFG030323(gb|WP_015345151)	27.151	372	229	15	1	336	1	366	1.17e-14	73.9
g2866.t1	VFG030286(gb|NP_217602)	26.816	358	223	13	12	336	15	366	1.95e-14	73.2
g2866.t1	VFG030300(gb|WP_014001575)	26.816	358	223	13	12	336	15	366	3.77e-14	72.4
g2866.t1	VFG030307(gb|WP_015303738)	26.816	358	223	13	12	336	15	366	3.80e-14	72.4
g2866.t1	VFG030308(gb|WP_015291173)	26.816	358	223	13	12	336	15	366	6.52e-14	71.6
g2866.t1	VFG030318(gb|YP_007959090)	26.761	355	221	13	15	336	1	349	6.58e-14	71.6
g2866.t1	VFG030293(gb|WP_011562028)	25.833	360	226	14	13	338	16	368	1.16e-13	70.9
g2866.t1	VFG030291(gb|WP_011857132)	25.556	360	227	14	13	338	16	368	2.09e-13	70.1
g2866.t1	VFG030302(gb|WP_041318085)	27.178	287	164	11	7	260	12	286	2.14e-11	64.3
g2866.t1	VFG030304(gb|WP_011560572)	25.208	361	229	11	11	338	16	368	3.37e-11	63.5
g2866.t1	VFG030297(gb|YP_001702819)	24.931	361	230	11	11	338	16	368	6.67e-11	62.8
g2866.t1	VFG030314(gb|YP_007962958)	29.570	186	106	6	12	174	15	198	6.19e-10	59.7
g2866.t1	VFG030305(gb|WP_016343680)	26.545	275	173	7	12	260	15	286	3.72e-09	57.4
g2866.t1	VFG014142(gb|WP_016254248)	24.096	332	188	8	27	331	67	361	1.27e-08	56.2
g2866.t1	VFG022415(gb|WP_014001494)	25.969	258	146	12	11	259	1473	1694	3.54e-07	52.0
g2866.t1	VFG008884(gb|WP_009938592)	25.969	258	146	12	11	259	1473	1694	3.54e-07	52.0
g2866.t1	VFG008874(gb|WP_015288408)	25.969	258	146	12	11	259	1473	1694	3.54e-07	52.0
g2866.t1	VFG007851(gb|WP_003899548)	25.969	258	146	12	11	259	1473	1694	3.54e-07	52.0
g2866.t1	VFG007849(gb|NP_217449)	25.969	258	146	12	11	259	1473	1694	3.54e-07	52.0
g2866.t1	VFG007854(gb|WP_010908854)	24.409	254	153	11	12	259	1487	1707	1.34e-06	50.1
g2866.t1	VFG029835(gb|WP_016341938)	22.807	228	141	7	11	235	3001	3196	2.69e-06	49.3
g2866.t1	VFG029828(gb|YP_001701685)	22.807	228	141	7	11	235	2999	3194	3.15e-06	48.9
g3467.t1	VFG030293(gb|WP_011562028)	25.895	363	213	13	17	340	23	368	6.90e-19	86.3
g3467.t1	VFG030291(gb|WP_011857132)	25.620	363	214	13	17	340	23	368	1.43e-18	85.5
g3467.t1	VFG030304(gb|WP_011560572)	26.361	349	205	11	24	333	26	361	5.15e-15	75.1
g3467.t1	VFG030302(gb|WP_041318085)	26.686	341	214	9	24	333	26	361	5.48e-15	75.1
g3467.t1	VFG030290(gb|WP_003894835)	24.852	338	214	12	27	331	29	359	7.03e-15	74.7
g3467.t1	VFG030301(gb|WP_012392129)	24.474	380	237	14	1	341	1	369	2.62e-14	73.2
g3467.t1	VFG030297(gb|YP_001702819)	26.239	343	213	9	24	333	26	361	1.15e-13	71.2
g3467.t1	VFG030307(gb|WP_015303738)	23.478	345	220	11	24	333	26	361	2.20e-12	67.4
g3467.t1	VFG030300(gb|WP_014001575)	23.188	345	221	11	24	333	26	361	3.32e-12	66.6
g3467.t1	VFG030295(gb|WP_011742363)	24.930	357	206	13	27	332	29	374	3.35e-12	66.6
g3467.t1	VFG030286(gb|NP_217602)	23.188	345	221	11	24	333	26	361	4.17e-12	66.2
g3467.t1	VFG030323(gb|WP_015345151)	23.188	345	221	11	24	333	26	361	4.66e-12	66.2
g3467.t1	VFG030308(gb|WP_015291173)	23.188	345	221	11	24	333	26	361	5.91e-12	65.9
g3467.t1	VFG030318(gb|YP_007959090)	23.188	345	221	11	24	333	9	344	7.99e-12	65.5
g3467.t1	VFG030305(gb|WP_016343680)	23.099	342	219	12	27	333	29	361	1.17e-10	62.0
g3467.t1	VFG022415(gb|WP_014001494)	27.393	303	157	16	60	339	1517	1779	1.43e-09	59.7
g3467.t1	VFG008884(gb|WP_009938592)	27.393	303	157	16	60	339	1517	1779	1.43e-09	59.7
g3467.t1	VFG008874(gb|WP_015288408)	27.393	303	157	16	60	339	1517	1779	1.43e-09	59.7
g3467.t1	VFG007849(gb|NP_217449)	27.393	303	157	16	60	339	1517	1779	1.43e-09	59.7
g3467.t1	VFG007851(gb|WP_003899548)	27.393	303	157	16	60	339	1517	1779	1.44e-09	59.7
g3467.t1	VFG008876(gb|WP_015291057)	27.393	303	157	16	60	339	1517	1779	3.54e-09	58.2
g3467.t1	VFG008877(gb|WP_015294040)	27.393	303	157	16	60	339	1517	1779	4.27e-09	58.2
g3467.t1	VFG008875(gb|WP_015303644)	27.393	303	157	16	60	339	1517	1779	4.27e-09	58.2
g3467.t1	VFG022413(gb|WP_181013047)	25.743	303	162	13	60	339	1531	1793	1.36e-08	56.6
g3467.t1	VFG008878(gb|WP_162143265)	25.743	303	162	13	60	339	1531	1793	2.27e-08	55.8
g3467.t1	VFG007855(gb|WP_162292826)	25.743	303	162	13	60	339	1531	1793	2.27e-08	55.8
