g3980.t1	VFG016485(gb|WP_011113468)	29.008	131	86	3	14	143	15	139	1.21e-08	57.0
g3980.t1	VFG016489(gb|WP_011264744)	27.273	132	90	2	13	143	14	140	2.45e-08	56.2
g3980.t1	VFG016494(gb|WP_004024476)	28.000	150	93	3	13	157	14	153	3.90e-08	55.5
g3980.t1	VFG046459(gb|WP_004287053)	32.031	128	80	3	17	143	18	139	6.25e-08	54.7
g3980.t1	VFG046474(gb|WP_014714676)	32.031	128	80	3	17	143	18	139	6.36e-08	54.7
g3980.t1	VFG046465(gb|WP_003028672)	32.031	128	80	3	17	143	18	139	8.28e-08	54.3
g3980.t1	VFG046467(gb|WP_014548920)	32.031	128	80	3	17	143	18	139	8.35e-08	54.3
g3980.t1	VFG046458(gb|WP_003024794)	32.031	128	80	3	17	143	18	139	8.35e-08	54.3
g3980.t1	VFG016493(gb|WP_011283803)	31.008	129	80	3	17	143	18	139	1.25e-07	53.9
g3980.t1	VFG016491(gb|WP_011076858)	29.771	131	85	3	14	143	15	139	1.52e-07	53.5
g3980.t1	VFG016492(gb|WP_010925206)	27.941	136	83	3	13	143	14	139	1.67e-07	53.5
g3980.t1	VFG016490(gb|NP_975163)	28.276	145	95	4	14	157	15	151	2.17e-07	53.1
g3980.t1	VFG016486(gb|WP_011206373)	27.820	133	85	3	14	143	21	145	2.61e-07	52.8
g3980.t1	VFG016488(gb|WP_011284269)	27.481	131	88	3	14	143	21	145	4.82e-07	52.0
g3980.t1	VFG046475(gb|WP_013922406)	30.469	128	82	3	17	143	18	139	4.90e-07	52.0
g3980.t1	VFG016483(gb|WP_010875022)	28.125	128	85	3	17	143	18	139	1.74e-06	50.1
g3980.t1	VFG016484(gb|WP_009885583)	28.682	129	83	3	17	143	18	139	1.85e-06	50.1
