g56.t1	VFG031407(gb|WP_015289456)	51.420	352	161	3	1	350	420	763	2.25e-103	320
g56.t1	VFG031392(gb|WP_003404941)	51.136	352	162	3	1	350	420	763	1.21e-102	318
g56.t1	VFG031405(gb|WP_015287968)	51.136	352	162	3	1	350	420	763	1.27e-102	318
g56.t1	VFG031399(gb|WP_014000532)	51.136	352	162	3	1	350	420	763	1.29e-102	318
g56.t1	VFG031408(gb|WP_015292573)	51.136	352	162	3	1	350	420	763	1.40e-102	318
g56.t1	VFG031406(gb|WP_015302745)	50.852	352	163	3	1	350	420	763	1.95e-102	318
g56.t1	VFG031416(gb|WP_015345044)	50.852	352	163	3	1	350	420	763	4.32e-102	317
g56.t1	VFG031390(gb|NP_215484)	50.852	352	163	3	1	350	420	763	5.76e-102	317
g56.t1	VFG031404(gb|WP_085981087)	49.148	352	169	4	1	350	428	771	1.62e-101	316
g56.t1	VFG031402(gb|WP_008257346)	49.573	351	169	3	1	350	422	765	6.83e-101	314
g56.t1	VFG031400(gb|WP_085979799)	50.427	351	166	3	1	350	428	771	5.90e-100	312
g56.t1	VFG031403(gb|WP_014711794)	48.718	351	172	3	1	350	422	765	4.33e-98	307
g56.t1	VFG031395(gb|WP_011738760)	49.858	351	168	3	1	350	430	773	5.79e-96	301
g56.t1	VFG031419(gb|YP_005359663)	51.703	323	154	2	1	321	442	764	3.57e-95	300
g56.t1	VFG031364(gb|WP_081465670)	37.006	354	212	6	1	350	356	702	9.45e-58	199
g56.t1	VFG031363(gb|WP_181013014)	35.393	356	217	7	1	351	353	700	5.49e-56	194
g56.t1	VFG031375(gb|WP_162143263)	35.393	356	217	7	1	351	353	700	5.55e-56	194
g56.t1	VFG031373(gb|WP_015291324)	36.056	355	216	6	1	351	368	715	8.46e-56	193
g56.t1	VFG031371(gb|WP_015288494)	35.775	355	217	6	1	351	368	715	2.51e-55	192
g56.t1	VFG031348(gb|NP_217787)	35.775	355	217	6	1	351	368	715	2.87e-55	192
g56.t1	VFG031387(gb|WP_015695583)	35.775	355	217	6	1	351	368	715	2.93e-55	192
g56.t1	VFG031372(gb|WP_015303793)	35.775	355	217	6	1	351	368	715	3.24e-55	192
g56.t1	VFG031361(gb|WP_014001649)	35.775	355	217	6	1	351	368	715	3.27e-55	192
g56.t1	VFG031353(gb|WP_011725961)	34.930	355	220	5	1	351	363	710	4.69e-55	191
g56.t1	VFG031352(gb|WP_010949941)	34.930	355	220	5	1	351	377	724	6.71e-55	191
g56.t1	VFG031374(gb|WP_015294300)	35.775	355	217	6	1	351	368	715	6.98e-55	191
g56.t1	VFG031366(gb|WP_014383193)	34.930	355	220	5	1	351	381	728	7.25e-55	191
g56.t1	VFG031370(gb|WP_014380975)	34.930	355	220	5	1	351	381	728	8.03e-55	191
g56.t1	VFG031388(gb|WP_020823399)	34.930	355	220	5	1	351	381	728	1.16e-54	191
g56.t1	VFG031355(gb|WP_168189053)	36.158	354	215	6	1	350	350	696	2.29e-54	189
g56.t1	VFG031350(gb|WP_010907902)	34.648	355	221	5	1	351	376	723	1.02e-53	188
g56.t1	VFG031362(gb|WP_012634421)	34.648	355	221	5	1	351	376	723	1.44e-53	187
g56.t1	VFG031357(gb|WP_162292829)	34.848	330	208	6	1	324	353	681	2.14e-52	184
g56.t1	VFG018402(gb|WP_000131305)	30.000	180	99	2	146	298	529	708	3.23e-16	80.1
g56.t1	VFG021055(gb|WP_000131287)	30.055	183	100	3	144	298	526	708	1.02e-14	75.5
g56.t1	VFG021056(gb|WP_000131277)	30.055	183	100	3	144	298	526	708	1.04e-14	75.5
g56.t1	VFG004039(gb|WP_000131278)	28.962	183	102	2	144	298	526	708	1.32e-14	75.1
g56.t1	VFG021054(gb|WP_000131291)	28.962	183	102	2	144	298	526	708	1.37e-14	75.1
g56.t1	VFG021053(gb|WP_000131302)	28.962	183	102	2	144	298	526	708	1.41e-14	75.1
g56.t1	VFG021052(gb|WP_000131297)	28.962	183	102	2	144	298	526	708	1.41e-14	75.1
g56.t1	VFG021058(gb|WP_000131298)	28.962	183	102	2	144	298	526	708	1.42e-14	75.1
g56.t1	VFG018403(gb|WP_000131294)	28.962	183	102	2	144	298	526	708	1.42e-14	75.1
g56.t1	VFG000574(gb|NP_462662)	28.962	183	102	2	144	298	526	708	1.42e-14	75.1
g56.t1	VFG021059(gb|WP_000131296)	28.962	183	102	2	144	298	526	708	1.44e-14	75.1
g56.t1	VFG021057(gb|WP_000131284)	28.962	183	102	2	144	298	526	708	1.48e-14	75.1
g56.t1	VFG004041(gb|WP_000131279)	28.415	183	103	2	144	298	526	708	1.96e-14	74.7
g56.t1	VFG004042(gb|WP_001541138)	28.415	183	103	2	144	298	526	708	3.92e-13	70.5
g576.t1	VFG031362(gb|WP_012634421)	100.000	721	0	0	1	721	5	725	0.0	1439
g576.t1	VFG031350(gb|WP_010907902)	99.861	721	1	0	1	721	5	725	0.0	1437
g576.t1	VFG031388(gb|WP_020823399)	85.495	717	100	2	8	721	15	730	0.0	1204
g576.t1	VFG031363(gb|WP_181013014)	87.179	702	87	1	23	721	1	702	0.0	1203
g576.t1	VFG031366(gb|WP_014383193)	85.077	717	103	2	8	721	15	730	0.0	1202
g576.t1	VFG031370(gb|WP_014380975)	85.175	715	102	2	10	721	17	730	0.0	1201
g576.t1	VFG031375(gb|WP_162143263)	87.037	702	88	1	23	721	1	702	0.0	1199
g576.t1	VFG031361(gb|WP_014001649)	86.255	713	92	2	15	721	5	717	0.0	1197
g576.t1	VFG031372(gb|WP_015303793)	86.115	713	93	2	15	721	5	717	0.0	1196
g576.t1	VFG031348(gb|NP_217787)	86.115	713	93	2	15	721	5	717	0.0	1195
g576.t1	VFG031387(gb|WP_015695583)	85.975	713	94	2	15	721	5	717	0.0	1192
g576.t1	VFG031373(gb|WP_015291324)	85.615	716	97	2	12	721	2	717	0.0	1192
g576.t1	VFG031374(gb|WP_015294300)	85.975	713	94	2	15	721	5	717	0.0	1191
g576.t1	VFG031371(gb|WP_015288494)	85.056	716	101	2	12	721	2	717	0.0	1186
g576.t1	VFG031353(gb|WP_011725961)	84.916	716	100	2	9	721	2	712	0.0	1185
g576.t1	VFG031352(gb|WP_010949941)	84.895	715	100	2	10	721	17	726	0.0	1184
g576.t1	VFG031357(gb|WP_162292829)	86.752	702	90	1	23	721	1	702	0.0	1175
g576.t1	VFG031364(gb|WP_081465670)	80.993	705	128	2	23	721	1	705	0.0	1122
g576.t1	VFG031355(gb|WP_168189053)	75.533	703	164	2	23	721	1	699	0.0	1048
g576.t1	VFG031402(gb|WP_008257346)	37.597	774	396	13	23	718	1	765	1.79e-137	423
g576.t1	VFG031403(gb|WP_014711794)	36.951	774	401	13	23	718	1	765	3.88e-134	414
g576.t1	VFG031400(gb|WP_085979799)	36.271	783	406	12	23	721	1	774	7.51e-128	398
g576.t1	VFG031404(gb|WP_085981087)	35.159	785	412	13	23	721	1	774	8.19e-124	387
g576.t1	VFG031395(gb|WP_011738760)	35.451	787	409	12	23	721	1	776	6.20e-122	382
g576.t1	VFG031390(gb|NP_215484)	38.270	601	340	10	143	721	175	766	5.65e-112	356
g576.t1	VFG031390(gb|NP_215484)	44.860	107	51	2	23	129	1	99	1.38e-20	96.7
g576.t1	VFG031392(gb|WP_003404941)	38.270	601	340	10	143	721	175	766	1.10e-111	355
g576.t1	VFG031392(gb|WP_003404941)	44.860	107	51	2	23	129	1	99	1.44e-20	96.7
g576.t1	VFG031405(gb|WP_015287968)	38.270	601	340	10	143	721	175	766	1.11e-111	355
g576.t1	VFG031405(gb|WP_015287968)	43.925	107	52	2	23	129	1	99	1.25e-19	93.6
g576.t1	VFG031399(gb|WP_014000532)	38.270	601	340	10	143	721	175	766	1.73e-111	355
g576.t1	VFG031399(gb|WP_014000532)	43.925	107	52	2	23	129	1	99	1.27e-19	93.6
g576.t1	VFG031406(gb|WP_015302745)	38.103	601	341	10	143	721	175	766	2.02e-111	354
g576.t1	VFG031406(gb|WP_015302745)	44.860	107	51	2	23	129	1	99	1.44e-20	96.7
g576.t1	VFG031416(gb|WP_015345044)	38.103	601	341	10	143	721	175	766	3.46e-111	354
g576.t1	VFG031416(gb|WP_015345044)	44.860	107	51	2	23	129	1	99	1.42e-20	96.7
g576.t1	VFG031408(gb|WP_015292573)	38.270	601	340	10	143	721	175	766	3.81e-111	353
g576.t1	VFG031408(gb|WP_015292573)	43.925	107	52	2	23	129	1	99	1.45e-19	93.6
g576.t1	VFG031407(gb|WP_015289456)	38.270	601	340	10	143	721	175	766	1.39e-110	352
g576.t1	VFG031407(gb|WP_015289456)	43.925	107	52	2	23	129	1	99	9.63e-20	94.0
g576.t1	VFG031419(gb|YP_005359663)	37.913	575	326	10	143	695	197	762	6.43e-105	338
g576.t1	VFG031419(gb|YP_005359663)	42.636	129	66	2	1	129	1	121	5.59e-24	107
g576.t1	VFG018402(gb|WP_000131305)	25.318	628	327	25	184	686	119	729	3.00e-21	99.0
g576.t1	VFG018403(gb|WP_000131294)	25.518	627	327	26	184	686	119	729	1.38e-20	97.1
g576.t1	VFG021055(gb|WP_000131287)	25.518	627	327	26	184	686	119	729	2.49e-20	96.3
g576.t1	VFG004041(gb|WP_000131279)	25.518	627	327	26	184	686	119	729	2.74e-20	95.9
g576.t1	VFG021056(gb|WP_000131277)	25.518	627	327	26	184	686	119	729	2.84e-20	95.9
g576.t1	VFG000574(gb|NP_462662)	25.359	627	328	26	184	686	119	729	3.71e-20	95.5
g576.t1	VFG021054(gb|WP_000131291)	25.359	627	328	26	184	686	119	729	3.90e-20	95.5
g576.t1	VFG021052(gb|WP_000131297)	25.392	638	332	27	184	697	119	736	6.61e-20	94.7
g576.t1	VFG021059(gb|WP_000131296)	25.199	627	329	26	184	686	119	729	7.33e-20	94.7
g576.t1	VFG021053(gb|WP_000131302)	25.359	627	328	26	184	686	119	729	7.33e-20	94.7
g576.t1	VFG021058(gb|WP_000131298)	25.359	627	328	26	184	686	119	729	8.49e-20	94.4
g576.t1	VFG021057(gb|WP_000131284)	25.359	627	328	26	184	686	119	729	8.86e-20	94.4
g576.t1	VFG004039(gb|WP_000131278)	25.199	627	329	26	184	686	119	729	2.12e-19	93.2
g576.t1	VFG004042(gb|WP_001541138)	25.199	627	329	26	184	686	119	729	1.89e-18	90.1
g1570.t1	VFG031408(gb|WP_015292573)	49.114	621	293	5	91	705	161	764	3.23e-177	526
g1570.t1	VFG031392(gb|WP_003404941)	48.953	621	294	5	91	705	161	764	2.07e-176	524
g1570.t1	VFG031405(gb|WP_015287968)	48.953	621	294	5	91	705	161	764	2.38e-176	524
g1570.t1	VFG031399(gb|WP_014000532)	48.792	621	295	5	91	705	161	764	3.50e-176	524
g1570.t1	VFG031406(gb|WP_015302745)	48.792	621	295	5	91	705	161	764	5.87e-176	523
g1570.t1	VFG031407(gb|WP_015289456)	48.953	621	294	5	91	705	161	764	5.94e-176	523
g1570.t1	VFG031390(gb|NP_215484)	48.792	621	295	5	91	705	161	764	1.03e-175	523
g1570.t1	VFG031416(gb|WP_015345044)	48.631	621	296	5	91	705	161	764	4.41e-175	521
g1570.t1	VFG031402(gb|WP_008257346)	48.889	630	299	5	91	714	163	775	3.35e-170	509
g1570.t1	VFG031404(gb|WP_085981087)	46.596	661	323	7	52	705	135	772	1.58e-169	507
g1570.t1	VFG031403(gb|WP_014711794)	47.778	630	306	5	91	714	163	775	1.00e-165	497
g1570.t1	VFG031419(gb|YP_005359663)	47.500	600	292	5	91	684	183	765	8.59e-162	488
g1570.t1	VFG031395(gb|WP_011738760)	47.504	621	303	4	91	705	171	774	3.05e-161	485
g1570.t1	VFG031400(gb|WP_085979799)	46.919	633	305	6	96	718	174	785	2.11e-155	471
g1570.t1	VFG031362(gb|WP_012634421)	38.632	497	288	6	217	704	234	722	9.49e-89	294
g1570.t1	VFG031350(gb|WP_010907902)	38.632	497	288	6	217	704	234	722	9.99e-89	294
g1570.t1	VFG031355(gb|WP_168189053)	38.523	501	285	7	216	704	207	696	1.17e-87	291
g1570.t1	VFG031363(gb|WP_181013014)	36.026	619	345	11	101	704	117	699	3.26e-86	287
g1570.t1	VFG031375(gb|WP_162143263)	35.864	619	346	11	101	704	117	699	1.40e-84	282
g1570.t1	VFG031388(gb|WP_020823399)	36.174	622	339	13	101	704	146	727	2.99e-83	280
g1570.t1	VFG031366(gb|WP_014383193)	35.455	660	363	15	63	704	113	727	3.98e-83	279
g1570.t1	VFG031370(gb|WP_014380975)	35.455	660	363	15	63	704	113	727	5.04e-83	279
g1570.t1	VFG031357(gb|WP_162292829)	35.953	598	332	11	101	683	117	678	7.72e-83	278
g1570.t1	VFG031364(gb|WP_081465670)	38.200	500	292	7	214	704	211	702	9.16e-83	278
g1570.t1	VFG031373(gb|WP_015291324)	36.276	623	336	16	122	704	113	714	5.34e-81	273
g1570.t1	VFG031353(gb|WP_011725961)	35.922	618	342	12	101	704	132	709	9.41e-81	272
g1570.t1	VFG031352(gb|WP_010949941)	35.922	618	342	12	101	704	146	723	1.03e-80	273
g1570.t1	VFG031387(gb|WP_015695583)	38.600	500	282	8	218	704	227	714	1.24e-80	272
g1570.t1	VFG031372(gb|WP_015303793)	38.600	500	282	8	218	704	227	714	1.33e-80	272
g1570.t1	VFG031348(gb|NP_217787)	38.600	500	282	8	218	704	227	714	1.78e-80	272
g1570.t1	VFG031374(gb|WP_015294300)	38.600	500	282	8	218	704	227	714	1.96e-80	272
g1570.t1	VFG031361(gb|WP_014001649)	38.600	500	282	8	218	704	227	714	1.98e-80	272
g1570.t1	VFG031371(gb|WP_015288494)	35.499	631	337	15	100	704	128	714	2.38e-80	271
g1570.t1	VFG018402(gb|WP_000131305)	34.266	143	69	1	524	641	548	690	2.79e-17	86.7
g1570.t1	VFG021056(gb|WP_000131277)	34.266	143	69	1	524	641	548	690	7.81e-17	85.1
g1570.t1	VFG021053(gb|WP_000131302)	34.266	143	69	1	524	641	548	690	8.66e-17	85.1
g1570.t1	VFG021057(gb|WP_000131284)	34.266	143	69	1	524	641	548	690	8.81e-17	84.7
g1570.t1	VFG018403(gb|WP_000131294)	34.266	143	69	1	524	641	548	690	8.81e-17	84.7
g1570.t1	VFG021058(gb|WP_000131298)	34.266	143	69	1	524	641	548	690	8.96e-17	84.7
g1570.t1	VFG021059(gb|WP_000131296)	34.266	143	69	1	524	641	548	690	9.04e-17	84.7
g1570.t1	VFG000574(gb|NP_462662)	34.266	143	69	1	524	641	548	690	9.04e-17	84.7
g1570.t1	VFG021052(gb|WP_000131297)	34.266	143	69	1	524	641	548	690	9.12e-17	84.7
g1570.t1	VFG021055(gb|WP_000131287)	34.266	143	69	1	524	641	548	690	9.20e-17	84.7
g1570.t1	VFG021054(gb|WP_000131291)	34.266	143	69	1	524	641	548	690	9.68e-17	84.7
g1570.t1	VFG004039(gb|WP_000131278)	34.266	143	69	1	524	641	548	690	9.85e-17	84.7
g1570.t1	VFG004041(gb|WP_000131279)	34.266	143	69	1	524	641	548	690	1.00e-16	84.7
g1570.t1	VFG004042(gb|WP_001541138)	33.566	143	70	1	524	641	548	690	1.72e-15	80.9
g1579.t1	VFG031408(gb|WP_015292573)	47.428	622	303	6	129	744	161	764	4.10e-161	484
g1579.t1	VFG031407(gb|WP_015289456)	47.267	622	304	6	129	744	161	764	5.85e-161	484
g1579.t1	VFG031405(gb|WP_015287968)	47.267	622	304	6	129	744	161	764	1.09e-160	483
g1579.t1	VFG031406(gb|WP_015302745)	47.106	622	305	6	129	744	161	764	1.49e-160	483
g1579.t1	VFG031399(gb|WP_014000532)	47.106	622	305	6	129	744	161	764	1.79e-160	483
g1579.t1	VFG031392(gb|WP_003404941)	47.267	622	304	6	129	744	161	764	2.10e-160	483
g1579.t1	VFG031390(gb|NP_215484)	47.267	622	304	6	129	744	161	764	3.55e-160	482
g1579.t1	VFG031416(gb|WP_015345044)	47.106	622	305	6	129	744	161	764	7.22e-160	481
g1579.t1	VFG031404(gb|WP_085981087)	43.687	689	353	7	65	744	110	772	1.85e-159	481
g1579.t1	VFG031402(gb|WP_008257346)	46.299	635	309	6	118	744	156	766	2.69e-155	470
g1579.t1	VFG031395(gb|WP_011738760)	44.169	686	350	8	67	744	114	774	8.10e-152	461
g1579.t1	VFG031403(gb|WP_014711794)	44.978	667	331	8	89	744	125	766	8.88e-152	461
g1579.t1	VFG031419(gb|YP_005359663)	46.256	601	299	6	129	723	183	765	1.12e-147	451
g1579.t1	VFG031400(gb|WP_085979799)	45.496	655	324	8	98	744	143	772	2.39e-145	444
g1579.t1	VFG031350(gb|WP_010907902)	35.714	504	298	7	255	745	234	724	1.20e-80	272
g1579.t1	VFG031362(gb|WP_012634421)	35.714	504	298	7	255	745	234	724	1.22e-80	272
g1579.t1	VFG031355(gb|WP_168189053)	31.440	722	439	14	35	743	18	696	8.77e-79	266
g1579.t1	VFG031373(gb|WP_015291324)	32.036	668	386	14	103	748	98	719	1.21e-77	264
g1579.t1	VFG031371(gb|WP_015288494)	31.912	680	394	15	92	748	86	719	1.37e-77	264
g1579.t1	VFG031363(gb|WP_181013014)	32.650	634	375	11	128	746	106	702	1.81e-77	263
g1579.t1	VFG031361(gb|WP_014001649)	32.036	668	386	14	103	748	98	719	2.14e-77	263
g1579.t1	VFG031372(gb|WP_015303793)	32.504	643	371	13	128	748	118	719	2.94e-76	260
g1579.t1	VFG031374(gb|WP_015294300)	32.504	643	371	13	128	748	118	719	3.13e-76	260
g1579.t1	VFG031375(gb|WP_162143263)	32.492	634	376	11	128	746	106	702	6.89e-76	259
g1579.t1	VFG031364(gb|WP_081465670)	35.503	507	303	8	253	747	212	706	1.72e-75	258
g1579.t1	VFG031348(gb|NP_217787)	32.243	642	372	13	128	747	118	718	7.65e-75	256
g1579.t1	VFG031387(gb|WP_015695583)	35.586	503	300	8	257	747	228	718	2.05e-74	255
g1579.t1	VFG031357(gb|WP_162292829)	32.650	634	375	11	128	746	106	702	1.84e-73	252
g1579.t1	VFG031370(gb|WP_014380975)	32.126	635	352	14	139	745	146	729	9.76e-73	251
g1579.t1	VFG031388(gb|WP_020823399)	32.075	636	353	14	139	746	146	730	1.08e-72	251
g1579.t1	VFG031366(gb|WP_014383193)	32.126	635	352	14	139	745	146	729	1.59e-72	250
g1579.t1	VFG031353(gb|WP_011725961)	32.315	622	366	11	139	746	132	712	5.62e-71	246
g1579.t1	VFG031352(gb|WP_010949941)	32.315	622	366	11	139	746	146	726	6.40e-71	246
g1579.t1	VFG018402(gb|WP_000131305)	24.519	624	329	20	215	714	122	727	3.64e-23	105
g1579.t1	VFG021058(gb|WP_000131298)	23.955	622	335	19	215	714	122	727	6.59e-22	101
g1579.t1	VFG021057(gb|WP_000131284)	23.955	622	335	19	215	714	122	727	6.59e-22	101
g1579.t1	VFG021052(gb|WP_000131297)	23.955	622	335	19	215	714	122	727	6.59e-22	101
g1579.t1	VFG021053(gb|WP_000131302)	23.955	622	335	19	215	714	122	727	6.70e-22	101
g1579.t1	VFG018403(gb|WP_000131294)	23.710	620	339	18	215	714	122	727	1.76e-21	100
g1579.t1	VFG004041(gb|WP_000131279)	23.794	622	336	19	215	714	122	727	3.61e-21	99.0
g1579.t1	VFG021055(gb|WP_000131287)	23.794	622	336	19	215	714	122	727	3.64e-21	99.0
g1579.t1	VFG021059(gb|WP_000131296)	23.710	620	339	18	215	714	122	727	3.94e-21	99.0
g1579.t1	VFG000574(gb|NP_462662)	23.794	622	336	19	215	714	122	727	4.15e-21	99.0
g1579.t1	VFG021054(gb|WP_000131291)	23.548	620	340	18	215	714	122	727	4.26e-21	98.6
g1579.t1	VFG004039(gb|WP_000131278)	25.358	489	265	14	315	714	250	727	6.27e-21	98.2
g1579.t1	VFG021056(gb|WP_000131277)	23.633	622	337	19	215	714	122	727	9.41e-21	97.8
g1579.t1	VFG004042(gb|WP_001541138)	23.794	622	336	19	215	714	122	727	1.34e-20	97.1
g91.t1	VFG031416(gb|WP_015345044)	49.369	634	291	6	94	720	155	765	0.0	539
g91.t1	VFG031390(gb|NP_215484)	49.369	634	291	6	94	720	155	765	0.0	539
g91.t1	VFG031406(gb|WP_015302745)	49.369	634	291	6	94	720	155	765	0.0	538
g91.t1	VFG031405(gb|WP_015287968)	49.211	634	292	6	94	720	155	765	0.0	538
g91.t1	VFG031399(gb|WP_014000532)	49.054	634	293	6	94	720	155	765	0.0	537
g91.t1	VFG031392(gb|WP_003404941)	49.211	634	292	6	94	720	155	765	0.0	537
g91.t1	VFG031408(gb|WP_015292573)	49.054	634	293	6	94	720	155	765	0.0	535
g91.t1	VFG031407(gb|WP_015289456)	49.054	634	293	6	94	720	155	765	1.04e-180	535
g91.t1	VFG031402(gb|WP_008257346)	49.842	634	288	6	94	720	157	767	2.35e-177	526
g91.t1	VFG031404(gb|WP_085981087)	46.187	695	343	8	34	720	102	773	2.95e-177	526
g91.t1	VFG031403(gb|WP_014711794)	49.211	634	292	6	94	720	157	767	4.63e-174	518
g91.t1	VFG031419(gb|YP_005359663)	48.039	612	288	6	94	698	177	765	4.41e-167	500
g91.t1	VFG031395(gb|WP_011738760)	45.299	702	354	6	26	720	97	775	9.20e-166	496
g91.t1	VFG031400(gb|WP_085979799)	47.319	634	304	6	94	720	163	773	4.61e-162	487
g91.t1	VFG031355(gb|WP_168189053)	33.747	726	417	16	10	718	18	696	1.32e-90	298
g91.t1	VFG031362(gb|WP_012634421)	36.496	548	321	8	187	718	186	722	6.67e-89	294
g91.t1	VFG031350(gb|WP_010907902)	36.496	548	321	8	187	718	186	722	6.74e-89	294
g91.t1	VFG031364(gb|WP_081465670)	35.634	623	349	12	122	726	124	712	2.57e-88	292
g91.t1	VFG031363(gb|WP_181013014)	35.818	617	341	13	119	718	121	699	2.27e-87	290
g91.t1	VFG031375(gb|WP_162143263)	35.656	617	342	13	119	718	121	699	5.47e-86	286
g91.t1	VFG031370(gb|WP_014380975)	35.227	616	345	12	119	718	150	727	2.65e-84	282
g91.t1	VFG031388(gb|WP_020823399)	35.227	616	345	12	119	718	150	727	3.84e-84	281
g91.t1	VFG031366(gb|WP_014383193)	35.227	616	345	12	119	718	150	727	4.43e-84	281
g91.t1	VFG031357(gb|WP_162292829)	35.738	596	328	13	119	697	121	678	1.71e-83	279
g91.t1	VFG031348(gb|NP_217787)	35.484	620	342	13	119	718	133	714	2.98e-83	279
g91.t1	VFG031361(gb|WP_014001649)	35.484	620	342	13	119	718	133	714	2.98e-83	279
g91.t1	VFG031374(gb|WP_015294300)	35.484	620	342	13	119	718	133	714	4.84e-83	278
g91.t1	VFG031372(gb|WP_015303793)	35.484	620	342	13	119	718	133	714	5.20e-83	278
g91.t1	VFG031373(gb|WP_015291324)	35.323	620	343	13	119	718	133	714	6.66e-83	278
g91.t1	VFG031371(gb|WP_015288494)	35.200	625	347	13	114	718	128	714	1.29e-82	277
g91.t1	VFG031387(gb|WP_015695583)	35.323	620	343	13	119	718	133	714	6.81e-82	275
g91.t1	VFG031353(gb|WP_011725961)	35.237	613	345	12	119	718	136	709	1.16e-81	274
g91.t1	VFG031352(gb|WP_010949941)	35.237	613	345	12	119	718	150	723	1.21e-81	275
g91.t1	VFG021056(gb|WP_000131277)	23.993	546	317	12	235	689	189	727	7.37e-22	101
g91.t1	VFG021055(gb|WP_000131287)	23.993	546	317	12	235	689	189	727	1.27e-21	100
g91.t1	VFG018403(gb|WP_000131294)	24.176	546	316	13	235	689	189	727	1.84e-21	99.8
g91.t1	VFG004041(gb|WP_000131279)	23.993	546	317	12	235	689	189	727	2.04e-21	99.8
g91.t1	VFG000574(gb|NP_462662)	23.993	546	317	12	235	689	189	727	2.10e-21	99.8
g91.t1	VFG021054(gb|WP_000131291)	23.993	546	317	12	235	689	189	727	2.13e-21	99.8
g91.t1	VFG021059(gb|WP_000131296)	23.993	546	317	12	235	689	189	727	2.58e-21	99.4
g91.t1	VFG004039(gb|WP_000131278)	23.993	546	317	12	235	689	189	727	3.37e-21	99.0
g91.t1	VFG021057(gb|WP_000131284)	23.993	546	317	12	235	689	189	727	3.46e-21	99.0
g91.t1	VFG021058(gb|WP_000131298)	23.993	546	317	12	235	689	189	727	3.52e-21	99.0
g91.t1	VFG021053(gb|WP_000131302)	23.993	546	317	12	235	689	189	727	3.81e-21	99.0
g91.t1	VFG021052(gb|WP_000131297)	23.993	546	317	12	235	689	189	727	4.22e-21	98.6
g91.t1	VFG004042(gb|WP_001541138)	23.810	546	318	12	235	689	189	727	6.40e-20	95.1
g91.t1	VFG018402(gb|WP_000131305)	31.527	203	105	4	515	689	531	727	1.28e-17	87.4
g101.t1	VFG031407(gb|WP_015289456)	48.397	624	297	5	131	750	162	764	1.40e-170	509
g101.t1	VFG031408(gb|WP_015292573)	48.397	624	297	5	131	750	162	764	2.22e-170	509
g101.t1	VFG031390(gb|NP_215484)	48.237	624	298	5	131	750	162	764	8.25e-170	507
g101.t1	VFG031405(gb|WP_015287968)	48.237	624	298	5	131	750	162	764	1.00e-169	507
g101.t1	VFG031392(gb|WP_003404941)	48.237	624	298	5	131	750	162	764	1.24e-169	507
g101.t1	VFG031399(gb|WP_014000532)	48.077	624	299	5	131	750	162	764	1.40e-169	506
g101.t1	VFG031406(gb|WP_015302745)	48.077	624	299	5	131	750	162	764	2.04e-169	506
g101.t1	VFG031416(gb|WP_015345044)	48.077	624	299	5	131	750	162	764	3.13e-169	506
g101.t1	VFG031404(gb|WP_085981087)	45.255	685	334	8	74	750	121	772	4.31e-165	495
g101.t1	VFG031402(gb|WP_008257346)	48.490	629	293	7	131	752	164	768	6.31e-165	495
g101.t1	VFG031403(gb|WP_014711794)	48.172	629	295	7	131	752	164	768	2.82e-162	488
g101.t1	VFG031395(gb|WP_011738760)	46.779	652	317	6	103	750	149	774	1.84e-156	473
g101.t1	VFG031400(gb|WP_085979799)	45.494	688	334	8	67	750	122	772	2.41e-156	473
g101.t1	VFG031419(gb|YP_005359663)	47.098	603	294	5	131	729	184	765	2.58e-156	473
g101.t1	VFG031355(gb|WP_168189053)	32.109	735	425	16	33	749	18	696	7.30e-83	278
g101.t1	VFG031350(gb|WP_010907902)	35.081	553	328	8	212	749	186	722	4.36e-82	276
g101.t1	VFG031362(gb|WP_012634421)	35.081	553	328	8	212	749	186	722	4.54e-82	276
g101.t1	VFG031363(gb|WP_181013014)	33.596	634	370	13	128	749	105	699	1.79e-76	260
g101.t1	VFG031364(gb|WP_081465670)	35.913	504	302	9	254	749	212	702	2.14e-75	258
g101.t1	VFG031373(gb|WP_015291324)	33.646	639	366	15	128	749	117	714	4.03e-75	257
g101.t1	VFG031371(gb|WP_015288494)	33.646	639	366	15	128	749	117	714	4.78e-75	257
g101.t1	VFG031375(gb|WP_162143263)	33.438	634	371	13	128	749	105	699	8.26e-75	256
g101.t1	VFG031372(gb|WP_015303793)	33.176	636	373	13	128	749	117	714	1.32e-74	256
g101.t1	VFG031361(gb|WP_014001649)	33.176	636	373	13	128	749	117	714	1.39e-74	256
g101.t1	VFG031348(gb|NP_217787)	33.176	636	373	13	128	749	117	714	1.92e-74	255
g101.t1	VFG031374(gb|WP_015294300)	33.176	636	373	13	128	749	117	714	9.19e-74	253
g101.t1	VFG031370(gb|WP_014380975)	33.858	635	366	15	128	749	134	727	1.62e-73	253
g101.t1	VFG031387(gb|WP_015695583)	36.273	499	299	9	258	749	228	714	1.78e-73	253
g101.t1	VFG031388(gb|WP_020823399)	33.858	635	366	15	128	749	134	727	1.87e-73	253
g101.t1	VFG031366(gb|WP_014383193)	33.858	635	366	15	128	749	134	727	2.39e-73	253
g101.t1	VFG031353(gb|WP_011725961)	33.756	631	368	14	128	749	120	709	7.66e-73	251
g101.t1	VFG031352(gb|WP_010949941)	33.756	631	368	14	128	749	134	723	1.07e-72	251
g101.t1	VFG031357(gb|WP_162292829)	33.442	613	357	13	128	728	105	678	1.24e-72	250
g101.t1	VFG021052(gb|WP_000131297)	31.683	202	109	4	548	720	526	727	9.20e-19	91.3
g101.t1	VFG021058(gb|WP_000131298)	31.683	202	109	4	548	720	526	727	9.52e-19	91.3
g101.t1	VFG021059(gb|WP_000131296)	31.683	202	109	4	548	720	526	727	9.77e-19	91.3
g101.t1	VFG021054(gb|WP_000131291)	31.683	202	109	4	548	720	526	727	9.85e-19	91.3
g101.t1	VFG021053(gb|WP_000131302)	31.683	202	109	4	548	720	526	727	1.02e-18	91.3
g101.t1	VFG004039(gb|WP_000131278)	31.683	202	109	4	548	720	526	727	1.05e-18	91.3
g101.t1	VFG018403(gb|WP_000131294)	31.683	202	109	4	548	720	526	727	1.06e-18	90.9
g101.t1	VFG000574(gb|NP_462662)	31.683	202	109	4	548	720	526	727	1.06e-18	90.9
g101.t1	VFG004041(gb|WP_000131279)	31.683	202	109	4	548	720	526	727	1.08e-18	90.9
g101.t1	VFG021057(gb|WP_000131284)	31.683	202	109	4	548	720	526	727	1.31e-18	90.9
g101.t1	VFG021055(gb|WP_000131287)	31.188	202	110	4	548	720	526	727	2.33e-18	90.1
g101.t1	VFG021056(gb|WP_000131277)	31.188	202	110	4	548	720	526	727	2.39e-18	90.1
g101.t1	VFG004042(gb|WP_001541138)	31.188	202	110	4	548	720	526	727	2.02e-17	87.0
g101.t1	VFG018402(gb|WP_000131305)	31.319	182	97	3	567	720	546	727	2.95e-17	86.3
g956.t1	VFG031390(gb|NP_215484)	100.000	770	0	0	23	792	1	770	0.0	1514
g956.t1	VFG031392(gb|WP_003404941)	99.870	770	1	0	23	792	1	770	0.0	1512
g956.t1	VFG031416(gb|WP_015345044)	99.870	770	1	0	23	792	1	770	0.0	1511
g956.t1	VFG031406(gb|WP_015302745)	99.610	770	3	0	23	792	1	770	0.0	1509
g956.t1	VFG031405(gb|WP_015287968)	99.221	770	6	0	23	792	1	770	0.0	1502
g956.t1	VFG031408(gb|WP_015292573)	99.221	770	6	0	23	792	1	770	0.0	1501
g956.t1	VFG031399(gb|WP_014000532)	99.091	770	7	0	23	792	1	770	0.0	1501
g956.t1	VFG031419(gb|YP_005359663)	99.739	765	2	0	1	765	1	765	0.0	1496
g956.t1	VFG031407(gb|WP_015289456)	98.442	770	12	0	23	792	1	770	0.0	1486
g956.t1	VFG031400(gb|WP_085979799)	81.959	776	132	1	23	790	1	776	0.0	1171
g956.t1	VFG031402(gb|WP_008257346)	82.468	770	133	1	23	790	1	770	0.0	1159
g956.t1	VFG031403(gb|WP_014711794)	82.468	770	133	1	23	790	1	770	0.0	1154
g956.t1	VFG031404(gb|WP_085981087)	78.295	774	160	1	23	788	1	774	0.0	1143
g956.t1	VFG031395(gb|WP_011738760)	77.735	777	161	3	23	788	1	776	0.0	1086
g956.t1	VFG031366(gb|WP_014383193)	37.750	800	403	12	4	788	11	730	2.62e-146	447
g956.t1	VFG031370(gb|WP_014380975)	37.909	794	398	12	10	788	17	730	2.79e-146	447
g956.t1	VFG031388(gb|WP_020823399)	37.516	797	403	12	4	785	11	727	9.34e-146	445
g956.t1	VFG031361(gb|WP_014001649)	38.101	790	404	15	11	788	1	717	8.57e-144	440
g956.t1	VFG031348(gb|NP_217787)	38.101	790	404	15	11	788	1	717	1.63e-143	439
g956.t1	VFG031353(gb|WP_011725961)	37.437	788	400	11	10	785	3	709	5.57e-143	437
g956.t1	VFG031352(gb|WP_010949941)	37.437	788	400	11	10	785	17	723	1.94e-142	436
g956.t1	VFG031371(gb|WP_015288494)	36.466	798	406	12	11	788	1	717	2.17e-142	436
g956.t1	VFG031372(gb|WP_015303793)	37.800	791	405	14	11	788	1	717	9.85e-142	434
g956.t1	VFG031387(gb|WP_015695583)	37.800	791	405	14	11	788	1	717	1.60e-141	434
g956.t1	VFG031350(gb|WP_010907902)	36.059	807	411	15	1	788	5	725	3.96e-141	433
g956.t1	VFG031362(gb|WP_012634421)	36.059	807	411	15	1	788	5	725	8.46e-141	432
g956.t1	VFG031374(gb|WP_015294300)	37.674	791	406	14	11	788	1	717	8.48e-141	432
g956.t1	VFG031364(gb|WP_081465670)	37.437	788	388	13	23	788	1	705	5.30e-140	430
g956.t1	VFG031363(gb|WP_181013014)	37.132	781	391	15	23	785	1	699	1.75e-137	422
g956.t1	VFG031375(gb|WP_162143263)	37.004	781	392	15	23	785	1	699	7.74e-136	418
g956.t1	VFG031355(gb|WP_168189053)	37.758	776	396	15	23	788	1	699	2.16e-132	409
g956.t1	VFG031357(gb|WP_162292829)	37.004	781	392	15	23	785	1	699	1.23e-130	405
g956.t1	VFG031373(gb|WP_015291324)	36.876	621	361	8	180	788	116	717	1.38e-108	348
g956.t1	VFG031373(gb|WP_015291324)	53.333	120	48	1	11	122	1	120	3.27e-29	124
g956.t1	VFG021056(gb|WP_000131277)	24.107	672	360	26	249	790	116	767	2.51e-18	90.1
g956.t1	VFG018403(gb|WP_000131294)	24.107	672	360	26	249	790	116	767	3.40e-18	89.7
g956.t1	VFG000574(gb|NP_462662)	24.107	672	360	26	249	790	116	767	3.45e-18	89.7
g956.t1	VFG021055(gb|WP_000131287)	24.107	672	360	26	249	790	116	767	4.14e-18	89.4
g956.t1	VFG004041(gb|WP_000131279)	23.958	672	361	26	249	790	116	767	6.04e-18	89.0
g956.t1	VFG021057(gb|WP_000131284)	24.107	672	360	26	249	790	116	767	7.42e-18	88.6
g956.t1	VFG021052(gb|WP_000131297)	24.107	672	360	26	249	790	116	767	7.48e-18	88.6
g956.t1	VFG021058(gb|WP_000131298)	24.107	672	360	26	249	790	116	767	7.88e-18	88.6
g956.t1	VFG021053(gb|WP_000131302)	24.107	672	360	26	249	790	116	767	7.88e-18	88.6
g956.t1	VFG021059(gb|WP_000131296)	23.958	672	361	26	249	790	116	767	1.03e-17	88.2
g956.t1	VFG021054(gb|WP_000131291)	23.958	672	361	26	249	790	116	767	1.05e-17	87.8
g956.t1	VFG004039(gb|WP_000131278)	23.810	672	362	25	249	790	116	767	1.96e-17	87.0
g956.t1	VFG004042(gb|WP_001541138)	23.810	672	362	25	249	790	116	767	1.58e-16	84.3
g956.t1	VFG018402(gb|WP_000131305)	27.803	223	125	5	603	790	546	767	1.08e-14	78.2
g1459.t1	VFG031406(gb|WP_015302745)	35.478	544	333	6	111	643	224	760	2.00e-72	248
g1459.t1	VFG031404(gb|WP_085981087)	33.109	595	359	10	40	607	150	732	2.50e-72	248
g1459.t1	VFG031399(gb|WP_014000532)	35.294	544	334	6	111	643	224	760	2.77e-72	248
g1459.t1	VFG031408(gb|WP_015292573)	35.294	544	334	6	111	643	224	760	3.29e-72	248
g1459.t1	VFG031405(gb|WP_015287968)	35.294	544	334	6	111	643	224	760	3.39e-72	248
g1459.t1	VFG031392(gb|WP_003404941)	35.294	544	334	6	111	643	224	760	5.09e-72	248
g1459.t1	VFG031416(gb|WP_015345044)	35.305	541	338	5	111	643	224	760	5.14e-72	248
g1459.t1	VFG031407(gb|WP_015289456)	35.294	544	334	6	111	643	224	760	6.11e-72	247
g1459.t1	VFG031355(gb|WP_168189053)	33.746	566	354	7	89	644	140	694	6.27e-72	246
g1459.t1	VFG031390(gb|NP_215484)	35.305	541	338	5	111	643	224	760	8.03e-72	247
g1459.t1	VFG031419(gb|YP_005359663)	36.238	505	310	5	111	607	246	746	2.80e-71	246
g1459.t1	VFG031402(gb|WP_008257346)	35.337	549	327	8	111	643	226	762	8.47e-71	244
g1459.t1	VFG031364(gb|WP_081465670)	31.834	578	370	6	85	647	135	703	1.33e-70	243
g1459.t1	VFG031403(gb|WP_014711794)	34.862	545	335	6	111	643	226	762	3.94e-70	243
g1459.t1	VFG031400(gb|WP_085979799)	33.493	627	386	8	40	643	150	768	7.13e-70	242
g1459.t1	VFG031374(gb|WP_015294300)	32.007	578	369	7	85	647	147	715	8.84e-68	235
g1459.t1	VFG031363(gb|WP_181013014)	31.652	575	372	7	85	647	135	700	1.00e-67	234
g1459.t1	VFG031387(gb|WP_015695583)	31.687	587	377	7	76	647	138	715	1.69e-67	234
g1459.t1	VFG031348(gb|NP_217787)	31.834	578	370	7	85	647	147	715	5.54e-67	233
g1459.t1	VFG031372(gb|WP_015303793)	31.834	578	370	7	85	647	147	715	1.18e-66	232
g1459.t1	VFG031362(gb|WP_012634421)	31.533	574	372	7	86	647	159	723	1.41e-66	232
g1459.t1	VFG031361(gb|WP_014001649)	31.834	578	370	7	85	647	147	715	1.45e-66	232
g1459.t1	VFG031371(gb|WP_015288494)	31.661	578	371	7	85	647	147	715	2.44e-66	231
g1459.t1	VFG031373(gb|WP_015291324)	31.661	578	371	7	85	647	147	715	3.85e-66	230
g1459.t1	VFG031350(gb|WP_010907902)	32.645	533	338	7	127	647	200	723	4.11e-66	230
g1459.t1	VFG031375(gb|WP_162143263)	31.478	575	373	7	85	647	135	700	5.06e-66	230
g1459.t1	VFG031395(gb|WP_011738760)	33.388	605	364	12	29	607	143	734	6.11e-66	231
g1459.t1	VFG031353(gb|WP_011725961)	31.699	571	372	7	85	647	150	710	1.26e-65	229
g1459.t1	VFG031352(gb|WP_010949941)	31.874	571	371	7	85	647	164	724	1.37e-65	229
g1459.t1	VFG031366(gb|WP_014383193)	31.882	574	371	7	85	647	164	728	5.07e-65	228
g1459.t1	VFG031370(gb|WP_014380975)	31.882	574	371	7	85	647	164	728	5.22e-65	228
g1459.t1	VFG031388(gb|WP_020823399)	31.882	574	371	7	85	647	164	728	7.20e-65	227
g1459.t1	VFG031357(gb|WP_162292829)	31.826	575	371	7	85	647	135	700	2.26e-64	225
g1459.t1	VFG018402(gb|WP_000131305)	24.099	527	276	19	165	580	174	687	2.48e-10	63.5
g1459.t1	VFG021052(gb|WP_000131297)	22.449	588	318	20	114	580	117	687	9.55e-09	58.5
g1459.t1	VFG004042(gb|WP_001541138)	22.279	588	319	20	114	580	117	687	3.01e-07	53.9
g1459.t1	VFG021059(gb|WP_000131296)	28.369	141	75	2	465	580	548	687	5.38e-07	52.8
g1459.t1	VFG021054(gb|WP_000131291)	28.369	141	75	2	465	580	548	687	5.47e-07	52.8
g1459.t1	VFG000574(gb|NP_462662)	28.369	141	75	2	465	580	548	687	5.47e-07	52.8
g1459.t1	VFG021058(gb|WP_000131298)	28.369	141	75	2	465	580	548	687	5.57e-07	52.8
g1459.t1	VFG021056(gb|WP_000131277)	28.369	141	75	2	465	580	548	687	5.67e-07	52.8
g1459.t1	VFG021057(gb|WP_000131284)	28.369	141	75	2	465	580	548	687	5.76e-07	52.8
g1459.t1	VFG021053(gb|WP_000131302)	28.369	141	75	2	465	580	548	687	5.86e-07	52.8
g1459.t1	VFG018403(gb|WP_000131294)	28.369	141	75	2	465	580	548	687	5.91e-07	52.8
g1459.t1	VFG004039(gb|WP_000131278)	28.369	141	75	2	465	580	548	687	6.07e-07	52.8
g1459.t1	VFG021055(gb|WP_000131287)	28.369	141	75	2	465	580	548	687	6.12e-07	52.8
g1459.t1	VFG004041(gb|WP_000131279)	28.369	141	75	2	465	580	548	687	6.22e-07	52.8
g1968.t1	VFG031419(gb|YP_005359663)	40.693	779	392	18	1	729	1	759	4.04e-139	429
g1968.t1	VFG031390(gb|NP_215484)	39.719	783	404	18	21	755	1	763	6.83e-135	417
g1968.t1	VFG031408(gb|WP_015292573)	39.719	783	404	18	21	755	1	763	1.06e-134	417
g1968.t1	VFG031392(gb|WP_003404941)	39.719	783	404	18	21	755	1	763	1.36e-134	417
g1968.t1	VFG031416(gb|WP_015345044)	39.591	783	405	18	21	755	1	763	2.37e-134	416
g1968.t1	VFG031406(gb|WP_015302745)	39.691	776	414	17	21	755	1	763	3.23e-134	416
g1968.t1	VFG031399(gb|WP_014000532)	39.691	776	414	17	21	755	1	763	1.17e-133	414
g1968.t1	VFG031405(gb|WP_015287968)	39.562	776	415	17	21	755	1	763	1.85e-133	414
g1968.t1	VFG031407(gb|WP_015289456)	39.437	781	409	16	21	755	1	763	1.83e-131	409
g1968.t1	VFG031403(gb|WP_014711794)	38.571	770	433	13	21	755	1	765	3.61e-126	395
g1968.t1	VFG031402(gb|WP_008257346)	38.592	767	437	12	21	755	1	765	5.57e-126	394
g1968.t1	VFG031353(gb|WP_011725961)	36.842	760	411	9	11	756	6	710	1.40e-122	384
g1968.t1	VFG031352(gb|WP_010949941)	36.842	760	411	9	11	756	20	724	3.59e-122	383
g1968.t1	VFG031404(gb|WP_085981087)	36.563	774	449	12	21	755	1	771	3.84e-121	382
g1968.t1	VFG031388(gb|WP_020823399)	36.000	775	418	12	5	756	9	728	8.14e-120	377
g1968.t1	VFG031400(gb|WP_085979799)	37.741	779	433	15	21	755	1	771	1.20e-119	378
g1968.t1	VFG031364(gb|WP_081465670)	36.988	757	402	10	21	756	1	703	2.28e-119	375
g1968.t1	VFG031370(gb|WP_014380975)	35.871	775	419	12	5	756	9	728	4.52e-119	375
g1968.t1	VFG031366(gb|WP_014383193)	35.871	775	419	12	5	756	9	728	4.52e-119	375
g1968.t1	VFG031350(gb|WP_010907902)	35.593	767	413	10	11	756	17	723	6.81e-119	374
g1968.t1	VFG031371(gb|WP_015288494)	36.234	770	410	13	11	756	3	715	1.13e-118	374
g1968.t1	VFG031362(gb|WP_012634421)	35.593	767	413	10	11	756	17	723	4.98e-118	372
g1968.t1	VFG031355(gb|WP_168189053)	36.724	757	398	12	21	756	1	697	5.96e-118	371
g1968.t1	VFG031361(gb|WP_014001649)	35.974	770	412	12	11	756	3	715	4.44e-116	367
g1968.t1	VFG031373(gb|WP_015291324)	35.964	773	408	13	11	756	3	715	1.25e-115	366
g1968.t1	VFG031372(gb|WP_015303793)	36.104	770	411	13	11	756	3	715	2.33e-115	365
g1968.t1	VFG031348(gb|NP_217787)	36.104	770	411	13	11	756	3	715	3.15e-115	364
g1968.t1	VFG031374(gb|WP_015294300)	36.010	772	409	13	11	756	3	715	3.88e-115	364
g1968.t1	VFG031363(gb|WP_181013014)	35.146	754	417	10	21	756	1	700	1.81e-114	362
g1968.t1	VFG031387(gb|WP_015695583)	35.742	775	407	12	11	756	3	715	3.77e-114	362
g1968.t1	VFG031375(gb|WP_162143263)	35.013	754	418	10	21	756	1	700	1.35e-112	357
g1968.t1	VFG031357(gb|WP_162292829)	35.854	714	386	10	21	716	1	660	4.83e-112	355
g1968.t1	VFG031395(gb|WP_011738760)	36.763	797	418	13	21	755	1	773	5.55e-112	358
g1968.t1	VFG018402(gb|WP_000131305)	25.871	201	117	4	568	737	541	740	1.93e-11	67.8
g1968.t1	VFG021053(gb|WP_000131302)	29.381	194	105	6	575	737	548	740	1.99e-11	67.8
g1968.t1	VFG021057(gb|WP_000131284)	29.381	194	105	6	575	737	548	740	2.03e-11	67.8
g1968.t1	VFG021058(gb|WP_000131298)	29.381	194	105	6	575	737	548	740	2.05e-11	67.8
g1968.t1	VFG021052(gb|WP_000131297)	29.381	194	105	6	575	737	548	740	2.43e-11	67.4
g1968.t1	VFG021055(gb|WP_000131287)	26.368	201	116	4	568	737	541	740	6.49e-11	65.9
g1968.t1	VFG021056(gb|WP_000131277)	26.368	201	116	4	568	737	541	740	6.72e-11	65.9
g1968.t1	VFG021059(gb|WP_000131296)	26.804	194	110	4	575	737	548	740	8.76e-11	65.5
g1968.t1	VFG021054(gb|WP_000131291)	26.804	194	110	4	575	737	548	740	9.54e-11	65.5
g1968.t1	VFG000574(gb|NP_462662)	26.804	194	110	4	575	737	548	740	9.70e-11	65.5
g1968.t1	VFG018403(gb|WP_000131294)	26.804	194	110	4	575	737	548	740	1.00e-10	65.5
g1968.t1	VFG004039(gb|WP_000131278)	26.804	194	110	4	575	737	548	740	1.04e-10	65.5
g1968.t1	VFG004041(gb|WP_000131279)	26.289	194	111	4	575	737	548	740	1.34e-10	65.1
g1968.t1	VFG004042(gb|WP_001541138)	28.866	194	106	6	575	737	548	740	4.15e-10	63.5
g3229.t1	VFG031348(gb|NP_217787)	100.000	718	0	0	1	718	1	718	0.0	1410
g3229.t1	VFG031372(gb|WP_015303793)	99.861	718	1	0	1	718	1	718	0.0	1410
g3229.t1	VFG031387(gb|WP_015695583)	99.861	718	1	0	1	718	1	718	0.0	1408
g3229.t1	VFG031361(gb|WP_014001649)	99.582	718	3	0	1	718	1	718	0.0	1407
g3229.t1	VFG031374(gb|WP_015294300)	99.582	718	3	0	1	718	1	718	0.0	1403
g3229.t1	VFG031373(gb|WP_015291324)	98.607	718	10	0	1	718	1	718	0.0	1394
g3229.t1	VFG031371(gb|WP_015288494)	97.354	718	19	0	1	718	1	718	0.0	1378
g3229.t1	VFG031363(gb|WP_181013014)	92.340	705	51	1	13	717	1	702	0.0	1266
g3229.t1	VFG031375(gb|WP_162143263)	92.199	705	52	1	13	717	1	702	0.0	1263
g3229.t1	VFG031366(gb|WP_014383193)	90.210	715	66	1	3	717	20	730	0.0	1252
g3229.t1	VFG031370(gb|WP_014380975)	90.210	715	66	1	3	717	20	730	0.0	1252
g3229.t1	VFG031388(gb|WP_020823399)	89.930	715	68	1	3	717	20	730	0.0	1247
g3229.t1	VFG031353(gb|WP_011725961)	90.070	715	63	1	3	717	6	712	0.0	1246
g3229.t1	VFG031352(gb|WP_010949941)	89.930	715	64	1	3	717	20	726	0.0	1244
g3229.t1	VFG031357(gb|WP_162292829)	91.915	705	54	1	13	717	1	702	0.0	1238
g3229.t1	VFG031362(gb|WP_012634421)	86.115	713	93	2	5	717	19	725	0.0	1214
g3229.t1	VFG031350(gb|WP_010907902)	85.975	713	94	2	5	717	19	725	0.0	1212
g3229.t1	VFG031364(gb|WP_081465670)	85.269	706	104	0	13	718	1	706	0.0	1175
g3229.t1	VFG031355(gb|WP_168189053)	77.054	706	154	2	13	717	1	699	0.0	1070
g3229.t1	VFG031402(gb|WP_008257346)	38.353	777	392	12	13	714	1	765	2.02e-142	436
g3229.t1	VFG031403(gb|WP_014711794)	37.709	777	397	12	13	714	1	765	4.25e-139	427
g3229.t1	VFG031395(gb|WP_011738760)	35.777	791	407	13	13	717	1	776	5.02e-124	387
g3229.t1	VFG031404(gb|WP_085981087)	35.623	786	413	13	13	717	1	774	2.32e-123	386
g3229.t1	VFG031390(gb|NP_215484)	37.198	621	359	9	116	717	158	766	1.05e-112	358
g3229.t1	VFG031390(gb|NP_215484)	53.704	108	42	1	13	120	1	100	3.05e-25	111
g3229.t1	VFG031405(gb|WP_015287968)	37.198	621	359	9	116	717	158	766	1.13e-112	358
g3229.t1	VFG031405(gb|WP_015287968)	52.778	108	43	1	13	120	1	100	2.53e-24	108
g3229.t1	VFG031399(gb|WP_014000532)	37.198	621	359	9	116	717	158	766	1.27e-112	357
g3229.t1	VFG031399(gb|WP_014000532)	52.778	108	43	1	13	120	1	100	2.51e-24	108
g3229.t1	VFG031392(gb|WP_003404941)	37.198	621	359	9	116	717	158	766	1.60e-112	357
g3229.t1	VFG031392(gb|WP_003404941)	53.704	108	42	1	13	120	1	100	3.00e-25	111
g3229.t1	VFG031406(gb|WP_015302745)	37.037	621	360	9	116	717	158	766	2.92e-112	357
g3229.t1	VFG031406(gb|WP_015302745)	53.704	108	42	1	13	120	1	100	3.11e-25	111
g3229.t1	VFG031416(gb|WP_015345044)	37.037	621	360	9	116	717	158	766	4.69e-112	356
g3229.t1	VFG031416(gb|WP_015345044)	53.704	108	42	1	13	120	1	100	3.05e-25	111
g3229.t1	VFG031408(gb|WP_015292573)	37.198	621	359	9	116	717	158	766	6.50e-112	355
g3229.t1	VFG031408(gb|WP_015292573)	52.778	108	43	1	13	120	1	100	3.84e-24	108
g3229.t1	VFG031407(gb|WP_015289456)	37.198	621	359	9	116	717	158	766	2.28e-111	354
g3229.t1	VFG031407(gb|WP_015289456)	52.778	108	43	1	13	120	1	100	2.00e-24	108
g3229.t1	VFG031419(gb|YP_005359663)	36.807	595	345	9	116	691	180	762	6.37e-106	340
g3229.t1	VFG031419(gb|YP_005359663)	54.167	120	47	1	1	120	11	122	1.35e-29	125
g3229.t1	VFG031400(gb|WP_085979799)	36.709	632	368	8	106	717	155	774	6.16e-104	335
g3229.t1	VFG031400(gb|WP_085979799)	55.000	120	54	0	13	132	1	120	3.01e-27	117
g3229.t1	VFG018403(gb|WP_000131294)	25.637	589	304	24	174	648	119	687	2.21e-21	99.4
g3229.t1	VFG021055(gb|WP_000131287)	25.637	589	304	24	174	648	119	687	3.88e-21	98.6
g3229.t1	VFG021056(gb|WP_000131277)	25.637	589	304	24	174	648	119	687	3.91e-21	98.6
g3229.t1	VFG004041(gb|WP_000131279)	25.637	589	304	24	174	648	119	687	4.65e-21	98.6
g3229.t1	VFG021059(gb|WP_000131296)	25.467	589	305	24	174	648	119	687	6.63e-21	97.8
g3229.t1	VFG021054(gb|WP_000131291)	25.467	589	305	24	174	648	119	687	6.81e-21	97.8
g3229.t1	VFG000574(gb|NP_462662)	25.467	589	305	24	174	648	119	687	7.82e-21	97.8
g3229.t1	VFG021053(gb|WP_000131302)	25.467	589	305	24	174	648	119	687	1.37e-20	97.1
g3229.t1	VFG021052(gb|WP_000131297)	25.806	589	303	24	174	648	119	687	1.59e-20	96.7
g3229.t1	VFG021058(gb|WP_000131298)	25.467	589	305	24	174	648	119	687	1.64e-20	96.7
g3229.t1	VFG021057(gb|WP_000131284)	25.467	589	305	24	174	648	119	687	1.70e-20	96.7
g3229.t1	VFG004039(gb|WP_000131278)	25.127	589	307	24	174	648	119	687	1.35e-19	94.0
g3229.t1	VFG004042(gb|WP_001541138)	25.297	589	306	24	174	648	119	687	3.26e-19	92.4
g3229.t1	VFG018402(gb|WP_000131305)	34.483	145	68	4	529	648	545	687	8.39e-14	75.1
g3229.t1	VFG018402(gb|WP_000131305)	23.741	278	164	10	174	414	119	385	2.93e-07	53.9
g1564.t1	VFG031407(gb|WP_015289456)	36.469	606	353	9	216	798	166	762	4.38e-108	348
g1564.t1	VFG031390(gb|NP_215484)	36.634	606	352	9	216	798	166	762	9.22e-108	347
g1564.t1	VFG031416(gb|WP_015345044)	36.634	606	352	9	216	798	166	762	1.16e-107	347
g1564.t1	VFG031405(gb|WP_015287968)	36.469	606	353	9	216	798	166	762	2.65e-107	346
g1564.t1	VFG031392(gb|WP_003404941)	36.469	606	353	9	216	798	166	762	3.48e-107	346
g1564.t1	VFG031399(gb|WP_014000532)	36.304	606	354	9	216	798	166	762	5.18e-107	345
g1564.t1	VFG031406(gb|WP_015302745)	36.304	606	354	9	216	798	166	762	5.93e-107	345
g1564.t1	VFG031408(gb|WP_015292573)	36.304	606	354	9	216	798	166	762	1.09e-106	345
g1564.t1	VFG031404(gb|WP_085981087)	35.333	600	368	6	216	798	174	770	2.86e-106	343
g1564.t1	VFG031402(gb|WP_008257346)	36.093	604	358	8	216	798	168	764	4.64e-103	335
g1564.t1	VFG031419(gb|YP_005359663)	36.192	583	340	9	216	775	188	761	1.01e-101	332
g1564.t1	VFG031403(gb|WP_014711794)	35.596	604	361	9	216	798	168	764	1.40e-99	326
g1564.t1	VFG031395(gb|WP_011738760)	35.893	599	366	6	216	798	176	772	5.35e-99	324
g1564.t1	VFG031400(gb|WP_085979799)	35.000	600	370	6	216	798	174	770	2.06e-98	323
g1564.t1	VFG031350(gb|WP_010907902)	33.224	608	363	14	213	798	135	721	1.28e-70	246
g1564.t1	VFG031355(gb|WP_168189053)	33.959	586	348	13	233	798	129	695	2.95e-70	244
g1564.t1	VFG031362(gb|WP_012634421)	32.566	608	367	13	213	798	135	721	6.97e-70	244
g1564.t1	VFG031353(gb|WP_011725961)	33.110	598	361	12	220	798	131	708	8.17e-70	244
g1564.t1	VFG031352(gb|WP_010949941)	33.110	598	361	12	220	798	145	722	1.68e-69	243
g1564.t1	VFG031363(gb|WP_181013014)	31.563	678	400	16	151	798	55	698	1.89e-68	239
g1564.t1	VFG031366(gb|WP_014383193)	32.781	604	359	13	220	798	145	726	2.44e-68	240
g1564.t1	VFG031370(gb|WP_014380975)	32.781	604	359	13	220	798	145	726	2.78e-68	240
g1564.t1	VFG031388(gb|WP_020823399)	32.616	604	360	13	220	798	145	726	3.13e-68	240
g1564.t1	VFG031374(gb|WP_015294300)	32.450	604	363	13	221	798	129	713	1.32e-67	238
g1564.t1	VFG031361(gb|WP_014001649)	32.285	604	364	13	221	798	129	713	1.43e-67	238
g1564.t1	VFG031348(gb|NP_217787)	32.285	604	364	13	221	798	129	713	1.51e-67	238
g1564.t1	VFG031372(gb|WP_015303793)	32.285	604	364	13	221	798	129	713	1.82e-67	238
g1564.t1	VFG031375(gb|WP_162143263)	31.416	678	401	16	151	798	55	698	3.64e-67	236
g1564.t1	VFG031371(gb|WP_015288494)	31.841	603	368	12	221	798	129	713	6.87e-67	236
g1564.t1	VFG031373(gb|WP_015291324)	31.841	603	368	12	221	798	129	713	1.08e-66	235
g1564.t1	VFG031387(gb|WP_015695583)	32.119	604	365	13	221	798	129	713	4.06e-66	233
g1564.t1	VFG031364(gb|WP_081465670)	32.566	608	360	14	219	798	116	701	1.41e-64	229
g1564.t1	VFG031357(gb|WP_162292829)	31.857	587	352	13	220	780	116	680	1.56e-64	229
g1564.t1	VFG021057(gb|WP_000131284)	30.818	159	85	2	628	761	557	715	1.20e-09	62.0
g1564.t1	VFG021052(gb|WP_000131297)	30.818	159	85	2	628	761	557	715	1.20e-09	62.0
g1564.t1	VFG021058(gb|WP_000131298)	30.818	159	85	2	628	761	557	715	1.23e-09	62.0
g1564.t1	VFG021053(gb|WP_000131302)	30.818	159	85	2	628	761	557	715	1.24e-09	62.0
g1564.t1	VFG018402(gb|WP_000131305)	29.560	159	87	1	628	761	557	715	1.26e-09	62.0
g1564.t1	VFG021055(gb|WP_000131287)	30.818	159	85	2	628	761	557	715	1.28e-09	62.0
g1564.t1	VFG000574(gb|NP_462662)	30.818	159	85	2	628	761	557	715	1.28e-09	62.0
g1564.t1	VFG021059(gb|WP_000131296)	30.818	159	85	2	628	761	557	715	1.29e-09	62.0
g1564.t1	VFG021056(gb|WP_000131277)	30.818	159	85	2	628	761	557	715	1.32e-09	62.0
g1564.t1	VFG021054(gb|WP_000131291)	30.818	159	85	2	628	761	557	715	1.32e-09	62.0
g1564.t1	VFG018403(gb|WP_000131294)	30.818	159	85	2	628	761	557	715	1.33e-09	62.0
g1564.t1	VFG004041(gb|WP_000131279)	30.818	159	85	2	628	761	557	715	1.38e-09	61.6
g1564.t1	VFG004039(gb|WP_000131278)	30.818	159	85	2	628	761	557	715	1.39e-09	61.6
g1564.t1	VFG004042(gb|WP_001541138)	30.189	159	86	2	628	761	557	715	2.32e-08	57.8
g2475.t1	VFG031355(gb|WP_168189053)	32.476	622	393	9	39	642	85	697	1.72e-76	258
g2475.t1	VFG031407(gb|WP_015289456)	34.179	591	351	12	80	641	182	763	4.86e-76	258
g2475.t1	VFG031405(gb|WP_015287968)	34.179	591	351	12	80	641	182	763	1.84e-75	257
g2475.t1	VFG031406(gb|WP_015302745)	34.179	591	351	12	80	641	182	763	2.14e-75	257
g2475.t1	VFG031399(gb|WP_014000532)	34.010	591	352	12	80	641	182	763	2.76e-75	256
g2475.t1	VFG031408(gb|WP_015292573)	34.179	591	351	12	80	641	182	763	2.91e-75	256
g2475.t1	VFG031392(gb|WP_003404941)	34.179	591	351	12	80	641	182	763	3.15e-75	256
g2475.t1	VFG031390(gb|NP_215484)	34.179	591	351	12	80	641	182	763	4.74e-75	256
g2475.t1	VFG031416(gb|WP_015345044)	34.010	591	352	12	80	641	182	763	1.36e-74	254
g2475.t1	VFG031404(gb|WP_085981087)	32.921	647	374	16	33	641	147	771	8.96e-74	252
g2475.t1	VFG031403(gb|WP_014711794)	32.186	668	384	17	21	641	120	765	2.57e-73	251
g2475.t1	VFG031419(gb|YP_005359663)	34.164	562	335	11	80	612	204	759	5.34e-72	248
g2475.t1	VFG031350(gb|WP_010907902)	31.327	565	358	9	98	641	167	722	1.00e-69	240
g2475.t1	VFG031402(gb|WP_008257346)	32.331	665	387	17	21	641	120	765	1.43e-69	241
g2475.t1	VFG031362(gb|WP_012634421)	31.327	565	358	9	98	641	167	722	2.58e-69	239
g2475.t1	VFG031353(gb|WP_011725961)	31.561	583	374	8	74	641	137	709	1.45e-68	237
g2475.t1	VFG031352(gb|WP_010949941)	31.561	583	374	8	74	641	151	723	2.04e-68	237
g2475.t1	VFG031363(gb|WP_181013014)	31.175	587	376	9	74	641	122	699	1.23e-67	234
g2475.t1	VFG031400(gb|WP_085979799)	33.277	595	351	15	80	641	190	771	1.97e-67	235
g2475.t1	VFG031395(gb|WP_011738760)	32.143	644	391	13	29	641	145	773	3.49e-67	234
g2475.t1	VFG031370(gb|WP_014380975)	30.640	594	383	9	74	649	151	733	2.34e-66	231
g2475.t1	VFG031366(gb|WP_014383193)	30.640	594	383	9	74	649	151	733	3.55e-66	231
g2475.t1	VFG031375(gb|WP_162143263)	31.005	587	377	9	74	641	122	699	5.16e-66	230
g2475.t1	VFG031388(gb|WP_020823399)	30.640	594	383	9	74	649	151	733	7.62e-66	230
g2475.t1	VFG031364(gb|WP_081465670)	30.528	606	383	10	67	645	115	709	1.05e-65	229
g2475.t1	VFG031373(gb|WP_015291324)	30.574	592	380	10	72	641	132	714	1.77e-64	226
g2475.t1	VFG031361(gb|WP_014001649)	30.508	590	379	10	74	641	134	714	5.74e-64	224
g2475.t1	VFG031374(gb|WP_015294300)	30.678	590	378	11	74	641	134	714	6.47e-64	224
g2475.t1	VFG031371(gb|WP_015288494)	30.339	590	380	10	74	641	134	714	2.23e-63	223
g2475.t1	VFG031348(gb|NP_217787)	30.508	590	379	11	74	641	134	714	2.31e-63	223
g2475.t1	VFG031372(gb|WP_015303793)	30.508	590	379	11	74	641	134	714	2.49e-63	223
g2475.t1	VFG031357(gb|WP_162292829)	31.175	587	376	9	74	641	122	699	3.32e-63	222
g2475.t1	VFG031387(gb|WP_015695583)	30.508	590	379	11	74	641	134	714	4.72e-63	222
g2475.t1	VFG004042(gb|WP_001541138)	28.962	183	99	4	456	609	548	728	5.03e-08	56.2
g2475.t1	VFG018402(gb|WP_000131305)	27.869	183	101	4	456	609	548	728	1.88e-07	54.3
g2475.t1	VFG004041(gb|WP_000131279)	32.374	139	87	4	477	609	591	728	3.06e-07	53.9
g2475.t1	VFG021052(gb|WP_000131297)	28.415	183	100	4	456	609	548	728	3.11e-07	53.5
g2475.t1	VFG021054(gb|WP_000131291)	32.374	139	87	4	477	609	591	728	3.19e-07	53.5
g2475.t1	VFG021058(gb|WP_000131298)	28.415	183	100	4	456	609	548	728	3.31e-07	53.5
g2475.t1	VFG021053(gb|WP_000131302)	28.415	183	100	4	456	609	548	728	3.36e-07	53.5
g2475.t1	VFG018403(gb|WP_000131294)	32.374	139	87	4	477	609	591	728	3.36e-07	53.5
g2475.t1	VFG021057(gb|WP_000131284)	28.415	183	100	4	456	609	548	728	3.42e-07	53.5
g2475.t1	VFG000574(gb|NP_462662)	32.374	139	87	4	477	609	591	728	3.45e-07	53.5
g2475.t1	VFG021059(gb|WP_000131296)	32.374	139	87	4	477	609	591	728	3.48e-07	53.5
g2475.t1	VFG004039(gb|WP_000131278)	28.415	183	100	4	456	609	548	728	3.76e-07	53.5
g2475.t1	VFG021056(gb|WP_000131277)	28.415	183	100	4	456	609	548	728	3.92e-07	53.5
g2475.t1	VFG021055(gb|WP_000131287)	28.415	183	100	4	456	609	548	728	3.99e-07	53.5
g3762.t1	VFG031407(gb|WP_015289456)	37.073	615	358	9	143	737	157	762	1.14e-106	342
g3762.t1	VFG031405(gb|WP_015287968)	36.911	615	359	9	143	737	157	762	1.08e-105	340
g3762.t1	VFG031406(gb|WP_015302745)	36.911	615	359	9	143	737	157	762	1.10e-105	340
g3762.t1	VFG031399(gb|WP_014000532)	36.748	615	360	9	143	737	157	762	1.17e-105	340
g3762.t1	VFG031392(gb|WP_003404941)	36.911	615	359	9	143	737	157	762	1.27e-105	340
g3762.t1	VFG031416(gb|WP_015345044)	36.911	615	359	9	143	737	157	762	1.43e-105	340
g3762.t1	VFG031390(gb|NP_215484)	36.911	615	359	9	143	737	157	762	1.74e-105	339
g3762.t1	VFG031408(gb|WP_015292573)	36.911	615	359	9	143	737	157	762	2.08e-105	339
g3762.t1	VFG031404(gb|WP_085981087)	34.473	673	403	12	91	737	110	770	4.46e-104	336
g3762.t1	VFG031419(gb|YP_005359663)	36.689	586	346	6	143	710	179	757	1.33e-102	332
g3762.t1	VFG031402(gb|WP_008257346)	37.161	627	370	10	126	737	147	764	7.27e-101	327
g3762.t1	VFG031403(gb|WP_014711794)	36.683	627	373	10	126	737	147	764	2.14e-98	321
g3762.t1	VFG031400(gb|WP_085979799)	37.559	631	362	11	126	737	153	770	5.82e-98	320
g3762.t1	VFG031395(gb|WP_011738760)	37.002	627	371	9	126	737	155	772	1.43e-95	313
g3762.t1	VFG031371(gb|WP_015288494)	36.163	589	354	8	164	740	138	716	3.58e-85	284
g3762.t1	VFG031373(gb|WP_015291324)	35.786	598	362	8	155	740	129	716	4.88e-85	284
g3762.t1	VFG031350(gb|WP_010907902)	35.154	586	358	7	164	740	152	724	1.41e-84	283
g3762.t1	VFG031387(gb|WP_015695583)	35.823	589	356	7	164	740	138	716	1.66e-84	282
g3762.t1	VFG031361(gb|WP_014001649)	36.163	589	354	8	164	740	138	716	1.96e-84	282
g3762.t1	VFG031353(gb|WP_011725961)	35.628	581	360	6	164	740	141	711	2.23e-84	281
g3762.t1	VFG031363(gb|WP_181013014)	36.007	586	356	7	164	740	126	701	3.35e-84	281
g3762.t1	VFG031372(gb|WP_015303793)	35.823	589	356	7	164	740	138	716	4.09e-84	281
g3762.t1	VFG031352(gb|WP_010949941)	35.628	581	360	6	164	740	155	725	4.77e-84	281
g3762.t1	VFG031348(gb|NP_217787)	35.823	589	356	7	164	740	138	716	4.91e-84	281
g3762.t1	VFG031364(gb|WP_081465670)	35.823	589	356	8	164	740	126	704	6.15e-84	281
g3762.t1	VFG031362(gb|WP_012634421)	35.154	586	358	7	164	740	152	724	8.94e-84	280
g3762.t1	VFG031375(gb|WP_162143263)	35.836	586	357	7	164	740	126	701	1.05e-82	277
g3762.t1	VFG031374(gb|WP_015294300)	35.654	589	357	7	164	740	138	716	1.21e-82	277
g3762.t1	VFG031357(gb|WP_162292829)	36.007	586	356	7	164	740	126	701	5.67e-81	272
g3762.t1	VFG031355(gb|WP_168189053)	35.452	598	352	12	155	737	117	695	6.40e-81	272
g3762.t1	VFG031388(gb|WP_020823399)	35.556	585	359	8	164	740	155	729	8.12e-81	273
g3762.t1	VFG031370(gb|WP_014380975)	35.556	585	359	8	164	740	155	729	1.15e-80	272
g3762.t1	VFG031366(gb|WP_014383193)	35.556	585	359	8	164	740	155	729	1.17e-80	272
g3762.t1	VFG018403(gb|WP_000131294)	23.372	599	332	18	222	706	138	723	1.48e-16	84.0
g3762.t1	VFG021056(gb|WP_000131277)	23.205	599	333	18	222	706	138	723	1.94e-16	83.6
g3762.t1	VFG018402(gb|WP_000131305)	23.256	602	329	18	222	706	138	723	2.65e-16	83.2
g3762.t1	VFG000574(gb|NP_462662)	23.205	599	333	18	222	706	138	723	2.65e-16	83.2
g3762.t1	VFG021055(gb|WP_000131287)	23.205	599	333	18	222	706	138	723	2.86e-16	83.2
g3762.t1	VFG021059(gb|WP_000131296)	23.372	599	332	18	222	706	138	723	2.99e-16	83.2
g3762.t1	VFG004041(gb|WP_000131279)	23.205	599	333	18	222	706	138	723	3.61e-16	82.8
g3762.t1	VFG021054(gb|WP_000131291)	23.205	599	333	18	222	706	138	723	3.83e-16	82.8
g3762.t1	VFG021057(gb|WP_000131284)	23.205	599	333	18	222	706	138	723	6.99e-16	82.0
g3762.t1	VFG021052(gb|WP_000131297)	23.205	599	333	18	222	706	138	723	7.42e-16	82.0
g3762.t1	VFG021058(gb|WP_000131298)	23.205	599	333	18	222	706	138	723	7.95e-16	81.6
g3762.t1	VFG021053(gb|WP_000131302)	23.205	599	333	18	222	706	138	723	9.69e-16	81.6
g3762.t1	VFG004039(gb|WP_000131278)	23.038	599	334	18	222	706	138	723	1.74e-15	80.5
g3762.t1	VFG004042(gb|WP_001541138)	23.038	599	334	18	222	706	138	723	1.40e-14	77.8
g3997.t1	VFG031404(gb|WP_085981087)	45.414	676	345	8	124	790	111	771	1.26e-177	529
g3997.t1	VFG031407(gb|WP_015289456)	48.377	616	299	6	179	790	163	763	5.75e-176	525
g3997.t1	VFG031390(gb|NP_215484)	48.214	616	300	6	179	790	163	763	1.67e-173	518
g3997.t1	VFG031392(gb|WP_003404941)	48.052	616	301	6	179	790	163	763	1.86e-173	518
g3997.t1	VFG031416(gb|WP_015345044)	48.052	616	301	6	179	790	163	763	2.93e-173	517
g3997.t1	VFG031405(gb|WP_015287968)	47.890	616	302	6	179	790	163	763	3.79e-173	517
g3997.t1	VFG031399(gb|WP_014000532)	47.727	616	303	6	179	790	163	763	5.89e-173	516
g3997.t1	VFG031406(gb|WP_015302745)	47.727	616	303	6	179	790	163	763	6.15e-173	516
g3997.t1	VFG031408(gb|WP_015292573)	47.890	616	302	6	179	790	163	763	1.14e-172	516
g3997.t1	VFG031395(gb|WP_011738760)	47.240	616	306	5	179	790	173	773	1.00e-161	488
g3997.t1	VFG031403(gb|WP_014711794)	46.266	616	312	5	179	790	165	765	2.86e-161	487
g3997.t1	VFG031402(gb|WP_008257346)	46.429	616	311	5	179	790	165	765	3.15e-161	487
g3997.t1	VFG031419(gb|YP_005359663)	46.980	596	297	6	179	770	185	765	3.55e-161	487
g3997.t1	VFG031400(gb|WP_085979799)	45.872	654	330	8	145	790	134	771	2.74e-159	482
g3997.t1	VFG031350(gb|WP_010907902)	36.152	686	384	15	122	791	76	723	1.56e-101	329
g3997.t1	VFG031362(gb|WP_012634421)	35.784	721	402	17	91	791	44	723	4.68e-101	328
g3997.t1	VFG031366(gb|WP_014383193)	39.016	610	335	10	193	791	145	728	4.86e-101	328
g3997.t1	VFG031388(gb|WP_020823399)	39.016	610	335	10	193	791	145	728	4.97e-101	328
g3997.t1	VFG031370(gb|WP_014380975)	39.016	610	335	10	193	791	145	728	5.51e-101	328
g3997.t1	VFG031363(gb|WP_181013014)	38.625	611	337	11	193	791	116	700	1.13e-99	323
g3997.t1	VFG031364(gb|WP_081465670)	39.068	622	337	12	185	791	109	703	1.51e-99	323
g3997.t1	VFG031355(gb|WP_168189053)	39.926	541	306	8	259	791	168	697	1.62e-99	323
g3997.t1	VFG031353(gb|WP_011725961)	39.044	607	335	11	193	791	131	710	3.82e-98	320
g3997.t1	VFG031375(gb|WP_162143263)	38.462	611	338	11	193	791	116	700	4.12e-98	319
g3997.t1	VFG031352(gb|WP_010949941)	38.715	607	337	10	193	791	145	724	8.87e-98	319
g3997.t1	VFG031374(gb|WP_015294300)	38.173	613	338	11	194	791	129	715	1.60e-96	316
g3997.t1	VFG031348(gb|NP_217787)	38.010	613	339	11	194	791	129	715	3.93e-96	315
g3997.t1	VFG031372(gb|WP_015303793)	38.010	613	339	11	194	791	129	715	4.05e-96	315
g3997.t1	VFG031361(gb|WP_014001649)	38.010	613	339	11	194	791	129	715	4.98e-96	315
g3997.t1	VFG031373(gb|WP_015291324)	37.847	613	340	11	194	791	129	715	5.80e-96	314
g3997.t1	VFG031371(gb|WP_015288494)	37.847	613	340	11	194	791	129	715	8.09e-96	314
g3997.t1	VFG031357(gb|WP_162292829)	38.710	589	323	11	193	769	116	678	1.09e-95	313
g3997.t1	VFG031387(gb|WP_015695583)	37.847	613	340	11	194	791	129	715	1.13e-94	311
g3997.t1	VFG018403(gb|WP_000131294)	23.787	639	364	15	218	745	82	708	3.31e-23	105
g3997.t1	VFG021059(gb|WP_000131296)	23.631	639	365	15	218	745	82	708	8.77e-23	104
g3997.t1	VFG021054(gb|WP_000131291)	23.631	639	365	15	218	745	82	708	8.77e-23	104
g3997.t1	VFG000574(gb|NP_462662)	23.474	639	366	14	218	745	82	708	9.56e-23	104
g3997.t1	VFG021055(gb|WP_000131287)	23.474	639	366	14	218	745	82	708	9.90e-23	104
g3997.t1	VFG004041(gb|WP_000131279)	23.474	639	366	14	218	745	82	708	9.90e-23	104
g3997.t1	VFG004039(gb|WP_000131278)	23.474	639	366	14	218	745	82	708	1.46e-22	103
g3997.t1	VFG021052(gb|WP_000131297)	23.474	639	366	14	218	745	82	708	1.51e-22	103
g3997.t1	VFG021056(gb|WP_000131277)	23.474	639	366	14	218	745	82	708	1.56e-22	103
g3997.t1	VFG021058(gb|WP_000131298)	23.474	639	366	14	218	745	82	708	1.68e-22	103
g3997.t1	VFG021057(gb|WP_000131284)	23.474	639	366	14	218	745	82	708	1.76e-22	103
g3997.t1	VFG021053(gb|WP_000131302)	23.474	639	366	14	218	745	82	708	1.96e-22	103
g3997.t1	VFG018402(gb|WP_000131305)	24.040	599	334	14	258	745	120	708	2.39e-22	102
g3997.t1	VFG004042(gb|WP_001541138)	23.318	639	367	14	218	745	82	708	4.32e-21	99.0
g324.t1	VFG031407(gb|WP_015289456)	50.812	616	282	7	137	749	166	763	0.0	548
g324.t1	VFG031392(gb|WP_003404941)	50.649	616	283	7	137	749	166	763	0.0	543
g324.t1	VFG031416(gb|WP_015345044)	50.649	616	283	7	137	749	166	763	0.0	543
g324.t1	VFG031390(gb|NP_215484)	50.649	616	283	7	137	749	166	763	0.0	543
g324.t1	VFG031405(gb|WP_015287968)	50.487	616	284	7	137	749	166	763	0.0	542
g324.t1	VFG031408(gb|WP_015292573)	50.487	616	284	7	137	749	166	763	0.0	541
g324.t1	VFG031406(gb|WP_015302745)	50.325	616	285	7	137	749	166	763	0.0	541
g324.t1	VFG031399(gb|WP_014000532)	50.325	616	285	7	137	749	166	763	0.0	541
g324.t1	VFG031404(gb|WP_085981087)	45.349	688	343	9	63	749	116	771	2.53e-179	532
g324.t1	VFG031419(gb|YP_005359663)	50.937	587	275	6	137	720	188	764	4.40e-176	525
g324.t1	VFG031400(gb|WP_085979799)	49.769	649	294	8	105	749	151	771	5.13e-174	519
g324.t1	VFG031402(gb|WP_008257346)	48.233	651	301	10	105	749	145	765	6.15e-174	518
g324.t1	VFG031403(gb|WP_014711794)	47.773	651	304	10	105	749	145	765	1.11e-171	513
g324.t1	VFG031395(gb|WP_011738760)	45.731	691	338	8	62	749	117	773	4.30e-166	498
g324.t1	VFG031350(gb|WP_010907902)	35.059	676	380	13	103	750	79	723	1.69e-97	318
g324.t1	VFG031362(gb|WP_012634421)	35.373	670	386	14	103	750	79	723	1.85e-97	318
g324.t1	VFG031370(gb|WP_014380975)	38.698	553	314	8	206	750	193	728	2.70e-97	317
g324.t1	VFG031366(gb|WP_014383193)	38.698	553	314	8	206	750	193	728	2.81e-97	317
g324.t1	VFG031388(gb|WP_020823399)	38.698	553	314	8	206	750	193	728	3.09e-97	317
g324.t1	VFG031364(gb|WP_081465670)	38.761	565	314	9	206	755	164	711	7.34e-97	316
g324.t1	VFG031363(gb|WP_181013014)	37.906	554	318	8	206	750	164	700	1.10e-95	312
g324.t1	VFG031375(gb|WP_162143263)	37.726	554	319	8	206	750	164	700	2.46e-94	308
g324.t1	VFG031373(gb|WP_015291324)	37.255	561	315	8	206	750	176	715	3.06e-94	309
g324.t1	VFG031371(gb|WP_015288494)	37.544	562	312	9	206	750	176	715	6.81e-94	308
g324.t1	VFG031387(gb|WP_015695583)	36.007	611	344	11	156	750	136	715	1.41e-93	307
g324.t1	VFG031355(gb|WP_168189053)	37.341	549	322	7	206	749	165	696	1.64e-93	306
g324.t1	VFG031374(gb|WP_015294300)	36.898	561	317	8	206	750	176	715	1.97e-93	307
g324.t1	VFG031348(gb|NP_217787)	36.898	561	317	8	206	750	176	715	1.99e-93	306
g324.t1	VFG031361(gb|WP_014001649)	36.898	561	317	8	206	750	176	715	2.41e-93	306
g324.t1	VFG031372(gb|WP_015303793)	36.898	561	317	8	206	750	176	715	3.39e-93	306
g324.t1	VFG031353(gb|WP_011725961)	37.341	549	323	6	206	750	179	710	6.77e-93	305
g324.t1	VFG031352(gb|WP_010949941)	37.341	549	323	6	206	750	193	724	1.17e-92	305
g324.t1	VFG031357(gb|WP_162292829)	37.906	554	318	8	206	750	164	700	1.42e-91	301
g324.t1	VFG021056(gb|WP_000131277)	24.601	626	346	18	209	722	124	735	1.66e-23	106
g324.t1	VFG021059(gb|WP_000131296)	24.601	626	346	18	209	722	124	735	1.94e-23	106
g324.t1	VFG021055(gb|WP_000131287)	24.601	626	346	18	209	722	124	735	1.96e-23	106
g324.t1	VFG018403(gb|WP_000131294)	24.601	626	346	18	209	722	124	735	2.03e-23	106
g324.t1	VFG021052(gb|WP_000131297)	24.760	626	345	18	209	722	124	735	2.25e-23	106
g324.t1	VFG021054(gb|WP_000131291)	24.601	626	346	18	209	722	124	735	2.68e-23	105
g324.t1	VFG000574(gb|NP_462662)	24.601	626	346	18	209	722	124	735	3.10e-23	105
g324.t1	VFG004041(gb|WP_000131279)	24.441	626	347	18	209	722	124	735	4.09e-23	105
g324.t1	VFG021053(gb|WP_000131302)	24.601	626	346	18	209	722	124	735	5.48e-23	104
g324.t1	VFG021058(gb|WP_000131298)	24.601	626	346	18	209	722	124	735	6.30e-23	104
g324.t1	VFG021057(gb|WP_000131284)	24.601	626	346	18	209	722	124	735	6.46e-23	104
g324.t1	VFG004039(gb|WP_000131278)	24.281	626	348	18	209	722	124	735	4.44e-22	102
g324.t1	VFG004042(gb|WP_001541138)	24.441	626	347	18	209	722	124	735	1.17e-21	100
g324.t1	VFG018402(gb|WP_000131305)	27.536	207	121	3	545	722	529	735	1.44e-15	80.9
g324.t1	VFG018402(gb|WP_000131305)	24.675	308	184	10	208	478	120	416	3.50e-07	53.9
g464.t1	VFG031407(gb|WP_015289456)	46.341	615	310	8	218	829	166	763	1.92e-160	486
g464.t1	VFG031416(gb|WP_015345044)	46.179	615	311	8	218	829	166	763	3.77e-159	482
g464.t1	VFG031392(gb|WP_003404941)	46.179	615	311	8	218	829	166	763	4.24e-159	482
g464.t1	VFG031390(gb|NP_215484)	46.179	615	311	8	218	829	166	763	4.83e-159	482
g464.t1	VFG031408(gb|WP_015292573)	46.179	615	311	8	218	829	166	763	4.88e-159	482
g464.t1	VFG031405(gb|WP_015287968)	46.179	615	311	8	218	829	166	763	9.18e-159	481
g464.t1	VFG031406(gb|WP_015302745)	46.179	615	311	8	218	829	166	763	9.78e-159	481
g464.t1	VFG031399(gb|WP_014000532)	46.016	615	312	8	218	829	166	763	1.52e-158	481
g464.t1	VFG031404(gb|WP_085981087)	43.506	616	326	7	218	829	174	771	6.47e-151	461
g464.t1	VFG031419(gb|YP_005359663)	45.656	587	305	7	218	800	188	764	6.39e-149	457
g464.t1	VFG031402(gb|WP_008257346)	43.619	619	329	7	218	833	168	769	6.54e-148	454
g464.t1	VFG031403(gb|WP_014711794)	42.811	619	334	7	218	833	168	769	4.71e-144	444
g464.t1	VFG031400(gb|WP_085979799)	45.203	615	317	7	218	829	174	771	4.83e-143	441
g464.t1	VFG031395(gb|WP_011738760)	44.318	616	321	8	218	829	176	773	7.21e-139	430
g464.t1	VFG031350(gb|WP_010907902)	35.380	619	352	11	223	830	142	723	2.64e-99	324
g464.t1	VFG031362(gb|WP_012634421)	35.380	619	352	11	223	830	142	723	6.60e-99	323
g464.t1	VFG031363(gb|WP_181013014)	35.691	622	349	10	223	830	116	700	5.58e-98	320
g464.t1	VFG031388(gb|WP_020823399)	36.071	621	353	9	223	833	145	731	1.64e-96	317
g464.t1	VFG031375(gb|WP_162143263)	35.531	622	350	10	223	830	116	700	1.97e-96	316
g464.t1	VFG031370(gb|WP_014380975)	36.084	618	351	9	223	830	145	728	2.11e-96	317
g464.t1	VFG031366(gb|WP_014383193)	36.084	618	351	9	223	830	145	728	2.41e-96	317
g464.t1	VFG031355(gb|WP_168189053)	36.260	615	338	12	230	830	123	697	7.63e-96	314
g464.t1	VFG031364(gb|WP_081465670)	36.656	622	346	10	223	830	116	703	2.15e-95	313
g464.t1	VFG031371(gb|WP_015288494)	36.218	624	344	10	224	830	129	715	3.11e-95	313
g464.t1	VFG031361(gb|WP_014001649)	36.218	624	344	10	224	830	129	715	4.45e-95	313
g464.t1	VFG031373(gb|WP_015291324)	36.452	620	340	10	228	830	133	715	4.62e-95	313
g464.t1	VFG031348(gb|NP_217787)	36.218	624	344	10	224	830	129	715	5.05e-95	313
g464.t1	VFG031372(gb|WP_015303793)	36.218	624	344	10	224	830	129	715	6.01e-95	313
g464.t1	VFG031353(gb|WP_011725961)	35.993	614	353	9	223	830	131	710	1.37e-94	311
g464.t1	VFG031352(gb|WP_010949941)	35.993	614	353	9	223	830	145	724	1.39e-94	311
g464.t1	VFG031374(gb|WP_015294300)	36.058	624	345	10	224	830	129	715	3.55e-94	311
g464.t1	VFG031387(gb|WP_015695583)	36.058	624	345	10	224	830	129	715	1.36e-93	309
g464.t1	VFG031357(gb|WP_162292829)	35.691	622	349	10	223	830	116	700	1.64e-93	308
g464.t1	VFG018402(gb|WP_000131305)	24.000	600	333	14	290	777	120	708	1.58e-26	116
g464.t1	VFG018403(gb|WP_000131294)	23.333	600	337	13	290	777	120	708	1.22e-24	110
g464.t1	VFG004041(gb|WP_000131279)	23.167	600	338	13	290	777	120	708	2.36e-24	109
g464.t1	VFG021059(gb|WP_000131296)	23.167	600	338	13	290	777	120	708	2.58e-24	109
g464.t1	VFG021054(gb|WP_000131291)	23.167	600	338	13	290	777	120	708	2.62e-24	109
g464.t1	VFG021056(gb|WP_000131277)	23.167	600	338	13	290	777	120	708	2.76e-24	109
g464.t1	VFG021055(gb|WP_000131287)	23.167	600	338	13	290	777	120	708	3.14e-24	108
g464.t1	VFG021053(gb|WP_000131302)	23.167	600	338	13	290	777	120	708	3.34e-24	108
g464.t1	VFG000574(gb|NP_462662)	23.167	600	338	13	290	777	120	708	3.61e-24	108
g464.t1	VFG021057(gb|WP_000131284)	23.167	600	338	13	290	777	120	708	3.80e-24	108
g464.t1	VFG021058(gb|WP_000131298)	23.167	600	338	13	290	777	120	708	3.83e-24	108
g464.t1	VFG021052(gb|WP_000131297)	23.167	600	338	13	290	777	120	708	3.83e-24	108
g464.t1	VFG004039(gb|WP_000131278)	23.000	600	339	13	290	777	120	708	1.32e-23	107
g464.t1	VFG004042(gb|WP_001541138)	23.000	600	339	13	290	777	120	708	9.23e-23	104
g3337.t1	VFG031407(gb|WP_015289456)	37.092	612	345	11	149	730	161	762	1.99e-102	331
g3337.t1	VFG031399(gb|WP_014000532)	37.274	609	348	10	149	730	161	762	1.35e-100	326
g3337.t1	VFG031392(gb|WP_003404941)	37.110	609	349	10	149	730	161	762	2.52e-100	325
g3337.t1	VFG031416(gb|WP_015345044)	37.110	609	349	10	149	730	161	762	2.63e-100	325
g3337.t1	VFG031405(gb|WP_015287968)	37.110	609	349	10	149	730	161	762	2.98e-100	325
g3337.t1	VFG031390(gb|NP_215484)	37.110	609	349	10	149	730	161	762	3.14e-100	325
g3337.t1	VFG031408(gb|WP_015292573)	37.110	609	349	10	149	730	161	762	3.45e-100	325
g3337.t1	VFG031406(gb|WP_015302745)	36.946	609	350	10	149	730	161	762	3.83e-100	325
g3337.t1	VFG031419(gb|YP_005359663)	38.070	570	323	10	149	693	183	747	4.80e-98	320
g3337.t1	VFG031364(gb|WP_081465670)	37.000	600	349	11	150	730	112	701	5.43e-98	318
g3337.t1	VFG031350(gb|WP_010907902)	36.644	584	337	11	165	730	153	721	4.50e-97	316
g3337.t1	VFG031404(gb|WP_085981087)	37.363	546	330	5	193	730	229	770	1.70e-96	315
g3337.t1	VFG031362(gb|WP_012634421)	36.473	584	338	11	165	730	153	721	3.38e-96	313
g3337.t1	VFG031402(gb|WP_008257346)	36.198	605	360	9	149	730	163	764	1.09e-95	313
g3337.t1	VFG031388(gb|WP_020823399)	37.062	599	346	16	150	730	141	726	1.07e-94	310
g3337.t1	VFG031403(gb|WP_014711794)	36.589	604	359	9	149	730	163	764	2.48e-94	310
g3337.t1	VFG031363(gb|WP_181013014)	36.000	600	352	12	150	730	112	698	2.53e-94	308
g3337.t1	VFG031353(gb|WP_011725961)	35.980	592	358	10	150	730	127	708	3.88e-94	308
g3337.t1	VFG031352(gb|WP_010949941)	35.980	592	358	10	150	730	141	722	6.19e-94	307
g3337.t1	VFG031355(gb|WP_168189053)	34.632	693	410	17	66	730	18	695	2.18e-93	305
g3337.t1	VFG031366(gb|WP_014383193)	36.728	599	348	16	150	730	141	726	4.47e-93	305
g3337.t1	VFG031370(gb|WP_014380975)	36.728	599	348	16	150	730	141	726	6.57e-93	305
g3337.t1	VFG031375(gb|WP_162143263)	35.833	600	353	12	150	730	112	698	8.87e-93	304
g3337.t1	VFG031374(gb|WP_015294300)	36.606	601	346	13	152	730	126	713	2.65e-92	303
g3337.t1	VFG031373(gb|WP_015291324)	36.561	599	344	14	154	730	129	713	4.15e-92	302
g3337.t1	VFG031348(gb|NP_217787)	36.439	601	347	13	152	730	126	713	5.67e-92	302
g3337.t1	VFG031372(gb|WP_015303793)	36.439	601	347	13	152	730	126	713	5.74e-92	302
g3337.t1	VFG031361(gb|WP_014001649)	36.439	601	347	13	152	730	126	713	6.93e-92	302
g3337.t1	VFG031387(gb|WP_015695583)	36.439	601	347	13	152	730	126	713	1.20e-91	301
g3337.t1	VFG031371(gb|WP_015288494)	36.273	601	348	13	152	730	126	713	2.36e-91	300
g3337.t1	VFG031357(gb|WP_162292829)	36.192	583	337	13	150	713	112	678	2.88e-91	300
g3337.t1	VFG031400(gb|WP_085979799)	36.066	610	347	10	152	730	173	770	5.64e-90	298
g3337.t1	VFG031395(gb|WP_011738760)	33.483	666	404	12	98	730	113	772	3.31e-84	283
g3337.t1	VFG021056(gb|WP_000131277)	24.242	594	337	15	216	698	131	722	9.11e-29	123
g3337.t1	VFG021059(gb|WP_000131296)	24.242	594	337	15	216	698	131	722	2.65e-28	121
g3337.t1	VFG000574(gb|NP_462662)	24.242	594	337	15	216	698	131	722	2.94e-28	121
g3337.t1	VFG021054(gb|WP_000131291)	24.242	594	337	15	216	698	131	722	2.96e-28	121
g3337.t1	VFG021055(gb|WP_000131287)	24.242	594	337	15	216	698	131	722	3.50e-28	121
g3337.t1	VFG021052(gb|WP_000131297)	24.466	609	346	16	216	713	131	736	3.85e-28	121
g3337.t1	VFG004041(gb|WP_000131279)	24.242	594	337	15	216	698	131	722	3.92e-28	121
g3337.t1	VFG021057(gb|WP_000131284)	24.242	594	337	15	216	698	131	722	4.59e-28	120
g3337.t1	VFG021058(gb|WP_000131298)	24.242	594	337	15	216	698	131	722	4.67e-28	120
g3337.t1	VFG018403(gb|WP_000131294)	24.074	594	338	15	216	698	131	722	4.79e-28	120
g3337.t1	VFG021053(gb|WP_000131302)	24.242	594	337	15	216	698	131	722	4.83e-28	120
g3337.t1	VFG004039(gb|WP_000131278)	24.074	594	338	15	216	698	131	722	1.60e-27	119
g3337.t1	VFG004042(gb|WP_001541138)	24.074	594	338	15	216	698	131	722	1.05e-26	116
g3337.t1	VFG018402(gb|WP_000131305)	24.792	601	325	19	216	698	131	722	2.08e-24	109
