g1867.t1	VFG007871(gb|WP_010908852)	100.000	1489	0	0	1	1489	1	1489	0.0	3038
g1867.t1	VFG008911(gb|WP_015294042)	82.219	1496	251	6	1	1489	1	1488	0.0	2482
g1867.t1	VFG007869(gb|WP_003904964)	82.019	1496	254	6	1	1489	1	1488	0.0	2471
g1867.t1	VFG008908(gb|WP_014001496)	81.952	1496	255	6	1	1489	1	1488	0.0	2470
g1867.t1	VFG008766(gb|WP_003906943)	81.952	1496	255	6	1	1489	1	1488	0.0	2469
g1867.t1	VFG008759(gb|WP_014585552)	81.952	1496	255	6	1	1489	1	1488	0.0	2469
g1867.t1	VFG007866(gb|NP_217451)	81.952	1496	255	6	1	1489	1	1488	0.0	2469
g1867.t1	VFG008764(gb|YP_005924077)	81.897	1497	255	7	1	1489	1	1489	0.0	2466
g1867.t1	VFG008909(gb|WP_015303646)	81.727	1494	262	5	1	1489	1	1488	0.0	2465
g1867.t1	VFG008910(gb|WP_015291059)	82.086	1496	253	6	1	1489	1	1488	0.0	2459
g1867.t1	VFG022427(gb|WP_012393579)	78.567	1493	297	8	4	1489	5	1481	0.0	2402
g1867.t1	VFG008912(gb|WP_015355164)	78.500	1493	298	8	4	1489	5	1481	0.0	2396
g1867.t1	VFG007872(gb|WP_011740073)	78.165	1493	303	8	4	1489	5	1481	0.0	2389
g1867.t1	VFG008917(gb|YP_007962802)	79.521	1211	233	6	286	1489	1	1203	0.0	1930
g1867.t1	VFG008767(gb|WP_041312796)	59.121	1502	562	13	4	1489	9	1474	0.0	1742
g1867.t1	VFG022433(gb|WP_013829143)	58.792	1490	576	17	4	1484	8	1468	0.0	1714
g1867.t1	VFG007874(gb|WP_011780330)	56.431	1485	616	9	4	1484	13	1470	0.0	1666
g1867.t1	VFG007875(gb|WP_011855821)	56.999	1486	608	13	4	1484	11	1470	0.0	1658
g1867.t1	VFG007876(gb|WP_011560225)	56.931	1486	609	13	4	1484	11	1470	0.0	1657
g1867.t1	VFG008763(gb|YP_005361488)	84.103	975	140	6	1	968	1	967	0.0	1647
g1867.t1	VFG023847(gb|WP_013471677)	55.859	1502	612	14	4	1484	18	1489	0.0	1632
g1867.t1	VFG007873(gb|WP_011894250)	55.859	1502	612	14	4	1484	18	1489	0.0	1632
g1867.t1	VFG049155(gb|WP_000829570)	38.394	1021	578	19	1	1002	1	989	0.0	604
g1867.t1	VFG043686(gb|WP_000829570)	38.394	1021	578	19	1	1002	1	989	0.0	604
g1867.t1	VFG049148(gb|WP_041168941)	38.274	904	516	15	1	897	1080	1948	2.96e-177	589
g1867.t1	VFG043693(gb|WP_001518711)	38.274	904	516	15	1	897	1080	1948	3.89e-177	589
g1867.t1	VFG034120(gb|WP_000369487)	36.766	903	521	14	8	899	29	892	2.86e-155	524
g1867.t1	VFG034120(gb|WP_000369487)	35.000	100	61	3	915	1013	2808	2904	6.60e-06	51.2
g1867.t1	VFG048582(gb|YP_005227767)	36.836	904	519	16	8	899	29	892	2.33e-154	521
g1867.t1	VFG003503(gb|WP_011816642)	36.504	904	522	16	8	899	29	892	5.83e-154	520
g1867.t1	VFG003384(gb|WP_011192136)	36.615	904	521	16	8	899	29	892	7.63e-154	520
g1867.t1	VFG020297(gb|WP_012413640)	36.615	904	521	16	8	899	29	892	8.15e-154	520
g1867.t1	VFG000362(gb|WP_002212777)	36.615	904	521	16	8	899	29	892	8.53e-154	520
g1867.t1	VFG034121(gb|WP_000369485)	36.615	904	521	16	8	899	29	892	9.54e-154	519
g1867.t1	VFG045840(gb|WP_000369500)	36.615	904	521	16	8	899	29	892	1.05e-153	519
g1867.t1	VFG044329(gb|WP_015874964)	36.615	904	521	16	8	899	29	892	1.09e-153	519
g1867.t1	VFG048581(gb|WP_014907268)	36.504	904	522	16	8	899	29	892	1.11e-153	519
g1867.t1	VFG034113(gb|WP_000369525)	36.615	904	521	16	8	899	29	892	1.17e-153	519
g1867.t1	VFG003118(gb|WP_011171835)	36.615	904	521	16	8	899	29	892	1.23e-153	519
g1867.t1	VFG034118(gb|WP_000369492)	36.615	904	521	16	8	899	29	892	1.38e-153	519
g1867.t1	VFG012553(gb|WP_000369484)	36.615	904	521	16	8	899	29	892	1.38e-153	519
g1867.t1	VFG034109(gb|WP_000369490)	36.022	905	525	15	8	899	29	892	1.48e-153	519
g1867.t1	VFG048580(gb|WP_014838502)	36.026	916	510	13	8	899	29	892	1.50e-153	519
g1867.t1	VFG034119(gb|WP_000369498)	36.615	904	521	16	8	899	29	892	1.63e-153	519
g1867.t1	VFG034115(gb|WP_000369515)	35.912	905	526	15	8	899	29	892	1.71e-153	518
g1867.t1	VFG034125(gb|WP_000369506)	35.912	905	526	15	8	899	29	892	2.14e-153	518
g1867.t1	VFG034114(gb|WP_000369472)	35.912	905	526	15	8	899	29	892	2.53e-153	518
g1867.t1	VFG034122(gb|WP_000369471)	35.912	905	526	15	8	899	29	892	2.57e-153	518
g1867.t1	VFG034124(gb|WP_000369473)	35.801	905	527	15	8	899	29	892	8.21e-153	516
g1867.t1	VFG012552(gb|WP_000369530)	36.615	904	521	16	8	899	29	892	9.17e-153	516
g1867.t1	VFG046113(gb|WP_046072849)	35.912	905	526	15	8	899	29	892	1.41e-152	516
g1867.t1	VFG016181(gb|WP_011168854)	36.040	899	533	14	8	899	14	877	7.31e-151	511
g1867.t1	VFG044300(gb|WP_012368440)	33.553	912	544	15	8	901	14	881	2.37e-142	485
g1867.t1	VFG029825(gb|WP_041309443)	35.886	914	531	19	4	896	10	889	5.73e-141	481
g1867.t1	VFG029825(gb|WP_041309443)	35.410	915	533	18	5	897	1576	2454	5.10e-137	469
g1867.t1	VFG029833(gb|WP_014379696)	35.333	917	535	18	6	897	12	895	8.14e-141	481
g1867.t1	VFG029833(gb|WP_014379696)	34.574	940	559	19	5	917	1575	2485	4.12e-135	464
g1867.t1	VFG029832(gb|WP_014382190)	35.333	917	535	18	6	897	12	895	1.36e-140	480
g1867.t1	VFG029832(gb|WP_014382190)	34.681	940	558	20	5	917	1575	2485	3.08e-134	461
g1867.t1	VFG016180(gb|WP_011104106)	35.651	906	524	18	8	899	14	874	7.18e-140	478
g1867.t1	VFG029823(gb|WP_011726922)	35.808	916	536	17	5	897	1559	2445	5.50e-139	475
g1867.t1	VFG029823(gb|WP_011726922)	34.931	939	551	21	2	915	8	911	8.86e-136	466
g1867.t1	VFG029827(gb|WP_011777591)	35.526	912	537	17	5	897	1568	2447	6.06e-139	475
g1867.t1	VFG029827(gb|WP_011777591)	35.076	918	535	20	4	897	10	890	9.96e-135	462
g1867.t1	VFG029831(gb|WP_014711138)	35.333	917	535	18	6	897	12	895	1.52e-138	474
g1867.t1	VFG029831(gb|WP_014711138)	34.574	940	559	19	5	917	1575	2485	5.74e-135	463
g1867.t1	VFG029835(gb|WP_016341938)	35.314	909	539	18	8	897	14	892	4.91e-138	472
g1867.t1	VFG029835(gb|WP_016341938)	35.365	919	534	17	5	897	1570	2454	4.55e-137	469
g1867.t1	VFG029821(gb|WP_011724326)	35.473	919	533	17	5	897	1558	2442	5.94e-138	472
g1867.t1	VFG029821(gb|WP_011724326)	35.453	928	522	23	4	897	10	894	2.61e-133	458
g1867.t1	VFG029828(gb|YP_001701685)	35.094	909	541	18	8	897	14	892	1.18e-137	471
g1867.t1	VFG029828(gb|YP_001701685)	35.652	920	530	19	5	897	1568	2452	6.87e-137	469
g1867.t1	VFG029820(gb|WP_010949525)	35.365	919	534	17	5	897	1558	2442	2.61e-137	470
g1867.t1	VFG029820(gb|WP_010949525)	35.453	928	522	23	4	897	10	894	1.93e-132	456
g1867.t1	VFG029822(gb|WP_011891406)	34.375	960	554	17	5	931	1565	2481	1.23e-136	468
g1867.t1	VFG029822(gb|WP_011891406)	33.989	915	546	18	8	897	14	895	3.58e-127	439
g1867.t1	VFG029830(gb|WP_013470437)	34.271	960	555	17	5	931	1565	2481	2.93e-136	467
g1867.t1	VFG029830(gb|WP_013470437)	34.426	915	542	19	8	897	14	895	5.97e-129	445
g1867.t1	VFG029838(gb|WP_015304256)	35.314	909	540	17	5	897	1563	2439	3.56e-133	457
g1867.t1	VFG029838(gb|WP_015304256)	34.362	972	578	21	4	946	10	950	9.14e-133	456
g1867.t1	VFG024738(gb|WP_010907554)	35.161	930	536	25	8	915	44	928	2.12e-123	427
g1867.t1	VFG029280(gb|WP_015355158)	35.033	922	522	27	8	900	44	917	2.60e-123	426
g1867.t1	VFG024735(gb|WP_012393570)	35.033	922	522	27	8	900	44	917	2.70e-123	426
g1867.t1	VFG024740(gb|WP_011740063)	34.707	922	525	27	8	900	44	917	8.18e-121	419
g1867.t1	VFG008571(gb|WP_019305992)	35.748	842	470	23	8	825	8	802	3.44e-119	414
g1867.t1	VFG008012(gb|WP_040963265)	35.748	842	470	23	8	825	8	802	3.47e-119	414
g1867.t1	VFG026440(gb|ACA57625)	33.801	926	557	19	6	900	18	918	3.57e-119	416
g1867.t1	VFG026440(gb|ACA57625)	34.191	933	532	22	5	899	9660	10548	7.15e-112	393
g1867.t1	VFG026440(gb|ACA57625)	32.944	941	553	22	5	900	15138	16045	7.35e-108	381
g1867.t1	VFG026440(gb|ACA57625)	32.731	941	555	22	5	900	1815	2722	1.10e-105	374
g1867.t1	VFG026440(gb|ACA57625)	32.837	941	554	23	5	900	13012	13919	1.05e-98	352
g1867.t1	VFG026440(gb|ACA57625)	32.834	935	556	23	5	900	7546	8447	4.74e-98	350
g1867.t1	VFG026440(gb|ACA57625)	32.524	947	555	23	5	900	11201	12114	7.93e-98	350
g1867.t1	VFG026440(gb|ACA57625)	32.519	941	557	23	5	900	5740	6647	1.18e-97	349
g1867.t1	VFG026440(gb|ACA57625)	32.519	941	557	23	5	900	3619	4526	4.47e-97	347
g1867.t1	VFG009412(gb|WP_011178521)	33.801	926	557	19	6	900	18	918	3.98e-119	416
g1867.t1	VFG009412(gb|WP_011178521)	34.049	931	534	22	5	899	9661	10547	7.78e-111	390
g1867.t1	VFG009412(gb|WP_011178521)	32.588	939	559	20	5	900	15107	16014	6.33e-107	378
g1867.t1	VFG009412(gb|WP_011178521)	32.481	939	560	20	5	900	1816	2723	6.99e-106	375
g1867.t1	VFG009412(gb|WP_011178521)	32.941	935	555	23	5	900	12993	13894	8.24e-99	353
g1867.t1	VFG009412(gb|WP_011178521)	32.834	935	556	23	5	900	11200	12101	1.13e-98	352
g1867.t1	VFG009412(gb|WP_011178521)	32.268	939	562	21	5	900	5742	6649	5.61e-98	350
g1867.t1	VFG009412(gb|WP_011178521)	32.834	935	556	23	5	900	7546	8447	7.38e-98	350
g1867.t1	VFG009412(gb|WP_011178521)	32.162	939	563	21	5	900	3621	4528	8.02e-97	347
g1867.t1	VFG008134(gb|WP_011560512)	36.201	837	479	16	4	825	5	801	1.14e-118	412
g1867.t1	VFG009414(gb|WP_173812288)	33.801	926	557	19	6	900	4	904	1.20e-118	414
g1867.t1	VFG009414(gb|WP_173812288)	33.942	931	535	22	5	899	1802	2688	9.50e-110	387
g1867.t1	VFG009414(gb|WP_173812288)	33.942	931	535	22	5	899	3341	4227	9.50e-110	387
g1867.t1	VFG009414(gb|WP_173812288)	33.155	935	553	22	5	900	6679	7580	7.22e-108	381
g1867.t1	VFG009414(gb|WP_173812288)	33.048	935	554	22	5	900	12076	12977	1.74e-107	380
g1867.t1	VFG009414(gb|WP_173812288)	32.834	935	556	23	5	900	8478	9379	4.53e-98	350
g1867.t1	VFG009414(gb|WP_173812288)	32.834	935	556	23	5	900	10277	11178	4.53e-98	350
g1867.t1	VFG009414(gb|WP_173812288)	32.513	935	559	23	5	900	4880	5781	1.43e-96	346
g1867.t1	VFG029279(gb|WP_041180907)	34.162	925	529	25	8	900	42	918	8.61e-118	410
g1867.t1	VFG007831(gb|WP_011780335)	34.168	919	545	23	5	903	103	981	2.11e-117	407
g1867.t1	VFG007865(gb|WP_011780331)	35.414	833	487	19	8	825	35	831	2.37e-117	407
g1867.t1	VFG024721(gb|WP_041180293)	34.486	925	526	26	8	900	42	918	3.25e-117	408
g1867.t1	VFG029278(gb|WP_041181569)	34.270	925	528	25	8	900	42	918	3.43e-117	408
g1867.t1	VFG024733(gb|WP_039847076)	34.345	923	528	25	8	900	42	916	4.03e-117	408
g1867.t1	VFG024736(gb|WP_044501805)	34.345	923	528	25	8	900	42	916	4.14e-117	408
g1867.t1	VFG008898(gb|YP_007962799)	34.730	907	535	21	8	901	38	900	1.84e-116	390
g1867.t1	VFG029277(gb|WP_041179942)	34.162	925	529	25	8	900	42	918	2.83e-116	405
g1867.t1	VFG007862(gb|WP_010908853)	35.191	915	525	22	8	901	38	905	3.88e-116	404
g1867.t1	VFG008891(gb|WP_015303645)	35.171	907	531	19	8	901	38	900	8.75e-115	399
g1867.t1	VFG008892(gb|WP_015291058)	35.204	909	528	20	8	901	38	900	1.69e-114	399
g1867.t1	VFG015870(gb|WP_011105122)	33.584	929	540	26	8	901	41	927	2.20e-114	399
g1867.t1	VFG022421(gb|WP_014001495)	34.950	907	533	21	8	901	38	900	5.10e-114	397
g1867.t1	VFG022420(gb|WP_013988962)	34.840	907	534	21	8	901	38	900	7.53e-114	397
g1867.t1	VFG008890(gb|WP_015288409)	34.950	907	533	19	8	901	38	900	8.81e-114	397
g1867.t1	VFG007857(gb|NP_217450)	34.840	907	534	21	8	901	38	900	8.89e-114	397
g1867.t1	VFG007860(gb|WP_010950801)	34.840	907	534	21	8	901	38	900	9.49e-114	396
g1867.t1	VFG008897(gb|WP_015575260)	34.840	907	534	21	8	901	38	900	1.02e-113	396
g1867.t1	VFG023846(gb|WP_013471678)	35.309	810	469	20	8	801	35	805	2.00e-113	395
g1867.t1	VFG023845(gb|WP_013471679)	34.667	825	500	19	8	820	42	839	2.19e-113	395
g1867.t1	VFG029829(gb|WP_014000873)	34.967	918	532	25	8	899	37	915	3.67e-113	396
g1867.t1	VFG026092(gb|WP_004202217)	32.625	941	544	25	5	900	3	898	3.97e-113	396
g1867.t1	VFG026091(gb|WP_004194140)	32.625	941	544	25	5	900	3	898	4.05e-113	396
g1867.t1	VFG007830(gb|WP_011894255)	34.389	916	545	23	5	898	97	978	4.70e-113	394
g1867.t1	VFG002548(gb|WP_004550042)	32.625	941	544	25	5	900	3	898	5.65e-113	396
g1867.t1	VFG026095(gb|WP_004535489)	32.625	941	544	25	5	900	3	898	6.41e-113	395
g1867.t1	VFG026087(gb|WP_011544664)	32.424	953	526	26	5	900	2	893	6.95e-113	395
g1867.t1	VFG026088(gb|WP_011694168)	32.424	953	526	26	5	900	2	893	7.88e-113	395
g1867.t1	VFG007840(gb|WP_011894252)	34.545	825	501	19	8	820	42	839	1.73e-112	393
g1867.t1	VFG023843(gb|WP_013471682)	34.088	927	541	23	5	898	97	986	1.77e-112	393
g1867.t1	VFG026096(gb|WP_004527662)	32.519	941	545	25	5	900	3	898	2.48e-112	394
g1867.t1	VFG008894(gb|WP_015355165)	33.993	909	544	20	8	904	38	902	3.19e-112	392
g1867.t1	VFG026090(gb|WP_012327964)	32.390	954	526	26	5	900	2	894	3.31e-112	393
g1867.t1	VFG007863(gb|WP_011740074)	33.993	909	544	20	8	904	38	902	9.68e-112	390
g1867.t1	VFG008893(gb|WP_015294041)	35.061	907	532	21	8	901	38	900	1.07e-111	390
g1867.t1	VFG007864(gb|WP_011894251)	35.309	810	469	20	8	801	35	805	1.28e-111	390
g1867.t1	VFG026442(gb|ACA57618)	33.976	933	534	22	5	899	1807	2695	1.46e-111	392
g1867.t1	VFG026442(gb|ACA57618)	33.869	933	535	22	5	899	3348	4236	7.60e-111	390
g1867.t1	VFG026442(gb|ACA57618)	33.369	932	559	20	6	900	4	910	3.18e-109	385
g1867.t1	VFG026442(gb|ACA57618)	32.944	941	553	22	5	900	10306	11213	9.40e-108	380
g1867.t1	VFG026442(gb|ACA57618)	32.837	941	554	23	5	900	8501	9408	8.05e-99	353
g1867.t1	VFG026442(gb|ACA57618)	32.625	941	556	23	5	900	6696	7603	2.65e-98	351
g1867.t1	VFG026442(gb|ACA57618)	32.625	941	556	23	5	900	4889	5796	5.63e-98	350
g1867.t1	VFG022419(gb|WP_012393580)	33.883	909	545	20	8	904	38	902	1.99e-111	389
g1867.t1	VFG026097(gb|WP_011852139)	32.623	938	542	25	8	900	6	898	2.12e-111	391
g1867.t1	VFG026089(gb|WP_006484972)	32.487	945	539	24	5	900	2	896	3.78e-111	390
g1867.t1	VFG008854(gb|WP_015309622)	34.898	831	497	19	8	825	37	836	9.89e-111	387
g1867.t1	VFG007841(gb|WP_011780333)	33.660	918	545	24	5	901	98	972	1.15e-110	385
g1867.t1	VFG008556(gb|WP_005116844)	33.815	899	518	24	2	874	6	853	1.56e-110	388
g1867.t1	VFG022425(gb|WP_013829144)	35.680	824	466	18	8	801	40	829	1.64e-110	387
g1867.t1	VFG007842(gb|WP_011780332)	33.757	865	524	23	8	857	43	873	2.47e-110	386
g1867.t1	VFG007839(gb|WP_011894253)	33.987	918	541	24	5	901	98	971	3.43e-110	384
g1867.t1	VFG023844(gb|WP_013471680)	34.314	918	538	25	5	901	98	971	4.46e-110	384
g1867.t1	VFG007844(gb|WP_011560228)	35.259	831	488	19	2	818	97	891	2.41e-109	381
g1867.t1	VFG043692(gb|WP_001297908)	43.737	487	255	7	8	490	12	483	1.03e-108	366
g1867.t1	VFG049149(gb|WP_041169023)	43.737	487	255	7	8	490	12	483	1.10e-108	366
g1867.t1	VFG008907(gb|WP_015309621)	33.658	924	537	24	8	909	36	905	1.22e-108	381
g1867.t1	VFG007843(gb|WP_011855823)	35.515	825	482	19	8	818	103	891	8.06e-108	377
g1867.t1	VFG026441(gb|WP_012552884)	33.049	938	550	22	8	900	37	941	1.68e-107	379
g1867.t1	VFG009413(gb|WP_011178520)	32.692	936	556	20	8	900	37	941	4.15e-107	377
g1867.t1	VFG008873(gb|WP_015309623)	35.092	815	475	21	5	802	99	876	8.62e-107	374
g1867.t1	VFG017388(gb|WP_012054382)	34.511	849	485	19	2	825	24	826	1.23e-106	376
g1867.t1	VFG007845(gb|WP_011560226)	33.260	908	549	23	8	899	37	903	1.49e-106	372
g1867.t1	VFG008007(gb|NP_218342)	34.393	849	486	19	2	825	24	826	6.42e-106	374
g1867.t1	VFG008555(gb|WP_014001984)	34.393	849	486	19	2	825	24	826	6.54e-106	374
g1867.t1	VFG008011(gb|WP_011799379)	34.393	849	486	19	2	825	24	826	6.54e-106	374
g1867.t1	VFG008552(gb|WP_015288649)	34.393	849	486	19	2	825	24	826	7.09e-106	374
g1867.t1	VFG022406(gb|WP_013829146)	35.863	817	458	20	5	794	98	875	8.59e-106	371
g1867.t1	VFG008848(gb|WP_015456457)	35.092	815	473	22	5	800	101	878	8.89e-106	363
g1867.t1	VFG008554(gb|WP_015291763)	34.282	843	486	18	8	825	27	826	1.38e-105	373
g1867.t1	VFG008851(gb|YP_005924075)	35.215	815	472	22	5	800	101	878	3.84e-105	364
g1867.t1	VFG007823(gb|NP_217447)	35.337	815	471	22	5	800	101	878	3.70e-104	368
g1867.t1	VFG007828(gb|WP_010908856)	32.862	919	552	25	5	904	101	973	4.66e-104	367
g1867.t1	VFG015869(gb|WP_057443300)	32.644	919	554	25	5	898	545	1423	4.94e-104	368
g1867.t1	VFG015869(gb|WP_057443300)	25.562	489	308	18	549	1022	92	539	1.73e-18	92.4
g1867.t1	VFG007895(gb|WP_010907558)	33.530	847	507	16	1	825	1	813	5.16e-104	368
g1867.t1	VFG007847(gb|WP_011560227)	32.265	905	562	23	8	899	37	903	5.19e-104	360
g1867.t1	VFG022441(gb|WP_012393574)	34.342	859	498	19	1	833	1	819	1.84e-103	366
g1867.t1	VFG007856(gb|WP_011855822)	32.155	905	563	23	8	899	37	903	2.94e-103	358
g1867.t1	VFG022401(gb|WP_013988961)	35.215	815	472	22	5	800	101	878	3.33e-103	365
g1867.t1	VFG007825(gb|WP_003917710)	35.215	815	472	22	5	800	101	878	3.48e-103	365
g1867.t1	VFG008843(gb|WP_003902374)	35.215	815	472	22	5	800	101	878	3.54e-103	365
g1867.t1	VFG008847(gb|WP_003900598)	35.215	815	472	22	5	800	101	878	3.81e-103	365
g1867.t1	VFG008566(gb|YP_007959793)	34.158	849	488	19	2	825	24	826	4.55e-103	365
g1867.t1	VFG008995(gb|WP_015303642)	35.215	815	472	22	5	800	101	878	6.09e-103	364
g1867.t1	VFG008996(gb|WP_015291055)	35.215	815	472	22	5	800	101	878	7.99e-103	363
g1867.t1	VFG008994(gb|WP_014001492)	35.417	816	469	24	5	800	101	878	1.02e-102	363
g1867.t1	VFG008839(gb|WP_015294038)	35.092	815	473	22	5	800	101	878	1.47e-102	363
g1867.t1	VFG007826(gb|WP_010950800)	35.092	815	473	22	5	800	101	878	2.23e-102	362
g1867.t1	VFG022400(gb|WP_012393583)	35.158	822	467	21	5	800	101	882	6.55e-102	359
g1867.t1	VFG022412(gb|WP_012634448)	33.333	918	531	26	8	898	35	898	2.48e-101	357
g1867.t1	VFG007837(gb|WP_010908855)	33.333	918	531	26	8	898	35	898	2.52e-101	357
g1867.t1	VFG008857(gb|WP_015291056)	34.867	826	451	23	8	800	36	807	2.99e-101	357
g1867.t1	VFG007829(gb|WP_011740077)	35.036	822	468	21	5	800	101	882	4.23e-101	357
g1867.t1	VFG008840(gb|WP_015355168)	35.036	822	468	21	5	800	101	882	4.81e-101	357
g1867.t1	VFG007854(gb|WP_010908854)	35.237	823	465	24	8	800	37	821	7.78e-101	358
g1867.t1	VFG008789(gb|WP_015303649)	33.766	847	495	19	2	825	5	808	2.04e-100	357
g1867.t1	VFG008790(gb|WP_015291064)	33.294	847	499	18	2	825	5	808	2.21e-100	357
g1867.t1	VFG008855(gb|WP_015288407)	34.559	816	467	21	8	800	36	807	3.64e-100	353
g1867.t1	VFG007836(gb|WP_011799302)	34.559	816	467	21	8	800	36	807	3.71e-100	353
g1867.t1	VFG007835(gb|WP_003414835)	34.559	816	467	21	8	800	36	807	3.71e-100	353
g1867.t1	VFG007832(gb|NP_217448)	34.559	816	467	21	8	800	36	807	4.38e-100	353
g1867.t1	VFG022409(gb|WP_014001493)	34.559	816	467	21	8	800	36	807	4.42e-100	353
g1867.t1	VFG008856(gb|WP_015303643)	34.559	816	467	21	8	800	36	807	4.59e-100	353
g1867.t1	VFG007896(gb|WP_011740068)	34.624	852	491	19	8	833	8	819	7.15e-100	355
g1867.t1	VFG008792(gb|WP_015355162)	34.342	859	498	19	1	833	1	819	1.38e-99	354
g1867.t1	VFG022442(gb|WP_003910676)	33.884	847	494	19	2	825	5	808	1.91e-99	353
g1867.t1	VFG001408(gb|NP_217456)	33.884	847	494	19	2	825	5	808	2.22e-99	353
g1867.t1	VFG008795(gb|WP_003901497)	33.884	847	494	19	2	825	5	808	2.47e-99	353
g1867.t1	VFG008788(gb|WP_014001497)	33.884	847	494	19	2	825	5	808	3.38e-99	353
g1867.t1	VFG007893(gb|WP_010950802)	33.884	847	494	19	2	825	5	808	3.59e-99	353
g1867.t1	VFG022413(gb|WP_181013047)	35.460	815	466	26	8	800	37	813	1.09e-98	351
g1867.t1	VFG008791(gb|WP_015294046)	33.648	847	496	19	2	825	5	808	4.15e-98	349
g1867.t1	VFG008858(gb|WP_015294039)	34.360	812	466	22	12	800	40	807	1.39e-97	346
g1867.t1	VFG022407(gb|WP_012393582)	33.780	820	476	20	8	800	35	814	1.41e-97	345
g1867.t1	VFG007855(gb|WP_162292826)	35.706	815	464	26	8	800	37	813	1.84e-97	347
g1867.t1	VFG008878(gb|WP_162143265)	35.583	815	465	26	8	800	37	813	1.34e-96	345
g1867.t1	VFG008859(gb|WP_041299020)	33.659	820	477	20	8	800	35	814	1.46e-96	342
g1867.t1	VFG007838(gb|WP_094986977)	33.659	820	477	20	8	800	35	814	1.66e-96	342
g1867.t1	VFG008876(gb|WP_015291057)	34.275	814	486	22	8	800	37	822	1.69e-96	344
g1867.t1	VFG008875(gb|WP_015303644)	34.191	816	484	22	8	800	37	822	1.21e-95	342
g1867.t1	VFG008884(gb|WP_009938592)	33.946	816	486	22	8	800	37	822	2.41e-94	338
g1867.t1	VFG007849(gb|NP_217449)	33.946	816	486	22	8	800	37	822	2.93e-94	337
g1867.t1	VFG007851(gb|WP_003899548)	33.946	816	486	22	8	800	37	822	3.12e-94	337
g1867.t1	VFG049157(gb|WP_014907259)	40.162	493	274	7	1	491	1	474	3.90e-94	337
g1867.t1	VFG049157(gb|WP_014907259)	28.340	247	145	8	852	1081	642	873	5.09e-14	77.8
g1867.t1	VFG043684(gb|WP_000222467)	40.162	493	274	7	1	491	1	474	4.23e-94	337
g1867.t1	VFG043684(gb|WP_000222467)	23.622	381	247	12	852	1214	642	996	5.13e-14	77.8
g1867.t1	VFG022415(gb|WP_014001494)	33.824	816	487	22	8	800	37	822	9.01e-94	336
g1867.t1	VFG008874(gb|WP_015288408)	33.824	816	487	22	8	800	37	822	9.42e-94	336
g1867.t1	VFG008877(gb|WP_015294040)	33.824	816	487	22	8	800	37	822	1.12e-93	336
g1867.t1	VFG049161(gb|WP_001029878)	33.188	687	399	17	8	692	13	641	5.86e-93	320
g1867.t1	VFG043680(gb|WP_001029878)	33.188	687	399	17	8	692	13	641	5.86e-93	320
g1867.t1	VFG022426(gb|WP_081465655)	33.174	835	511	20	8	827	46	848	3.01e-92	330
g1867.t1	VFG026099(gb|WP_011402028)	41.463	451	237	11	8	448	5	438	6.15e-84	305
g1867.t1	VFG026099(gb|WP_011402028)	24.933	373	240	11	547	900	536	887	2.00e-19	95.5
g1867.t1	VFG008870(gb|YP_005361486)	38.563	529	290	15	8	517	1125	1637	1.09e-77	285
g1867.t1	VFG008870(gb|YP_005361486)	27.824	363	226	12	450	800	19	357	2.05e-19	95.5
g1867.t1	VFG029255(gb|WP_003899552)	39.002	441	235	12	8	436	49	467	1.80e-75	260
g1867.t1	VFG024724(gb|NP_217463)	39.002	441	235	12	8	436	49	467	2.61e-75	259
g1867.t1	VFG029261(gb|YP_005361502)	39.140	442	234	12	8	436	49	468	4.37e-75	259
g1867.t1	VFG009523(gb|WP_011560851)	35.455	440	257	11	6	436	12	433	5.32e-66	231
g1867.t1	VFG009522(gb|WP_011856108)	35.000	440	259	11	6	436	12	433	4.22e-65	228
g1867.t1	VFG009519(gb|WP_011729888)	36.062	452	248	13	1	436	1	427	5.86e-65	227
g1867.t1	VFG009521(gb|WP_011781015)	36.261	444	244	13	8	436	7	426	2.16e-63	223
g1867.t1	VFG026599(gb|WP_015290626)	33.547	468	269	14	2	454	1	441	6.66e-63	221
g1867.t1	VFG022728(gb|WP_013828476)	35.022	454	247	14	5	436	6	433	1.78e-62	220
g1867.t1	VFG026598(gb|WP_015303462)	33.333	468	270	14	2	454	1	441	4.97e-62	219
g1867.t1	VFG001823(gb|NP_216898)	33.333	468	270	14	2	454	1	441	7.35e-62	218
g1867.t1	VFG026611(gb|YP_007958422)	33.333	468	270	14	2	454	1	441	7.64e-62	218
g1867.t1	VFG026614(gb|YP_005360980)	33.778	450	259	13	2	436	1	426	1.05e-61	218
g1867.t1	VFG009520(gb|WP_011893574)	33.700	454	256	13	1	436	1	427	1.88e-61	217
g1867.t1	VFG024013(gb|WP_013471368)	34.590	451	256	14	1	436	1	427	2.30e-61	217
g1867.t1	VFG026606(gb|YP_007962260)	32.906	468	271	15	2	454	1	440	3.70e-59	211
g1867.t1	VFG009517(gb|WP_033713351)	33.409	443	258	11	8	436	14	433	1.75e-58	209
g1867.t1	VFG009516(gb|WP_033706523)	33.409	443	258	11	8	436	14	433	4.05e-58	207
g1867.t1	VFG024017(gb|WP_014384381)	33.181	437	267	9	8	436	14	433	5.13e-58	207
g1867.t1	VFG024015(gb|WP_008255557)	33.181	437	267	9	8	436	14	433	5.38e-58	207
g1867.t1	VFG024018(gb|WP_050782800)	32.952	437	268	9	8	436	14	433	5.98e-58	207
g1867.t1	VFG024014(gb|WP_014941688)	32.952	437	268	9	8	436	14	433	1.91e-57	206
g1867.t1	VFG026617(gb|WP_081656371)	32.723	437	269	9	8	436	14	433	1.39e-56	203
g1867.t1	VFG024016(gb|WP_014382294)	32.723	437	269	9	8	436	14	433	1.72e-56	202
g1867.t1	VFG026596(gb|WP_016342473)	33.107	441	260	12	8	436	9	426	3.49e-55	199
g1867.t1	VFG026602(gb|WP_005099373)	32.880	441	261	12	8	436	9	426	9.65e-55	197
g1867.t1	VFG022723(gb|YP_001702855)	33.036	448	265	12	8	443	9	433	4.86e-50	184
g1867.t1	VFG022722(gb|WP_012395309)	34.763	443	250	13	8	436	13	430	6.41e-50	184
g1867.t1	VFG009518(gb|WP_011741375)	34.763	443	250	13	8	436	13	430	7.05e-50	183
g1867.t1	VFG026601(gb|WP_015356484)	34.763	443	250	13	8	436	13	430	7.11e-50	183
g1867.t1	VFG016063(gb|WP_166486371)	28.386	539	341	14	934	1455	2712	3222	6.94e-49	192
g1867.t1	VFG016063(gb|WP_166486371)	23.675	283	187	8	934	1194	585	860	8.49e-10	63.9
g1867.t1	VFG016063(gb|WP_166486371)	25.362	276	189	8	933	1196	1638	1908	9.89e-07	53.9
g1867.t1	VFG050115(gb|WP_002081542)	28.723	470	306	11	918	1380	2272	2719	7.76e-49	192
g1867.t1	VFG016060(gb|WP_003139218)	28.755	546	356	12	918	1456	2693	3212	2.29e-48	190
g1867.t1	VFG016060(gb|WP_003139218)	24.632	272	193	5	932	1195	582	849	3.18e-09	62.0
g1867.t1	VFG016059(gb|WP_012075639)	28.545	550	352	13	918	1456	2693	3212	2.45e-48	190
g1867.t1	VFG016059(gb|WP_012075639)	22.742	299	209	6	905	1195	565	849	1.08e-08	60.5
g1867.t1	VFG016059(gb|WP_012075639)	22.770	426	266	13	906	1303	1607	1997	4.27e-06	51.6
g1867.t1	VFG016058(gb|NP_251114)	28.755	546	356	12	918	1456	2693	3212	2.73e-48	190
g1867.t1	VFG016058(gb|NP_251114)	24.632	272	193	5	932	1195	582	849	8.71e-09	60.5
g1867.t1	VFG016058(gb|NP_251114)	23.256	430	259	15	906	1303	1607	1997	3.52e-06	52.0
g1867.t1	VFG020077(gb|WP_015885148)	27.222	540	360	11	934	1465	2681	3195	4.05e-48	189
g1867.t1	VFG020077(gb|WP_015885148)	23.864	264	181	7	943	1194	585	840	1.68e-08	59.7
g1867.t1	VFG016061(gb|WP_162839071)	27.664	535	350	11	934	1455	2712	3222	3.85e-47	186
g1867.t1	VFG016061(gb|WP_162839071)	21.702	470	318	15	934	1370	585	1037	1.34e-11	70.1
g1867.t1	VFG020074(gb|WP_012614121)	28.205	546	359	12	918	1456	2693	3212	7.27e-47	186
g1867.t1	VFG020074(gb|WP_012614121)	24.632	272	193	5	932	1195	582	849	8.93e-09	60.5
g1867.t1	VFG020074(gb|WP_012614121)	23.256	430	259	15	906	1303	1607	1997	3.76e-06	52.0
g1867.t1	VFG016042(gb|WP_161440564)	27.719	570	380	12	927	1488	2081	2626	9.18e-47	185
g1867.t1	VFG016042(gb|WP_161440564)	27.848	158	110	3	933	1086	1023	1180	7.54e-11	67.4
g1867.t1	VFG016042(gb|WP_161440564)	30.851	94	64	1	934	1026	3589	3682	4.59e-06	51.6
g1867.t1	VFG016042(gb|WP_161440564)	23.308	133	83	2	875	1004	4603	4719	6.11e-06	51.2
g1867.t1	VFG016068(gb|WP_011335255)	26.030	534	363	9	934	1456	2705	3217	8.79e-46	182
g1867.t1	VFG016068(gb|WP_011335255)	24.535	269	191	5	934	1194	579	843	6.26e-11	67.8
g1867.t1	VFG016068(gb|WP_011335255)	21.317	319	220	10	934	1239	1634	1934	3.15e-06	52.4
g1867.t1	VFG016067(gb|WP_011062464)	26.217	534	364	8	934	1455	2711	3226	5.02e-45	179
g1867.t1	VFG016067(gb|WP_011062464)	22.549	408	272	12	931	1317	582	966	5.30e-11	67.8
g1867.t1	VFG016065(gb|WP_012051699)	28.073	545	341	13	934	1460	2697	3208	2.22e-44	177
g1867.t1	VFG016065(gb|WP_012051699)	25.556	270	177	8	937	1194	586	843	9.55e-09	60.5
g1867.t1	VFG020071(gb|WP_012723748)	27.061	558	331	13	933	1456	2085	2600	2.46e-44	177
g1867.t1	VFG020071(gb|WP_012723748)	22.134	253	163	6	943	1180	1031	1264	9.28e-06	50.8
g1867.t1	VFG020073(gb|WP_043205221)	26.947	642	420	16	829	1461	913	1514	8.86e-44	175
g1867.t1	VFG020073(gb|WP_043205221)	24.194	248	160	7	937	1173	2505	2735	3.33e-07	55.5
g1867.t1	VFG015827(gb|WP_012315395)	28.868	530	324	14	937	1447	2700	3195	1.11e-43	175
g1867.t1	VFG015827(gb|WP_012315395)	23.732	493	303	17	915	1370	571	1027	6.84e-14	77.4
g1867.t1	VFG016045(gb|WP_011062374)	26.952	538	351	13	933	1455	1011	1521	1.74e-43	174
g1867.t1	VFG016045(gb|WP_011062374)	26.930	531	348	14	937	1456	2533	3034	6.71e-37	153
g1867.t1	VFG016064(gb|WP_010954996)	27.890	545	342	13	934	1460	2697	3208	2.44e-43	174
g1867.t1	VFG016064(gb|WP_010954996)	25.087	287	189	9	920	1194	571	843	8.42e-08	57.4
g1867.t1	VFG016062(gb|WP_165446461)	26.111	540	362	11	934	1460	2712	3227	9.21e-43	172
g1867.t1	VFG016062(gb|WP_165446461)	22.750	400	279	11	934	1317	585	970	1.00e-10	67.0
g1867.t1	VFG016062(gb|WP_165446461)	26.259	278	184	9	933	1196	1638	1908	1.30e-07	56.6
g1867.t1	VFG016041(gb|NP_251092)	27.841	528	344	12	936	1456	1017	1514	2.18e-42	171
g1867.t1	VFG016041(gb|NP_251092)	27.087	539	347	13	933	1455	3540	4048	2.26e-41	167
g1867.t1	VFG016041(gb|NP_251092)	24.810	395	260	11	937	1317	2499	2870	4.11e-15	81.6
g1867.t1	VFG016043(gb|WP_011666644)	27.841	528	344	13	936	1456	1017	1514	3.21e-42	170
g1867.t1	VFG016043(gb|WP_011666644)	27.407	540	344	15	933	1455	3540	4048	1.89e-41	168
g1867.t1	VFG016043(gb|WP_011666644)	24.937	397	257	12	937	1317	2499	2870	3.36e-14	78.6
g1867.t1	VFG015826(gb|WP_012273396)	27.839	546	341	14	934	1460	2697	3208	1.45e-41	168
g1867.t1	VFG015826(gb|WP_012273396)	25.092	271	181	8	935	1194	584	843	5.67e-09	61.2
g1867.t1	VFG016044(gb|WP_011534374)	28.148	540	342	14	937	1456	2083	2596	2.25e-41	167
g1867.t1	VFG016044(gb|WP_011534374)	24.303	251	175	7	930	1173	1024	1266	3.65e-06	52.0
g1867.t1	VFG029262(gb|YP_005924087)	41.702	235	130	6	205	436	1	231	2.52e-41	153
g1867.t1	VFG016066(gb|WP_011533065)	27.357	541	350	13	934	1460	2695	3206	4.25e-41	167
g1867.t1	VFG016066(gb|WP_011533065)	24.505	404	261	17	932	1317	581	958	2.33e-09	62.4
g1867.t1	VFG029272(gb|YP_005361501)	31.126	453	278	10	456	900	5	431	2.45e-40	163
g1867.t1	VFG029273(gb|YP_005924086)	31.126	453	278	10	456	900	1	427	3.20e-40	163
g1867.t1	VFG024730(gb|NP_217462)	31.126	453	278	11	456	900	1	427	3.67e-40	163
g1867.t1	VFG029283(gb|WP_151223887)	31.126	453	278	11	456	900	1	427	4.99e-40	162
g1867.t1	VFG020317(gb|WP_012614130)	27.462	528	350	13	934	1456	1017	1516	6.28e-39	159
g1867.t1	VFG020317(gb|WP_012614130)	23.264	288	201	6	916	1196	2512	2786	1.42e-10	66.6
g1867.t1	VFG020069(gb|WP_148235954)	28.439	538	343	15	933	1456	1017	1526	7.34e-38	156
g1867.t1	VFG020069(gb|WP_148235954)	26.703	543	343	16	934	1455	2529	3037	1.62e-33	142
g1867.t1	VFG020069(gb|WP_148235954)	37.681	69	38	2	933	997	4031	4098	8.80e-06	50.8
g1867.t1	VFG015823(gb|WP_012315380)	27.390	544	347	13	933	1461	1013	1523	4.96e-37	153
g1867.t1	VFG015823(gb|WP_012315380)	21.723	267	199	5	937	1196	2512	2775	8.02e-08	57.4
g1867.t1	VFG029266(gb|YP_007962812)	32.454	379	224	9	456	827	4	357	3.86e-34	142
g1867.t1	VFG029734(gb|WP_015304390)	29.087	471	281	18	930	1380	531	968	7.67e-32	136
g1867.t1	VFG029723(gb|WP_011726917)	27.527	465	298	12	930	1380	532	971	9.40e-31	132
g1867.t1	VFG029723(gb|WP_011726917)	37.333	75	44	2	930	1002	2025	2098	5.72e-06	51.2
g1867.t1	VFG029733(gb|WP_020822858)	27.932	469	292	16	930	1380	531	971	6.55e-30	130
g1867.t1	VFG029705(gb|WP_016893944)	27.389	471	293	15	930	1380	955	1396	1.75e-29	128
g1867.t1	VFG029705(gb|WP_016893944)	26.539	471	293	16	930	1380	2475	2912	1.19e-26	119
g1867.t1	VFG029722(gb|WP_011725353)	28.266	467	290	16	930	1380	534	971	3.54e-29	127
g1867.t1	VFG029726(gb|WP_014942394)	27.409	467	297	13	930	1380	531	971	5.40e-29	127
g1867.t1	VFG029730(gb|WP_009953336)	27.409	467	297	13	930	1380	531	971	5.44e-29	127
g1867.t1	VFG029728(gb|WP_014382788)	27.409	467	297	13	930	1380	531	971	5.58e-29	127
g1867.t1	VFG029729(gb|WP_014385155)	27.409	467	297	13	930	1380	531	971	6.07e-29	126
g1867.t1	VFG029690(gb|YP_001704826)	27.389	471	293	15	930	1380	955	1396	7.85e-29	126
g1867.t1	VFG029690(gb|YP_001704826)	27.389	471	289	16	930	1380	2475	2912	5.14e-28	124
g1867.t1	VFG029700(gb|WP_014380392)	27.119	472	296	14	926	1380	2447	2887	8.89e-29	126
g1867.t1	VFG029700(gb|WP_014380392)	26.087	483	294	15	925	1380	938	1384	4.66e-26	117
g1867.t1	VFG029727(gb|WP_014711949)	27.195	467	298	13	930	1380	531	971	1.58e-28	125
g1867.t1	VFG029698(gb|WP_014382789)	26.907	472	297	14	926	1380	2447	2887	1.66e-28	125
g1867.t1	VFG029698(gb|WP_014382789)	26.087	483	294	15	925	1380	938	1384	6.42e-26	117
g1867.t1	VFG029699(gb|WP_014385156)	26.850	473	296	15	926	1380	2444	2884	1.80e-28	125
g1867.t1	VFG029699(gb|WP_014385156)	26.087	483	294	15	925	1380	938	1384	1.61e-25	115
g1867.t1	VFG029696(gb|WP_014942395)	26.850	473	296	15	926	1380	2447	2887	1.93e-28	125
g1867.t1	VFG029696(gb|WP_014942395)	26.087	483	294	15	925	1380	938	1384	1.70e-25	115
g1867.t1	VFG029697(gb|WP_014711950)	27.119	472	296	14	926	1380	2445	2885	4.80e-28	124
g1867.t1	VFG029697(gb|WP_014711950)	26.087	483	294	15	925	1380	938	1384	2.48e-26	118
g1867.t1	VFG021860(gb|WP_011726611)	27.660	470	291	13	936	1380	4627	5072	1.06e-27	122
g1867.t1	VFG021860(gb|WP_011726611)	26.642	533	306	19	886	1380	3085	3570	1.81e-24	112
g1867.t1	VFG021860(gb|WP_011726611)	26.162	581	344	19	865	1409	489	1020	2.91e-23	108
g1867.t1	VFG021860(gb|WP_011726611)	27.073	410	247	14	930	1317	6151	6530	1.10e-12	73.6
g1867.t1	VFG029731(gb|WP_016342994)	25.855	468	300	13	930	1380	531	968	9.43e-27	119
g1867.t1	VFG008844(gb|YP_007962797)	29.975	397	240	13	418	800	17	389	1.37e-26	118
g1867.t1	VFG029685(gb|WP_011725354)	27.350	468	300	14	926	1380	2440	2880	2.00e-26	118
g1867.t1	VFG029685(gb|WP_011725354)	27.586	522	314	17	937	1428	950	1437	3.88e-24	111
g1867.t1	VFG029684(gb|WP_010949130)	26.531	539	303	18	937	1430	958	1448	3.22e-26	118
g1867.t1	VFG029684(gb|WP_010949130)	26.379	417	246	16	930	1317	2435	2819	7.98e-07	54.3
g1867.t1	VFG029694(gb|WP_012394258)	26.078	510	317	17	900	1380	941	1419	5.57e-26	117
g1867.t1	VFG029732(gb|WP_020724413)	25.840	476	296	16	930	1380	532	975	7.03e-25	113
g1867.t1	VFG029725(gb|WP_012392102)	27.178	482	280	17	930	1380	2050	2491	2.27e-24	112
g1867.t1	VFG029725(gb|WP_012392102)	36.145	83	52	1	930	1011	3554	3636	3.33e-06	52.0
g1867.t1	VFG029725(gb|WP_012392102)	26.923	260	170	9	930	1180	983	1231	5.99e-06	51.2
g1867.t1	VFG029721(gb|WP_015304389)	26.496	468	296	15	930	1380	2447	2883	2.94e-24	111
g1867.t1	VFG029721(gb|WP_015304389)	25.316	474	294	14	930	1380	949	1385	1.51e-23	109
g1867.t1	VFG009472(gb|WP_031657277)	27.729	458	282	16	933	1380	958	1376	5.63e-24	110
g1867.t1	VFG026532(gb|WP_041930680)	27.511	458	283	15	933	1380	958	1376	8.38e-24	109
g1867.t1	VFG026548(gb|YP_005923574)	27.511	458	283	15	933	1380	963	1381	8.39e-24	109
g1867.t1	VFG001820(gb|NP_216895)	27.511	458	283	15	933	1380	963	1381	8.98e-24	109
g1867.t1	VFG026540(gb|WP_015575196)	27.511	458	283	15	933	1380	963	1381	9.37e-24	109
g1867.t1	VFG009471(gb|WP_003917623)	27.511	458	283	15	933	1380	958	1376	1.02e-23	109
g1867.t1	VFG009470(gb|WP_023637453)	27.511	458	283	15	933	1380	958	1376	1.15e-23	109
g1867.t1	VFG017459(gb|WP_023641714)	27.511	458	283	15	933	1380	958	1376	1.22e-23	108
g1867.t1	VFG029724(gb|YP_001704825)	25.636	472	302	15	930	1380	532	975	1.41e-23	109
g1867.t1	VFG026535(gb|WP_041180865)	27.473	455	287	14	933	1380	958	1376	2.09e-23	108
g1867.t1	VFG026533(gb|WP_041179918)	27.473	455	287	14	933	1380	958	1376	2.26e-23	108
g1867.t1	VFG022704(gb|WP_041180276)	27.253	455	288	14	933	1380	958	1376	5.58e-23	107
g1867.t1	VFG026534(gb|WP_041181523)	27.253	455	288	14	933	1380	958	1376	7.37e-23	106
g1867.t1	VFG009476(gb|WP_011741371)	27.835	485	285	18	934	1380	968	1425	4.00e-22	104
g1867.t1	VFG022701(gb|WP_012395306)	28.243	478	292	18	934	1380	968	1425	5.52e-22	103
g1867.t1	VFG026536(gb|WP_015356482)	27.835	485	285	18	934	1380	968	1425	6.88e-22	103
g1867.t1	VFG009480(gb|WP_011856105)	27.477	444	274	15	949	1380	972	1379	7.50e-22	103
g1867.t1	VFG044315(gb|WP_012492605)	26.545	550	353	13	933	1455	1590	2115	1.16e-21	102
g1867.t1	VFG009481(gb|WP_208856696)	26.444	450	271	13	949	1380	959	1366	6.24e-21	100
g1867.t1	VFG009482(gb|WP_011560848)	26.444	450	271	13	949	1380	973	1380	9.81e-21	99.8
g1867.t1	VFG026537(gb|WP_005061162)	25.100	502	328	16	908	1380	939	1421	1.41e-20	99.0
g1867.t1	VFG026531(gb|WP_016342475)	25.050	499	332	14	908	1380	939	1421	1.64e-20	99.0
g1867.t1	VFG009479(gb|WP_011781012)	24.760	521	326	15	895	1380	916	1405	2.29e-20	98.6
g1867.t1	VFG009122(gb|WP_015290524)	32.184	261	157	7	182	436	168	414	4.26e-20	94.7
g1867.t1	VFG009124(gb|WP_011739484)	31.801	261	158	7	182	436	168	414	5.06e-20	94.4
g1867.t1	VFG009123(gb|WP_015293557)	32.184	261	157	7	182	436	168	414	6.18e-20	94.4
g1867.t1	VFG026575(gb|WP_158022910)	26.346	353	241	6	550	891	100	444	1.10e-19	95.9
g1867.t1	VFG022716(gb|YP_001702854)	25.862	348	249	6	550	891	79	423	1.96e-19	95.1
g1867.t1	VFG026581(gb|WP_153995320)	24.709	429	304	10	550	966	100	521	2.91e-19	94.7
g1867.t1	VFG022572(gb|WP_010908458)	32.184	261	157	6	182	436	176	422	3.16e-19	92.0
g1867.t1	VFG009136(gb|YP_005923455)	31.801	261	158	7	182	436	135	381	3.28e-19	91.7
g1867.t1	VFG009241(gb|WP_197492536)	32.184	261	157	6	182	436	171	417	3.46e-19	92.0
g1867.t1	VFG009120(gb|WP_003411576)	31.801	261	158	7	182	436	168	414	4.95e-19	91.7
g1867.t1	VFG009127(gb|WP_003899231)	31.801	261	158	7	182	436	189	435	5.00e-19	91.7
g1867.t1	VFG044432(gb|CAJ45639)	24.512	461	300	14	934	1380	991	1417	5.98e-19	94.0
g1867.t1	VFG023995(gb|WP_216701262)	27.451	459	293	14	933	1380	937	1366	5.78e-18	90.5
g1867.t1	VFG022702(gb|YP_001702858)	24.951	509	326	16	907	1380	934	1421	6.02e-18	90.5
g1867.t1	VFG026580(gb|WP_015356485)	25.126	398	275	9	547	927	99	490	6.17e-18	90.1
g1867.t1	VFG022573(gb|WP_013828959)	31.481	270	158	8	174	432	157	410	6.25e-18	88.2
g1867.t1	VFG023914(gb|WP_020188878)	29.502	261	166	5	182	436	168	416	1.01e-17	87.4
g1867.t1	VFG022715(gb|WP_012395310)	25.126	398	275	9	547	927	99	490	1.33e-17	89.0
g1867.t1	VFG009139(gb|WP_008255906)	29.502	261	166	5	182	436	168	416	1.34e-17	87.0
g1867.t1	VFG005786(gb|WP_000118223)	27.653	311	191	10	172	478	142	422	1.51e-17	88.6
g1867.t1	VFG005787(gb|WP_000118217)	27.331	311	192	10	172	478	142	422	2.07e-17	88.2
g1867.t1	VFG009140(gb|WP_009976446)	29.119	261	167	5	182	436	168	416	2.80e-17	86.3
g1867.t1	VFG009141(gb|WP_015307816)	30.350	257	159	7	182	432	171	413	5.48e-17	85.1
g1867.t1	VFG022574(gb|WP_041317673)	29.963	267	157	8	182	436	174	422	9.85e-17	84.3
g1867.t1	VFG009246(gb|WP_011560750)	30.502	259	156	8	182	432	171	413	1.97e-16	83.6
g1867.t1	VFG009478(gb|WP_193373624)	27.586	464	289	15	933	1380	935	1367	2.23e-16	85.5
g1867.t1	VFG009504(gb|WP_011741376)	25.189	397	276	9	547	927	99	490	6.29e-16	83.6
g1867.t1	VFG023998(gb|WP_014379796)	25.391	512	317	16	895	1380	926	1398	7.90e-16	83.6
g1867.t1	VFG023996(gb|WP_014941690)	25.391	512	317	16	895	1380	926	1398	1.01e-15	83.2
g1867.t1	VFG023999(gb|WP_014384382)	25.391	512	317	16	895	1380	926	1398	1.02e-15	83.2
g1867.t1	VFG023997(gb|WP_008255569)	25.391	512	317	16	895	1380	926	1398	1.32e-15	82.8
g1867.t1	VFG009135(gb|YP_005360856)	28.846	260	157	7	182	432	169	409	2.10e-15	80.1
g1867.t1	VFG050044(gb|WP_001133941)	26.246	301	190	9	930	1214	965	1249	4.61e-15	81.3
g1867.t1	VFG050156(gb|WP_001133891)	24.225	355	229	12	882	1214	913	1249	5.65e-15	80.9
g1867.t1	VFG009475(gb|WP_011724536)	25.919	517	308	21	895	1380	927	1399	1.17e-14	79.7
g1867.t1	VFG050045(gb|WP_001133952)	23.944	355	230	12	882	1214	913	1249	2.94e-14	78.6
g1867.t1	VFG050155(gb|WP_001972445)	23.513	353	238	11	882	1216	913	1251	3.40e-14	78.2
g1867.t1	VFG049153(gb|WP_000159201)	23.810	273	177	7	548	795	5	271	4.01e-14	76.3
g1867.t1	VFG043688(gb|WP_000159201)	23.810	273	177	7	548	795	5	271	4.01e-14	76.3
g1867.t1	VFG023911(gb|WP_013471403)	28.958	259	160	7	182	432	168	410	5.35e-14	75.9
g1867.t1	VFG009244(gb|WP_011893656)	28.958	259	160	7	182	432	168	410	5.40e-14	75.9
g1867.t1	VFG009245(gb|WP_011780926)	29.502	261	156	8	182	432	168	410	6.74e-14	75.5
g1867.t1	VFG009506(gb|WP_011893575)	28.516	256	176	6	547	800	90	340	7.34e-14	77.0
g1867.t1	VFG050040(gb|WP_001133940)	23.795	332	218	10	882	1196	913	1226	7.82e-14	77.0
g1867.t1	VFG024007(gb|WP_013471369)	28.125	256	177	6	547	800	90	340	1.03e-13	76.3
g1867.t1	VFG050154(gb|WP_001133949)	23.494	332	219	10	882	1196	913	1226	1.93e-13	75.9
g1867.t1	VFG050035(gb|WP_001133943)	25.083	303	191	10	930	1214	965	1249	3.25e-13	75.1
g1867.t1	VFG009243(gb|WP_011729737)	28.185	259	162	8	182	432	168	410	4.18e-13	73.2
g1867.t1	VFG026594(gb|WP_041320903)	28.409	264	166	5	547	800	97	347	4.51e-13	74.3
g1867.t1	VFG050038(gb|WP_001133934)	25.540	278	180	8	930	1196	965	1226	7.73e-13	73.9
g1867.t1	VFG009492(gb|WP_011893576)	24.576	354	232	9	902	1237	941	1277	8.67e-13	73.6
g1867.t1	VFG024001(gb|WP_013471370)	24.576	354	232	9	902	1237	941	1277	8.82e-13	73.6
g1867.t1	VFG009491(gb|WP_011729886)	26.000	300	192	6	930	1214	977	1261	9.82e-13	73.6
g1867.t1	VFG009491(gb|WP_011729886)	39.130	69	42	0	936	1004	1712	1780	1.24e-08	60.1
g1867.t1	VFG022714(gb|WP_013828478)	26.923	312	187	11	930	1217	985	1279	1.01e-12	73.6
g1867.t1	VFG022714(gb|WP_013828478)	32.743	113	64	3	886	994	2022	2126	3.11e-07	55.5
g1867.t1	VFG024009(gb|WP_008255558)	28.030	264	167	5	547	800	97	347	1.48e-12	72.8
g1867.t1	VFG009509(gb|WP_011560850)	27.011	348	239	7	455	800	14	348	1.49e-12	72.8
g1867.t1	VFG024012(gb|WP_014379794)	28.030	264	167	5	547	800	97	347	1.87e-12	72.4
g1867.t1	VFG009477(gb|WP_011729885)	24.373	558	339	17	895	1415	923	1434	2.51e-12	72.0
g1867.t1	VFG024010(gb|WP_014382295)	28.839	267	161	7	547	800	97	347	2.84e-12	71.6
g1867.t1	VFG024008(gb|WP_014941689)	28.839	267	161	7	547	800	97	347	2.99e-12	71.6
g1867.t1	VFG009503(gb|WP_011724534)	28.369	282	191	6	547	824	99	373	6.57e-12	70.5
g1867.t1	VFG026553(gb|WP_016342474)	23.952	334	208	9	896	1196	947	1267	9.90e-12	70.1
g1867.t1	VFG026553(gb|WP_016342474)	40.000	90	53	1	915	1004	1545	1633	1.12e-09	63.5
g1867.t1	VFG026559(gb|WP_005061160)	23.952	334	208	9	896	1196	947	1267	1.14e-11	70.1
g1867.t1	VFG026559(gb|WP_005061160)	43.836	73	41	0	932	1004	1561	1633	2.86e-09	62.0
g1867.t1	VFG015866(gb|WP_011105119)	29.434	265	167	10	178	439	129	376	1.18e-11	68.2
g1867.t1	VFG015906(gb|WP_011267825)	26.007	273	185	7	933	1196	11839	12103	1.23e-11	70.1
g1867.t1	VFG015906(gb|WP_011267825)	23.843	281	203	6	922	1196	9692	9967	1.92e-09	62.8
g1867.t1	VFG015906(gb|WP_011267825)	22.677	269	199	4	933	1196	10771	11035	4.25e-08	58.5
g1867.t1	VFG015906(gb|WP_011267825)	27.805	205	113	8	896	1089	8589	8769	2.22e-06	52.8
g1867.t1	VFG015906(gb|WP_011267825)	36.905	84	53	0	921	1004	2114	2197	4.12e-06	52.0
g1867.t1	VFG015906(gb|WP_011267825)	32.308	65	44	0	935	999	12895	12959	9.47e-06	50.8
g1867.t1	VFG022709(gb|YP_001702857)	23.952	334	208	9	896	1196	947	1267	1.59e-11	69.3
g1867.t1	VFG022709(gb|YP_001702857)	38.532	109	61	2	915	1018	1545	1652	2.66e-10	65.5
g1867.t1	VFG009502(gb|WP_003878343)	28.369	282	191	6	547	824	99	373	2.77e-11	68.6
g1867.t1	VFG009508(gb|WP_011856107)	26.136	352	237	7	455	800	14	348	3.21e-11	68.2
g1867.t1	VFG016037(gb|WP_011062375)	23.704	270	192	6	934	1195	1034	1297	3.68e-11	68.6
g1867.t1	VFG015908(gb|WP_164920478)	26.948	308	198	12	922	1214	8527	8822	7.62e-11	67.4
g1867.t1	VFG015908(gb|WP_164920478)	25.311	241	165	7	937	1169	5326	5559	1.65e-09	63.2
g1867.t1	VFG015908(gb|WP_164920478)	27.632	152	98	4	936	1079	4258	4405	1.96e-06	52.8
g1867.t1	VFG015908(gb|WP_164920478)	28.750	80	57	0	922	1001	3157	3236	2.93e-06	52.4
g1867.t1	VFG015908(gb|WP_164920478)	30.263	152	93	6	933	1075	6378	6525	5.54e-06	51.6
g1867.t1	VFG009493(gb|WP_083767360)	23.709	426	256	14	936	1318	963	1362	1.59e-10	66.2
g1867.t1	VFG009493(gb|WP_083767360)	32.895	152	82	6	865	1003	1519	1663	8.50e-07	53.9
g1867.t1	VFG001821(gb|NP_216896)	25.084	299	199	8	930	1217	935	1219	2.23e-10	65.9
g1867.t1	VFG001821(gb|NP_216896)	40.278	72	43	0	933	1004	1575	1646	1.52e-08	59.7
g1867.t1	VFG026557(gb|WP_041180561)	25.084	299	199	8	930	1217	984	1268	2.34e-10	65.9
g1867.t1	VFG026557(gb|WP_041180561)	40.278	72	43	0	933	1004	1624	1695	1.48e-08	59.7
g1867.t1	VFG009484(gb|WP_003899297)	25.084	299	199	8	930	1217	984	1268	2.52e-10	65.5
g1867.t1	VFG009484(gb|WP_003899297)	40.278	72	43	0	933	1004	1624	1695	1.54e-08	59.7
g1867.t1	VFG022711(gb|WP_041180111)	25.084	299	199	8	930	1217	984	1268	2.54e-10	65.5
g1867.t1	VFG022711(gb|WP_041180111)	40.278	72	43	0	933	1004	1624	1695	1.56e-08	59.7
g1867.t1	VFG009489(gb|WP_011724535)	26.087	276	185	5	930	1195	982	1248	6.13e-10	64.3
g1867.t1	VFG009489(gb|WP_011724535)	33.803	71	47	0	933	1003	2073	2143	3.33e-07	55.5
g1867.t1	VFG026556(gb|WP_041181197)	24.749	299	200	8	930	1217	985	1269	9.96e-10	63.5
g1867.t1	VFG026556(gb|WP_041181197)	38.889	72	44	0	933	1004	1625	1696	1.97e-08	59.3
g1867.t1	VFG050041(gb|WP_011198384)	24.172	302	213	7	902	1196	931	1223	1.21e-09	63.5
g1867.t1	VFG026555(gb|WP_041179693)	24.749	299	200	8	930	1217	985	1269	1.36e-09	63.2
g1867.t1	VFG026555(gb|WP_041179693)	38.889	72	44	0	933	1004	1625	1696	1.95e-08	59.3
g1867.t1	VFG049160(gb|WP_001327259)	23.394	607	370	23	878	1454	894	1435	1.44e-09	63.2
g1867.t1	VFG043681(gb|WP_001327259)	23.394	607	370	23	878	1454	894	1435	1.44e-09	63.2
g1867.t1	VFG009494(gb|WP_011856106)	26.168	321	203	12	934	1238	988	1290	1.63e-09	62.8
g1867.t1	VFG000161(gb|NP_251089)	21.429	280	201	6	923	1196	1011	1277	1.79e-09	62.8
g1867.t1	VFG044363(gb|WP_033112377)	31.405	121	79	2	1264	1380	1312	1432	2.23e-09	62.4
g1867.t1	VFG009495(gb|WP_011560849)	26.168	321	203	12	934	1238	988	1290	2.26e-09	62.4
g1867.t1	VFG016035(gb|WP_011168293)	25.455	275	178	8	933	1196	1008	1266	2.29e-09	62.4
g1867.t1	VFG016032(gb|WP_011666646)	21.429	280	201	6	923	1196	1011	1277	2.39e-09	62.4
g1867.t1	VFG050043(gb|NP_391076)	25.177	282	192	7	922	1196	952	1221	2.73e-09	62.4
g1867.t1	VFG022721(gb|WP_013828477)	29.153	295	195	8	513	800	62	349	2.89e-09	62.0
g1867.t1	VFG015822(gb|WP_190273339)	31.579	114	72	3	897	1004	1549	1662	3.92e-09	61.6
g1867.t1	VFG009505(gb|WP_011729887)	28.352	261	174	8	547	800	100	354	4.33e-09	61.2
g1867.t1	VFG024006(gb|WP_014379795)	24.172	302	208	5	930	1217	985	1279	5.71e-09	61.2
g1867.t1	VFG024006(gb|WP_014379795)	35.714	70	45	0	934	1003	2075	2144	9.43e-08	57.0
g1867.t1	VFG022718(gb|WP_014001246)	25.532	376	256	8	451	818	9	368	6.86e-09	60.8
g1867.t1	VFG001822(gb|NP_216897)	25.532	376	256	8	451	818	9	368	7.16e-09	60.5
g1867.t1	VFG044316(gb|WP_012492606)	25.862	290	188	7	912	1182	1006	1287	1.02e-08	60.1
g1867.t1	VFG026579(gb|WP_015293657)	25.266	376	257	8	451	818	9	368	1.23e-08	59.7
g1867.t1	VFG022708(gb|WP_012395307)	24.752	303	191	6	902	1177	952	1244	1.47e-08	59.7
g1867.t1	VFG022708(gb|WP_012395307)	36.508	63	40	0	932	994	1555	1617	7.16e-06	50.8
g1867.t1	VFG015904(gb|WP_164920479)	23.058	399	279	10	930	1317	3147	3528	1.48e-08	60.1
g1867.t1	VFG015904(gb|WP_164920479)	32.000	75	51	0	928	1002	5265	5339	4.46e-07	55.1
g1867.t1	VFG026558(gb|WP_015356483)	25.413	303	189	7	902	1177	952	1244	1.94e-08	59.3
g1867.t1	VFG026558(gb|WP_015356483)	36.364	66	42	0	929	994	1552	1617	4.35e-06	51.6
g1867.t1	VFG009490(gb|WP_011741372)	25.413	303	189	7	902	1177	952	1244	2.34e-08	58.9
g1867.t1	VFG009490(gb|WP_011741372)	36.364	66	42	0	929	994	1552	1617	4.35e-06	51.6
g1867.t1	VFG026577(gb|WP_015303461)	24.538	379	256	9	451	818	9	368	2.34e-08	58.9
g1867.t1	VFG026578(gb|WP_041181524)	25.266	376	257	8	451	818	9	368	2.55e-08	58.9
g1867.t1	VFG026589(gb|YP_007958421)	25.000	372	255	8	455	818	14	369	3.05e-08	58.5
g1867.t1	VFG024002(gb|WP_008255566)	23.841	302	209	6	930	1217	985	1279	8.38e-08	57.4
g1867.t1	VFG024002(gb|WP_008255566)	35.211	71	46	0	933	1003	2074	2144	9.35e-08	57.0
g1867.t1	VFG026573(gb|WP_020822197)	24.172	302	208	6	930	1217	985	1279	9.11e-08	57.4
g1867.t1	VFG026573(gb|WP_020822197)	35.211	71	46	0	933	1003	2074	2144	9.59e-08	57.0
g1867.t1	VFG024004(gb|WP_014382296)	35.211	71	46	0	933	1003	2074	2144	9.83e-08	57.0
g1867.t1	VFG024004(gb|WP_014382296)	23.510	302	210	6	930	1217	985	1279	2.34e-07	55.8
g1867.t1	VFG015905(gb|WP_164920559)	36.364	77	49	0	928	1004	1046	1122	1.11e-07	57.0
g1867.t1	VFG015905(gb|WP_164920559)	32.877	73	49	0	921	993	2118	2190	1.81e-06	53.1
g1867.t1	VFG015905(gb|WP_164920559)	35.135	74	48	0	928	1001	3201	3274	6.03e-06	51.2
g1867.t1	VFG016033(gb|WP_011103872)	26.277	274	177	8	933	1196	1008	1266	3.41e-07	55.5
g1867.t1	VFG022707(gb|WP_013828479)	26.949	449	261	16	958	1382	987	1392	5.32e-07	54.7
g1867.t1	VFG009507(gb|WP_011781014)	26.543	324	212	10	503	818	59	364	1.42e-06	53.1
g1867.t1	VFG016040(gb|WP_078463717)	22.545	275	188	7	934	1194	992	1255	2.35e-06	52.4
g1867.t1	VFG016038(gb|NP_251090)	22.545	275	188	7	934	1194	992	1255	2.41e-06	52.4
g1867.t1	VFG007221(gb|WP_000523394)	23.358	274	179	7	919	1179	1858	2113	4.03e-06	51.6
g1867.t1	VFG016036(gb|WP_010954974)	23.333	270	188	6	934	1195	1015	1273	6.21e-06	51.2
g2885.t1	VFG007866(gb|NP_217451)	100.000	1488	0	0	1	1488	1	1488	0.0	3019
g2885.t1	VFG008766(gb|WP_003906943)	99.933	1488	1	0	1	1488	1	1488	0.0	3018
g2885.t1	VFG007869(gb|WP_003904964)	99.933	1488	1	0	1	1488	1	1488	0.0	3016
g2885.t1	VFG008759(gb|WP_014585552)	99.933	1488	1	0	1	1488	1	1488	0.0	3015
g2885.t1	VFG008764(gb|YP_005924077)	99.799	1489	2	1	1	1488	1	1489	0.0	3009
g2885.t1	VFG008908(gb|WP_014001496)	99.597	1488	6	0	1	1488	1	1488	0.0	3003
g2885.t1	VFG008911(gb|WP_015294042)	99.261	1488	11	0	1	1488	1	1488	0.0	2992
g2885.t1	VFG008909(gb|WP_015303646)	98.992	1488	15	0	1	1488	1	1488	0.0	2981
g2885.t1	VFG008910(gb|WP_015291059)	98.992	1488	15	0	1	1488	1	1488	0.0	2980
g2885.t1	VFG007871(gb|WP_010908852)	81.952	1496	255	6	1	1488	1	1489	0.0	2489
g2885.t1	VFG022427(gb|WP_012393579)	81.355	1491	262	5	2	1488	3	1481	0.0	2471
g2885.t1	VFG008912(gb|WP_015355164)	81.288	1491	263	5	2	1488	3	1481	0.0	2467
g2885.t1	VFG007872(gb|WP_011740073)	80.952	1491	268	5	2	1488	3	1481	0.0	2456
g2885.t1	VFG008917(gb|YP_007962802)	99.917	1203	1	0	286	1488	1	1203	0.0	2434
g2885.t1	VFG008763(gb|YP_005361488)	99.897	967	1	0	1	967	1	967	0.0	1960
g2885.t1	VFG008767(gb|WP_041312796)	60.736	1495	552	12	2	1488	7	1474	0.0	1785
g2885.t1	VFG022433(gb|WP_013829143)	61.126	1474	542	11	3	1468	7	1457	0.0	1771
g2885.t1	VFG007874(gb|WP_011780330)	59.461	1485	572	8	3	1483	12	1470	0.0	1740
g2885.t1	VFG007873(gb|WP_011894250)	57.930	1507	576	13	2	1483	16	1489	0.0	1702
g2885.t1	VFG023847(gb|WP_013471677)	58.077	1498	586	14	3	1483	17	1489	0.0	1700
g2885.t1	VFG007875(gb|WP_011855821)	57.902	1487	596	11	3	1484	10	1471	0.0	1686
g2885.t1	VFG007876(gb|WP_011560225)	57.902	1487	596	11	3	1484	10	1471	0.0	1686
g2885.t1	VFG049155(gb|WP_000829570)	39.200	1000	560	15	1	983	1	969	0.0	624
g2885.t1	VFG043686(gb|WP_000829570)	39.200	1000	560	15	1	983	1	969	0.0	624
g2885.t1	VFG049148(gb|WP_041168941)	38.496	891	515	10	8	894	1087	1948	1.73e-180	598
g2885.t1	VFG043693(gb|WP_001518711)	38.496	891	515	10	8	894	1087	1948	1.92e-180	598
g2885.t1	VFG016181(gb|WP_011168854)	37.333	900	517	14	8	896	14	877	2.90e-158	533
g2885.t1	VFG003503(gb|WP_011816642)	36.293	901	525	13	8	896	29	892	9.34e-157	528
g2885.t1	VFG048580(gb|WP_014838502)	36.475	902	522	12	8	896	29	892	4.74e-156	526
g2885.t1	VFG034120(gb|WP_000369487)	36.222	900	527	14	8	896	29	892	1.26e-155	525
g2885.t1	VFG034109(gb|WP_000369490)	36.040	899	530	12	8	896	29	892	5.89e-155	523
g2885.t1	VFG034115(gb|WP_000369515)	36.040	899	530	13	8	896	29	892	9.45e-155	522
g2885.t1	VFG048582(gb|YP_005227767)	36.040	899	530	13	8	896	29	892	1.08e-154	522
g2885.t1	VFG034122(gb|WP_000369471)	36.040	899	530	13	8	896	29	892	1.37e-154	522
g2885.t1	VFG034114(gb|WP_000369472)	36.040	899	530	13	8	896	29	892	1.40e-154	522
g2885.t1	VFG034113(gb|WP_000369525)	36.040	899	530	13	8	896	29	892	2.06e-154	521
g2885.t1	VFG003384(gb|WP_011192136)	36.040	899	530	13	8	896	29	892	2.14e-154	521
g2885.t1	VFG045840(gb|WP_000369500)	36.040	899	530	13	8	896	29	892	2.48e-154	521
g2885.t1	VFG044329(gb|WP_015874964)	36.040	899	530	13	8	896	29	892	2.99e-154	521
g2885.t1	VFG020297(gb|WP_012413640)	35.929	899	531	12	8	896	29	892	3.10e-154	521
g2885.t1	VFG000362(gb|WP_002212777)	35.929	899	531	12	8	896	29	892	3.25e-154	521
g2885.t1	VFG034121(gb|WP_000369485)	35.929	899	531	12	8	896	29	892	3.40e-154	521
g2885.t1	VFG012553(gb|WP_000369484)	35.929	899	531	12	8	896	29	892	3.50e-154	521
g2885.t1	VFG003118(gb|WP_011171835)	35.929	899	531	12	8	896	29	892	4.17e-154	520
g2885.t1	VFG048581(gb|WP_014907268)	35.818	899	532	12	8	896	29	892	4.25e-154	520
g2885.t1	VFG034119(gb|WP_000369498)	36.040	899	530	13	8	896	29	892	5.41e-154	520
g2885.t1	VFG034125(gb|WP_000369506)	35.929	899	531	12	8	896	29	892	5.99e-154	520
g2885.t1	VFG034118(gb|WP_000369492)	35.929	899	531	12	8	896	29	892	6.89e-154	520
g2885.t1	VFG046113(gb|WP_046072849)	36.040	899	530	13	8	896	29	892	6.95e-154	520
g2885.t1	VFG034124(gb|WP_000369473)	35.818	899	532	12	8	896	29	892	2.14e-153	518
g2885.t1	VFG012552(gb|WP_000369530)	35.929	899	531	13	8	896	29	892	3.18e-153	518
g2885.t1	VFG029827(gb|WP_011777591)	37.568	913	514	20	5	894	1568	2447	1.20e-148	504
g2885.t1	VFG029827(gb|WP_011777591)	36.522	920	526	20	4	899	10	895	3.87e-143	488
g2885.t1	VFG016180(gb|WP_011104106)	36.564	908	528	14	8	905	14	883	1.60e-148	504
g2885.t1	VFG044300(gb|WP_012368440)	34.109	903	544	12	8	896	14	879	4.77e-148	502
g2885.t1	VFG029835(gb|WP_016341938)	37.405	917	521	20	8	900	1573	2460	1.16e-147	501
g2885.t1	VFG029835(gb|WP_016341938)	36.133	905	534	17	8	894	14	892	2.12e-144	491
g2885.t1	VFG029828(gb|YP_001701685)	37.296	917	522	20	8	900	1571	2458	1.68e-147	501
g2885.t1	VFG029828(gb|YP_001701685)	35.507	966	569	20	8	945	14	953	3.61e-146	497
g2885.t1	VFG029825(gb|WP_041309443)	37.268	915	528	18	3	899	9	895	2.68e-147	500
g2885.t1	VFG029825(gb|WP_041309443)	36.596	940	546	21	5	924	1576	2485	3.48e-144	491
g2885.t1	VFG029823(gb|WP_011726922)	37.459	921	511	20	5	894	1559	2445	6.25e-147	499
g2885.t1	VFG029823(gb|WP_011726922)	36.120	933	541	20	4	912	10	911	5.26e-144	490
g2885.t1	VFG029833(gb|WP_014379696)	36.842	912	525	20	6	894	12	895	1.73e-145	495
g2885.t1	VFG029833(gb|WP_014379696)	35.319	957	558	17	5	929	1575	2502	7.70e-144	490
g2885.t1	VFG029832(gb|WP_014382190)	36.681	916	521	21	6	894	12	895	3.24e-145	494
g2885.t1	VFG029832(gb|WP_014382190)	35.319	957	558	17	5	929	1575	2502	8.93e-144	489
g2885.t1	VFG029821(gb|WP_011724326)	36.837	942	529	21	4	917	10	913	4.95e-144	490
g2885.t1	VFG029821(gb|WP_011724326)	36.980	914	523	20	5	894	1558	2442	2.61e-143	488
g2885.t1	VFG029831(gb|WP_014711138)	35.319	957	558	17	5	929	1575	2502	6.71e-144	490
g2885.t1	VFG029831(gb|WP_014711138)	36.374	910	532	18	6	894	12	895	1.83e-143	489
g2885.t1	VFG029820(gb|WP_010949525)	37.118	916	519	21	5	894	1558	2442	1.94e-143	489
g2885.t1	VFG029820(gb|WP_010949525)	36.837	942	529	21	4	917	10	913	5.66e-143	487
g2885.t1	VFG029822(gb|WP_011891406)	37.554	924	514	21	5	894	1565	2459	3.57e-143	488
g2885.t1	VFG029822(gb|WP_011891406)	35.217	920	549	16	8	906	14	907	1.30e-135	465
g2885.t1	VFG029830(gb|WP_013470437)	37.554	924	514	21	5	894	1565	2459	6.93e-143	487
g2885.t1	VFG029830(gb|WP_013470437)	35.870	920	543	17	8	906	14	907	2.26e-138	473
g2885.t1	VFG029838(gb|WP_015304256)	36.545	903	528	16	8	894	1566	2439	1.13e-141	483
g2885.t1	VFG029838(gb|WP_015304256)	37.009	916	528	20	4	899	10	896	1.14e-141	483
g2885.t1	VFG024735(gb|WP_012393570)	36.266	932	522	22	8	911	44	931	3.98e-132	452
g2885.t1	VFG029280(gb|WP_015355158)	36.266	932	522	22	8	911	44	931	4.62e-132	452
g2885.t1	VFG024740(gb|WP_011740063)	35.944	932	525	22	8	911	44	931	1.50e-129	445
g2885.t1	VFG024738(gb|WP_010907554)	35.637	926	534	23	8	912	44	928	1.38e-128	442
g2885.t1	VFG008898(gb|YP_007962799)	35.249	905	524	21	8	895	38	897	7.06e-125	414
g2885.t1	VFG009412(gb|WP_011178521)	35.065	924	547	19	6	898	18	919	1.35e-124	432
g2885.t1	VFG009412(gb|WP_011178521)	33.654	936	552	21	5	898	15107	16015	2.48e-114	401
g2885.t1	VFG009412(gb|WP_011178521)	33.801	926	544	18	5	898	9661	10549	1.53e-113	398
g2885.t1	VFG009412(gb|WP_011178521)	33.404	937	553	20	5	898	1816	2724	3.03e-113	397
g2885.t1	VFG009412(gb|WP_011178521)	33.191	937	555	21	5	898	5742	6650	1.34e-106	377
g2885.t1	VFG009412(gb|WP_011178521)	33.405	931	555	21	5	898	12993	13895	3.26e-106	376
g2885.t1	VFG009412(gb|WP_011178521)	33.298	931	556	21	5	898	11200	12102	4.42e-106	375
g2885.t1	VFG009412(gb|WP_011178521)	33.084	937	556	21	5	898	3621	4529	1.88e-105	374
g2885.t1	VFG009412(gb|WP_011178521)	33.298	931	556	21	5	898	7546	8448	1.99e-105	373
g2885.t1	VFG009414(gb|WP_173812288)	35.065	924	547	19	6	898	4	905	1.48e-124	432
g2885.t1	VFG009414(gb|WP_173812288)	33.727	931	552	20	5	898	6679	7581	3.23e-114	400
g2885.t1	VFG009414(gb|WP_173812288)	33.620	931	553	20	5	898	12076	12978	8.12e-114	399
g2885.t1	VFG009414(gb|WP_173812288)	33.693	926	545	18	5	898	1802	2690	5.76e-113	397
g2885.t1	VFG009414(gb|WP_173812288)	33.693	926	545	18	5	898	3341	4229	5.76e-113	397
g2885.t1	VFG009414(gb|WP_173812288)	33.298	931	556	21	5	898	8478	9380	8.20e-106	374
g2885.t1	VFG009414(gb|WP_173812288)	33.298	931	556	21	5	898	10277	11179	8.20e-106	374
g2885.t1	VFG009414(gb|WP_173812288)	32.975	931	559	21	5	898	4880	5782	2.15e-104	370
g2885.t1	VFG026440(gb|ACA57625)	34.848	924	549	19	6	898	18	919	2.34e-124	431
g2885.t1	VFG026440(gb|ACA57625)	33.972	939	545	22	5	898	15138	16046	9.20e-115	402
g2885.t1	VFG026440(gb|ACA57625)	34.267	928	539	21	5	898	9660	10550	5.31e-114	400
g2885.t1	VFG026440(gb|ACA57625)	33.759	939	547	22	5	898	1815	2723	1.62e-112	395
g2885.t1	VFG026440(gb|ACA57625)	33.866	939	546	23	5	898	13012	13920	5.37e-107	378
g2885.t1	VFG026440(gb|ACA57625)	33.545	945	547	23	5	898	11201	12115	4.07e-106	375
g2885.t1	VFG026440(gb|ACA57625)	33.546	939	549	23	5	898	5740	6648	6.43e-106	375
g2885.t1	VFG026440(gb|ACA57625)	33.546	939	549	23	5	898	3619	4527	2.34e-105	373
g2885.t1	VFG026440(gb|ACA57625)	33.655	933	550	23	5	898	7546	8448	4.11e-105	372
g2885.t1	VFG029279(gb|WP_041180907)	35.005	937	532	22	8	912	42	933	4.11e-124	429
g2885.t1	VFG029278(gb|WP_041181569)	35.150	936	532	21	8	912	42	933	4.85e-124	429
g2885.t1	VFG008891(gb|WP_015303645)	35.801	905	519	20	8	895	38	897	8.87e-124	426
g2885.t1	VFG024733(gb|WP_039847076)	35.363	936	528	22	8	912	42	931	1.00e-123	428
g2885.t1	VFG024736(gb|WP_044501805)	35.363	936	528	22	8	912	42	931	1.07e-123	427
g2885.t1	VFG007831(gb|WP_011780335)	34.677	943	540	24	8	923	106	999	1.23e-123	426
g2885.t1	VFG007845(gb|WP_011560226)	35.691	919	509	26	8	896	37	903	1.72e-123	422
g2885.t1	VFG024721(gb|WP_041180293)	35.112	937	531	22	8	912	42	933	2.21e-123	427
g2885.t1	VFG008892(gb|WP_015291058)	35.477	902	526	18	8	895	38	897	3.63e-123	424
g2885.t1	VFG008890(gb|WP_015288409)	35.691	905	520	20	8	895	38	897	1.16e-122	423
g2885.t1	VFG029277(gb|WP_041179942)	35.005	937	532	22	8	912	42	933	1.47e-122	424
g2885.t1	VFG023846(gb|WP_013471678)	37.081	836	463	25	8	822	35	828	1.78e-122	422
g2885.t1	VFG007860(gb|WP_010950801)	35.066	904	527	20	8	895	38	897	3.27e-122	422
g2885.t1	VFG007857(gb|NP_217450)	35.066	904	527	20	8	895	38	897	3.43e-122	421
g2885.t1	VFG022421(gb|WP_014001495)	35.177	904	526	20	8	895	38	897	4.02e-122	421
g2885.t1	VFG022420(gb|WP_013988962)	35.066	904	527	20	8	895	38	897	4.02e-122	421
g2885.t1	VFG008897(gb|WP_015575260)	35.066	904	527	20	8	895	38	897	4.95e-122	421
g2885.t1	VFG015870(gb|WP_011105122)	34.745	921	543	23	5	898	38	927	1.10e-121	421
g2885.t1	VFG008893(gb|WP_015294041)	35.691	905	520	21	8	895	38	897	5.57e-121	418
g2885.t1	VFG007841(gb|WP_011780333)	35.011	914	525	24	8	896	101	970	6.91e-121	415
g2885.t1	VFG007864(gb|WP_011894251)	37.081	836	463	25	8	822	35	828	1.20e-120	417
g2885.t1	VFG008134(gb|WP_011560512)	36.842	836	472	18	4	822	5	801	2.94e-120	417
g2885.t1	VFG007847(gb|WP_011560227)	34.783	920	524	23	8	900	37	907	5.50e-120	405
g2885.t1	VFG007840(gb|WP_011894252)	36.131	822	489	19	8	817	42	839	8.70e-120	414
g2885.t1	VFG008571(gb|WP_019305992)	35.783	830	483	19	8	822	8	802	1.21e-119	416
g2885.t1	VFG008012(gb|WP_040963265)	35.783	830	483	19	8	822	8	802	1.27e-119	416
g2885.t1	VFG007856(gb|WP_011855822)	34.674	920	525	23	8	900	37	907	3.91e-119	403
g2885.t1	VFG023845(gb|WP_013471679)	35.888	822	491	19	8	817	42	839	5.25e-119	412
g2885.t1	VFG007865(gb|WP_011780331)	36.287	835	474	22	8	822	35	831	7.86e-119	411
g2885.t1	VFG029829(gb|WP_014000873)	35.417	912	533	19	8	896	37	915	9.66e-119	413
g2885.t1	VFG007830(gb|WP_011894255)	35.473	919	532	26	3	895	95	978	1.30e-118	411
g2885.t1	VFG007862(gb|WP_010908853)	35.667	914	513	25	8	895	38	902	2.11e-118	410
g2885.t1	VFG023843(gb|WP_013471682)	35.275	927	531	24	3	895	95	986	3.42e-118	410
g2885.t1	VFG008854(gb|WP_015309622)	34.759	912	540	22	8	903	37	909	1.63e-117	407
g2885.t1	VFG026087(gb|WP_011544664)	33.830	940	529	29	5	898	2	894	1.94e-117	409
g2885.t1	VFG007839(gb|WP_011894253)	33.699	911	546	19	5	896	98	969	2.01e-117	405
g2885.t1	VFG026090(gb|WP_012327964)	33.511	940	533	28	5	898	2	895	2.39e-117	409
g2885.t1	VFG023844(gb|WP_013471680)	33.699	911	546	19	5	896	98	969	2.39e-117	405
g2885.t1	VFG026088(gb|WP_011694168)	33.830	940	529	29	5	898	2	894	2.57e-117	409
g2885.t1	VFG026442(gb|ACA57618)	34.624	930	549	20	6	898	4	911	3.53e-117	409
g2885.t1	VFG026442(gb|ACA57618)	33.972	939	545	22	5	898	10306	11214	1.62e-114	401
g2885.t1	VFG026442(gb|ACA57618)	34.052	928	541	21	5	898	1807	2697	9.84e-114	399
g2885.t1	VFG026442(gb|ACA57618)	33.944	928	542	21	5	898	3348	4238	4.73e-113	397
g2885.t1	VFG026442(gb|ACA57618)	33.866	939	546	23	5	898	8501	9409	5.29e-107	378
g2885.t1	VFG026442(gb|ACA57618)	33.653	939	548	23	5	898	6696	7604	1.79e-106	377
g2885.t1	VFG026442(gb|ACA57618)	33.653	939	548	23	5	898	4889	5797	3.42e-106	375
g2885.t1	VFG007842(gb|WP_011780332)	34.564	894	536	23	8	887	43	901	1.29e-116	405
g2885.t1	VFG007844(gb|WP_011560228)	36.588	809	465	18	8	801	103	878	5.55e-116	401
g2885.t1	VFG007843(gb|WP_011855823)	36.408	813	461	18	8	801	103	878	7.89e-116	400
g2885.t1	VFG008894(gb|WP_015355165)	35.005	917	511	25	8	896	38	897	1.14e-115	402
g2885.t1	VFG022419(gb|WP_012393580)	35.005	917	511	25	8	896	38	897	1.23e-115	402
g2885.t1	VFG007863(gb|WP_011740074)	35.005	917	511	25	8	896	38	897	2.30e-115	401
g2885.t1	VFG049149(gb|WP_041169023)	44.877	488	251	6	8	493	12	483	3.20e-115	384
g2885.t1	VFG026092(gb|WP_004202217)	33.226	936	538	27	8	898	6	899	3.26e-115	402
g2885.t1	VFG043692(gb|WP_001297908)	44.877	488	251	6	8	493	12	483	3.33e-115	384
g2885.t1	VFG026089(gb|WP_006484972)	33.942	931	543	25	5	898	2	897	3.51e-115	402
g2885.t1	VFG026091(gb|WP_004194140)	33.226	936	538	27	8	898	6	899	3.61e-115	402
g2885.t1	VFG002548(gb|WP_004550042)	33.226	936	538	27	8	898	6	899	5.18e-115	402
g2885.t1	VFG008907(gb|WP_015309621)	35.138	831	486	17	8	822	36	829	6.52e-115	400
g2885.t1	VFG026095(gb|WP_004535489)	33.226	936	538	27	8	898	6	899	6.73e-115	402
g2885.t1	VFG026099(gb|WP_011402028)	33.766	924	539	24	8	898	5	888	1.94e-114	400
g2885.t1	VFG026096(gb|WP_004527662)	33.120	936	539	27	8	898	6	899	3.85e-114	399
g2885.t1	VFG008873(gb|WP_015309623)	35.936	807	470	19	8	799	102	876	7.12e-114	395
g2885.t1	VFG026441(gb|WP_012552884)	33.974	936	543	22	8	898	37	942	9.72e-114	398
g2885.t1	VFG026097(gb|WP_011852139)	33.120	936	539	27	8	898	6	899	1.15e-113	398
g2885.t1	VFG009413(gb|WP_011178520)	33.512	934	550	20	8	898	37	942	1.19e-113	398
g2885.t1	VFG022412(gb|WP_012634448)	35.417	912	517	28	8	895	35	898	3.45e-112	389
g2885.t1	VFG007837(gb|WP_010908855)	35.417	912	517	28	8	895	35	898	4.32e-112	389
g2885.t1	VFG008556(gb|WP_005116844)	32.898	918	538	24	8	896	9	877	1.86e-111	390
g2885.t1	VFG007828(gb|WP_010908856)	35.120	914	535	28	5	901	101	973	2.59e-111	389
g2885.t1	VFG022413(gb|WP_181013047)	37.717	806	457	23	8	797	37	813	3.73e-111	390
g2885.t1	VFG022425(gb|WP_013829144)	35.913	827	457	21	8	798	40	829	1.22e-110	387
g2885.t1	VFG008855(gb|WP_015288407)	33.476	935	545	25	8	910	36	925	2.36e-110	384
g2885.t1	VFG007832(gb|NP_217448)	33.476	935	545	25	8	910	36	925	2.40e-110	384
g2885.t1	VFG007835(gb|WP_003414835)	33.476	935	545	25	8	910	36	925	2.45e-110	384
g2885.t1	VFG022409(gb|WP_014001493)	33.476	935	545	25	8	910	36	925	2.59e-110	384
g2885.t1	VFG007836(gb|WP_011799302)	33.476	935	545	25	8	910	36	925	2.61e-110	384
g2885.t1	VFG022406(gb|WP_013829146)	35.528	805	474	17	8	794	101	878	4.32e-110	384
g2885.t1	VFG007855(gb|WP_162292826)	37.965	806	455	23	8	797	37	813	7.39e-110	386
g2885.t1	VFG008878(gb|WP_162143265)	37.841	806	456	23	8	797	37	813	5.66e-109	383
g2885.t1	VFG022441(gb|WP_012393574)	35.655	847	484	21	1	822	1	811	7.05e-109	383
g2885.t1	VFG008857(gb|WP_015291056)	35.610	820	450	21	8	797	36	807	2.10e-108	378
g2885.t1	VFG008856(gb|WP_015303643)	35.556	810	464	19	8	797	36	807	2.46e-108	378
g2885.t1	VFG008848(gb|WP_015456457)	35.476	809	475	21	5	797	101	878	4.22e-108	369
g2885.t1	VFG008554(gb|WP_015291763)	34.638	843	480	21	8	822	27	826	1.07e-107	379
g2885.t1	VFG008851(gb|YP_005924075)	35.600	809	474	22	5	797	101	878	3.25e-107	370
g2885.t1	VFG017388(gb|WP_012054382)	34.405	840	486	19	8	822	27	826	6.42e-107	377
g2885.t1	VFG007823(gb|NP_217447)	35.847	809	472	22	5	797	101	878	7.19e-107	376
g2885.t1	VFG022400(gb|WP_012393583)	36.654	813	464	22	5	797	101	882	8.67e-107	374
g2885.t1	VFG007854(gb|WP_010908854)	36.463	820	456	23	8	797	37	821	1.07e-106	376
g2885.t1	VFG008007(gb|NP_218342)	34.638	843	480	22	8	822	27	826	1.82e-106	375
g2885.t1	VFG008555(gb|WP_014001984)	34.520	843	481	21	8	822	27	826	1.87e-106	375
g2885.t1	VFG008552(gb|WP_015288649)	34.405	840	486	20	8	822	27	826	2.16e-106	375
g2885.t1	VFG008011(gb|WP_011799379)	34.405	840	486	20	8	822	27	826	2.63e-106	375
g2885.t1	VFG008858(gb|WP_015294039)	35.360	806	463	20	12	797	40	807	2.91e-106	372
g2885.t1	VFG008789(gb|WP_015303649)	36.376	756	434	18	8	746	8	733	5.67e-106	374
g2885.t1	VFG007895(gb|WP_010907558)	36.375	767	424	21	8	746	8	738	6.18e-106	374
g2885.t1	VFG007829(gb|WP_011740077)	36.408	813	466	22	5	797	101	882	6.34e-106	371
g2885.t1	VFG008840(gb|WP_015355168)	36.408	813	466	22	5	797	101	882	8.00e-106	371
g2885.t1	VFG008790(gb|WP_015291064)	36.243	756	435	18	8	746	8	733	9.20e-106	373
g2885.t1	VFG015869(gb|WP_057443300)	32.678	915	556	21	5	895	545	1423	1.02e-105	374
g2885.t1	VFG015869(gb|WP_057443300)	26.337	486	305	16	551	1021	92	539	1.30e-21	102
g2885.t1	VFG008792(gb|WP_015355162)	35.655	847	484	21	1	822	1	811	1.15e-105	373
g2885.t1	VFG022442(gb|WP_003910676)	35.012	834	490	19	8	822	8	808	1.49e-105	372
g2885.t1	VFG008994(gb|WP_014001492)	35.723	809	473	22	5	797	101	878	1.50e-105	372
g2885.t1	VFG008995(gb|WP_015303642)	35.600	809	474	22	5	797	101	878	1.52e-105	372
g2885.t1	VFG007825(gb|WP_003917710)	35.600	809	474	22	5	797	101	878	1.84e-105	372
g2885.t1	VFG008795(gb|WP_003901497)	35.012	834	490	19	8	822	8	808	2.26e-105	372
g2885.t1	VFG007896(gb|WP_011740068)	35.910	841	476	21	8	822	8	811	2.35e-105	372
g2885.t1	VFG008788(gb|WP_014001497)	35.012	834	490	19	8	822	8	808	2.45e-105	372
g2885.t1	VFG008847(gb|WP_003900598)	35.600	809	474	22	5	797	101	878	2.62e-105	371
g2885.t1	VFG001408(gb|NP_217456)	35.012	834	490	19	8	822	8	808	2.73e-105	372
g2885.t1	VFG008843(gb|WP_003902374)	35.600	809	474	22	5	797	101	878	3.48e-105	371
g2885.t1	VFG007893(gb|WP_010950802)	35.012	834	490	19	8	822	8	808	4.24e-105	371
g2885.t1	VFG008791(gb|WP_015294046)	34.892	834	491	19	8	822	8	808	5.85e-105	370
g2885.t1	VFG022401(gb|WP_013988961)	35.476	809	475	22	5	797	101	878	9.51e-105	369
g2885.t1	VFG008996(gb|WP_015291055)	35.600	809	474	22	5	797	101	878	1.07e-104	369
g2885.t1	VFG008839(gb|WP_015294038)	35.600	809	474	22	5	797	101	878	1.71e-104	369
g2885.t1	VFG022407(gb|WP_012393582)	35.055	813	472	20	8	797	35	814	2.10e-104	366
g2885.t1	VFG007826(gb|WP_010950800)	35.352	809	476	22	5	797	101	878	5.92e-104	367
g2885.t1	VFG007838(gb|WP_094986977)	34.809	813	474	20	8	797	35	814	1.47e-103	363
g2885.t1	VFG008859(gb|WP_041299020)	34.809	813	474	20	8	797	35	814	2.00e-103	363
g2885.t1	VFG008566(gb|YP_007959793)	34.520	843	481	22	8	822	27	826	2.03e-103	366
g2885.t1	VFG008876(gb|WP_015291057)	35.985	817	465	25	8	797	37	822	2.49e-103	366
g2885.t1	VFG043684(gb|WP_000222467)	41.884	499	268	7	1	498	1	478	6.04e-103	364
g2885.t1	VFG043684(gb|WP_000222467)	32.258	155	85	3	849	998	642	781	1.70e-11	69.3
g2885.t1	VFG049157(gb|WP_014907259)	41.884	499	268	7	1	498	1	478	6.26e-103	364
g2885.t1	VFG049157(gb|WP_014907259)	32.258	155	85	3	849	998	642	781	1.75e-11	69.3
g2885.t1	VFG022426(gb|WP_081465655)	35.534	833	491	21	8	824	46	848	7.31e-103	363
g2885.t1	VFG008875(gb|WP_015303644)	35.618	817	468	24	8	797	37	822	3.67e-102	362
g2885.t1	VFG007851(gb|WP_003899548)	35.496	817	469	24	8	797	37	822	3.42e-101	359
g2885.t1	VFG007849(gb|NP_217449)	35.496	817	469	24	8	797	37	822	3.95e-101	359
g2885.t1	VFG008884(gb|WP_009938592)	35.496	817	469	24	8	797	37	822	4.20e-101	359
g2885.t1	VFG008877(gb|WP_015294040)	35.373	817	470	24	8	797	37	822	1.15e-100	357
g2885.t1	VFG022415(gb|WP_014001494)	35.373	817	470	24	8	797	37	822	1.19e-100	357
g2885.t1	VFG008874(gb|WP_015288408)	35.373	817	470	24	8	797	37	822	1.26e-100	357
g2885.t1	VFG049161(gb|WP_001029878)	32.932	665	379	14	8	663	13	619	4.90e-89	308
g2885.t1	VFG043680(gb|WP_001029878)	32.932	665	379	14	8	663	13	619	4.90e-89	308
g2885.t1	VFG029255(gb|WP_003899552)	40.363	441	229	12	8	436	49	467	5.19e-82	279
g2885.t1	VFG024724(gb|NP_217463)	40.363	441	229	12	8	436	49	467	6.35e-82	278
g2885.t1	VFG029261(gb|YP_005361502)	40.724	442	227	12	8	436	49	468	1.03e-81	278
g2885.t1	VFG008870(gb|YP_005361486)	40.338	533	278	18	8	520	1125	1637	2.66e-81	296
g2885.t1	VFG008870(gb|YP_005361486)	25.852	499	323	16	435	910	1	475	3.94e-23	107
g2885.t1	VFG009519(gb|WP_011729888)	35.808	458	241	12	1	436	1	427	4.23e-67	233
g2885.t1	VFG009523(gb|WP_011560851)	35.520	442	250	10	8	436	14	433	6.20e-67	233
g2885.t1	VFG009522(gb|WP_011856108)	35.294	442	251	10	8	436	14	433	3.73e-66	231
g2885.t1	VFG022728(gb|WP_013828476)	35.242	454	246	14	5	436	6	433	1.76e-62	220
g2885.t1	VFG024017(gb|WP_014384381)	34.624	439	258	11	8	436	14	433	4.81e-62	219
g2885.t1	VFG024015(gb|WP_008255557)	34.624	439	258	11	8	436	14	433	5.09e-62	219
g2885.t1	VFG024018(gb|WP_050782800)	34.396	439	259	11	8	436	14	433	6.34e-62	219
g2885.t1	VFG024014(gb|WP_014941688)	34.396	439	259	11	8	436	14	433	1.91e-61	217
g2885.t1	VFG009521(gb|WP_011781015)	35.714	448	241	12	8	436	7	426	9.25e-61	215
g2885.t1	VFG009517(gb|WP_033713351)	34.753	446	248	13	8	436	14	433	1.27e-60	215
g2885.t1	VFG026617(gb|WP_081656371)	34.169	439	260	11	8	436	14	433	2.13e-60	214
g2885.t1	VFG009516(gb|WP_033706523)	34.753	446	248	13	8	436	14	433	2.30e-60	214
g2885.t1	VFG024016(gb|WP_014382294)	34.169	439	260	11	8	436	14	433	2.35e-60	214
g2885.t1	VFG026599(gb|WP_015290626)	33.483	445	255	12	8	436	7	426	3.16e-60	214
g2885.t1	VFG024013(gb|WP_013471368)	33.556	450	262	13	1	436	1	427	8.92e-60	212
g2885.t1	VFG009520(gb|WP_011893574)	33.259	448	266	12	1	436	1	427	1.34e-59	212
g2885.t1	VFG026598(gb|WP_015303462)	33.258	445	256	12	8	436	7	426	2.99e-59	211
g2885.t1	VFG001823(gb|NP_216898)	33.258	445	256	12	8	436	7	426	3.51e-59	211
g2885.t1	VFG026611(gb|YP_007958422)	33.258	445	256	12	8	436	7	426	4.80e-59	210
g2885.t1	VFG026614(gb|YP_005360980)	33.036	448	259	12	5	436	4	426	5.27e-59	210
g2885.t1	VFG026596(gb|WP_016342473)	34.240	441	255	12	8	436	9	426	2.59e-58	208
g2885.t1	VFG026602(gb|WP_005099373)	34.014	441	256	12	8	436	9	426	6.71e-58	207
g2885.t1	VFG026606(gb|YP_007962260)	32.812	448	259	13	5	436	4	425	7.74e-57	204
g2885.t1	VFG022723(gb|YP_001702855)	34.467	441	254	12	8	436	9	426	1.99e-53	194
g2885.t1	VFG022722(gb|WP_012395309)	35.374	441	250	12	8	436	13	430	2.99e-53	193
g2885.t1	VFG009518(gb|WP_011741375)	35.374	441	250	12	8	436	13	430	3.14e-53	193
g2885.t1	VFG026601(gb|WP_015356484)	35.374	441	250	12	8	436	13	430	3.48e-53	193
g2885.t1	VFG016059(gb|WP_012075639)	29.851	536	340	10	933	1458	2706	3215	4.58e-49	192
g2885.t1	VFG016059(gb|WP_012075639)	23.106	264	185	5	942	1194	593	849	5.13e-07	54.7
g2885.t1	VFG016059(gb|WP_012075639)	24.028	283	184	7	932	1195	1634	1904	6.71e-06	51.2
g2885.t1	VFG016060(gb|WP_003139218)	29.664	536	341	10	933	1458	2706	3215	6.26e-49	192
g2885.t1	VFG016060(gb|WP_003139218)	23.381	278	189	6	931	1194	582	849	3.76e-07	55.1
g2885.t1	VFG016058(gb|NP_251114)	29.664	536	341	10	933	1458	2706	3215	7.93e-49	192
g2885.t1	VFG016058(gb|NP_251114)	24.818	274	190	5	931	1194	582	849	1.48e-06	53.1
g2885.t1	VFG020074(gb|WP_012614121)	29.050	537	343	10	933	1458	2706	3215	4.89e-48	189
g2885.t1	VFG020074(gb|WP_012614121)	24.818	274	190	5	931	1194	582	849	1.49e-06	53.1
g2885.t1	VFG016063(gb|WP_166486371)	29.304	546	337	15	933	1459	2712	3227	2.01e-47	187
g2885.t1	VFG016063(gb|WP_166486371)	21.557	501	332	17	933	1397	585	1060	5.28e-12	71.2
g2885.t1	VFG016063(gb|WP_166486371)	25.362	276	189	7	932	1195	1638	1908	3.23e-08	58.9
g2885.t1	VFG050115(gb|WP_002081542)	28.381	451	304	8	933	1379	2284	2719	4.00e-47	186
g2885.t1	VFG050115(gb|WP_002081542)	23.032	343	193	8	915	1216	1200	1512	2.36e-10	65.9
g2885.t1	VFG029262(gb|YP_005924087)	43.404	235	126	6	205	436	1	231	6.88e-47	169
g2885.t1	VFG016068(gb|WP_011335255)	27.818	550	345	14	933	1461	2705	3223	1.79e-46	184
g2885.t1	VFG016068(gb|WP_011335255)	23.639	588	366	18	920	1465	566	1112	2.00e-10	65.9
g2885.t1	VFG016068(gb|WP_011335255)	22.101	276	194	6	933	1195	1634	1901	2.11e-06	52.8
g2885.t1	VFG016042(gb|WP_161440564)	28.652	534	358	9	933	1460	2088	2604	4.12e-46	183
g2885.t1	VFG016042(gb|WP_161440564)	27.545	167	117	3	923	1085	1014	1180	1.20e-07	57.0
g2885.t1	VFG016042(gb|WP_161440564)	39.062	64	39	0	933	996	3589	3652	2.82e-06	52.4
g2885.t1	VFG016042(gb|WP_161440564)	29.126	103	59	3	912	1003	4620	4719	9.78e-06	50.4
g2885.t1	VFG016061(gb|WP_162839071)	28.782	542	345	14	933	1459	2712	3227	1.59e-45	181
g2885.t1	VFG016061(gb|WP_162839071)	21.327	422	288	13	917	1316	571	970	5.56e-12	71.2
g2885.t1	VFG016061(gb|WP_162839071)	24.906	265	182	7	942	1195	1650	1908	1.24e-06	53.5
g2885.t1	VFG016043(gb|WP_011666644)	30.851	564	347	16	912	1462	988	1521	5.55e-45	179
g2885.t1	VFG016043(gb|WP_011666644)	27.767	533	351	12	932	1454	3540	4048	1.52e-39	161
g2885.t1	VFG016043(gb|WP_011666644)	25.697	323	201	10	915	1216	2472	2776	1.18e-09	63.5
g2885.t1	VFG020077(gb|WP_015885148)	28.037	535	352	12	933	1458	2681	3191	8.16e-45	179
g2885.t1	VFG020077(gb|WP_015885148)	25.090	279	189	8	926	1193	571	840	2.64e-08	58.9
g2885.t1	VFG020077(gb|WP_015885148)	26.087	276	185	9	932	1195	1615	1883	1.86e-06	53.1
g2885.t1	VFG016067(gb|WP_011062464)	28.249	531	357	9	933	1454	2711	3226	1.37e-44	178
g2885.t1	VFG016067(gb|WP_011062464)	24.163	418	273	13	919	1316	573	966	8.40e-11	67.4
g2885.t1	VFG016067(gb|WP_011062464)	24.643	280	182	7	933	1195	1640	1907	6.17e-08	57.8
g2885.t1	VFG016041(gb|NP_251092)	30.973	565	345	17	912	1462	988	1521	2.56e-44	177
g2885.t1	VFG016041(gb|NP_251092)	27.767	533	351	12	932	1454	3540	4048	1.67e-39	161
g2885.t1	VFG016041(gb|NP_251092)	25.697	323	201	10	915	1216	2472	2776	7.81e-10	63.9
g2885.t1	VFG020073(gb|WP_043205221)	28.214	599	373	12	878	1459	955	1513	2.81e-44	177
g2885.t1	VFG020073(gb|WP_043205221)	24.453	274	180	7	912	1172	3504	3763	1.63e-07	56.6
g2885.t1	VFG020073(gb|WP_043205221)	22.603	292	197	8	894	1172	2460	2735	4.58e-07	55.1
g2885.t1	VFG016045(gb|WP_011062374)	27.306	553	376	10	912	1454	985	1521	2.26e-42	171
g2885.t1	VFG016045(gb|WP_011062374)	26.726	565	374	13	912	1462	2503	3041	5.07e-36	150
g2885.t1	VFG016062(gb|WP_165446461)	27.808	543	349	14	933	1459	2712	3227	1.86e-41	168
g2885.t1	VFG016062(gb|WP_165446461)	21.357	398	287	8	933	1316	585	970	3.78e-11	68.6
g2885.t1	VFG016062(gb|WP_165446461)	25.540	278	186	7	932	1195	1638	1908	8.07e-09	60.8
g2885.t1	VFG020071(gb|WP_012723748)	27.390	544	347	11	932	1455	2085	2600	4.23e-41	166
g2885.t1	VFG020071(gb|WP_012723748)	23.016	252	162	4	942	1179	1031	1264	1.80e-06	53.1
g2885.t1	VFG029273(gb|YP_005924086)	30.603	464	290	7	459	912	1	442	5.37e-41	166
g2885.t1	VFG024730(gb|NP_217462)	30.603	464	290	7	459	912	1	442	6.27e-41	166
g2885.t1	VFG029272(gb|YP_005361501)	30.603	464	290	7	459	912	5	446	7.62e-41	165
g2885.t1	VFG029283(gb|WP_151223887)	30.603	464	290	7	459	912	1	442	8.03e-41	165
g2885.t1	VFG016066(gb|WP_011533065)	27.971	547	339	15	933	1459	2695	3206	7.18e-40	162
g2885.t1	VFG016066(gb|WP_011533065)	22.378	429	283	11	909	1316	559	958	5.96e-09	61.2
g2885.t1	VFG016044(gb|WP_011534374)	29.228	544	337	13	936	1458	2083	2599	7.65e-40	162
g2885.t1	VFG016044(gb|WP_011534374)	23.346	257	174	7	927	1172	1022	1266	6.91e-06	51.2
g2885.t1	VFG020317(gb|WP_012614130)	30.000	530	334	17	933	1455	1017	1516	9.02e-39	159
g2885.t1	VFG020317(gb|WP_012614130)	24.907	269	181	7	936	1195	2530	2786	5.11e-09	61.2
g2885.t1	VFG015827(gb|WP_012315395)	27.675	542	341	14	936	1459	2700	3208	1.05e-38	159
g2885.t1	VFG015827(gb|WP_012315395)	24.940	417	274	12	913	1316	570	960	6.24e-13	74.3
g2885.t1	VFG016065(gb|WP_012051699)	27.289	546	344	14	933	1459	2697	3208	1.77e-38	158
g2885.t1	VFG016065(gb|WP_012051699)	25.483	259	179	6	942	1193	592	843	2.41e-08	59.3
g2885.t1	VFG015823(gb|WP_012315380)	29.474	570	339	16	912	1458	988	1517	1.81e-38	158
g2885.t1	VFG015823(gb|WP_012315380)	20.946	296	220	5	912	1195	2482	2775	4.98e-06	51.6
g2885.t1	VFG015826(gb|WP_012273396)	27.656	546	342	13	933	1459	2697	3208	2.59e-38	157
g2885.t1	VFG015826(gb|WP_012273396)	23.724	392	259	12	942	1316	592	960	2.38e-10	65.9
g2885.t1	VFG016064(gb|WP_010954996)	27.473	546	343	14	933	1459	2697	3208	3.51e-38	157
g2885.t1	VFG016064(gb|WP_010954996)	25.357	280	193	7	921	1193	573	843	6.94e-08	57.8
g2885.t1	VFG020069(gb|WP_148235954)	28.571	539	341	15	932	1455	1017	1526	5.41e-37	153
g2885.t1	VFG020069(gb|WP_148235954)	27.690	567	355	15	912	1454	2502	3037	1.66e-35	148
g2885.t1	VFG020069(gb|WP_148235954)	38.235	68	39	1	932	996	4031	4098	6.12e-06	51.2
g2885.t1	VFG029266(gb|YP_007962812)	31.707	369	234	5	459	824	4	357	2.20e-33	139
g2885.t1	VFG029734(gb|WP_015304390)	30.297	472	274	17	929	1379	531	968	1.75e-30	132
g2885.t1	VFG029698(gb|WP_014382789)	29.175	473	285	15	925	1379	2447	2887	2.71e-29	128
g2885.t1	VFG029698(gb|WP_014382789)	27.912	498	302	15	906	1379	920	1384	1.06e-25	116
g2885.t1	VFG029699(gb|WP_014385156)	29.175	473	285	15	925	1379	2444	2884	3.99e-29	127
g2885.t1	VFG029699(gb|WP_014385156)	28.112	498	301	15	906	1379	920	1384	1.92e-25	115
g2885.t1	VFG029696(gb|WP_014942395)	29.175	473	285	15	925	1379	2447	2887	4.02e-29	127
g2885.t1	VFG029696(gb|WP_014942395)	28.112	498	301	15	906	1379	920	1384	1.92e-25	115
g2885.t1	VFG029700(gb|WP_014380392)	28.964	473	286	15	925	1379	2447	2887	4.23e-29	127
g2885.t1	VFG029700(gb|WP_014380392)	27.912	498	302	15	906	1379	920	1384	1.15e-25	116
g2885.t1	VFG008844(gb|YP_007962797)	30.513	390	244	11	418	797	17	389	1.91e-28	124
g2885.t1	VFG029723(gb|WP_011726917)	29.336	467	273	16	936	1379	539	971	2.38e-28	124
g2885.t1	VFG029723(gb|WP_011726917)	40.000	75	42	2	929	1001	2025	2098	8.08e-06	50.8
g2885.t1	VFG029697(gb|WP_014711950)	28.964	473	286	15	925	1379	2445	2885	2.82e-28	124
g2885.t1	VFG029697(gb|WP_014711950)	28.419	468	278	15	936	1379	950	1384	8.39e-26	116
g2885.t1	VFG021860(gb|WP_011726611)	28.228	457	297	11	939	1379	4631	5072	6.26e-28	123
g2885.t1	VFG021860(gb|WP_011726611)	28.395	486	287	17	922	1379	3118	3570	4.45e-24	110
g2885.t1	VFG021860(gb|WP_011726611)	26.667	495	319	14	936	1408	548	1020	9.78e-21	100
g2885.t1	VFG021860(gb|WP_011726611)	27.493	371	229	14	927	1281	6149	6495	1.46e-10	66.6
g2885.t1	VFG029722(gb|WP_011725353)	30.361	471	275	18	929	1379	534	971	1.10e-27	122
g2885.t1	VFG029731(gb|WP_016342994)	28.298	470	286	15	929	1379	531	968	1.44e-27	122
g2885.t1	VFG029690(gb|YP_001704826)	27.557	479	284	16	926	1379	2472	2912	1.47e-27	122
g2885.t1	VFG029690(gb|YP_001704826)	27.957	558	324	23	935	1453	961	1479	3.01e-27	121
g2885.t1	VFG029705(gb|WP_016893944)	28.315	558	322	24	935	1453	961	1479	7.49e-27	120
g2885.t1	VFG029705(gb|WP_016893944)	26.766	538	319	20	926	1427	2472	2970	8.28e-27	119
g2885.t1	VFG029733(gb|WP_020822858)	29.724	471	281	18	929	1379	531	971	1.38e-26	119
g2885.t1	VFG029728(gb|WP_014382788)	28.694	467	291	15	929	1379	531	971	2.89e-26	118
g2885.t1	VFG029730(gb|WP_009953336)	28.694	467	291	15	929	1379	531	971	3.48e-26	117
g2885.t1	VFG029729(gb|WP_014385155)	28.694	467	291	15	929	1379	531	971	3.51e-26	117
g2885.t1	VFG029726(gb|WP_014942394)	28.694	467	291	15	929	1379	531	971	3.85e-26	117
g2885.t1	VFG029727(gb|WP_014711949)	29.299	471	283	16	929	1379	531	971	7.01e-26	116
g2885.t1	VFG026536(gb|WP_015356482)	28.138	494	302	17	918	1379	953	1425	4.34e-25	114
g2885.t1	VFG009476(gb|WP_011741371)	28.138	494	302	17	918	1379	953	1425	5.79e-25	113
g2885.t1	VFG029725(gb|WP_012392102)	27.629	561	335	23	929	1453	2050	2575	9.53e-25	113
g2885.t1	VFG029725(gb|WP_012392102)	27.907	258	170	7	929	1179	983	1231	1.02e-06	53.9
g2885.t1	VFG029685(gb|WP_011725354)	28.025	471	293	14	925	1379	2440	2880	1.08e-24	112
g2885.t1	VFG029685(gb|WP_011725354)	28.466	541	334	18	936	1453	950	1460	5.32e-23	107
g2885.t1	VFG022701(gb|WP_012395306)	28.138	494	302	17	918	1379	953	1425	1.09e-24	112
g2885.t1	VFG029694(gb|WP_012394258)	28.118	473	285	16	929	1379	980	1419	1.95e-24	112
g2885.t1	VFG009472(gb|WP_031657277)	26.975	519	323	18	875	1379	900	1376	3.16e-24	110
g2885.t1	VFG026581(gb|WP_153995320)	26.258	457	310	8	446	888	1	444	5.44e-24	110
g2885.t1	VFG029684(gb|WP_010949130)	28.391	553	320	22	936	1453	958	1469	5.76e-24	110
g2885.t1	VFG029684(gb|WP_010949130)	26.897	290	168	10	927	1195	2433	2699	1.62e-07	56.6
g2885.t1	VFG009470(gb|WP_023637453)	26.975	519	323	18	875	1379	900	1376	9.59e-24	109
g2885.t1	VFG009471(gb|WP_003917623)	26.975	519	323	18	875	1379	900	1376	1.10e-23	109
g2885.t1	VFG026575(gb|WP_158022910)	26.477	457	309	8	446	888	1	444	1.13e-23	108
g2885.t1	VFG001820(gb|NP_216895)	26.975	519	323	18	875	1379	905	1381	1.14e-23	109
g2885.t1	VFG026548(gb|YP_005923574)	26.975	519	323	18	875	1379	905	1381	1.17e-23	109
g2885.t1	VFG017459(gb|WP_023641714)	26.975	519	323	18	875	1379	900	1376	1.18e-23	109
g2885.t1	VFG026540(gb|WP_015575196)	26.975	519	323	18	875	1379	905	1381	1.30e-23	108
g2885.t1	VFG026532(gb|WP_041930680)	26.975	519	323	18	875	1379	900	1376	1.50e-23	108
g2885.t1	VFG026533(gb|WP_041179918)	26.744	516	328	17	875	1379	900	1376	3.44e-23	107
g2885.t1	VFG026537(gb|WP_005061162)	28.390	472	294	14	933	1379	969	1421	4.00e-23	107
g2885.t1	VFG026535(gb|WP_041180865)	26.744	516	328	17	875	1379	900	1376	4.18e-23	107
g2885.t1	VFG029721(gb|WP_015304389)	27.766	461	285	16	936	1379	956	1385	6.09e-23	107
g2885.t1	VFG029721(gb|WP_015304389)	27.574	544	309	22	926	1429	2444	2942	7.43e-22	103
g2885.t1	VFG026531(gb|WP_016342475)	28.390	472	294	14	933	1379	969	1421	6.16e-23	107
g2885.t1	VFG026534(gb|WP_041181523)	26.408	515	331	16	875	1379	900	1376	7.56e-23	106
g2885.t1	VFG022704(gb|WP_041180276)	26.408	515	331	16	875	1379	900	1376	8.58e-23	106
g2885.t1	VFG029732(gb|WP_020724413)	26.483	472	286	17	935	1379	538	975	4.26e-22	104
g2885.t1	VFG044315(gb|WP_012492605)	27.419	558	338	13	932	1454	1590	2115	7.55e-22	103
g2885.t1	VFG022702(gb|YP_001702858)	28.178	472	295	14	933	1379	969	1421	1.37e-21	102
g2885.t1	VFG022716(gb|YP_001702854)	26.136	352	250	4	546	888	73	423	2.02e-21	101
g2885.t1	VFG029724(gb|YP_001704825)	26.205	477	281	17	935	1379	538	975	2.42e-21	102
g2885.t1	VFG009124(gb|WP_011739484)	31.939	263	155	7	182	436	168	414	8.77e-21	96.7
g2885.t1	VFG009480(gb|WP_011856105)	27.422	547	292	17	915	1400	934	1436	4.27e-20	97.4
g2885.t1	VFG009122(gb|WP_015290524)	31.418	261	159	6	182	436	168	414	6.06e-20	94.4
g2885.t1	VFG009123(gb|WP_015293557)	31.179	263	157	7	182	436	168	414	1.53e-19	93.2
g2885.t1	VFG026580(gb|WP_015356485)	29.808	208	141	1	540	742	90	297	2.23e-19	95.1
g2885.t1	VFG022715(gb|WP_012395310)	29.808	208	141	1	540	742	90	297	3.32e-19	94.4
g2885.t1	VFG009241(gb|WP_197492536)	30.798	263	158	7	182	436	171	417	4.53e-19	91.7
g2885.t1	VFG022572(gb|WP_010908458)	30.798	263	158	7	182	436	176	422	4.79e-19	91.7
g2885.t1	VFG009481(gb|WP_208856696)	27.239	547	293	17	915	1400	921	1423	5.02e-19	94.0
g2885.t1	VFG009136(gb|YP_005923455)	30.798	263	158	7	182	436	135	381	5.67e-19	90.9
g2885.t1	VFG009482(gb|WP_011560848)	27.239	547	293	17	915	1400	935	1437	5.67e-19	94.0
g2885.t1	VFG044432(gb|CAJ45639)	24.297	498	334	14	933	1417	991	1458	6.08e-19	94.0
g2885.t1	VFG009120(gb|WP_003411576)	30.798	263	158	7	182	436	168	414	6.49e-19	91.3
g2885.t1	VFG009127(gb|WP_003899231)	30.798	263	158	7	182	436	189	435	7.49e-19	91.3
g2885.t1	VFG022573(gb|WP_013828959)	31.227	269	158	8	174	431	157	409	9.83e-19	90.5
g2885.t1	VFG009479(gb|WP_011781012)	27.119	472	298	15	932	1379	956	1405	1.11e-18	92.8
g2885.t1	VFG023995(gb|WP_216701262)	27.027	481	293	14	927	1387	932	1374	1.68e-18	92.4
g2885.t1	VFG009504(gb|WP_011741376)	29.327	208	142	1	540	742	90	297	5.07e-18	90.5
g2885.t1	VFG049153(gb|WP_000159201)	26.159	302	195	7	550	829	5	300	8.77e-18	87.8
g2885.t1	VFG043688(gb|WP_000159201)	26.159	302	195	7	550	829	5	300	8.77e-18	87.8
g2885.t1	VFG022574(gb|WP_041317673)	30.418	263	161	7	182	436	174	422	1.50e-17	87.0
g2885.t1	VFG009141(gb|WP_015307816)	30.859	256	157	7	182	431	171	412	1.66e-17	86.7
g2885.t1	VFG005786(gb|WP_000118223)	30.216	278	159	12	172	442	142	391	2.81e-17	87.8
g2885.t1	VFG005787(gb|WP_000118217)	29.856	278	160	12	172	442	142	391	3.93e-17	87.4
g2885.t1	VFG009246(gb|WP_011560750)	30.620	258	155	7	182	431	171	412	4.19e-17	85.5
g2885.t1	VFG009478(gb|WP_193373624)	28.542	480	290	14	927	1387	930	1375	5.11e-17	87.4
g2885.t1	VFG023914(gb|WP_020188878)	29.502	261	166	6	182	436	168	416	2.38e-16	83.2
g2885.t1	VFG009135(gb|YP_005360856)	29.804	255	159	7	182	431	169	408	2.59e-16	83.2
g2885.t1	VFG009139(gb|WP_008255906)	29.502	261	166	6	182	436	168	416	3.17e-16	82.8
g2885.t1	VFG009140(gb|WP_009976446)	29.119	261	167	6	182	436	168	416	5.19e-16	82.0
g2885.t1	VFG009244(gb|WP_011893656)	29.457	258	158	7	182	431	168	409	1.16e-14	78.2
g2885.t1	VFG023911(gb|WP_013471403)	29.457	258	158	7	182	431	168	409	1.35e-14	77.8
g2885.t1	VFG009245(gb|WP_011780926)	30.078	256	159	6	182	431	168	409	1.91e-14	77.4
g2885.t1	VFG009506(gb|WP_011893575)	28.409	264	173	5	543	797	84	340	2.39e-14	78.6
g2885.t1	VFG024007(gb|WP_013471369)	28.030	264	174	5	543	797	84	340	3.75e-14	77.8
g2885.t1	VFG009243(gb|WP_011729737)	28.682	258	160	8	182	431	168	409	7.62e-14	75.5
g2885.t1	VFG022714(gb|WP_013828478)	28.431	306	190	10	929	1216	985	1279	7.76e-14	77.0
g2885.t1	VFG022714(gb|WP_013828478)	39.726	73	44	0	921	993	2054	2126	1.15e-06	53.5
g2885.t1	VFG009475(gb|WP_011724536)	24.486	535	330	18	875	1379	909	1399	2.26e-13	75.5
g2885.t1	VFG016037(gb|WP_011062375)	23.647	351	231	11	883	1216	989	1319	4.64e-13	74.7
g2885.t1	VFG009509(gb|WP_011560850)	29.260	311	202	7	452	755	8	307	1.74e-12	72.4
g2885.t1	VFG009492(gb|WP_011893576)	26.316	304	193	9	929	1216	972	1260	1.87e-12	72.4
g2885.t1	VFG024001(gb|WP_013471370)	26.316	304	193	9	929	1216	972	1260	2.15e-12	72.4
g2885.t1	VFG026594(gb|WP_041320903)	27.986	293	185	5	543	821	91	371	3.75e-12	71.2
g2885.t1	VFG009503(gb|WP_011724534)	29.344	259	171	6	546	797	96	349	4.15e-12	71.2
g2885.t1	VFG024012(gb|WP_014379794)	27.645	293	186	5	543	821	91	371	6.13e-12	70.5
g2885.t1	VFG024009(gb|WP_008255558)	27.645	293	186	5	543	821	91	371	6.79e-12	70.5
g2885.t1	VFG009477(gb|WP_011729885)	24.182	550	349	17	894	1414	924	1434	7.66e-12	70.5
g2885.t1	VFG024008(gb|WP_014941689)	27.645	293	186	5	543	821	91	371	1.16e-11	69.7
g2885.t1	VFG024010(gb|WP_014382295)	27.645	293	186	5	543	821	91	371	1.17e-11	69.7
g2885.t1	VFG050156(gb|WP_001133891)	25.076	331	217	11	879	1195	913	1226	1.34e-11	69.7
g2885.t1	VFG009502(gb|WP_003878343)	29.344	259	171	6	546	797	96	349	1.67e-11	69.3
g2885.t1	VFG023998(gb|WP_014379796)	25.296	506	291	17	912	1379	942	1398	1.80e-11	69.3
g2885.t1	VFG044363(gb|WP_033112377)	28.906	256	155	8	1147	1390	1200	1440	1.81e-11	69.3
g2885.t1	VFG023996(gb|WP_014941690)	25.296	506	291	17	912	1379	942	1398	1.95e-11	69.3
g2885.t1	VFG023999(gb|WP_014384382)	25.296	506	291	17	912	1379	942	1398	2.00e-11	68.9
g2885.t1	VFG023997(gb|WP_008255569)	25.296	506	291	17	912	1379	942	1398	2.37e-11	68.9
g2885.t1	VFG009508(gb|WP_011856107)	28.387	310	206	7	452	755	8	307	2.60e-11	68.6
g2885.t1	VFG026557(gb|WP_041180561)	25.753	299	197	8	929	1216	984	1268	5.90e-11	67.8
g2885.t1	VFG026557(gb|WP_041180561)	39.474	76	46	0	928	1003	1620	1695	5.02e-08	58.2
g2885.t1	VFG009484(gb|WP_003899297)	25.753	299	197	8	929	1216	984	1268	6.00e-11	67.8
g2885.t1	VFG009484(gb|WP_003899297)	39.474	76	46	0	928	1003	1620	1695	4.93e-08	58.2
g2885.t1	VFG022711(gb|WP_041180111)	25.753	299	197	8	929	1216	984	1268	6.42e-11	67.4
g2885.t1	VFG022711(gb|WP_041180111)	39.474	76	46	0	928	1003	1620	1695	5.37e-08	57.8
g2885.t1	VFG001821(gb|NP_216896)	25.753	299	197	8	929	1216	935	1219	6.60e-11	67.4
g2885.t1	VFG001821(gb|NP_216896)	39.474	76	46	0	928	1003	1571	1646	4.99e-08	58.2
g2885.t1	VFG015908(gb|WP_164920478)	27.362	307	186	10	917	1200	8523	8815	7.81e-11	67.4
g2885.t1	VFG015908(gb|WP_164920478)	26.667	240	163	8	936	1168	5326	5559	3.47e-08	58.5
g2885.t1	VFG015908(gb|WP_164920478)	28.824	170	106	7	935	1095	4258	4421	1.70e-06	53.1
g2885.t1	VFG015908(gb|WP_164920478)	31.818	88	57	2	913	1000	3152	3236	2.18e-06	52.8
g2885.t1	VFG009491(gb|WP_011729886)	28.523	298	187	9	929	1213	977	1261	9.96e-11	67.0
g2885.t1	VFG009491(gb|WP_011729886)	30.769	117	80	1	888	1003	1664	1780	4.42e-08	58.2
g2885.t1	VFG050044(gb|WP_001133941)	25.180	278	189	7	925	1195	961	1226	1.24e-10	66.6
g2885.t1	VFG026556(gb|WP_041181197)	25.418	299	198	8	929	1216	985	1269	1.37e-10	66.2
g2885.t1	VFG026556(gb|WP_041181197)	38.158	76	47	0	928	1003	1621	1696	6.04e-08	57.8
g2885.t1	VFG015866(gb|WP_011105119)	29.588	267	164	11	178	439	129	376	1.97e-10	64.3
g2885.t1	VFG026553(gb|WP_016342474)	25.581	301	187	7	922	1195	977	1267	2.30e-10	65.9
g2885.t1	VFG026553(gb|WP_016342474)	43.243	74	42	0	930	1003	1560	1633	1.09e-09	63.5
g2885.t1	VFG026559(gb|WP_005061160)	24.917	301	189	6	922	1195	977	1267	2.34e-10	65.5
g2885.t1	VFG026559(gb|WP_005061160)	43.243	74	42	0	930	1003	1560	1633	1.16e-09	63.5
g2885.t1	VFG026555(gb|WP_041179693)	25.418	299	198	8	929	1216	985	1269	2.83e-10	65.5
g2885.t1	VFG026555(gb|WP_041179693)	38.158	76	47	0	928	1003	1621	1696	5.79e-08	57.8
g2885.t1	VFG050045(gb|WP_001133952)	24.460	278	191	7	925	1195	961	1226	3.35e-10	65.1
g2885.t1	VFG022709(gb|YP_001702857)	25.581	301	187	7	922	1195	977	1267	3.85e-10	65.1
g2885.t1	VFG022709(gb|YP_001702857)	39.560	91	51	1	913	1003	1547	1633	7.75e-10	63.9
g2885.t1	VFG050040(gb|WP_001133940)	24.101	278	192	7	925	1195	961	1226	5.93e-10	64.3
g2885.t1	VFG009493(gb|WP_083767360)	25.116	430	257	13	929	1317	957	1362	8.67e-10	63.9
g2885.t1	VFG015906(gb|WP_011267825)	25.275	273	187	8	932	1195	11839	12103	1.75e-09	63.2
g2885.t1	VFG015906(gb|WP_011267825)	24.648	284	203	5	917	1195	10758	11035	1.32e-07	56.6
g2885.t1	VFG015906(gb|WP_011267825)	39.130	69	42	0	932	1000	8631	8699	1.07e-06	53.9
g2885.t1	VFG015906(gb|WP_011267825)	22.794	272	195	7	932	1195	9703	9967	1.23e-06	53.5
g2885.t1	VFG015906(gb|WP_011267825)	40.984	61	36	0	932	992	1053	1113	2.31e-06	52.8
g2885.t1	VFG015906(gb|WP_011267825)	31.395	86	56	1	913	998	12877	12959	4.12e-06	52.0
g2885.t1	VFG015906(gb|WP_011267825)	37.681	69	43	0	932	1000	4291	4359	7.67e-06	50.8
g2885.t1	VFG015906(gb|WP_011267825)	43.056	72	41	0	932	1003	2126	2197	9.46e-06	50.8
g2885.t1	VFG016035(gb|WP_011168293)	25.949	316	204	9	894	1195	967	1266	1.81e-09	62.8
g2885.t1	VFG050154(gb|WP_001133949)	23.741	278	193	7	925	1195	961	1226	2.10e-09	62.8
g2885.t1	VFG050035(gb|WP_001133943)	23.741	278	193	7	925	1195	961	1226	2.38e-09	62.4
g2885.t1	VFG015904(gb|WP_164920479)	22.072	444	306	11	934	1361	3155	3574	2.74e-09	62.4
g2885.t1	VFG015904(gb|WP_164920479)	34.286	70	46	0	932	1001	5270	5339	3.76e-07	55.1
g2885.t1	VFG015904(gb|WP_164920479)	36.782	87	52	1	913	999	960	1043	1.57e-06	53.1
g2885.t1	VFG009489(gb|WP_011724535)	25.081	307	199	7	929	1216	982	1276	4.86e-09	61.2
g2885.t1	VFG009489(gb|WP_011724535)	36.145	83	50	1	920	1002	2064	2143	1.93e-07	56.2
g2885.t1	VFG009494(gb|WP_011856106)	28.125	320	178	14	923	1216	979	1272	6.48e-09	60.8
g2885.t1	VFG050038(gb|WP_001133934)	23.551	276	196	7	925	1195	961	1226	6.76e-09	60.8
g2885.t1	VFG024006(gb|WP_014379795)	24.116	311	197	8	929	1216	985	1279	8.99e-09	60.5
g2885.t1	VFG024006(gb|WP_014379795)	37.349	83	49	1	920	1002	2065	2144	4.68e-08	58.2
g2885.t1	VFG050114(gb|WP_000953496)	20.132	303	210	7	932	1215	1281	1570	1.04e-08	60.5
g2885.t1	VFG009495(gb|WP_011560849)	27.707	314	176	13	929	1216	984	1272	1.45e-08	59.7
g2885.t1	VFG000161(gb|NP_251089)	22.302	278	191	5	927	1195	1016	1277	2.03e-08	59.3
g2885.t1	VFG016032(gb|WP_011666646)	22.302	278	191	5	927	1195	1016	1277	2.44e-08	58.9
g2885.t1	VFG015905(gb|WP_164920559)	42.105	76	42	1	928	1003	1049	1122	2.56e-08	58.9
g2885.t1	VFG015905(gb|WP_164920559)	39.130	69	42	0	932	1000	3206	3274	4.97e-06	51.6
g2885.t1	VFG015905(gb|WP_164920559)	37.705	61	38	0	932	992	2130	2190	7.82e-06	50.8
g2885.t1	VFG016033(gb|WP_011103872)	25.633	316	205	9	894	1195	967	1266	3.04e-08	58.9
g2885.t1	VFG009490(gb|WP_011741372)	25.275	273	168	6	929	1176	983	1244	3.36e-08	58.5
g2885.t1	VFG022708(gb|WP_012395307)	25.275	273	168	6	929	1176	983	1244	3.71e-08	58.5
g2885.t1	VFG026558(gb|WP_015356483)	25.275	273	168	6	929	1176	983	1244	4.55e-08	58.2
g2885.t1	VFG026573(gb|WP_020822197)	37.349	83	49	1	920	1002	2065	2144	4.68e-08	58.2
g2885.t1	VFG026573(gb|WP_020822197)	22.951	305	208	7	929	1216	985	1279	1.35e-06	53.5
g2885.t1	VFG024004(gb|WP_014382296)	37.349	83	49	1	920	1002	2065	2144	5.05e-08	58.2
g2885.t1	VFG024004(gb|WP_014382296)	24.606	317	188	11	929	1216	985	1279	4.13e-06	51.6
g2885.t1	VFG024002(gb|WP_008255566)	37.349	83	49	1	920	1002	2065	2144	5.05e-08	58.2
g2885.t1	VFG024002(gb|WP_008255566)	23.052	308	204	6	929	1216	985	1279	2.45e-06	52.4
g2885.t1	VFG015822(gb|WP_190273339)	33.898	118	66	5	894	1003	1549	1662	6.71e-08	57.8
g2885.t1	VFG016182(gb|WP_011104107)	25.084	299	199	12	922	1213	1401	1681	1.08e-07	57.0
g2885.t1	VFG044316(gb|WP_012492606)	26.642	274	174	7	924	1181	1025	1287	1.27e-07	56.6
g2885.t1	VFG009505(gb|WP_011729887)	28.435	313	196	9	458	755	14	313	1.68e-07	56.2
g2885.t1	VFG022707(gb|WP_013828479)	25.877	456	273	15	957	1390	987	1399	2.05e-07	55.8
g2885.t1	VFG022721(gb|WP_013828477)	29.434	265	154	8	516	760	62	313	2.13e-07	55.8
g2885.t1	VFG016183(gb|WP_011168852)	22.738	409	274	15	921	1316	1400	1779	4.59e-07	54.7
g2885.t1	VFG016040(gb|WP_078463717)	22.909	275	187	8	933	1193	992	1255	6.47e-07	54.3
g2885.t1	VFG016038(gb|NP_251090)	22.932	266	180	8	942	1193	1001	1255	6.80e-07	54.3
g2885.t1	VFG050041(gb|WP_011198384)	24.633	341	227	12	929	1257	962	1284	1.58e-06	53.1
g2885.t1	VFG016036(gb|WP_010954974)	31.250	112	71	2	912	1017	3102	3213	1.77e-06	53.1
g2885.t1	VFG016036(gb|WP_010954974)	41.538	65	38	0	936	1000	2080	2144	3.30e-06	52.0
g2885.t1	VFG007221(gb|WP_000523394)	23.427	286	194	8	906	1178	1840	2113	2.93e-06	52.4
g2885.t1	VFG049160(gb|WP_001327259)	21.918	584	359	18	903	1453	916	1435	6.39e-06	51.2
g2885.t1	VFG043681(gb|WP_001327259)	21.918	584	359	18	903	1453	916	1435	6.39e-06	51.2
g2885.t1	VFG022718(gb|WP_014001246)	24.138	377	258	8	452	815	7	368	6.74e-06	50.8
g2885.t1	VFG001822(gb|NP_216897)	24.138	377	258	8	452	815	7	368	7.27e-06	50.8
g2885.t1	VFG016034(gb|WP_011267346)	23.810	420	282	11	889	1291	962	1360	7.43e-06	50.8
