g459.t1	VFG016485(gb|WP_011113468)	25.939	293	178	7	40	307	14	292	3.31e-14	74.7
g459.t1	VFG016483(gb|WP_010875022)	24.232	293	183	7	40	307	14	292	9.31e-13	70.5
g459.t1	VFG016484(gb|WP_009885583)	23.810	294	183	8	40	307	14	292	3.84e-12	68.6
g459.t1	VFG016490(gb|NP_975163)	28.175	252	134	10	40	263	14	246	4.04e-12	68.2
g459.t1	VFG016491(gb|WP_011076858)	26.217	267	172	8	27	276	1	259	2.40e-11	65.9
g459.t1	VFG016489(gb|WP_011264744)	29.375	160	100	5	40	196	14	163	1.82e-10	63.2
g459.t1	VFG016494(gb|WP_004024476)	25.483	259	160	10	40	276	14	261	1.10e-09	60.8
g459.t1	VFG016486(gb|WP_011206373)	25.000	260	165	9	24	263	4	253	4.97e-09	58.5
g459.t1	VFG016488(gb|WP_011284269)	25.000	260	165	9	24	263	4	253	6.41e-09	58.5
g459.t1	VFG016493(gb|WP_011283803)	23.390	295	183	8	40	307	14	292	6.70e-09	58.2
g459.t1	VFG046475(gb|WP_013922406)	23.779	307	198	8	40	325	14	305	3.27e-08	56.2
g459.t1	VFG046467(gb|WP_014548920)	27.737	137	85	4	40	172	14	140	1.01e-07	54.7
g459.t1	VFG046465(gb|WP_003028672)	27.737	137	85	4	40	172	14	140	1.04e-07	54.7
g459.t1	VFG046474(gb|WP_014714676)	28.467	137	84	4	40	172	14	140	1.06e-07	54.3
g459.t1	VFG046459(gb|WP_004287053)	28.467	137	84	4	40	172	14	140	1.06e-07	54.3
g459.t1	VFG046458(gb|WP_003024794)	27.737	137	85	4	40	172	14	140	1.06e-07	54.3
g459.t1	VFG016492(gb|WP_010925206)	27.007	137	86	5	40	172	14	140	3.51e-07	52.8
g2374.t1	VFG016490(gb|NP_975163)	28.112	249	136	10	57	277	14	247	4.80e-12	68.2
g2374.t1	VFG016494(gb|WP_004024476)	26.148	283	172	9	57	313	14	285	5.41e-12	68.2
g2374.t1	VFG016485(gb|WP_011113468)	25.773	291	177	9	57	320	14	292	7.44e-12	67.4
g2374.t1	VFG016483(gb|WP_010875022)	24.221	289	184	7	57	320	14	292	1.31e-11	66.6
g2374.t1	VFG016491(gb|WP_011076858)	24.567	289	183	7	57	320	14	292	2.87e-11	65.9
g2374.t1	VFG016484(gb|WP_009885583)	23.793	290	184	8	57	320	14	292	6.91e-11	64.7
g2374.t1	VFG016489(gb|WP_011264744)	25.311	241	150	6	57	273	14	248	3.08e-10	62.4
g2374.t1	VFG016493(gb|WP_011283803)	23.711	291	183	8	57	320	14	292	2.23e-09	59.7
g2374.t1	VFG046475(gb|WP_013922406)	25.784	287	182	9	57	320	14	292	3.50e-09	59.3
g2374.t1	VFG016486(gb|WP_011206373)	27.746	173	110	6	41	209	4	165	4.93e-09	58.9
g2374.t1	VFG016488(gb|WP_011284269)	27.746	173	110	6	41	209	4	165	6.31e-09	58.5
g2374.t1	VFG046474(gb|WP_014714676)	30.370	135	80	6	57	185	14	140	2.12e-08	56.6
g2374.t1	VFG046459(gb|WP_004287053)	30.370	135	80	6	57	185	14	140	2.22e-08	56.6
g2374.t1	VFG046467(gb|WP_014548920)	23.693	287	188	8	57	320	14	292	3.33e-08	56.2
g2374.t1	VFG046458(gb|WP_003024794)	23.693	287	188	8	57	320	14	292	4.69e-08	55.5
g2374.t1	VFG046465(gb|WP_003028672)	23.693	287	188	8	57	320	14	292	4.77e-08	55.5
g2374.t1	VFG016492(gb|WP_010925206)	27.820	133	86	5	57	185	14	140	1.40e-07	54.3
g779.t1	VFG016483(gb|WP_010875022)	30.252	238	138	9	9	226	14	243	1.96e-13	72.4
g779.t1	VFG016485(gb|WP_011113468)	29.583	240	137	11	9	226	14	243	5.59e-13	70.9
g779.t1	VFG016488(gb|WP_011284269)	27.492	331	195	13	6	299	18	340	9.18e-13	70.1
g779.t1	VFG016486(gb|WP_011206373)	27.492	331	195	13	6	299	18	340	1.05e-12	70.1
g779.t1	VFG016484(gb|WP_009885583)	29.412	238	140	9	9	226	14	243	1.62e-12	69.3
g779.t1	VFG016493(gb|WP_011283803)	30.435	230	136	9	9	220	14	237	1.91e-11	66.2
g779.t1	VFG016494(gb|WP_004024476)	28.631	241	140	10	9	226	14	245	1.92e-11	66.2
g779.t1	VFG016491(gb|WP_011076858)	27.801	241	147	9	5	226	11	243	4.80e-11	64.7
g779.t1	VFG016489(gb|WP_011264744)	26.950	282	174	10	9	265	14	288	5.15e-11	64.7
g779.t1	VFG046467(gb|WP_014548920)	24.731	279	180	7	9	266	14	283	6.91e-11	64.3
g779.t1	VFG046458(gb|WP_003024794)	24.731	279	180	7	9	266	14	283	7.89e-11	64.3
g779.t1	VFG046465(gb|WP_003028672)	24.731	279	180	7	9	266	14	283	8.78e-11	63.9
g779.t1	VFG016490(gb|NP_975163)	25.833	240	155	7	4	226	10	243	2.24e-10	62.8
g779.t1	VFG016492(gb|WP_010925206)	26.840	231	144	8	9	220	14	238	2.26e-10	62.8
g779.t1	VFG046475(gb|WP_013922406)	23.381	278	185	7	9	266	14	283	9.59e-10	60.8
g779.t1	VFG046474(gb|WP_014714676)	25.271	277	181	8	9	266	14	283	2.87e-09	59.3
g779.t1	VFG046459(gb|WP_004287053)	24.910	277	182	8	9	266	14	283	3.80e-09	58.9
g2412.t1	VFG016483(gb|WP_010875022)	29.339	242	143	8	6	227	14	247	7.84e-15	76.6
g2412.t1	VFG016484(gb|WP_009885583)	28.926	242	144	8	6	227	14	247	1.21e-14	75.9
g2412.t1	VFG016490(gb|NP_975163)	25.941	239	155	6	6	227	14	247	9.14e-14	73.2
g2412.t1	VFG016485(gb|WP_011113468)	29.804	255	149	11	6	239	14	259	2.19e-13	72.0
g2412.t1	VFG016491(gb|WP_011076858)	27.600	250	151	9	6	234	14	254	6.06e-13	70.9
g2412.t1	VFG016489(gb|WP_011264744)	26.275	255	160	7	6	254	14	246	6.48e-13	70.9
g2412.t1	VFG046467(gb|WP_014548920)	25.758	330	195	12	6	296	14	332	1.55e-11	66.2
g2412.t1	VFG046458(gb|WP_003024794)	25.758	330	195	12	6	296	14	332	2.08e-11	65.9
g2412.t1	VFG046465(gb|WP_003028672)	25.758	330	195	12	6	296	14	332	2.26e-11	65.9
g2412.t1	VFG016488(gb|WP_011284269)	25.076	331	198	14	6	296	20	340	3.51e-11	65.5
g2412.t1	VFG016486(gb|WP_011206373)	25.076	331	198	14	6	296	20	340	3.61e-11	65.1
g2412.t1	VFG046459(gb|WP_004287053)	26.284	331	192	12	6	296	14	332	6.27e-11	64.3
g2412.t1	VFG046474(gb|WP_014714676)	26.284	331	192	12	6	296	14	332	7.69e-11	64.3
g2412.t1	VFG046475(gb|WP_013922406)	24.390	328	202	11	6	296	14	332	1.49e-10	63.2
g2412.t1	VFG016493(gb|WP_011283803)	25.688	327	199	12	6	296	14	332	3.38e-10	62.0
g2412.t1	VFG016494(gb|WP_004024476)	25.912	274	167	11	6	256	14	274	7.09e-10	61.2
g2412.t1	VFG016492(gb|WP_010925206)	29.078	141	91	4	6	143	14	148	2.26e-09	59.7
