g1086.t1	VFG007909(gb|WP_003876146)	34.979	243	139	5	1	242	1	225	1.08e-33	124
g1086.t1	VFG023853(gb|WP_026071342)	34.016	244	140	5	1	242	1	225	2.52e-32	120
g1086.t1	VFG023850(gb|WP_043955033)	33.607	244	141	5	1	242	1	225	9.35e-32	118
g1086.t1	VFG007914(gb|WP_011780329)	30.932	236	145	4	8	243	10	227	3.04e-31	117
g1086.t1	VFG023851(gb|WP_036428980)	33.745	243	142	5	1	242	1	225	9.32e-31	116
g1086.t1	VFG008678(gb|WP_041321021)	33.745	243	142	5	1	242	1	225	4.80e-30	114
g1086.t1	VFG023849(gb|WP_013471676)	30.085	236	147	4	8	243	10	227	4.45e-29	112
g1086.t1	VFG007913(gb|WP_011894249)	30.085	236	147	4	8	243	10	227	4.78e-29	112
g1086.t1	VFG008680(gb|WP_015309619)	28.216	241	155	4	3	243	5	227	6.33e-29	111
g1086.t1	VFG013732(gb|WP_006769637)	28.916	249	162	6	6	253	7	241	8.35e-29	110
g1086.t1	VFG048481(gb|WP_014228352)	28.571	231	153	3	11	241	13	231	1.10e-27	106
g1086.t1	VFG007915(gb|WP_011560224)	29.661	236	148	4	8	243	15	232	1.50e-27	108
g1086.t1	VFG048480(gb|WP_014837773)	28.139	231	154	3	11	241	13	231	5.18e-27	105
g1086.t1	VFG022453(gb|WP_012393578)	27.848	237	153	4	6	242	8	226	5.60e-27	106
g1086.t1	VFG013021(gb|WP_000140647)	28.139	231	154	3	11	241	13	231	8.23e-27	104
g1086.t1	VFG013022(gb|NP_706444)	28.139	231	154	3	11	241	13	231	9.73e-27	104
g1086.t1	VFG013026(gb|WP_000140653)	28.139	231	154	3	11	241	13	231	1.00e-26	104
g1086.t1	VFG007912(gb|WP_011740072)	27.848	237	153	4	6	242	8	226	1.13e-26	105
g1086.t1	VFG008825(gb|WP_015355163)	27.848	237	153	4	6	242	8	226	1.89e-26	104
g1086.t1	VFG000925(gb|WP_000140634)	27.706	231	155	3	11	241	13	231	2.70e-26	103
g1086.t1	VFG007911(gb|WP_010908851)	27.753	227	146	4	16	242	20	228	2.96e-26	104
g1086.t1	VFG020177(gb|WP_000140632)	27.706	231	155	3	11	241	13	231	6.75e-26	102
g1086.t1	VFG048486(gb|WP_004223579)	27.706	231	155	3	11	241	13	231	7.26e-26	102
g1086.t1	VFG030697(gb|WP_014382019)	26.087	230	150	4	17	245	16	226	1.27e-25	103
g1086.t1	VFG030695(gb|WP_014941456)	26.087	230	150	4	17	245	16	226	1.29e-25	103
g1086.t1	VFG048489(gb|WP_012968728)	27.706	231	155	3	11	241	13	231	1.40e-25	101
g1086.t1	VFG030699(gb|WP_009957422)	26.087	230	150	4	17	245	16	226	1.40e-25	103
g1086.t1	VFG030722(gb|WP_020821925)	26.087	230	150	4	17	245	16	226	1.81e-25	103
g1086.t1	VFG030696(gb|WP_014711073)	26.087	230	150	4	17	245	16	226	1.81e-25	103
g1086.t1	VFG048483(gb|WP_012542491)	27.706	231	155	3	11	241	13	231	1.81e-25	100
g1086.t1	VFG048488(gb|WP_002893737)	27.706	231	155	3	11	241	13	231	2.64e-25	100
g1086.t1	VFG013025(gb|WP_000140630)	27.273	231	156	3	11	241	13	231	2.83e-25	100
g1086.t1	VFG030675(gb|WP_003875535)	25.652	230	151	3	17	245	16	226	3.14e-25	102
g1086.t1	VFG030676(gb|WP_011724098)	25.652	230	151	3	17	245	16	226	3.69e-25	102
g1086.t1	VFG030684(gb|WP_011781637)	25.764	229	152	2	17	245	16	226	5.09e-25	102
g1086.t1	VFG044362(gb|WP_033111968)	27.311	238	159	5	5	241	4	228	3.32e-24	97.4
g1086.t1	VFG044105(gb|WP_010922614)	27.500	240	160	3	6	244	8	234	4.71e-24	97.4
g1086.t1	VFG013731(gb|WP_005291888)	29.167	240	150	5	6	241	25	248	9.31e-24	96.7
g1086.t1	VFG030705(gb|WP_015356778)	26.087	230	150	4	17	245	16	226	1.49e-23	97.8
g1086.t1	VFG030691(gb|WP_012395776)	26.087	230	150	4	17	245	16	226	1.49e-23	97.8
g1086.t1	VFG030692(gb|WP_013828150)	24.017	229	156	2	17	245	16	226	2.78e-23	97.1
g1086.t1	VFG044310(gb|WP_006486076)	26.772	254	169	5	2	253	4	242	3.16e-23	95.5
g1086.t1	VFG044236(gb|WP_011815405)	25.591	254	163	4	5	251	11	245	3.26e-23	95.1
g1086.t1	VFG044135(gb|WP_002209058)	25.197	254	164	4	5	251	11	245	5.18e-23	94.4
g1086.t1	VFG030724(gb|WP_015308640)	24.348	230	154	3	17	245	16	226	6.45e-23	96.3
g1086.t1	VFG005775(gb|WP_000403526)	31.489	235	135	7	6	236	3	215	6.65e-23	95.1
g1086.t1	VFG008823(gb|WP_015291060)	28.634	227	144	4	16	242	20	228	9.02e-23	95.1
g1086.t1	VFG007907(gb|WP_003414846)	28.634	227	144	4	16	242	20	228	1.02e-22	94.7
g1086.t1	VFG007904(gb|NP_217452)	28.634	227	144	4	16	242	20	228	1.05e-22	94.7
g1086.t1	VFG008835(gb|WP_009939128)	28.634	227	144	4	16	242	20	228	1.10e-22	94.7
g1086.t1	VFG044250(gb|WP_005311724)	28.627	255	143	8	2	241	4	234	2.04e-22	92.8
g1086.t1	VFG006259(gb|WP_003687540)	27.344	256	160	7	6	254	5	241	2.56e-22	94.0
g1086.t1	VFG013573(gb|WP_011608934)	22.311	251	173	4	6	254	4	234	2.79e-22	94.0
g1086.t1	VFG013192(gb|WP_012340414)	22.311	251	173	4	6	254	4	234	2.93e-22	94.0
g1086.t1	VFG030679(gb|WP_011730288)	25.991	227	148	5	20	245	23	230	3.33e-22	94.4
g1086.t1	VFG030673(gb|WP_010908121)	24.348	230	154	3	17	245	16	226	5.71e-22	93.6
g1086.t1	VFG036556(gb|WP_014581848)	28.516	256	157	9	6	254	5	241	5.95e-22	92.8
g1086.t1	VFG030700(gb|WP_005098896)	23.913	230	155	3	17	245	16	226	8.09e-22	93.2
g1086.t1	VFG030706(gb|WP_005059672)	23.913	230	155	3	17	245	16	226	1.07e-21	92.8
g1086.t1	VFG030686(gb|YP_001702115)	23.913	230	155	3	17	245	16	226	1.08e-21	92.8
g1086.t1	VFG007238(gb|WP_000379797)	25.806	248	171	6	6	253	21	255	1.38e-21	90.9
g1086.t1	VFG030704(gb|WP_015292799)	24.348	230	154	3	17	245	16	226	1.60e-21	92.4
g1086.t1	VFG030671(gb|NP_215754)	24.348	230	154	3	17	245	16	226	2.21e-21	92.0
g1086.t1	VFG030689(gb|WP_014000675)	24.348	230	154	3	17	245	16	226	2.32e-21	91.7
g1086.t1	VFG036552(gb|WP_002214252)	28.516	256	157	9	6	254	5	241	2.32e-21	91.3
g1086.t1	VFG001206(gb|WP_002219640)	28.516	256	157	9	6	254	5	241	2.70e-21	91.3
g1086.t1	VFG030680(gb|WP_011856409)	24.454	229	155	3	17	245	16	226	2.81e-21	91.7
g1086.t1	VFG036553(gb|WP_014581175)	28.516	256	157	9	6	254	5	241	2.81e-21	91.3
g1086.t1	VFG021792(gb|WP_013241846)	28.226	248	164	6	2	249	13	246	2.81e-21	89.7
g1086.t1	VFG030681(gb|WP_011561359)	24.454	229	155	3	17	245	16	226	3.45e-21	91.3
g1086.t1	VFG044077(gb|YP_002344985)	24.790	238	166	3	5	241	1	226	5.74e-21	88.6
g1086.t1	VFG044213(gb|WP_000403742)	26.908	249	168	6	6	253	1	236	9.55e-21	88.2
g1086.t1	VFG013070(gb|WP_001626196)	25.820	244	155	5	5	241	1	225	1.30e-20	87.8
g1086.t1	VFG044295(gb|WP_004243181)	25.194	258	167	6	4	254	8	246	1.68e-20	87.4
g1086.t1	VFG044172(gb|WP_000622316)	25.410	244	156	5	5	241	1	225	2.17e-20	87.0
g1086.t1	VFG036559(gb|WP_013449339)	26.667	255	163	7	6	254	5	241	3.43e-20	88.2
g1086.t1	VFG013734(gb|WP_011013698)	26.695	236	160	5	6	241	5	227	6.27e-20	85.9
g1086.t1	VFG030715(gb|YP_007957369)	23.913	230	155	3	17	245	16	226	7.27e-20	87.8
g1086.t1	VFG013733(gb|WP_003854229)	26.695	236	160	5	6	241	5	227	8.34e-20	85.9
g1086.t1	VFG016166(gb|WP_003372869)	26.407	231	158	4	11	241	9	227	1.44e-19	85.1
g1086.t1	VFG007259(gb|WP_011151970)	25.000	232	158	4	11	241	7	223	2.27e-19	84.3
g1086.t1	VFG013703(gb|WP_011273220)	25.833	240	158	4	5	241	1	223	2.78e-19	84.3
g1086.t1	VFG013728(gb|WP_011273788)	29.752	242	155	7	1	241	1	228	3.44e-19	84.0
g1086.t1	VFG007258(gb|WP_011081097)	24.793	242	166	4	11	251	7	233	4.59e-19	83.6
g1086.t1	VFG013702(gb|WP_010934023)	27.556	225	135	7	21	241	22	222	4.71e-19	83.6
g1086.t1	VFG044100(gb|NP_253394)	27.451	255	160	8	5	253	1	236	5.77e-19	83.2
g1086.t1	VFG044173(gb|WP_005477430)	22.083	240	168	4	5	241	1	224	6.09e-19	83.2
g1086.t1	VFG030694(gb|WP_013471930)	25.000	244	160	6	8	245	1	227	9.81e-19	84.3
g1086.t1	VFG030678(gb|WP_011894706)	25.000	244	160	6	8	245	1	227	1.07e-18	84.3
g1086.t1	VFG013716(gb|WP_041626280)	25.000	236	163	4	6	241	8	229	1.18e-18	83.2
g1086.t1	VFG021855(gb|WP_011726608)	24.464	233	163	4	21	253	28	247	1.39e-18	82.4
g1086.t1	VFG013727(gb|WP_004566911)	26.877	253	171	4	1	253	9	247	3.05e-18	81.6
g1086.t1	VFG044358(gb|WP_013317301)	25.210	238	156	6	11	243	9	229	4.79e-18	80.9
g1086.t1	VFG012578(gb|WP_000983714)	25.112	223	146	7	17	236	19	223	2.99e-17	79.0
g1086.t1	VFG000344(gb|WP_005693820)	23.372	261	176	5	1	255	7	249	4.39e-17	79.3
g1086.t1	VFG016167(gb|WP_004665393)	25.541	231	160	4	11	241	9	227	5.45e-17	78.2
g1086.t1	VFG013045(gb|WP_000983722)	25.112	223	146	7	17	236	19	223	6.40e-17	78.2
g1086.t1	VFG013050(gb|WP_000983719)	25.112	223	146	7	17	236	19	223	6.66e-17	77.8
g1086.t1	VFG012576(gb|WP_000983716)	25.112	223	146	7	17	236	19	223	7.00e-17	77.8
g1086.t1	VFG034217(gb|WP_000983704)	25.112	223	146	7	17	236	19	223	7.14e-17	77.8
g1086.t1	VFG013049(gb|WP_000983723)	26.364	220	147	6	17	236	19	223	7.50e-17	77.8
g1086.t1	VFG034207(gb|WP_000983720)	25.112	223	146	7	17	236	19	223	7.89e-17	77.8
g1086.t1	VFG000841(gb|WP_000987091)	26.923	260	155	10	6	254	468	703	1.29e-16	79.0
g1086.t1	VFG012580(gb|WP_000983712)	25.112	223	146	7	17	236	19	223	1.42e-16	77.0
g1086.t1	VFG034214(gb|WP_000983710)	25.112	223	146	7	17	236	19	223	1.56e-16	77.0
g1086.t1	VFG012579(gb|WP_000983706)	25.112	223	146	7	17	236	19	223	1.56e-16	77.0
g1086.t1	VFG012577(gb|WP_000983702)	25.112	223	146	7	17	236	19	223	1.57e-16	77.0
g1086.t1	VFG033882(gb|WP_000987096)	26.923	260	155	10	6	254	468	703	1.58e-16	78.6
g1086.t1	VFG013572(gb|WP_080334646)	22.989	261	177	5	1	255	2	244	1.86e-16	77.4
g1086.t1	VFG044228(gb|WP_044488032)	22.709	251	177	6	6	254	335	570	2.64e-16	77.8
g1086.t1	VFG013047(gb|WP_000983717)	25.112	223	146	7	17	236	19	223	3.49e-16	75.9
g1086.t1	VFG013571(gb|WP_032821670)	22.989	261	177	5	1	255	7	249	5.43e-16	76.3
g1086.t1	VFG013730(gb|WP_010934773)	24.167	240	170	4	2	241	4	231	6.90e-16	75.1
g1086.t1	VFG044281(gb|WP_012367516)	24.651	215	136	4	32	241	36	229	7.92e-16	74.7
g1086.t1	VFG013252(gb|WP_010945439)	28.017	232	133	7	20	241	358	565	8.36e-16	76.3
g1086.t1	VFG013717(gb|WP_006769628)	25.000	236	163	5	6	241	5	226	1.06e-15	74.3
g1086.t1	VFG007257(gb|WP_005482130)	22.979	235	165	3	8	241	4	223	1.66e-15	73.6
g1086.t1	VFG013715(gb|WP_010934432)	22.979	235	163	5	5	237	6	224	1.77e-15	73.9
g1086.t1	VFG037392(gb|WP_000582124)	24.895	237	164	3	5	241	1	223	1.90e-15	73.6
g1086.t1	VFG037384(gb|WP_000582117)	24.895	237	164	3	5	241	1	223	2.39e-15	73.2
g1086.t1	VFG048565(gb|WP_014229380)	28.070	228	137	7	20	241	360	566	4.59e-15	74.3
g1086.t1	VFG018924(gb|WP_012229555)	28.085	235	128	8	20	241	360	566	5.97e-15	73.9
g1086.t1	VFG013149(gb|WP_041605303)	27.391	230	137	7	20	241	358	565	7.04e-15	73.6
g1086.t1	VFG013253(gb|WP_011609176)	27.391	230	137	7	20	241	358	565	7.11e-15	73.6
g1086.t1	VFG013719(gb|WP_011013622)	23.790	248	172	6	5	251	3	234	8.12e-15	72.0
g1086.t1	VFG048567(gb|YP_005227763)	28.070	228	137	7	20	241	360	566	1.18e-14	73.2
g1086.t1	VFG034050(gb|WP_001446633)	28.070	228	137	7	20	241	360	566	1.18e-14	73.2
g1086.t1	VFG012538(gb|WP_001350678)	28.070	228	137	7	20	241	360	566	1.21e-14	73.2
g1086.t1	VFG037390(gb|WP_000582116)	24.473	237	165	3	5	241	1	223	1.21e-14	71.2
g1086.t1	VFG034056(gb|WP_001608389)	28.070	228	137	7	20	241	360	566	1.22e-14	73.2
g1086.t1	VFG000366(gb|WP_002212761)	28.070	228	137	7	20	241	360	566	1.26e-14	72.8
g1086.t1	VFG044325(gb|WP_002212761)	28.070	228	137	7	20	241	360	566	1.26e-14	72.8
g1086.t1	VFG034041(gb|WP_000654453)	28.070	228	137	7	20	241	360	566	1.26e-14	72.8
g1086.t1	VFG012537(gb|WP_001304269)	28.070	228	137	7	20	241	360	566	1.28e-14	72.8
g1086.t1	VFG013718(gb|WP_011896674)	24.597	248	170	7	5	251	3	234	1.33e-14	71.6
g1086.t1	VFG034051(gb|WP_014639938)	28.070	228	137	7	20	241	360	566	1.35e-14	72.8
g1086.t1	VFG003507(gb|WP_005168689)	28.070	228	137	7	20	241	360	566	1.40e-14	72.8
g1086.t1	VFG044110(gb|WP_010929751)	26.172	256	165	4	6	253	3	242	1.43e-14	71.2
g1086.t1	VFG037386(gb|WP_000582115)	24.473	237	165	3	5	241	1	223	1.44e-14	71.2
g1086.t1	VFG044225(gb|WP_011533698)	25.620	242	159	5	5	240	1	227	1.56e-14	71.2
g1086.t1	VFG037054(gb|WP_187287149)	26.423	246	154	6	8	250	5	226	1.99e-14	70.5
g1086.t1	VFG021794(gb|WP_013240890)	22.881	236	170	4	6	241	25	248	2.47e-14	70.9
g1086.t1	VFG037046(gb|WP_176607322)	26.423	246	154	7	8	250	5	226	2.77e-14	70.1
g1086.t1	VFG021788(gb|WP_013241313)	22.490	249	179	3	3	251	4	238	3.31e-14	70.5
g1086.t1	VFG037053(gb|WP_173361995)	26.016	246	155	6	8	250	5	226	3.73e-14	69.7
g1086.t1	VFG037052(gb|WP_002229142)	26.423	246	154	7	8	250	5	226	3.85e-14	69.7
g1086.t1	VFG013250(gb|WP_005687513)	26.432	227	151	6	6	230	347	559	4.60e-14	71.2
g1086.t1	VFG013249(gb|WP_011271803)	26.432	227	151	6	6	230	347	559	4.60e-14	71.2
g1086.t1	VFG013251(gb|WP_012054790)	26.432	227	151	6	6	230	347	559	4.91e-14	71.2
g1086.t1	VFG009584(gb|WP_003873185)	25.806	248	153	10	4	242	329	554	6.71e-14	70.9
g1086.t1	VFG012536(gb|WP_001295637)	27.632	228	138	7	20	241	360	566	6.75e-14	70.9
g1086.t1	VFG034048(gb|WP_024256148)	27.632	228	138	7	20	241	360	566	6.81e-14	70.9
g1086.t1	VFG034049(gb|WP_000654452)	27.632	228	138	7	20	241	360	566	6.88e-14	70.9
g1086.t1	VFG012535(gb|WP_001327263)	27.632	228	138	7	20	241	360	566	6.88e-14	70.9
g1086.t1	VFG037045(gb|WP_173024114)	26.016	246	155	6	8	250	5	226	7.19e-14	68.9
g1086.t1	VFG037048(gb|WP_002255537)	26.016	246	155	6	8	250	5	226	7.78e-14	68.9
g1086.t1	VFG037062(gb|WP_181778380)	26.016	246	155	7	8	250	5	226	8.10e-14	68.9
g1086.t1	VFG037056(gb|WP_180298705)	26.423	246	154	7	8	250	5	226	9.03e-14	68.6
g1086.t1	VFG013248(gb|WP_010868928)	26.432	227	151	6	6	230	347	559	9.11e-14	70.5
g1086.t1	VFG009585(gb|WP_011724227)	25.403	248	154	10	4	242	329	554	9.14e-14	70.5
g1086.t1	VFG050113(gb|WP_000590108)	24.096	249	165	6	5	252	1	226	9.94e-14	69.3
g1086.t1	VFG037050(gb|WP_169577348)	26.295	251	153	8	8	255	5	226	1.07e-13	68.6
g1086.t1	VFG048564(gb|WP_014838498)	27.632	228	138	7	20	241	360	566	1.08e-13	70.1
g1086.t1	VFG037047(gb|WP_010361246)	26.295	251	153	8	8	255	5	226	1.08e-13	68.6
g1086.t1	VFG022781(gb|YP_001702997)	28.319	226	136	7	17	237	627	831	1.14e-13	70.1
g1086.t1	VFG033884(gb|WP_000376541)	24.797	246	142	9	21	252	485	701	1.23e-13	70.1
g1086.t1	VFG012480(gb|WP_000376543)	24.390	246	143	9	21	252	485	701	1.23e-13	70.1
g1086.t1	VFG012478(gb|WP_000376544)	24.797	246	142	9	21	252	485	701	1.25e-13	70.1
g1086.t1	VFG000907(gb|WP_000376545)	24.390	246	143	9	21	252	485	701	1.30e-13	70.1
g1086.t1	VFG033885(gb|WP_000376538)	24.597	248	144	9	21	254	485	703	1.44e-13	69.7
g1086.t1	VFG048566(gb|WP_014907271)	27.632	228	138	7	20	241	360	566	1.61e-13	69.7
g1086.t1	VFG016532(gb|NP_975942)	31.469	143	82	3	118	244	105	247	1.95e-13	68.6
g1086.t1	VFG044189(gb|WP_011179200)	23.846	260	164	9	5	251	1	239	6.03e-13	66.6
g1086.t1	VFG016540(gb|NP_975950)	36.364	88	56	0	157	244	159	246	8.16e-13	67.0
g1086.t1	VFG026714(gb|WP_005058852)	27.876	226	137	7	17	237	627	831	9.46e-13	67.4
g1086.t1	VFG026708(gb|WP_016342533)	27.876	226	137	7	17	237	627	831	9.46e-13	67.4
g1086.t1	VFG011190(gb|WP_003807078)	25.410	244	133	7	16	252	40	241	1.05e-12	67.0
g1086.t1	VFG046674(gb|WP_012280806)	24.887	221	138	8	17	231	364	562	1.50e-12	66.6
g1086.t1	VFG044219(gb|WP_000590068)	24.779	226	146	6	24	244	20	226	2.30e-12	64.7
g1086.t1	VFG016186(gb|WP_005762824)	25.532	235	160	5	15	249	354	573	2.51e-12	66.2
g1086.t1	VFG022788(gb|YP_001702996)	25.974	231	142	9	14	237	343	551	4.04e-12	65.5
g1086.t1	VFG007255(gb|WP_000615308)	23.868	243	160	4	5	243	1	222	4.15e-12	64.3
g1086.t1	VFG016187(gb|WP_011168850)	23.293	249	148	5	15	249	354	573	4.27e-12	65.5
g1086.t1	VFG026731(gb|WP_005058854)	25.974	231	142	9	14	237	343	551	4.61e-12	65.5
g1086.t1	VFG024070(gb|WP_014711102)	25.974	231	140	10	19	241	349	556	4.69e-12	65.5
g1086.t1	VFG024071(gb|WP_009952859)	25.974	231	140	10	19	241	349	556	4.96e-12	65.1
g1086.t1	VFG024072(gb|WP_014384095)	25.974	231	140	10	19	241	349	556	5.24e-12	65.1
g1086.t1	VFG022793(gb|WP_013828472)	24.380	242	164	8	4	242	330	555	5.80e-12	65.1
g1086.t1	VFG024069(gb|WP_014941520)	25.974	231	140	10	19	241	349	556	6.14e-12	65.1
g1086.t1	VFG009578(gb|WP_011731355)	25.778	225	147	6	21	243	625	831	6.67e-12	65.1
g1086.t1	VFG046688(gb|WP_041263713)	24.390	205	132	6	17	217	364	549	1.01e-11	64.3
g1086.t1	VFG037395(gb|YP_005799714)	24.880	209	143	3	33	241	1	195	1.05e-11	62.8
g1086.t1	VFG035924(gb|WP_000593973)	23.364	214	132	5	15	219	11	201	1.20e-11	62.4
g1086.t1	VFG046678(gb|WP_012429567)	24.390	205	132	5	17	217	364	549	1.81e-11	63.5
g1086.t1	VFG046673(gb|WP_003039938)	24.390	205	132	5	17	217	364	549	1.88e-11	63.5
g1086.t1	VFG016112(gb|WP_171053477)	26.636	214	141	7	17	230	347	544	2.00e-11	63.5
g1086.t1	VFG046680(gb|WP_003020700)	24.390	205	132	5	17	217	364	549	2.22e-11	63.2
g1086.t1	VFG046677(gb|WP_011648738)	24.390	205	132	5	17	217	367	552	2.49e-11	63.2
g1086.t1	VFG046675(gb|WP_010031959)	24.390	205	132	5	17	217	364	549	2.70e-11	63.2
g1086.t1	VFG044303(gb|WP_001044024)	26.389	216	140	8	24	237	357	555	2.73e-11	63.2
g1086.t1	VFG022787(gb|WP_012395627)	24.670	227	144	8	21	241	349	554	2.97e-11	62.8
g1086.t1	VFG009586(gb|WP_011741578)	24.670	227	144	8	21	241	349	554	3.06e-11	62.8
g1086.t1	VFG044143(gb|WP_002209483)	26.540	211	138	10	21	230	353	547	3.10e-11	62.8
g1086.t1	VFG026736(gb|WP_015356663)	24.670	227	144	8	21	241	349	554	3.17e-11	62.8
g1086.t1	VFG046684(gb|WP_014549988)	24.390	205	132	5	17	217	364	549	3.71e-11	62.8
g1086.t1	VFG009587(gb|WP_011731354)	24.895	237	161	9	2	237	328	548	3.96e-11	62.4
g1086.t1	VFG026712(gb|WP_015292876)	27.632	228	143	8	17	241	623	831	7.43e-11	62.0
g1086.t1	VFG022783(gb|WP_014000720)	26.840	231	141	9	17	241	622	830	8.54e-11	61.6
g1086.t1	VFG026710(gb|WP_015302951)	26.840	231	141	9	17	241	622	830	9.54e-11	61.6
g1086.t1	VFG022782(gb|WP_003910332)	26.840	231	141	9	17	241	622	830	1.02e-10	61.6
g1086.t1	VFG009570(gb|NP_215864)	26.840	231	141	9	17	241	622	830	1.04e-10	61.6
g1086.t1	VFG026726(gb|YP_005922613)	26.840	231	141	9	17	241	622	830	1.12e-10	61.2
g1086.t1	VFG026719(gb|WP_025202597)	26.638	229	144	8	17	241	622	830	1.27e-10	61.2
g1086.t1	VFG007023(gb|WP_149591715)	24.229	227	147	7	20	241	471	677	1.31e-10	61.2
g1086.t1	VFG044314(gb|WP_012492604)	23.237	241	153	9	18	250	365	581	1.52e-10	60.8
g1086.t1	VFG026722(gb|YP_007957462)	26.549	226	148	7	17	241	625	833	1.72e-10	60.8
g1086.t1	VFG035923(gb|WP_000621745)	25.604	207	118	7	21	217	17	197	1.90e-10	58.9
g1086.t1	VFG035919(gb|WP_000621743)	25.604	207	118	7	21	217	17	197	2.04e-10	58.9
g1086.t1	VFG016185(gb|WP_011168851)	27.074	229	136	9	21	241	352	557	2.16e-10	60.5
g1086.t1	VFG016024(gb|WP_011267350)	23.684	228	135	6	24	244	359	554	2.33e-10	60.1
g1086.t1	VFG020068(gb|WP_012723750)	22.273	220	137	4	24	238	359	549	2.95e-10	60.1
g1086.t1	VFG016029(gb|WP_011062372)	24.091	220	133	6	24	238	359	549	3.01e-10	59.7
g1086.t1	VFG022786(gb|WP_013828471)	25.664	226	150	7	17	241	628	836	3.68e-10	59.7
g1086.t1	VFG003506(gb|WP_042661463)	29.167	216	128	9	20	230	329	524	5.12e-10	59.3
g1086.t1	VFG026750(gb|WP_020822015)	24.597	248	154	11	4	241	329	553	5.34e-10	59.3
g1086.t1	VFG011493(gb|WP_006189961)	27.679	224	127	8	20	240	48	239	5.50e-10	58.2
g1086.t1	VFG002228(gb|WP_002963677)	27.679	224	127	8	20	240	48	239	5.50e-10	58.2
g1086.t1	VFG019310(gb|WP_004686562)	27.679	224	127	8	20	240	48	239	5.61e-10	58.2
g1086.t1	VFG011491(gb|WP_002966711)	27.679	224	127	8	20	240	48	239	5.61e-10	58.2
g1086.t1	VFG012971(gb|WP_011378643)	26.201	229	142	7	20	241	979	1187	5.88e-10	59.3
g1086.t1	VFG012971(gb|WP_011378643)	22.458	236	165	8	21	252	358	579	1.34e-07	52.0
g1086.t1	VFG033929(gb|WP_001111198)	26.201	229	142	7	20	241	979	1187	5.99e-10	59.3
g1086.t1	VFG033929(gb|WP_001111198)	22.458	236	165	8	21	252	358	579	1.11e-07	52.4
g1086.t1	VFG012509(gb|WP_001111200)	26.201	229	142	7	20	241	979	1187	6.39e-10	59.3
g1086.t1	VFG012509(gb|WP_001111200)	22.458	236	165	8	21	252	358	579	1.40e-07	52.0
g1086.t1	VFG007025(gb|WP_086016961)	25.664	226	145	8	20	241	471	677	6.47e-10	58.9
g1086.t1	VFG012510(gb|WP_001298170)	26.201	229	142	7	20	241	979	1187	6.63e-10	58.9
g1086.t1	VFG012510(gb|WP_001298170)	22.458	236	165	8	21	252	358	579	1.46e-07	52.0
g1086.t1	VFG044147(gb|NP_461701)	23.451	226	153	7	21	241	357	567	7.33e-10	58.9
g1086.t1	VFG044147(gb|NP_461701)	25.664	226	145	6	21	241	983	1190	1.44e-09	58.2
g1086.t1	VFG007026(gb|WP_155116723)	25.000	228	144	8	20	241	471	677	8.30e-10	58.5
g1086.t1	VFG048568(gb|WP_014838499)	26.068	234	134	6	20	241	329	535	9.07e-10	58.5
g1086.t1	VFG048569(gb|WP_014229381)	26.068	234	134	6	20	241	329	535	9.58e-10	58.5
g1086.t1	VFG034066(gb|WP_001296192)	26.457	223	125	6	20	230	329	524	1.05e-09	58.2
g1086.t1	VFG016030(gb|WP_011333314)	22.422	223	138	4	24	241	359	551	1.10e-09	58.2
g1086.t1	VFG016184(gb|WP_005762826)	27.074	229	136	9	21	241	352	557	1.27e-09	58.2
g1086.t1	VFG012511(gb|WP_001442133)	26.201	229	142	7	20	241	979	1187	1.30e-09	58.2
g1086.t1	VFG012511(gb|WP_001442133)	22.458	236	165	8	21	252	358	579	1.02e-07	52.4
g1086.t1	VFG044441(gb|CAF25489)	25.424	118	83	1	126	238	49	166	1.34e-09	56.2
g1086.t1	VFG012512(gb|WP_001111199)	26.201	229	142	7	20	241	979	1187	1.35e-09	58.2
g1086.t1	VFG012512(gb|WP_001111199)	22.458	236	165	8	21	252	358	579	1.10e-07	52.4
g1086.t1	VFG003387(gb|WP_012413641)	26.457	223	125	6	20	230	329	524	1.56e-09	57.8
g1086.t1	VFG034064(gb|WP_001304268)	26.457	223	125	6	20	230	329	524	1.62e-09	57.8
g1086.t1	VFG002747(gb|WP_001327262)	26.457	223	125	6	20	230	329	524	1.64e-09	57.8
g1086.t1	VFG044326(gb|WP_001327262)	26.457	223	125	6	20	230	329	524	1.64e-09	57.8
g1086.t1	VFG012539(gb|WP_001327262)	26.457	223	125	6	20	230	329	524	1.64e-09	57.8
g1086.t1	VFG034073(gb|WP_014640167)	26.457	223	125	6	20	230	329	524	1.65e-09	57.8
g1086.t1	VFG046110(gb|WP_001317926)	26.457	223	125	6	20	230	329	524	1.67e-09	57.8
g1086.t1	VFG034058(gb|WP_001386872)	26.457	223	125	6	20	230	329	524	1.71e-09	57.8
g1086.t1	VFG005922(gb|WP_011837183)	24.691	243	140	7	9	241	28	237	1.73e-09	57.4
g1086.t1	VFG012541(gb|WP_001327954)	26.457	223	125	6	20	230	329	524	1.74e-09	57.8
g1086.t1	VFG016025(gb|WP_005753277)	24.299	214	123	6	24	230	359	540	1.83e-09	57.4
g1086.t1	VFG048570(gb|WP_014907270)	26.457	223	125	6	20	230	329	524	2.20e-09	57.4
g1086.t1	VFG044153(gb|WP_011063599)	24.645	211	144	7	20	230	348	543	2.38e-09	57.4
g1086.t1	VFG015821(gb|WP_012315374)	22.870	223	137	3	21	238	356	548	3.16e-09	57.0
g1086.t1	VFG048551(gb|WP_011251260)	25.641	234	137	9	20	241	978	1186	3.41e-09	57.0
g1086.t1	VFG000365(gb|WP_002214412)	26.009	223	126	6	20	230	329	524	3.42e-09	56.6
g1086.t1	VFG000160(gb|NP_251087)	23.671	207	133	6	24	230	359	540	3.87e-09	56.6
g1086.t1	VFG016027(gb|WP_041168379)	22.170	212	130	3	24	230	359	540	3.98e-09	56.6
g1086.t1	VFG016023(gb|WP_011103875)	24.299	214	123	6	24	230	359	540	5.07e-09	56.2
g1086.t1	VFG016026(gb|WP_010954971)	24.057	212	126	5	24	230	359	540	5.40e-09	56.2
g1086.t1	VFG009579(gb|NP_215865)	21.622	222	157	8	21	241	349	554	5.75e-09	56.2
g1086.t1	VFG044336(gb|WP_050767835)	24.786	234	139	8	20	241	978	1186	6.78e-09	56.2
g1086.t1	VFG018671(gb|WP_012000441)	23.045	243	144	7	9	241	29	238	6.91e-09	55.5
g1086.t1	VFG026735(gb|WP_015292877)	22.018	218	153	8	21	237	349	550	7.04e-09	55.8
g1086.t1	VFG015820(gb|WP_012273662)	24.762	210	133	7	21	230	357	541	9.71e-09	55.5
g1086.t1	VFG016021(gb|WP_003148545)	23.590	195	115	3	24	213	360	525	1.20e-08	55.1
g1086.t1	VFG026734(gb|WP_015289787)	22.018	218	153	8	21	237	349	550	1.21e-08	55.1
g1086.t1	VFG044229(gb|WP_011533702)	25.778	225	143	7	21	241	370	574	1.99e-08	54.3
g1086.t1	VFG001269(gb|WP_010929996)	25.974	231	138	9	20	241	487	693	3.03e-08	53.9
g1086.t1	VFG037274(gb|WP_001281538)	25.668	187	116	5	30	216	353	516	3.17e-08	53.9
g1086.t1	VFG037280(gb|WP_001281545)	24.873	197	125	5	30	226	353	526	3.29e-08	53.9
g1086.t1	VFG009575(gb|WP_003873186)	25.561	223	146	8	21	241	636	840	3.68e-08	53.9
g1086.t1	VFG049080(gb|YP_005227849)	25.110	227	133	6	19	241	44	237	3.76e-08	52.8
g1086.t1	VFG037277(gb|WP_031967279)	24.873	197	125	5	30	226	344	517	3.82e-08	53.5
g1086.t1	VFG009576(gb|WP_024637120)	25.561	223	146	8	21	241	636	840	4.03e-08	53.5
g1086.t1	VFG006059(gb|WP_011681436)	23.265	245	145	7	9	243	29	240	4.04e-08	53.1
g1086.t1	VFG006065(gb|WP_011227428)	23.265	245	145	7	9	243	29	240	4.12e-08	53.1
g1086.t1	VFG049077(gb|WP_014230053)	26.106	226	132	7	19	241	44	237	5.58e-08	52.0
g1086.t1	VFG026729(gb|WP_020822014)	25.877	228	147	8	17	241	634	842	5.81e-08	53.1
g1086.t1	VFG049076(gb|WP_004852439)	26.106	226	132	7	19	241	44	237	5.91e-08	52.0
g1086.t1	VFG006082(gb|WP_011226326)	22.634	243	145	7	9	241	29	238	6.35e-08	52.8
g1086.t1	VFG049084(gb|WP_004175264)	24.670	227	134	6	19	241	44	237	8.06e-08	51.6
g1086.t1	VFG020065(gb|WP_012614134)	25.472	212	123	7	24	230	359	540	9.96e-08	52.4
g1086.t1	VFG024067(gb|WP_036458564)	25.877	228	147	8	17	241	634	842	1.49e-07	52.0
g1086.t1	VFG024065(gb|WP_014711101)	24.561	228	150	7	17	241	634	842	1.49e-07	52.0
g1086.t1	VFG024066(gb|WP_026071504)	24.561	228	150	7	17	241	634	842	1.60e-07	52.0
g1086.t1	VFG024064(gb|WP_043955645)	24.561	228	150	7	17	241	634	842	1.60e-07	52.0
g1086.t1	VFG049041(gb|WP_002912371)	24.883	213	123	6	19	227	44	223	2.05e-07	50.4
g1086.t1	VFG016028(gb|WP_011534370)	24.651	215	137	6	24	238	359	548	2.39e-07	51.2
g1086.t1	VFG024068(gb|WP_014379607)	24.123	228	151	7	17	241	634	842	2.86e-07	51.2
g1086.t1	VFG037272(gb|WP_001281555)	24.365	197	126	5	30	226	353	526	3.26e-07	50.8
g1086.t1	VFG005937(gb|WP_002261978)	22.745	255	149	8	9	248	29	250	3.88e-07	50.4
g1086.t1	VFG037273(gb|WP_001281554)	24.365	197	126	5	30	226	353	526	4.33e-07	50.4
g1086.t1	VFG021859(gb|WP_011726610)	24.000	225	146	7	21	241	368	571	4.81e-07	50.1
g1086.t1	VFG015379(gb|WP_011979124)	25.556	90	67	0	139	228	133	222	1.08e-06	48.1
g1086.t1	VFG049059(gb|WP_020956643)	25.541	231	137	7	24	254	43	238	1.21e-06	48.9
g1086.t1	VFG049057(gb|WP_012541096)	25.541	231	137	7	24	254	43	238	1.56e-06	48.5
g1086.t1	VFG002059(gb|NP_248763)	25.556	90	67	0	139	228	133	222	1.59e-06	47.8
g1086.t1	VFG015380(gb|WP_003136959)	25.556	90	67	0	139	228	133	222	1.64e-06	47.8
g1086.t1	VFG037387(gb|YP_001085408)	30.588	85	59	0	157	241	95	179	2.00e-06	47.4
g1086.t1	VFG015384(gb|WP_003246989)	23.881	201	137	6	25	220	20	209	2.35e-06	47.4
g1086.t1	VFG019986(gb|WP_015886547)	23.438	256	135	10	19	255	20	233	4.69e-06	46.2
g1086.t1	VFG037278(gb|WP_139161447)	23.645	203	132	5	24	226	338	517	4.84e-06	47.0
g1086.t1	VFG038918(gb|WP_164927583)	22.422	223	148	7	24	241	492	694	7.47e-06	46.6
g4955.t1	VFG044362(gb|WP_033111968)	30.705	241	159	5	44	282	4	238	7.65e-24	97.4
g4955.t1	VFG013728(gb|WP_011273788)	32.083	240	154	7	45	282	6	238	2.28e-23	95.9
g4955.t1	VFG013717(gb|WP_006769628)	29.167	240	160	4	45	282	5	236	2.94e-23	95.9
g4955.t1	VFG013719(gb|WP_011013622)	29.150	247	152	5	44	282	3	234	1.86e-22	93.6
g4955.t1	VFG021792(gb|WP_013241846)	30.804	224	148	5	45	267	17	234	3.15e-22	93.2
g4955.t1	VFG013732(gb|WP_006769637)	29.167	240	162	4	45	282	7	240	3.87e-22	92.8
g4955.t1	VFG013718(gb|WP_011896674)	28.745	247	153	5	44	282	3	234	6.81e-22	92.4
g4955.t1	VFG044135(gb|WP_002209058)	29.614	233	140	7	60	282	27	245	4.64e-21	89.7
g4955.t1	VFG013715(gb|WP_010934432)	27.823	248	157	6	43	282	5	238	1.76e-20	88.6
g4955.t1	VFG013733(gb|WP_003854229)	29.167	240	161	5	45	282	5	237	2.99e-20	87.8
g4955.t1	VFG013734(gb|WP_011013698)	29.289	239	162	5	45	282	5	237	5.44e-20	87.0
g4955.t1	VFG044213(gb|WP_000403742)	27.049	244	163	6	45	282	1	235	5.55e-20	86.7
g4955.t1	VFG016167(gb|WP_004665393)	27.917	240	165	5	45	282	4	237	7.40e-20	86.7
g4955.t1	VFG044225(gb|WP_011533698)	26.556	241	167	4	44	282	1	233	1.10e-19	85.9
g4955.t1	VFG044295(gb|WP_004243181)	26.459	257	163	5	37	282	2	243	2.60e-19	85.1
g4955.t1	VFG044173(gb|WP_005477430)	24.583	240	174	4	44	282	1	234	3.71e-19	84.3
g4955.t1	VFG013703(gb|WP_011273220)	28.980	245	156	6	44	282	1	233	7.29e-19	83.6
g4955.t1	VFG030678(gb|WP_011894706)	30.660	212	128	7	55	261	15	212	1.17e-18	85.1
g4955.t1	VFG030694(gb|WP_013471930)	30.660	212	128	7	55	261	15	212	1.25e-18	85.1
g4955.t1	VFG013727(gb|WP_004566911)	31.100	209	137	5	60	267	29	231	1.29e-18	83.2
g4955.t1	VFG022453(gb|WP_012393578)	26.957	230	146	6	50	273	13	226	1.53e-18	84.0
g4955.t1	VFG036559(gb|WP_013449339)	27.391	230	157	2	45	272	5	226	1.74e-18	84.0
g4955.t1	VFG016166(gb|WP_003372869)	26.250	240	169	5	45	282	4	237	1.86e-18	82.8
g4955.t1	VFG021794(gb|WP_013240890)	27.413	259	178	5	27	282	7	258	2.11e-18	82.8
g4955.t1	VFG013730(gb|WP_010934773)	27.801	241	166	4	44	282	7	241	2.38e-18	82.4
g4955.t1	VFG007914(gb|WP_011780329)	27.434	226	150	4	50	273	13	226	2.55e-18	83.2
g4955.t1	VFG006259(gb|WP_003687540)	27.391	230	157	3	45	272	5	226	3.32e-18	83.2
g4955.t1	VFG008825(gb|WP_015355163)	26.522	230	147	6	50	273	13	226	8.28e-18	82.0
g4955.t1	VFG036556(gb|WP_014581848)	26.957	230	158	3	45	272	5	226	9.68e-18	82.0
g4955.t1	VFG007912(gb|WP_011740072)	26.522	230	147	6	50	273	13	226	9.78e-18	81.6
g4955.t1	VFG007238(gb|WP_000379797)	28.455	246	165	7	25	267	2	239	9.87e-18	80.9
g4955.t1	VFG044172(gb|WP_000622316)	25.000	248	164	5	44	282	1	235	1.16e-17	80.5
g4955.t1	VFG000344(gb|WP_005693820)	24.779	226	160	3	41	264	8	225	1.59e-17	81.3
g4955.t1	VFG013572(gb|WP_080334646)	24.779	226	160	3	41	264	3	220	1.82e-17	81.3
g4955.t1	VFG013571(gb|WP_032821670)	24.779	226	160	3	41	264	8	225	1.84e-17	81.3
g4955.t1	VFG013070(gb|WP_001626196)	24.597	248	165	5	44	282	1	235	2.09e-17	79.7
g4955.t1	VFG023849(gb|WP_013471676)	27.074	229	153	4	47	273	10	226	5.23e-17	79.7
g4955.t1	VFG007913(gb|WP_011894249)	27.074	229	153	4	47	273	10	226	5.60e-17	79.7
g4955.t1	VFG030705(gb|WP_015356778)	26.906	223	142	5	45	261	4	211	6.51e-17	79.7
g4955.t1	VFG007915(gb|WP_011560224)	28.194	227	147	6	50	273	18	231	6.55e-17	79.7
g4955.t1	VFG030691(gb|WP_012395776)	26.906	223	142	5	45	261	4	211	6.70e-17	79.7
g4955.t1	VFG013026(gb|WP_000140653)	25.316	237	169	4	48	282	11	241	6.93e-17	78.6
g4955.t1	VFG001206(gb|WP_002219640)	26.522	230	159	3	45	272	5	226	9.71e-17	79.0
g4955.t1	VFG036553(gb|WP_014581175)	26.522	230	159	3	45	272	5	226	9.90e-17	79.0
g4955.t1	VFG036552(gb|WP_002214252)	26.522	230	159	3	45	272	5	226	1.01e-16	79.0
g4955.t1	VFG013731(gb|WP_005291888)	26.667	255	177	6	30	282	12	258	1.23e-16	77.8
g4955.t1	VFG013716(gb|WP_041626280)	26.971	241	154	6	50	282	13	239	1.34e-16	77.8
g4955.t1	VFG007911(gb|WP_010908851)	28.054	221	137	5	59	273	24	228	2.71e-16	77.4
g4955.t1	VFG048486(gb|WP_004223579)	25.316	237	169	4	48	282	11	241	6.10e-16	75.9
g4955.t1	VFG008835(gb|WP_009939128)	30.556	180	106	4	59	234	24	188	6.73e-16	76.3
g4955.t1	VFG007907(gb|WP_003414846)	30.556	180	106	4	59	234	24	188	8.24e-16	76.3
g4955.t1	VFG007904(gb|NP_217452)	30.556	180	106	4	59	234	24	188	8.32e-16	76.3
g4955.t1	VFG008823(gb|WP_015291060)	30.556	180	106	4	59	234	24	188	8.48e-16	76.3
g4955.t1	VFG013025(gb|WP_000140630)	24.895	237	170	4	48	282	11	241	9.33e-16	75.1
g4955.t1	VFG013022(gb|NP_706444)	24.895	237	170	4	48	282	11	241	1.00e-15	75.1
g4955.t1	VFG020177(gb|WP_000140632)	24.895	237	170	4	48	282	11	241	1.02e-15	75.1
g4955.t1	VFG013021(gb|WP_000140647)	24.895	237	170	4	48	282	11	241	1.02e-15	75.1
g4955.t1	VFG044250(gb|WP_005311724)	26.667	255	154	6	44	282	7	244	1.10e-15	75.1
g4955.t1	VFG013702(gb|WP_010934023)	26.800	250	151	7	45	282	3	232	1.33e-15	74.7
g4955.t1	VFG044236(gb|WP_011815405)	28.112	249	155	7	44	282	11	245	1.52e-15	74.7
g4955.t1	VFG044358(gb|WP_013317301)	25.620	242	172	5	43	282	2	237	1.60e-15	74.7
g4955.t1	VFG008680(gb|WP_015309619)	24.481	241	160	5	39	273	2	226	1.87e-15	75.1
g4955.t1	VFG000925(gb|WP_000140634)	24.473	237	171	4	48	282	11	241	2.75e-15	73.9
g4955.t1	VFG037384(gb|WP_000582117)	23.171	246	169	5	44	282	1	233	4.11e-15	73.2
g4955.t1	VFG048480(gb|WP_014837773)	27.027	222	154	4	63	282	26	241	4.34e-15	73.2
g4955.t1	VFG048481(gb|WP_014228352)	27.027	222	154	4	63	282	26	241	5.82e-15	72.8
g4955.t1	VFG048488(gb|WP_002893737)	24.895	237	170	4	48	282	11	241	7.15e-15	72.8
g4955.t1	VFG048483(gb|WP_012542491)	24.895	237	170	4	48	282	11	241	7.97e-15	72.4
g4955.t1	VFG048489(gb|WP_012968728)	24.895	237	170	4	48	282	11	241	8.05e-15	72.4
g4955.t1	VFG030692(gb|WP_013828150)	26.761	213	134	5	55	261	15	211	1.09e-14	73.2
g4955.t1	VFG037392(gb|WP_000582124)	22.764	246	170	5	44	282	1	233	1.11e-14	72.0
g4955.t1	VFG030704(gb|WP_015292799)	28.251	223	139	7	45	261	4	211	1.41e-14	73.2
g4955.t1	VFG030689(gb|WP_014000675)	28.251	223	139	7	45	261	4	211	1.46e-14	73.2
g4955.t1	VFG030676(gb|WP_011724098)	25.561	223	145	5	45	261	4	211	1.61e-14	72.8
g4955.t1	VFG030675(gb|WP_003875535)	25.561	223	145	5	45	261	4	211	1.61e-14	72.8
g4955.t1	VFG037390(gb|WP_000582116)	22.764	246	170	5	44	282	1	233	1.80e-14	71.2
g4955.t1	VFG030722(gb|WP_020821925)	25.112	223	146	5	45	261	4	211	2.42e-14	72.4
g4955.t1	VFG030696(gb|WP_014711073)	25.112	223	146	5	45	261	4	211	2.76e-14	72.0
g4955.t1	VFG037386(gb|WP_000582115)	22.764	246	170	5	44	282	1	233	2.77e-14	70.9
g4955.t1	VFG030695(gb|WP_014941456)	25.112	223	146	5	45	261	4	211	3.59e-14	72.0
g4955.t1	VFG013192(gb|WP_012340414)	25.911	247	161	9	45	285	4	234	3.74e-14	71.6
g4955.t1	VFG030699(gb|WP_009957422)	25.112	223	146	5	45	261	4	211	3.76e-14	71.6
g4955.t1	VFG030697(gb|WP_014382019)	25.112	223	146	5	45	261	4	211	4.02e-14	71.6
g4955.t1	VFG013573(gb|WP_011608934)	25.911	247	161	9	45	285	4	234	4.48e-14	71.2
g4955.t1	VFG030671(gb|NP_215754)	27.803	223	140	7	45	261	4	211	4.51e-14	71.6
g4955.t1	VFG044228(gb|WP_044488032)	30.180	222	134	9	58	272	350	557	4.74e-14	72.0
g4955.t1	VFG044281(gb|WP_012367516)	27.273	242	161	8	45	282	9	239	6.33e-14	70.1
g4955.t1	VFG030686(gb|YP_001702115)	25.991	227	140	5	55	272	15	222	6.40e-14	71.2
g4955.t1	VFG030706(gb|WP_005059672)	25.991	227	140	5	55	272	15	222	6.97e-14	70.9
g4955.t1	VFG030684(gb|WP_011781637)	24.790	238	150	6	45	272	4	222	7.65e-14	70.9
g4955.t1	VFG046688(gb|WP_041263713)	30.457	197	117	8	34	223	341	524	8.03e-14	71.2
g4955.t1	VFG030724(gb|WP_015308640)	25.112	223	146	5	45	261	4	211	1.05e-13	70.5
g4955.t1	VFG046673(gb|WP_003039938)	30.964	197	116	8	34	223	341	524	1.63e-13	70.1
g4955.t1	VFG030679(gb|WP_011730288)	27.189	217	142	5	59	272	23	226	2.10e-13	69.7
g4955.t1	VFG034207(gb|WP_000983720)	28.194	227	149	9	45	267	7	223	2.17e-13	68.6
g4955.t1	VFG013045(gb|WP_000983722)	28.194	227	149	9	45	267	7	223	2.42e-13	68.6
g4955.t1	VFG046684(gb|WP_014549988)	30.964	197	116	8	34	223	341	524	2.77e-13	69.7
g4955.t1	VFG013050(gb|WP_000983719)	28.194	227	149	9	45	267	7	223	2.77e-13	68.2
g4955.t1	VFG013049(gb|WP_000983723)	28.194	227	149	9	45	267	7	223	2.82e-13	68.2
g4955.t1	VFG021855(gb|WP_011726608)	25.105	239	165	5	49	282	17	246	2.85e-13	68.2
g4955.t1	VFG021788(gb|WP_013241313)	27.049	244	143	7	60	282	9	238	2.88e-13	68.2
g4955.t1	VFG030700(gb|WP_005098896)	25.551	227	141	5	55	272	15	222	3.17e-13	68.9
g4955.t1	VFG030673(gb|WP_010908121)	25.541	231	157	4	45	272	4	222	3.27e-13	68.9
g4955.t1	VFG013047(gb|WP_000983717)	28.194	227	149	9	45	267	7	223	3.99e-13	67.8
g4955.t1	VFG012578(gb|WP_000983714)	26.496	234	144	9	45	267	7	223	4.19e-13	67.8
g4955.t1	VFG034214(gb|WP_000983710)	28.194	227	149	9	45	267	7	223	4.36e-13	67.8
g4955.t1	VFG046677(gb|WP_011648738)	30.303	198	118	8	33	223	343	527	4.52e-13	68.9
g4955.t1	VFG012580(gb|WP_000983712)	28.194	227	149	9	45	267	7	223	4.62e-13	67.8
g4955.t1	VFG046675(gb|WP_010031959)	30.303	198	118	8	33	223	340	524	4.81e-13	68.9
g4955.t1	VFG007255(gb|WP_000615308)	22.764	246	170	5	44	282	1	233	4.99e-13	67.4
g4955.t1	VFG012576(gb|WP_000983716)	26.496	234	144	9	45	267	7	223	5.76e-13	67.4
g4955.t1	VFG012577(gb|WP_000983702)	28.194	227	149	9	45	267	7	223	7.33e-13	67.0
g4955.t1	VFG034217(gb|WP_000983704)	26.496	234	144	9	45	267	7	223	7.40e-13	67.0
g4955.t1	VFG046680(gb|WP_003020700)	30.303	198	118	8	33	223	340	524	7.70e-13	68.2
g4955.t1	VFG030680(gb|WP_011856409)	26.293	232	154	7	45	272	4	222	9.03e-13	67.8
g4955.t1	VFG030715(gb|YP_007957369)	27.354	223	141	7	45	261	4	211	1.08e-12	67.4
g4955.t1	VFG012579(gb|WP_000983706)	26.496	234	144	9	45	267	7	223	1.11e-12	66.6
g4955.t1	VFG030681(gb|WP_011561359)	26.293	232	154	7	45	272	4	222	1.13e-12	67.4
g4955.t1	VFG044105(gb|WP_010922614)	24.303	251	175	6	39	284	2	242	1.28e-12	66.6
g4955.t1	VFG046674(gb|WP_012280806)	29.442	197	119	8	34	223	341	524	1.60e-12	67.4
g4955.t1	VFG007258(gb|WP_011081097)	24.537	216	146	6	70	280	27	230	3.01e-12	65.1
g4955.t1	VFG026731(gb|WP_005058854)	26.638	229	137	9	56	272	346	555	4.48e-12	65.9
g4955.t1	VFG022788(gb|YP_001702996)	27.027	222	145	9	56	272	346	555	4.86e-12	65.9
g4955.t1	VFG007259(gb|WP_011151970)	23.963	217	146	6	70	280	27	230	4.92e-12	64.3
g4955.t1	VFG046678(gb|WP_012429567)	29.798	198	119	8	33	223	340	524	5.74e-12	65.5
g4955.t1	VFG016106(gb|WP_012074240)	34.156	243	140	13	41	276	324	553	9.37e-12	65.1
g4955.t1	VFG007257(gb|WP_005482130)	23.558	208	143	5	70	272	27	223	9.47e-12	63.5
g4955.t1	VFG048565(gb|WP_014229380)	25.926	243	145	11	45	272	344	566	1.02e-11	65.1
g4955.t1	VFG045715(gb|WP_012979218)	29.834	181	110	6	47	223	2	169	1.12e-11	62.8
g4955.t1	VFG044077(gb|YP_002344985)	25.000	216	143	7	75	282	32	236	1.64e-11	63.2
g4955.t1	VFG048566(gb|WP_014907271)	25.105	239	142	10	51	272	348	566	1.89e-11	63.9
g4955.t1	VFG034041(gb|WP_000654453)	24.686	239	143	10	51	272	348	566	2.93e-11	63.5
g4955.t1	VFG044310(gb|WP_006486076)	23.707	232	167	4	40	268	3	227	3.22e-11	62.4
g4955.t1	VFG016107(gb|WP_003137474)	32.271	251	150	13	41	284	324	561	5.46e-11	62.8
g4955.t1	VFG012538(gb|WP_001350678)	23.577	246	148	9	48	272	340	566	7.26e-11	62.4
g4955.t1	VFG044100(gb|NP_253394)	25.197	254	156	7	44	282	1	235	8.50e-11	60.8
g4955.t1	VFG007025(gb|WP_086016961)	27.350	234	152	10	41	268	452	673	1.02e-10	62.0
g4955.t1	VFG037395(gb|YP_005799714)	23.256	215	145	5	75	282	4	205	1.02e-10	60.5
g4955.t1	VFG048567(gb|YP_005227763)	24.686	239	143	10	51	272	348	566	1.19e-10	61.6
g4955.t1	VFG034050(gb|WP_001446633)	24.686	239	143	10	51	272	348	566	1.19e-10	61.6
g4955.t1	VFG003507(gb|WP_005168689)	24.686	239	143	10	51	272	348	566	1.20e-10	61.6
g4955.t1	VFG012537(gb|WP_001304269)	24.686	239	143	10	51	272	348	566	1.21e-10	61.6
g4955.t1	VFG034056(gb|WP_001608389)	24.686	239	143	10	51	272	348	566	1.26e-10	61.6
g4955.t1	VFG034051(gb|WP_014639938)	24.686	239	143	10	51	272	348	566	1.26e-10	61.6
g4955.t1	VFG000366(gb|WP_002212761)	24.686	239	143	10	51	272	348	566	1.27e-10	61.6
g4955.t1	VFG044325(gb|WP_002212761)	24.686	239	143	10	51	272	348	566	1.27e-10	61.6
g4955.t1	VFG012536(gb|WP_001295637)	24.686	239	143	10	51	272	348	566	1.38e-10	61.6
g4955.t1	VFG034048(gb|WP_024256148)	24.686	239	143	10	51	272	348	566	1.43e-10	61.6
g4955.t1	VFG034049(gb|WP_000654452)	24.686	239	143	10	51	272	348	566	1.47e-10	61.2
g4955.t1	VFG012535(gb|WP_001327263)	24.686	239	143	10	51	272	348	566	1.47e-10	61.2
g4955.t1	VFG018924(gb|WP_012229555)	24.686	239	143	10	51	272	348	566	1.52e-10	61.2
g4955.t1	VFG007026(gb|WP_155116723)	26.446	242	144	10	41	268	452	673	1.67e-10	61.2
g4955.t1	VFG009587(gb|WP_011731354)	25.275	273	176	12	9	269	293	549	1.83e-10	61.2
g4955.t1	VFG048564(gb|WP_014838498)	25.483	259	156	12	29	272	330	566	1.99e-10	60.8
g4955.t1	VFG016108(gb|WP_011061774)	27.477	222	140	8	60	274	346	553	2.12e-10	60.8
g4955.t1	VFG044336(gb|WP_050767835)	28.455	246	145	10	45	279	962	1187	2.19e-10	61.2
g4955.t1	VFG023853(gb|WP_026071342)	27.650	217	143	5	59	273	21	225	2.42e-10	60.1
g4955.t1	VFG037047(gb|WP_010361246)	27.317	205	123	7	47	244	5	190	2.71e-10	59.3
g4955.t1	VFG007909(gb|WP_003876146)	25.974	231	158	4	45	273	6	225	2.81e-10	60.1
g4955.t1	VFG000841(gb|WP_000987091)	24.896	241	170	7	47	283	468	701	3.04e-10	60.5
g4955.t1	VFG037062(gb|WP_181778380)	27.317	205	123	7	47	244	5	190	3.13e-10	58.9
g4955.t1	VFG007023(gb|WP_149591715)	27.488	211	142	7	60	268	472	673	3.29e-10	60.5
g4955.t1	VFG048551(gb|WP_011251260)	28.455	246	145	10	45	279	962	1187	3.31e-10	60.5
g4955.t1	VFG035919(gb|WP_000621743)	23.958	192	132	5	60	248	17	197	3.31e-10	58.5
g4955.t1	VFG035923(gb|WP_000621745)	25.000	192	130	5	60	248	17	197	3.48e-10	58.5
g4955.t1	VFG033882(gb|WP_000987096)	24.896	241	170	7	47	283	468	701	3.68e-10	60.5
g4955.t1	VFG023850(gb|WP_043955033)	27.189	217	144	5	59	273	21	225	3.71e-10	59.7
g4955.t1	VFG037046(gb|WP_176607322)	27.317	205	123	7	47	244	5	190	4.29e-10	58.5
g4955.t1	VFG044219(gb|WP_000590068)	24.545	220	142	6	75	285	32	236	5.38e-10	58.5
g4955.t1	VFG037054(gb|WP_187287149)	27.670	206	121	8	47	244	5	190	7.66e-10	57.8
g4955.t1	VFG044110(gb|WP_010929751)	25.794	252	160	9	45	282	3	241	8.14e-10	58.2
g4955.t1	VFG021859(gb|WP_011726610)	24.051	237	166	7	41	274	348	573	8.26e-10	59.3
g4955.t1	VFG037048(gb|WP_002255537)	27.670	206	121	8	47	244	5	190	9.72e-10	57.8
g4955.t1	VFG026734(gb|WP_015289787)	26.383	235	154	9	45	272	332	554	1.08e-09	58.9
g4955.t1	VFG037052(gb|WP_002229142)	26.829	205	124	7	47	244	5	190	1.32e-09	57.4
g4955.t1	VFG000907(gb|WP_000376545)	24.164	269	179	12	29	283	444	701	1.36e-09	58.5
g4955.t1	VFG012480(gb|WP_000376543)	24.164	269	179	12	29	283	444	701	1.38e-09	58.5
g4955.t1	VFG044147(gb|NP_461701)	26.531	245	157	10	42	274	336	569	1.46e-09	58.5
g4955.t1	VFG011190(gb|WP_003807078)	25.991	227	137	8	59	283	44	241	1.82e-09	57.8
g4955.t1	VFG033884(gb|WP_000376541)	24.164	269	179	12	29	283	444	701	1.88e-09	58.2
g4955.t1	VFG012478(gb|WP_000376544)	24.164	269	179	12	29	283	444	701	1.97e-09	58.2
g4955.t1	VFG037050(gb|WP_169577348)	26.829	205	124	7	47	244	5	190	2.08e-09	56.6
g4955.t1	VFG023851(gb|WP_036428980)	26.728	217	145	5	59	273	21	225	2.24e-09	57.4
g4955.t1	VFG005775(gb|WP_000403526)	26.522	230	149	8	45	269	3	217	2.27e-09	57.0
g4955.t1	VFG049076(gb|WP_004852439)	26.087	230	135	8	57	282	43	241	2.55e-09	56.6
g4955.t1	VFG009585(gb|WP_011724227)	26.360	239	153	11	45	274	331	555	2.86e-09	57.4
g4955.t1	VFG037045(gb|WP_173024114)	27.184	206	122	8	47	244	5	190	3.09e-09	56.2
g4955.t1	VFG001266(gb|NP_252912)	34.762	210	118	12	41	243	324	521	3.21e-09	57.4
g4955.t1	VFG037056(gb|WP_180298705)	26.829	205	124	7	47	244	5	190	3.24e-09	56.2
g4955.t1	VFG020086(gb|WP_012613545)	34.762	210	118	12	41	243	324	521	3.29e-09	57.4
g4955.t1	VFG033885(gb|WP_000376538)	23.273	275	174	12	29	283	444	701	4.54e-09	57.0
g4955.t1	VFG049077(gb|WP_014230053)	25.652	230	136	8	57	282	43	241	4.66e-09	55.8
g4955.t1	VFG037053(gb|WP_173361995)	26.829	205	124	7	47	244	5	190	5.45e-09	55.5
g4955.t1	VFG026735(gb|WP_015292877)	25.532	235	156	10	45	272	332	554	5.76e-09	56.6
g4955.t1	VFG022793(gb|WP_013828472)	27.004	237	144	12	51	274	336	556	6.13e-09	56.6
g4955.t1	VFG009584(gb|WP_003873185)	26.360	239	153	11	45	274	331	555	7.22e-09	56.2
g4955.t1	VFG049084(gb|WP_004175264)	25.108	231	136	7	57	282	43	241	8.36e-09	55.1
g4955.t1	VFG049080(gb|YP_005227849)	25.108	231	136	7	57	282	43	241	9.45e-09	54.7
g4955.t1	VFG008678(gb|WP_041321021)	25.000	216	150	4	59	273	21	225	1.23e-08	55.1
g4955.t1	VFG009579(gb|NP_215865)	25.106	235	157	10	45	272	332	554	1.51e-08	55.5
g4955.t1	VFG044189(gb|WP_011179200)	24.434	221	147	7	72	282	29	239	1.95e-08	53.9
g4955.t1	VFG044303(gb|WP_001044024)	27.143	210	124	9	70	268	364	555	2.14e-08	54.7
g4955.t1	VFG049041(gb|WP_002912371)	24.675	231	137	7	57	282	43	241	2.42e-08	53.5
g4955.t1	VFG016186(gb|WP_005762824)	28.384	229	145	9	45	267	345	560	2.57e-08	54.7
g4955.t1	VFG009578(gb|WP_011731355)	26.991	226	144	9	51	268	613	825	2.78e-08	54.7
g4955.t1	VFG038918(gb|WP_164927583)	25.751	233	144	8	55	276	484	698	3.09e-08	54.3
g4955.t1	VFG035924(gb|WP_000593973)	24.121	199	131	4	59	250	16	201	3.74e-08	52.8
g4955.t1	VFG016532(gb|NP_975942)	28.481	158	92	4	133	272	90	244	4.82e-08	53.1
g4955.t1	VFG049050(gb|WP_015958690)	26.087	230	139	7	54	277	47	251	5.75e-08	53.1
g4955.t1	VFG026750(gb|WP_020822015)	25.000	240	155	11	45	274	331	555	5.80e-08	53.5
g4955.t1	VFG016540(gb|NP_975950)	27.389	157	94	3	133	272	90	243	9.13e-08	52.4
g4955.t1	VFG016187(gb|WP_011168850)	26.339	224	148	8	45	263	345	556	9.13e-08	52.8
g4955.t1	VFG044314(gb|WP_012492604)	26.009	223	141	7	63	278	371	576	1.15e-07	52.8
g4955.t1	VFG037274(gb|WP_001281538)	26.984	252	134	11	21	247	290	516	1.59e-07	52.0
g4955.t1	VFG037277(gb|WP_031967279)	26.984	252	134	11	21	247	281	507	1.88e-07	52.0
g4955.t1	VFG002563(gb|WP_004194035)	25.758	198	120	5	67	263	28	199	2.17e-07	50.4
g4955.t1	VFG037260(gb|WP_001095752)	26.374	182	117	7	45	223	326	493	2.88e-07	51.2
g4955.t1	VFG022781(gb|YP_001702997)	26.122	245	148	12	45	276	615	839	4.04e-07	51.2
g4955.t1	VFG026708(gb|WP_016342533)	26.122	245	148	12	45	276	615	839	4.88e-07	50.8
g4955.t1	VFG026714(gb|WP_005058852)	26.122	245	148	12	45	276	615	839	5.05e-07	50.8
g4955.t1	VFG037261(gb|YP_001085396)	27.381	168	109	6	59	223	269	426	6.20e-07	50.1
g4955.t1	VFG002181(gb|WP_002387127)	26.168	214	130	4	57	267	54	242	6.41e-07	50.1
g4955.t1	VFG024072(gb|WP_014384095)	24.691	243	155	11	45	274	331	558	6.47e-07	50.4
g4955.t1	VFG024071(gb|WP_009952859)	24.691	243	155	11	45	274	331	558	6.77e-07	50.1
g4955.t1	VFG037273(gb|WP_001281554)	26.616	263	142	12	21	258	290	526	7.57e-07	50.1
g4955.t1	VFG024069(gb|WP_014941520)	24.691	243	155	11	45	274	331	558	7.67e-07	50.1
g4955.t1	VFG037272(gb|WP_001281555)	26.616	263	142	12	21	258	290	526	7.71e-07	50.1
g4955.t1	VFG001269(gb|WP_010929996)	26.033	242	138	10	46	268	470	689	8.26e-07	50.1
g4955.t1	VFG022786(gb|WP_013828471)	26.577	222	146	9	52	267	621	831	8.50e-07	50.1
g4955.t1	VFG044441(gb|CAF25489)	30.097	103	65	2	187	282	77	179	8.75e-07	48.5
g4955.t1	VFG009575(gb|WP_003873186)	26.407	231	151	11	51	274	624	842	8.91e-07	50.1
g4955.t1	VFG037258(gb|WP_001090101)	27.381	168	109	6	59	223	336	493	9.89e-07	49.7
g4955.t1	VFG009576(gb|WP_024637120)	25.974	231	152	11	51	274	624	842	1.05e-06	49.7
g4955.t1	VFG024070(gb|WP_014711102)	24.691	243	155	11	45	274	331	558	1.17e-06	49.3
g4955.t1	VFG037264(gb|WP_020753356)	27.381	168	109	6	59	223	336	493	1.19e-06	49.3
g4955.t1	VFG044153(gb|WP_011063599)	26.446	242	145	10	45	272	332	554	1.34e-06	49.3
g4955.t1	VFG000160(gb|NP_251087)	26.667	210	133	7	63	270	359	549	1.64e-06	48.9
g4955.t1	VFG037266(gb|WP_001090102)	27.381	168	109	6	59	223	336	493	1.79e-06	48.9
g4955.t1	VFG044229(gb|WP_011533702)	26.639	244	169	7	32	274	342	576	2.18e-06	48.5
g4955.t1	VFG037280(gb|WP_001281545)	26.236	263	143	12	21	258	290	526	2.27e-06	48.5
g4955.t1	VFG037278(gb|WP_139161447)	26.190	252	136	11	21	247	281	507	2.47e-06	48.5
g4955.t1	VFG048569(gb|WP_014229381)	24.889	225	132	8	59	268	329	531	3.48e-06	48.1
g4955.t1	VFG048568(gb|WP_014838499)	24.889	225	132	8	59	268	329	531	3.60e-06	48.1
g4955.t1	VFG045332(gb|AHK25017)	25.381	197	120	6	75	271	36	205	3.82e-06	47.4
g4955.t1	VFG037387(gb|YP_001085408)	23.967	121	84	2	167	282	72	189	5.02e-06	46.2
g5004.t1	VFG007914(gb|WP_011780329)	32.353	272	136	5	2	273	4	227	3.15e-30	116
g5004.t1	VFG007913(gb|WP_011894249)	31.985	272	137	5	2	273	4	227	7.49e-30	115
g5004.t1	VFG023849(gb|WP_013471676)	31.985	272	137	5	2	273	4	227	8.48e-30	115
g5004.t1	VFG007915(gb|WP_011560224)	28.309	272	147	4	2	273	9	232	4.78e-27	108
g5004.t1	VFG008680(gb|WP_015309619)	27.698	278	151	6	4	281	6	233	2.05e-26	105
g5004.t1	VFG007911(gb|WP_010908851)	28.682	258	136	5	16	273	20	229	7.18e-23	96.3
g5004.t1	VFG005775(gb|WP_000403526)	29.771	262	136	7	6	267	3	216	4.95e-22	93.6
g5004.t1	VFG022453(gb|WP_012393578)	27.941	272	148	7	2	273	4	227	1.53e-21	92.4
g5004.t1	VFG036559(gb|WP_013449339)	25.940	266	153	4	6	271	5	226	2.94e-21	92.0
g5004.t1	VFG007912(gb|WP_011740072)	27.941	272	148	7	2	273	4	227	3.17e-21	91.7
g5004.t1	VFG036556(gb|WP_014581848)	26.966	267	149	6	6	271	5	226	3.54e-21	91.7
g5004.t1	VFG007909(gb|WP_003876146)	29.562	274	144	7	1	273	1	226	3.78e-21	91.3
g5004.t1	VFG008825(gb|WP_015355163)	27.941	272	148	7	2	273	4	227	6.00e-21	90.9
g5004.t1	VFG006259(gb|WP_003687540)	25.843	267	152	5	6	271	5	226	6.17e-21	90.9
g5004.t1	VFG036553(gb|WP_014581175)	26.966	267	149	6	6	271	5	226	7.60e-21	90.9
g5004.t1	VFG036552(gb|WP_002214252)	26.966	267	149	6	6	271	5	226	7.83e-21	90.9
g5004.t1	VFG001206(gb|WP_002219640)	26.966	267	149	6	6	271	5	226	8.14e-21	90.9
g5004.t1	VFG000344(gb|WP_005693820)	23.881	268	160	4	1	268	7	230	1.35e-20	90.1
g5004.t1	VFG013732(gb|WP_006769637)	25.368	272	161	6	6	277	7	236	2.70e-20	88.2
g5004.t1	VFG013572(gb|WP_080334646)	23.881	268	160	4	1	268	2	225	2.77e-20	89.4
g5004.t1	VFG023850(gb|WP_043955033)	29.562	274	144	7	1	273	1	226	3.54e-20	88.6
g5004.t1	VFG013571(gb|WP_032821670)	23.881	268	160	4	1	268	7	230	9.30e-20	87.8
g5004.t1	VFG044310(gb|WP_006486076)	26.437	261	150	6	21	281	23	241	1.29e-19	86.3
g5004.t1	VFG044213(gb|WP_000403742)	23.019	265	161	6	21	285	17	238	6.06e-19	84.0
g5004.t1	VFG044173(gb|WP_005477430)	24.354	271	154	7	5	271	1	224	9.32e-19	83.6
g5004.t1	VFG012578(gb|WP_000983714)	27.985	268	146	7	17	283	19	240	9.62e-19	84.0
g5004.t1	VFG013049(gb|WP_000983723)	27.612	268	147	7	17	283	19	240	1.72e-18	83.2
g5004.t1	VFG021792(gb|WP_013241846)	27.037	270	150	9	2	269	13	237	1.86e-18	82.8
g5004.t1	VFG023853(gb|WP_026071342)	28.467	274	147	7	1	273	1	226	1.89e-18	83.6
g5004.t1	VFG034217(gb|WP_000983704)	27.985	268	146	7	17	283	19	240	2.16e-18	82.8
g5004.t1	VFG013734(gb|WP_011013698)	26.087	276	161	9	6	281	5	237	2.43e-18	82.4
g5004.t1	VFG013733(gb|WP_003854229)	26.087	276	161	9	6	281	5	237	2.86e-18	82.4
g5004.t1	VFG013728(gb|WP_011273788)	28.000	275	147	7	1	271	1	228	3.43e-18	82.0
g5004.t1	VFG013050(gb|WP_000983719)	27.612	268	147	7	17	283	19	240	4.01e-18	82.0
g5004.t1	VFG034207(gb|WP_000983720)	27.612	268	147	7	17	283	19	240	4.26e-18	82.0
g5004.t1	VFG013045(gb|WP_000983722)	27.612	268	147	7	17	283	19	240	4.52e-18	82.0
g5004.t1	VFG012576(gb|WP_000983716)	27.612	268	147	7	17	283	19	240	5.58e-18	81.6
g5004.t1	VFG034214(gb|WP_000983710)	27.612	268	147	7	17	283	19	240	7.98e-18	81.3
g5004.t1	VFG012579(gb|WP_000983706)	27.612	268	147	7	17	283	19	240	1.20e-17	80.9
g5004.t1	VFG013192(gb|WP_012340414)	21.786	280	167	4	6	283	4	233	1.54e-17	81.3
g5004.t1	VFG013573(gb|WP_011608934)	21.786	280	167	4	6	283	4	233	1.73e-17	81.3
g5004.t1	VFG048481(gb|WP_014228352)	24.335	263	157	6	9	271	11	231	2.30e-17	79.7
g5004.t1	VFG012580(gb|WP_000983712)	27.612	268	147	7	17	283	19	240	2.31e-17	80.1
g5004.t1	VFG013727(gb|WP_004566911)	26.224	286	161	9	1	283	9	247	2.36e-17	79.7
g5004.t1	VFG013047(gb|WP_000983717)	27.239	268	148	7	17	283	19	240	2.60e-17	79.7
g5004.t1	VFG013717(gb|WP_006769628)	26.394	269	148	6	6	271	5	226	3.57e-17	79.3
g5004.t1	VFG013070(gb|WP_001626196)	24.483	290	158	8	5	285	1	238	3.84e-17	79.0
g5004.t1	VFG013731(gb|WP_005291888)	23.551	276	169	3	6	281	25	258	4.03e-17	79.3
g5004.t1	VFG044281(gb|WP_012367516)	26.877	253	137	7	30	281	34	239	4.26e-17	79.0
g5004.t1	VFG007238(gb|WP_000379797)	23.684	266	161	6	6	271	21	244	4.50e-17	79.3
g5004.t1	VFG044105(gb|WP_010922614)	23.132	281	171	5	6	285	8	244	4.67e-17	79.0
g5004.t1	VFG044172(gb|WP_000622316)	24.138	290	159	8	5	285	1	238	5.60e-17	78.6
g5004.t1	VFG013716(gb|WP_041626280)	24.211	285	164	6	1	281	3	239	6.94e-17	79.0
g5004.t1	VFG044236(gb|WP_011815405)	25.088	283	158	8	5	281	11	245	7.80e-17	78.2
g5004.t1	VFG048486(gb|WP_004223579)	23.574	263	159	6	9	271	11	231	9.16e-17	78.2
g5004.t1	VFG048480(gb|WP_014837773)	23.954	263	158	6	9	271	11	231	9.63e-17	78.2
g5004.t1	VFG013025(gb|WP_000140630)	23.574	263	159	6	9	271	11	231	1.22e-16	77.8
g5004.t1	VFG048489(gb|WP_012968728)	23.574	263	159	6	9	271	11	231	1.32e-16	77.8
g5004.t1	VFG013715(gb|WP_010934432)	24.199	281	165	6	3	281	4	238	1.80e-16	77.4
g5004.t1	VFG044362(gb|WP_033111968)	25.094	267	158	6	5	271	4	228	1.90e-16	77.4
g5004.t1	VFG048483(gb|WP_012542491)	23.574	263	159	6	9	271	11	231	2.57e-16	77.0
g5004.t1	VFG013021(gb|WP_000140647)	23.574	263	159	6	9	271	11	231	2.71e-16	77.0
g5004.t1	VFG013022(gb|NP_706444)	23.574	263	159	6	9	271	11	231	2.82e-16	77.0
g5004.t1	VFG020177(gb|WP_000140632)	23.574	263	159	6	9	271	11	231	3.17e-16	76.6
g5004.t1	VFG013026(gb|WP_000140653)	23.574	263	159	6	9	271	11	231	3.20e-16	76.6
g5004.t1	VFG044135(gb|WP_002209058)	23.776	286	158	8	5	281	11	245	3.58e-16	76.6
g5004.t1	VFG008823(gb|WP_015291060)	28.295	258	137	5	16	273	20	229	3.62e-16	77.4
g5004.t1	VFG007907(gb|WP_003414846)	28.295	258	137	5	16	273	20	229	3.91e-16	77.0
g5004.t1	VFG048488(gb|WP_002893737)	23.574	263	159	6	9	271	11	231	3.93e-16	76.3
g5004.t1	VFG008835(gb|WP_009939128)	28.295	258	137	5	16	273	20	229	4.65e-16	77.0
g5004.t1	VFG007904(gb|NP_217452)	28.295	258	137	5	16	273	20	229	4.84e-16	77.0
g5004.t1	VFG037390(gb|WP_000582116)	25.843	267	154	6	5	271	1	223	5.55e-16	75.9
g5004.t1	VFG021794(gb|WP_013240890)	23.684	266	161	5	6	271	25	248	6.95e-16	75.9
g5004.t1	VFG023851(gb|WP_036428980)	39.623	106	63	1	168	273	122	226	7.03e-16	76.3
g5004.t1	VFG013730(gb|WP_010934773)	24.444	270	162	7	2	271	4	231	7.58e-16	75.5
g5004.t1	VFG000925(gb|WP_000140634)	23.194	263	160	6	9	271	11	231	9.00e-16	75.5
g5004.t1	VFG030681(gb|WP_011561359)	22.878	271	157	7	17	284	16	237	1.36e-15	76.3
g5004.t1	VFG030680(gb|WP_011856409)	22.878	271	157	7	17	284	16	237	1.36e-15	76.3
g5004.t1	VFG037384(gb|WP_000582117)	25.468	267	155	6	5	271	1	223	1.57e-15	74.3
g5004.t1	VFG037392(gb|WP_000582124)	25.468	267	155	6	5	271	1	223	1.61e-15	74.3
g5004.t1	VFG037386(gb|WP_000582115)	25.468	267	155	6	5	271	1	223	1.82e-15	74.3
g5004.t1	VFG046673(gb|WP_003039938)	26.230	244	109	9	17	247	364	549	2.04e-15	75.9
g5004.t1	VFG046678(gb|WP_012429567)	26.230	244	109	9	17	247	364	549	2.26e-15	75.9
g5004.t1	VFG046684(gb|WP_014549988)	26.230	244	109	9	17	247	364	549	2.70e-15	75.9
g5004.t1	VFG030694(gb|WP_013471930)	22.261	283	168	7	6	284	4	238	2.96e-15	75.1
g5004.t1	VFG030678(gb|WP_011894706)	22.261	283	168	7	6	284	4	238	2.96e-15	75.1
g5004.t1	VFG044225(gb|WP_011533698)	25.275	273	160	5	5	277	1	229	3.42e-15	73.6
g5004.t1	VFG008678(gb|WP_041321021)	38.679	106	64	1	168	273	122	226	3.44e-15	74.3
g5004.t1	VFG046674(gb|WP_012280806)	26.772	254	124	10	17	262	364	563	3.47e-15	75.5
g5004.t1	VFG046675(gb|WP_010031959)	26.230	244	109	9	17	247	364	549	4.37e-15	75.1
g5004.t1	VFG046680(gb|WP_003020700)	26.230	244	109	9	17	247	364	549	4.49e-15	75.1
g5004.t1	VFG046677(gb|WP_011648738)	26.230	244	109	9	17	247	367	552	4.63e-15	75.1
g5004.t1	VFG030675(gb|WP_003875535)	21.481	270	162	5	17	284	16	237	7.59e-15	73.9
g5004.t1	VFG030676(gb|WP_011724098)	21.481	270	162	5	17	284	16	237	7.74e-15	73.9
g5004.t1	VFG030679(gb|WP_011730288)	21.691	272	162	6	16	284	18	241	9.47e-15	73.6
g5004.t1	VFG013248(gb|WP_010868928)	27.668	253	129	9	20	267	363	566	9.85e-15	73.9
g5004.t1	VFG007258(gb|WP_011081097)	22.963	270	158	5	5	271	1	223	1.04e-14	72.0
g5004.t1	VFG030673(gb|WP_010908121)	22.143	280	167	6	8	284	6	237	1.17e-14	73.6
g5004.t1	VFG013703(gb|WP_011273220)	22.761	268	161	4	5	271	1	223	1.40e-14	72.0
g5004.t1	VFG030684(gb|WP_011781637)	21.481	270	162	5	17	284	16	237	2.54e-14	72.4
g5004.t1	VFG013249(gb|WP_011271803)	27.668	253	129	9	20	267	363	566	2.63e-14	72.8
g5004.t1	VFG013250(gb|WP_005687513)	27.668	253	129	9	20	267	363	566	2.83e-14	72.8
g5004.t1	VFG013251(gb|WP_012054790)	27.668	253	129	9	20	267	363	566	2.91e-14	72.8
g5004.t1	VFG033885(gb|WP_000376538)	24.815	270	142	10	21	282	485	701	2.98e-14	72.8
g5004.t1	VFG007259(gb|WP_011151970)	22.593	270	159	5	5	271	1	223	5.66e-14	70.1
g5004.t1	VFG030700(gb|WP_005098896)	22.353	255	150	4	17	271	16	222	6.81e-14	71.2
g5004.t1	VFG030705(gb|WP_015356778)	21.429	280	169	6	8	284	6	237	7.94e-14	70.9
g5004.t1	VFG030691(gb|WP_012395776)	21.429	280	169	6	8	284	6	237	8.40e-14	70.9
g5004.t1	VFG030706(gb|WP_005059672)	22.353	255	150	4	17	271	16	222	8.68e-14	70.9
g5004.t1	VFG030686(gb|YP_001702115)	22.353	255	150	4	17	271	16	222	9.35e-14	70.9
g5004.t1	VFG012478(gb|WP_000376544)	24.444	270	143	10	21	282	485	701	1.08e-13	70.9
g5004.t1	VFG013252(gb|WP_010945439)	25.969	258	137	9	19	271	357	565	1.12e-13	70.9
g5004.t1	VFG033884(gb|WP_000376541)	24.444	270	143	10	21	282	485	701	1.28e-13	70.9
g5004.t1	VFG030704(gb|WP_015292799)	22.143	280	167	6	8	284	6	237	1.34e-13	70.1
g5004.t1	VFG030689(gb|WP_014000675)	22.143	280	167	6	8	284	6	237	1.37e-13	70.1
g5004.t1	VFG030671(gb|NP_215754)	22.222	270	160	5	17	284	16	237	1.39e-13	70.1
g5004.t1	VFG030722(gb|WP_020821925)	21.481	270	162	6	17	284	16	237	1.40e-13	70.1
g5004.t1	VFG030699(gb|WP_009957422)	21.481	270	162	6	17	284	16	237	1.40e-13	70.1
g5004.t1	VFG000907(gb|WP_000376545)	24.444	270	143	10	21	282	485	701	1.41e-13	70.9
g5004.t1	VFG030696(gb|WP_014711073)	21.481	270	162	6	17	284	16	237	1.48e-13	70.1
g5004.t1	VFG030695(gb|WP_014941456)	21.481	270	162	6	17	284	16	237	1.51e-13	70.1
g5004.t1	VFG030697(gb|WP_014382019)	21.481	270	162	6	17	284	16	237	1.55e-13	70.1
g5004.t1	VFG012480(gb|WP_000376543)	24.444	270	143	10	21	282	485	701	1.60e-13	70.5
g5004.t1	VFG046688(gb|WP_041263713)	25.820	244	110	10	17	247	364	549	2.26e-13	70.1
g5004.t1	VFG033882(gb|WP_000987096)	25.094	267	145	9	21	282	485	701	2.45e-13	70.1
g5004.t1	VFG048565(gb|WP_014229380)	25.283	265	135	9	16	271	356	566	2.46e-13	69.7
g5004.t1	VFG007257(gb|WP_005482130)	21.723	267	165	5	5	271	1	223	2.72e-13	68.2
g5004.t1	VFG044358(gb|WP_013317301)	21.429	280	177	6	6	285	4	240	2.99e-13	68.2
g5004.t1	VFG022781(gb|YP_001702997)	25.735	272	147	9	2	267	609	831	3.00e-13	69.7
g5004.t1	VFG013702(gb|WP_010934023)	22.222	252	144	3	21	271	22	222	3.79e-13	67.8
g5004.t1	VFG030724(gb|WP_015308640)	21.111	270	163	5	17	284	16	237	4.80e-13	68.6
g5004.t1	VFG016186(gb|WP_005762824)	27.526	287	121	12	6	271	345	565	4.98e-13	68.9
g5004.t1	VFG000841(gb|WP_000987091)	25.094	267	145	9	21	282	485	701	5.88e-13	68.9
g5004.t1	VFG016532(gb|NP_975942)	37.234	94	59	0	178	271	151	244	1.22e-12	67.0
g5004.t1	VFG034041(gb|WP_000654453)	25.287	261	132	9	20	271	360	566	1.38e-12	67.8
g5004.t1	VFG034056(gb|WP_001608389)	25.287	261	132	9	20	271	360	566	1.39e-12	67.8
g5004.t1	VFG034051(gb|WP_014639938)	25.287	261	132	9	20	271	360	566	1.45e-12	67.4
g5004.t1	VFG000366(gb|WP_002212761)	25.287	261	132	9	20	271	360	566	1.46e-12	67.4
g5004.t1	VFG044325(gb|WP_002212761)	25.287	261	132	9	20	271	360	566	1.46e-12	67.4
g5004.t1	VFG012538(gb|WP_001350678)	25.287	261	132	9	20	271	360	566	1.51e-12	67.4
g5004.t1	VFG012537(gb|WP_001304269)	25.287	261	132	9	20	271	360	566	1.51e-12	67.4
g5004.t1	VFG048567(gb|YP_005227763)	25.287	261	132	9	20	271	360	566	1.54e-12	67.4
g5004.t1	VFG034050(gb|WP_001446633)	25.287	261	132	9	20	271	360	566	1.54e-12	67.4
g5004.t1	VFG018924(gb|WP_012229555)	25.287	261	132	9	20	271	360	566	1.66e-12	67.4
g5004.t1	VFG026714(gb|WP_005058852)	25.735	272	147	9	2	267	609	831	1.69e-12	67.4
g5004.t1	VFG030692(gb|WP_013828150)	20.803	274	159	5	17	284	16	237	1.73e-12	67.0
g5004.t1	VFG026708(gb|WP_016342533)	25.735	272	147	9	2	267	609	831	1.75e-12	67.4
g5004.t1	VFG044147(gb|NP_461701)	26.374	273	148	11	6	271	341	567	1.76e-12	67.4
g5004.t1	VFG003507(gb|WP_005168689)	25.287	261	132	9	20	271	360	566	1.85e-12	67.4
g5004.t1	VFG044219(gb|WP_000590068)	27.922	154	105	3	123	271	71	223	2.04e-12	65.5
g5004.t1	VFG044228(gb|WP_044488032)	25.461	271	149	10	16	282	347	568	2.21e-12	67.0
g5004.t1	VFG022783(gb|WP_014000720)	25.670	261	136	10	17	271	622	830	2.55e-12	67.0
g5004.t1	VFG026710(gb|WP_015302951)	25.670	261	136	10	17	271	622	830	2.58e-12	67.0
g5004.t1	VFG048566(gb|WP_014907271)	25.287	261	132	9	20	271	360	566	3.10e-12	66.6
g5004.t1	VFG022782(gb|WP_003910332)	25.670	261	136	10	17	271	622	830	3.13e-12	66.6
g5004.t1	VFG009570(gb|NP_215864)	25.670	261	136	10	17	271	622	830	3.21e-12	66.6
g5004.t1	VFG026726(gb|YP_005922613)	25.670	261	136	10	17	271	622	830	3.24e-12	66.6
g5004.t1	VFG026712(gb|WP_015292876)	26.054	261	135	10	17	271	623	831	3.33e-12	66.6
g5004.t1	VFG026722(gb|YP_007957462)	26.172	256	141	9	17	271	625	833	3.72e-12	66.6
g5004.t1	VFG026719(gb|WP_025202597)	26.172	256	141	9	17	271	622	830	3.82e-12	66.6
g5004.t1	VFG030715(gb|YP_007957369)	21.852	270	161	5	17	284	16	237	3.86e-12	65.9
g5004.t1	VFG026711(gb|WP_015289786)	25.670	261	136	10	17	271	622	830	4.77e-12	66.2
g5004.t1	VFG044295(gb|WP_004243181)	21.986	282	165	8	10	285	14	246	5.82e-12	64.3
g5004.t1	VFG048564(gb|WP_014838498)	24.906	265	136	9	16	271	356	566	5.84e-12	65.9
g5004.t1	VFG012536(gb|WP_001295637)	24.904	261	133	9	20	271	360	566	6.89e-12	65.5
g5004.t1	VFG034048(gb|WP_024256148)	24.904	261	133	9	20	271	360	566	7.56e-12	65.5
g5004.t1	VFG034049(gb|WP_000654452)	24.904	261	133	9	20	271	360	566	7.63e-12	65.5
g5004.t1	VFG012535(gb|WP_001327263)	24.904	261	133	9	20	271	360	566	7.63e-12	65.5
g5004.t1	VFG021788(gb|WP_013241313)	22.101	276	167	5	8	281	9	238	8.46e-12	64.3
g5004.t1	VFG044189(gb|WP_011179200)	24.088	274	154	7	16	281	12	239	1.17e-11	63.5
g5004.t1	VFG016166(gb|WP_003372869)	23.016	252	150	6	21	271	19	227	1.29e-11	63.5
g5004.t1	VFG044250(gb|WP_005311724)	24.542	273	161	7	2	271	4	234	1.64e-11	63.2
g5004.t1	VFG012577(gb|WP_000983702)	32.759	116	76	2	168	283	127	240	2.20e-11	62.8
g5004.t1	VFG012577(gb|WP_000983702)	47.826	46	24	0	17	62	19	64	1.85e-06	48.1
g5004.t1	VFG016540(gb|NP_975950)	37.234	94	58	1	178	271	151	243	2.52e-11	63.2
g5004.t1	VFG037395(gb|YP_005799714)	25.523	239	134	6	33	271	1	195	5.86e-11	61.2
g5004.t1	VFG009585(gb|WP_011724227)	24.335	263	138	9	18	272	345	554	7.01e-11	62.4
g5004.t1	VFG044303(gb|WP_001044024)	25.100	251	133	10	21	266	354	554	8.56e-11	62.0
g5004.t1	VFG022793(gb|WP_013828472)	24.818	274	138	10	16	275	344	563	9.23e-11	62.0
g5004.t1	VFG016167(gb|WP_004665393)	21.912	251	154	4	21	271	19	227	1.44e-10	60.5
g5004.t1	VFG009577(gb|WP_011741579)	25.379	264	144	9	17	279	637	848	1.80e-10	61.2
g5004.t1	VFG016187(gb|WP_011168850)	25.087	287	128	10	6	271	345	565	1.99e-10	61.2
g5004.t1	VFG022780(gb|WP_012395628)	25.379	264	144	9	17	279	637	848	2.00e-10	61.2
g5004.t1	VFG021855(gb|WP_011726608)	31.313	99	68	0	173	271	138	236	2.03e-10	60.1
g5004.t1	VFG006082(gb|WP_011226326)	23.221	267	140	8	11	271	31	238	2.40e-10	60.5
g5004.t1	VFG026713(gb|WP_015356664)	25.379	264	144	9	17	279	637	848	2.46e-10	60.8
g5004.t1	VFG009578(gb|WP_011731355)	26.070	257	138	11	18	271	622	829	2.64e-10	60.8
g5004.t1	VFG007255(gb|WP_000615308)	22.456	285	161	6	5	281	1	233	3.67e-10	58.9
g5004.t1	VFG048551(gb|WP_011251260)	23.051	295	168	11	6	290	341	586	5.21e-10	60.1
g5004.t1	VFG018671(gb|WP_012000441)	22.963	270	137	9	11	271	31	238	5.85e-10	59.3
g5004.t1	VFG026729(gb|WP_020822014)	27.239	268	134	11	17	279	634	845	7.66e-10	59.3
g5004.t1	VFG024069(gb|WP_014941520)	23.881	268	138	10	21	275	351	565	8.25e-10	59.3
g5004.t1	VFG044441(gb|CAF25489)	25.203	123	87	1	164	281	57	179	1.31e-09	56.6
g5004.t1	VFG044229(gb|WP_011533702)	26.545	275	145	10	3	271	351	574	1.72e-09	58.2
g5004.t1	VFG024065(gb|WP_014711101)	25.856	263	144	9	17	279	634	845	1.83e-09	58.2
g5004.t1	VFG024064(gb|WP_043955645)	25.856	263	144	9	17	279	634	845	2.04e-09	58.2
g5004.t1	VFG005922(gb|WP_011837183)	22.472	267	142	8	11	271	30	237	2.04e-09	57.8
g5004.t1	VFG024066(gb|WP_026071504)	25.856	263	144	9	17	279	634	845	2.10e-09	58.2
g5004.t1	VFG009587(gb|WP_011731354)	22.925	253	150	7	15	267	341	548	2.45e-09	57.8
g5004.t1	VFG020068(gb|WP_012723750)	23.643	258	123	8	21	268	356	549	2.51e-09	57.8
g5004.t1	VFG050113(gb|WP_000590108)	20.351	285	161	9	5	282	1	226	2.89e-09	56.6
g5004.t1	VFG022787(gb|WP_012395627)	22.344	273	149	10	9	271	335	554	4.43e-09	57.0
g5004.t1	VFG009586(gb|WP_011741578)	22.344	273	149	10	9	271	335	554	4.55e-09	57.0
g5004.t1	VFG016112(gb|WP_171053477)	23.897	272	157	9	17	286	347	570	5.27e-09	56.6
g5004.t1	VFG026736(gb|WP_015356663)	22.344	273	149	10	9	271	335	554	5.66e-09	56.6
g5004.t1	VFG049077(gb|WP_014230053)	23.228	254	132	9	20	271	45	237	6.89e-09	55.1
g5004.t1	VFG049076(gb|WP_004852439)	23.228	254	132	9	20	271	45	237	7.22e-09	55.1
g5004.t1	VFG044077(gb|YP_002344985)	20.641	281	162	7	5	275	1	230	8.24e-09	55.1
g5004.t1	VFG044110(gb|WP_010929751)	25.182	274	152	7	6	271	3	231	9.06e-09	55.1
g5004.t1	VFG024067(gb|WP_036458564)	26.592	267	137	10	17	279	634	845	9.60e-09	56.2
g5004.t1	VFG044143(gb|WP_002209483)	26.154	260	143	11	6	262	336	549	1.09e-08	55.8
g5004.t1	VFG016184(gb|WP_005762826)	24.900	249	129	11	31	275	362	556	1.29e-08	55.5
g5004.t1	VFG049084(gb|WP_004175264)	23.320	253	133	8	20	271	45	237	1.52e-08	54.3
g5004.t1	VFG049050(gb|WP_015958690)	22.267	247	133	6	14	260	46	233	1.59e-08	55.1
g5004.t1	VFG020087(gb|WP_012613544)	24.815	270	147	10	3	267	327	545	1.64e-08	55.1
g5004.t1	VFG000160(gb|NP_251087)	22.581	248	127	6	21	263	356	543	1.95e-08	55.1
g5004.t1	VFG049080(gb|YP_005227849)	23.228	254	132	9	20	271	45	237	3.15e-08	53.1
g5004.t1	VFG015384(gb|WP_003246989)	25.110	227	132	7	25	250	20	209	4.19e-08	52.8
g5004.t1	VFG016111(gb|WP_003137473)	24.265	272	150	10	1	267	325	545	4.47e-08	53.9
g5004.t1	VFG007023(gb|WP_149591715)	24.715	263	131	10	20	271	471	677	4.60e-08	53.9
g5004.t1	VFG049041(gb|WP_002912371)	22.925	253	134	8	20	271	45	237	4.80e-08	52.8
g5004.t1	VFG037387(gb|YP_001085408)	32.584	89	60	0	183	271	91	179	4.81e-08	52.4
g5004.t1	VFG009576(gb|WP_024637120)	35.955	89	52	3	184	271	756	840	5.83e-08	53.5
g5004.t1	VFG001267(gb|NP_252913)	25.556	270	145	11	3	267	327	545	7.02e-08	53.1
g5004.t1	VFG001269(gb|WP_010929996)	25.391	256	138	10	20	271	487	693	1.11e-07	52.8
g5004.t1	VFG016028(gb|WP_011534370)	22.581	248	137	6	21	268	356	548	1.15e-07	52.8
g5004.t1	VFG009575(gb|WP_003873186)	35.227	88	54	2	184	271	756	840	1.21e-07	52.8
g5004.t1	VFG016024(gb|WP_011267350)	22.727	264	139	9	21	280	356	558	1.65e-07	52.0
g5004.t1	VFG026717(gb|YP_007961261)	34.831	89	53	3	184	271	58	142	1.98e-07	50.1
g5004.t1	VFG016185(gb|WP_011168851)	24.303	251	128	12	31	275	362	556	3.04e-07	51.2
g5004.t1	VFG016023(gb|WP_011103875)	23.361	244	128	7	21	262	356	542	4.77e-07	50.8
g5004.t1	VFG049059(gb|WP_020956643)	23.810	252	131	7	21	271	40	231	5.16e-07	50.4
g5004.t1	VFG022786(gb|WP_013828471)	35.354	99	56	3	181	279	749	839	5.16e-07	50.8
g5004.t1	VFG007025(gb|WP_086016961)	36.667	90	50	4	184	271	593	677	6.70e-07	50.4
g5004.t1	VFG007026(gb|WP_155116723)	36.667	90	50	4	184	271	593	677	6.89e-07	50.4
g5004.t1	VFG049057(gb|WP_012541096)	23.810	252	131	7	21	271	40	231	8.17e-07	49.7
g5004.t1	VFG016029(gb|WP_011062372)	25.000	256	122	11	21	268	356	549	9.17e-07	49.7
g5004.t1	VFG044100(gb|NP_253394)	35.938	64	41	0	5	68	1	64	1.98e-06	48.1
g5004.t1	VFG011189(gb|WP_010925718)	45.833	48	26	0	20	67	46	93	2.55e-06	48.1
g5004.t1	VFG011188(gb|WP_003807073)	45.833	48	26	0	20	67	46	93	2.69e-06	48.1
g5004.t1	VFG016030(gb|WP_011333314)	48.889	45	23	0	21	65	356	400	2.92e-06	48.1
g5004.t1	VFG013149(gb|WP_041605303)	28.889	90	61	2	182	271	479	565	5.93e-06	47.4
g5004.t1	VFG013253(gb|WP_011609176)	28.889	90	61	2	182	271	479	565	6.15e-06	47.4
g5004.t1	VFG002176(gb|AAM75252)	28.261	92	59	3	187	277	614	699	9.59e-06	46.6
g3323.t1	VFG007914(gb|WP_011780329)	31.950	241	146	4	2	242	4	226	3.34e-32	120
g3323.t1	VFG008680(gb|WP_015309619)	29.958	237	148	4	6	242	8	226	5.37e-32	119
g3323.t1	VFG023849(gb|WP_013471676)	31.224	237	145	4	6	242	8	226	4.66e-31	117
g3323.t1	VFG007913(gb|WP_011894249)	31.224	237	145	4	6	242	8	226	5.07e-31	117
g3323.t1	VFG007915(gb|WP_011560224)	31.535	241	147	4	2	242	9	231	2.77e-29	113
g3323.t1	VFG022453(gb|WP_012393578)	28.814	236	150	4	8	243	10	227	2.02e-27	107
g3323.t1	VFG007912(gb|WP_011740072)	28.814	236	150	4	8	243	10	227	3.24e-27	107
g3323.t1	VFG008825(gb|WP_015355163)	28.814	236	150	4	8	243	10	227	6.47e-27	106
g3323.t1	VFG007909(gb|WP_003876146)	31.687	243	147	5	1	242	1	225	1.91e-26	104
g3323.t1	VFG007911(gb|WP_010908851)	29.386	228	143	4	16	243	20	229	3.25e-26	104
g3323.t1	VFG036556(gb|WP_014581848)	31.250	256	150	8	6	254	5	241	4.74e-26	104
g3323.t1	VFG036553(gb|WP_014581175)	31.250	256	150	8	6	254	5	241	8.66e-26	103
g3323.t1	VFG036552(gb|WP_002214252)	31.250	256	150	8	6	254	5	241	9.49e-26	103
g3323.t1	VFG001206(gb|WP_002219640)	31.250	256	150	8	6	254	5	241	9.49e-26	103
g3323.t1	VFG023850(gb|WP_043955033)	30.453	243	150	5	1	242	1	225	1.04e-25	102
g3323.t1	VFG006259(gb|WP_003687540)	30.469	256	152	8	6	254	5	241	1.32e-25	102
g3323.t1	VFG013572(gb|WP_080334646)	28.464	267	155	8	1	255	2	244	2.18e-25	102
g3323.t1	VFG023853(gb|WP_026071342)	30.041	243	151	5	1	242	1	225	3.01e-25	101
g3323.t1	VFG021792(gb|WP_013241846)	32.400	250	151	7	2	249	13	246	4.50e-25	100
g3323.t1	VFG007907(gb|WP_003414846)	28.333	240	152	5	6	243	8	229	1.21e-24	100
g3323.t1	VFG008823(gb|WP_015291060)	28.333	240	152	5	6	243	8	229	1.26e-24	100
g3323.t1	VFG008835(gb|WP_009939128)	28.333	240	152	5	6	243	8	229	1.28e-24	100
g3323.t1	VFG007904(gb|NP_217452)	28.333	240	152	5	6	243	8	229	1.34e-24	99.8
g3323.t1	VFG000344(gb|WP_005693820)	26.316	266	162	6	1	255	7	249	2.53e-24	99.8
g3323.t1	VFG036559(gb|WP_013449339)	29.020	255	157	6	6	254	5	241	3.62e-24	99.0
g3323.t1	VFG013571(gb|WP_032821670)	26.316	266	162	6	1	255	7	249	1.23e-23	97.8
g3323.t1	VFG044236(gb|WP_011815405)	29.804	255	151	6	5	251	11	245	2.39e-23	95.5
g3323.t1	VFG013732(gb|WP_006769637)	28.800	250	161	6	6	253	7	241	2.95e-23	95.1
g3323.t1	VFG023851(gb|WP_036428980)	28.689	244	155	5	1	243	1	226	3.82e-23	95.9
g3323.t1	VFG008678(gb|WP_041321021)	31.148	244	149	6	1	243	1	226	5.29e-23	95.5
g3323.t1	VFG030678(gb|WP_011894706)	26.141	241	160	5	6	245	4	227	3.51e-22	94.4
g3323.t1	VFG030694(gb|WP_013471930)	26.141	241	160	5	6	245	4	227	3.76e-22	94.4
g3323.t1	VFG030700(gb|WP_005098896)	26.957	230	148	4	17	245	16	226	9.76e-22	92.8
g3323.t1	VFG044135(gb|WP_002209058)	27.426	237	148	4	21	251	27	245	1.01e-21	90.9
g3323.t1	VFG030706(gb|WP_005059672)	26.957	230	148	4	17	245	16	226	1.06e-21	92.8
g3323.t1	VFG030686(gb|YP_001702115)	26.957	230	148	4	17	245	16	226	1.10e-21	92.8
g3323.t1	VFG030692(gb|WP_013828150)	28.261	230	145	4	17	245	16	226	1.74e-21	92.0
g3323.t1	VFG030675(gb|WP_003875535)	27.826	230	146	4	17	245	16	226	1.78e-21	92.0
g3323.t1	VFG030676(gb|WP_011724098)	27.826	230	146	4	17	245	16	226	1.89e-21	92.0
g3323.t1	VFG044295(gb|WP_004243181)	26.744	258	163	6	4	254	8	246	1.91e-21	90.1
g3323.t1	VFG030697(gb|WP_014382019)	27.391	230	147	4	17	245	16	226	2.42e-21	91.7
g3323.t1	VFG030695(gb|WP_014941456)	27.391	230	147	4	17	245	16	226	2.42e-21	91.7
g3323.t1	VFG030699(gb|WP_009957422)	27.391	230	147	4	17	245	16	226	2.54e-21	91.7
g3323.t1	VFG030696(gb|WP_014711073)	27.391	230	147	4	17	245	16	226	2.89e-21	91.7
g3323.t1	VFG030722(gb|WP_020821925)	27.391	230	147	4	17	245	16	226	3.04e-21	91.7
g3323.t1	VFG013070(gb|WP_001626196)	26.400	250	146	5	5	241	1	225	7.16e-21	88.6
g3323.t1	VFG030724(gb|WP_015308640)	27.350	234	142	4	17	245	16	226	8.38e-21	90.5
g3323.t1	VFG044310(gb|WP_006486076)	26.515	264	157	6	2	253	4	242	9.18e-21	88.6
g3323.t1	VFG044172(gb|WP_000622316)	26.000	250	147	5	5	241	1	225	1.04e-20	88.2
g3323.t1	VFG044250(gb|WP_005311724)	29.278	263	151	9	2	251	4	244	1.15e-20	88.2
g3323.t1	VFG013728(gb|WP_011273788)	29.150	247	150	8	1	241	1	228	1.73e-20	87.4
g3323.t1	VFG044077(gb|YP_002344985)	25.630	238	164	3	5	241	1	226	1.83e-20	87.4
g3323.t1	VFG030704(gb|WP_015292799)	28.139	231	144	5	17	245	16	226	2.57e-20	89.0
g3323.t1	VFG020177(gb|WP_000140632)	25.620	242	166	5	11	251	13	241	2.88e-20	87.0
g3323.t1	VFG030689(gb|WP_014000675)	28.139	231	144	5	17	245	16	226	2.98e-20	88.6
g3323.t1	VFG030671(gb|NP_215754)	28.139	231	144	5	17	245	16	226	3.01e-20	88.6
g3323.t1	VFG013021(gb|WP_000140647)	25.620	242	166	5	11	251	13	241	3.13e-20	87.0
g3323.t1	VFG013022(gb|NP_706444)	25.620	242	166	5	11	251	13	241	3.33e-20	87.0
g3323.t1	VFG013025(gb|WP_000140630)	25.620	242	166	5	11	251	13	241	3.87e-20	86.7
g3323.t1	VFG030684(gb|WP_011781637)	28.261	230	145	5	17	245	16	226	8.00e-20	87.4
g3323.t1	VFG013192(gb|WP_012340414)	24.303	251	168	5	6	254	4	234	8.00e-20	87.0
g3323.t1	VFG013573(gb|WP_011608934)	24.303	251	168	5	6	254	4	234	8.24e-20	87.0
g3323.t1	VFG000925(gb|WP_000140634)	25.207	242	167	5	11	251	13	241	9.11e-20	85.9
g3323.t1	VFG005775(gb|WP_000403526)	31.416	226	131	7	14	236	11	215	1.60e-19	85.9
g3323.t1	VFG030705(gb|WP_015356778)	26.522	230	149	4	17	245	16	226	2.63e-19	85.9
g3323.t1	VFG030691(gb|WP_012395776)	26.522	230	149	4	17	245	16	226	2.63e-19	85.9
g3323.t1	VFG044173(gb|WP_005477430)	24.896	241	160	4	5	241	1	224	4.92e-19	83.6
g3323.t1	VFG013702(gb|WP_010934023)	27.273	209	131	3	33	241	35	222	5.38e-19	83.2
g3323.t1	VFG013026(gb|WP_000140653)	25.207	242	167	5	11	251	13	241	5.55e-19	83.6
g3323.t1	VFG030680(gb|WP_011856409)	26.840	231	147	5	17	245	16	226	8.14e-19	84.7
g3323.t1	VFG030681(gb|WP_011561359)	26.840	231	147	5	17	245	16	226	8.22e-19	84.7
g3323.t1	VFG030679(gb|WP_011730288)	26.432	227	147	4	20	245	23	230	1.11e-18	84.3
g3323.t1	VFG030715(gb|YP_007957369)	27.706	231	145	5	17	245	16	226	1.22e-18	84.3
g3323.t1	VFG048480(gb|WP_014837773)	25.847	236	161	5	9	243	11	233	1.59e-18	82.4
g3323.t1	VFG030673(gb|WP_010908121)	26.087	230	150	4	17	245	16	226	2.29e-18	83.2
g3323.t1	VFG044105(gb|WP_010922614)	24.498	249	173	4	6	253	8	242	4.48e-18	81.3
g3323.t1	VFG044100(gb|NP_253394)	27.451	255	160	7	5	253	1	236	4.62e-18	80.9
g3323.t1	VFG048481(gb|WP_014228352)	25.424	236	162	5	9	243	11	233	6.88e-18	80.5
g3323.t1	VFG013716(gb|WP_041626280)	25.630	238	161	5	8	244	10	232	1.04e-17	80.5
g3323.t1	VFG046674(gb|WP_012280806)	26.728	217	137	6	17	230	364	561	1.06e-17	82.0
g3323.t1	VFG013703(gb|WP_011273220)	26.891	238	158	4	5	241	1	223	1.08e-17	79.7
g3323.t1	VFG044358(gb|WP_013317301)	26.293	232	157	4	11	241	9	227	1.28e-17	79.7
g3323.t1	VFG044362(gb|WP_033111968)	25.630	238	163	5	5	241	4	228	2.25e-17	79.0
g3323.t1	VFG048565(gb|WP_014229380)	28.571	231	132	7	20	241	360	566	2.97e-17	80.9
g3323.t1	VFG013049(gb|WP_000983723)	27.426	237	156	7	1	236	2	223	3.20e-17	79.0
g3323.t1	VFG016167(gb|WP_004665393)	25.738	237	162	4	6	241	4	227	3.23e-17	78.6
g3323.t1	VFG044213(gb|WP_000403742)	27.468	233	156	6	21	253	17	236	3.58e-17	78.6
g3323.t1	VFG050113(gb|WP_000590108)	23.846	260	152	6	5	252	1	226	3.87e-17	79.0
g3323.t1	VFG013727(gb|WP_004566911)	26.693	251	171	4	1	251	9	246	4.22e-17	78.6
g3323.t1	VFG016166(gb|WP_003372869)	24.895	237	164	4	6	241	4	227	5.68e-17	77.8
g3323.t1	VFG013731(gb|WP_005291888)	25.820	244	153	4	6	241	25	248	7.87e-17	77.8
g3323.t1	VFG007259(gb|WP_011151970)	22.984	248	155	6	5	241	1	223	9.20e-17	77.0
g3323.t1	VFG048551(gb|WP_011251260)	26.613	248	150	8	16	252	352	578	9.63e-17	79.3
g3323.t1	VFG048551(gb|WP_011251260)	22.650	234	144	8	20	241	978	1186	2.19e-08	54.7
g3323.t1	VFG048486(gb|WP_004223579)	24.380	242	169	5	11	251	13	241	1.04e-16	77.4
g3323.t1	VFG012538(gb|WP_001350678)	28.571	231	132	7	20	241	360	566	1.46e-16	78.6
g3323.t1	VFG007258(gb|WP_011081097)	22.984	248	155	6	5	241	1	223	1.46e-16	76.6
g3323.t1	VFG000366(gb|WP_002212761)	28.571	231	132	7	20	241	360	566	1.49e-16	78.6
g3323.t1	VFG044325(gb|WP_002212761)	28.571	231	132	7	20	241	360	566	1.49e-16	78.6
g3323.t1	VFG034051(gb|WP_014639938)	28.571	231	132	7	20	241	360	566	1.49e-16	78.6
g3323.t1	VFG034041(gb|WP_000654453)	28.571	231	132	7	20	241	360	566	1.51e-16	78.6
g3323.t1	VFG012537(gb|WP_001304269)	28.571	231	132	7	20	241	360	566	1.53e-16	78.6
g3323.t1	VFG003507(gb|WP_005168689)	28.571	231	132	7	20	241	360	566	1.57e-16	78.6
g3323.t1	VFG048567(gb|YP_005227763)	28.571	231	132	7	20	241	360	566	1.60e-16	78.6
g3323.t1	VFG034050(gb|WP_001446633)	28.571	231	132	7	20	241	360	566	1.60e-16	78.6
g3323.t1	VFG034056(gb|WP_001608389)	28.571	231	132	7	20	241	360	566	1.68e-16	78.6
g3323.t1	VFG018924(gb|WP_012229555)	28.571	231	132	7	20	241	360	566	1.71e-16	78.6
g3323.t1	VFG013050(gb|WP_000983719)	27.004	237	157	6	1	236	2	223	1.86e-16	76.6
g3323.t1	VFG034207(gb|WP_000983720)	27.426	237	156	7	1	236	2	223	1.86e-16	76.6
g3323.t1	VFG048489(gb|WP_012968728)	24.380	242	169	5	11	251	13	241	1.88e-16	76.6
g3323.t1	VFG013045(gb|WP_000983722)	27.426	237	156	7	1	236	2	223	2.08e-16	76.6
g3323.t1	VFG048483(gb|WP_012542491)	24.380	242	169	5	11	251	13	241	2.27e-16	76.3
g3323.t1	VFG048488(gb|WP_002893737)	24.380	242	169	5	11	251	13	241	2.98e-16	75.9
g3323.t1	VFG012578(gb|WP_000983714)	25.833	240	156	7	1	236	2	223	3.01e-16	76.3
g3323.t1	VFG034214(gb|WP_000983710)	27.004	237	157	6	1	236	2	223	4.05e-16	75.9
g3323.t1	VFG044336(gb|WP_050767835)	26.613	248	150	8	16	252	352	578	4.26e-16	77.4
g3323.t1	VFG044336(gb|WP_050767835)	20.601	233	150	5	20	241	978	1186	1.66e-08	55.1
g3323.t1	VFG012577(gb|WP_000983702)	27.426	237	156	7	1	236	2	223	4.89e-16	75.5
g3323.t1	VFG034217(gb|WP_000983704)	25.833	240	156	7	1	236	2	223	5.85e-16	75.5
g3323.t1	VFG012576(gb|WP_000983716)	26.250	240	155	8	1	236	2	223	6.47e-16	75.1
g3323.t1	VFG034049(gb|WP_000654452)	28.139	231	133	7	20	241	360	566	7.42e-16	76.6
g3323.t1	VFG012535(gb|WP_001327263)	28.139	231	133	7	20	241	360	566	7.42e-16	76.6
g3323.t1	VFG012536(gb|WP_001295637)	28.139	231	133	7	20	241	360	566	7.85e-16	76.6
g3323.t1	VFG034048(gb|WP_024256148)	28.139	231	133	7	20	241	360	566	8.00e-16	76.6
g3323.t1	VFG048564(gb|WP_014838498)	28.139	231	133	7	20	241	360	566	8.31e-16	76.3
g3323.t1	VFG013047(gb|WP_000983717)	27.004	237	157	7	1	236	2	223	9.07e-16	74.7
g3323.t1	VFG021788(gb|WP_013241313)	23.695	249	176	3	3	251	4	238	1.13e-15	74.7
g3323.t1	VFG012580(gb|WP_000983712)	27.426	237	156	7	1	236	2	223	1.27e-15	74.3
g3323.t1	VFG012579(gb|WP_000983706)	26.250	240	155	8	1	236	2	223	1.40e-15	74.3
g3323.t1	VFG048566(gb|WP_014907271)	28.139	231	133	7	20	241	360	566	2.13e-15	75.1
g3323.t1	VFG037052(gb|WP_002229142)	28.571	238	140	9	20	255	17	226	2.15e-15	73.2
g3323.t1	VFG037050(gb|WP_169577348)	30.000	200	116	7	20	217	17	194	2.15e-15	73.2
g3323.t1	VFG037046(gb|WP_176607322)	29.339	242	133	10	20	255	17	226	3.27e-15	72.8
g3323.t1	VFG037056(gb|WP_180298705)	29.114	237	135	9	20	250	17	226	3.44e-15	72.8
g3323.t1	VFG013733(gb|WP_003854229)	25.833	240	157	6	6	241	5	227	3.49e-15	73.2
g3323.t1	VFG013734(gb|WP_011013698)	24.583	240	160	5	6	241	5	227	3.85e-15	72.8
g3323.t1	VFG037053(gb|WP_173361995)	28.571	238	140	9	20	255	17	226	4.98e-15	72.0
g3323.t1	VFG046688(gb|WP_041263713)	25.000	212	137	6	17	225	364	556	5.20e-15	73.9
g3323.t1	VFG037062(gb|WP_181778380)	28.692	237	136	9	20	250	17	226	5.40e-15	72.0
g3323.t1	VFG046680(gb|WP_003020700)	25.926	216	136	7	17	228	364	559	5.58e-15	73.9
g3323.t1	VFG037047(gb|WP_010361246)	30.000	200	116	7	20	217	17	194	5.67e-15	72.0
g3323.t1	VFG046675(gb|WP_010031959)	25.926	216	136	7	17	228	364	559	5.80e-15	73.9
g3323.t1	VFG046677(gb|WP_011648738)	25.926	216	136	7	17	228	367	562	6.50e-15	73.9
g3323.t1	VFG037045(gb|WP_173024114)	28.926	242	134	9	20	255	17	226	7.51e-15	71.6
g3323.t1	VFG037054(gb|WP_187287149)	28.692	237	136	8	20	250	17	226	8.55e-15	71.6
g3323.t1	VFG037048(gb|WP_002255537)	28.926	242	134	9	20	255	17	226	8.63e-15	71.6
g3323.t1	VFG016532(gb|NP_975942)	26.570	207	139	4	51	244	41	247	9.02e-15	72.4
g3323.t1	VFG009575(gb|WP_003873186)	29.204	226	134	7	21	241	636	840	9.13e-15	73.6
g3323.t1	VFG013730(gb|WP_010934773)	23.967	242	168	5	2	241	4	231	1.07e-14	71.6
g3323.t1	VFG013717(gb|WP_006769628)	26.749	243	150	7	6	241	5	226	1.11e-14	71.6
g3323.t1	VFG046678(gb|WP_012429567)	25.926	216	136	7	17	228	364	559	1.25e-14	72.8
g3323.t1	VFG009576(gb|WP_024637120)	29.204	226	134	7	21	241	636	840	1.49e-14	72.8
g3323.t1	VFG044147(gb|NP_461701)	26.337	243	147	8	21	252	357	578	1.53e-14	72.8
g3323.t1	VFG044147(gb|NP_461701)	23.982	221	155	4	21	241	983	1190	1.93e-09	57.8
g3323.t1	VFG021794(gb|WP_013240890)	21.610	236	173	3	6	241	25	248	1.62e-14	71.6
g3323.t1	VFG012512(gb|WP_001111199)	24.691	243	151	7	21	252	358	579	2.07e-14	72.4
g3323.t1	VFG012512(gb|WP_001111199)	21.888	233	147	5	20	241	979	1187	2.42e-08	54.3
g3323.t1	VFG033929(gb|WP_001111198)	24.691	243	151	7	21	252	358	579	2.14e-14	72.4
g3323.t1	VFG033929(gb|WP_001111198)	21.888	233	147	5	20	241	979	1187	1.15e-08	55.5
g3323.t1	VFG012511(gb|WP_001442133)	24.691	243	151	7	21	252	358	579	2.23e-14	72.4
g3323.t1	VFG012511(gb|WP_001442133)	21.888	233	147	5	20	241	979	1187	2.44e-08	54.3
g3323.t1	VFG044228(gb|WP_044488032)	24.481	241	153	7	21	254	352	570	2.33e-14	72.0
g3323.t1	VFG016540(gb|NP_975950)	26.471	204	139	3	47	244	48	246	2.92e-14	70.9
g3323.t1	VFG044281(gb|WP_012367516)	26.667	210	138	4	32	241	36	229	3.11e-14	70.5
g3323.t1	VFG016186(gb|WP_005762824)	27.917	240	148	7	15	249	354	573	3.15e-14	71.6
g3323.t1	VFG044110(gb|WP_010929751)	28.906	256	158	6	6	253	3	242	4.25e-14	70.1
g3323.t1	VFG022781(gb|YP_001702997)	28.326	233	141	7	17	244	627	838	5.44e-14	71.2
g3323.t1	VFG007238(gb|WP_000379797)	23.361	244	172	6	11	253	26	255	5.51e-14	69.7
g3323.t1	VFG009584(gb|WP_003873185)	23.984	246	164	7	2	242	327	554	6.59e-14	70.9
g3323.t1	VFG012510(gb|WP_001298170)	24.280	243	152	7	21	252	358	579	7.23e-14	70.9
g3323.t1	VFG012510(gb|WP_001298170)	21.888	233	147	5	20	241	979	1187	1.22e-08	55.5
g3323.t1	VFG009585(gb|WP_011724227)	23.577	246	165	7	2	242	327	554	7.23e-14	70.9
g3323.t1	VFG012509(gb|WP_001111200)	24.280	243	152	7	21	252	358	579	7.72e-14	70.9
g3323.t1	VFG012509(gb|WP_001111200)	21.888	233	147	5	20	241	979	1187	1.28e-08	55.1
g3323.t1	VFG046673(gb|WP_003039938)	25.121	207	132	6	17	219	364	551	7.77e-14	70.5
g3323.t1	VFG012971(gb|WP_011378643)	24.280	243	152	7	21	252	358	579	7.79e-14	70.9
g3323.t1	VFG012971(gb|WP_011378643)	21.888	233	147	5	20	241	979	1187	1.24e-08	55.5
g3323.t1	VFG033882(gb|WP_000987096)	26.446	242	151	7	17	252	481	701	7.92e-14	70.5
g3323.t1	VFG000841(gb|WP_000987091)	26.446	242	151	7	17	252	481	701	1.16e-13	70.1
g3323.t1	VFG007257(gb|WP_005482130)	22.269	238	169	4	5	241	1	223	1.19e-13	68.6
g3323.t1	VFG035919(gb|WP_000621743)	25.000	204	123	5	21	217	17	197	1.28e-13	67.8
g3323.t1	VFG035923(gb|WP_000621745)	25.000	204	123	5	21	217	17	197	1.49e-13	67.4
g3323.t1	VFG021855(gb|WP_011726608)	22.650	234	166	5	21	253	28	247	1.71e-13	68.6
g3323.t1	VFG046684(gb|WP_014549988)	25.121	207	132	6	17	219	364	551	1.72e-13	69.7
g3323.t1	VFG044303(gb|WP_001044024)	25.792	221	147	7	24	243	357	561	1.87e-13	69.3
g3323.t1	VFG022793(gb|WP_013828472)	25.833	240	137	9	16	242	344	555	2.68e-13	68.9
g3323.t1	VFG024070(gb|WP_014711102)	24.336	226	150	6	19	241	349	556	4.01e-13	68.6
g3323.t1	VFG037390(gb|WP_000582116)	24.370	238	164	5	5	241	1	223	4.09e-13	67.0
g3323.t1	VFG024071(gb|WP_009952859)	24.336	226	150	6	19	241	349	556	4.70e-13	68.2
g3323.t1	VFG024072(gb|WP_014384095)	24.336	226	150	6	19	241	349	556	4.92e-13	68.2
g3323.t1	VFG013252(gb|WP_010945439)	28.194	227	139	6	20	241	358	565	5.45e-13	68.2
g3323.t1	VFG026708(gb|WP_016342533)	27.897	233	142	7	17	244	627	838	5.51e-13	68.2
g3323.t1	VFG026714(gb|WP_005058852)	27.897	233	142	7	17	244	627	838	5.62e-13	68.2
g3323.t1	VFG024069(gb|WP_014941520)	24.336	226	150	6	19	241	349	556	6.10e-13	67.8
g3323.t1	VFG037386(gb|WP_000582115)	23.950	238	165	5	5	241	1	223	9.79e-13	65.9
g3323.t1	VFG037384(gb|WP_000582117)	23.950	238	165	5	5	241	1	223	1.12e-12	65.9
g3323.t1	VFG016187(gb|WP_011168850)	26.506	249	158	7	6	249	345	573	1.18e-12	67.0
g3323.t1	VFG037392(gb|WP_000582124)	23.950	238	165	5	5	241	1	223	1.27e-12	65.9
g3323.t1	VFG044189(gb|WP_011179200)	25.296	253	164	8	7	251	4	239	1.40e-12	65.9
g3323.t1	VFG000907(gb|WP_000376545)	25.738	237	151	9	21	252	485	701	1.40e-12	67.0
g3323.t1	VFG012480(gb|WP_000376543)	25.738	237	151	9	21	252	485	701	1.42e-12	67.0
g3323.t1	VFG026750(gb|WP_020822015)	24.017	229	153	6	16	241	343	553	1.48e-12	66.6
g3323.t1	VFG033884(gb|WP_000376541)	25.738	237	151	9	21	252	485	701	1.69e-12	66.6
g3323.t1	VFG012478(gb|WP_000376544)	25.738	237	151	9	21	252	485	701	1.84e-12	66.6
g3323.t1	VFG033885(gb|WP_000376538)	25.738	237	151	9	21	252	485	701	2.55e-12	66.2
g3323.t1	VFG013715(gb|WP_010934432)	22.088	249	180	4	3	251	4	238	3.22e-12	64.7
g3323.t1	VFG044219(gb|WP_000590068)	24.590	244	162	6	5	244	1	226	3.83e-12	64.3
g3323.t1	VFG013718(gb|WP_011896674)	22.672	247	176	5	5	251	3	234	4.73e-12	64.3
g3323.t1	VFG007023(gb|WP_149591715)	26.407	231	135	8	21	241	472	677	5.70e-12	65.1
g3323.t1	VFG007255(gb|WP_000615308)	22.314	242	164	6	5	241	1	223	8.11e-12	63.5
g3323.t1	VFG013719(gb|WP_011013622)	22.672	247	176	5	5	251	3	234	9.96e-12	63.2
g3323.t1	VFG013149(gb|WP_041605303)	25.000	224	150	6	20	241	358	565	2.21e-11	63.2
g3323.t1	VFG013253(gb|WP_011609176)	25.000	224	150	6	20	241	358	565	2.39e-11	63.2
g3323.t1	VFG022786(gb|WP_013828471)	26.316	247	153	8	3	241	611	836	2.71e-11	63.2
g3323.t1	VFG011190(gb|WP_003807078)	24.066	241	143	8	16	250	40	246	3.17e-11	62.4
g3323.t1	VFG009587(gb|WP_011731354)	23.849	239	161	9	2	237	328	548	4.18e-11	62.4
g3323.t1	VFG044225(gb|WP_011533698)	24.583	240	161	6	5	241	1	223	4.62e-11	61.2
g3323.t1	VFG016024(gb|WP_011267350)	26.638	229	121	9	24	243	359	549	6.94e-11	61.6
g3323.t1	VFG007026(gb|WP_155116723)	25.676	222	148	7	21	241	472	677	7.73e-11	61.6
g3323.t1	VFG026712(gb|WP_015292876)	26.522	230	143	7	17	241	623	831	7.86e-11	61.6
g3323.t1	VFG009578(gb|WP_011731355)	27.434	226	138	8	21	241	625	829	8.08e-11	61.6
g3323.t1	VFG037395(gb|YP_005799714)	25.238	210	141	5	33	241	1	195	9.47e-11	60.1
g3323.t1	VFG009586(gb|WP_011741578)	25.110	227	143	9	21	241	349	554	9.83e-11	61.2
g3323.t1	VFG026711(gb|WP_015289786)	27.391	230	141	9	17	241	622	830	9.90e-11	61.6
g3323.t1	VFG022787(gb|WP_012395627)	25.110	227	143	9	21	241	349	554	1.03e-10	61.2
g3323.t1	VFG013251(gb|WP_012054790)	25.806	217	137	6	19	230	362	559	1.04e-10	61.2
g3323.t1	VFG022782(gb|WP_003910332)	27.391	230	141	9	17	241	622	830	1.05e-10	61.6
g3323.t1	VFG026736(gb|WP_015356663)	25.110	227	143	9	21	241	349	554	1.05e-10	61.2
g3323.t1	VFG013249(gb|WP_011271803)	25.806	217	137	6	19	230	362	559	1.05e-10	61.2
g3323.t1	VFG026722(gb|YP_007957462)	26.087	230	144	7	17	241	625	833	1.08e-10	61.2
g3323.t1	VFG026719(gb|WP_025202597)	27.391	230	141	9	17	241	622	830	1.10e-10	61.2
g3323.t1	VFG009570(gb|NP_215864)	27.391	230	141	9	17	241	622	830	1.11e-10	61.2
g3323.t1	VFG013250(gb|WP_005687513)	25.806	217	137	6	19	230	362	559	1.14e-10	61.2
g3323.t1	VFG026726(gb|YP_005922613)	27.391	230	141	9	17	241	622	830	1.14e-10	61.2
g3323.t1	VFG016030(gb|WP_011333314)	25.000	224	131	7	24	241	359	551	1.17e-10	61.2
g3323.t1	VFG022783(gb|WP_014000720)	27.391	230	141	9	17	241	622	830	1.19e-10	61.2
g3323.t1	VFG026710(gb|WP_015302951)	27.391	230	141	9	17	241	622	830	1.28e-10	61.2
g3323.t1	VFG007025(gb|WP_086016961)	25.541	231	137	8	21	241	472	677	1.41e-10	60.8
g3323.t1	VFG013248(gb|WP_010868928)	25.806	217	137	6	19	230	362	559	1.74e-10	60.5
g3323.t1	VFG022780(gb|WP_012395628)	26.522	230	143	7	17	241	637	845	2.67e-10	60.1
g3323.t1	VFG018671(gb|WP_012000441)	24.701	251	148	9	4	243	20	240	4.05e-10	59.3
g3323.t1	VFG022788(gb|YP_001702996)	23.529	238	147	9	14	241	343	555	4.13e-10	59.3
g3323.t1	VFG026731(gb|WP_005058854)	23.529	238	147	9	14	241	343	555	4.25e-10	59.3
g3323.t1	VFG037264(gb|WP_020753356)	26.804	194	127	6	20	213	336	514	4.49e-10	59.3
g3323.t1	VFG026713(gb|WP_015356664)	26.522	230	143	7	17	241	637	845	4.78e-10	59.3
g3323.t1	VFG016023(gb|WP_011103875)	25.352	213	122	7	24	230	359	540	5.06e-10	59.3
g3323.t1	VFG015379(gb|WP_011979124)	26.733	202	124	4	25	217	25	211	6.11e-10	57.8
g3323.t1	VFG037260(gb|WP_001095752)	26.804	194	127	6	20	213	336	514	7.26e-10	58.5
g3323.t1	VFG016025(gb|WP_005753277)	25.217	230	125	9	24	244	359	550	7.69e-10	58.5
g3323.t1	VFG044314(gb|WP_012492604)	24.051	237	148	10	18	247	365	576	9.47e-10	58.5
g3323.t1	VFG009577(gb|WP_011741579)	27.155	232	139	8	17	241	637	845	9.71e-10	58.5
g3323.t1	VFG037277(gb|WP_031967279)	23.744	219	114	5	21	224	335	515	1.20e-09	58.2
g3323.t1	VFG037274(gb|WP_001281538)	23.744	219	114	5	21	224	344	524	1.22e-09	58.2
g3323.t1	VFG037261(gb|YP_001085396)	26.396	197	130	6	20	216	269	450	1.59e-09	57.8
g3323.t1	VFG015380(gb|WP_003136959)	26.238	202	125	4	25	217	25	211	2.03e-09	56.2
g3323.t1	VFG037280(gb|WP_001281545)	22.936	218	115	5	22	224	345	524	2.33e-09	57.4
g3323.t1	VFG002059(gb|NP_248763)	26.238	202	125	4	25	217	25	211	2.37e-09	56.2
g3323.t1	VFG037266(gb|WP_001090102)	26.804	194	127	6	20	213	336	514	2.54e-09	57.0
g3323.t1	VFG037258(gb|WP_001090101)	26.804	194	127	6	20	213	336	514	3.35e-09	56.6
g3323.t1	VFG035924(gb|WP_000593973)	21.845	206	141	6	15	217	11	199	3.69e-09	55.1
g3323.t1	VFG020068(gb|WP_012723750)	23.005	213	128	6	24	230	359	541	4.05e-09	56.6
g3323.t1	VFG016027(gb|WP_041168379)	23.944	213	125	6	24	230	359	540	6.13e-09	55.8
g3323.t1	VFG009579(gb|NP_215865)	23.214	224	151	6	21	241	349	554	7.94e-09	55.5
g3323.t1	VFG026729(gb|WP_020822014)	27.126	247	151	9	3	241	617	842	8.26e-09	55.8
g3323.t1	VFG049077(gb|WP_014230053)	28.251	223	131	6	19	241	44	237	8.74e-09	54.7
g3323.t1	VFG049076(gb|WP_004852439)	28.251	223	131	6	19	241	44	237	1.05e-08	54.3
g3323.t1	VFG024068(gb|WP_014379607)	26.316	247	153	8	3	241	617	842	1.07e-08	55.5
g3323.t1	VFG037272(gb|WP_001281555)	22.477	218	116	5	22	224	345	524	1.13e-08	55.1
g3323.t1	VFG021859(gb|WP_011726610)	25.778	225	142	9	21	241	368	571	1.19e-08	55.1
g3323.t1	VFG020065(gb|WP_012614134)	25.822	213	121	8	24	230	359	540	1.56e-08	54.7
g3323.t1	VFG016112(gb|WP_171053477)	27.982	218	133	6	17	230	347	544	1.77e-08	54.7
g3323.t1	VFG026734(gb|WP_015289787)	24.107	224	149	7	21	241	349	554	2.10e-08	54.3
g3323.t1	VFG026735(gb|WP_015292877)	24.107	224	149	7	21	241	349	554	2.32e-08	54.3
g3323.t1	VFG037273(gb|WP_001281554)	22.018	218	117	5	22	224	345	524	2.71e-08	53.9
g3323.t1	VFG016026(gb|WP_010954971)	24.569	232	130	8	24	248	359	552	3.09e-08	53.9
g3323.t1	VFG044229(gb|WP_011533702)	27.149	221	135	7	21	236	370	569	5.03e-08	53.1
g3323.t1	VFG024067(gb|WP_036458564)	26.721	247	152	9	3	241	617	842	1.04e-07	52.4
g3323.t1	VFG044153(gb|WP_011063599)	24.771	218	147	8	20	236	348	549	1.87e-07	51.6
g3323.t1	VFG024065(gb|WP_014711101)	25.911	247	154	8	3	241	617	842	2.08e-07	51.6
g3323.t1	VFG024064(gb|WP_043955645)	25.911	247	154	8	3	241	617	842	2.41e-07	51.2
g3323.t1	VFG024066(gb|WP_026071504)	25.911	247	154	8	3	241	617	842	2.48e-07	51.2
g3323.t1	VFG016184(gb|WP_005762826)	23.348	227	147	7	21	241	352	557	2.96e-07	50.8
g3323.t1	VFG016108(gb|WP_011061774)	23.013	239	159	7	21	254	346	564	3.43e-07	50.8
g3323.t1	VFG015384(gb|WP_003246989)	25.373	201	126	5	26	217	21	206	4.78e-07	49.3
g3323.t1	VFG049080(gb|YP_005227849)	27.354	223	133	6	19	241	44	237	5.37e-07	49.3
g3323.t1	VFG044304(gb|WP_000588838)	21.875	224	158	7	19	241	350	557	6.33e-07	49.7
g3323.t1	VFG016185(gb|WP_011168851)	22.907	227	148	7	21	241	352	557	6.71e-07	49.7
g3323.t1	VFG049084(gb|WP_004175264)	27.354	223	133	6	19	241	44	237	8.25e-07	48.9
g3323.t1	VFG049041(gb|WP_002912371)	28.155	206	119	6	19	224	44	220	1.15e-06	48.1
g3323.t1	VFG011188(gb|WP_003807073)	47.826	46	24	0	20	65	46	91	1.29e-06	48.5
g3323.t1	VFG015383(gb|WP_011064245)	23.500	200	131	5	26	217	25	210	1.64e-06	47.8
g3323.t1	VFG037278(gb|WP_139161447)	23.810	210	107	6	30	224	344	515	2.16e-06	48.1
g3323.t1	VFG038918(gb|WP_164927583)	24.783	230	136	7	23	241	491	694	2.61e-06	48.1
g3323.t1	VFG002228(gb|WP_002963677)	26.786	224	129	7	20	240	48	239	2.84e-06	47.0
g3323.t1	VFG048568(gb|WP_014838499)	27.753	227	131	10	20	237	329	531	2.96e-06	47.8
g3323.t1	VFG019310(gb|WP_004686562)	26.786	224	129	7	20	240	48	239	3.00e-06	47.0
g3323.t1	VFG011493(gb|WP_006189961)	26.786	224	129	7	20	240	48	239	3.08e-06	47.0
g3323.t1	VFG048569(gb|WP_014229381)	27.753	227	131	10	20	237	329	531	3.30e-06	47.8
g3323.t1	VFG011491(gb|WP_002966711)	26.786	224	129	7	20	240	48	239	3.85e-06	46.6
g3323.t1	VFG016111(gb|WP_003137473)	25.000	204	106	7	6	192	330	503	4.07e-06	47.4
g3323.t1	VFG045715(gb|WP_012979218)	24.312	218	146	5	5	222	1	199	4.57e-06	46.2
g3323.t1	VFG020087(gb|WP_012613544)	25.000	204	106	7	6	192	330	503	4.66e-06	47.4
g3323.t1	VFG044441(gb|CAF25489)	22.764	123	90	1	134	251	57	179	4.81e-06	45.8
g3323.t1	VFG034066(gb|WP_001296192)	26.009	223	126	9	20	230	329	524	5.10e-06	47.0
g3323.t1	VFG011189(gb|WP_010925718)	46.667	45	24	0	20	64	46	90	6.49e-06	46.6
g3323.t1	VFG002176(gb|AAM75252)	22.747	233	159	7	21	250	488	702	7.39e-06	46.6
g3323.t1	VFG003387(gb|WP_012413641)	26.009	223	126	9	20	230	329	524	7.81e-06	46.6
g3323.t1	VFG012541(gb|WP_001327954)	26.009	223	126	9	20	230	329	524	7.88e-06	46.6
g3323.t1	VFG003506(gb|WP_042661463)	26.009	223	126	9	20	230	329	524	8.03e-06	46.6
g3323.t1	VFG002747(gb|WP_001327262)	26.009	223	126	9	20	230	329	524	8.03e-06	46.6
g3323.t1	VFG044326(gb|WP_001327262)	26.009	223	126	9	20	230	329	524	8.03e-06	46.6
g3323.t1	VFG012539(gb|WP_001327262)	26.009	223	126	9	20	230	329	524	8.03e-06	46.6
g3323.t1	VFG019986(gb|WP_015886547)	23.881	201	127	8	25	217	24	206	8.05e-06	45.8
g3323.t1	VFG046110(gb|WP_001317926)	26.009	223	126	9	20	230	329	524	8.17e-06	46.6
g3323.t1	VFG034064(gb|WP_001304268)	26.009	223	126	9	20	230	329	524	8.17e-06	46.6
g3323.t1	VFG001267(gb|NP_252913)	25.000	204	106	7	6	192	330	503	8.25e-06	46.6
g3323.t1	VFG034058(gb|WP_001386872)	26.009	223	126	9	20	230	329	524	8.71e-06	46.2
g3323.t1	VFG034073(gb|WP_014640167)	26.009	223	126	9	20	230	329	524	8.95e-06	46.2
g3323.t1	VFG048570(gb|WP_014907270)	26.009	223	126	9	20	230	329	524	9.88e-06	46.2
