g1561.t1	VFG013205(gb|WP_012341592)	50.870	460	220	4	2	460	1	455	1.13e-161	464
g1561.t1	VFG013630(gb|WP_011608629)	50.652	460	221	4	2	460	1	455	3.77e-161	463
g1561.t1	VFG013629(gb|WP_041603540)	25.203	246	168	4	53	287	7	247	1.38e-22	99.0
g1561.t1	VFG013628(gb|WP_012055050)	25.210	238	170	3	53	287	6	238	7.23e-22	97.1
g1561.t1	VFG013626(gb|WP_011272071)	25.210	238	170	3	53	287	6	238	1.48e-21	95.9
g1561.t1	VFG013625(gb|WP_005693701)	25.210	238	170	3	53	287	6	238	1.60e-21	95.9
g1561.t1	VFG034309(gb|WP_001095622)	22.055	399	287	6	56	452	60	436	5.33e-21	95.1
g1561.t1	VFG012612(gb|WP_001095620)	22.055	399	287	6	56	452	60	436	5.79e-21	94.7
g1561.t1	VFG000919(gb|WP_001095619)	22.556	399	285	7	56	452	60	436	7.86e-21	94.4
g1561.t1	VFG034307(gb|WP_001095631)	21.945	401	285	7	56	452	60	436	9.37e-21	94.4
g1561.t1	VFG034300(gb|WP_001095625)	21.945	401	285	7	56	452	60	436	2.09e-20	93.2
g1561.t1	VFG012613(gb|WP_001095632)	21.945	401	285	7	56	452	60	436	2.58e-20	92.8
g1561.t1	VFG034306(gb|WP_001095638)	21.696	401	286	7	56	452	60	436	2.81e-20	92.8
g1561.t1	VFG034310(gb|WP_001095640)	21.945	401	285	7	56	452	60	436	3.70e-20	92.4
g1561.t1	VFG034311(gb|WP_001095617)	22.030	404	281	9	56	452	60	436	4.25e-20	92.4
g1561.t1	VFG012609(gb|WP_000993317)	21.446	401	287	7	56	452	60	436	6.29e-19	88.6
g3732.t1	VFG013205(gb|WP_012341592)	69.147	457	139	1	1	457	1	455	0.0	674
g3732.t1	VFG013630(gb|WP_011608629)	68.928	457	140	1	1	457	1	455	0.0	672
g3732.t1	VFG013628(gb|WP_012055050)	28.674	279	182	3	52	326	6	271	6.61e-29	117
g3732.t1	VFG013625(gb|WP_005693701)	29.796	245	165	2	52	292	6	247	1.54e-28	115
g3732.t1	VFG013626(gb|WP_011272071)	30.508	236	157	2	52	283	6	238	1.87e-28	115
g3732.t1	VFG034307(gb|WP_001095631)	24.031	387	267	7	55	436	60	424	4.94e-27	112
g3732.t1	VFG013629(gb|WP_041603540)	26.290	407	257	11	52	440	7	388	5.85e-27	111
g3732.t1	VFG012613(gb|WP_001095632)	24.031	387	267	7	55	436	60	424	1.29e-26	111
g3732.t1	VFG034311(gb|WP_001095617)	23.773	387	268	7	55	436	60	424	1.65e-26	111
g3732.t1	VFG034306(gb|WP_001095638)	23.773	387	268	7	55	436	60	424	1.82e-26	110
g3732.t1	VFG034300(gb|WP_001095625)	24.031	387	267	7	55	436	60	424	1.94e-26	110
g3732.t1	VFG034309(gb|WP_001095622)	24.031	387	267	7	55	436	60	424	2.00e-26	110
g3732.t1	VFG012612(gb|WP_001095620)	24.031	387	267	7	55	436	60	424	2.56e-26	110
g3732.t1	VFG034310(gb|WP_001095640)	24.031	387	267	7	55	436	60	424	3.98e-26	110
g3732.t1	VFG000919(gb|WP_001095619)	25.581	301	205	5	55	350	60	346	4.81e-26	109
g3732.t1	VFG012609(gb|WP_000993317)	23.514	387	269	7	55	436	60	424	3.90e-25	107
g3740.t1	VFG013628(gb|WP_012055050)	26.007	273	171	4	42	289	9	275	9.63e-25	104
g3740.t1	VFG013625(gb|WP_005693701)	26.007	273	171	4	42	289	9	275	2.91e-24	103
g3740.t1	VFG013626(gb|WP_011272071)	26.007	273	171	4	42	289	9	275	3.60e-24	102
g3740.t1	VFG013629(gb|WP_041603540)	26.360	239	150	3	42	254	10	248	2.79e-20	91.7
g3740.t1	VFG013630(gb|WP_011608629)	26.432	227	154	4	13	231	23	244	5.16e-17	82.4
g3740.t1	VFG013205(gb|WP_012341592)	26.432	227	154	4	13	231	23	244	5.16e-17	82.4
g3740.t1	VFG000919(gb|WP_001095619)	28.500	200	126	4	42	231	60	252	1.91e-14	74.7
g3740.t1	VFG034309(gb|WP_001095622)	28.500	200	126	4	42	231	60	252	1.94e-14	74.7
g3740.t1	VFG012612(gb|WP_001095620)	28.500	200	126	4	42	231	60	252	2.05e-14	74.7
g3740.t1	VFG034307(gb|WP_001095631)	28.000	200	127	4	42	231	60	252	6.74e-14	72.8
g3740.t1	VFG034306(gb|WP_001095638)	28.000	200	127	4	42	231	60	252	7.51e-14	72.8
g3740.t1	VFG012613(gb|WP_001095632)	28.000	200	127	4	42	231	60	252	8.00e-14	72.8
g3740.t1	VFG034300(gb|WP_001095625)	28.079	203	123	5	42	231	60	252	9.57e-14	72.4
g3740.t1	VFG034311(gb|WP_001095617)	28.000	200	127	4	42	231	60	252	1.03e-13	72.4
g3740.t1	VFG034310(gb|WP_001095640)	27.586	203	124	5	42	231	60	252	2.39e-13	71.2
g3740.t1	VFG012609(gb|WP_000993317)	28.061	196	124	4	42	227	60	248	2.94e-13	70.9
