g2663.t1	VFG000532(gb|NP_461790)	100.000	226	0	0	1	226	1	226	8.60e-172	471
g2663.t1	VFG003643(gb|WP_000916655)	100.000	222	0	0	1	222	1	222	1.33e-168	462
g2663.t1	VFG003641(gb|WP_000916657)	99.550	222	1	0	1	222	1	222	4.49e-168	461
g2663.t1	VFG018558(gb|WP_012209850)	97.297	222	6	0	1	222	1	222	5.92e-166	456
g2663.t1	VFG041899(gb|WP_158303316)	42.857	217	122	1	1	215	1	217	1.28e-55	177
g2663.t1	VFG025208(gb|WP_011853465)	28.108	185	124	4	8	188	10	189	7.12e-13	65.5
g2663.t1	VFG025207(gb|WP_004528829)	28.108	185	124	4	8	188	10	189	8.47e-13	65.9
g2663.t1	VFG025203(gb|WP_004188436)	28.108	185	124	4	8	188	10	189	8.47e-13	65.9
g2663.t1	VFG002470(gb|WP_004533272)	28.108	185	124	4	8	188	10	189	8.56e-13	65.5
g2663.t1	VFG025210(gb|WP_009896102)	27.778	180	122	3	8	183	10	185	1.66e-12	64.7
g2663.t1	VFG001000(gb|NP_858274)	24.706	170	127	1	15	183	20	189	3.53e-12	63.5
g2663.t1	VFG020103(gb|WP_039058916)	24.706	170	127	1	15	183	20	189	5.63e-12	63.2
g2663.t1	VFG012659(gb|WP_011378997)	23.529	170	129	1	15	183	20	189	5.80e-12	62.8
g2663.t1	VFG012662(gb|WP_011310390)	24.118	170	128	1	15	183	20	189	8.88e-12	62.4
