g688.t1	VFG050291(gb|WP_014302131)	34.402	343	192	6	35	374	35	347	8.91e-49	167
g688.t1	VFG050290(gb|WP_010934947)	37.097	124	56	3	265	366	440	563	4.00e-16	79.7
g688.t1	VFG006734(gb|WP_010990501)	40.000	95	55	1	263	355	351	445	4.36e-16	79.3
g688.t1	VFG032100(gb|WP_014601750)	40.860	93	53	1	265	355	366	458	7.67e-16	78.6
g688.t1	VFG019354(gb|WP_003734471)	40.860	93	53	1	265	355	363	455	7.68e-16	78.6
g688.t1	VFG032084(gb|WP_014600574)	40.860	93	53	1	265	355	364	456	7.70e-16	78.6
g688.t1	VFG032082(gb|WP_072215780)	40.860	93	53	1	265	355	368	460	7.71e-16	78.6
g688.t1	VFG032085(gb|WP_003727266)	40.860	93	53	1	265	355	365	457	7.72e-16	78.6
g688.t1	VFG032087(gb|WP_077906786)	40.860	93	53	1	265	355	370	462	7.75e-16	78.6
g688.t1	VFG032102(gb|WP_014601267)	40.860	93	53	1	265	355	366	458	7.96e-16	78.6
g688.t1	VFG000070(gb|NP_464110)	40.860	93	53	1	265	355	370	462	8.04e-16	78.6
g688.t1	VFG032086(gb|WP_014601353)	40.860	93	53	1	265	355	372	464	8.08e-16	78.6
g688.t1	VFG032105(gb|WP_015455583)	40.860	93	53	1	265	355	369	461	8.17e-16	78.6
g688.t1	VFG019355(gb|WP_012581841)	40.860	93	53	1	265	355	358	450	8.54e-16	78.6
g688.t1	VFG032095(gb|WP_077906972)	40.860	93	53	1	265	355	358	450	8.93e-16	78.2
g688.t1	VFG006733(gb|WP_074384921)	40.860	93	53	1	265	355	363	455	9.74e-16	78.2
g688.t1	VFG032106(gb|WP_014092025)	39.535	86	50	2	272	355	417	502	5.38e-15	76.3
g688.t1	VFG043441(gb|WP_002287386)	37.931	116	58	4	252	359	401	510	1.42e-13	71.6
g952.t1	VFG050290(gb|WP_010934947)	46.154	143	66	2	32	163	430	572	2.14e-34	128
g952.t1	VFG032095(gb|WP_077906972)	30.579	121	69	4	42	160	358	465	1.03e-11	63.2
g952.t1	VFG019355(gb|WP_012581841)	30.579	121	69	4	42	160	358	465	1.06e-11	63.2
g952.t1	VFG032100(gb|WP_014601750)	30.579	121	69	4	42	160	366	473	1.12e-11	63.2
g952.t1	VFG032082(gb|WP_072215780)	30.579	121	69	4	42	160	368	475	1.12e-11	63.2
g952.t1	VFG032087(gb|WP_077906786)	30.579	121	69	4	42	160	370	477	1.12e-11	63.2
g952.t1	VFG032102(gb|WP_014601267)	30.579	121	69	4	42	160	366	473	1.14e-11	63.2
g952.t1	VFG000070(gb|NP_464110)	30.579	121	69	4	42	160	370	477	1.14e-11	63.2
g952.t1	VFG032086(gb|WP_014601353)	30.579	121	69	4	42	160	372	479	1.15e-11	63.2
g952.t1	VFG032105(gb|WP_015455583)	30.579	121	69	4	42	160	369	476	1.16e-11	63.2
g952.t1	VFG032084(gb|WP_014600574)	30.579	121	69	4	42	160	364	471	1.20e-11	63.2
g952.t1	VFG006733(gb|WP_074384921)	30.579	121	69	4	42	160	363	470	1.51e-11	62.8
g952.t1	VFG019354(gb|WP_003734471)	30.579	121	69	4	42	160	363	470	1.52e-11	62.8
g952.t1	VFG032085(gb|WP_003727266)	30.579	121	69	4	42	160	365	472	1.53e-11	62.8
g952.t1	VFG032106(gb|WP_014092025)	31.250	112	62	4	51	160	419	517	6.37e-11	60.8
g952.t1	VFG006734(gb|WP_010990501)	28.926	121	71	4	42	160	353	460	1.98e-10	59.3
g1446.t1	VFG050290(gb|WP_010934947)	50.725	138	60	1	110	239	435	572	4.52e-40	144
g1446.t1	VFG032106(gb|WP_014092025)	45.745	94	37	3	122	214	417	497	1.53e-18	84.0
g1446.t1	VFG019355(gb|WP_012581841)	42.574	101	44	3	115	214	358	445	1.68e-18	83.6
g1446.t1	VFG032095(gb|WP_077906972)	42.574	101	44	3	115	214	358	445	1.72e-18	83.6
g1446.t1	VFG019354(gb|WP_003734471)	42.574	101	44	3	115	214	363	450	1.81e-18	83.6
g1446.t1	VFG032085(gb|WP_003727266)	42.574	101	44	3	115	214	365	452	1.81e-18	83.6
g1446.t1	VFG032102(gb|WP_014601267)	42.574	101	44	3	115	214	366	453	1.91e-18	83.6
g1446.t1	VFG032100(gb|WP_014601750)	42.574	101	44	3	115	214	366	453	1.91e-18	83.6
g1446.t1	VFG032082(gb|WP_072215780)	42.574	101	44	3	115	214	368	455	1.92e-18	83.6
g1446.t1	VFG032087(gb|WP_077906786)	42.574	101	44	3	115	214	370	457	1.92e-18	83.6
g1446.t1	VFG000070(gb|NP_464110)	42.574	101	44	3	115	214	370	457	1.92e-18	83.6
g1446.t1	VFG032086(gb|WP_014601353)	42.574	101	44	3	115	214	372	459	1.93e-18	83.6
g1446.t1	VFG032084(gb|WP_014600574)	42.574	101	44	3	115	214	364	451	1.93e-18	83.6
g1446.t1	VFG032105(gb|WP_015455583)	42.574	101	44	3	115	214	369	456	1.94e-18	83.6
g1446.t1	VFG006733(gb|WP_074384921)	42.574	101	44	3	115	214	363	450	2.34e-18	83.2
g1446.t1	VFG006734(gb|WP_010990501)	42.574	101	44	3	115	214	353	440	3.10e-18	82.8
g1446.t1	VFG043441(gb|WP_002287386)	39.286	112	43	5	123	227	421	514	2.78e-11	62.8
g1446.t1	VFG050291(gb|WP_014302131)	34.737	95	48	3	121	215	245	325	1.00e-08	54.7
g1447.t1	VFG050290(gb|WP_010934947)	57.778	135	49	1	351	477	438	572	4.86e-47	171
g1447.t1	VFG050290(gb|WP_010934947)	27.419	248	152	6	10	233	9	252	5.13e-10	61.6
g1447.t1	VFG032105(gb|WP_015455583)	38.400	125	61	3	353	476	369	478	9.93e-18	85.5
g1447.t1	VFG032102(gb|WP_014601267)	39.200	125	60	4	353	476	366	475	1.01e-17	85.5
g1447.t1	VFG019354(gb|WP_003734471)	38.400	125	61	3	353	476	363	472	1.02e-17	85.5
g1447.t1	VFG000070(gb|NP_464110)	39.200	125	60	4	353	476	370	479	1.02e-17	85.5
g1447.t1	VFG032085(gb|WP_003727266)	38.400	125	61	3	353	476	365	474	1.03e-17	85.5
g1447.t1	VFG032086(gb|WP_014601353)	39.200	125	60	4	353	476	372	481	1.03e-17	85.5
g1447.t1	VFG032100(gb|WP_014601750)	39.200	125	60	4	353	476	366	475	1.08e-17	85.5
g1447.t1	VFG032082(gb|WP_072215780)	39.200	125	60	4	353	476	368	477	1.09e-17	85.5
g1447.t1	VFG032087(gb|WP_077906786)	39.200	125	60	4	353	476	370	479	1.10e-17	85.5
g1447.t1	VFG032084(gb|WP_014600574)	39.200	125	60	4	353	476	364	473	1.28e-17	85.1
g1447.t1	VFG032095(gb|WP_077906972)	39.200	125	60	4	353	476	358	467	1.30e-17	85.1
g1447.t1	VFG019355(gb|WP_012581841)	39.200	125	60	4	353	476	358	467	1.31e-17	85.1
g1447.t1	VFG006733(gb|WP_074384921)	38.400	125	61	3	353	476	363	472	1.79e-17	84.7
g1447.t1	VFG006734(gb|WP_010990501)	40.187	107	50	2	353	458	353	446	3.83e-17	83.6
g1447.t1	VFG032106(gb|WP_014092025)	43.000	100	43	3	360	458	417	503	3.92e-17	84.0
g1447.t1	VFG050291(gb|WP_014302131)	39.450	109	52	3	358	466	244	338	1.13e-14	75.1
g1447.t1	VFG043441(gb|WP_002287386)	36.522	115	58	4	353	465	413	514	1.52e-13	72.8
g24.t1	VFG050291(gb|WP_014302131)	48.544	103	49	2	165	265	233	333	5.36e-24	99.4
g24.t1	VFG050290(gb|WP_010934947)	34.921	126	58	3	165	266	432	557	1.88e-15	75.9
g24.t1	VFG032106(gb|WP_014092025)	40.476	84	46	1	181	260	418	501	2.74e-15	75.5
g24.t1	VFG019355(gb|WP_012581841)	38.462	91	52	1	174	260	359	449	1.40e-14	73.2
g24.t1	VFG032095(gb|WP_077906972)	38.462	91	52	1	174	260	359	449	1.48e-14	73.2
g24.t1	VFG006734(gb|WP_010990501)	37.363	91	53	1	174	260	354	444	1.77e-14	72.8
g24.t1	VFG032102(gb|WP_014601267)	38.462	91	52	1	174	260	367	457	1.81e-14	72.8
g24.t1	VFG000070(gb|NP_464110)	38.462	91	52	1	174	260	371	461	1.82e-14	72.8
g24.t1	VFG032086(gb|WP_014601353)	38.462	91	52	1	174	260	373	463	1.82e-14	72.8
g24.t1	VFG032105(gb|WP_015455583)	38.462	91	52	1	174	260	370	460	1.88e-14	72.8
g24.t1	VFG032100(gb|WP_014601750)	38.462	91	52	1	174	260	367	457	1.98e-14	72.8
g24.t1	VFG032082(gb|WP_072215780)	38.462	91	52	1	174	260	369	459	1.99e-14	72.8
g24.t1	VFG032087(gb|WP_077906786)	38.462	91	52	1	174	260	371	461	2.00e-14	72.8
g24.t1	VFG032084(gb|WP_014600574)	38.462	91	52	1	174	260	365	455	2.00e-14	72.8
g24.t1	VFG019354(gb|WP_003734471)	38.462	91	52	1	174	260	364	454	2.09e-14	72.8
g24.t1	VFG032085(gb|WP_003727266)	38.462	91	52	1	174	260	366	456	2.09e-14	72.8
g24.t1	VFG006733(gb|WP_074384921)	38.462	91	52	1	174	260	364	454	2.66e-14	72.4
g24.t1	VFG043441(gb|WP_002287386)	38.393	112	62	4	164	268	402	513	1.02e-13	70.9
g1468.t1	VFG050290(gb|WP_010934947)	59.259	135	47	1	344	470	438	572	1.02e-50	181
g1468.t1	VFG050290(gb|WP_010934947)	28.112	249	159	6	5	233	4	252	3.61e-14	74.7
g1468.t1	VFG032106(gb|WP_014092025)	46.535	101	38	4	353	451	417	503	2.81e-18	87.4
g1468.t1	VFG032102(gb|WP_014601267)	39.683	126	58	5	346	469	366	475	2.88e-18	87.0
g1468.t1	VFG000070(gb|NP_464110)	39.683	126	58	5	346	469	370	479	2.93e-18	87.0
g1468.t1	VFG032105(gb|WP_015455583)	39.683	126	58	5	346	469	369	478	2.94e-18	87.0
g1468.t1	VFG032086(gb|WP_014601353)	39.683	126	58	5	346	469	372	481	2.95e-18	87.0
g1468.t1	VFG032100(gb|WP_014601750)	39.683	126	58	5	346	469	366	475	3.04e-18	87.0
g1468.t1	VFG032082(gb|WP_072215780)	39.683	126	58	5	346	469	368	477	3.07e-18	87.0
g1468.t1	VFG032087(gb|WP_077906786)	39.683	126	58	5	346	469	370	479	3.09e-18	87.0
g1468.t1	VFG019354(gb|WP_003734471)	39.683	126	58	5	346	469	363	472	3.26e-18	87.0
g1468.t1	VFG032085(gb|WP_003727266)	39.683	126	58	5	346	469	365	474	3.29e-18	87.0
g1468.t1	VFG032084(gb|WP_014600574)	39.683	126	58	5	346	469	364	473	3.39e-18	86.7
g1468.t1	VFG032095(gb|WP_077906972)	39.683	126	58	5	346	469	358	467	4.03e-18	86.7
g1468.t1	VFG019355(gb|WP_012581841)	39.683	126	58	5	346	469	358	467	4.07e-18	86.7
g1468.t1	VFG006734(gb|WP_010990501)	43.519	108	45	4	346	451	353	446	4.90e-18	86.3
g1468.t1	VFG006733(gb|WP_074384921)	39.683	126	58	5	346	469	363	472	5.86e-18	86.3
g1468.t1	VFG050291(gb|WP_014302131)	41.284	109	50	3	351	459	244	338	1.05e-16	81.3
g1468.t1	VFG043441(gb|WP_002287386)	34.559	136	63	5	325	458	403	514	7.02e-14	73.6
g1469.t1	VFG050290(gb|WP_010934947)	48.276	145	67	1	103	239	428	572	2.50e-42	150
g1469.t1	VFG032095(gb|WP_077906972)	41.584	101	45	3	115	214	358	445	1.35e-18	84.0
g1469.t1	VFG019355(gb|WP_012581841)	41.584	101	45	3	115	214	358	445	1.35e-18	84.0
g1469.t1	VFG032102(gb|WP_014601267)	41.584	101	45	3	115	214	366	453	1.46e-18	84.0
g1469.t1	VFG032084(gb|WP_014600574)	41.584	101	45	3	115	214	364	451	1.47e-18	84.0
g1469.t1	VFG000070(gb|NP_464110)	41.584	101	45	3	115	214	370	457	1.47e-18	84.0
g1469.t1	VFG032086(gb|WP_014601353)	41.584	101	45	3	115	214	372	459	1.48e-18	84.0
g1469.t1	VFG032100(gb|WP_014601750)	41.584	101	45	3	115	214	366	453	1.49e-18	84.0
g1469.t1	VFG032082(gb|WP_072215780)	41.584	101	45	3	115	214	368	455	1.49e-18	84.0
g1469.t1	VFG032087(gb|WP_077906786)	41.584	101	45	3	115	214	370	457	1.50e-18	84.0
g1469.t1	VFG032105(gb|WP_015455583)	41.584	101	45	3	115	214	369	456	1.53e-18	84.0
g1469.t1	VFG019354(gb|WP_003734471)	41.584	101	45	3	115	214	363	450	1.67e-18	84.0
g1469.t1	VFG032085(gb|WP_003727266)	41.584	101	45	3	115	214	365	452	1.68e-18	84.0
g1469.t1	VFG006733(gb|WP_074384921)	41.584	101	45	3	115	214	363	450	2.19e-18	83.6
g1469.t1	VFG006734(gb|WP_010990501)	41.584	101	45	3	115	214	353	440	2.39e-18	83.2
g1469.t1	VFG032106(gb|WP_014092025)	43.617	94	39	3	122	214	417	497	4.36e-18	82.8
g1469.t1	VFG043441(gb|WP_002287386)	38.235	102	48	4	115	214	413	501	7.97e-11	61.2
g1469.t1	VFG050291(gb|WP_014302131)	37.963	108	53	3	119	226	243	336	8.97e-11	60.8
g1556.t1	VFG050290(gb|WP_010934947)	47.407	135	60	2	44	167	438	572	2.90e-35	131
g1556.t1	VFG032105(gb|WP_015455583)	36.066	122	61	5	46	164	369	476	3.12e-15	73.9
g1556.t1	VFG032102(gb|WP_014601267)	36.066	122	61	5	46	164	366	473	3.23e-15	73.9
g1556.t1	VFG000070(gb|NP_464110)	36.066	122	61	5	46	164	370	477	3.25e-15	73.9
g1556.t1	VFG032086(gb|WP_014601353)	36.066	122	61	5	46	164	372	479	3.26e-15	73.9
g1556.t1	VFG019354(gb|WP_003734471)	36.066	122	61	5	46	164	363	470	3.31e-15	73.9
g1556.t1	VFG032085(gb|WP_003727266)	36.066	122	61	5	46	164	365	472	3.32e-15	73.9
g1556.t1	VFG032084(gb|WP_014600574)	36.066	122	61	5	46	164	364	471	3.51e-15	73.9
g1556.t1	VFG032100(gb|WP_014601750)	36.066	122	61	5	46	164	366	473	3.52e-15	73.9
g1556.t1	VFG032082(gb|WP_072215780)	36.066	122	61	5	46	164	368	475	3.53e-15	73.9
g1556.t1	VFG032087(gb|WP_077906786)	36.066	122	61	5	46	164	370	477	3.54e-15	73.9
g1556.t1	VFG032095(gb|WP_077906972)	36.066	122	61	5	46	164	358	465	3.55e-15	73.9
g1556.t1	VFG006733(gb|WP_074384921)	36.066	122	61	5	46	164	363	470	3.71e-15	73.6
g1556.t1	VFG019355(gb|WP_012581841)	36.066	122	61	5	46	164	358	465	3.72e-15	73.6
g1556.t1	VFG006734(gb|WP_010990501)	34.426	122	63	5	46	164	353	460	6.90e-14	70.1
g1556.t1	VFG032106(gb|WP_014092025)	36.283	113	55	5	55	164	419	517	2.46e-13	68.6
g1556.t1	VFG050291(gb|WP_014302131)	33.051	118	60	5	51	165	244	345	5.11e-06	46.6
g2161.t1	VFG050291(gb|WP_014302131)	31.714	350	199	4	24	372	37	347	2.39e-51	174
g2161.t1	VFG050290(gb|WP_010934947)	37.097	124	56	3	263	364	440	563	2.58e-16	80.1
g2161.t1	VFG006734(gb|WP_010990501)	38.947	95	56	2	261	353	351	445	3.07e-15	76.6
g2161.t1	VFG019354(gb|WP_003734471)	39.785	93	54	2	263	353	363	455	3.55e-15	76.6
g2161.t1	VFG032085(gb|WP_003727266)	39.785	93	54	2	263	353	365	457	3.56e-15	76.6
g2161.t1	VFG032102(gb|WP_014601267)	39.785	93	54	2	263	353	366	458	4.25e-15	76.3
g2161.t1	VFG000070(gb|NP_464110)	39.785	93	54	2	263	353	370	462	4.29e-15	76.3
g2161.t1	VFG032086(gb|WP_014601353)	39.785	93	54	2	263	353	372	464	4.31e-15	76.3
g2161.t1	VFG032105(gb|WP_015455583)	39.785	93	54	2	263	353	369	461	4.36e-15	76.3
g2161.t1	VFG032084(gb|WP_014600574)	39.785	93	54	2	263	353	364	456	4.38e-15	76.3
g2161.t1	VFG032100(gb|WP_014601750)	39.785	93	54	2	263	353	366	458	4.53e-15	76.3
g2161.t1	VFG032082(gb|WP_072215780)	39.785	93	54	2	263	353	368	460	4.55e-15	76.3
g2161.t1	VFG032087(gb|WP_077906786)	39.785	93	54	2	263	353	370	462	4.57e-15	76.3
g2161.t1	VFG019355(gb|WP_012581841)	39.785	93	54	2	263	353	358	450	4.86e-15	76.3
g2161.t1	VFG032095(gb|WP_077906972)	39.785	93	54	2	263	353	358	450	5.28e-15	75.9
g2161.t1	VFG006733(gb|WP_074384921)	39.785	93	54	2	263	353	363	455	5.59e-15	75.9
g2161.t1	VFG032106(gb|WP_014092025)	37.209	86	52	2	270	353	417	502	3.76e-14	73.6
g2161.t1	VFG043441(gb|WP_002287386)	32.692	104	57	3	262	357	412	510	3.23e-10	61.2
g1213.t1	VFG006734(gb|WP_010990501)	37.391	115	65	5	66	180	348	455	6.42e-18	80.9
g1213.t1	VFG032102(gb|WP_014601267)	38.182	110	61	5	71	180	366	468	2.05e-17	79.3
g1213.t1	VFG000070(gb|NP_464110)	38.182	110	61	5	71	180	370	472	2.06e-17	79.3
g1213.t1	VFG032086(gb|WP_014601353)	38.182	110	61	5	71	180	372	474	2.07e-17	79.3
g1213.t1	VFG019354(gb|WP_003734471)	38.182	110	61	5	71	180	363	465	2.10e-17	79.3
g1213.t1	VFG032085(gb|WP_003727266)	38.182	110	61	5	71	180	365	467	2.10e-17	79.3
g1213.t1	VFG032100(gb|WP_014601750)	38.182	110	61	5	71	180	366	468	2.19e-17	79.3
g1213.t1	VFG032082(gb|WP_072215780)	38.182	110	61	5	71	180	368	470	2.20e-17	79.3
g1213.t1	VFG032087(gb|WP_077906786)	38.182	110	61	5	71	180	370	472	2.20e-17	79.3
g1213.t1	VFG032105(gb|WP_015455583)	38.182	110	61	5	71	180	369	471	2.33e-17	79.3
g1213.t1	VFG032084(gb|WP_014600574)	38.182	110	61	5	71	180	364	466	2.45e-17	79.3
g1213.t1	VFG006733(gb|WP_074384921)	38.182	110	61	5	71	180	363	465	3.14e-17	79.0
g1213.t1	VFG019355(gb|WP_012581841)	38.182	110	61	5	71	180	358	460	3.36e-17	79.0
g1213.t1	VFG032095(gb|WP_077906972)	38.182	110	61	5	71	180	358	460	3.40e-17	79.0
g1213.t1	VFG032106(gb|WP_014092025)	37.255	102	57	5	79	180	418	512	1.01e-15	74.7
g1213.t1	VFG043441(gb|WP_002287386)	35.398	113	57	4	69	175	411	513	3.18e-13	67.4
g1213.t1	VFG050291(gb|WP_014302131)	36.752	117	64	6	62	177	231	338	1.80e-12	64.7
g1213.t1	VFG050290(gb|WP_010934947)	32.520	123	56	5	71	172	440	556	6.27e-08	52.0
g1214.t1	VFG043441(gb|WP_002287386)	35.606	132	63	6	26	152	400	514	1.93e-17	79.0
g1214.t1	VFG032102(gb|WP_014601267)	38.261	115	63	6	47	161	366	472	3.45e-15	72.4
g1214.t1	VFG000070(gb|NP_464110)	38.261	115	63	6	47	161	370	476	3.46e-15	72.4
g1214.t1	VFG032086(gb|WP_014601353)	38.261	115	63	6	47	161	372	478	3.46e-15	72.4
g1214.t1	VFG019354(gb|WP_003734471)	38.261	115	63	6	47	161	363	469	3.50e-15	72.0
g1214.t1	VFG032085(gb|WP_003727266)	38.261	115	63	6	47	161	365	471	3.51e-15	72.0
g1214.t1	VFG032105(gb|WP_015455583)	38.261	115	63	6	47	161	369	475	3.56e-15	72.0
g1214.t1	VFG032100(gb|WP_014601750)	38.261	115	63	6	47	161	366	472	3.58e-15	72.0
g1214.t1	VFG032082(gb|WP_072215780)	38.261	115	63	6	47	161	368	474	3.59e-15	72.0
g1214.t1	VFG032087(gb|WP_077906786)	38.261	115	63	6	47	161	370	476	3.59e-15	72.0
g1214.t1	VFG032084(gb|WP_014600574)	38.261	115	63	6	47	161	364	470	3.61e-15	72.0
g1214.t1	VFG006733(gb|WP_074384921)	38.261	115	63	6	47	161	363	469	4.21e-15	72.0
g1214.t1	VFG019355(gb|WP_012581841)	38.261	115	63	6	47	161	358	464	4.27e-15	72.0
g1214.t1	VFG032095(gb|WP_077906972)	38.261	115	63	6	47	161	358	464	4.35e-15	72.0
g1214.t1	VFG006734(gb|WP_010990501)	36.207	116	67	5	43	158	349	457	7.21e-15	71.2
g1214.t1	VFG032106(gb|WP_014092025)	38.235	102	56	5	55	156	418	512	2.69e-14	69.7
g1214.t1	VFG050291(gb|WP_014302131)	37.864	103	57	4	41	143	233	328	4.76e-12	62.8
g1214.t1	VFG050290(gb|WP_010934947)	30.469	128	64	4	47	154	440	562	3.15e-11	60.8
g3542.t1	VFG006734(gb|WP_010990501)	38.843	121	67	6	61	181	348	461	6.98e-19	83.6
g3542.t1	VFG032105(gb|WP_015455583)	40.708	113	60	6	69	181	372	477	1.13e-18	82.8
g3542.t1	VFG032100(gb|WP_014601750)	40.708	113	60	6	69	181	369	474	1.15e-18	82.8
g3542.t1	VFG032082(gb|WP_072215780)	40.708	113	60	6	69	181	371	476	1.16e-18	82.8
g3542.t1	VFG032087(gb|WP_077906786)	40.708	113	60	6	69	181	373	478	1.16e-18	82.8
g3542.t1	VFG032102(gb|WP_014601267)	40.708	113	60	6	69	181	369	474	1.16e-18	82.8
g3542.t1	VFG000070(gb|NP_464110)	40.708	113	60	6	69	181	373	478	1.17e-18	82.8
g3542.t1	VFG032086(gb|WP_014601353)	40.708	113	60	6	69	181	375	480	1.18e-18	82.8
g3542.t1	VFG032084(gb|WP_014600574)	40.708	113	60	6	69	181	367	472	1.25e-18	82.8
g3542.t1	VFG032095(gb|WP_077906972)	40.708	113	60	6	69	181	361	466	1.35e-18	82.8
g3542.t1	VFG019354(gb|WP_003734471)	40.708	113	60	6	69	181	366	471	1.35e-18	82.8
g3542.t1	VFG032085(gb|WP_003727266)	40.708	113	60	6	69	181	368	473	1.36e-18	82.8
g3542.t1	VFG019355(gb|WP_012581841)	40.708	113	60	6	69	181	361	466	1.42e-18	82.8
g3542.t1	VFG006733(gb|WP_074384921)	40.708	113	60	6	69	181	366	471	1.86e-18	82.4
g3542.t1	VFG032106(gb|WP_014092025)	39.640	111	61	5	74	184	418	522	2.73e-18	82.0
g3542.t1	VFG050291(gb|WP_014302131)	41.593	113	58	5	68	178	241	347	3.26e-15	72.4
g3542.t1	VFG043441(gb|WP_002287386)	35.922	103	53	4	69	166	416	510	5.37e-15	72.4
g3542.t1	VFG050290(gb|WP_010934947)	35.246	122	55	4	66	167	440	557	5.29e-13	66.6
g1247.t1	VFG006734(gb|WP_010990501)	37.838	111	65	3	36	146	351	457	2.43e-12	63.2
g1247.t1	VFG032105(gb|WP_015455583)	37.736	106	62	3	41	146	372	473	9.41e-12	61.6
g1247.t1	VFG019354(gb|WP_003734471)	37.736	106	62	3	41	146	366	467	9.75e-12	61.6
g1247.t1	VFG032085(gb|WP_003727266)	37.736	106	62	3	41	146	368	469	9.76e-12	61.6
g1247.t1	VFG032084(gb|WP_014600574)	37.736	106	62	3	41	146	367	468	1.00e-11	61.6
g1247.t1	VFG032102(gb|WP_014601267)	37.736	106	62	3	41	146	369	470	1.03e-11	61.2
g1247.t1	VFG000070(gb|NP_464110)	37.736	106	62	3	41	146	373	474	1.04e-11	61.2
g1247.t1	VFG032086(gb|WP_014601353)	37.736	106	62	3	41	146	375	476	1.04e-11	61.2
g1247.t1	VFG032100(gb|WP_014601750)	37.736	106	62	3	41	146	369	470	1.04e-11	61.2
g1247.t1	VFG032082(gb|WP_072215780)	37.736	106	62	3	41	146	371	472	1.05e-11	61.2
g1247.t1	VFG032087(gb|WP_077906786)	37.736	106	62	3	41	146	373	474	1.05e-11	61.2
g1247.t1	VFG006733(gb|WP_074384921)	37.736	106	62	3	41	146	366	467	1.05e-11	61.2
g1247.t1	VFG032095(gb|WP_077906972)	37.736	106	62	3	41	146	361	462	1.35e-11	61.2
g1247.t1	VFG019355(gb|WP_012581841)	37.736	106	62	3	41	146	361	462	1.35e-11	61.2
g1247.t1	VFG032106(gb|WP_014092025)	36.275	102	61	3	43	144	415	512	4.43e-10	56.6
g1247.t1	VFG050291(gb|WP_014302131)	36.145	83	48	2	47	129	248	325	1.12e-08	52.4
g1247.t1	VFG043441(gb|WP_002287386)	33.628	113	58	4	21	128	401	501	2.46e-08	51.6
g1330.t1	VFG032106(gb|WP_014092025)	40.708	113	59	6	154	266	418	522	1.10e-17	82.4
g1330.t1	VFG032100(gb|WP_014601750)	38.333	120	66	6	147	266	367	478	2.86e-17	80.9
g1330.t1	VFG032082(gb|WP_072215780)	38.333	120	66	6	147	266	369	480	2.87e-17	80.9
g1330.t1	VFG032087(gb|WP_077906786)	38.333	120	66	6	147	266	371	482	2.88e-17	80.9
g1330.t1	VFG019355(gb|WP_012581841)	38.333	120	66	6	147	266	359	470	2.97e-17	80.9
g1330.t1	VFG032105(gb|WP_015455583)	38.333	120	66	6	147	266	370	481	2.99e-17	80.9
g1330.t1	VFG032095(gb|WP_077906972)	38.333	120	66	6	147	266	359	470	3.00e-17	80.9
g1330.t1	VFG032084(gb|WP_014600574)	38.333	120	66	6	147	266	365	476	3.01e-17	80.9
g1330.t1	VFG032102(gb|WP_014601267)	38.333	120	66	6	147	266	367	478	3.17e-17	80.9
g1330.t1	VFG000070(gb|NP_464110)	38.333	120	66	6	147	266	371	482	3.20e-17	80.9
g1330.t1	VFG032086(gb|WP_014601353)	38.333	120	66	6	147	266	373	484	3.21e-17	80.9
g1330.t1	VFG019354(gb|WP_003734471)	38.333	120	66	6	147	266	364	475	3.43e-17	80.9
g1330.t1	VFG032085(gb|WP_003727266)	38.333	120	66	6	147	266	366	477	3.45e-17	80.9
g1330.t1	VFG006733(gb|WP_074384921)	38.333	120	66	6	147	266	364	475	4.56e-17	80.5
g1330.t1	VFG006734(gb|WP_010990501)	38.333	120	66	6	147	266	354	465	5.80e-17	80.1
g1330.t1	VFG050291(gb|WP_014302131)	34.259	108	63	4	145	252	238	337	3.34e-15	74.3
g1330.t1	VFG043441(gb|WP_002287386)	36.893	103	50	5	154	251	421	513	1.38e-14	73.2
g1330.t1	VFG050290(gb|WP_010934947)	30.081	123	60	4	147	249	441	557	3.74e-14	72.0
g2070.t1	VFG006734(gb|WP_010990501)	38.750	80	48	1	81	160	362	440	1.06e-11	62.4
g2070.t1	VFG006733(gb|WP_074384921)	37.500	80	49	1	81	160	372	450	3.11e-11	61.2
g2070.t1	VFG050291(gb|WP_014302131)	41.975	81	44	2	81	161	248	325	3.11e-11	60.8
g2070.t1	VFG032106(gb|WP_014092025)	37.500	80	49	1	81	160	419	497	3.17e-11	61.2
g2070.t1	VFG019354(gb|WP_003734471)	37.500	80	49	1	81	160	372	450	3.42e-11	61.2
g2070.t1	VFG032085(gb|WP_003727266)	37.500	80	49	1	81	160	374	452	3.42e-11	61.2
g2070.t1	VFG032102(gb|WP_014601267)	37.500	80	49	1	81	160	375	453	3.91e-11	60.8
g2070.t1	VFG032105(gb|WP_015455583)	37.500	80	49	1	81	160	378	456	3.92e-11	60.8
g2070.t1	VFG000070(gb|NP_464110)	37.500	80	49	1	81	160	379	457	3.93e-11	60.8
g2070.t1	VFG032086(gb|WP_014601353)	37.500	80	49	1	81	160	381	459	3.93e-11	60.8
g2070.t1	VFG032100(gb|WP_014601750)	37.500	80	49	1	81	160	375	453	3.95e-11	60.8
g2070.t1	VFG032082(gb|WP_072215780)	37.500	80	49	1	81	160	377	455	3.96e-11	60.8
g2070.t1	VFG032087(gb|WP_077906786)	37.500	80	49	1	81	160	379	457	3.96e-11	60.8
g2070.t1	VFG032084(gb|WP_014600574)	37.500	80	49	1	81	160	373	451	4.06e-11	60.8
g2070.t1	VFG032095(gb|WP_077906972)	37.500	80	49	1	81	160	367	445	4.20e-11	60.8
g2070.t1	VFG019355(gb|WP_012581841)	37.500	80	49	1	81	160	367	445	4.20e-11	60.8
g2070.t1	VFG043441(gb|WP_002287386)	30.000	80	56	0	81	160	422	501	2.20e-07	50.1
