g422.t1	VFG001233(gb|NP_249106)	100.000	168	0	0	1	168	1	168	1.42e-116	327
g422.t1	VFG014080(gb|WP_003084602)	98.214	168	3	0	1	168	1	168	7.32e-115	322
g422.t1	VFG019774(gb|WP_012613503)	98.214	168	3	0	1	168	1	168	1.02e-113	319
g422.t1	VFG014079(gb|WP_012074003)	95.238	168	8	0	1	168	1	168	5.48e-97	277
g422.t1	VFG014090(gb|WP_011914952)	65.476	168	46	2	1	168	1	156	1.56e-68	204
g422.t1	VFG014089(gb|WP_011920662)	63.924	158	55	1	11	168	1	156	2.00e-62	189
g422.t1	VFG014083(gb|WP_002551743)	60.510	157	60	1	11	167	1	155	1.82e-57	176
g422.t1	VFG014081(gb|WP_005769407)	59.236	157	62	1	11	167	1	155	9.30e-56	172
g422.t1	VFG014082(gb|WP_011266436)	59.236	157	62	1	11	167	1	155	1.22e-55	172
g422.t1	VFG014088(gb|WP_011336361)	57.534	146	60	1	23	168	12	155	2.06e-53	166
g422.t1	VFG014087(gb|WP_011063996)	59.286	140	55	1	23	162	8	145	1.97e-51	161
g422.t1	VFG019775(gb|WP_015886332)	54.861	144	63	1	24	167	9	150	6.47e-50	157
g422.t1	VFG014086(gb|WP_011536043)	55.862	145	61	2	23	167	11	152	1.43e-44	144
g422.t1	VFG015643(gb|WP_012312419)	54.483	145	63	2	23	167	11	152	1.42e-42	139
g422.t1	VFG015642(gb|WP_012274547)	55.862	145	61	2	23	167	11	152	1.99e-42	138
g422.t1	VFG014084(gb|WP_003249336)	55.862	145	61	2	23	167	11	152	2.17e-42	138
g422.t1	VFG014085(gb|WP_012053911)	55.862	145	61	2	23	167	11	152	2.69e-42	138
