g2905.t1	VFG007946(gb|NP_217473)	100.000	256	0	0	1	256	20	275	0.0	524
g2905.t1	VFG008727(gb|WP_015303658)	99.609	256	1	0	1	256	20	275	0.0	523
g2905.t1	VFG008738(gb|YP_007958959)	99.219	256	2	0	1	256	20	275	0.0	520
g2905.t1	VFG008728(gb|WP_015291076)	98.828	256	3	0	1	256	20	275	0.0	519
g2905.t1	VFG023862(gb|WP_014942402)	66.667	246	77	2	1	242	1	245	1.63e-115	331
g2905.t1	VFG023863(gb|WP_036429265)	72.398	221	60	1	1	220	1	221	3.16e-115	330
g2905.t1	VFG023865(gb|WP_041785051)	71.041	221	63	1	1	220	1	221	1.01e-111	322
g2905.t1	VFG023864(gb|WP_014380399)	71.041	221	63	1	1	220	1	221	1.10e-110	319
g2905.t1	VFG007951(gb|WP_003876142)	68.778	221	68	1	1	220	1	221	3.22e-107	310
g2905.t1	VFG008744(gb|WP_020822867)	69.585	217	65	1	5	220	1	217	2.75e-106	308
g2905.t1	VFG002691(gb|WP_002208589)	31.797	217	136	6	7	216	4	215	9.65e-24	95.9
g2905.t1	VFG017347(gb|WP_012105562)	31.797	217	136	6	7	216	4	215	1.24e-23	95.5
g2905.t1	VFG019019(gb|WP_012304488)	29.680	219	139	8	7	216	4	216	6.27e-21	88.6
g2905.t1	VFG001341(gb|WP_000362087)	37.391	115	70	2	7	121	5	117	2.98e-19	85.1
g2905.t1	VFG006083(gb|WP_011681443)	33.058	121	78	3	1	121	1	118	4.58e-16	76.3
g2905.t1	VFG016393(gb|WP_001208782)	31.933	119	78	3	1	119	6	121	5.63e-15	73.2
g2905.t1	VFG011779(gb|WP_011049888)	31.707	123	83	1	4	126	2	123	8.03e-15	72.8
g2905.t1	VFG016374(gb|WP_000908873)	35.455	110	69	2	5	114	2	109	1.29e-14	72.0
g2905.t1	VFG017767(gb|WP_011989867)	34.821	112	70	3	4	114	2	111	2.19e-14	71.2
g2905.t1	VFG005926(gb|WP_011227240)	35.849	106	66	2	5	110	6	109	3.69e-14	70.9
g2905.t1	VFG011771(gb|WP_011049886)	29.167	120	84	1	4	123	2	120	4.15e-14	70.5
g2905.t1	VFG006043(gb|WP_011837192)	32.121	165	90	7	6	164	3	151	1.33e-13	69.3
g2905.t1	VFG046726(gb|WP_012280810)	37.079	89	55	1	7	95	5	92	1.91e-13	68.6
g2905.t1	VFG046740(gb|WP_013922877)	35.955	89	56	1	7	95	8	95	2.00e-13	68.6
g2905.t1	VFG046736(gb|WP_014549986)	35.484	93	59	1	3	95	4	95	2.74e-13	68.2
g2905.t1	VFG046734(gb|WP_015083854)	35.484	93	58	2	3	95	4	94	3.41e-13	68.2
g2905.t1	VFG046725(gb|WP_003039928)	34.409	93	60	1	3	95	4	95	1.13e-12	66.6
g2905.t1	VFG046727(gb|WP_003016703)	34.409	93	60	1	3	95	4	95	1.20e-12	66.2
g2905.t1	VFG050195(gb|WP_000272144)	32.632	95	63	1	1	95	1	94	1.94e-12	65.9
g2905.t1	VFG019124(gb|WP_000573793)	24.900	249	160	7	7	239	5	242	2.46e-12	65.5
g2905.t1	VFG005983(gb|YP_001197940)	35.870	92	58	1	7	98	5	95	5.32e-12	64.7
g2905.t1	VFG046748(gb|WP_003032069)	32.609	92	61	1	4	95	8	98	5.66e-12	64.7
g2905.t1	VFG046742(gb|WP_003016702)	32.609	92	61	1	4	95	8	98	5.99e-12	64.3
g2905.t1	VFG018008(gb|WP_041176357)	34.188	117	73	3	4	119	5	118	6.07e-12	64.7
g2905.t1	VFG046732(gb|WP_003020707)	33.333	93	61	1	3	95	4	95	6.82e-12	64.3
g2905.t1	VFG005941(gb|WP_000415346)	36.264	91	57	1	5	95	6	95	6.93e-12	64.3
g2905.t1	VFG046730(gb|WP_012429563)	33.333	93	61	1	3	95	4	95	7.15e-12	64.3
g2905.t1	VFG005929(gb|WP_000591737)	30.172	116	79	2	1	116	5	118	9.31e-12	63.9
g2905.t1	VFG005930(gb|WP_000591736)	30.172	116	79	2	1	116	5	118	1.01e-11	63.5
g2905.t1	VFG046745(gb|WP_012429562)	31.522	92	62	1	4	95	8	98	1.30e-11	63.5
g2905.t1	VFG046756(gb|WP_013922878)	33.684	95	62	1	1	95	1	94	1.49e-11	63.2
g2905.t1	VFG046747(gb|WP_003020709)	31.522	92	62	1	4	95	8	98	1.76e-11	63.2
g2905.t1	VFG005868(gb|WP_011681166)	34.831	89	57	1	7	95	8	95	2.33e-11	62.8
g2905.t1	VFG001940(gb|YP_002344532)	35.165	91	59	0	7	97	5	95	2.36e-11	62.4
g2905.t1	VFG011775(gb|WP_011049887)	40.244	82	48	1	7	88	5	85	3.25e-11	62.4
g2905.t1	VFG046752(gb|WP_014549985)	32.609	92	61	1	4	95	8	98	4.07e-11	62.0
g2905.t1	VFG046749(gb|WP_014548569)	32.967	91	60	1	5	95	4	93	5.64e-11	61.6
g2905.t1	VFG001962(gb|YP_002344817)	29.221	154	97	6	3	155	6	148	6.14e-11	62.0
g2905.t1	VFG046741(gb|WP_003039924)	31.522	92	62	1	4	95	8	98	6.88e-11	61.2
g2905.t1	VFG006036(gb|WP_011837191)	30.328	122	80	4	1	121	1	118	8.53e-11	60.8
g2905.t1	VFG005942(gb|WP_000660895)	34.831	89	57	1	7	95	6	93	1.07e-10	60.8
g2905.t1	VFG023790(gb|WP_013649463)	27.731	119	83	2	3	121	4	119	1.98e-10	60.1
g2905.t1	VFG019126(gb|WP_000389894)	32.967	91	60	1	5	95	4	93	2.39e-10	59.7
g2905.t1	VFG013356(gb|WP_041174820)	33.684	95	63	0	1	95	1	95	2.85e-10	58.9
g2905.t1	VFG001342(gb|WP_000420465)	37.634	93	55	2	4	95	2	92	2.89e-10	59.3
g2905.t1	VFG013354(gb|WP_005648226)	33.684	95	63	0	1	95	1	95	3.05e-10	58.9
g2905.t1	VFG048860(gb|WP_032420445)	24.444	180	124	6	5	177	4	178	4.03e-10	58.5
g2905.t1	VFG012083(gb|WP_002868945)	28.571	126	82	3	4	126	2	122	7.58e-10	58.2
g2905.t1	VFG012081(gb|YP_002344521)	30.526	95	65	1	4	97	2	96	1.02e-09	57.8
g2905.t1	VFG018086(gb|WP_002866141)	30.526	95	65	1	4	97	2	96	1.04e-09	57.8
g2905.t1	VFG012082(gb|WP_002867212)	30.526	95	65	1	4	97	2	96	1.07e-09	57.8
g2905.t1	VFG038028(gb|WP_000898289)	29.000	100	66	2	2	97	5	103	1.36e-09	57.4
g2905.t1	VFG017839(gb|WP_011989876)	30.526	95	65	1	4	97	2	96	1.65e-09	57.0
g2905.t1	VFG001939(gb|YP_002344531)	36.145	83	51	2	8	89	6	87	1.87e-09	57.4
g2905.t1	VFG006085(gb|WP_011681444)	32.824	131	78	4	6	133	3	126	2.00e-09	57.0
g2905.t1	VFG017990(gb|WP_012006776)	33.333	96	63	1	1	96	1	95	2.26e-09	57.0
g2905.t1	VFG037945(gb|WP_000961495)	28.571	91	63	1	5	95	2	90	3.40e-09	56.2
g2905.t1	VFG001966(gb|YP_002344821)	29.365	126	86	3	4	129	7	129	3.57e-09	57.0
g2905.t1	VFG017991(gb|WP_012006777)	23.699	173	116	5	7	178	5	162	3.74e-09	56.2
g2905.t1	VFG049021(gb|WP_014838935)	32.967	91	61	0	5	95	9	99	5.02e-09	56.2
g2905.t1	VFG013487(gb|WP_005694185)	25.521	192	129	5	5	187	1	187	5.26e-09	55.5
g2905.t1	VFG049022(gb|WP_014230049)	32.967	91	61	0	5	95	9	99	5.81e-09	55.8
g2905.t1	VFG001937(gb|YP_002344529)	35.802	81	50	2	8	87	6	85	6.39e-09	55.8
g2905.t1	VFG011721(gb|WP_002860361)	34.091	88	56	2	1	87	1	87	7.20e-09	55.8
g2905.t1	VFG001947(gb|YP_002344538)	30.851	94	65	0	4	97	2	95	7.37e-09	55.1
g2905.t1	VFG002186(gb|WP_002387129)	35.000	100	57	3	7	103	327	421	7.72e-09	55.8
g2905.t1	VFG049025(gb|YP_005227844)	27.660	94	68	0	2	95	6	99	8.09e-09	55.5
g2905.t1	VFG011787(gb|WP_011049890)	30.851	94	65	0	4	97	2	95	9.06e-09	54.7
g2905.t1	VFG018016(gb|WP_002866163)	30.851	94	65	0	4	97	2	95	9.13e-09	54.7
g2905.t1	VFG011718(gb|WP_009882950)	33.333	90	58	2	1	89	1	89	1.32e-08	55.1
g2905.t1	VFG011812(gb|WP_002869015)	30.851	94	65	0	4	97	2	95	1.66e-08	53.9
g2905.t1	VFG013488(gb|WP_011272753)	25.521	192	129	5	5	187	1	187	1.81e-08	53.9
g2905.t1	VFG001968(gb|YP_002344823)	35.802	81	50	2	8	87	6	85	3.29e-08	53.5
g2905.t1	VFG023792(gb|WP_005158196)	34.783	92	58	2	7	97	5	95	4.50e-08	52.8
g2905.t1	VFG013489(gb|WP_005658221)	25.521	192	129	5	5	187	1	187	5.42e-08	52.4
g2905.t1	VFG017769(gb|WP_011989865)	29.787	94	66	0	4	97	2	95	9.50e-08	51.6
g2905.t1	VFG013490(gb|WP_010944821)	28.125	192	124	5	5	187	1	187	1.13e-07	51.6
g2905.t1	VFG005994(gb|WP_011837189)	23.529	238	169	6	5	240	4	230	1.71e-07	51.6
g2905.t1	VFG005971(gb|YP_001197939)	33.858	127	68	4	7	118	5	130	2.52e-07	50.8
g2905.t1	VFG048906(gb|WP_015958705)	22.527	182	133	4	2	177	3	182	3.24e-07	50.1
g2905.t1	VFG036091(gb|WP_014580486)	31.579	95	62	1	4	95	19	113	3.53e-07	50.4
g2905.t1	VFG026323(gb|WP_006484938)	31.000	100	67	2	4	103	388	485	8.15e-07	49.7
g2905.t1	VFG036098(gb|WP_014582281)	30.208	96	63	1	4	95	19	114	1.91e-06	48.1
g2905.t1	VFG000244(gb|WP_002257440)	31.959	97	61	2	4	95	19	115	3.42e-06	47.4
g2905.t1	VFG013474(gb|WP_010944479)	28.571	91	65	0	5	95	4	94	3.57e-06	47.4
g2905.t1	VFG018757(gb|WP_002248149)	30.208	96	63	1	4	95	19	114	3.88e-06	47.0
g2905.t1	VFG006096(gb|WP_002256215)	30.208	96	63	1	4	95	19	114	4.14e-06	47.0
g2905.t1	VFG036092(gb|WP_014574249)	30.208	96	63	1	4	95	19	114	4.22e-06	47.0
g2905.t1	VFG006094(gb|WP_002247149)	30.208	96	63	1	4	95	19	114	4.25e-06	47.0
g2905.t1	VFG049096(gb|WP_004144144)	31.111	90	60	2	7	95	11	99	6.98e-06	46.6
g2905.t1	VFG049060(gb|WP_004899398)	31.111	90	60	2	7	95	11	99	7.64e-06	46.2
g2905.t1	VFG036096(gb|WP_014580925)	29.474	95	64	1	4	95	3	97	8.77e-06	46.2
g2905.t1	VFG036099(gb|WP_002237121)	29.474	95	64	1	4	95	3	97	9.01e-06	45.8
g2905.t1	VFG049029(gb|WP_014907241)	31.111	90	60	2	7	95	11	99	9.76e-06	46.2
g1972.t1	VFG017347(gb|WP_012105562)	28.163	245	157	9	1	234	1	237	2.43e-17	78.6
g1972.t1	VFG002691(gb|WP_002208589)	27.755	245	158	9	1	234	1	237	3.32e-17	78.2
g1972.t1	VFG019019(gb|WP_012304488)	29.200	250	148	9	1	226	1	245	9.08e-16	74.3
g1972.t1	VFG023862(gb|WP_014942402)	28.837	215	132	8	22	223	22	228	2.14e-15	73.2
g1972.t1	VFG007946(gb|NP_217473)	28.402	169	104	5	22	180	41	202	1.37e-12	65.9
g1972.t1	VFG008727(gb|WP_015303658)	28.402	169	104	5	22	180	41	202	1.48e-12	65.5
g1972.t1	VFG008738(gb|YP_007958959)	28.402	169	104	5	22	180	41	202	1.56e-12	65.5
g1972.t1	VFG008728(gb|WP_015291076)	28.402	169	104	5	22	180	41	202	3.40e-12	64.7
g1972.t1	VFG023865(gb|WP_041785051)	27.368	190	123	7	22	201	22	206	8.47e-12	63.2
g1972.t1	VFG023863(gb|WP_036429265)	26.596	188	125	5	1	180	1	183	2.03e-11	62.4
g1972.t1	VFG023864(gb|WP_014380399)	27.368	190	123	8	22	201	22	206	3.28e-11	61.6
g1972.t1	VFG008744(gb|WP_020822867)	27.545	167	108	6	22	180	18	179	3.70e-10	58.5
g1972.t1	VFG007951(gb|WP_003876142)	25.234	214	139	7	1	201	1	206	1.46e-09	57.0
g1972.t1	VFG006083(gb|WP_011681443)	29.897	97	64	2	3	98	6	99	4.20e-07	50.1
g1972.t1	VFG023792(gb|WP_005158196)	31.579	95	60	2	3	95	4	95	1.05e-06	48.5
g1972.t1	VFG005868(gb|WP_011681166)	33.333	75	47	2	21	93	22	95	1.38e-06	48.5
g1972.t1	VFG006036(gb|WP_011837191)	25.862	116	82	2	3	117	6	118	2.07e-06	47.8
