g4613.t1	VFG000114(gb|NP_253218)	100.000	290	0	0	1	290	1	290	0.0	577
g4613.t1	VFG019731(gb|WP_003107301)	99.655	290	1	0	1	290	1	290	0.0	574
g4613.t1	VFG013797(gb|WP_003141356)	98.966	290	3	0	1	290	1	290	0.0	569
g4613.t1	VFG013796(gb|WP_012077297)	95.862	290	12	0	1	290	1	290	0.0	524
g4613.t1	VFG013800(gb|WP_011167726)	78.966	290	61	0	1	290	1	290	6.55e-161	449
g4613.t1	VFG013798(gb|WP_005770019)	79.310	290	60	0	1	290	1	290	1.34e-160	448
g4613.t1	VFG013799(gb|WP_011266634)	77.931	290	64	0	1	290	1	290	4.78e-157	439
g4613.t1	VFG013807(gb|WP_011912245)	77.163	289	66	0	1	289	1	289	1.37e-153	430
g4613.t1	VFG013806(gb|WP_011920936)	78.201	289	63	0	1	289	1	289	5.85e-144	406
g4613.t1	VFG019732(gb|WP_163825659)	71.587	271	77	0	20	290	4	274	1.26e-141	399
g4613.t1	VFG013801(gb|WP_010951890)	64.360	289	102	1	1	289	1	288	2.86e-131	374
g4613.t1	VFG013804(gb|WP_011063522)	72.414	290	80	0	1	290	1	290	3.69e-131	373
g4613.t1	VFG013805(gb|WP_011335981)	68.966	290	90	0	1	290	1	290	5.24e-131	373
g4613.t1	VFG013802(gb|WP_003247536)	64.014	289	103	1	1	289	1	288	5.92e-130	370
g4613.t1	VFG015615(gb|WP_012316339)	65.398	289	99	1	1	289	1	288	2.86e-129	369
g4613.t1	VFG015614(gb|WP_012270394)	65.724	283	96	1	7	289	7	288	1.13e-127	364
g4613.t1	VFG013803(gb|WP_011535703)	65.603	282	96	1	7	288	7	287	3.12e-116	335
g4613.t1	VFG038317(gb|WP_016352170)	59.431	281	113	1	5	284	6	286	7.16e-105	306
g4613.t1	VFG038316(gb|WP_011707571)	59.786	281	112	1	5	284	6	286	2.28e-104	305
g4613.t1	VFG038318(gb|WP_005314162)	58.596	285	116	2	3	285	4	288	1.14e-100	296
g4613.t1	VFG038319(gb|WP_013723412)	58.099	284	118	1	3	285	4	287	2.14e-98	290
g4613.t1	VFG006914(gb|WP_000418747)	55.357	280	117	3	10	284	7	283	5.45e-96	284
g4613.t1	VFG006916(gb|WP_005490359)	51.590	283	135	2	4	284	1	283	6.35e-96	284
g4613.t1	VFG006917(gb|WP_011079548)	51.736	288	131	3	4	286	1	285	2.53e-91	272
g4613.t1	VFG006918(gb|WP_043877313)	51.389	288	132	3	4	286	1	285	2.49e-90	270
g4613.t1	VFG050486(gb|WP_001152277.1)	50.530	283	137	2	3	284	4	284	7.65e-90	268
g4613.t1	VFG050490(gb|WP_001152280.1)	50.530	283	137	2	3	284	4	284	9.10e-90	268
g4613.t1	VFG042932(gb|WP_012031428)	52.574	272	119	3	20	286	18	284	4.14e-89	266
g4613.t1	VFG010452(gb|WP_011213806)	47.857	280	146	0	7	286	6	285	4.37e-89	266
g4613.t1	VFG050493(gb|WP_001152276.1)	50.530	283	137	2	3	284	4	284	4.92e-89	266
g4613.t1	VFG001882(gb|WP_015444491)	47.857	280	146	0	7	286	6	285	6.05e-89	266
g4613.t1	VFG010454(gb|WP_011946525)	47.857	280	146	0	7	286	6	285	7.20e-89	266
g4613.t1	VFG050488(gb|WP_001152269.1)	50.177	283	138	2	3	284	4	284	7.28e-89	266
g4613.t1	VFG006919(gb|WP_011262625)	51.546	291	132	4	1	285	1	288	1.54e-88	265
g4613.t1	VFG010453(gb|WP_011215548)	47.500	280	147	0	7	286	6	285	5.17e-88	264
g4613.t1	VFG040982(gb|WP_016726067)	56.338	284	115	4	1	280	1	279	8.79e-86	258
g4613.t1	VFG040902(gb|WP_011038216)	51.049	286	138	2	6	290	3	287	9.40e-86	258
g4613.t1	VFG006157(gb|WP_003689814)	50.190	263	126	2	20	281	17	275	9.20e-83	250
g4613.t1	VFG050484(gb|WP_001152285.1)	50.177	283	138	2	3	284	4	284	1.28e-82	250
g4613.t1	VFG000234(gb|WP_002212335)	48.921	278	136	3	5	281	3	275	1.85e-82	249
g4613.t1	VFG036283(gb|WP_013448432)	49.810	263	127	2	20	281	17	275	3.74e-82	249
g4613.t1	VFG036280(gb|WP_014581768)	48.201	278	138	3	5	281	3	275	2.59e-81	246
g4613.t1	VFG018774(gb|WP_002226036)	49.057	265	130	2	18	281	15	275	2.68e-81	246
g4613.t1	VFG006154(gb|WP_002220276)	47.842	278	139	3	5	281	3	275	7.36e-81	245
g4613.t1	VFG036273(gb|WP_002216403)	47.842	278	139	3	5	281	3	275	9.35e-81	245
g4613.t1	VFG006156(gb|WP_002241067)	47.482	278	140	3	5	281	3	275	2.68e-80	244
g4613.t1	VFG045697(gb|WP_003631625)	49.438	267	134	1	20	286	19	284	7.06e-80	243
g4613.t1	VFG050485(gb|YP_001083393.1)	51.822	247	116	2	39	284	1	245	3.64e-78	237
g4613.t1	VFG024866(gb|WP_006487139)	52.256	266	117	3	18	276	32	294	3.05e-77	237
g4613.t1	VFG024867(gb|WP_012327860)	51.685	267	119	3	18	277	32	295	3.91e-76	234
g4613.t1	VFG002428(gb|WP_004194127)	51.698	265	120	3	18	277	35	296	6.04e-74	228
g4613.t1	VFG024876(gb|WP_009888805)	51.880	266	118	4	18	277	35	296	6.78e-73	226
g4613.t1	VFG024872(gb|WP_004527778)	51.321	265	121	3	18	277	35	296	9.18e-73	225
g4613.t1	VFG024864(gb|WP_011544512)	52.256	266	117	3	18	276	32	294	2.84e-72	224
g4613.t1	VFG042847(gb|WP_003015759)	43.609	266	143	3	16	279	10	270	1.26e-70	219
g4613.t1	VFG046259(gb|WP_014715308)	41.667	264	151	2	16	279	10	270	1.33e-70	219
g4613.t1	VFG046252(gb|WP_014547981)	43.182	264	147	2	16	279	10	270	3.98e-70	218
g4613.t1	VFG046244(gb|WP_003042564)	43.609	266	143	3	16	279	10	270	6.63e-70	217
g4613.t1	VFG046251(gb|WP_003026210)	43.233	266	144	3	16	279	10	270	8.76e-70	217
g4613.t1	VFG046245(gb|WP_004287600)	41.667	264	151	2	16	279	10	270	8.88e-70	217
g4613.t1	VFG046255(gb|WP_014549852)	43.609	266	143	3	16	279	10	270	9.08e-70	217
g4613.t1	VFG046260(gb|WP_013923293)	42.308	260	147	2	20	279	14	270	7.07e-68	212
g4613.t1	VFG003570(gb|WP_032903074)	47.451	255	119	1	20	274	20	259	9.36e-67	209
g4613.t1	VFG040996(gb|WP_004084594)	46.693	257	135	2	30	285	27	282	2.66e-65	206
g4613.t1	VFG040904(gb|WP_011094622)	46.245	253	131	4	20	269	21	271	1.43e-63	201
g4613.t1	VFG040942(gb|WP_000096786)	44.906	265	146	0	5	269	6	270	5.72e-62	197
g4613.t1	VFG040971(gb|WP_008807384)	44.128	281	140	4	1	279	1	266	1.30e-55	180
g4613.t1	VFG023617(gb|WP_013649361)	38.722	266	160	2	15	280	11	273	6.31e-53	174
g4613.t1	VFG042769(gb|ABU50050)	36.604	265	141	5	22	274	15	264	1.40e-45	155
g4613.t1	VFG042783(gb|BAB62907)	32.714	269	154	4	19	275	12	265	1.56e-41	144
g4613.t1	VFG042843(gb|WP_003462279)	32.472	271	145	7	20	284	7	245	4.95e-37	132
g4613.t1	VFG042905(gb|WP_012908548)	37.736	265	133	8	18	263	13	264	2.83e-36	130
g4613.t1	VFG042819(gb|WP_003663394)	33.588	262	144	5	20	280	20	252	1.26e-29	112
g4613.t1	VFG000102(gb|WP_000456980)	29.333	225	140	4	20	242	11	218	1.02e-24	99.8
g4613.t1	VFG000757(gb|WP_001158204)	29.278	263	165	6	14	275	6	248	9.03e-23	94.4
g4613.t1	VFG013117(gb|WP_011608614)	30.597	134	89	2	142	274	95	225	3.90e-09	55.8
g4613.t1	VFG013112(gb|WP_005694370)	30.137	146	91	4	128	271	85	221	3.08e-08	53.1
g4613.t1	VFG013113(gb|WP_011271970)	29.530	149	94	4	128	274	85	224	5.11e-08	52.4
g3208.t1	VFG040971(gb|WP_008807384)	54.032	124	52	3	22	143	136	256	2.88e-29	107
g3208.t1	VFG006916(gb|WP_005490359)	43.571	140	77	2	8	146	133	271	1.04e-27	103
g3208.t1	VFG013801(gb|WP_010951890)	43.846	130	72	1	16	145	142	270	1.49e-26	100
g3208.t1	VFG019732(gb|WP_163825659)	41.221	131	76	1	16	146	127	256	4.91e-26	99.4
g3208.t1	VFG013802(gb|WP_003247536)	43.846	130	72	1	16	145	142	270	1.00e-25	99.0
g3208.t1	VFG038317(gb|WP_016352170)	45.736	129	67	2	18	145	147	273	1.51e-25	98.6
g3208.t1	VFG038316(gb|WP_011707571)	45.736	129	67	2	18	145	147	273	1.54e-25	98.6
g3208.t1	VFG015614(gb|WP_012270394)	42.748	131	74	1	16	146	142	271	1.67e-25	98.2
g3208.t1	VFG006914(gb|WP_000418747)	43.796	137	75	2	8	143	133	268	2.22e-25	97.8
g3208.t1	VFG040904(gb|WP_011094622)	47.619	126	61	2	20	143	149	271	4.59e-24	94.4
g3208.t1	VFG015615(gb|WP_012316339)	39.231	130	78	1	16	145	142	270	4.90e-23	91.7
g3208.t1	VFG006919(gb|WP_011262625)	44.961	129	69	2	18	145	147	274	6.70e-23	91.7
g3208.t1	VFG038319(gb|WP_013723412)	45.312	128	69	1	18	145	147	273	1.15e-22	90.9
g3208.t1	VFG013807(gb|WP_011912245)	45.038	131	71	1	16	146	143	272	2.01e-22	90.1
g3208.t1	VFG006917(gb|WP_011079548)	39.583	144	82	3	6	145	128	270	8.38e-22	88.6
g3208.t1	VFG006918(gb|WP_043877313)	39.583	144	82	3	6	145	128	270	1.55e-21	87.8
g3208.t1	VFG013799(gb|WP_011266634)	43.846	130	72	1	16	145	143	271	2.45e-21	87.4
g3208.t1	VFG013800(gb|WP_011167726)	43.511	131	73	1	16	146	143	272	2.96e-21	87.0
g3208.t1	VFG013798(gb|WP_005770019)	43.846	130	72	1	16	145	143	271	3.21e-21	87.0
g3208.t1	VFG003570(gb|WP_032903074)	43.846	130	68	2	18	145	130	256	5.58e-21	85.9
g3208.t1	VFG024864(gb|WP_011544512)	44.000	125	69	1	22	146	167	290	7.03e-21	86.3
g3208.t1	VFG024867(gb|WP_012327860)	44.000	125	69	1	22	146	167	290	7.25e-21	86.3
g3208.t1	VFG024866(gb|WP_006487139)	42.636	129	73	1	18	146	163	290	9.48e-21	85.9
g3208.t1	VFG013806(gb|WP_011920936)	50.000	96	47	1	50	145	177	271	1.55e-20	85.1
g3208.t1	VFG038318(gb|WP_005314162)	45.312	128	69	1	18	145	148	274	2.31e-20	84.7
g3208.t1	VFG046259(gb|WP_014715308)	35.338	133	83	1	12	144	132	261	6.72e-20	83.2
g3208.t1	VFG046252(gb|WP_014547981)	35.766	137	85	1	8	144	128	261	1.08e-19	82.8
g3208.t1	VFG042932(gb|WP_012031428)	42.857	126	65	3	22	146	151	270	2.28e-19	82.0
g3208.t1	VFG046244(gb|WP_003042564)	36.496	137	84	1	8	144	128	261	3.24e-19	81.6
g3208.t1	VFG042847(gb|WP_003015759)	36.496	137	84	1	8	144	128	261	3.38e-19	81.3
g3208.t1	VFG046255(gb|WP_014549852)	36.496	137	84	1	8	144	128	261	4.55e-19	80.9
g3208.t1	VFG046245(gb|WP_004287600)	34.586	133	84	1	12	144	132	261	5.60e-19	80.9
g3208.t1	VFG013803(gb|WP_011535703)	46.316	95	50	1	52	146	178	271	1.13e-18	80.1
g3208.t1	VFG046251(gb|WP_003026210)	35.766	137	85	1	8	144	128	261	1.25e-18	79.7
g3208.t1	VFG046260(gb|WP_013923293)	34.586	133	84	1	12	144	132	261	1.85e-18	79.3
g3208.t1	VFG024872(gb|WP_004527778)	45.038	131	71	1	16	146	162	291	5.01e-18	78.6
g3208.t1	VFG002428(gb|WP_004194127)	45.038	131	71	1	16	146	162	291	5.06e-18	78.6
g3208.t1	VFG024876(gb|WP_009888805)	45.038	131	71	1	16	146	162	291	6.08e-18	78.2
g3208.t1	VFG040982(gb|WP_016726067)	46.457	127	66	2	19	145	146	270	8.04e-18	77.8
g3208.t1	VFG013805(gb|WP_011335981)	44.681	94	51	1	52	145	179	271	9.00e-18	77.8
g3208.t1	VFG036280(gb|WP_014581768)	36.496	137	82	1	9	145	134	265	1.42e-17	77.0
g3208.t1	VFG050488(gb|WP_001152269.1)	38.281	128	76	1	18	145	147	271	1.97e-17	76.6
g3208.t1	VFG050490(gb|WP_001152280.1)	38.281	128	76	1	18	145	147	271	2.04e-17	76.6
g3208.t1	VFG050486(gb|WP_001152277.1)	38.281	128	76	1	18	145	147	271	2.08e-17	76.6
g3208.t1	VFG013796(gb|WP_012077297)	44.792	96	52	1	51	146	178	272	2.28e-17	76.6
g3208.t1	VFG040902(gb|WP_011038216)	35.417	144	88	2	9	152	133	271	2.35e-17	76.6
g3208.t1	VFG040942(gb|WP_000096786)	43.382	136	72	2	10	143	138	270	3.00e-17	76.3
g3208.t1	VFG036283(gb|WP_013448432)	37.313	134	79	1	12	145	137	265	5.89e-17	75.5
g3208.t1	VFG000234(gb|WP_002212335)	37.313	134	79	1	12	145	137	265	6.20e-17	75.5
g3208.t1	VFG019731(gb|WP_003107301)	44.211	95	52	1	51	145	178	271	8.96e-17	75.1
g3208.t1	VFG000114(gb|NP_253218)	44.211	95	52	1	51	145	178	271	9.24e-17	75.1
g3208.t1	VFG050484(gb|WP_001152285.1)	37.500	128	77	1	18	145	147	271	1.60e-16	74.3
g3208.t1	VFG013797(gb|WP_003141356)	43.750	96	53	1	51	146	178	272	1.92e-16	73.9
g3208.t1	VFG006157(gb|WP_003689814)	35.766	137	83	1	9	145	134	265	2.20e-16	73.9
g3208.t1	VFG050493(gb|WP_001152276.1)	37.500	128	77	1	18	145	147	271	2.41e-16	73.9
g3208.t1	VFG050485(gb|YP_001083393.1)	37.500	128	77	1	18	145	108	232	2.65e-16	73.2
g3208.t1	VFG006154(gb|WP_002220276)	35.766	137	83	1	9	145	134	265	4.43e-16	73.2
g3208.t1	VFG018774(gb|WP_002226036)	35.766	137	83	1	9	145	134	265	4.48e-16	73.2
g3208.t1	VFG006156(gb|WP_002241067)	35.766	137	83	1	9	145	134	265	4.53e-16	73.2
g3208.t1	VFG036273(gb|WP_002216403)	36.567	134	80	1	12	145	137	265	4.71e-16	72.8
g3208.t1	VFG040996(gb|WP_004084594)	36.806	144	86	2	9	152	133	271	5.38e-16	72.8
g3208.t1	VFG042819(gb|WP_003663394)	34.058	138	88	1	9	146	110	244	3.67e-14	67.4
g3208.t1	VFG023617(gb|WP_013649361)	34.109	129	81	2	18	145	139	264	2.93e-12	62.4
g3208.t1	VFG042783(gb|BAB62907)	31.618	136	83	3	18	145	128	261	9.33e-12	60.8
g3208.t1	VFG013804(gb|WP_011063522)	42.708	96	54	1	51	146	178	272	1.13e-11	60.8
g3208.t1	VFG042769(gb|ABU50050)	31.677	161	94	4	8	155	118	275	1.43e-11	60.5
g3208.t1	VFG010452(gb|WP_011213806)	33.871	124	81	1	22	145	148	270	5.41e-11	58.9
g3208.t1	VFG010454(gb|WP_011946525)	33.871	124	81	1	22	145	148	270	6.15e-11	58.9
g3208.t1	VFG001882(gb|WP_015444491)	33.871	124	81	1	22	145	148	270	7.87e-11	58.5
g3208.t1	VFG010453(gb|WP_011215548)	33.871	124	81	1	22	145	148	270	8.02e-11	58.5
g3208.t1	VFG013117(gb|WP_011608614)	35.714	98	59	2	49	146	130	223	1.39e-09	54.7
g3208.t1	VFG042905(gb|WP_012908548)	35.789	95	60	1	3	96	121	215	7.10e-07	47.4
g3208.t1	VFG045697(gb|WP_003631625)	36.170	94	59	1	52	145	177	269	8.29e-07	47.0
g3208.t1	VFG013112(gb|WP_005694370)	32.979	94	57	2	52	145	134	221	8.50e-06	43.9
