g318.t1	VFG041139(gb|WP_006485337)	54.286	245	109	3	13	254	19	263	9.07e-94	276
g318.t1	VFG043099(gb|WP_001302033)	41.502	253	141	3	8	253	14	266	1.99e-59	189
g318.t1	VFG043047(gb|NP_460907)	40.711	253	143	3	8	253	14	266	2.37e-58	186
g318.t1	VFG006370(gb|WP_011116321)	26.471	204	133	7	7	197	16	215	5.39e-15	72.4
g318.t1	VFG043140(gb|WP_005462861)	28.114	281	157	14	8	247	15	291	2.80e-13	68.2
g318.t1	VFG011639(gb|WP_011732101)	25.738	237	153	10	23	246	35	261	7.44e-13	66.6
g318.t1	VFG001983(gb|YP_002344319)	24.473	237	156	11	23	246	31	257	2.07e-12	65.1
g318.t1	VFG011638(gb|WP_002865903)	24.473	237	156	11	23	246	31	257	3.05e-12	64.7
g318.t1	VFG011637(gb|WP_002867450)	24.473	237	156	11	23	246	31	257	5.92e-12	63.9
g318.t1	VFG017733(gb|WP_011990106)	24.051	237	157	11	23	246	31	257	1.27e-11	62.8
g3545.t1	VFG043099(gb|WP_001302033)	26.172	256	183	4	6	258	8	260	1.64e-25	101
g3545.t1	VFG043047(gb|NP_460907)	26.953	256	181	4	6	258	8	260	9.27e-24	96.7
g3545.t1	VFG041139(gb|WP_006485337)	24.896	241	161	5	27	258	27	256	1.87e-16	77.0
g1826.t1	VFG043047(gb|NP_460907)	100.000	266	0	0	1	266	1	266	0.0	531
g1826.t1	VFG043099(gb|WP_001302033)	91.729	266	22	0	1	266	1	266	1.19e-179	494
g1826.t1	VFG041139(gb|WP_006485337)	46.218	238	122	3	31	265	27	261	2.84e-67	209
g1826.t1	VFG011639(gb|WP_011732101)	29.183	257	163	7	13	259	14	261	9.44e-25	99.4
g1826.t1	VFG011638(gb|WP_002865903)	30.075	266	166	9	5	259	1	257	6.07e-23	94.4
g1826.t1	VFG001983(gb|YP_002344319)	30.075	266	166	9	5	259	1	257	1.01e-22	94.0
g1826.t1	VFG017733(gb|WP_011990106)	30.075	266	166	9	5	259	1	257	1.25e-22	93.6
g1826.t1	VFG011637(gb|WP_002867450)	29.699	266	167	9	5	259	1	257	1.38e-22	93.6
g1826.t1	VFG006370(gb|WP_011116321)	30.888	259	159	10	11	259	10	258	2.57e-20	87.4
g1826.t1	VFG043140(gb|WP_005462861)	25.352	284	177	6	14	262	10	293	3.10e-14	71.2
