g1096.t1	VFG001239(gb|NP_249772)	100.000	249	0	0	1	249	1	249	0.0	508
g1096.t1	VFG014201(gb|WP_012076726)	99.197	249	2	0	1	249	1	249	0.0	505
g1096.t1	VFG014211(gb|WP_003247066)	79.920	249	47	1	1	249	1	246	6.48e-146	407
g1096.t1	VFG014212(gb|WP_020307317)	78.000	250	50	2	1	249	1	246	5.26e-144	402
g1096.t1	VFG014209(gb|WP_011059949)	71.888	249	67	2	1	249	1	246	1.01e-132	374
g1096.t1	VFG014208(gb|WP_011534929)	72.691	249	63	2	1	248	1	245	4.63e-132	372
g1096.t1	VFG014210(gb|WP_011333016)	71.888	249	67	2	1	249	1	246	1.53e-131	371
g1096.t1	VFG014207(gb|WP_012051600)	71.084	249	67	2	1	248	1	245	1.15e-130	369
g1096.t1	VFG014206(gb|WP_010955101)	71.084	249	67	2	1	248	1	245	4.77e-130	367
g1096.t1	VFG015652(gb|WP_012273526)	71.084	249	67	2	1	248	1	245	5.74e-130	367
g1096.t1	VFG015653(gb|WP_042111635)	70.565	248	70	1	1	248	1	245	5.67e-129	364
g1096.t1	VFG014203(gb|WP_005767027)	69.880	249	70	2	1	248	1	245	1.39e-128	363
g1096.t1	VFG014205(gb|WP_004658719)	69.478	249	71	2	1	248	1	245	1.60e-128	363
g1096.t1	VFG014204(gb|WP_003316785)	69.076	249	72	2	1	248	1	245	7.85e-128	362
g1096.t1	VFG019800(gb|WP_015885209)	67.600	250	76	2	1	249	1	246	2.37e-127	360
g1096.t1	VFG038794(gb|WP_005334159)	50.996	251	118	4	1	249	1	248	5.47e-82	245
g1096.t1	VFG038792(gb|WP_011706640)	51.779	253	113	5	1	249	1	248	1.63e-81	244
g1096.t1	VFG038793(gb|WP_005320205)	50.598	251	119	3	1	249	1	248	7.10e-81	243
g1096.t1	VFG007334(gb|WP_000373284)	50.598	251	120	4	1	249	1	249	2.91e-78	236
g1096.t1	VFG007339(gb|WP_011262375)	48.800	250	124	4	1	248	1	248	5.47e-75	228
g1096.t1	VFG007337(gb|WP_011078337)	47.826	253	124	4	1	249	1	249	4.63e-74	225
g1096.t1	VFG007336(gb|WP_005462290)	47.431	253	125	4	1	249	1	249	8.33e-74	224
g1096.t1	VFG007338(gb|WP_011149747)	47.431	253	125	4	1	249	1	249	2.22e-73	223
g1096.t1	VFG038875(gb|WP_005314261)	43.902	246	132	4	1	246	1	240	6.56e-67	207
g1096.t1	VFG043187(gb|AAZ99749)	43.902	246	132	4	1	246	1	240	1.52e-66	206
g1096.t1	VFG025663(gb|WP_004525901)	42.578	256	137	4	1	249	1	253	2.28e-66	206
g1096.t1	VFG025667(gb|WP_009893442)	42.969	256	136	4	1	249	1	253	2.83e-66	206
g1096.t1	VFG002512(gb|WP_004185014)	42.188	256	138	4	1	249	1	253	1.24e-65	204
g1096.t1	VFG025657(gb|WP_006485699)	41.961	255	139	4	1	249	1	252	1.23e-64	201
g1096.t1	VFG025655(gb|WP_006477563)	41.569	255	140	4	1	249	1	252	4.68e-64	200
g1096.t1	VFG001995(gb|WP_010946952)	40.637	251	141	2	1	247	1	247	2.82e-58	185
g1096.t1	VFG003434(gb|WP_011192165)	39.526	253	147	3	1	249	1	251	8.39e-57	181
g1096.t1	VFG020240(gb|WP_012413655)	39.526	253	147	3	1	249	1	251	1.02e-56	181
g1096.t1	VFG002347(gb|WP_011816608)	38.492	252	151	3	1	249	1	251	6.45e-54	174
g1096.t1	VFG043131(gb|WP_005464045)	37.975	237	139	4	1	236	1	230	2.51e-53	172
g1096.t1	VFG023672(gb|WP_005160440)	38.095	252	152	3	1	249	1	251	2.72e-53	172
g1096.t1	VFG043078(gb|WP_000349287)	38.095	252	152	3	1	249	1	251	5.92e-53	171
g1096.t1	VFG043026(gb|NP_460149)	38.095	252	152	3	1	249	1	251	1.28e-49	163
g1096.t1	VFG011289(gb|WP_003817181)	36.475	244	149	5	1	239	1	243	5.19e-49	161
g1096.t1	VFG011290(gb|WP_003811885)	36.066	244	150	5	1	239	1	243	1.78e-47	157
g1096.t1	VFG011292(gb|WP_012417361)	37.143	245	147	6	1	239	1	244	1.10e-45	153
g1096.t1	VFG006701(gb|WP_000946438)	33.716	261	138	11	1	236	1	251	3.25e-29	110
g1096.t1	VFG006700(gb|WP_000946433)	33.074	257	145	9	1	236	1	251	5.55e-29	110
g1096.t1	VFG001996(gb|WP_010946953)	30.534	262	145	10	1	236	1	251	9.10e-29	109
g1096.t1	VFG006702(gb|WP_000946437)	32.685	257	146	9	1	236	1	251	1.12e-28	109
g1096.t1	VFG001240(gb|NP_249773)	31.418	261	144	8	1	236	1	251	2.32e-28	108
g1096.t1	VFG038876(gb|WP_005314259)	33.083	266	133	8	1	236	1	251	2.32e-28	108
g1096.t1	VFG006703(gb|WP_011577213)	32.685	257	146	9	1	236	1	251	2.34e-28	108
g1096.t1	VFG043188(gb|AAZ99750)	33.083	266	133	8	1	236	15	265	2.51e-28	108
g1096.t1	VFG014216(gb|WP_002554310)	31.660	259	139	10	5	236	5	252	1.08e-27	106
g1096.t1	VFG014217(gb|WP_003412455)	31.660	259	139	10	5	236	5	252	1.30e-27	106
g1096.t1	VFG014225(gb|WP_011912565)	31.349	252	148	8	5	236	5	251	1.30e-27	106
g1096.t1	VFG019802(gb|WP_005790105)	31.907	257	140	10	5	236	5	251	2.31e-27	105
g1096.t1	VFG014222(gb|WP_011059950)	32.157	255	142	10	5	236	5	251	9.64e-26	101
g1096.t1	VFG014220(gb|WP_012051601)	32.031	256	141	11	5	236	5	251	1.78e-25	100
g1096.t1	VFG011295(gb|WP_003811883)	29.643	280	146	13	1	248	1	261	2.60e-25	100
g1096.t1	VFG014224(gb|WP_003247067)	31.395	258	140	10	5	236	5	251	3.10e-25	100
g1096.t1	VFG015655(gb|WP_012315556)	31.395	258	140	10	5	236	5	251	4.24e-25	99.8
g1096.t1	VFG043231(gb|WP_002211430)	29.213	267	144	8	1	237	1	252	6.49e-25	99.4
g1096.t1	VFG014223(gb|WP_011333017)	31.395	258	140	10	5	236	5	251	6.98e-25	99.0
g1096.t1	VFG002513(gb|WP_004197257)	27.715	267	146	8	1	236	1	251	9.42e-25	99.0
g1096.t1	VFG014221(gb|WP_011534928)	31.518	257	141	10	5	236	5	251	9.44e-25	99.0
g1096.t1	VFG011293(gb|WP_010930325)	29.391	279	148	12	1	248	1	261	1.25e-24	98.6
g1096.t1	VFG014219(gb|WP_010955100)	28.358	268	135	9	5	236	5	251	1.10e-23	95.9
g1096.t1	VFG015654(gb|WP_012273525)	28.358	268	135	9	5	236	5	251	2.00e-23	95.1
g1096.t1	VFG025680(gb|WP_009893440)	27.170	265	150	7	1	236	1	251	4.07e-23	94.4
g1096.t1	VFG006575(gb|WP_011115930)	31.746	252	136	9	23	243	23	269	6.00e-23	94.4
g1096.t1	VFG025670(gb|WP_006485706)	28.358	268	145	9	1	237	1	252	1.17e-22	93.2
g1096.t1	VFG025669(gb|WP_006477564)	28.358	268	145	9	1	237	1	252	1.22e-22	93.2
g1096.t1	VFG025668(gb|WP_011546414)	28.358	268	145	9	1	237	1	252	1.26e-22	93.2
g1096.t1	VFG020239(gb|WP_012413656)	28.517	263	167	8	1	245	1	260	1.43e-22	92.8
g1096.t1	VFG003433(gb|WP_011192166)	28.889	270	157	11	1	245	1	260	1.95e-22	92.4
g1096.t1	VFG006704(gb|WP_011115921)	29.344	259	152	9	1	236	1	251	4.71e-22	91.7
g1096.t1	VFG043079(gb|WP_000625837)	29.231	260	151	11	1	236	1	251	1.04e-21	90.5
g1096.t1	VFG043027(gb|NP_460150)	28.846	260	152	11	1	236	1	251	1.85e-21	90.1
g1096.t1	VFG016777(gb|WP_005767784)	34.231	260	137	12	1	246	1	240	2.60e-21	89.4
g1096.t1	VFG007330(gb|WP_005382032)	29.670	273	134	10	1	236	1	252	6.55e-21	88.6
g1096.t1	VFG002346(gb|WP_005160438)	29.119	261	150	12	1	236	1	251	7.02e-21	88.6
g1096.t1	VFG038788(gb|WP_011706639)	28.346	254	154	8	1	232	1	248	1.26e-20	87.8
g1096.t1	VFG011296(gb|WP_012417362)	29.078	282	145	14	1	248	1	261	1.29e-20	87.8
g1096.t1	VFG019581(gb|WP_001179161)	30.769	247	137	10	23	243	23	261	2.34e-20	87.0
g1096.t1	VFG011925(gb|WP_011731853)	27.027	259	160	10	1	237	1	252	4.06e-20	86.3
g1096.t1	VFG007331(gb|WP_011078336)	29.304	273	135	11	1	236	1	252	5.46e-20	85.9
g1096.t1	VFG019579(gb|WP_001179197)	30.364	247	138	9	23	243	23	261	1.85e-19	84.7
g1096.t1	VFG019580(gb|WP_001179199)	30.364	247	138	9	23	243	23	261	2.62e-19	84.3
g1096.t1	VFG006572(gb|WP_001179202)	30.364	247	138	9	23	243	23	261	2.81e-19	84.3
g1096.t1	VFG007333(gb|WP_011262374)	28.897	263	141	11	1	232	1	248	3.79e-19	83.6
g1096.t1	VFG007328(gb|WP_001182097)	28.517	263	150	10	1	236	1	252	4.51e-19	83.6
g1096.t1	VFG017800(gb|WP_011990419)	29.008	262	152	11	1	237	1	253	5.12e-19	83.6
g1096.t1	VFG006574(gb|WP_011577691)	30.364	247	138	10	23	243	23	261	1.05e-18	82.8
g1096.t1	VFG001913(gb|YP_002344116)	29.008	262	152	11	1	237	1	253	1.09e-18	82.4
g1096.t1	VFG043314(gb|WP_011860711)	27.341	267	153	10	1	243	1	250	1.67e-18	82.0
g1096.t1	VFG006573(gb|WP_001179244)	29.960	247	139	9	23	243	23	261	2.27e-18	81.6
g1096.t1	VFG043132(gb|WP_005481471)	28.464	267	146	8	1	237	1	252	3.12e-18	81.3
g1096.t1	VFG016772(gb|WP_005767770)	27.068	266	168	8	3	247	2	262	3.30e-18	81.3
g1096.t1	VFG006571(gb|WP_001179185)	29.150	247	141	9	23	243	23	261	1.84e-17	79.3
g1096.t1	VFG038789(gb|WP_005320202)	28.958	259	146	12	1	232	1	248	7.95e-17	77.4
g1096.t1	VFG038790(gb|WP_005334158)	28.125	256	152	10	1	232	1	248	8.53e-17	77.4
g1096.t1	VFG043315(gb|WP_009901767)	27.059	255	155	8	1	237	1	242	3.40e-14	70.1
g1096.t1	VFG011919(gb|WP_002852052)	28.455	246	135	9	23	238	23	257	3.46e-14	70.1
g1096.t1	VFG001912(gb|YP_002344115)	28.980	245	135	9	23	238	23	257	6.62e-14	69.3
g1096.t1	VFG017799(gb|WP_011990420)	28.980	245	135	8	23	238	23	257	7.53e-14	69.3
g1096.t1	VFG018047(gb|WP_002854829)	28.980	245	135	9	23	238	23	257	8.30e-14	68.9
g1096.t1	VFG011920(gb|WP_002868838)	28.745	247	133	10	23	238	23	257	1.15e-12	65.9
g1096.t1	VFG011921(gb|WP_002848864)	28.049	246	135	11	23	238	23	256	4.60e-12	64.3
g1096.t1	VFG017778(gb|WP_011989460)	30.147	136	77	2	5	128	5	134	7.50e-10	58.5
g1096.t1	VFG011836(gb|WP_002866624)	30.370	135	76	2	5	127	5	133	7.71e-10	58.5
g1096.t1	VFG001891(gb|YP_002343514)	30.370	135	76	2	5	127	5	133	7.93e-10	58.5
g1096.t1	VFG014193(gb|WP_010955102)	28.472	144	84	4	7	144	5	135	9.39e-09	55.1
g1096.t1	VFG018063(gb|WP_012006803)	31.884	138	79	5	1	123	1	138	1.43e-07	52.0
g1096.t1	VFG014191(gb|WP_011268459)	31.624	117	65	5	7	113	5	116	1.59e-07	51.6
g1096.t1	VFG011983(gb|WP_009883169)	31.884	138	79	5	1	123	1	138	1.64e-07	51.6
g1096.t1	VFG011982(gb|WP_011050019)	31.884	138	79	5	1	123	1	138	1.76e-07	51.6
g1096.t1	VFG015650(gb|WP_012273528)	29.032	155	97	5	7	153	5	154	1.78e-07	51.2
g1096.t1	VFG001930(gb|YP_002345095)	31.884	138	79	5	1	123	1	138	1.82e-07	51.6
g1096.t1	VFG015651(gb|WP_012315559)	25.882	170	96	5	7	161	5	159	2.33e-07	50.8
g1096.t1	VFG011984(gb|WP_011732339)	26.950	141	82	4	1	123	1	138	3.12e-07	50.8
g1096.t1	VFG043230(gb|WP_002211432)	32.787	122	71	3	9	123	1	118	3.50e-07	50.4
g1096.t1	VFG014199(gb|WP_011912563)	25.301	166	115	4	7	168	5	165	4.25e-07	50.1
g1096.t1	VFG014196(gb|WP_011062740)	30.328	122	68	5	7	118	5	119	4.29e-07	50.1
g1096.t1	VFG011837(gb|WP_011731673)	26.027	146	97	3	6	140	6	151	4.87e-07	50.1
g1096.t1	VFG006645(gb|WP_011116543)	30.323	155	88	5	1	139	1	151	5.42e-07	50.1
g1096.t1	VFG007340(gb|WP_000122825)	29.299	157	77	6	4	133	1	150	5.83e-07	49.7
g1096.t1	VFG014197(gb|WP_011335507)	29.060	117	74	4	7	117	5	118	8.26e-07	49.3
g1096.t1	VFG017814(gb|WP_011991001)	31.159	138	80	5	1	123	1	138	1.54e-06	48.9
g1096.t1	VFG007343(gb|WP_011078338)	30.597	134	72	5	4	123	1	127	2.19e-06	48.1
g1096.t1	VFG043253(gb|NP_464209)	24.590	244	149	9	3	223	2	233	6.58e-06	46.2
g1096.t1	VFG019622(gb|WP_000946426)	28.777	139	83	4	1	123	1	139	8.15e-06	46.6
g1096.t1	VFG019621(gb|WP_000946398)	28.777	139	83	4	1	123	1	139	8.76e-06	46.2
g1096.t1	VFG006644(gb|WP_011578093)	28.777	139	83	4	1	123	1	139	8.76e-06	46.2
g1096.t1	VFG006641(gb|WP_000946429)	28.777	139	83	4	1	123	1	139	8.84e-06	46.2
g1096.t1	VFG000278(gb|WP_000946389)	28.777	139	83	4	1	123	1	139	8.84e-06	46.2
g1096.t1	VFG014198(gb|WP_012019040)	29.060	117	66	4	7	113	5	114	9.05e-06	46.2
g1096.t1	VFG006643(gb|WP_000946397)	28.777	139	83	4	1	123	1	139	9.33e-06	46.2
g1096.t1	VFG019620(gb|WP_000946410)	28.777	139	83	4	1	123	1	139	9.68e-06	46.2
g1097.t1	VFG043026(gb|NP_460149)	100.000	251	0	0	1	251	1	251	0.0	503
g1097.t1	VFG043078(gb|WP_000349287)	86.454	251	34	0	1	251	1	251	1.70e-159	442
g1097.t1	VFG002347(gb|WP_011816608)	69.721	251	76	0	1	251	1	251	5.87e-125	355
g1097.t1	VFG023672(gb|WP_005160440)	69.721	251	76	0	1	251	1	251	1.79e-124	353
g1097.t1	VFG003434(gb|WP_011192165)	68.924	251	78	0	1	251	1	251	2.77e-123	350
g1097.t1	VFG020240(gb|WP_012413655)	68.526	251	79	0	1	251	1	251	1.50e-122	348
g1097.t1	VFG025663(gb|WP_004525901)	54.054	259	105	5	1	251	1	253	5.96e-83	248
g1097.t1	VFG025655(gb|WP_006477563)	54.651	258	104	5	1	251	1	252	6.87e-83	248
g1097.t1	VFG025667(gb|WP_009893442)	53.668	259	106	5	1	251	1	253	1.75e-82	247
g1097.t1	VFG025657(gb|WP_006485699)	54.651	258	104	5	1	251	1	252	3.49e-82	246
g1097.t1	VFG002512(gb|WP_004185014)	53.668	259	106	5	1	251	1	253	3.89e-82	246
g1097.t1	VFG011292(gb|WP_012417361)	50.988	253	119	5	1	249	1	252	2.98e-75	229
g1097.t1	VFG011289(gb|WP_003817181)	48.016	252	127	4	1	249	1	251	3.01e-70	216
g1097.t1	VFG011290(gb|WP_003811885)	48.016	252	127	4	1	249	1	251	3.05e-70	216
g1097.t1	VFG014212(gb|WP_020307317)	40.476	252	143	2	1	251	1	246	2.74e-57	182
g1097.t1	VFG007338(gb|WP_011149747)	40.551	254	143	4	1	251	1	249	1.18e-53	173
g1097.t1	VFG007337(gb|WP_011078337)	40.551	254	143	4	1	251	1	249	1.65e-53	173
g1097.t1	VFG007339(gb|WP_011262375)	40.316	253	143	4	1	250	1	248	2.54e-53	172
g1097.t1	VFG001995(gb|WP_010946952)	36.364	253	149	3	1	248	1	246	3.20e-53	172
g1097.t1	VFG014203(gb|WP_005767027)	37.849	251	149	2	1	250	1	245	8.15e-52	168
g1097.t1	VFG014205(gb|WP_004658719)	37.849	251	149	2	1	250	1	245	1.00e-51	168
g1097.t1	VFG015653(gb|WP_042111635)	39.669	242	139	2	1	241	1	236	1.83e-51	167
g1097.t1	VFG007334(gb|WP_000373284)	38.976	254	147	4	1	251	1	249	2.32e-51	167
g1097.t1	VFG014211(gb|WP_003247066)	38.340	253	147	4	1	251	1	246	2.59e-51	167
g1097.t1	VFG014204(gb|WP_003316785)	37.450	251	150	2	1	250	1	245	2.68e-51	167
g1097.t1	VFG014206(gb|WP_010955101)	39.669	242	139	2	1	241	1	236	5.12e-51	166
g1097.t1	VFG014207(gb|WP_012051600)	38.430	242	142	2	1	241	1	236	5.95e-51	166
g1097.t1	VFG015652(gb|WP_012273526)	39.256	242	140	2	1	241	1	236	1.43e-50	165
g1097.t1	VFG019800(gb|WP_015885209)	38.095	252	149	3	1	251	1	246	2.04e-50	165
g1097.t1	VFG038792(gb|WP_011706640)	40.551	254	142	5	1	251	1	248	4.21e-50	164
g1097.t1	VFG014209(gb|WP_011059949)	38.492	252	148	2	1	251	1	246	4.68e-50	164
g1097.t1	VFG014201(gb|WP_012076726)	36.905	252	155	2	1	251	1	249	4.88e-50	164
g1097.t1	VFG038793(gb|WP_005320205)	40.157	254	143	5	1	251	1	248	7.88e-50	163
g1097.t1	VFG001239(gb|NP_249772)	38.095	252	152	3	1	251	1	249	1.29e-49	163
g1097.t1	VFG014208(gb|WP_011534929)	38.843	242	141	2	1	241	1	236	1.90e-49	162
g1097.t1	VFG038794(gb|WP_005334159)	40.157	254	143	5	1	251	1	248	3.17e-49	162
g1097.t1	VFG007336(gb|WP_005462290)	39.370	254	146	4	1	251	1	249	3.19e-49	162
g1097.t1	VFG043187(gb|AAZ99749)	36.948	249	149	2	1	249	1	241	3.75e-49	161
g1097.t1	VFG038875(gb|WP_005314261)	36.948	249	149	2	1	249	1	241	1.32e-48	160
g1097.t1	VFG014210(gb|WP_011333016)	36.905	252	152	2	1	251	1	246	1.17e-47	158
g1097.t1	VFG043131(gb|WP_005464045)	35.341	249	153	2	1	249	1	241	6.17e-47	156
g1097.t1	VFG017800(gb|WP_011990419)	31.835	267	156	11	1	247	1	261	8.81e-21	88.2
g1097.t1	VFG001913(gb|YP_002344116)	32.576	264	151	11	3	247	6	261	9.56e-21	88.2
g1097.t1	VFG011295(gb|WP_003811883)	30.924	249	142	8	21	247	21	261	6.21e-20	85.9
g1097.t1	VFG016772(gb|WP_005767770)	35.000	260	126	12	8	239	8	252	7.82e-20	85.5
g1097.t1	VFG011293(gb|WP_010930325)	30.522	249	143	8	21	247	21	261	3.44e-19	84.0
g1097.t1	VFG017799(gb|WP_011990420)	28.302	265	149	10	1	236	1	253	4.58e-18	80.9
g1097.t1	VFG038789(gb|WP_005320202)	30.488	246	131	9	20	238	20	252	1.07e-17	79.7
g1097.t1	VFG043231(gb|WP_002211430)	28.846	260	156	10	1	239	1	252	1.38e-17	79.3
g1097.t1	VFG002513(gb|WP_004197257)	28.676	272	141	10	1	239	1	252	3.92e-17	78.2
g1097.t1	VFG001912(gb|YP_002344115)	27.925	265	150	10	1	236	1	253	4.41e-17	78.2
g1097.t1	VFG018047(gb|WP_002854829)	27.925	265	150	10	1	236	1	253	5.67e-17	77.8
g1097.t1	VFG025680(gb|WP_009893440)	28.839	267	147	10	1	239	1	252	6.96e-17	77.4
g1097.t1	VFG011919(gb|WP_002852052)	28.302	265	149	10	1	236	1	253	1.04e-16	77.4
g1097.t1	VFG025668(gb|WP_011546414)	29.213	267	146	10	1	239	1	252	1.14e-16	77.0
g1097.t1	VFG006701(gb|WP_000946438)	30.418	263	146	12	1	238	1	251	1.55e-16	76.6
g1097.t1	VFG014225(gb|WP_011912565)	29.719	249	149	9	10	239	11	252	1.58e-16	76.6
g1097.t1	VFG002346(gb|WP_005160438)	29.839	248	145	7	21	247	21	260	1.74e-16	76.6
g1097.t1	VFG025669(gb|WP_006477564)	29.213	267	146	10	1	239	1	252	1.82e-16	76.3
g1097.t1	VFG025670(gb|WP_006485706)	29.213	267	146	10	1	239	1	252	2.16e-16	76.3
g1097.t1	VFG006702(gb|WP_000946437)	30.418	263	146	12	1	238	1	251	2.19e-16	76.3
g1097.t1	VFG011920(gb|WP_002868838)	27.925	265	150	10	1	236	1	253	2.22e-16	76.3
g1097.t1	VFG038788(gb|WP_011706639)	29.098	244	137	8	20	238	20	252	2.37e-16	76.3
g1097.t1	VFG001240(gb|NP_249773)	29.317	249	150	9	10	239	11	252	2.97e-16	75.9
g1097.t1	VFG014222(gb|WP_011059950)	29.046	241	140	9	21	239	21	252	3.12e-16	75.9
g1097.t1	VFG006700(gb|WP_000946433)	30.038	263	147	12	1	238	1	251	3.23e-16	75.9
g1097.t1	VFG006703(gb|WP_011577213)	30.418	263	146	12	1	238	1	251	3.75e-16	75.5
g1097.t1	VFG038876(gb|WP_005314259)	28.462	260	157	8	1	239	1	252	7.61e-16	74.7
g1097.t1	VFG043188(gb|AAZ99750)	28.462	260	157	8	1	239	15	266	8.36e-16	74.7
g1097.t1	VFG019802(gb|WP_005790105)	28.870	239	139	9	23	239	23	252	1.04e-15	74.3
g1097.t1	VFG011296(gb|WP_012417362)	30.120	249	144	8	21	247	21	261	1.05e-15	74.3
g1097.t1	VFG014224(gb|WP_003247067)	29.249	253	145	11	10	239	11	252	1.28e-15	73.9
g1097.t1	VFG003433(gb|WP_011192166)	29.167	240	141	7	21	239	21	252	1.94e-15	73.6
g1097.t1	VFG020239(gb|WP_012413656)	29.167	240	141	7	21	239	21	252	3.07e-15	73.2
g1097.t1	VFG001996(gb|WP_010946953)	28.689	244	137	10	20	238	20	251	3.61e-15	72.8
g1097.t1	VFG014221(gb|WP_011534928)	28.750	240	142	8	21	239	21	252	4.63e-15	72.4
g1097.t1	VFG038790(gb|WP_005334158)	29.675	246	133	9	20	238	20	252	6.01e-15	72.4
g1097.t1	VFG011925(gb|WP_011731853)	26.592	267	169	7	1	247	1	260	6.50e-15	72.0
g1097.t1	VFG007330(gb|WP_005382032)	31.102	254	139	8	20	248	20	262	6.84e-15	72.0
g1097.t1	VFG006704(gb|WP_011115921)	29.183	257	157	10	1	238	1	251	7.18e-15	72.0
g1097.t1	VFG043314(gb|WP_011860711)	25.954	262	151	9	1	238	1	243	1.05e-14	71.6
g1097.t1	VFG043079(gb|WP_000625837)	31.128	257	130	11	21	247	21	260	1.14e-14	71.2
g1097.t1	VFG014223(gb|WP_011333017)	28.452	239	140	9	23	239	23	252	1.14e-14	71.2
g1097.t1	VFG015655(gb|WP_012315556)	28.631	241	141	9	21	239	21	252	2.40e-14	70.5
g1097.t1	VFG043027(gb|NP_460150)	31.128	257	130	11	21	247	21	260	2.45e-14	70.5
g1097.t1	VFG014219(gb|WP_010955100)	28.512	242	140	9	21	239	21	252	3.71e-14	70.1
g1097.t1	VFG015654(gb|WP_012273525)	27.801	241	143	8	21	239	21	252	6.27e-14	69.3
g1097.t1	VFG014216(gb|WP_002554310)	27.519	258	157	10	4	239	4	253	7.95e-14	68.9
g1097.t1	VFG014217(gb|WP_003412455)	27.519	258	157	10	4	239	4	253	1.02e-13	68.9
g1097.t1	VFG007331(gb|WP_011078336)	29.804	255	141	9	20	248	20	262	1.57e-13	68.2
g1097.t1	VFG014220(gb|WP_012051601)	27.083	240	146	8	21	239	21	252	1.60e-13	68.2
g1097.t1	VFG006575(gb|WP_011115930)	27.757	263	160	10	1	236	1	260	3.65e-13	67.4
g1097.t1	VFG043132(gb|WP_005481471)	26.718	262	159	10	1	239	1	252	8.23e-13	66.2
g1097.t1	VFG016777(gb|WP_005767784)	28.016	257	159	12	1	248	1	240	1.16e-12	65.5
g1097.t1	VFG043315(gb|WP_009901767)	25.283	265	165	7	1	247	1	250	1.49e-12	65.5
g1097.t1	VFG007333(gb|WP_011262374)	28.629	248	153	7	20	248	20	262	1.06e-11	63.2
g1097.t1	VFG007328(gb|WP_001182097)	28.458	253	147	8	20	248	20	262	1.96e-11	62.4
g1097.t1	VFG019581(gb|WP_001179161)	26.415	265	153	11	1	236	1	252	1.90e-09	56.6
g1097.t1	VFG043436(gb|WP_001013941)	28.226	248	147	12	21	248	20	256	3.93e-09	55.5
g1097.t1	VFG006571(gb|WP_001179185)	25.725	276	141	10	1	236	1	252	5.00e-09	55.5
g1097.t1	VFG019580(gb|WP_001179199)	25.632	277	140	11	1	236	1	252	1.21e-08	54.3
g1097.t1	VFG006572(gb|WP_001179202)	25.632	277	140	11	1	236	1	252	1.70e-08	53.9
g1097.t1	VFG006573(gb|WP_001179244)	25.632	277	140	11	1	236	1	252	1.94e-08	53.5
g1097.t1	VFG043301(gb|WP_011860704)	24.478	335	139	13	1	239	1	317	3.35e-06	47.4
g1097.t1	VFG002677(gb|WP_002211113)	24.880	209	110	9	7	176	8	208	6.47e-06	46.6
