g155.t1	VFG016101(gb|WP_011533729)	26.932	828	517	28	15	795	17	803	3.81e-54	201
g155.t1	VFG016100(gb|WP_012052858)	27.228	819	515	28	20	795	23	803	1.86e-52	196
g155.t1	VFG016094(gb|WP_012075666)	27.108	830	493	31	29	795	28	808	4.30e-50	189
g155.t1	VFG044365(gb|WP_013318789)	27.730	696	422	31	121	773	56	713	2.12e-47	180
g155.t1	VFG016154(gb|WP_011060591)	25.814	829	550	27	8	795	20	824	1.93e-45	175
g155.t1	VFG016102(gb|WP_011060690)	26.446	847	518	33	10	795	21	823	1.93e-44	172
g155.t1	VFG016099(gb|WP_010954972)	23.480	839	551	27	6	795	16	812	3.85e-44	171
g155.t1	VFG044178(gb|WP_005477483)	28.169	710	391	33	127	795	47	678	3.68e-43	166
g155.t1	VFG020082(gb|WP_025208403)	25.091	825	538	26	17	795	4	794	8.34e-43	167
g155.t1	VFG020085(gb|WP_012723749)	24.910	835	523	32	14	795	28	811	1.52e-42	166
g155.t1	VFG015831(gb|WP_012270408)	25.474	844	543	28	2	795	7	814	1.07e-41	163
g155.t1	VFG016098(gb|WP_011168256)	24.879	828	526	30	8	790	8	784	2.39e-39	156
g155.t1	VFG000163(gb|NP_251088)	25.266	847	524	33	7	795	20	815	7.41e-39	154
g155.t1	VFG016095(gb|WP_003139291)	25.266	847	524	33	7	795	20	815	9.02e-39	154
g155.t1	VFG016097(gb|WP_011267348)	25.854	820	517	33	23	795	28	803	1.24e-38	154
g155.t1	VFG016152(gb|WP_034000074)	28.697	683	403	27	146	790	78	714	1.44e-38	153
g155.t1	VFG016096(gb|WP_046463309)	25.384	847	533	34	3	795	2	803	5.90e-35	142
g155.t1	VFG020096(gb|WP_003118950)	27.900	681	412	29	146	790	78	715	1.53e-33	137
g155.t1	VFG000164(gb|NP_252911)	27.900	681	412	29	146	790	78	715	1.90e-33	137
g155.t1	VFG044341(gb|WP_004160310)	24.788	706	461	27	121	795	39	705	2.50e-32	134
g155.t1	VFG044319(gb|WP_006486047)	26.331	695	451	25	108	769	63	729	1.66e-29	125
g155.t1	VFG044412(gb|AAR12527)	25.760	691	438	32	140	795	76	726	4.07e-29	124
g155.t1	VFG044200(gb|WP_011267792)	24.142	816	537	31	22	795	27	802	9.68e-28	120
g155.t1	VFG044223(gb|WP_011533696)	25.000	676	460	25	140	795	92	740	1.52e-27	119
g155.t1	VFG016104(gb|WP_041773008)	22.558	727	460	23	113	795	29	696	1.39e-22	103
g155.t1	VFG037358(gb|WP_001073030)	23.234	736	509	29	86	795	55	760	1.48e-22	103
g155.t1	VFG044284(gb|WP_012367519)	30.894	246	158	6	552	795	468	703	2.63e-22	102
g155.t1	VFG037355(gb|WP_001073031)	23.098	736	510	29	86	795	55	760	2.91e-22	102
g155.t1	VFG037357(gb|WP_001016285)	23.861	746	499	30	86	795	55	767	5.31e-21	98.6
g155.t1	VFG037356(gb|WP_001016286)	23.861	746	499	30	86	795	55	767	5.45e-21	98.2
g155.t1	VFG037359(gb|YP_001085406)	22.685	745	517	28	86	795	14	734	5.84e-21	98.2
g155.t1	VFG037362(gb|WP_020753359)	22.685	745	517	28	86	795	55	775	5.91e-21	98.2
g155.t1	VFG044124(gb|WP_010930941)	23.496	698	439	32	146	795	84	734	1.06e-20	97.4
g155.t1	VFG016103(gb|WP_011333998)	23.188	759	446	32	108	785	36	738	2.63e-17	86.7
g155.t1	VFG037364(gb|WP_043961076)	28.235	255	160	10	551	795	525	766	7.92e-16	81.6
g155.t1	VFG012634(gb|WP_000792544)	22.203	590	346	24	148	688	48	573	9.33e-10	62.0
g155.t1	VFG012633(gb|WP_000792545)	22.203	590	346	24	148	688	48	573	1.04e-09	62.0
g155.t1	VFG044114(gb|WP_029443809)	24.917	301	184	11	505	770	542	835	6.13e-09	59.7
g155.t1	VFG007263(gb|WP_000086048)	28.230	209	112	9	104	285	4	201	8.59e-08	55.8
g155.t1	VFG007264(gb|WP_000086051)	28.230	209	112	9	104	285	4	201	8.89e-08	55.8
g155.t1	VFG007273(gb|WP_000777823)	27.607	163	102	5	102	251	1	160	4.04e-07	53.5
g155.t1	VFG007272(gb|WP_000777824)	27.607	163	102	5	102	251	1	160	4.40e-07	53.5
g155.t1	VFG044075(gb|YP_002344983)	22.003	709	431	33	154	795	56	709	6.34e-07	53.1
g155.t1	VFG044093(gb|NP_252098)	23.280	189	130	1	20	208	39	212	2.13e-06	51.2
g155.t1	VFG044171(gb|WP_000966628)	31.746	126	73	5	135	249	43	166	2.42e-06	51.2
g155.t1	VFG044375(gb|AAL65282)	28.814	177	105	6	503	670	384	548	4.00e-06	50.4
g155.t1	VFG016189(gb|WP_041924575)	24.771	327	209	11	491	795	356	667	5.78e-06	49.7
g155.t1	VFG001731(gb|WP_001223352)	24.251	334	197	12	490	792	371	679	8.42e-06	49.3
g441.t1	VFG044365(gb|WP_013318789)	25.000	732	473	27	31	726	40	731	1.11e-28	122
g441.t1	VFG020085(gb|WP_012723749)	25.039	643	383	27	5	604	101	687	1.26e-23	106
g441.t1	VFG016101(gb|WP_011533729)	24.719	712	479	25	34	721	116	794	1.81e-23	105
g441.t1	VFG015831(gb|WP_012270408)	25.236	741	440	32	39	730	139	814	3.47e-23	105
g441.t1	VFG016104(gb|WP_041773008)	24.291	741	484	24	11	730	12	696	9.72e-23	103
g441.t1	VFG044341(gb|WP_004160310)	24.381	767	472	30	5	730	6	705	1.09e-22	103
g441.t1	VFG016102(gb|WP_011060690)	24.179	761	425	29	39	730	146	823	3.79e-22	102
g441.t1	VFG016098(gb|WP_011168256)	24.930	710	438	31	57	727	133	786	5.42e-21	98.2
g441.t1	VFG044124(gb|WP_010930941)	23.057	785	485	31	4	730	11	734	1.04e-20	97.1
g441.t1	VFG044178(gb|WP_005477483)	23.151	730	434	29	11	704	10	648	2.26e-20	95.9
g441.t1	VFG016154(gb|WP_011060591)	22.708	709	461	24	67	730	158	824	1.93e-19	93.2
g441.t1	VFG016100(gb|WP_012052858)	23.989	742	490	29	14	721	93	794	2.09e-18	89.7
g441.t1	VFG016097(gb|WP_011267348)	24.429	700	444	28	67	730	153	803	4.66e-18	89.0
g441.t1	VFG044319(gb|WP_006486047)	24.523	734	448	30	35	721	72	746	6.21e-17	85.1
g441.t1	VFG016094(gb|WP_012075666)	26.586	331	204	10	412	722	489	800	1.86e-16	83.6
g441.t1	VFG000164(gb|NP_252911)	22.697	749	454	28	33	730	46	720	9.70e-16	81.3
g441.t1	VFG020096(gb|WP_003118950)	22.697	749	454	28	33	730	46	720	1.42e-15	80.9
g441.t1	VFG016152(gb|WP_034000074)	23.067	750	449	32	33	730	46	719	2.24e-15	80.1
g441.t1	VFG044223(gb|WP_011533696)	25.279	716	460	32	45	730	70	740	1.32e-14	77.8
g441.t1	VFG016103(gb|WP_011333998)	23.484	775	503	26	6	726	6	744	4.22e-14	75.9
g441.t1	VFG016096(gb|WP_046463309)	23.662	710	437	29	67	730	153	803	7.93e-14	75.1
g441.t1	VFG016095(gb|WP_003139291)	29.302	215	136	7	62	268	156	362	1.37e-11	67.8
g441.t1	VFG000163(gb|NP_251088)	29.302	215	136	7	62	268	156	362	1.38e-11	67.8
g441.t1	VFG044242(gb|WP_005311744)	24.793	484	284	20	61	514	37	470	2.70e-10	63.5
g441.t1	VFG016099(gb|WP_010954972)	31.667	120	67	3	62	174	150	261	5.55e-10	62.8
g441.t1	VFG016099(gb|WP_010954972)	22.291	323	212	13	431	730	506	812	1.79e-09	61.2
g441.t1	VFG044200(gb|WP_011267792)	23.306	738	436	39	53	730	135	802	1.85e-08	57.8
g441.t1	VFG044394(gb|AAF33135)	23.759	282	195	7	427	704	395	660	5.32e-08	56.2
g441.t1	VFG037359(gb|YP_001085406)	23.962	313	209	10	431	730	438	734	1.65e-07	54.7
g441.t1	VFG037362(gb|WP_020753359)	24.116	311	207	10	433	730	481	775	1.67e-07	54.7
g441.t1	VFG007272(gb|WP_000777824)	27.673	159	103	3	32	179	5	162	2.85e-07	53.9
g441.t1	VFG007273(gb|WP_000777823)	27.673	159	103	3	32	179	5	162	3.05e-07	53.9
g441.t1	VFG007264(gb|WP_000086051)	31.092	119	68	4	68	174	46	162	1.27e-06	51.6
g441.t1	VFG007263(gb|WP_000086048)	31.092	119	68	4	68	174	46	162	1.27e-06	51.6
g441.t1	VFG044435(gb|CAL44983)	23.885	314	213	10	430	730	393	693	1.80e-06	51.2
g441.t1	VFG044284(gb|WP_012367519)	26.829	205	125	7	536	730	514	703	1.84e-06	51.2
g441.t1	VFG007274(gb|WP_005478149)	26.036	169	110	3	33	189	4	169	4.98e-06	50.1
g441.t1	VFG007270(gb|WP_011152109)	22.535	497	301	25	54	514	27	475	5.81e-06	49.7
g441.t1	VFG020082(gb|WP_025208403)	29.508	122	77	3	57	174	127	243	7.15e-06	49.3
g441.t1	VFG044104(gb|NP_253398)	27.350	117	75	3	67	173	44	160	7.83e-06	49.3
g477.t1	VFG044365(gb|WP_013318789)	37.892	702	420	10	111	802	40	735	4.31e-155	470
g477.t1	VFG016094(gb|WP_012075666)	35.859	792	476	16	31	802	29	808	9.36e-150	458
g477.t1	VFG044319(gb|WP_006486047)	37.377	709	400	17	114	802	71	755	5.39e-136	421
g477.t1	VFG044341(gb|WP_004160310)	34.443	691	419	15	124	802	37	705	1.11e-114	363
g477.t1	VFG016099(gb|WP_010954972)	25.684	841	557	28	1	802	1	812	2.69e-51	192
g477.t1	VFG015831(gb|WP_012270408)	25.650	846	551	31	1	802	1	812	1.88e-48	184
g477.t1	VFG016154(gb|WP_011060591)	25.514	827	550	28	12	798	20	820	9.30e-47	179
g477.t1	VFG016102(gb|WP_011060690)	24.941	846	555	30	1	802	12	821	1.08e-45	176
g477.t1	VFG016101(gb|WP_011533729)	24.879	824	566	27	3	800	5	801	2.43e-45	174
g477.t1	VFG016098(gb|WP_011168256)	26.103	839	525	32	6	802	2	787	1.20e-43	169
g477.t1	VFG016100(gb|WP_012052858)	25.939	825	552	30	4	800	8	801	1.44e-43	169
g477.t1	VFG020082(gb|WP_025208403)	24.542	819	521	29	36	802	21	794	7.77e-42	164
g477.t1	VFG016095(gb|WP_003139291)	22.995	848	556	30	1	800	15	813	1.57e-38	154
g477.t1	VFG000163(gb|NP_251088)	22.995	848	556	30	1	800	15	813	1.62e-38	154
g477.t1	VFG020085(gb|WP_012723749)	24.940	838	532	32	10	800	22	809	5.51e-37	149
g477.t1	VFG044200(gb|WP_011267792)	24.411	807	505	30	23	781	27	776	1.20e-36	148
g477.t1	VFG044178(gb|WP_005477483)	26.466	665	407	26	133	778	48	649	8.18e-35	141
g477.t1	VFG016152(gb|WP_034000074)	25.937	667	436	23	151	793	78	710	4.84e-34	139
g477.t1	VFG020096(gb|WP_003118950)	24.925	670	440	20	151	793	78	711	1.53e-33	137
g477.t1	VFG000164(gb|NP_252911)	24.776	670	441	20	151	793	78	711	4.22e-33	136
g477.t1	VFG016097(gb|WP_011267348)	24.561	798	522	31	36	795	41	796	1.97e-31	131
g477.t1	VFG016104(gb|WP_041773008)	24.339	719	470	26	110	802	26	696	2.03e-30	128
g477.t1	VFG044124(gb|WP_010930941)	24.280	729	464	30	111	795	43	727	2.11e-30	128
g477.t1	VFG016096(gb|WP_046463309)	23.752	821	553	29	6	795	18	796	2.25e-29	125
g477.t1	VFG044412(gb|AAR12527)	23.024	721	472	24	116	799	49	723	8.96e-21	97.4
g477.t1	VFG016103(gb|WP_011333998)	22.817	710	487	24	131	801	60	747	2.81e-20	95.9
g477.t1	VFG037355(gb|WP_001073031)	22.611	743	493	24	95	802	65	760	3.83e-19	92.4
g477.t1	VFG037358(gb|WP_001073030)	22.402	741	497	23	95	802	65	760	5.40e-19	92.0
g477.t1	VFG037359(gb|YP_001085406)	22.191	721	488	25	95	777	24	709	6.83e-18	88.6
g477.t1	VFG037362(gb|WP_020753359)	22.191	721	488	25	95	777	65	750	7.13e-18	88.6
g477.t1	VFG044223(gb|WP_011533696)	22.794	680	446	26	133	777	80	715	2.78e-16	83.2
g477.t1	VFG037356(gb|WP_001016286)	23.797	748	485	32	95	802	65	767	2.07e-15	80.5
g477.t1	VFG037357(gb|WP_001016285)	23.797	748	485	32	95	802	65	767	2.75e-15	80.1
g477.t1	VFG044114(gb|WP_029443809)	22.143	840	500	36	37	782	60	839	3.27e-15	80.1
g477.t1	VFG044104(gb|NP_253398)	22.680	582	353	22	152	660	48	605	4.18e-15	79.3
g477.t1	VFG037364(gb|WP_043961076)	23.458	746	489	30	95	802	65	766	9.54e-13	72.0
g477.t1	VFG044296(gb|WP_000428182)	20.857	700	444	26	139	800	35	662	2.54e-11	67.0
g477.t1	VFG044375(gb|AAL65282)	26.027	292	187	10	498	777	368	642	3.95e-09	60.1
g477.t1	VFG044375(gb|AAL65282)	28.488	172	103	6	152	312	54	216	7.02e-09	59.3
g477.t1	VFG016188(gb|WP_044389891)	26.667	150	97	4	151	292	42	186	5.14e-09	59.7
g477.t1	VFG048596(gb|WP_014229387)	21.502	586	352	25	155	696	50	571	7.57e-08	55.8
g477.t1	VFG016189(gb|WP_041924575)	25.333	150	99	4	151	292	42	186	7.87e-08	55.8
g477.t1	VFG044284(gb|WP_012367519)	22.280	386	276	12	423	799	330	700	2.37e-07	54.3
g477.t1	VFG044403(gb|CAE46936)	25.641	156	94	2	35	185	48	186	2.50e-07	54.3
g477.t1	VFG001731(gb|WP_001223352)	23.282	262	155	9	104	332	5	253	3.75e-07	53.5
g477.t1	VFG044242(gb|WP_005311744)	21.635	208	147	5	140	332	35	241	6.49e-07	52.8
g477.t1	VFG007264(gb|WP_000086051)	22.794	272	162	10	149	385	46	304	9.92e-07	52.4
g477.t1	VFG007263(gb|WP_000086048)	23.077	234	143	8	149	353	46	271	1.20e-06	52.0
g477.t1	VFG048544(gb|WP_002901630)	23.348	227	138	9	138	332	34	256	1.51e-06	51.6
g477.t1	VFG048543(gb|YP_005226444)	23.348	227	138	9	138	332	55	277	1.84e-06	51.6
g477.t1	VFG034177(gb|WP_000784557)	22.000	200	125	5	121	311	25	202	2.05e-06	51.2
g477.t1	VFG044177(gb|WP_005460644)	26.705	176	107	8	139	302	56	221	2.24e-06	51.2
g477.t1	VFG048542(gb|WP_012542068)	26.207	145	81	5	138	259	34	175	2.44e-06	51.2
g477.t1	VFG012968(gb|WP_011378642)	26.056	142	85	5	138	259	33	174	2.52e-06	51.2
g477.t1	VFG037498(gb|WP_086378951)	30.702	114	73	3	24	137	14	121	2.87e-06	50.8
g477.t1	VFG003499(gb|WP_011816644)	22.000	200	125	5	121	311	25	202	3.01e-06	50.8
g477.t1	VFG007274(gb|WP_005478149)	27.907	129	80	4	140	257	33	159	3.16e-06	50.8
g477.t1	VFG048545(gb|WP_004224251)	23.348	227	138	9	138	332	34	256	3.21e-06	50.8
g477.t1	VFG012570(gb|WP_000784540)	22.000	200	125	5	121	311	25	202	3.34e-06	50.4
g477.t1	VFG012569(gb|WP_000784554)	22.000	200	125	5	121	311	25	202	3.34e-06	50.4
g477.t1	VFG034182(gb|WP_000784550)	22.000	200	125	5	121	311	25	202	3.36e-06	50.4
g477.t1	VFG000358(gb|WP_002212885)	22.000	200	125	5	121	311	25	202	3.42e-06	50.4
g477.t1	VFG044150(gb|NP_461704)	25.694	144	81	5	139	259	35	175	3.43e-06	50.4
g477.t1	VFG044333(gb|WP_015874968)	22.000	200	125	5	121	311	25	202	3.45e-06	50.4
g477.t1	VFG034181(gb|WP_000784546)	22.000	200	125	5	121	311	25	202	3.45e-06	50.4
g477.t1	VFG034187(gb|WP_000784545)	22.000	200	125	5	121	311	25	202	3.51e-06	50.4
g477.t1	VFG003114(gb|WP_000784549)	22.000	200	125	5	121	311	25	202	3.54e-06	50.4
g477.t1	VFG048597(gb|WP_000784549)	22.000	200	125	5	121	311	25	202	3.54e-06	50.4
g477.t1	VFG012567(gb|WP_000784549)	22.000	200	125	5	121	311	25	202	3.54e-06	50.4
g477.t1	VFG048546(gb|WP_015958223)	26.027	146	82	5	138	260	34	176	3.58e-06	50.4
g477.t1	VFG048541(gb|WP_041169040)	26.027	146	82	5	138	260	34	176	3.87e-06	50.4
g477.t1	VFG033910(gb|WP_001222182)	26.718	131	76	5	149	259	44	174	3.96e-06	50.4
g477.t1	VFG012499(gb|WP_001222186)	26.718	131	76	5	149	259	44	174	3.97e-06	50.4
g477.t1	VFG012498(gb|WP_001222188)	26.718	131	76	5	149	259	44	174	4.04e-06	50.4
g477.t1	VFG033908(gb|WP_001222181)	26.718	131	76	5	149	259	44	174	4.07e-06	50.4
g477.t1	VFG000935(gb|WP_001222189)	26.718	131	76	5	149	259	44	174	4.07e-06	50.4
g477.t1	VFG033911(gb|WP_001222184)	26.718	131	76	5	149	259	44	174	4.11e-06	50.4
g477.t1	VFG007268(gb|WP_005480856)	21.681	226	143	6	140	339	32	249	4.11e-06	50.4
g477.t1	VFG048547(gb|WP_004213617)	25.926	135	80	5	145	259	39	173	4.51e-06	50.1
g477.t1	VFG007265(gb|WP_005461725)	22.157	677	381	31	151	776	48	629	4.64e-06	50.1
g477.t1	VFG037501(gb|WP_134815915)	28.947	114	75	2	24	137	14	121	4.67e-06	50.4
g477.t1	VFG034183(gb|WP_001304267)	22.000	200	125	5	121	311	25	202	5.66e-06	49.7
g477.t1	VFG048540(gb|WP_014228993)	27.559	127	66	5	156	259	52	175	5.93e-06	49.7
g477.t1	VFG044394(gb|AAF33135)	25.238	210	135	8	130	322	50	254	6.02e-06	49.7
g477.t1	VFG044093(gb|NP_252098)	26.543	162	98	2	26	185	42	184	6.21e-06	49.7
g477.t1	VFG044334(gb|WP_015874979)	25.926	135	80	5	145	259	39	173	7.15e-06	49.7
g477.t1	VFG037497(gb|WP_085947929)	28.125	128	85	3	10	137	1	121	8.11e-06	49.7
g1340.t1	VFG016094(gb|WP_012075666)	27.704	758	431	31	35	730	104	806	7.61e-51	190
g1340.t1	VFG044178(gb|WP_005477483)	27.437	718	422	28	10	700	4	649	3.89e-47	177
g1340.t1	VFG044319(gb|WP_006486047)	26.648	698	437	24	65	730	99	753	1.57e-41	162
g1340.t1	VFG044365(gb|WP_013318789)	26.826	753	463	27	21	732	30	735	8.16e-41	159
g1340.t1	VFG000164(gb|NP_252911)	27.747	728	448	29	36	732	40	720	1.79e-37	149
g1340.t1	VFG016152(gb|WP_034000074)	27.675	701	430	29	36	703	40	696	2.09e-37	149
g1340.t1	VFG016099(gb|WP_010954972)	26.402	731	461	26	42	732	119	812	2.91e-37	149
g1340.t1	VFG020096(gb|WP_003118950)	27.671	730	446	30	36	732	40	720	4.27e-37	148
g1340.t1	VFG016154(gb|WP_011060591)	26.197	752	434	29	42	727	123	819	2.27e-35	143
g1340.t1	VFG044341(gb|WP_004160310)	25.504	694	454	22	61	732	53	705	1.02e-34	140
g1340.t1	VFG016101(gb|WP_011533729)	25.455	770	460	32	14	732	97	803	5.88e-34	139
g1340.t1	VFG016098(gb|WP_011168256)	24.583	720	452	24	46	727	118	784	1.06e-32	135
g1340.t1	VFG044124(gb|WP_010930941)	25.956	732	454	29	19	703	22	712	2.30e-32	134
g1340.t1	VFG015831(gb|WP_012270408)	25.200	750	462	25	32	732	115	814	5.02e-32	133
g1340.t1	VFG016100(gb|WP_012052858)	25.296	759	443	32	35	732	108	803	2.13e-30	128
g1340.t1	VFG016095(gb|WP_003139291)	25.266	752	454	29	35	732	118	815	9.66e-30	125
g1340.t1	VFG000163(gb|NP_251088)	25.266	752	454	29	35	732	118	815	9.75e-30	125
g1340.t1	VFG020085(gb|WP_012723749)	25.584	770	448	32	25	732	105	811	2.91e-28	121
g1340.t1	VFG016102(gb|WP_011060690)	26.367	713	411	30	73	732	172	823	3.06e-28	121
g1340.t1	VFG016103(gb|WP_011333998)	26.190	798	448	38	11	726	4	742	1.73e-26	115
g1340.t1	VFG020082(gb|WP_025208403)	24.157	741	467	30	42	732	99	794	9.40e-26	113
g1340.t1	VFG016096(gb|WP_046463309)	25.000	744	439	33	41	727	117	798	1.56e-25	112
g1340.t1	VFG016097(gb|WP_011267348)	25.236	741	436	34	41	727	122	798	1.71e-24	109
g1340.t1	VFG016104(gb|WP_041773008)	24.264	713	458	26	20	700	10	672	6.66e-23	103
g1340.t1	VFG044412(gb|AAR12527)	24.818	685	455	24	70	732	80	726	8.64e-22	100
g1340.t1	VFG037357(gb|WP_001016285)	23.404	752	477	27	27	732	69	767	4.79e-19	92.0
g1340.t1	VFG037358(gb|WP_001073030)	21.299	770	494	27	16	732	50	760	9.49e-19	90.9
g1340.t1	VFG037356(gb|WP_001016286)	23.271	752	478	27	27	732	69	767	1.62e-18	90.1
g1340.t1	VFG044200(gb|WP_011267792)	22.926	663	430	27	70	699	158	772	2.08e-18	89.7
g1340.t1	VFG037355(gb|WP_001073031)	21.169	770	495	27	16	732	50	760	4.16e-18	89.0
g1340.t1	VFG044223(gb|WP_011533696)	23.503	668	425	26	70	699	96	715	1.54e-17	87.0
g1340.t1	VFG037364(gb|WP_043961076)	23.087	732	492	26	33	732	74	766	1.92e-16	83.6
g1340.t1	VFG044394(gb|AAF33135)	22.435	731	447	27	2	699	17	660	1.31e-13	74.3
g1340.t1	VFG034177(gb|WP_000784557)	21.970	660	379	25	117	724	89	664	2.86e-11	66.6
g1340.t1	VFG003499(gb|WP_011816644)	21.477	731	436	26	46	724	20	664	4.00e-11	66.2
g1340.t1	VFG048595(gb|WP_032694981)	22.923	650	385	24	117	724	89	664	5.14e-11	65.9
g1340.t1	VFG012570(gb|WP_000784540)	21.818	660	380	25	117	724	89	664	5.50e-11	65.9
g1340.t1	VFG044333(gb|WP_015874968)	21.818	660	380	25	117	724	89	664	6.88e-11	65.5
g1340.t1	VFG034187(gb|WP_000784545)	21.818	660	380	25	117	724	89	664	8.25e-11	65.5
g1340.t1	VFG034181(gb|WP_000784546)	21.818	660	380	25	117	724	89	664	9.63e-11	65.1
g1340.t1	VFG000358(gb|WP_002212885)	21.818	660	380	25	117	724	89	664	9.97e-11	65.1
g1340.t1	VFG003114(gb|WP_000784549)	21.818	660	380	25	117	724	89	664	1.07e-10	65.1
g1340.t1	VFG048597(gb|WP_000784549)	21.818	660	380	25	117	724	89	664	1.07e-10	65.1
g1340.t1	VFG012567(gb|WP_000784549)	21.818	660	380	25	117	724	89	664	1.07e-10	65.1
g1340.t1	VFG048596(gb|WP_014229387)	22.875	647	389	24	117	724	89	664	1.38e-10	64.7
g1340.t1	VFG034182(gb|WP_000784550)	21.818	660	380	25	117	724	89	664	1.93e-10	63.9
g1340.t1	VFG037362(gb|WP_020753359)	21.968	742	508	24	27	732	69	775	4.40e-10	63.2
g1340.t1	VFG037359(gb|YP_001085406)	21.968	742	508	24	27	732	28	734	6.04e-10	62.8
g1340.t1	VFG012569(gb|WP_000784554)	21.667	660	381	25	117	724	89	664	1.17e-09	61.6
g1340.t1	VFG044284(gb|WP_012367519)	24.537	216	146	6	492	699	471	677	6.32e-09	59.3
g1340.t1	VFG044242(gb|WP_005311744)	24.138	290	183	9	434	700	390	665	6.40e-09	59.3
g1340.t1	VFG007274(gb|WP_005478149)	29.070	172	95	5	19	178	3	159	8.22e-09	58.9
g1340.t1	VFG007274(gb|WP_005478149)	25.697	323	193	13	441	732	406	712	9.00e-08	55.5
g1340.t1	VFG007263(gb|WP_000086048)	26.154	195	102	7	1	181	1	167	1.07e-08	58.5
g1340.t1	VFG007264(gb|WP_000086051)	26.154	195	102	7	1	181	1	167	1.13e-08	58.5
g1340.t1	VFG044075(gb|YP_002344983)	24.752	202	135	3	75	264	51	247	1.33e-08	58.2
g1340.t1	VFG007276(gb|WP_011151756)	28.188	149	90	4	44	178	14	159	1.19e-07	55.1
g1340.t1	VFG007275(gb|WP_011082397)	28.188	149	90	4	44	178	14	159	1.19e-07	55.1
g1340.t1	VFG016188(gb|WP_044389891)	25.086	291	185	8	430	699	360	638	1.26e-07	55.1
g1340.t1	VFG001731(gb|WP_001223352)	25.828	151	97	3	54	190	23	172	2.31e-07	54.3
g1340.t1	VFG016189(gb|WP_041924575)	26.936	297	174	12	429	699	359	638	3.89e-07	53.5
g1340.t1	VFG044435(gb|CAL44983)	24.179	335	214	10	418	732	379	693	4.13e-07	53.5
g1340.t1	VFG044375(gb|AAL65282)	29.762	168	102	6	440	601	386	543	4.43e-07	53.1
g1340.t1	VFG012634(gb|WP_000792544)	25.000	180	101	4	10	176	1	159	6.85e-07	52.8
g1340.t1	VFG012633(gb|WP_000792545)	25.000	180	101	4	10	176	1	159	6.97e-07	52.8
g1340.t1	VFG007271(gb|WP_011261850)	22.460	748	449	34	22	699	12	698	1.18e-06	52.0
g1340.t1	VFG048615(gb|YP_005226287)	28.495	186	99	9	13	189	2	162	3.67e-06	50.4
g1340.t1	VFG048620(gb|WP_014907843)	28.495	186	99	9	13	189	2	162	3.93e-06	50.1
g1340.t1	VFG048619(gb|WP_041937604)	28.495	186	99	9	13	189	2	162	4.11e-06	50.1
g1340.t1	VFG048614(gb|WP_022065355)	28.495	186	99	9	13	189	2	162	5.17e-06	49.7
g1340.t1	VFG048623(gb|WP_012968568)	28.495	186	99	9	13	189	2	162	5.26e-06	49.7
g1941.t1	VFG044223(gb|WP_011533696)	44.284	691	373	10	121	804	55	740	0.0	573
g1941.t1	VFG044200(gb|WP_011267792)	41.192	772	436	9	43	804	39	802	0.0	564
g1941.t1	VFG037355(gb|WP_001073031)	38.566	739	436	10	77	804	29	760	7.71e-169	506
g1941.t1	VFG037358(gb|WP_001073030)	38.566	739	436	10	77	804	29	760	1.29e-168	506
g1941.t1	VFG037359(gb|YP_001085406)	39.112	721	402	13	112	804	23	734	2.93e-158	478
g1941.t1	VFG037362(gb|WP_020753359)	38.838	757	424	15	77	804	29	775	8.83e-157	475
g1941.t1	VFG037356(gb|WP_001016286)	38.579	718	407	14	110	804	61	767	1.18e-156	475
g1941.t1	VFG037357(gb|WP_001016285)	38.579	718	407	14	110	804	61	767	1.61e-156	474
g1941.t1	VFG037364(gb|WP_043961076)	37.867	750	432	14	77	804	29	766	3.08e-156	474
g1941.t1	VFG044412(gb|AAR12527)	36.921	669	412	7	143	804	61	726	7.84e-143	438
g1941.t1	VFG044284(gb|WP_012367519)	35.970	670	412	11	146	804	40	703	3.19e-133	412
g1941.t1	VFG016101(gb|WP_011533729)	26.291	852	526	31	6	804	1	803	4.94e-34	139
g1941.t1	VFG016100(gb|WP_012052858)	25.387	839	530	30	15	804	12	803	2.35e-32	134
g1941.t1	VFG015831(gb|WP_012270408)	27.383	745	426	32	1	683	1	692	3.42e-31	130
g1941.t1	VFG016099(gb|WP_010954972)	25.515	874	519	42	1	804	1	812	5.62e-31	130
g1941.t1	VFG016098(gb|WP_011168256)	23.329	853	527	33	6	800	2	785	1.67e-27	119
g1941.t1	VFG016102(gb|WP_011060690)	25.000	872	526	36	8	804	5	823	1.93e-24	109
g1941.t1	VFG020085(gb|WP_012723749)	23.175	863	543	35	2	804	9	811	1.60e-23	106
g1941.t1	VFG016154(gb|WP_011060591)	29.283	321	191	12	22	329	21	318	2.15e-22	102
g1941.t1	VFG016154(gb|WP_011060591)	26.103	272	175	9	447	698	448	713	5.82e-08	56.6
g1941.t1	VFG000163(gb|NP_251088)	23.256	860	535	35	4	804	22	815	1.51e-21	100
g1941.t1	VFG016095(gb|WP_003139291)	23.256	860	535	35	4	804	22	815	1.75e-21	100
g1941.t1	VFG016097(gb|WP_011267348)	22.920	685	468	25	32	683	29	686	1.18e-17	87.8
g1941.t1	VFG016096(gb|WP_046463309)	22.006	718	484	25	3	683	8	686	1.39e-15	81.3
g1941.t1	VFG016094(gb|WP_012075666)	21.220	820	554	30	38	804	28	808	2.48e-15	80.1
g1941.t1	VFG020082(gb|WP_025208403)	25.532	329	200	11	30	338	7	310	1.78e-13	74.3
g1941.t1	VFG044178(gb|WP_005477483)	24.924	654	401	29	155	780	57	648	6.19e-13	72.4
g1941.t1	VFG044319(gb|WP_006486047)	23.158	570	382	21	146	683	88	633	6.56e-11	65.9
g1941.t1	VFG044365(gb|WP_013318789)	22.696	727	470	26	112	786	29	715	7.04e-11	65.9
g1941.t1	VFG044114(gb|WP_029443809)	41.414	99	52	2	45	141	60	154	2.29e-10	64.3
g1941.t1	VFG016104(gb|WP_041773008)	25.620	363	206	16	474	804	366	696	1.24e-09	61.6
g1941.t1	VFG044341(gb|WP_004160310)	22.427	758	486	30	91	804	6	705	5.45e-09	59.7
g1941.t1	VFG007263(gb|WP_000086048)	27.215	158	88	6	162	306	46	189	8.19e-06	49.3
g1941.t1	VFG007264(gb|WP_000086051)	27.215	158	88	6	162	306	46	189	8.54e-06	49.3
g2503.t1	VFG044341(gb|WP_004160310)	44.048	672	361	8	154	820	44	705	0.0	577
g2503.t1	VFG044365(gb|WP_013318789)	39.971	683	382	13	156	820	63	735	8.21e-158	477
g2503.t1	VFG016094(gb|WP_012075666)	36.307	796	466	20	51	820	28	808	1.27e-144	446
g2503.t1	VFG044319(gb|WP_006486047)	33.431	682	427	9	154	820	86	755	1.57e-122	386
g2503.t1	VFG015831(gb|WP_012270408)	27.888	857	514	31	18	820	8	814	1.69e-60	219
g2503.t1	VFG016101(gb|WP_011533729)	26.253	838	544	24	19	820	4	803	2.57e-60	219
g2503.t1	VFG016154(gb|WP_011060591)	27.541	846	539	28	21	820	7	824	6.18e-60	218
g2503.t1	VFG016099(gb|WP_010954972)	26.973	849	530	30	19	820	7	812	1.81e-57	211
g2503.t1	VFG016100(gb|WP_012052858)	27.066	835	513	26	35	820	16	803	8.83e-57	209
g2503.t1	VFG016102(gb|WP_011060690)	25.208	841	540	31	30	820	22	823	2.28e-47	181
g2503.t1	VFG000163(gb|NP_251088)	25.204	857	550	32	11	820	3	815	1.16e-45	176
g2503.t1	VFG016095(gb|WP_003139291)	25.204	857	550	31	11	820	3	815	1.43e-45	176
g2503.t1	VFG020085(gb|WP_012723749)	25.355	844	548	29	18	820	9	811	4.16e-45	174
g2503.t1	VFG044178(gb|WP_005477483)	26.445	692	423	28	155	820	47	678	2.23e-43	167
g2503.t1	VFG016098(gb|WP_011168256)	24.787	823	538	30	42	820	4	789	6.89e-41	161
g2503.t1	VFG044124(gb|WP_010930941)	25.379	725	469	24	135	820	43	734	8.67e-40	157
g2503.t1	VFG044200(gb|WP_011267792)	24.779	791	502	28	56	802	39	780	6.09e-39	155
g2503.t1	VFG016104(gb|WP_041773008)	24.531	693	454	24	155	820	46	696	1.20e-37	150
g2503.t1	VFG016097(gb|WP_011267348)	26.368	804	526	31	49	820	34	803	4.80e-37	149
g2503.t1	VFG016096(gb|WP_046463309)	24.971	849	550	33	12	820	2	803	2.45e-36	147
g2503.t1	VFG016152(gb|WP_034000074)	25.915	683	429	23	174	820	78	719	1.22e-35	144
g2503.t1	VFG020096(gb|WP_003118950)	25.740	676	440	22	174	820	78	720	9.37e-34	138
g2503.t1	VFG000164(gb|NP_252911)	25.740	676	440	22	174	820	78	720	1.89e-33	137
g2503.t1	VFG016103(gb|WP_011333998)	23.974	780	497	27	98	820	8	748	9.60e-27	116
g2503.t1	VFG044223(gb|WP_011533696)	23.468	669	449	26	156	794	80	715	5.76e-25	110
g2503.t1	VFG020082(gb|WP_025208403)	25.693	397	264	15	39	425	5	380	2.24e-22	102
g2503.t1	VFG020082(gb|WP_025208403)	27.907	258	145	9	587	820	554	794	2.78e-16	83.2
g2503.t1	VFG037357(gb|WP_001016285)	30.986	284	173	12	549	820	495	767	1.45e-15	80.9
g2503.t1	VFG037357(gb|WP_001016285)	25.778	225	150	8	125	342	72	286	2.86e-06	50.8
g2503.t1	VFG037356(gb|WP_001016286)	30.986	284	173	12	549	820	495	767	1.54e-15	80.9
g2503.t1	VFG037356(gb|WP_001016286)	25.778	225	150	8	125	342	72	286	3.01e-06	50.8
g2503.t1	VFG037355(gb|WP_001073031)	25.070	359	246	12	475	820	412	760	8.38e-15	78.6
g2503.t1	VFG037358(gb|WP_001073030)	25.070	359	246	12	475	820	412	760	8.75e-15	78.6
g2503.t1	VFG044114(gb|WP_029443809)	33.191	235	120	8	58	286	60	263	3.64e-14	76.6
g2503.t1	VFG044284(gb|WP_012367519)	22.343	367	270	9	463	820	343	703	3.19e-13	73.6
g2503.t1	VFG037364(gb|WP_043961076)	29.577	284	177	12	549	820	494	766	4.60e-13	72.8
g2503.t1	VFG037364(gb|WP_043961076)	27.320	194	125	7	156	342	101	285	1.83e-06	51.6
g2503.t1	VFG007270(gb|WP_011152109)	22.151	623	392	23	139	706	7	591	2.20e-12	70.9
g2503.t1	VFG037362(gb|WP_020753359)	23.122	679	452	28	156	794	102	750	2.73e-12	70.5
g2503.t1	VFG044436(gb|CAD43038)	23.433	734	433	33	165	820	34	716	2.93e-12	70.1
g2503.t1	VFG037359(gb|YP_001085406)	23.122	679	452	28	156	794	61	709	3.96e-12	69.7
g2503.t1	VFG044412(gb|AAR12527)	25.069	363	244	15	475	820	375	726	6.69e-12	69.3
g2503.t1	VFG044375(gb|AAL65282)	25.000	268	177	8	549	804	397	652	1.12e-11	68.2
g2503.t1	VFG044375(gb|AAL65282)	33.333	63	42	0	256	318	135	197	8.27e-06	49.3
g2503.t1	VFG037497(gb|WP_085947929)	37.143	105	63	2	40	144	11	112	2.33e-11	67.8
g2503.t1	VFG044403(gb|CAE46936)	23.932	234	155	4	56	283	48	264	3.74e-11	67.0
g2503.t1	VFG044155(gb|WP_011063601)	24.893	233	152	5	42	269	38	252	5.26e-11	66.2
g2503.t1	VFG012600(gb|WP_000089598)	29.752	121	83	2	160	280	31	149	3.03e-10	63.5
g2503.t1	VFG044291(gb|WP_012367988)	28.671	143	81	4	138	280	40	161	3.03e-10	63.5
g2503.t1	VFG044139(gb|WP_002209062)	31.250	128	82	3	153	280	42	163	7.69e-10	62.4
g2503.t1	VFG007268(gb|WP_005480856)	19.371	604	398	23	165	721	34	595	9.84e-10	62.0
g2503.t1	VFG007271(gb|WP_011261850)	31.579	133	73	5	165	286	40	165	1.03e-09	62.0
g2503.t1	VFG012601(gb|WP_000089584)	28.926	121	84	2	160	280	31	149	1.08e-09	62.0
g2503.t1	VFG034265(gb|WP_000089590)	28.926	121	84	2	160	280	31	149	1.09e-09	62.0
g2503.t1	VFG034270(gb|WP_014639334)	28.926	121	84	2	160	280	31	149	1.10e-09	62.0
g2503.t1	VFG034266(gb|WP_000089589)	28.926	121	84	2	160	280	31	149	1.10e-09	62.0
g2503.t1	VFG012597(gb|WP_000089593)	28.926	121	84	2	160	280	31	149	1.10e-09	62.0
g2503.t1	VFG000917(gb|WP_000089583)	28.926	121	84	2	160	280	31	149	1.11e-09	62.0
g2503.t1	VFG034278(gb|WP_000089585)	28.926	121	84	2	160	280	31	149	1.13e-09	62.0
g2503.t1	VFG013064(gb|WP_000089574)	28.099	121	85	2	160	280	31	149	1.15e-09	62.0
g2503.t1	VFG034275(gb|WP_000089587)	28.926	121	84	2	160	280	31	149	1.16e-09	62.0
g2503.t1	VFG034280(gb|WP_000089586)	28.926	121	84	2	160	280	31	149	1.18e-09	61.6
g2503.t1	VFG034264(gb|WP_000089596)	28.926	121	84	2	160	280	31	149	1.20e-09	61.6
g2503.t1	VFG037498(gb|WP_086378951)	26.721	247	144	9	42	266	13	244	1.64e-09	61.6
g2503.t1	VFG044104(gb|NP_253398)	33.333	114	70	3	178	286	51	163	1.67e-09	61.2
g2503.t1	VFG044104(gb|NP_253398)	22.642	371	231	13	469	794	364	723	3.82e-06	50.4
g2503.t1	VFG037501(gb|WP_134815915)	34.951	103	64	2	42	144	13	112	2.48e-09	60.8
g2503.t1	VFG037499(gb|WP_099959819)	38.095	84	52	0	39	122	8	91	2.64e-09	60.8
g2503.t1	VFG037502(gb|YP_005797900)	38.095	84	52	0	39	122	3	86	2.72e-09	60.8
g2503.t1	VFG044242(gb|WP_005311744)	26.667	210	134	8	166	361	38	241	2.83e-09	60.5
g2503.t1	VFG037503(gb|WP_086222635)	38.095	84	52	0	39	122	8	91	2.85e-09	60.8
g2503.t1	VFG037496(gb|WP_085920715)	38.095	84	52	0	39	122	8	91	2.85e-09	60.8
g2503.t1	VFG034271(gb|WP_000089597)	28.099	121	85	2	160	280	31	149	3.35e-09	60.5
g2503.t1	VFG044093(gb|NP_252098)	24.464	233	143	5	44	269	42	248	5.13e-09	60.1
g2503.t1	VFG044394(gb|AAF33135)	29.012	162	99	5	165	318	62	215	1.30e-08	58.5
g2503.t1	VFG007274(gb|WP_005478149)	29.134	127	83	2	165	286	35	159	6.09e-08	56.2
g2503.t1	VFG044240(gb|WP_011815406)	26.724	116	83	2	165	280	50	163	6.87e-08	56.2
g2503.t1	VFG044177(gb|WP_005460644)	23.427	286	197	7	549	820	435	712	9.25e-07	52.4
g2503.t1	VFG007273(gb|WP_000777823)	29.710	138	76	5	165	291	35	162	1.42e-06	52.0
g2503.t1	VFG007272(gb|WP_000777824)	29.710	138	76	5	165	291	35	162	1.43e-06	52.0
g2503.t1	VFG048540(gb|WP_014228993)	27.273	143	86	6	160	286	33	173	2.08e-06	51.2
g2503.t1	VFG016188(gb|WP_044389891)	25.000	236	156	8	599	820	439	667	3.09e-06	50.8
g2503.t1	VFG013012(gb|WP_001034936)	27.602	221	119	11	179	371	50	257	8.46e-06	49.3
g2503.t1	VFG044171(gb|WP_000966628)	28.455	123	81	4	167	285	47	166	8.85e-06	49.3
g2969.t1	VFG044365(gb|WP_013318789)	24.459	740	492	26	16	718	26	735	1.28e-35	144
g2969.t1	VFG016094(gb|WP_012075666)	24.432	704	443	30	42	692	116	783	1.65e-31	131
g2969.t1	VFG044178(gb|WP_005477483)	23.214	728	489	25	7	718	5	678	2.10e-30	127
g2969.t1	VFG044341(gb|WP_004160310)	25.362	690	426	25	71	718	63	705	7.81e-30	125
g2969.t1	VFG044319(gb|WP_006486047)	23.755	703	449	24	61	718	95	755	2.88e-27	117
g2969.t1	VFG016154(gb|WP_011060591)	23.851	696	447	23	72	716	161	824	1.14e-24	109
g2969.t1	VFG016100(gb|WP_012052858)	24.286	700	451	25	60	718	142	803	3.22e-22	102
g2969.t1	VFG016101(gb|WP_011533729)	24.646	706	429	28	66	718	148	803	7.22e-22	100
g2969.t1	VFG015831(gb|WP_012270408)	23.229	706	452	23	60	718	152	814	8.06e-22	100
g2969.t1	VFG016104(gb|WP_041773008)	24.202	752	470	29	8	718	4	696	2.30e-21	99.0
g2969.t1	VFG044375(gb|AAL65282)	24.716	704	453	23	36	716	18	667	2.46e-20	95.9
g2969.t1	VFG020085(gb|WP_012723749)	22.419	678	439	22	60	691	149	785	2.75e-18	89.4
g2969.t1	VFG000164(gb|NP_252911)	23.636	715	484	24	28	718	44	720	5.76e-18	88.2
g2969.t1	VFG012633(gb|WP_000792545)	22.142	691	440	24	72	718	46	682	6.14e-18	88.2
g2969.t1	VFG012634(gb|WP_000792544)	22.142	691	440	24	72	718	46	682	1.25e-17	87.0
g2969.t1	VFG016102(gb|WP_011060690)	23.442	738	465	25	32	718	135	823	8.41e-17	84.7
g2969.t1	VFG044223(gb|WP_011533696)	23.729	767	494	34	2	718	15	740	1.29e-16	84.0
g2969.t1	VFG000163(gb|NP_251088)	25.911	247	177	4	23	265	113	357	7.33e-16	81.6
g2969.t1	VFG016095(gb|WP_003139291)	25.911	247	177	4	23	265	113	357	7.39e-16	81.6
g2969.t1	VFG016188(gb|WP_044389891)	23.015	743	450	25	19	718	4	667	3.96e-15	79.0
g2969.t1	VFG016096(gb|WP_046463309)	23.270	679	448	25	72	713	156	798	2.97e-14	76.6
g2969.t1	VFG044242(gb|WP_005311744)	24.247	697	415	35	60	700	34	673	5.88e-14	75.5
g2969.t1	VFG016189(gb|WP_041924575)	23.802	647	384	26	116	718	86	667	7.82e-14	75.1
g2969.t1	VFG013012(gb|WP_001034936)	22.659	737	418	32	58	696	28	710	1.30e-13	74.3
g2969.t1	VFG000923(gb|WP_001034892)	22.524	737	419	32	58	696	28	710	1.51e-13	74.3
g2969.t1	VFG013009(gb|WP_001034900)	22.524	737	419	32	58	696	28	710	1.91e-13	73.9
g2969.t1	VFG016097(gb|WP_011267348)	23.132	696	457	26	57	713	142	798	2.44e-13	73.6
g2969.t1	VFG013010(gb|NP_706439)	22.795	737	417	33	58	696	28	710	2.74e-13	73.2
g2969.t1	VFG020175(gb|WP_001034865)	22.659	737	418	33	58	696	28	710	5.46e-13	72.4
g2969.t1	VFG013014(gb|WP_001034921)	22.388	737	420	32	58	696	28	710	5.51e-13	72.4
g2969.t1	VFG048517(gb|WP_012068422)	24.449	499	264	25	78	503	56	514	6.19e-13	72.0
g2969.t1	VFG016098(gb|WP_011168256)	21.212	693	475	20	60	718	134	789	9.80e-13	71.6
g2969.t1	VFG048518(gb|WP_012737617)	24.449	499	264	25	78	503	56	514	1.15e-12	71.2
g2969.t1	VFG048513(gb|WP_008805577)	24.850	499	262	26	78	503	56	514	1.98e-12	70.5
g2969.t1	VFG020096(gb|WP_003118950)	27.397	365	230	14	370	718	375	720	2.60e-12	70.1
g2969.t1	VFG016152(gb|WP_034000074)	27.564	312	195	11	420	718	426	719	4.32e-12	69.3
g2969.t1	VFG048516(gb|WP_014599075)	23.819	487	263	23	78	495	56	503	4.76e-12	69.3
g2969.t1	VFG048514(gb|YP_005225737)	24.449	499	264	24	78	503	56	514	4.93e-12	69.3
g2969.t1	VFG048546(gb|WP_015958223)	22.757	769	429	38	11	690	9	701	5.35e-12	69.3
g2969.t1	VFG048519(gb|WP_012968731)	24.025	487	262	23	78	495	56	503	5.85e-12	68.9
g2969.t1	VFG048541(gb|WP_041169040)	22.887	769	428	38	11	690	9	701	6.08e-12	68.9
g2969.t1	VFG044177(gb|WP_005460644)	29.412	272	160	10	15	265	15	275	7.38e-12	68.6
g2969.t1	VFG048511(gb|WP_014228348)	20.699	715	414	27	78	696	56	713	1.16e-11	68.2
g2969.t1	VFG044200(gb|WP_011267792)	22.840	683	453	29	71	718	159	802	1.24e-11	68.2
g2969.t1	VFG048545(gb|WP_004224251)	22.581	775	423	38	11	690	9	701	2.15e-11	67.4
g2969.t1	VFG048542(gb|WP_012542068)	22.497	769	431	38	11	690	9	701	3.52e-11	66.6
g2969.t1	VFG048510(gb|WP_014837769)	20.699	715	414	27	78	696	56	713	3.86e-11	66.2
g2969.t1	VFG016099(gb|WP_010954972)	20.977	696	484	25	60	718	146	812	5.63e-11	65.9
g2969.t1	VFG044150(gb|NP_461704)	22.414	696	370	33	97	690	73	700	7.49e-11	65.5
g2969.t1	VFG048548(gb|WP_020947523)	22.581	775	423	38	11	690	9	701	8.60e-11	65.1
g2969.t1	VFG048544(gb|WP_002901630)	22.380	773	427	37	11	690	9	701	1.19e-10	64.7
g2969.t1	VFG048543(gb|YP_005226444)	22.380	773	427	37	11	690	30	722	1.32e-10	64.7
g2969.t1	VFG044394(gb|AAF33135)	22.740	730	466	27	7	708	18	677	2.61e-10	63.5
g2969.t1	VFG007263(gb|WP_000086048)	25.436	287	167	10	4	270	1	260	3.25e-10	63.2
g2969.t1	VFG007264(gb|WP_000086051)	25.436	287	167	10	4	270	1	260	3.63e-10	63.2
g2969.t1	VFG044139(gb|WP_002209062)	35.965	114	59	4	69	175	56	162	6.72e-10	62.4
g2969.t1	VFG013064(gb|WP_000089574)	33.028	109	71	2	69	176	42	149	2.84e-09	60.5
g2969.t1	VFG034280(gb|WP_000089586)	33.028	109	71	2	69	176	42	149	3.12e-09	60.1
g2969.t1	VFG034265(gb|WP_000089590)	33.028	109	71	2	69	176	42	149	3.15e-09	60.1
g2969.t1	VFG034270(gb|WP_014639334)	33.028	109	71	2	69	176	42	149	3.23e-09	60.1
g2969.t1	VFG034275(gb|WP_000089587)	33.028	109	71	2	69	176	42	149	3.26e-09	60.1
g2969.t1	VFG034278(gb|WP_000089585)	33.028	109	71	2	69	176	42	149	3.28e-09	60.1
g2969.t1	VFG000917(gb|WP_000089583)	33.028	109	71	2	69	176	42	149	3.28e-09	60.1
g2969.t1	VFG012601(gb|WP_000089584)	33.028	109	71	2	69	176	42	149	3.31e-09	60.1
g2969.t1	VFG034264(gb|WP_000089596)	33.028	109	71	2	69	176	42	149	3.34e-09	60.1
g2969.t1	VFG034266(gb|WP_000089589)	33.028	109	71	2	69	176	42	149	3.40e-09	60.1
g2969.t1	VFG012597(gb|WP_000089593)	33.028	109	71	2	69	176	42	149	3.58e-09	60.1
g2969.t1	VFG044240(gb|WP_011815406)	26.257	179	113	5	1	176	1	163	4.02e-09	59.7
g2969.t1	VFG048540(gb|WP_014228993)	26.271	236	125	12	70	263	45	273	4.17e-09	59.7
g2969.t1	VFG012600(gb|WP_000089598)	33.028	109	71	2	69	176	42	149	4.83e-09	59.7
g2969.t1	VFG044124(gb|WP_010930941)	21.528	720	477	32	37	709	47	725	9.62e-09	58.5
g2969.t1	VFG034271(gb|WP_000089597)	32.110	109	72	2	69	176	42	149	1.07e-08	58.5
g2969.t1	VFG044291(gb|WP_012367988)	39.474	76	44	2	101	175	86	160	1.29e-08	58.2
g2969.t1	VFG016103(gb|WP_011333998)	27.103	214	138	6	8	211	7	212	3.11e-08	57.0
g2969.t1	VFG044436(gb|CAD43038)	24.916	297	180	14	60	332	31	308	4.57e-08	56.6
g2969.t1	VFG044130(gb|WP_005874678)	34.058	138	80	7	53	183	39	172	9.85e-08	55.5
g2969.t1	VFG044104(gb|NP_253398)	27.419	186	119	6	70	241	44	227	1.02e-07	55.5
g2969.t1	VFG001731(gb|WP_001223352)	29.032	248	140	11	72	286	41	285	1.25e-07	55.1
g2969.t1	VFG048623(gb|WP_012968568)	29.952	207	116	9	41	231	11	204	1.96e-07	54.3
g2969.t1	VFG048614(gb|WP_022065355)	29.952	207	116	9	41	231	11	204	2.05e-07	54.3
g2969.t1	VFG044334(gb|WP_015874979)	30.435	184	88	11	78	229	51	226	2.28e-07	54.3
g2969.t1	VFG003499(gb|WP_011816644)	26.374	182	116	6	544	716	500	672	3.01e-07	53.9
g2969.t1	VFG048615(gb|YP_005226287)	30.000	200	111	9	48	231	18	204	3.31e-07	53.5
g2969.t1	VFG048620(gb|WP_014907843)	29.293	198	115	8	48	231	18	204	3.48e-07	53.5
g2969.t1	VFG048611(gb|WP_014228851)	35.915	142	69	8	101	231	71	201	3.51e-07	53.5
g2969.t1	VFG044075(gb|YP_002344983)	26.923	156	98	3	34	181	14	161	3.82e-07	53.5
g2969.t1	VFG044333(gb|WP_015874968)	27.225	191	118	7	538	716	491	672	4.47e-07	53.1
g2969.t1	VFG048595(gb|WP_032694981)	25.824	182	117	6	544	716	500	672	4.92e-07	53.1
g2969.t1	VFG048596(gb|WP_014229387)	25.824	182	117	6	544	716	500	672	4.96e-07	53.1
g2969.t1	VFG034177(gb|WP_000784557)	26.374	182	116	6	544	716	500	672	5.00e-07	53.1
g2969.t1	VFG012570(gb|WP_000784540)	26.374	182	116	6	544	716	500	672	5.04e-07	53.1
g2969.t1	VFG034187(gb|WP_000784545)	26.374	182	116	6	544	716	500	672	5.22e-07	53.1
g2969.t1	VFG012569(gb|WP_000784554)	26.374	182	116	6	544	716	500	672	5.26e-07	53.1
g2969.t1	VFG003114(gb|WP_000784549)	26.374	182	116	6	544	716	500	672	5.50e-07	52.8
g2969.t1	VFG048597(gb|WP_000784549)	26.374	182	116	6	544	716	500	672	5.50e-07	52.8
g2969.t1	VFG012567(gb|WP_000784549)	26.374	182	116	6	544	716	500	672	5.50e-07	52.8
g2969.t1	VFG000358(gb|WP_002212885)	26.374	182	116	6	544	716	500	672	6.20e-07	52.8
g2969.t1	VFG034181(gb|WP_000784546)	26.374	182	116	6	544	716	500	672	6.52e-07	52.8
g2969.t1	VFG034182(gb|WP_000784550)	26.374	182	116	6	544	716	500	672	7.88e-07	52.4
g2969.t1	VFG007266(gb|WP_000277183)	22.709	251	153	9	14	247	7	233	7.98e-07	52.4
g2969.t1	VFG048547(gb|WP_004213617)	31.200	125	64	6	77	182	50	171	8.11e-07	52.4
g2969.t1	VFG012968(gb|WP_011378642)	31.452	124	63	6	78	182	52	172	8.19e-07	52.4
g2969.t1	VFG033911(gb|WP_001222184)	31.452	124	63	6	78	182	52	172	8.47e-07	52.4
g2969.t1	VFG000935(gb|WP_001222189)	31.452	124	63	6	78	182	52	172	8.84e-07	52.4
g2969.t1	VFG033908(gb|WP_001222181)	31.452	124	63	6	78	182	52	172	8.92e-07	52.4
g2969.t1	VFG012499(gb|WP_001222186)	31.452	124	63	6	78	182	52	172	9.00e-07	52.4
g2969.t1	VFG033910(gb|WP_001222182)	31.452	124	63	6	78	182	52	172	9.29e-07	52.4
g2969.t1	VFG012498(gb|WP_001222188)	31.452	124	63	6	78	182	52	172	9.31e-07	52.4
g2969.t1	VFG048619(gb|WP_041937604)	29.500	200	112	9	48	231	18	204	1.01e-06	52.0
g2969.t1	VFG037358(gb|WP_001073030)	22.436	312	214	11	418	718	466	760	1.09e-06	52.0
g2969.t1	VFG037355(gb|WP_001073031)	22.436	312	214	11	418	718	466	760	1.14e-06	52.0
g2969.t1	VFG007265(gb|WP_005461725)	36.486	148	81	5	56	194	32	175	1.29e-06	51.6
g2969.t1	VFG044171(gb|WP_000966628)	24.096	166	121	3	20	181	2	166	2.02e-06	51.2
g2969.t1	VFG020082(gb|WP_025208403)	22.957	257	165	7	480	718	553	794	4.12e-06	50.1
g2969.t1	VFG012967(gb|WP_014334084)	37.778	90	47	4	148	231	120	206	8.29e-06	49.3
g2969.t1	VFG012966(gb|WP_001387241)	37.778	90	47	4	148	231	120	206	8.29e-06	49.3
g2969.t1	VFG033940(gb|WP_001387241)	37.778	90	47	4	148	231	120	206	8.29e-06	49.3
g2969.t1	VFG000619(gb|NP_709458)	37.778	90	47	4	148	231	120	206	8.51e-06	49.3
g2969.t1	VFG000936(gb|WP_016265865)	37.778	90	47	4	148	231	120	206	8.51e-06	49.3
g2969.t1	VFG012965(gb|WP_001403966)	37.778	90	47	4	148	231	120	206	8.58e-06	49.3
g2969.t1	VFG033938(gb|WP_001432292)	37.778	90	47	4	148	231	120	206	8.58e-06	49.3
g2969.t1	VFG048621(gb|WP_004213924)	37.778	90	47	4	148	231	122	208	9.76e-06	48.9
g4599.t1	VFG044178(gb|WP_005477483)	26.135	727	436	22	16	728	10	649	1.97e-45	173
g4599.t1	VFG044412(gb|AAR12527)	26.763	695	440	29	80	753	80	726	2.40e-32	134
g4599.t1	VFG037357(gb|WP_001016285)	27.550	755	444	32	40	753	75	767	4.54e-32	133
g4599.t1	VFG037356(gb|WP_001016286)	27.550	755	444	32	40	753	75	767	5.82e-32	132
g4599.t1	VFG044319(gb|WP_006486047)	24.930	710	441	23	79	753	103	755	9.88e-32	132
g4599.t1	VFG044365(gb|WP_013318789)	23.109	714	474	23	69	753	68	735	3.68e-31	130
g4599.t1	VFG016094(gb|WP_012075666)	23.885	695	460	19	79	744	145	799	3.46e-30	127
g4599.t1	VFG037364(gb|WP_043961076)	27.618	764	432	37	40	753	74	766	2.25e-29	124
g4599.t1	VFG037362(gb|WP_020753359)	26.943	772	435	38	40	753	75	775	2.67e-29	124
g4599.t1	VFG037359(gb|YP_001085406)	26.943	772	435	37	40	753	34	734	7.70e-29	122
g4599.t1	VFG044341(gb|WP_004160310)	24.153	708	457	27	71	753	53	705	5.73e-28	120
g4599.t1	VFG044200(gb|WP_011267792)	25.333	750	434	34	23	728	106	773	8.39e-28	120
g4599.t1	VFG016101(gb|WP_011533729)	23.589	691	426	22	82	731	154	783	1.45e-25	112
g4599.t1	VFG016102(gb|WP_011060690)	23.410	786	466	26	23	753	119	823	3.83e-25	111
g4599.t1	VFG016100(gb|WP_012052858)	23.741	695	420	24	82	731	154	783	1.31e-23	106
g4599.t1	VFG037355(gb|WP_001073031)	24.521	783	478	33	16	753	46	760	3.02e-23	105
g4599.t1	VFG037358(gb|WP_001073030)	24.521	783	478	33	16	753	46	760	3.59e-23	105
g4599.t1	VFG020085(gb|WP_012723749)	24.347	727	419	27	82	753	161	811	6.66e-23	104
g4599.t1	VFG044223(gb|WP_011533696)	24.390	779	482	30	16	753	28	740	9.94e-22	100
g4599.t1	VFG044124(gb|WP_010930941)	23.598	767	473	29	12	731	12	712	4.20e-21	98.6
g4599.t1	VFG016099(gb|WP_010954972)	28.428	299	173	11	457	733	509	788	1.01e-20	97.4
g4599.t1	VFG016099(gb|WP_010954972)	26.087	184	122	4	49	222	119	298	4.11e-07	53.5
g4599.t1	VFG016154(gb|WP_011060591)	23.782	698	431	26	80	731	159	801	2.47e-19	92.8
g4599.t1	VFG020082(gb|WP_025208403)	23.016	756	481	29	44	753	94	794	1.98e-17	86.7
g4599.t1	VFG016104(gb|WP_041773008)	21.285	747	492	23	22	741	8	685	3.63e-17	85.9
g4599.t1	VFG044284(gb|WP_012367519)	23.796	706	444	28	82	753	58	703	2.42e-15	80.1
g4599.t1	VFG016097(gb|WP_011267348)	22.923	698	425	26	75	728	149	777	2.62e-15	80.1
g4599.t1	VFG015831(gb|WP_012270408)	26.389	216	136	4	555	753	605	814	5.93e-14	75.5
g4599.t1	VFG015831(gb|WP_012270408)	32.143	140	81	4	82	212	164	298	1.21e-07	55.1
g4599.t1	VFG016096(gb|WP_046463309)	23.857	700	416	32	75	728	149	777	1.08e-13	74.7
g4599.t1	VFG016103(gb|WP_011333998)	25.731	342	193	12	449	753	431	748	2.22e-13	73.6
g4599.t1	VFG020096(gb|WP_003118950)	26.596	282	170	9	463	731	440	697	2.58e-11	67.0
g4599.t1	VFG000164(gb|NP_252911)	26.596	282	170	9	463	731	440	697	2.60e-11	67.0
g4599.t1	VFG000163(gb|NP_251088)	24.873	197	120	6	555	731	605	793	1.08e-10	65.1
g4599.t1	VFG000163(gb|NP_251088)	30.435	138	86	3	82	212	164	298	4.22e-07	53.5
g4599.t1	VFG016095(gb|WP_003139291)	24.873	197	120	6	555	731	605	793	1.10e-10	65.1
g4599.t1	VFG016095(gb|WP_003139291)	30.435	138	86	3	82	212	164	298	4.26e-07	53.5
g4599.t1	VFG016152(gb|WP_034000074)	25.839	298	167	9	455	731	432	696	4.62e-10	63.2
g4599.t1	VFG016188(gb|WP_044389891)	23.962	313	219	8	449	750	358	662	1.56e-08	58.2
g4599.t1	VFG016098(gb|WP_011168256)	24.229	227	150	7	518	731	549	766	1.70e-08	58.2
g4599.t1	VFG016098(gb|WP_011168256)	28.758	153	88	5	82	222	146	289	5.96e-06	49.7
g4599.t1	VFG007265(gb|WP_005461725)	24.290	317	187	11	461	753	365	652	8.39e-08	55.5
g4599.t1	VFG012633(gb|WP_000792545)	27.309	249	144	10	512	729	416	658	1.21e-07	55.1
g4599.t1	VFG007274(gb|WP_005478149)	29.221	154	87	4	48	185	10	157	1.34e-07	55.1
g4599.t1	VFG044242(gb|WP_005311744)	25.173	433	237	20	80	483	44	418	1.61e-07	54.7
g4599.t1	VFG012634(gb|WP_000792544)	27.309	249	144	10	512	729	416	658	3.29e-07	53.9
g4599.t1	VFG013012(gb|WP_001034936)	28.090	178	100	6	81	230	45	222	2.15e-06	51.2
g4599.t1	VFG007263(gb|WP_000086048)	26.752	157	88	5	76	217	42	186	2.42e-06	50.8
g4599.t1	VFG007264(gb|WP_000086051)	26.752	157	88	5	76	217	42	186	2.62e-06	50.8
g4599.t1	VFG013014(gb|WP_001034921)	28.090	178	100	6	81	230	45	222	2.69e-06	50.8
g4599.t1	VFG013009(gb|WP_001034900)	28.090	178	100	6	81	230	45	222	2.78e-06	50.8
g4599.t1	VFG000923(gb|WP_001034892)	28.090	178	100	6	81	230	45	222	2.83e-06	50.8
g4599.t1	VFG013010(gb|NP_706439)	28.090	178	100	6	81	230	45	222	2.85e-06	50.8
g4599.t1	VFG020175(gb|WP_001034865)	28.090	178	100	6	81	230	45	222	2.88e-06	50.8
g4599.t1	VFG048510(gb|WP_014837769)	25.764	229	116	9	81	255	50	278	3.76e-06	50.4
g4599.t1	VFG048511(gb|WP_014228348)	25.764	229	116	9	81	255	50	278	3.82e-06	50.4
g4599.t1	VFG007276(gb|WP_011151756)	30.872	149	89	5	48	184	10	156	3.85e-06	50.4
g4599.t1	VFG007275(gb|WP_011082397)	30.872	149	89	5	48	184	10	156	3.95e-06	50.4
g4599.t1	VFG007273(gb|WP_000777823)	25.698	179	106	5	48	205	10	182	4.16e-06	50.1
g4599.t1	VFG007272(gb|WP_000777824)	25.698	179	106	5	48	205	10	182	4.46e-06	50.1
g4931.t1	VFG016094(gb|WP_012075666)	30.014	713	452	20	24	704	111	808	6.60e-81	273
g4931.t1	VFG044365(gb|WP_013318789)	29.010	717	441	21	1	678	22	709	7.97e-70	242
g4931.t1	VFG016152(gb|WP_034000074)	29.749	716	430	21	18	700	40	715	3.78e-62	220
g4931.t1	VFG020096(gb|WP_003118950)	28.310	710	449	18	18	700	40	716	8.85e-58	208
g4931.t1	VFG000164(gb|NP_252911)	28.310	710	449	18	18	700	40	716	1.11e-57	208
g4931.t1	VFG015831(gb|WP_012270408)	28.551	711	404	26	45	699	147	809	1.59e-54	200
g4931.t1	VFG016100(gb|WP_012052858)	27.762	724	457	27	18	704	109	803	6.26e-54	198
g4931.t1	VFG016101(gb|WP_011533729)	27.721	689	435	25	50	704	144	803	1.49e-53	197
g4931.t1	VFG044319(gb|WP_006486047)	27.233	683	442	25	26	678	72	729	4.08e-52	192
g4931.t1	VFG016098(gb|WP_011168256)	28.121	697	420	25	45	700	129	785	8.71e-52	192
g4931.t1	VFG020082(gb|WP_025208403)	26.786	728	464	23	19	704	94	794	3.74e-51	190
g4931.t1	VFG016099(gb|WP_010954972)	25.360	694	462	18	45	704	141	812	5.44e-51	190
g4931.t1	VFG044178(gb|WP_005477483)	25.948	686	453	22	1	678	10	648	1.71e-50	187
g4931.t1	VFG000163(gb|NP_251088)	26.582	711	429	21	45	704	147	815	2.94e-49	185
g4931.t1	VFG016095(gb|WP_003139291)	26.582	711	429	21	45	704	147	815	2.99e-49	185
g4931.t1	VFG044341(gb|WP_004160310)	25.512	733	476	24	4	704	11	705	2.46e-48	181
g4931.t1	VFG020085(gb|WP_012723749)	26.180	699	436	22	45	699	144	806	3.60e-48	182
g4931.t1	VFG016154(gb|WP_011060591)	25.615	691	443	22	60	704	159	824	1.64e-47	180
g4931.t1	VFG016103(gb|WP_011333998)	26.268	769	465	23	1	700	9	744	1.06e-46	177
g4931.t1	VFG016104(gb|WP_041773008)	25.477	734	470	21	3	704	8	696	1.38e-45	173
g4931.t1	VFG016102(gb|WP_011060690)	26.609	699	435	23	45	699	154	818	1.63e-45	174
g4931.t1	VFG044124(gb|WP_010930941)	25.890	730	452	28	24	704	45	734	5.88e-43	166
g4931.t1	VFG016097(gb|WP_011267348)	26.167	707	427	26	44	700	138	799	7.87e-42	163
g4931.t1	VFG016096(gb|WP_046463309)	24.557	733	480	21	2	700	106	799	9.63e-42	162
g4931.t1	VFG037356(gb|WP_001016286)	25.119	629	414	25	107	704	165	767	2.56e-32	133
g4931.t1	VFG037357(gb|WP_001016285)	25.119	629	414	25	107	704	165	767	3.14e-32	133
g4931.t1	VFG044223(gb|WP_011533696)	25.406	677	444	26	51	704	102	740	2.46e-30	127
g4931.t1	VFG037364(gb|WP_043961076)	24.199	624	426	22	107	704	164	766	3.41e-30	127
g4931.t1	VFG037355(gb|WP_001073031)	24.758	723	457	35	24	704	83	760	3.20e-29	124
g4931.t1	VFG037358(gb|WP_001073030)	24.758	723	457	35	24	704	83	760	4.76e-29	123
g4931.t1	VFG044412(gb|AAR12527)	24.016	737	492	28	3	704	23	726	1.08e-27	119
g4931.t1	VFG037359(gb|YP_001085406)	22.897	642	432	22	101	704	118	734	6.50e-27	116
g4931.t1	VFG037362(gb|WP_020753359)	22.897	642	432	22	101	704	159	775	1.17e-26	115
g4931.t1	VFG044284(gb|WP_012367519)	24.679	389	246	15	336	704	342	703	1.32e-17	87.0
g4931.t1	VFG044242(gb|WP_005311744)	22.416	687	433	27	50	686	34	670	6.80e-16	81.6
g4931.t1	VFG044200(gb|WP_011267792)	21.973	669	405	29	95	704	192	802	4.12e-12	69.7
g4931.t1	VFG044394(gb|AAF33135)	23.913	598	356	25	137	701	153	684	5.92e-11	65.9
g4931.t1	VFG007271(gb|WP_011261850)	30.323	155	95	2	26	168	13	166	2.60e-09	60.5
g4931.t1	VFG001731(gb|WP_001223352)	27.329	161	91	4	41	177	12	170	3.60e-09	60.1
g4931.t1	VFG007268(gb|WP_005480856)	22.458	708	434	33	50	699	31	681	3.72e-09	60.1
g4931.t1	VFG016189(gb|WP_041924575)	24.756	513	303	22	249	704	181	667	3.84e-09	59.7
g4931.t1	VFG007264(gb|WP_000086051)	26.190	210	127	6	60	246	46	250	7.55e-09	58.9
g4931.t1	VFG007264(gb|WP_000086051)	31.285	179	94	9	526	683	467	637	1.83e-08	57.8
g4931.t1	VFG007263(gb|WP_000086048)	26.190	210	127	6	60	246	46	250	8.37e-09	58.9
g4931.t1	VFG007263(gb|WP_000086048)	31.285	179	94	9	526	683	467	637	2.43e-08	57.4
g4931.t1	VFG007266(gb|WP_000277183)	21.399	715	433	34	50	699	31	681	9.10e-09	58.5
g4931.t1	VFG016188(gb|WP_044389891)	24.832	298	195	11	427	704	379	667	1.46e-08	58.2
g4931.t1	VFG044150(gb|NP_461704)	23.002	613	371	28	126	679	132	702	3.07e-08	57.0
g4931.t1	VFG007265(gb|WP_005461725)	29.048	210	124	8	495	686	436	638	4.96e-08	56.2
g4931.t1	VFG044375(gb|AAL65282)	29.381	194	116	4	13	198	16	196	5.29e-08	56.2
g4931.t1	VFG044375(gb|AAL65282)	24.221	289	196	7	425	703	393	668	2.32e-07	53.9
g4931.t1	VFG048595(gb|WP_032694981)	26.606	218	146	6	476	685	439	650	6.25e-08	55.8
g4931.t1	VFG048595(gb|WP_032694981)	37.313	67	40	1	137	203	127	191	5.12e-07	53.1
g4931.t1	VFG000923(gb|WP_001034892)	26.225	347	188	18	2	334	7	299	6.88e-08	55.8
g4931.t1	VFG013012(gb|WP_001034936)	26.225	347	188	18	2	334	7	299	6.94e-08	55.8
g4931.t1	VFG048596(gb|WP_014229387)	26.606	218	146	6	476	685	439	650	7.11e-08	55.8
g4931.t1	VFG048596(gb|WP_014229387)	37.313	67	40	1	137	203	127	191	5.08e-07	53.1
g4931.t1	VFG020175(gb|WP_001034865)	26.225	347	188	18	2	334	7	299	7.31e-08	55.8
g4931.t1	VFG013009(gb|WP_001034900)	26.225	347	188	18	2	334	7	299	7.70e-08	55.8
g4931.t1	VFG013010(gb|NP_706439)	26.225	347	188	18	2	334	7	299	8.17e-08	55.5
g4931.t1	VFG013014(gb|WP_001034921)	26.225	347	188	18	2	334	7	299	8.46e-08	55.5
g4931.t1	VFG044334(gb|WP_015874979)	23.710	620	383	28	126	691	130	713	8.50e-08	55.5
g4931.t1	VFG044306(gb|WP_002966591)	24.092	303	179	11	404	682	357	632	1.61e-07	54.7
g4931.t1	VFG003499(gb|WP_011816644)	25.000	264	176	8	438	685	393	650	1.68e-07	54.7
g4931.t1	VFG003499(gb|WP_011816644)	35.821	67	41	1	137	203	127	191	1.37e-06	51.6
g4931.t1	VFG048543(gb|YP_005226444)	21.582	607	388	22	126	679	153	724	1.80e-07	54.7
g4931.t1	VFG048544(gb|WP_002901630)	21.582	607	388	22	126	679	132	703	2.34e-07	54.3
g4931.t1	VFG034187(gb|WP_000784545)	25.000	264	176	8	438	685	393	650	2.37e-07	53.9
g4931.t1	VFG034187(gb|WP_000784545)	35.821	67	41	1	137	203	127	191	1.33e-06	51.6
g4931.t1	VFG048541(gb|WP_041169040)	21.322	605	392	21	126	679	132	703	2.62e-07	53.9
g4931.t1	VFG034181(gb|WP_000784546)	25.000	264	176	8	438	685	393	650	2.83e-07	53.9
g4931.t1	VFG034181(gb|WP_000784546)	35.821	67	41	1	137	203	127	191	1.39e-06	51.6
g4931.t1	VFG048510(gb|WP_014837769)	26.697	221	128	9	1	209	8	206	3.04e-07	53.9
g4931.t1	VFG034177(gb|WP_000784557)	25.000	264	176	8	438	685	393	650	3.19e-07	53.5
g4931.t1	VFG034177(gb|WP_000784557)	37.313	67	40	1	137	203	127	191	6.63e-07	52.8
g4931.t1	VFG003114(gb|WP_000784549)	25.000	264	176	8	438	685	393	650	3.28e-07	53.5
g4931.t1	VFG003114(gb|WP_000784549)	35.821	67	41	1	137	203	127	191	1.37e-06	51.6
g4931.t1	VFG048597(gb|WP_000784549)	25.000	264	176	8	438	685	393	650	3.28e-07	53.5
g4931.t1	VFG048597(gb|WP_000784549)	35.821	67	41	1	137	203	127	191	1.37e-06	51.6
g4931.t1	VFG012570(gb|WP_000784540)	25.000	264	176	8	438	685	393	650	3.28e-07	53.5
g4931.t1	VFG012570(gb|WP_000784540)	35.821	67	41	1	137	203	127	191	1.35e-06	51.6
g4931.t1	VFG012567(gb|WP_000784549)	25.000	264	176	8	438	685	393	650	3.28e-07	53.5
g4931.t1	VFG012567(gb|WP_000784549)	35.821	67	41	1	137	203	127	191	1.37e-06	51.6
g4931.t1	VFG012569(gb|WP_000784554)	25.000	264	176	8	438	685	393	650	3.33e-07	53.5
g4931.t1	VFG012569(gb|WP_000784554)	35.821	67	41	1	137	203	127	191	1.34e-06	51.6
g4931.t1	VFG048511(gb|WP_014228348)	26.697	221	128	9	1	209	8	206	3.34e-07	53.5
g4931.t1	VFG000358(gb|WP_002212885)	25.000	264	176	8	438	685	393	650	3.45e-07	53.5
g4931.t1	VFG000358(gb|WP_002212885)	35.821	67	41	1	137	203	127	191	1.39e-06	51.6
g4931.t1	VFG033911(gb|WP_001222184)	23.015	617	372	26	126	682	131	704	3.53e-07	53.5
g4931.t1	VFG012498(gb|WP_001222188)	23.002	613	377	27	126	682	131	704	3.81e-07	53.5
g4931.t1	VFG012968(gb|WP_011378642)	23.015	617	372	26	126	682	131	704	4.37e-07	53.1
g4931.t1	VFG044075(gb|YP_002344983)	20.805	596	375	26	137	679	132	683	5.14e-07	53.1
g4931.t1	VFG034182(gb|WP_000784550)	25.000	264	176	8	438	685	393	650	6.46e-07	52.8
g4931.t1	VFG034182(gb|WP_000784550)	35.821	67	41	1	137	203	127	191	1.39e-06	51.6
g4931.t1	VFG033908(gb|WP_001222181)	22.838	613	378	27	126	682	131	704	8.53e-07	52.4
g4931.t1	VFG000935(gb|WP_001222189)	22.838	613	378	27	126	682	131	704	8.61e-07	52.4
g4931.t1	VFG044333(gb|WP_015874968)	24.621	264	177	8	438	685	393	650	1.12e-06	52.0
g4931.t1	VFG044333(gb|WP_015874968)	35.821	67	41	1	137	203	127	191	1.36e-06	51.6
g4931.t1	VFG048514(gb|YP_005225737)	26.522	230	125	10	1	205	8	218	1.34e-06	51.6
g4931.t1	VFG048516(gb|WP_014599075)	26.522	230	125	10	1	205	8	218	1.38e-06	51.6
g4931.t1	VFG048519(gb|WP_012968731)	26.522	230	125	10	1	205	8	218	1.41e-06	51.6
g4931.t1	VFG034183(gb|WP_001304267)	35.821	67	41	1	137	203	127	191	1.43e-06	51.6
g4931.t1	VFG048513(gb|WP_008805577)	26.522	230	125	10	1	205	8	218	1.48e-06	51.6
g4931.t1	VFG048518(gb|WP_012737617)	26.522	230	125	10	1	205	8	218	1.48e-06	51.6
g4931.t1	VFG048517(gb|WP_012068422)	26.522	230	125	10	1	205	8	218	1.55e-06	51.6
g4931.t1	VFG033910(gb|WP_001222182)	22.023	613	378	25	126	682	131	699	2.82e-06	50.4
g4931.t1	VFG044104(gb|NP_253398)	31.092	119	71	2	60	167	45	163	3.79e-06	50.1
g4931.t1	VFG048547(gb|WP_004213617)	27.517	149	84	5	126	253	130	275	4.94e-06	49.7
g4931.t1	VFG012499(gb|WP_001222186)	22.240	616	378	26	126	682	131	704	5.62e-06	49.7
g186.t1	VFG044365(gb|WP_013318789)	39.762	757	398	17	1	729	9	735	4.41e-173	513
g186.t1	VFG016094(gb|WP_012075666)	37.324	710	406	14	42	729	116	808	4.13e-147	449
g186.t1	VFG044341(gb|WP_004160310)	35.836	706	409	17	40	729	28	705	7.50e-137	419
g186.t1	VFG044319(gb|WP_006486047)	35.734	708	408	20	42	729	75	755	2.54e-126	393
g186.t1	VFG044178(gb|WP_005477483)	24.755	715	449	24	13	704	1	649	3.84e-44	169
g186.t1	VFG016099(gb|WP_010954972)	24.493	690	468	20	68	729	148	812	5.14e-31	130
g186.t1	VFG016098(gb|WP_011168256)	25.216	579	376	21	76	628	144	691	8.79e-30	125
g186.t1	VFG016097(gb|WP_011267348)	24.668	754	471	31	24	724	89	798	5.73e-29	123
g186.t1	VFG016154(gb|WP_011060591)	23.395	701	475	26	66	729	149	824	6.09e-28	120
g186.t1	VFG020085(gb|WP_012723749)	22.977	692	474	20	67	729	150	811	6.54e-27	117
g186.t1	VFG016104(gb|WP_041773008)	24.185	736	489	24	16	729	8	696	7.61e-27	116
g186.t1	VFG044124(gb|WP_010930941)	24.531	693	449	28	66	722	73	727	1.32e-26	115
g186.t1	VFG016100(gb|WP_012052858)	24.473	711	437	34	68	729	144	803	1.42e-25	112
g186.t1	VFG016096(gb|WP_046463309)	23.778	757	476	30	23	724	88	798	3.20e-25	111
g186.t1	VFG016095(gb|WP_003139291)	24.074	756	471	30	33	729	104	815	5.13e-25	110
g186.t1	VFG000163(gb|NP_251088)	24.074	756	471	30	33	729	104	815	5.50e-25	110
g186.t1	VFG015831(gb|WP_012270408)	24.260	709	444	27	67	729	153	814	3.94e-23	105
g186.t1	VFG044104(gb|NP_253398)	23.538	718	420	29	76	703	45	723	6.89e-23	103
g186.t1	VFG044412(gb|AAR12527)	23.904	753	493	30	12	729	19	726	9.76e-20	94.0
g186.t1	VFG020082(gb|WP_025208403)	22.626	716	462	24	63	729	122	794	1.41e-19	93.6
g186.t1	VFG016152(gb|WP_034000074)	28.517	263	159	8	455	707	453	696	8.17e-18	87.8
g186.t1	VFG016152(gb|WP_034000074)	29.412	170	110	5	60	226	58	220	5.73e-09	59.3
g186.t1	VFG016101(gb|WP_011533729)	32.716	162	103	4	68	227	144	301	1.11e-17	87.4
g186.t1	VFG016101(gb|WP_011533729)	25.403	248	156	9	494	729	573	803	1.52e-08	58.2
g186.t1	VFG000164(gb|NP_252911)	28.826	281	169	10	439	707	436	697	1.72e-17	86.7
g186.t1	VFG000164(gb|NP_252911)	29.412	170	110	5	60	226	58	220	8.50e-09	58.9
g186.t1	VFG020096(gb|WP_003118950)	28.826	281	169	10	439	707	436	697	1.74e-17	86.7
g186.t1	VFG020096(gb|WP_003118950)	29.412	170	110	5	60	226	58	220	8.22e-09	58.9
g186.t1	VFG016102(gb|WP_011060690)	23.055	694	473	24	67	729	160	823	5.53e-17	85.5
g186.t1	VFG044200(gb|WP_011267792)	21.770	712	475	26	39	707	104	776	4.48e-16	82.4
g186.t1	VFG037362(gb|WP_020753359)	23.709	755	478	32	25	729	69	775	2.24e-14	77.0
g186.t1	VFG037359(gb|YP_001085406)	23.663	748	473	32	32	729	35	734	7.65e-14	75.1
g186.t1	VFG044375(gb|AAL65282)	22.063	698	441	25	42	709	24	648	1.50e-11	67.8
g186.t1	VFG044394(gb|AAF33135)	24.691	243	165	7	49	279	42	278	2.76e-11	67.0
g186.t1	VFG016103(gb|WP_011333998)	35.156	128	72	5	67	192	69	187	1.21e-10	64.7
g186.t1	VFG007263(gb|WP_000086048)	27.485	171	85	5	28	188	22	163	1.56e-10	64.3
g186.t1	VFG007264(gb|WP_000086051)	27.485	171	85	5	28	188	22	163	1.60e-10	64.3
g186.t1	VFG012600(gb|WP_000089598)	26.442	208	135	8	78	271	45	248	2.09e-10	63.9
g186.t1	VFG001731(gb|WP_001223352)	26.027	219	116	8	82	264	45	253	2.89e-10	63.5
g186.t1	VFG034270(gb|WP_014639334)	25.962	208	136	8	78	271	45	248	6.39e-10	62.4
g186.t1	VFG012601(gb|WP_000089584)	25.962	208	136	8	78	271	45	248	6.61e-10	62.4
g186.t1	VFG034266(gb|WP_000089589)	25.962	208	136	8	78	271	45	248	6.72e-10	62.4
g186.t1	VFG012597(gb|WP_000089593)	25.962	208	136	8	78	271	45	248	6.72e-10	62.4
g186.t1	VFG034275(gb|WP_000089587)	25.962	208	136	8	78	271	45	248	6.90e-10	62.4
g186.t1	VFG000917(gb|WP_000089583)	25.962	208	136	8	78	271	45	248	6.90e-10	62.4
g186.t1	VFG034278(gb|WP_000089585)	25.962	208	136	8	78	271	45	248	6.96e-10	62.4
g186.t1	VFG034280(gb|WP_000089586)	25.962	208	136	8	78	271	45	248	7.02e-10	62.4
g186.t1	VFG034265(gb|WP_000089590)	25.962	208	136	8	78	271	45	248	7.27e-10	62.4
g186.t1	VFG013064(gb|WP_000089574)	25.481	208	137	8	78	271	45	248	7.39e-10	62.4
g186.t1	VFG044240(gb|WP_011815406)	27.273	253	161	10	37	270	13	261	7.63e-10	62.4
g186.t1	VFG034264(gb|WP_000089596)	25.962	208	136	8	78	271	45	248	1.56e-09	61.2
g186.t1	VFG044139(gb|WP_002209062)	25.604	207	136	8	78	270	59	261	2.89e-09	60.5
g186.t1	VFG044223(gb|WP_011533696)	23.247	271	184	8	3	255	9	273	3.81e-09	60.1
g186.t1	VFG034271(gb|WP_000089597)	25.481	208	137	8	78	271	45	248	4.31e-09	59.7
g186.t1	VFG037355(gb|WP_001073031)	20.553	579	394	20	156	703	192	735	4.50e-09	59.7
g186.t1	VFG037358(gb|WP_001073030)	20.069	583	392	19	156	703	192	735	6.18e-09	59.3
g186.t1	VFG044284(gb|WP_012367519)	26.108	203	141	6	529	729	508	703	6.50e-09	59.3
g186.t1	VFG007271(gb|WP_011261850)	27.528	178	110	6	41	208	11	179	1.15e-08	58.5
g186.t1	VFG048621(gb|WP_004213924)	29.442	197	107	10	47	237	21	191	1.72e-08	57.8
g186.t1	VFG007268(gb|WP_005480856)	31.579	133	76	5	67	189	32	159	2.30e-08	57.4
g186.t1	VFG003499(gb|WP_011816644)	26.778	239	156	7	485	717	427	652	2.74e-08	57.0
g186.t1	VFG003499(gb|WP_011816644)	32.727	110	63	3	110	219	89	187	7.01e-07	52.8
g186.t1	VFG033951(gb|WP_000973511)	28.218	202	113	10	42	237	16	191	2.82e-08	57.0
g186.t1	VFG012634(gb|WP_000792544)	25.414	181	98	4	16	187	7	159	3.00e-08	57.0
g186.t1	VFG012633(gb|WP_000792545)	25.414	181	98	4	16	187	7	159	3.08e-08	57.0
g186.t1	VFG044291(gb|WP_012367988)	29.907	107	68	4	80	183	59	161	3.47e-08	57.0
g186.t1	VFG044436(gb|CAD43038)	30.000	130	81	4	68	189	33	160	4.48e-08	56.6
g186.t1	VFG007265(gb|WP_005461725)	27.094	203	104	7	11	199	2	174	5.17e-08	56.2
g186.t1	VFG048622(gb|WP_032451948)	27.684	177	106	8	47	217	21	181	5.23e-08	56.2
g186.t1	VFG034187(gb|WP_000784545)	26.778	239	156	7	485	717	427	652	5.30e-08	56.2
g186.t1	VFG034187(gb|WP_000784545)	32.727	110	63	3	110	219	89	187	6.84e-07	52.8
g186.t1	VFG000358(gb|WP_002212885)	26.778	239	156	7	485	717	427	652	5.88e-08	56.2
g186.t1	VFG000358(gb|WP_002212885)	32.727	110	63	3	110	219	89	187	6.61e-07	52.8
g186.t1	VFG048596(gb|WP_014229387)	26.360	239	157	7	485	717	427	652	6.29e-08	55.8
g186.t1	VFG048596(gb|WP_014229387)	27.273	187	108	6	36	219	26	187	1.25e-06	52.0
g186.t1	VFG003114(gb|WP_000784549)	26.778	239	156	7	485	717	427	652	6.40e-08	55.8
g186.t1	VFG003114(gb|WP_000784549)	32.727	110	63	3	110	219	89	187	6.84e-07	52.8
g186.t1	VFG048597(gb|WP_000784549)	26.778	239	156	7	485	717	427	652	6.40e-08	55.8
g186.t1	VFG048597(gb|WP_000784549)	32.727	110	63	3	110	219	89	187	6.84e-07	52.8
g186.t1	VFG012570(gb|WP_000784540)	26.778	239	156	7	485	717	427	652	6.40e-08	55.8
g186.t1	VFG012570(gb|WP_000784540)	32.727	110	63	3	110	219	89	187	6.78e-07	52.8
g186.t1	VFG012567(gb|WP_000784549)	26.778	239	156	7	485	717	427	652	6.40e-08	55.8
g186.t1	VFG012567(gb|WP_000784549)	32.727	110	63	3	110	219	89	187	6.84e-07	52.8
g186.t1	VFG034181(gb|WP_000784546)	26.778	239	156	7	485	717	427	652	6.86e-08	55.8
g186.t1	VFG034181(gb|WP_000784546)	32.727	110	63	3	110	219	89	187	7.07e-07	52.8
g186.t1	VFG034177(gb|WP_000784557)	26.778	239	156	7	485	717	427	652	7.04e-08	55.8
g186.t1	VFG034177(gb|WP_000784557)	32.727	110	63	3	110	219	89	187	3.16e-07	53.9
g186.t1	VFG048595(gb|WP_032694981)	26.360	239	157	7	485	717	427	652	7.22e-08	55.8
g186.t1	VFG048595(gb|WP_032694981)	27.273	187	108	6	36	219	26	187	1.45e-06	51.6
g186.t1	VFG012569(gb|WP_000784554)	26.778	239	156	7	485	717	427	652	7.22e-08	55.8
g186.t1	VFG012569(gb|WP_000784554)	32.727	110	63	3	110	219	89	187	7.38e-07	52.4
g186.t1	VFG033945(gb|WP_000973516)	28.934	197	108	10	47	237	21	191	7.50e-08	55.8
g186.t1	VFG012518(gb|WP_000973517)	28.934	197	108	10	47	237	21	191	7.76e-08	55.8
g186.t1	VFG033944(gb|WP_000973519)	28.934	197	108	10	47	237	21	191	8.03e-08	55.8
g186.t1	VFG034182(gb|WP_000784550)	26.778	239	156	7	485	717	427	652	1.55e-07	54.7
g186.t1	VFG034182(gb|WP_000784550)	32.727	110	63	3	110	219	89	187	7.26e-07	52.8
g186.t1	VFG044296(gb|WP_000428182)	26.776	183	101	5	13	192	8	160	1.63e-07	54.7
g186.t1	VFG044171(gb|WP_000966628)	25.926	162	88	5	42	188	22	166	2.08e-07	54.3
g186.t1	VFG007270(gb|WP_011152109)	27.273	132	84	4	67	189	32	160	2.38e-07	54.3
g186.t1	VFG044333(gb|WP_015874968)	26.360	239	157	7	485	717	427	652	2.44e-07	53.9
g186.t1	VFG044333(gb|WP_015874968)	32.727	110	63	3	110	219	89	187	6.66e-07	52.8
g186.t1	VFG048611(gb|WP_014228851)	28.070	171	97	9	59	219	18	172	2.48e-07	54.3
g186.t1	VFG044242(gb|WP_005311744)	26.429	140	89	5	58	187	20	155	2.87e-07	53.9
g186.t1	VFG034183(gb|WP_001304267)	32.727	110	63	3	110	219	89	187	5.69e-07	52.8
g186.t1	VFG012967(gb|WP_014334084)	26.374	182	112	8	42	217	14	179	1.06e-06	52.0
g186.t1	VFG048614(gb|WP_022065355)	25.000	172	104	8	59	217	18	177	1.08e-06	52.0
g186.t1	VFG048623(gb|WP_012968568)	25.000	172	104	8	59	217	18	177	1.10e-06	52.0
g186.t1	VFG012966(gb|WP_001387241)	26.374	182	112	8	42	217	14	179	1.10e-06	52.0
g186.t1	VFG033940(gb|WP_001387241)	26.374	182	112	8	42	217	14	179	1.10e-06	52.0
g186.t1	VFG012965(gb|WP_001403966)	26.374	182	112	8	42	217	14	179	1.12e-06	52.0
g186.t1	VFG033938(gb|WP_001432292)	26.374	182	112	8	42	217	14	179	1.17e-06	52.0
g186.t1	VFG000936(gb|WP_016265865)	26.374	182	112	8	42	217	14	179	1.18e-06	52.0
g186.t1	VFG000619(gb|NP_709458)	26.374	182	112	8	42	217	14	179	1.20e-06	52.0
g186.t1	VFG048620(gb|WP_014907843)	25.000	172	104	8	59	217	18	177	1.37e-06	51.6
g186.t1	VFG048615(gb|YP_005226287)	25.000	172	104	8	59	217	18	177	1.41e-06	51.6
g186.t1	VFG037364(gb|WP_043961076)	26.163	172	113	6	79	242	120	285	1.94e-06	51.2
g186.t1	VFG044177(gb|WP_005460644)	25.424	118	82	2	76	187	66	183	2.11e-06	51.2
g186.t1	VFG007266(gb|WP_000277183)	29.323	133	79	5	67	189	32	159	2.95e-06	50.4
g186.t1	VFG048619(gb|WP_041937604)	25.000	172	104	8	59	217	18	177	3.05e-06	50.4
g186.t1	VFG007274(gb|WP_005478149)	28.125	128	84	3	68	189	34	159	3.59e-06	50.4
g186.t1	VFG037357(gb|WP_001016285)	25.581	172	114	6	79	242	121	286	5.42e-06	49.7
g186.t1	VFG037356(gb|WP_001016286)	25.581	172	114	6	79	242	121	286	5.56e-06	49.7
g333.t1	VFG044341(gb|WP_004160310)	39.944	711	401	10	2	696	5	705	1.37e-178	525
g333.t1	VFG044365(gb|WP_013318789)	35.966	709	407	10	24	696	38	735	5.29e-143	435
g333.t1	VFG016094(gb|WP_012075666)	35.441	680	399	16	43	694	139	806	6.04e-122	382
g333.t1	VFG044319(gb|WP_006486047)	32.599	681	428	13	32	694	86	753	8.30e-107	341
g333.t1	VFG016101(gb|WP_011533729)	26.190	714	468	23	15	696	117	803	5.23e-45	172
g333.t1	VFG016099(gb|WP_010954972)	26.685	712	449	29	26	696	133	812	3.44e-42	164
g333.t1	VFG016100(gb|WP_012052858)	26.437	696	433	23	43	696	145	803	3.16e-41	161
g333.t1	VFG016098(gb|WP_011168256)	25.723	692	451	22	36	696	130	789	3.43e-41	160
g333.t1	VFG044178(gb|WP_005477483)	26.401	678	424	26	40	696	55	678	1.52e-40	158
g333.t1	VFG015831(gb|WP_012270408)	24.363	706	436	21	43	696	155	814	1.81e-39	155
g333.t1	VFG020085(gb|WP_012723749)	25.645	698	437	27	43	696	152	811	2.11e-39	155
g333.t1	VFG000163(gb|NP_251088)	25.462	703	433	25	43	696	155	815	9.75e-39	153
g333.t1	VFG016095(gb|WP_003139291)	25.462	703	433	25	43	696	155	815	1.06e-38	153
g333.t1	VFG044124(gb|WP_010930941)	24.380	685	462	21	36	689	68	727	2.01e-37	149
g333.t1	VFG016104(gb|WP_041773008)	24.207	694	437	25	41	696	54	696	2.03e-35	142
g333.t1	VFG020082(gb|WP_025208403)	23.338	737	493	24	11	696	79	794	4.49e-33	135
g333.t1	VFG016102(gb|WP_011060690)	25.678	701	435	31	43	696	162	823	4.60e-33	136
g333.t1	VFG020096(gb|WP_003118950)	26.050	714	447	31	26	696	45	720	9.49e-32	131
g333.t1	VFG000164(gb|NP_252911)	26.050	714	447	31	26	696	45	720	1.76e-31	130
g333.t1	VFG016152(gb|WP_034000074)	25.182	687	441	26	45	696	71	719	1.03e-30	128
g333.t1	VFG016103(gb|WP_011333998)	24.332	748	434	26	27	696	55	748	1.73e-27	118
g333.t1	VFG037355(gb|WP_001073031)	25.626	679	436	27	51	696	118	760	1.30e-26	115
g333.t1	VFG037358(gb|WP_001073030)	25.626	679	436	27	51	696	118	760	1.41e-26	115
g333.t1	VFG037359(gb|YP_001085406)	23.704	675	468	21	51	696	78	734	3.24e-25	111
g333.t1	VFG037362(gb|WP_020753359)	23.556	675	469	21	51	696	119	775	1.95e-24	108
g333.t1	VFG016097(gb|WP_011267348)	24.017	687	427	30	52	689	156	796	1.49e-23	106
g333.t1	VFG037356(gb|WP_001016286)	23.942	685	446	30	51	696	119	767	2.00e-23	105
g333.t1	VFG037357(gb|WP_001016285)	23.942	685	446	30	51	696	119	767	3.32e-23	105
g333.t1	VFG016096(gb|WP_046463309)	23.872	687	442	29	52	696	156	803	6.61e-23	103
g333.t1	VFG044223(gb|WP_011533696)	24.731	651	427	27	51	670	97	715	3.31e-21	98.6
g333.t1	VFG037364(gb|WP_043961076)	23.538	684	450	28	51	696	118	766	1.38e-20	96.7
g333.t1	VFG044412(gb|AAR12527)	22.911	742	486	28	5	696	21	726	1.20e-19	93.6
g333.t1	VFG044200(gb|WP_011267792)	22.802	671	422	26	51	676	159	778	4.29e-19	92.0
g333.t1	VFG044104(gb|NP_253398)	23.722	704	421	27	54	670	49	723	3.60e-16	82.4
g333.t1	VFG044284(gb|WP_012367519)	26.667	270	187	6	432	696	440	703	2.81e-14	76.3
g333.t1	VFG016154(gb|WP_011060591)	27.237	257	164	9	454	696	577	824	5.16e-14	75.9
g333.t1	VFG016154(gb|WP_011060591)	30.049	203	125	8	52	246	161	354	2.13e-10	63.9
g333.t1	VFG012600(gb|WP_000089598)	28.889	225	137	7	18	231	20	232	2.04e-12	70.5
g333.t1	VFG013064(gb|WP_000089574)	28.889	225	137	7	18	231	20	232	3.46e-12	69.7
g333.t1	VFG044394(gb|AAF33135)	22.857	665	414	27	43	672	62	662	4.53e-12	69.3
g333.t1	VFG044291(gb|WP_012367988)	23.303	442	272	16	54	482	59	446	6.04e-12	68.9
g333.t1	VFG012597(gb|WP_000089593)	28.444	225	138	7	18	231	20	232	6.23e-12	68.9
g333.t1	VFG034280(gb|WP_000089586)	28.444	225	138	7	18	231	20	232	6.79e-12	68.6
g333.t1	VFG034264(gb|WP_000089596)	28.947	228	133	7	18	231	20	232	6.85e-12	68.6
g333.t1	VFG034266(gb|WP_000089589)	28.444	225	138	7	18	231	20	232	6.97e-12	68.6
g333.t1	VFG012601(gb|WP_000089584)	28.444	225	138	7	18	231	20	232	7.03e-12	68.6
g333.t1	VFG000917(gb|WP_000089583)	28.444	225	138	7	18	231	20	232	7.15e-12	68.6
g333.t1	VFG034265(gb|WP_000089590)	28.444	225	138	7	18	231	20	232	7.21e-12	68.6
g333.t1	VFG034270(gb|WP_014639334)	28.444	225	138	7	18	231	20	232	7.40e-12	68.6
g333.t1	VFG034278(gb|WP_000089585)	28.444	225	138	7	18	231	20	232	7.53e-12	68.6
g333.t1	VFG034275(gb|WP_000089587)	28.444	225	138	7	18	231	20	232	7.66e-12	68.6
g333.t1	VFG034271(gb|WP_000089597)	28.000	225	139	7	18	231	20	232	1.80e-11	67.4
g333.t1	VFG007266(gb|WP_000277183)	22.958	453	272	18	10	436	6	407	6.15e-11	65.5
g333.t1	VFG007263(gb|WP_000086048)	31.016	187	104	8	23	194	24	200	7.53e-11	65.5
g333.t1	VFG007264(gb|WP_000086051)	31.016	187	104	8	23	194	24	200	7.73e-11	65.1
g333.t1	VFG044242(gb|WP_005311744)	27.897	233	142	10	21	239	21	241	1.52e-10	64.3
g333.t1	VFG044139(gb|WP_002209062)	22.747	466	284	13	31	482	44	447	1.89e-10	63.9
g333.t1	VFG007271(gb|WP_011261850)	29.697	165	100	5	10	164	7	165	9.93e-10	61.6
g333.t1	VFG007268(gb|WP_005480856)	22.426	437	264	17	23	436	20	404	2.55e-09	60.5
g333.t1	VFG044240(gb|WP_011815406)	26.066	211	138	5	31	231	44	246	4.00e-09	59.7
g333.t1	VFG048510(gb|WP_014837769)	29.302	215	111	10	7	192	8	210	6.30e-09	59.3
g333.t1	VFG048511(gb|WP_014228348)	29.302	215	111	10	7	192	8	210	6.36e-09	59.3
g333.t1	VFG044375(gb|AAL65282)	26.357	258	170	6	425	672	397	644	7.79e-09	58.9
g333.t1	VFG044375(gb|AAL65282)	26.966	178	110	5	21	192	30	193	2.34e-06	50.8
g333.t1	VFG044436(gb|CAD43038)	28.834	163	95	6	25	174	22	176	1.12e-08	58.5
g333.t1	VFG007270(gb|WP_011152109)	28.994	169	95	6	21	174	18	176	1.22e-08	58.2
g333.t1	VFG007265(gb|WP_005461725)	28.436	211	124	10	2	195	1	201	2.39e-08	57.4
g333.t1	VFG048518(gb|WP_012737617)	28.837	215	112	10	7	192	8	210	2.82e-08	57.0
g333.t1	VFG048513(gb|WP_008805577)	28.837	215	112	10	7	192	8	210	2.97e-08	57.0
g333.t1	VFG048514(gb|YP_005225737)	28.837	215	112	10	7	192	8	210	3.07e-08	57.0
g333.t1	VFG048519(gb|WP_012968731)	28.837	215	112	10	7	192	8	210	3.10e-08	57.0
g333.t1	VFG048517(gb|WP_012068422)	28.972	214	113	9	7	192	8	210	3.12e-08	57.0
g333.t1	VFG048516(gb|WP_014599075)	28.972	214	113	9	7	192	8	210	3.12e-08	57.0
g333.t1	VFG044171(gb|WP_000966628)	26.946	167	109	5	1	163	9	166	3.87e-08	56.6
g333.t1	VFG012634(gb|WP_000792544)	28.111	217	125	10	23	220	23	227	6.63e-08	55.8
g333.t1	VFG012633(gb|WP_000792545)	28.111	217	125	10	23	220	23	227	6.98e-08	55.8
g333.t1	VFG007274(gb|WP_005478149)	27.517	149	99	4	22	164	14	159	1.75e-07	54.7
g333.t1	VFG048596(gb|WP_014229387)	25.000	188	122	7	15	194	11	187	3.96e-07	53.1
g333.t1	VFG048595(gb|WP_032694981)	25.000	188	122	7	15	194	11	187	4.59e-07	53.1
g333.t1	VFG048540(gb|WP_014228993)	27.014	211	118	11	5	192	10	207	6.55e-07	52.8
g333.t1	VFG034177(gb|WP_000784557)	24.432	176	115	6	26	194	23	187	7.94e-07	52.4
g333.t1	VFG007273(gb|WP_000777823)	25.786	159	99	5	14	164	12	159	1.28e-06	51.6
g333.t1	VFG007272(gb|WP_000777824)	25.786	159	99	5	14	164	12	159	1.35e-06	51.6
g333.t1	VFG000358(gb|WP_002212885)	24.432	176	115	6	26	194	23	187	1.72e-06	51.2
g333.t1	VFG044333(gb|WP_015874968)	24.432	176	115	6	26	194	23	187	1.73e-06	51.2
g333.t1	VFG003114(gb|WP_000784549)	24.432	176	115	6	26	194	23	187	1.81e-06	51.2
g333.t1	VFG048597(gb|WP_000784549)	24.432	176	115	6	26	194	23	187	1.81e-06	51.2
g333.t1	VFG034181(gb|WP_000784546)	24.432	176	115	6	26	194	23	187	1.81e-06	51.2
g333.t1	VFG012567(gb|WP_000784549)	24.432	176	115	6	26	194	23	187	1.81e-06	51.2
g333.t1	VFG034187(gb|WP_000784545)	24.432	176	115	6	26	194	23	187	1.83e-06	51.2
g333.t1	VFG012569(gb|WP_000784554)	24.432	176	115	6	26	194	23	187	1.83e-06	51.2
g333.t1	VFG034182(gb|WP_000784550)	24.432	176	115	6	26	194	23	187	1.87e-06	51.2
g333.t1	VFG012570(gb|WP_000784540)	24.432	176	115	6	26	194	23	187	1.87e-06	51.2
g333.t1	VFG034183(gb|WP_001304267)	24.432	176	115	6	26	194	23	187	2.36e-06	50.8
g333.t1	VFG012499(gb|WP_001222186)	26.423	246	123	11	119	340	132	343	2.79e-06	50.4
g333.t1	VFG033910(gb|WP_001222182)	26.423	246	123	11	119	340	132	343	2.83e-06	50.4
g333.t1	VFG048615(gb|YP_005226287)	25.743	202	122	10	18	214	15	193	3.55e-06	50.4
g333.t1	VFG048620(gb|WP_014907843)	25.743	202	122	10	18	214	15	193	3.55e-06	50.4
g333.t1	VFG013014(gb|WP_001034921)	29.493	217	107	12	7	194	8	207	4.10e-06	50.1
g333.t1	VFG000923(gb|WP_001034892)	29.493	217	107	12	7	194	8	207	4.28e-06	50.1
g333.t1	VFG020175(gb|WP_001034865)	29.493	217	107	12	7	194	8	207	4.32e-06	50.1
g333.t1	VFG048619(gb|WP_041937604)	26.087	207	115	11	18	214	15	193	4.36e-06	50.1
g333.t1	VFG044150(gb|NP_461704)	26.601	203	109	9	17	192	18	207	4.58e-06	50.1
g333.t1	VFG013012(gb|WP_001034936)	29.515	227	112	13	7	204	8	215	4.59e-06	50.1
g333.t1	VFG013009(gb|WP_001034900)	29.493	217	107	12	7	194	8	207	4.83e-06	50.1
g333.t1	VFG013010(gb|NP_706439)	29.493	217	107	12	7	194	8	207	5.08e-06	49.7
g333.t1	VFG048543(gb|YP_005226444)	26.009	223	128	11	5	204	31	239	5.18e-06	49.7
g333.t1	VFG012498(gb|WP_001222188)	26.016	246	124	11	119	340	132	343	5.30e-06	49.7
g333.t1	VFG048544(gb|WP_002901630)	26.009	223	128	11	5	204	10	218	5.30e-06	49.7
g333.t1	VFG003499(gb|WP_011816644)	24.306	144	98	4	56	194	50	187	5.62e-06	49.7
g333.t1	VFG048541(gb|WP_041169040)	26.009	223	128	11	5	204	10	218	6.68e-06	49.3
g333.t1	VFG033911(gb|WP_001222184)	26.016	246	124	11	119	340	132	343	6.97e-06	49.3
g333.t1	VFG012968(gb|WP_011378642)	26.016	246	124	11	119	340	132	343	7.27e-06	49.3
g333.t1	VFG044334(gb|WP_015874979)	37.349	83	35	3	119	192	131	205	8.34e-06	48.9
g333.t1	VFG044093(gb|NP_252098)	25.949	158	106	4	30	177	128	284	9.26e-06	48.9
g333.t1	VFG001731(gb|WP_001223352)	25.795	283	165	14	5	254	4	274	9.35e-06	48.9
g333.t1	VFG048546(gb|WP_015958223)	26.009	223	128	11	5	204	10	218	9.41e-06	48.9
g333.t1	VFG048545(gb|WP_004224251)	26.009	223	128	11	5	204	10	218	9.91e-06	48.9
