g99.t1	VFG029777(gb|YP_001705161)	33.172	621	373	14	1	589	4	614	5.92e-92	295
g99.t1	VFG029791(gb|WP_005063997)	33.172	621	373	14	1	589	1	611	6.50e-92	295
g99.t1	VFG029769(gb|WP_011726920)	33.445	595	358	14	1	565	1	587	1.70e-90	291
g99.t1	VFG029782(gb|WP_012392474)	32.633	619	379	14	1	589	1	611	1.09e-89	289
g99.t1	VFG029796(gb|WP_015354253)	32.633	619	379	14	1	589	1	611	1.53e-89	288
g99.t1	VFG029786(gb|WP_008261764)	32.310	619	381	14	1	589	1	611	1.87e-89	288
g99.t1	VFG029774(gb|WP_071497566)	32.633	619	379	14	1	589	1	611	2.47e-89	288
g99.t1	VFG029788(gb|WP_014381387)	32.310	619	381	14	1	589	1	611	3.65e-89	288
g99.t1	VFG029783(gb|WP_013827173)	33.119	622	375	15	1	589	1	614	4.31e-89	288
g99.t1	VFG029765(gb|WP_003879144)	31.884	621	381	14	1	589	1	611	4.55e-89	287
g99.t1	VFG029792(gb|WP_015287781)	32.633	619	379	15	1	589	1	611	1.87e-88	286
g99.t1	VFG029780(gb|WP_014000132)	32.472	619	380	15	1	589	1	611	7.85e-88	284
g99.t1	VFG029763(gb|WP_010908958)	31.723	621	382	14	1	589	1	611	9.50e-88	284
g99.t1	VFG029771(gb|WP_011557669)	32.045	621	380	15	1	589	1	611	1.43e-87	283
g99.t1	VFG029784(gb|WP_009938200)	32.149	619	382	14	1	589	1	611	2.30e-87	283
g99.t1	VFG029814(gb|WP_015304254)	32.472	619	380	15	1	589	1	611	2.50e-87	283
g99.t1	VFG029770(gb|WP_011854302)	31.884	621	381	15	1	589	1	611	2.84e-87	283
g99.t1	VFG029775(gb|WP_011777587)	31.715	618	386	14	1	589	1	611	3.29e-87	283
g99.t1	VFG029793(gb|WP_015302472)	32.149	619	382	14	1	589	1	611	5.76e-87	282
g99.t1	VFG029761(gb|NP_214758)	32.149	619	382	14	1	589	1	611	6.61e-87	281
g99.t1	VFG029794(gb|WP_015288885)	31.664	619	385	13	1	589	1	611	6.89e-87	281
g99.t1	VFG029795(gb|WP_015292006)	32.149	619	382	14	1	589	1	611	1.82e-86	280
g99.t1	VFG029778(gb|WP_013988720)	32.149	619	382	14	1	589	1	611	1.98e-86	280
g99.t1	VFG029803(gb|WP_014585489)	31.987	619	383	14	1	589	1	611	3.64e-86	280
g99.t1	VFG029810(gb|WP_015345015)	31.826	619	384	14	1	589	1	611	3.68e-86	280
g99.t1	VFG029764(gb|WP_010950368)	31.987	619	383	14	1	589	1	611	4.04e-86	280
g99.t1	VFG029767(gb|WP_011799090)	31.826	619	384	14	1	589	1	611	2.02e-85	278
g99.t1	VFG029768(gb|WP_011891410)	31.175	587	369	12	32	589	31	611	6.34e-82	268
g99.t1	VFG029805(gb|YP_007956444)	31.452	620	386	15	1	589	1	612	3.07e-80	264
g99.t1	VFG030998(gb|YP_001701367)	29.758	289	153	12	77	355	39	287	2.45e-22	99.4
g99.t1	VFG031014(gb|WP_015291531)	27.950	322	172	13	45	355	15	287	1.49e-17	84.7
g99.t1	VFG030983(gb|NP_218060)	27.950	322	172	13	45	355	15	287	2.24e-17	84.3
g99.t1	VFG030984(gb|WP_003917816)	27.950	322	172	13	45	355	15	287	2.37e-17	84.3
g99.t1	VFG031015(gb|WP_015294487)	28.819	288	153	11	79	355	41	287	2.92e-16	80.9
g99.t1	VFG031026(gb|YP_007959529)	27.414	321	173	13	45	354	15	286	3.60e-16	80.5
g99.t1	VFG029172(gb|WP_005060526)	27.763	371	219	12	87	451	45	372	5.77e-16	79.7
g99.t1	VFG031016(gb|WP_015357393)	28.621	290	155	11	77	355	39	287	6.54e-16	79.7
g99.t1	VFG031002(gb|WP_012396554)	28.621	290	155	11	77	355	39	287	6.72e-16	79.7
g99.t1	VFG031007(gb|WP_008263658)	27.875	287	157	12	79	355	41	287	1.72e-15	78.6
g99.t1	VFG030995(gb|WP_011741754)	28.369	282	166	8	77	355	39	287	1.72e-15	78.6
g99.t1	VFG031006(gb|WP_009956911)	27.526	287	158	12	79	355	41	287	5.41e-15	77.0
g99.t1	VFG031003(gb|WP_013830615)	28.814	236	130	9	79	303	41	249	1.38e-14	75.9
g99.t1	VFG030996(gb|WP_011782397)	26.829	287	160	12	79	355	41	287	1.96e-14	75.1
g99.t1	VFG030986(gb|WP_003875682)	27.526	287	158	12	79	355	41	287	2.99e-14	74.7
g99.t1	VFG030990(gb|WP_011730958)	26.923	286	161	12	79	355	41	287	3.22e-14	74.7
g99.t1	VFG030989(gb|WP_011892407)	29.200	250	141	11	79	319	41	263	9.12e-14	73.2
g99.t1	VFG030991(gb|WP_011857155)	27.178	287	159	12	79	355	41	287	1.38e-13	72.8
g99.t1	VFG030992(gb|WP_011562052)	27.178	287	159	12	79	355	41	287	1.71e-13	72.4
g99.t1	VFG031034(gb|WP_015309552)	26.804	291	155	12	79	355	41	287	3.06e-13	71.6
g99.t1	VFG029181(gb|YP_007957115)	24.852	338	209	11	111	444	71	367	3.28e-13	71.6
g99.t1	VFG044398(gb|AAF33139)	22.685	432	267	18	40	464	142	513	1.68e-12	70.1
g99.t1	VFG049152(gb|WP_000337350)	23.077	377	229	13	81	447	37	362	2.12e-10	62.8
g99.t1	VFG043689(gb|WP_000337350)	23.077	377	229	13	81	447	37	362	2.12e-10	62.8
g100.t1	VFG029777(gb|YP_001705161)	35.897	624	361	16	1	598	4	614	1.62e-96	307
g100.t1	VFG029791(gb|WP_005063997)	35.096	624	366	14	1	598	1	611	2.72e-96	306
g100.t1	VFG029765(gb|WP_003879144)	35.323	620	370	14	1	598	1	611	1.61e-94	302
g100.t1	VFG029769(gb|WP_011726920)	35.144	626	363	16	1	598	1	611	3.09e-93	298
g100.t1	VFG029782(gb|WP_012392474)	35.634	623	364	16	1	598	1	611	7.84e-93	297
g100.t1	VFG029783(gb|WP_013827173)	35.417	624	367	15	1	598	1	614	1.30e-92	297
g100.t1	VFG029774(gb|WP_071497566)	35.634	623	364	16	1	598	1	611	1.42e-92	297
g100.t1	VFG029786(gb|WP_008261764)	36.071	621	364	14	1	598	1	611	3.20e-92	296
g100.t1	VFG029788(gb|WP_014381387)	36.071	621	364	14	1	598	1	611	3.44e-92	296
g100.t1	VFG029771(gb|WP_011557669)	34.516	620	375	14	1	598	1	611	4.04e-92	296
g100.t1	VFG029796(gb|WP_015354253)	35.474	623	365	16	1	598	1	611	6.92e-92	295
g100.t1	VFG029770(gb|WP_011854302)	34.355	620	376	14	1	598	1	611	1.23e-91	294
g100.t1	VFG029792(gb|WP_015287781)	34.249	619	378	15	1	598	1	611	9.12e-91	292
g100.t1	VFG029775(gb|WP_011777587)	34.572	619	376	14	1	598	1	611	9.22e-91	292
g100.t1	VFG029780(gb|WP_014000132)	34.249	619	378	15	1	598	1	611	1.06e-90	292
g100.t1	VFG029763(gb|WP_010908958)	34.198	617	381	14	1	598	1	611	1.79e-89	289
g100.t1	VFG029794(gb|WP_015288885)	33.710	620	380	15	1	598	1	611	2.31e-89	288
g100.t1	VFG029814(gb|WP_015304254)	34.410	619	377	15	1	598	1	611	3.30e-89	288
g100.t1	VFG029768(gb|WP_011891410)	34.566	622	372	15	1	598	1	611	3.45e-89	288
g100.t1	VFG029795(gb|WP_015292006)	34.410	619	377	15	1	598	1	611	9.45e-88	284
g100.t1	VFG029784(gb|WP_009938200)	34.410	619	377	15	1	598	1	611	1.71e-87	283
g100.t1	VFG029761(gb|NP_214758)	34.410	619	377	15	1	598	1	611	1.76e-87	283
g100.t1	VFG029793(gb|WP_015302472)	34.410	619	377	15	1	598	1	611	2.49e-87	283
g100.t1	VFG029767(gb|WP_011799090)	34.410	619	377	15	1	598	1	611	3.84e-87	283
g100.t1	VFG029778(gb|WP_013988720)	34.410	619	377	15	1	598	1	611	4.05e-87	282
g100.t1	VFG029764(gb|WP_010950368)	34.410	619	377	15	1	598	1	611	4.31e-87	282
g100.t1	VFG029803(gb|WP_014585489)	34.249	619	378	15	1	598	1	611	1.14e-86	281
g100.t1	VFG029810(gb|WP_015345015)	34.087	619	379	15	1	598	1	611	1.37e-86	281
g100.t1	VFG029805(gb|YP_007956444)	33.441	622	380	16	1	598	1	612	5.93e-80	263
g100.t1	VFG044398(gb|AAF33139)	24.594	431	262	14	40	465	141	513	1.79e-19	91.7
g100.t1	VFG029181(gb|YP_007957115)	27.893	337	183	11	135	461	95	381	1.16e-16	82.0
g100.t1	VFG029172(gb|WP_005060526)	26.558	369	214	15	89	447	46	367	3.31e-14	74.7
g100.t1	VFG049152(gb|WP_000337350)	22.283	368	233	11	91	452	46	366	3.82e-14	74.3
g100.t1	VFG043689(gb|WP_000337350)	22.283	368	233	11	91	452	46	366	3.82e-14	74.3
g100.t1	VFG030998(gb|YP_001701367)	31.737	167	100	5	138	304	97	249	4.47e-11	65.1
g100.t1	VFG031014(gb|WP_015291531)	32.164	171	102	6	138	308	97	253	2.83e-10	62.4
g100.t1	VFG030983(gb|NP_218060)	32.164	171	102	6	138	308	97	253	2.88e-10	62.4
g100.t1	VFG030984(gb|WP_003917816)	32.164	171	102	6	138	308	97	253	3.07e-10	62.4
g100.t1	VFG030990(gb|WP_011730958)	31.176	170	103	6	138	307	97	252	4.95e-10	61.6
g100.t1	VFG030989(gb|WP_011892407)	31.176	170	103	6	138	307	97	252	6.07e-10	61.2
g100.t1	VFG031015(gb|WP_015294487)	31.844	179	92	7	138	308	97	253	1.09e-09	60.5
g100.t1	VFG031026(gb|YP_007959529)	31.579	171	103	6	138	308	97	253	3.01e-09	59.3
g100.t1	VFG030986(gb|WP_003875682)	31.765	170	102	6	138	307	97	252	3.35e-09	58.9
g100.t1	VFG030996(gb|WP_011782397)	30.588	170	104	6	138	307	97	252	3.50e-09	58.9
g100.t1	VFG031006(gb|WP_009956911)	31.176	170	103	6	138	307	97	252	6.38e-09	58.2
g100.t1	VFG031007(gb|WP_008263658)	31.176	170	103	6	138	307	97	252	6.44e-09	58.2
g100.t1	VFG031003(gb|WP_013830615)	31.056	161	97	5	138	298	97	243	1.06e-08	57.4
g100.t1	VFG031034(gb|WP_015309552)	30.994	171	104	5	138	308	97	253	1.92e-08	56.6
g100.t1	VFG031016(gb|WP_015357393)	30.994	171	104	6	138	308	97	253	2.48e-08	56.2
g100.t1	VFG031002(gb|WP_012396554)	30.994	171	104	6	138	308	97	253	2.76e-08	56.2
g100.t1	VFG030995(gb|WP_011741754)	30.409	171	105	5	138	308	97	253	4.64e-08	55.5
g100.t1	VFG030991(gb|WP_011857155)	29.193	161	100	6	138	298	97	243	3.86e-07	52.4
g100.t1	VFG030992(gb|WP_011562052)	29.193	161	100	6	138	298	97	243	3.93e-07	52.4
g212.t1	VFG029791(gb|WP_005063997)	35.235	596	360	12	1	579	1	587	8.33e-99	313
g212.t1	VFG029777(gb|YP_001705161)	35.235	596	360	12	1	579	4	590	2.24e-98	312
g212.t1	VFG029814(gb|WP_015304254)	35.940	601	349	14	1	579	1	587	1.13e-96	308
g212.t1	VFG029775(gb|WP_011777587)	35.400	613	362	14	1	596	1	596	6.21e-95	303
g212.t1	VFG029768(gb|WP_011891410)	35.516	611	362	13	1	595	1	595	3.88e-94	301
g212.t1	VFG029792(gb|WP_015287781)	34.194	620	382	13	1	603	1	611	8.05e-94	300
g212.t1	VFG029780(gb|WP_014000132)	34.194	620	382	13	1	603	1	611	1.06e-93	300
g212.t1	VFG029769(gb|WP_011726920)	36.606	601	345	16	1	579	1	587	1.13e-93	300
g212.t1	VFG029771(gb|WP_011557669)	35.000	600	356	13	1	579	1	587	1.15e-93	300
g212.t1	VFG029770(gb|WP_011854302)	34.833	600	357	13	1	579	1	587	2.32e-93	299
g212.t1	VFG029783(gb|WP_013827173)	35.447	615	360	15	1	595	1	598	3.03e-93	299
g212.t1	VFG029794(gb|WP_015288885)	34.194	620	382	13	1	603	1	611	1.52e-92	297
g212.t1	VFG029782(gb|WP_012392474)	35.161	620	376	13	1	603	1	611	7.21e-91	293
g212.t1	VFG029786(gb|WP_008261764)	34.677	620	379	13	1	603	1	611	8.91e-91	292
g212.t1	VFG029788(gb|WP_014381387)	34.572	619	381	12	1	603	1	611	1.18e-90	292
g212.t1	VFG029774(gb|WP_071497566)	35.427	621	373	14	1	603	1	611	1.32e-90	292
g212.t1	VFG029765(gb|WP_003879144)	34.516	620	380	13	1	603	1	611	1.99e-90	291
g212.t1	VFG029796(gb|WP_015354253)	35.000	620	377	13	1	603	1	611	4.98e-90	290
g212.t1	VFG029784(gb|WP_009938200)	34.355	620	381	13	1	603	1	611	8.99e-90	290
g212.t1	VFG029793(gb|WP_015302472)	34.355	620	381	13	1	603	1	611	1.03e-89	290
g212.t1	VFG029767(gb|WP_011799090)	34.355	620	381	13	1	603	1	611	1.26e-89	289
g212.t1	VFG029761(gb|NP_214758)	34.355	620	381	13	1	603	1	611	1.48e-89	289
g212.t1	VFG029764(gb|WP_010950368)	34.355	620	381	13	1	603	1	611	1.71e-89	289
g212.t1	VFG029763(gb|WP_010908958)	33.558	593	374	11	1	579	1	587	2.72e-89	288
g212.t1	VFG029778(gb|WP_013988720)	34.355	620	381	13	1	603	1	611	4.33e-89	288
g212.t1	VFG029803(gb|WP_014585489)	34.194	620	382	13	1	603	1	611	6.26e-89	287
g212.t1	VFG029810(gb|WP_015345015)	34.032	620	383	13	1	603	1	611	1.03e-88	287
g212.t1	VFG029795(gb|WP_015292006)	34.194	620	382	13	1	603	1	611	2.60e-88	286
g212.t1	VFG029805(gb|YP_007956444)	34.032	620	384	13	1	603	1	612	2.22e-85	278
g212.t1	VFG044398(gb|AAF33139)	24.651	430	258	14	36	460	138	506	8.32e-22	99.0
g212.t1	VFG030998(gb|YP_001701367)	27.124	306	191	12	90	394	52	326	3.39e-16	80.9
g212.t1	VFG049152(gb|WP_000337350)	22.252	373	230	12	90	454	46	366	2.61e-15	77.8
g212.t1	VFG043689(gb|WP_000337350)	22.252	373	230	12	90	454	46	366	2.61e-15	77.8
g212.t1	VFG029172(gb|WP_005060526)	27.520	367	212	14	90	449	48	367	6.66e-15	76.6
g212.t1	VFG031016(gb|WP_015357393)	28.462	260	152	11	93	350	55	282	9.07e-14	73.2
g212.t1	VFG031002(gb|WP_012396554)	28.077	260	153	11	93	350	55	282	9.32e-13	70.1
g212.t1	VFG030995(gb|WP_011741754)	28.077	260	153	11	93	350	55	282	1.62e-12	69.3
g212.t1	VFG030986(gb|WP_003875682)	28.520	277	160	14	80	350	38	282	6.83e-12	67.4
g212.t1	VFG031007(gb|WP_008263658)	28.159	277	161	14	80	350	38	282	1.24e-11	66.6
g212.t1	VFG029181(gb|YP_007957115)	25.246	305	179	9	149	449	110	369	1.98e-11	65.9
g212.t1	VFG031015(gb|WP_015294487)	25.896	251	158	10	49	297	19	243	3.13e-11	65.5
g212.t1	VFG031006(gb|WP_009956911)	27.798	277	162	14	80	350	38	282	3.88e-11	65.1
g212.t1	VFG030996(gb|WP_011782397)	26.692	266	161	11	93	356	55	288	4.16e-11	65.1
g212.t1	VFG031034(gb|WP_015309552)	26.906	223	143	9	77	297	39	243	4.35e-11	65.1
g212.t1	VFG030990(gb|WP_011730958)	27.826	230	142	11	80	303	38	249	1.15e-10	63.5
g212.t1	VFG031003(gb|WP_013830615)	25.692	253	158	11	48	297	18	243	1.41e-10	63.5
g212.t1	VFG031014(gb|WP_015291531)	25.100	251	160	10	49	297	19	243	3.32e-10	62.4
g212.t1	VFG030983(gb|NP_218060)	25.100	251	160	10	49	297	19	243	3.97e-10	62.0
g212.t1	VFG030984(gb|WP_003917816)	25.100	251	160	10	49	297	19	243	4.30e-10	62.0
g212.t1	VFG030989(gb|WP_011892407)	27.826	230	142	11	80	303	38	249	5.66e-10	61.6
g212.t1	VFG030991(gb|WP_011857155)	26.070	257	152	12	48	297	18	243	2.04e-09	59.7
g212.t1	VFG030992(gb|WP_011562052)	26.070	257	152	12	48	297	18	243	2.73e-09	59.3
g212.t1	VFG031026(gb|YP_007959529)	24.701	251	161	10	49	297	19	243	3.47e-09	58.9
g450.t1	VFG029803(gb|WP_014585489)	50.667	75	37	0	8	82	16	90	7.62e-18	75.9
g450.t1	VFG029769(gb|WP_011726920)	50.000	72	36	0	8	79	16	87	7.84e-18	75.9
g450.t1	VFG029810(gb|WP_015345015)	50.667	75	37	0	8	82	16	90	7.92e-18	75.9
g450.t1	VFG029767(gb|WP_011799090)	50.667	75	37	0	8	82	16	90	7.92e-18	75.9
g450.t1	VFG029761(gb|NP_214758)	50.667	75	37	0	8	82	16	90	8.00e-18	75.9
g450.t1	VFG029795(gb|WP_015292006)	50.667	75	37	0	8	82	16	90	8.56e-18	75.9
g450.t1	VFG029794(gb|WP_015288885)	50.667	75	37	0	8	82	16	90	8.56e-18	75.9
g450.t1	VFG029784(gb|WP_009938200)	50.667	75	37	0	8	82	16	90	8.56e-18	75.9
g450.t1	VFG029778(gb|WP_013988720)	50.667	75	37	0	8	82	16	90	8.56e-18	75.9
g450.t1	VFG029764(gb|WP_010950368)	50.667	75	37	0	8	82	16	90	8.56e-18	75.9
g450.t1	VFG029792(gb|WP_015287781)	50.667	75	37	0	8	82	16	90	9.63e-18	75.9
g450.t1	VFG029780(gb|WP_014000132)	50.667	75	37	0	8	82	16	90	9.63e-18	75.9
g450.t1	VFG029783(gb|WP_013827173)	49.351	77	39	0	6	82	14	90	9.82e-18	75.9
g450.t1	VFG029793(gb|WP_015302472)	50.667	75	37	0	8	82	16	90	1.37e-17	75.1
g450.t1	VFG029774(gb|WP_071497566)	48.052	77	40	0	6	82	14	90	1.64e-17	75.1
g450.t1	VFG029796(gb|WP_015354253)	48.052	77	40	0	6	82	14	90	1.66e-17	75.1
g450.t1	VFG029782(gb|WP_012392474)	48.052	77	40	0	6	82	14	90	1.74e-17	75.1
g450.t1	VFG029786(gb|WP_008261764)	48.000	75	39	0	8	82	16	90	2.29e-17	74.7
g450.t1	VFG029788(gb|WP_014381387)	48.000	75	39	0	8	82	16	90	2.45e-17	74.7
g450.t1	VFG029765(gb|WP_003879144)	46.667	75	40	0	8	82	16	90	5.30e-17	73.6
g450.t1	VFG029805(gb|YP_007956444)	49.333	75	38	0	8	82	16	90	1.04e-16	72.8
g450.t1	VFG029768(gb|WP_011891410)	46.667	75	40	0	8	82	16	90	2.83e-16	71.6
g450.t1	VFG029775(gb|WP_011777587)	50.000	72	36	0	8	79	16	87	7.65e-16	70.5
g450.t1	VFG029763(gb|WP_010908958)	45.333	75	41	0	8	82	16	90	1.01e-15	70.1
g450.t1	VFG029791(gb|WP_005063997)	42.857	77	44	0	6	82	14	90	1.16e-15	69.7
g450.t1	VFG029777(gb|YP_001705161)	42.857	77	44	0	6	82	17	93	1.21e-15	69.7
g450.t1	VFG029771(gb|WP_011557669)	44.000	75	42	0	8	82	16	90	3.08e-15	68.6
g450.t1	VFG029770(gb|WP_011854302)	44.000	75	42	0	8	82	16	90	3.14e-15	68.6
g450.t1	VFG029814(gb|WP_015304254)	45.833	72	39	0	8	79	16	87	3.26e-14	65.9
g247.t1	VFG029761(gb|NP_214758)	100.000	611	0	0	1	611	1	611	0.0	1248
g247.t1	VFG029793(gb|WP_015302472)	99.836	611	1	0	1	611	1	611	0.0	1246
g247.t1	VFG029810(gb|WP_015345015)	99.673	611	2	0	1	611	1	611	0.0	1246
g247.t1	VFG029778(gb|WP_013988720)	99.836	611	1	0	1	611	1	611	0.0	1246
g247.t1	VFG029792(gb|WP_015287781)	99.836	611	1	0	1	611	1	611	0.0	1245
g247.t1	VFG029803(gb|WP_014585489)	99.836	611	1	0	1	611	1	611	0.0	1244
g247.t1	VFG029784(gb|WP_009938200)	99.836	611	1	0	1	611	1	611	0.0	1244
g247.t1	VFG029764(gb|WP_010950368)	99.673	611	2	0	1	611	1	611	0.0	1244
g247.t1	VFG029795(gb|WP_015292006)	99.509	611	3	0	1	611	1	611	0.0	1243
g247.t1	VFG029780(gb|WP_014000132)	99.509	611	3	0	1	611	1	611	0.0	1242
g247.t1	VFG029767(gb|WP_011799090)	99.509	611	3	0	1	611	1	611	0.0	1242
g247.t1	VFG029794(gb|WP_015288885)	99.345	611	4	0	1	611	1	611	0.0	1241
g247.t1	VFG029782(gb|WP_012392474)	91.653	611	51	0	1	611	1	611	0.0	1144
g247.t1	VFG029805(gb|YP_007956444)	94.327	617	24	3	1	611	1	612	0.0	1142
g247.t1	VFG029796(gb|WP_015354253)	91.326	611	53	0	1	611	1	611	0.0	1138
g247.t1	VFG029774(gb|WP_071497566)	91.326	611	53	0	1	611	1	611	0.0	1138
g247.t1	VFG029788(gb|WP_014381387)	90.835	611	56	0	1	611	1	611	0.0	1132
g247.t1	VFG029763(gb|WP_010908958)	89.525	611	64	0	1	611	1	611	0.0	1132
g247.t1	VFG029786(gb|WP_008261764)	90.671	611	57	0	1	611	1	611	0.0	1131
g247.t1	VFG029765(gb|WP_003879144)	90.835	611	56	0	1	611	1	611	0.0	1130
g247.t1	VFG029783(gb|WP_013827173)	84.691	614	91	1	1	611	1	614	0.0	1090
g247.t1	VFG029770(gb|WP_011854302)	84.615	611	94	0	1	611	1	611	0.0	1080
g247.t1	VFG029775(gb|WP_011777587)	84.124	611	97	0	1	611	1	611	0.0	1079
g247.t1	VFG029771(gb|WP_011557669)	84.615	611	94	0	1	611	1	611	0.0	1079
g247.t1	VFG029814(gb|WP_015304254)	83.306	611	102	0	1	611	1	611	0.0	1063
g247.t1	VFG029768(gb|WP_011891410)	81.833	611	111	0	1	611	1	611	0.0	1051
g247.t1	VFG029769(gb|WP_011726920)	81.342	611	114	0	1	611	1	611	0.0	1049
g247.t1	VFG029777(gb|YP_001705161)	79.051	611	128	0	1	611	4	614	0.0	1023
g247.t1	VFG029791(gb|WP_005063997)	79.214	611	127	0	1	611	1	611	0.0	1022
g247.t1	VFG044398(gb|AAF33139)	25.120	418	257	14	55	470	149	512	1.88e-15	79.3
g247.t1	VFG029181(gb|YP_007957115)	29.010	293	159	11	162	452	124	369	1.91e-13	72.4
g247.t1	VFG049152(gb|WP_000337350)	23.262	374	233	14	84	453	39	362	2.74e-11	65.5
g247.t1	VFG043689(gb|WP_000337350)	23.262	374	233	14	84	453	39	362	2.74e-11	65.5
g247.t1	VFG029172(gb|WP_005060526)	25.063	395	239	15	57	445	17	360	2.52e-09	59.3
g1457.t1	VFG029769(gb|WP_011726920)	64.812	611	213	1	1	609	1	611	0.0	810
g1457.t1	VFG029814(gb|WP_015304254)	65.139	611	211	1	1	609	1	611	0.0	810
g1457.t1	VFG029780(gb|WP_014000132)	64.648	611	214	1	1	609	1	611	0.0	796
g1457.t1	VFG029792(gb|WP_015287781)	64.648	611	214	1	1	609	1	611	0.0	796
g1457.t1	VFG029771(gb|WP_011557669)	64.157	611	217	1	1	609	1	611	0.0	795
g1457.t1	VFG029770(gb|WP_011854302)	63.830	611	219	1	1	609	1	611	0.0	792
g1457.t1	VFG029794(gb|WP_015288885)	64.812	611	213	1	1	609	1	611	0.0	789
g1457.t1	VFG029775(gb|WP_011777587)	63.502	611	221	1	1	609	1	611	0.0	789
g1457.t1	VFG029803(gb|WP_014585489)	64.975	611	212	1	1	609	1	611	0.0	788
g1457.t1	VFG029788(gb|WP_014381387)	64.648	611	214	1	1	609	1	611	0.0	788
g1457.t1	VFG029777(gb|YP_001705161)	63.011	611	224	1	1	609	4	614	0.0	788
g1457.t1	VFG029765(gb|WP_003879144)	64.648	611	214	1	1	609	1	611	0.0	788
g1457.t1	VFG029791(gb|WP_005063997)	63.175	611	223	1	1	609	1	611	0.0	787
g1457.t1	VFG029795(gb|WP_015292006)	64.812	611	213	1	1	609	1	611	0.0	786
g1457.t1	VFG029786(gb|WP_008261764)	64.484	611	215	1	1	609	1	611	0.0	786
g1457.t1	VFG029783(gb|WP_013827173)	64.007	614	216	2	1	609	1	614	0.0	786
g1457.t1	VFG029768(gb|WP_011891410)	63.502	611	221	1	1	609	1	611	0.0	785
g1457.t1	VFG029764(gb|WP_010950368)	64.975	611	212	1	1	609	1	611	0.0	785
g1457.t1	VFG029761(gb|NP_214758)	64.812	611	213	1	1	609	1	611	0.0	785
g1457.t1	VFG029767(gb|WP_011799090)	64.812	611	213	1	1	609	1	611	0.0	784
g1457.t1	VFG029793(gb|WP_015302472)	64.648	611	214	1	1	609	1	611	0.0	783
g1457.t1	VFG029810(gb|WP_015345015)	64.484	611	215	1	1	609	1	611	0.0	782
g1457.t1	VFG029778(gb|WP_013988720)	64.648	611	214	1	1	609	1	611	0.0	782
g1457.t1	VFG029784(gb|WP_009938200)	64.648	611	214	1	1	609	1	611	0.0	781
g1457.t1	VFG029763(gb|WP_010908958)	63.011	611	224	1	1	609	1	611	0.0	779
g1457.t1	VFG029782(gb|WP_012392474)	63.993	611	218	1	1	609	1	611	0.0	778
g1457.t1	VFG029796(gb|WP_015354253)	63.830	611	219	1	1	609	1	611	0.0	773
g1457.t1	VFG029774(gb|WP_071497566)	63.830	611	219	1	1	609	1	611	0.0	772
g1457.t1	VFG029805(gb|YP_007956444)	63.226	620	209	3	1	609	1	612	0.0	761
g1457.t1	VFG044398(gb|AAF33139)	26.357	387	221	15	85	464	179	508	6.39e-16	80.9
g1457.t1	VFG029181(gb|YP_007957115)	25.086	291	173	10	162	452	124	369	1.13e-08	57.4
g513.t1	VFG029791(gb|WP_005063997)	33.766	616	384	12	1	597	1	611	2.94e-95	304
g513.t1	VFG029777(gb|YP_001705161)	33.766	616	384	12	1	597	4	614	5.51e-95	303
g513.t1	VFG029768(gb|WP_011891410)	34.087	619	378	13	1	597	1	611	1.60e-91	294
g513.t1	VFG029775(gb|WP_011777587)	34.733	619	374	14	1	597	1	611	4.57e-91	293
g513.t1	VFG029769(gb|WP_011726920)	34.783	621	371	16	1	597	1	611	2.16e-90	291
g513.t1	VFG029814(gb|WP_015304254)	34.634	615	380	13	1	597	1	611	2.72e-90	291
g513.t1	VFG029786(gb|WP_008261764)	34.622	621	372	15	1	597	1	611	1.64e-89	289
g513.t1	VFG029783(gb|WP_013827173)	34.032	620	380	13	1	597	1	614	1.71e-89	289
g513.t1	VFG029788(gb|WP_014381387)	34.622	621	372	15	1	597	1	611	1.94e-89	288
g513.t1	VFG029765(gb|WP_003879144)	34.516	620	374	15	1	597	1	611	3.15e-89	288
g513.t1	VFG029780(gb|WP_014000132)	34.091	616	382	14	1	597	1	611	5.94e-89	287
g513.t1	VFG029771(gb|WP_011557669)	34.634	615	380	13	1	597	1	611	6.06e-89	287
g513.t1	VFG029792(gb|WP_015287781)	34.091	616	382	14	1	597	1	611	6.39e-89	287
g513.t1	VFG029770(gb|WP_011854302)	34.472	615	381	13	1	597	1	611	1.27e-88	286
g513.t1	VFG029782(gb|WP_012392474)	34.091	616	382	13	1	597	1	611	1.26e-87	284
g513.t1	VFG029794(gb|WP_015288885)	33.604	616	385	13	1	597	1	611	1.79e-87	283
g513.t1	VFG029774(gb|WP_071497566)	34.091	616	382	13	1	597	1	611	3.74e-87	283
g513.t1	VFG029763(gb|WP_010908958)	33.008	615	390	13	1	597	1	611	7.90e-87	282
g513.t1	VFG029795(gb|WP_015292006)	33.929	616	383	14	1	597	1	611	2.06e-86	281
g513.t1	VFG029796(gb|WP_015354253)	33.929	616	383	13	1	597	1	611	2.17e-86	281
g513.t1	VFG029784(gb|WP_009938200)	33.929	616	383	14	1	597	1	611	3.67e-86	280
g513.t1	VFG029793(gb|WP_015302472)	33.929	616	383	14	1	597	1	611	4.58e-86	280
g513.t1	VFG029761(gb|NP_214758)	33.929	616	383	14	1	597	1	611	5.96e-86	280
g513.t1	VFG029767(gb|WP_011799090)	33.929	616	383	14	1	597	1	611	6.98e-86	279
g513.t1	VFG029764(gb|WP_010950368)	33.929	616	383	14	1	597	1	611	9.47e-86	279
g513.t1	VFG029778(gb|WP_013988720)	33.929	616	383	14	1	597	1	611	1.35e-85	278
g513.t1	VFG029803(gb|WP_014585489)	33.766	616	384	14	1	597	1	611	2.71e-85	278
g513.t1	VFG029810(gb|WP_015345015)	33.604	616	385	14	1	597	1	611	3.68e-85	277
g513.t1	VFG029805(gb|YP_007956444)	32.956	619	386	15	1	597	1	612	1.06e-80	266
g513.t1	VFG044398(gb|AAF33139)	25.342	438	260	18	29	457	127	506	6.15e-21	96.3
g513.t1	VFG029181(gb|YP_007957115)	27.731	357	206	10	111	460	70	381	6.04e-19	89.0
g513.t1	VFG049152(gb|WP_000337350)	22.006	359	227	9	99	451	55	366	8.39e-14	73.2
g513.t1	VFG043689(gb|WP_000337350)	22.006	359	227	9	99	451	55	366	8.39e-14	73.2
g513.t1	VFG029172(gb|WP_005060526)	31.892	185	105	8	90	271	48	214	4.35e-13	71.2
g513.t1	VFG030998(gb|YP_001701367)	30.290	241	134	9	137	374	97	306	1.36e-12	69.7
g513.t1	VFG031016(gb|WP_015357393)	36.810	163	85	9	137	297	97	243	1.53e-11	66.2
g513.t1	VFG031002(gb|WP_012396554)	36.810	163	85	9	137	297	97	243	1.77e-11	66.2
g513.t1	VFG030990(gb|WP_011730958)	28.448	232	138	9	137	368	97	300	7.98e-11	63.9
g513.t1	VFG030995(gb|WP_011741754)	36.196	163	86	9	137	297	97	243	1.14e-10	63.5
g513.t1	VFG030989(gb|WP_011892407)	32.716	162	95	7	137	298	97	244	3.51e-10	62.0
g513.t1	VFG030996(gb|WP_011782397)	26.736	288	168	11	137	424	97	341	4.66e-10	61.6
g513.t1	VFG031014(gb|WP_015291531)	28.384	229	136	9	137	365	97	297	9.14e-10	60.8
g513.t1	VFG030983(gb|NP_218060)	32.298	161	95	7	137	297	97	243	1.06e-09	60.5
g513.t1	VFG030984(gb|WP_003917816)	32.298	161	95	7	137	297	97	243	1.11e-09	60.5
g513.t1	VFG030986(gb|WP_003875682)	35.583	163	87	9	137	297	97	243	2.53e-09	59.3
g513.t1	VFG031034(gb|WP_015309552)	30.342	234	131	11	137	368	97	300	7.05e-09	58.2
g513.t1	VFG031003(gb|WP_013830615)	33.540	161	93	7	137	297	97	243	9.51e-09	57.8
g513.t1	VFG031015(gb|WP_015294487)	31.677	161	96	7	137	297	97	243	1.05e-08	57.4
g513.t1	VFG031026(gb|YP_007959529)	31.677	161	96	7	137	297	97	243	1.11e-08	57.4
g513.t1	VFG031007(gb|WP_008263658)	34.356	163	89	9	137	297	97	243	2.30e-08	56.2
g513.t1	VFG031006(gb|WP_009956911)	34.356	163	89	9	137	297	97	243	2.32e-08	56.2
g513.t1	VFG030991(gb|WP_011857155)	32.298	161	95	7	137	297	97	243	3.54e-08	55.8
g513.t1	VFG030992(gb|WP_011562052)	32.298	161	95	7	137	297	97	243	3.70e-08	55.8
g514.t1	VFG029777(gb|YP_001705161)	34.528	614	381	11	1	596	4	614	3.44e-99	314
g514.t1	VFG029791(gb|WP_005063997)	33.764	619	379	9	1	596	1	611	1.16e-98	313
g514.t1	VFG029769(gb|WP_011726920)	36.129	620	363	15	1	596	1	611	4.62e-98	311
g514.t1	VFG029775(gb|WP_011777587)	35.656	617	370	14	1	596	1	611	3.51e-97	309
g514.t1	VFG029783(gb|WP_013827173)	34.578	616	381	9	1	596	1	614	5.15e-96	306
g514.t1	VFG029814(gb|WP_015304254)	35.218	619	370	14	1	596	1	611	4.96e-95	303
g514.t1	VFG029792(gb|WP_015287781)	35.152	623	365	14	1	596	1	611	7.03e-95	303
g514.t1	VFG029780(gb|WP_014000132)	35.152	623	365	14	1	596	1	611	8.69e-95	303
g514.t1	VFG029765(gb|WP_003879144)	34.992	623	366	15	1	596	1	611	1.59e-94	302
g514.t1	VFG029788(gb|WP_014381387)	34.992	623	366	14	1	596	1	611	1.90e-94	301
g514.t1	VFG029786(gb|WP_008261764)	34.903	616	376	13	1	596	1	611	2.05e-94	301
g514.t1	VFG029768(gb|WP_011891410)	35.008	617	374	13	1	596	1	611	4.30e-94	301
g514.t1	VFG029794(gb|WP_015288885)	34.776	624	366	14	1	596	1	611	4.86e-93	298
g514.t1	VFG029771(gb|WP_011557669)	35.245	593	357	14	1	572	1	587	1.01e-92	297
g514.t1	VFG029774(gb|WP_071497566)	35.200	625	362	16	1	596	1	611	1.10e-92	297
g514.t1	VFG029782(gb|WP_012392474)	35.200	625	362	16	1	596	1	611	1.36e-92	297
g514.t1	VFG029796(gb|WP_015354253)	35.040	625	363	16	1	596	1	611	2.03e-92	296
g514.t1	VFG029770(gb|WP_011854302)	35.076	593	358	14	1	572	1	587	2.56e-92	296
g514.t1	VFG029763(gb|WP_010908958)	33.977	621	375	14	1	596	1	611	5.09e-92	295
g514.t1	VFG029784(gb|WP_009938200)	34.671	623	368	14	1	596	1	611	2.79e-90	291
g514.t1	VFG029793(gb|WP_015302472)	34.671	623	368	14	1	596	1	611	3.38e-90	290
g514.t1	VFG029761(gb|NP_214758)	34.671	623	368	14	1	596	1	611	3.49e-90	290
g514.t1	VFG029767(gb|WP_011799090)	34.895	619	372	14	1	596	1	611	3.79e-90	290
g514.t1	VFG029764(gb|WP_010950368)	34.895	619	372	14	1	596	1	611	4.59e-90	290
g514.t1	VFG029778(gb|WP_013988720)	34.671	623	368	14	1	596	1	611	9.02e-90	289
g514.t1	VFG029795(gb|WP_015292006)	34.510	623	369	14	1	596	1	611	1.22e-89	289
g514.t1	VFG029803(gb|WP_014585489)	34.510	623	369	14	1	596	1	611	1.79e-89	288
g514.t1	VFG029810(gb|WP_015345015)	34.350	623	370	14	1	596	1	611	1.93e-89	288
g514.t1	VFG029805(gb|YP_007956444)	33.971	627	368	15	1	596	1	612	3.71e-86	280
g514.t1	VFG029172(gb|WP_005060526)	28.272	382	205	16	80	445	39	367	2.71e-16	80.9
g514.t1	VFG044398(gb|AAF33139)	24.356	427	260	16	35	456	138	506	7.61e-16	80.5
g514.t1	VFG030998(gb|YP_001701367)	27.687	307	190	12	87	392	50	325	1.15e-13	72.8
g514.t1	VFG029181(gb|YP_007957115)	25.352	355	217	11	110	459	70	381	1.55e-13	72.4
g514.t1	VFG031016(gb|WP_015357393)	29.825	285	153	12	137	419	98	337	1.13e-12	69.7
g514.t1	VFG031002(gb|WP_012396554)	29.474	285	154	12	137	419	98	337	1.09e-11	66.6
g514.t1	VFG030995(gb|WP_011741754)	30.070	286	151	13	137	419	98	337	2.95e-11	65.5
g514.t1	VFG031014(gb|WP_015291531)	27.703	296	169	11	137	431	98	349	4.39e-10	61.6
g514.t1	VFG030983(gb|NP_218060)	27.703	296	169	11	137	431	98	349	8.84e-10	60.8
g514.t1	VFG049152(gb|WP_000337350)	20.789	380	246	10	87	459	44	375	1.41e-09	60.1
g514.t1	VFG043689(gb|WP_000337350)	20.789	380	246	10	87	459	44	375	1.41e-09	60.1
g514.t1	VFG030984(gb|WP_003917816)	27.703	296	169	11	137	431	98	349	3.21e-09	58.9
g514.t1	VFG030989(gb|WP_011892407)	26.502	283	165	10	137	419	98	337	4.26e-09	58.5
g514.t1	VFG031015(gb|WP_015294487)	28.873	284	157	12	137	419	98	337	9.19e-09	57.8
g514.t1	VFG031034(gb|WP_015309552)	27.957	279	158	11	141	419	102	337	1.91e-08	56.6
g514.t1	VFG031007(gb|WP_008263658)	27.240	279	160	10	141	419	102	337	4.30e-08	55.5
g514.t1	VFG030986(gb|WP_003875682)	27.562	283	162	11	137	419	98	337	8.70e-08	54.7
g514.t1	VFG031006(gb|WP_009956911)	26.882	279	161	10	141	419	102	337	1.24e-07	53.9
g514.t1	VFG031003(gb|WP_013830615)	31.737	167	98	8	137	302	98	249	1.55e-07	53.9
g514.t1	VFG031026(gb|YP_007959529)	30.539	167	100	7	137	302	98	249	2.17e-07	53.1
g515.t1	VFG029783(gb|WP_013827173)	34.609	627	362	14	1	592	1	614	1.07e-92	297
g515.t1	VFG029777(gb|YP_001705161)	33.920	625	366	14	1	592	4	614	3.94e-91	293
g515.t1	VFG029791(gb|WP_005063997)	33.920	625	366	14	1	592	1	611	3.98e-91	293
g515.t1	VFG029771(gb|WP_011557669)	35.737	624	356	17	1	592	1	611	7.12e-91	292
g515.t1	VFG029765(gb|WP_003879144)	34.628	618	371	14	1	592	1	611	1.86e-90	291
g515.t1	VFG029770(gb|WP_011854302)	35.577	624	357	17	1	592	1	611	2.28e-90	291
g515.t1	VFG029774(gb|WP_071497566)	34.727	622	365	14	1	592	1	611	4.98e-90	290
g515.t1	VFG029775(gb|WP_011777587)	33.710	620	374	15	1	592	1	611	6.41e-90	290
g515.t1	VFG029782(gb|WP_012392474)	34.727	622	365	14	1	592	1	611	1.61e-89	288
g515.t1	VFG029796(gb|WP_015354253)	34.566	622	366	14	1	592	1	611	2.23e-89	288
g515.t1	VFG029788(gb|WP_014381387)	33.929	616	378	13	1	592	1	611	3.59e-89	288
g515.t1	VFG029786(gb|WP_008261764)	33.766	616	379	13	1	592	1	611	7.51e-89	287
g515.t1	VFG029814(gb|WP_015304254)	35.032	628	355	17	1	592	1	611	1.77e-88	286
g515.t1	VFG029763(gb|WP_010908958)	33.604	616	380	12	1	592	1	611	3.12e-88	285
g515.t1	VFG029769(gb|WP_011726920)	33.821	615	380	14	1	592	1	611	1.13e-87	284
g515.t1	VFG029792(gb|WP_015287781)	33.981	618	375	13	1	592	1	611	1.49e-87	283
g515.t1	VFG029780(gb|WP_014000132)	33.981	618	375	13	1	592	1	611	1.78e-87	283
g515.t1	VFG029767(gb|WP_011799090)	34.304	618	373	13	1	592	1	611	1.98e-87	283
g515.t1	VFG029794(gb|WP_015288885)	33.819	618	376	12	1	592	1	611	8.46e-87	281
g515.t1	VFG029764(gb|WP_010950368)	34.142	618	374	13	1	592	1	611	9.50e-87	281
g515.t1	VFG029784(gb|WP_009938200)	34.142	618	374	13	1	592	1	611	1.15e-86	281
g515.t1	VFG029793(gb|WP_015302472)	33.981	618	375	13	1	592	1	611	2.07e-86	280
g515.t1	VFG029761(gb|NP_214758)	33.981	618	375	13	1	592	1	611	3.62e-86	280
g515.t1	VFG029778(gb|WP_013988720)	33.981	618	375	13	1	592	1	611	9.74e-86	278
g515.t1	VFG029795(gb|WP_015292006)	33.819	618	376	13	1	592	1	611	9.95e-86	278
g515.t1	VFG029810(gb|WP_015345015)	33.657	618	377	13	1	592	1	611	1.93e-85	278
g515.t1	VFG029803(gb|WP_014585489)	33.819	618	376	13	1	592	1	611	2.17e-85	278
g515.t1	VFG029768(gb|WP_011891410)	33.010	618	381	16	1	592	1	611	5.03e-85	277
g515.t1	VFG029805(gb|YP_007956444)	37.821	468	276	8	1	458	1	463	3.39e-81	266
g515.t1	VFG030998(gb|YP_001701367)	30.000	310	187	10	85	394	46	325	5.72e-19	89.0
g515.t1	VFG044398(gb|AAF33139)	23.925	372	213	11	102	461	196	509	7.86e-16	80.5
g515.t1	VFG030990(gb|WP_011730958)	26.970	330	205	12	82	406	39	337	7.46e-15	76.6
g515.t1	VFG029172(gb|WP_005060526)	26.359	368	218	12	88	447	45	367	8.08e-15	76.3
g515.t1	VFG030996(gb|WP_011782397)	27.326	344	201	12	82	421	39	337	1.66e-14	75.5
g515.t1	VFG030989(gb|WP_011892407)	26.796	362	222	14	82	438	39	362	2.20e-14	75.1
g515.t1	VFG031002(gb|WP_012396554)	30.292	274	161	10	78	351	39	282	1.70e-13	72.4
g515.t1	VFG031016(gb|WP_015357393)	27.147	361	226	11	78	438	39	362	1.88e-13	72.4
g515.t1	VFG030995(gb|WP_011741754)	30.325	277	157	10	78	351	39	282	2.58e-13	71.6
g515.t1	VFG029181(gb|YP_007957115)	26.901	342	194	13	116	447	74	369	2.88e-12	68.6
g515.t1	VFG031014(gb|WP_015291531)	28.938	273	164	10	85	357	46	288	3.15e-12	68.6
g515.t1	VFG030983(gb|NP_218060)	28.938	273	164	10	85	357	46	288	4.63e-12	67.8
g515.t1	VFG030984(gb|WP_003917816)	28.938	273	164	10	85	357	46	288	4.97e-12	67.8
g515.t1	VFG030986(gb|WP_003875682)	30.303	231	141	8	82	308	39	253	2.47e-11	65.9
g515.t1	VFG031015(gb|WP_015294487)	28.938	273	164	10	85	357	46	288	2.80e-11	65.5
g515.t1	VFG031034(gb|WP_015309552)	29.213	267	159	10	91	357	52	288	2.83e-11	65.5
g515.t1	VFG031026(gb|YP_007959529)	28.205	273	166	10	85	357	46	288	1.08e-10	63.5
g515.t1	VFG031007(gb|WP_008263658)	29.437	231	143	8	82	308	39	253	1.34e-10	63.5
g515.t1	VFG031006(gb|WP_009956911)	29.437	231	143	8	82	308	39	253	1.40e-10	63.2
g515.t1	VFG031003(gb|WP_013830615)	28.000	225	146	7	80	304	41	249	5.16e-10	61.6
g515.t1	VFG030991(gb|WP_011857155)	28.571	231	145	8	82	308	39	253	5.64e-10	61.6
g515.t1	VFG030992(gb|WP_011562052)	28.571	231	145	8	82	308	39	253	6.32e-10	61.2
g515.t1	VFG049152(gb|WP_000337350)	21.244	386	251	11	81	460	36	374	1.15e-07	54.3
g515.t1	VFG043689(gb|WP_000337350)	21.244	386	251	11	81	460	36	374	1.15e-07	54.3
g1301.t1	VFG029791(gb|WP_005063997)	35.144	626	362	17	4	603	4	611	2.04e-91	294
g1301.t1	VFG029777(gb|YP_001705161)	34.976	629	359	18	4	603	7	614	2.13e-91	294
g1301.t1	VFG029788(gb|WP_014381387)	34.928	627	368	20	1	603	1	611	9.65e-88	284
g1301.t1	VFG029786(gb|WP_008261764)	34.928	627	368	20	1	603	1	611	1.32e-87	284
g1301.t1	VFG029814(gb|WP_015304254)	35.566	627	364	21	1	603	1	611	2.34e-87	283
g1301.t1	VFG029768(gb|WP_011891410)	34.839	620	372	16	4	603	4	611	3.75e-87	283
g1301.t1	VFG029765(gb|WP_003879144)	34.609	627	370	20	1	603	1	611	8.01e-87	282
g1301.t1	VFG029783(gb|WP_013827173)	33.812	627	378	16	1	603	1	614	9.00e-85	276
g1301.t1	VFG029769(gb|WP_011726920)	34.177	632	366	21	1	603	1	611	1.18e-84	276
g1301.t1	VFG029763(gb|WP_010908958)	33.917	628	373	19	1	603	1	611	4.09e-84	275
g1301.t1	VFG029774(gb|WP_071497566)	33.868	623	380	17	1	603	1	611	1.96e-83	273
g1301.t1	VFG029796(gb|WP_015354253)	33.868	623	380	17	1	603	1	611	2.80e-83	273
g1301.t1	VFG029771(gb|WP_011557669)	34.510	623	376	19	1	603	1	611	2.80e-83	273
g1301.t1	VFG029775(gb|WP_011777587)	33.226	620	388	13	1	603	1	611	5.65e-83	272
g1301.t1	VFG029770(gb|WP_011854302)	34.350	623	377	19	1	603	1	611	8.41e-83	271
g1301.t1	VFG029782(gb|WP_012392474)	33.708	623	381	17	1	603	1	611	2.99e-82	270
g1301.t1	VFG029767(gb|WP_011799090)	33.387	626	379	19	1	603	1	611	6.45e-81	266
g1301.t1	VFG029794(gb|WP_015288885)	32.905	623	386	17	1	603	1	611	7.47e-81	266
g1301.t1	VFG029792(gb|WP_015287781)	33.066	623	385	18	1	603	1	611	1.06e-80	266
g1301.t1	VFG029780(gb|WP_014000132)	32.905	623	386	18	1	603	1	611	1.69e-80	265
g1301.t1	VFG029784(gb|WP_009938200)	32.905	623	386	17	1	603	1	611	1.84e-80	265
g1301.t1	VFG029761(gb|NP_214758)	32.905	623	386	17	1	603	1	611	2.27e-80	265
g1301.t1	VFG029764(gb|WP_010950368)	33.013	624	384	18	1	603	1	611	2.34e-80	265
g1301.t1	VFG029793(gb|WP_015302472)	32.905	623	386	17	1	603	1	611	2.74e-80	265
g1301.t1	VFG029778(gb|WP_013988720)	32.905	623	386	17	1	603	1	611	5.13e-80	264
g1301.t1	VFG029810(gb|WP_015345015)	32.745	623	387	17	1	603	1	611	1.01e-79	263
g1301.t1	VFG029803(gb|WP_014585489)	32.745	623	387	17	1	603	1	611	2.15e-79	262
g1301.t1	VFG029795(gb|WP_015292006)	32.905	623	386	17	1	603	1	611	2.65e-79	262
g1301.t1	VFG029805(gb|YP_007956444)	33.121	628	379	18	1	603	1	612	1.58e-78	260
g1301.t1	VFG030998(gb|YP_001701367)	27.726	321	196	12	82	397	40	329	1.64e-16	81.6
g1301.t1	VFG044398(gb|AAF33139)	23.556	450	266	17	16	460	130	506	2.15e-15	79.0
g1301.t1	VFG029181(gb|YP_007957115)	27.350	351	204	12	115	460	74	378	1.13e-14	75.9
g1301.t1	VFG029172(gb|WP_005060526)	29.412	238	146	8	90	322	48	268	7.58e-14	73.6
g1301.t1	VFG049152(gb|WP_000337350)	23.747	379	219	13	89	454	45	366	9.56e-14	73.2
g1301.t1	VFG043689(gb|WP_000337350)	23.747	379	219	13	89	454	45	366	9.56e-14	73.2
g1301.t1	VFG030989(gb|WP_011892407)	28.992	238	141	11	69	298	27	244	9.47e-12	67.0
g1301.t1	VFG030990(gb|WP_011730958)	29.825	228	132	11	79	298	37	244	1.06e-11	67.0
g1301.t1	VFG030996(gb|WP_011782397)	27.817	284	167	13	79	356	37	288	5.77e-11	64.7
g1301.t1	VFG031016(gb|WP_015357393)	28.462	260	152	13	93	350	55	282	3.37e-10	62.0
g1301.t1	VFG031002(gb|WP_012396554)	28.462	260	152	13	93	350	55	282	3.72e-10	62.0
g1301.t1	VFG030986(gb|WP_003875682)	29.333	225	135	11	79	297	37	243	1.09e-09	60.5
g1301.t1	VFG031014(gb|WP_015291531)	26.966	267	159	12	93	356	55	288	1.25e-09	60.5
g1301.t1	VFG031007(gb|WP_008263658)	28.889	225	136	11	79	297	37	243	1.42e-09	60.1
g1301.t1	VFG030983(gb|NP_218060)	27.885	208	128	9	93	297	55	243	1.51e-09	60.1
g1301.t1	VFG031006(gb|WP_009956911)	28.889	225	136	11	79	297	37	243	1.55e-09	60.1
g1301.t1	VFG030984(gb|WP_003917816)	27.885	208	128	9	93	297	55	243	1.56e-09	60.1
g1301.t1	VFG030995(gb|WP_011741754)	28.077	260	153	13	93	350	55	282	2.26e-09	59.7
g1301.t1	VFG031003(gb|WP_013830615)	27.511	229	140	11	74	297	36	243	4.16e-09	58.9
g1301.t1	VFG031015(gb|WP_015294487)	27.885	208	128	9	93	297	55	243	5.10e-09	58.5
g1301.t1	VFG030992(gb|WP_011562052)	31.325	166	99	9	79	238	37	193	1.19e-08	57.4
g1301.t1	VFG030991(gb|WP_011857155)	31.325	166	99	9	79	238	37	193	1.25e-08	57.4
g1301.t1	VFG031026(gb|YP_007959529)	27.404	208	129	9	93	297	55	243	1.42e-08	57.0
g1301.t1	VFG031034(gb|WP_015309552)	27.876	226	143	10	74	297	36	243	2.56e-08	56.2
g4281.t1	VFG029791(gb|WP_005063997)	33.063	617	383	11	1	593	1	611	8.66e-89	286
g4281.t1	VFG029786(gb|WP_008261764)	34.249	619	373	14	1	593	1	611	2.82e-88	285
g4281.t1	VFG029777(gb|YP_001705161)	32.901	617	384	11	1	593	4	614	3.71e-88	285
g4281.t1	VFG029788(gb|WP_014381387)	34.249	619	373	14	1	593	1	611	4.49e-88	285
g4281.t1	VFG029783(gb|WP_013827173)	33.977	621	375	13	1	593	1	614	1.32e-87	283
g4281.t1	VFG029765(gb|WP_003879144)	34.087	619	374	14	1	593	1	611	2.41e-86	280
g4281.t1	VFG029771(gb|WP_011557669)	34.249	619	373	17	1	593	1	611	1.56e-85	278
g4281.t1	VFG029770(gb|WP_011854302)	34.087	619	374	17	1	593	1	611	3.77e-85	277
g4281.t1	VFG029769(gb|WP_011726920)	33.603	619	377	16	1	593	1	611	4.18e-85	277
g4281.t1	VFG029763(gb|WP_010908958)	32.468	616	388	12	1	593	1	611	5.99e-84	274
g4281.t1	VFG029814(gb|WP_015304254)	33.226	620	378	14	1	593	1	611	2.23e-83	272
g4281.t1	VFG029768(gb|WP_011891410)	31.767	617	391	13	1	593	1	611	5.61e-83	271
g4281.t1	VFG029782(gb|WP_012392474)	33.118	619	380	13	1	593	1	611	5.67e-83	271
g4281.t1	VFG029774(gb|WP_071497566)	33.118	619	380	13	1	593	1	611	8.02e-83	271
g4281.t1	VFG029775(gb|WP_011777587)	33.831	603	369	14	1	579	1	597	1.16e-82	270
g4281.t1	VFG029792(gb|WP_015287781)	33.063	617	383	14	1	593	1	611	1.47e-82	270
g4281.t1	VFG029767(gb|WP_011799090)	33.387	617	381	14	1	593	1	611	3.34e-82	269
g4281.t1	VFG029764(gb|WP_010950368)	33.387	617	381	14	1	593	1	611	3.64e-82	269
g4281.t1	VFG029780(gb|WP_014000132)	32.901	617	384	14	1	593	1	611	3.79e-82	269
g4281.t1	VFG029795(gb|WP_015292006)	33.117	616	384	13	1	593	1	611	4.17e-82	269
g4281.t1	VFG029796(gb|WP_015354253)	32.956	619	381	13	1	593	1	611	4.53e-82	269
g4281.t1	VFG029784(gb|WP_009938200)	33.225	617	382	14	1	593	1	611	8.87e-82	268
g4281.t1	VFG029794(gb|WP_015288885)	33.063	617	383	14	1	593	1	611	9.06e-82	268
g4281.t1	VFG029793(gb|WP_015302472)	33.225	617	382	14	1	593	1	611	1.02e-81	268
g4281.t1	VFG029761(gb|NP_214758)	33.225	617	382	14	1	593	1	611	1.48e-81	268
g4281.t1	VFG029778(gb|WP_013988720)	33.225	617	382	14	1	593	1	611	3.03e-81	267
g4281.t1	VFG029810(gb|WP_015345015)	32.901	617	384	14	1	593	1	611	5.11e-81	266
g4281.t1	VFG029803(gb|WP_014585489)	33.063	617	383	14	1	593	1	611	6.17e-81	266
g4281.t1	VFG029805(gb|YP_007956444)	32.748	626	374	13	1	593	1	612	3.93e-77	256
g4281.t1	VFG030998(gb|YP_001701367)	29.964	277	148	12	89	357	50	288	2.48e-17	84.3
g4281.t1	VFG029172(gb|WP_005060526)	26.790	377	221	14	80	447	37	367	2.79e-14	74.7
g4281.t1	VFG044398(gb|AAF33139)	25.231	325	190	13	142	461	233	509	8.74e-14	73.9
g4281.t1	VFG030995(gb|WP_011741754)	28.425	292	174	10	61	351	25	282	1.56e-13	72.4
g4281.t1	VFG031016(gb|WP_015357393)	28.522	291	175	10	61	351	25	282	3.12e-13	71.6
g4281.t1	VFG031002(gb|WP_012396554)	28.522	291	175	10	61	351	25	282	3.12e-13	71.6
g4281.t1	VFG029181(gb|YP_007957115)	27.647	340	194	12	116	447	74	369	2.72e-12	68.6
g4281.t1	VFG031014(gb|WP_015291531)	26.978	278	173	9	80	357	41	288	7.12e-12	67.4
g4281.t1	VFG031034(gb|WP_015309552)	27.018	285	178	9	73	357	34	288	1.03e-11	67.0
g4281.t1	VFG030984(gb|WP_003917816)	26.978	278	173	9	80	357	41	288	1.16e-11	66.6
g4281.t1	VFG030983(gb|NP_218060)	26.978	278	173	9	80	357	41	288	1.37e-11	66.6
g4281.t1	VFG030986(gb|WP_003875682)	27.609	297	182	10	61	357	25	288	1.43e-11	66.2
g4281.t1	VFG030989(gb|WP_011892407)	26.050	238	144	8	75	304	36	249	2.39e-11	65.9
g4281.t1	VFG030996(gb|WP_011782397)	23.249	357	209	12	75	421	36	337	2.48e-11	65.9
g4281.t1	VFG031015(gb|WP_015294487)	26.978	278	173	9	80	357	41	288	5.28e-11	64.7
g4281.t1	VFG031007(gb|WP_008263658)	26.936	297	184	10	61	357	25	288	5.47e-11	64.7
g4281.t1	VFG031006(gb|WP_009956911)	26.421	299	183	10	61	357	25	288	1.44e-10	63.2
g4281.t1	VFG030990(gb|WP_011730958)	24.561	285	181	9	75	357	36	288	1.44e-10	63.2
g4281.t1	VFG031026(gb|YP_007959529)	26.259	278	175	9	80	357	41	288	2.73e-10	62.4
g4281.t1	VFG031003(gb|WP_013830615)	26.860	242	158	7	63	304	27	249	9.96e-10	60.8
g4281.t1	VFG049152(gb|WP_000337350)	21.809	376	237	13	85	452	40	366	1.61e-09	60.1
g4281.t1	VFG043689(gb|WP_000337350)	21.809	376	237	13	85	452	40	366	1.61e-09	60.1
g4281.t1	VFG030991(gb|WP_011857155)	28.497	193	108	7	120	304	79	249	7.81e-09	57.8
g4281.t1	VFG030992(gb|WP_011562052)	28.497	193	108	7	120	304	79	249	8.53e-09	57.8
g5115.t1	VFG029771(gb|WP_011557669)	35.152	623	369	14	1	600	1	611	2.91e-94	301
g5115.t1	VFG029783(gb|WP_013827173)	36.071	621	369	14	1	600	1	614	4.05e-94	301
g5115.t1	VFG029770(gb|WP_011854302)	34.992	623	370	14	1	600	1	611	1.19e-93	300
g5115.t1	VFG029768(gb|WP_011891410)	35.237	613	366	13	9	600	9	611	1.22e-93	300
g5115.t1	VFG029780(gb|WP_014000132)	34.959	615	381	13	1	600	1	611	1.54e-93	299
g5115.t1	VFG029794(gb|WP_015288885)	34.797	615	382	13	1	600	1	611	1.43e-92	297
g5115.t1	VFG029769(gb|WP_011726920)	34.138	621	378	13	1	600	1	611	3.07e-92	296
g5115.t1	VFG029777(gb|YP_001705161)	35.091	607	375	14	9	600	12	614	3.07e-92	296
g5115.t1	VFG029792(gb|WP_015287781)	34.634	615	383	13	1	600	1	611	3.52e-92	296
g5115.t1	VFG029814(gb|WP_015304254)	34.634	615	383	13	1	600	1	611	1.47e-91	294
g5115.t1	VFG029791(gb|WP_005063997)	34.653	606	379	12	9	600	9	611	2.17e-91	294
g5115.t1	VFG029782(gb|WP_012392474)	35.714	616	375	15	1	600	1	611	2.82e-91	293
g5115.t1	VFG029774(gb|WP_071497566)	35.714	616	375	15	1	600	1	611	4.49e-91	293
g5115.t1	VFG029763(gb|WP_010908958)	34.959	615	381	12	1	600	1	611	6.30e-91	292
g5115.t1	VFG029796(gb|WP_015354253)	35.552	616	376	15	1	600	1	611	9.32e-91	292
g5115.t1	VFG029793(gb|WP_015302472)	34.959	615	381	13	1	600	1	611	1.29e-90	291
g5115.t1	VFG029761(gb|NP_214758)	34.797	615	382	13	1	600	1	611	2.77e-90	291
g5115.t1	VFG029784(gb|WP_009938200)	34.797	615	382	13	1	600	1	611	3.34e-90	290
g5115.t1	VFG029795(gb|WP_015292006)	34.797	615	382	13	1	600	1	611	3.45e-90	290
g5115.t1	VFG029803(gb|WP_014585489)	34.797	615	382	13	1	600	1	611	4.13e-90	290
g5115.t1	VFG029767(gb|WP_011799090)	34.797	615	382	13	1	600	1	611	8.93e-90	290
g5115.t1	VFG029810(gb|WP_015345015)	34.634	615	383	13	1	600	1	611	1.13e-89	289
g5115.t1	VFG029764(gb|WP_010950368)	34.797	615	382	13	1	600	1	611	1.44e-89	289
g5115.t1	VFG029778(gb|WP_013988720)	34.634	615	383	13	1	600	1	611	1.97e-89	288
g5115.t1	VFG029775(gb|WP_011777587)	34.776	624	370	15	1	600	1	611	4.93e-89	288
g5115.t1	VFG029765(gb|WP_003879144)	34.142	618	382	13	1	600	1	611	1.56e-88	286
g5115.t1	VFG029786(gb|WP_008261764)	34.194	620	379	14	1	600	1	611	4.07e-88	285
g5115.t1	VFG029788(gb|WP_014381387)	34.194	620	379	14	1	600	1	611	5.94e-88	285
g5115.t1	VFG029805(gb|YP_007956444)	34.410	619	380	15	1	600	1	612	4.21e-85	277
g5115.t1	VFG044398(gb|AAF33139)	28.707	317	175	12	144	457	237	505	1.84e-21	97.8
g5115.t1	VFG049152(gb|WP_000337350)	24.479	384	234	13	74	452	34	366	7.71e-17	82.4
g5115.t1	VFG043689(gb|WP_000337350)	24.479	384	234	13	74	452	34	366	7.71e-17	82.4
g5115.t1	VFG029181(gb|YP_007957115)	24.854	342	206	10	112	447	73	369	3.56e-13	71.2
g5115.t1	VFG030998(gb|YP_001701367)	28.358	268	160	10	89	356	52	287	4.59e-13	71.2
g5115.t1	VFG030995(gb|WP_011741754)	30.078	256	143	11	98	351	61	282	1.06e-12	70.1
g5115.t1	VFG031002(gb|WP_012396554)	30.078	256	143	11	98	351	61	282	1.38e-12	69.7
g5115.t1	VFG031016(gb|WP_015357393)	30.078	256	143	11	98	351	61	282	1.66e-12	69.3
g5115.t1	VFG031014(gb|WP_015291531)	29.134	254	148	10	98	351	61	282	1.12e-11	66.6
g5115.t1	VFG030983(gb|NP_218060)	29.134	254	148	10	98	351	61	282	1.82e-11	66.2
g5115.t1	VFG030984(gb|WP_003917816)	29.134	254	148	10	98	351	61	282	2.01e-11	65.9
g5115.t1	VFG031026(gb|YP_007959529)	29.134	254	148	10	98	351	61	282	2.53e-11	65.9
g5115.t1	VFG031015(gb|WP_015294487)	27.508	309	178	12	46	351	17	282	3.45e-11	65.1
g5115.t1	VFG030986(gb|WP_003875682)	30.769	247	134	13	108	351	70	282	3.74e-11	65.1
g5115.t1	VFG031007(gb|WP_008263658)	30.364	247	135	13	108	351	70	282	1.61e-10	63.2
g5115.t1	VFG031006(gb|WP_009956911)	29.960	247	136	13	108	351	70	282	4.11e-10	62.0
g5115.t1	VFG031034(gb|WP_015309552)	27.559	254	152	9	98	351	61	282	2.25e-09	59.7
g5115.t1	VFG030996(gb|WP_011782397)	25.941	239	146	10	119	356	79	287	4.64e-09	58.5
g5115.t1	VFG031003(gb|WP_013830615)	27.344	256	150	11	98	351	61	282	1.74e-08	56.6
g5115.t1	VFG030990(gb|WP_011730958)	24.268	239	150	8	119	356	79	287	1.92e-08	56.6
g5115.t1	VFG029172(gb|WP_005060526)	25.413	303	185	10	141	443	102	363	5.69e-08	55.1
g5115.t1	VFG030989(gb|WP_011892407)	25.510	196	126	8	108	302	70	246	4.81e-07	52.4
g5115.t1	VFG030991(gb|WP_011857155)	25.714	245	149	11	108	351	70	282	3.28e-06	49.7
g5115.t1	VFG030992(gb|WP_011562052)	25.714	245	149	11	108	351	70	282	3.61e-06	49.3
g5286.t1	VFG029777(gb|YP_001705161)	34.295	624	362	20	3	594	7	614	2.54e-87	283
g5286.t1	VFG029791(gb|WP_005063997)	34.135	624	363	20	3	594	4	611	1.81e-86	281
g5286.t1	VFG029768(gb|WP_011891410)	33.812	627	361	20	3	594	4	611	4.03e-85	277
g5286.t1	VFG029783(gb|WP_013827173)	33.333	624	371	17	3	594	4	614	3.43e-84	275
g5286.t1	VFG029769(gb|WP_011726920)	33.279	619	375	16	3	594	4	611	1.03e-83	273
g5286.t1	VFG029763(gb|WP_010908958)	35.036	548	323	14	70	594	74	611	3.26e-83	272
g5286.t1	VFG029775(gb|WP_011777587)	33.812	627	361	19	3	594	4	611	4.86e-83	271
g5286.t1	VFG029814(gb|WP_015304254)	34.084	622	366	19	3	594	4	611	1.00e-82	271
g5286.t1	VFG029770(gb|WP_011854302)	34.032	620	369	19	3	594	4	611	1.86e-82	270
g5286.t1	VFG029774(gb|WP_071497566)	34.677	620	365	19	3	594	4	611	2.45e-82	270
g5286.t1	VFG029771(gb|WP_011557669)	34.032	620	369	19	3	594	4	611	3.15e-82	270
g5286.t1	VFG029782(gb|WP_012392474)	34.677	620	365	19	3	594	4	611	4.18e-82	269
g5286.t1	VFG029796(gb|WP_015354253)	34.516	620	366	19	3	594	4	611	5.61e-82	269
g5286.t1	VFG029780(gb|WP_014000132)	33.764	619	372	17	3	594	4	611	2.41e-81	267
g5286.t1	VFG029792(gb|WP_015287781)	33.764	619	372	17	3	594	4	611	4.43e-81	266
g5286.t1	VFG029794(gb|WP_015288885)	33.441	619	374	16	3	594	4	611	2.66e-80	264
g5286.t1	VFG029767(gb|WP_011799090)	33.226	620	374	17	3	594	4	611	3.63e-78	259
g5286.t1	VFG029764(gb|WP_010950368)	33.226	620	374	17	3	594	4	611	4.33e-78	258
g5286.t1	VFG029784(gb|WP_009938200)	33.710	620	371	18	3	594	4	611	4.96e-78	258
g5286.t1	VFG029793(gb|WP_015302472)	33.548	620	372	18	3	594	4	611	6.12e-78	258
g5286.t1	VFG029761(gb|NP_214758)	33.548	620	372	18	3	594	4	611	8.20e-78	258
g5286.t1	VFG029786(gb|WP_008261764)	32.476	622	376	18	3	594	4	611	1.38e-77	257
g5286.t1	VFG029795(gb|WP_015292006)	33.065	620	375	17	3	594	4	611	1.46e-77	257
g5286.t1	VFG029778(gb|WP_013988720)	33.548	620	372	18	3	594	4	611	1.60e-77	257
g5286.t1	VFG029788(gb|WP_014381387)	32.476	622	376	18	3	594	4	611	1.89e-77	257
g5286.t1	VFG029803(gb|WP_014585489)	33.548	620	372	18	3	594	4	611	2.03e-77	257
g5286.t1	VFG029810(gb|WP_015345015)	33.226	620	374	18	3	594	4	611	4.36e-77	256
g5286.t1	VFG029765(gb|WP_003879144)	32.476	622	376	18	3	594	4	611	7.34e-77	255
g5286.t1	VFG029805(gb|YP_007956444)	32.581	620	379	18	3	594	4	612	7.09e-72	242
g5286.t1	VFG044398(gb|AAF33139)	25.783	415	245	14	50	453	144	506	1.76e-19	91.7
g5286.t1	VFG030998(gb|YP_001701367)	27.500	280	161	9	74	347	39	282	1.19e-17	85.1
g5286.t1	VFG049152(gb|WP_000337350)	23.822	382	234	11	84	457	43	375	4.62e-17	83.2
g5286.t1	VFG043689(gb|WP_000337350)	23.822	382	234	11	84	457	43	375	4.62e-17	83.2
g5286.t1	VFG029172(gb|WP_005060526)	25.068	367	218	13	87	443	48	367	5.94e-14	73.6
g5286.t1	VFG031003(gb|WP_013830615)	27.969	261	152	11	46	300	19	249	5.88e-13	70.9
g5286.t1	VFG030995(gb|WP_011741754)	28.112	249	150	8	57	300	25	249	1.18e-12	69.7
g5286.t1	VFG031016(gb|WP_015357393)	29.200	250	146	10	57	300	25	249	4.81e-12	67.8
g5286.t1	VFG031002(gb|WP_012396554)	29.200	250	146	10	57	300	25	249	5.16e-12	67.8
g5286.t1	VFG031015(gb|WP_015294487)	28.261	230	139	8	76	300	41	249	7.78e-12	67.4
g5286.t1	VFG031034(gb|WP_015309552)	28.139	231	138	9	76	300	41	249	9.38e-12	67.0
g5286.t1	VFG030996(gb|WP_011782397)	26.801	347	199	13	76	417	41	337	9.64e-12	67.0
g5286.t1	VFG029181(gb|YP_007957115)	25.449	334	195	10	131	457	95	381	1.39e-11	66.2
g5286.t1	VFG030986(gb|WP_003875682)	28.689	244	144	10	76	311	41	262	2.55e-11	65.5
g5286.t1	VFG030983(gb|NP_218060)	27.826	230	140	8	76	300	41	249	3.29e-11	65.5
g5286.t1	VFG031014(gb|WP_015291531)	27.826	230	140	8	76	300	41	249	3.35e-11	65.1
g5286.t1	VFG030984(gb|WP_003917816)	27.826	230	140	8	76	300	41	249	4.04e-11	65.1
g5286.t1	VFG031006(gb|WP_009956911)	28.033	239	142	10	76	306	41	257	1.81e-10	63.2
g5286.t1	VFG031007(gb|WP_008263658)	28.033	239	142	10	76	306	41	257	1.90e-10	62.8
g5286.t1	VFG031026(gb|YP_007959529)	27.391	230	141	8	76	300	41	249	2.41e-10	62.8
g5286.t1	VFG030992(gb|WP_011562052)	27.311	238	145	9	76	306	41	257	2.45e-10	62.4
g5286.t1	VFG030991(gb|WP_011857155)	27.311	238	145	9	76	306	41	257	2.78e-10	62.4
g5286.t1	VFG030989(gb|WP_011892407)	27.391	230	141	8	76	300	41	249	4.29e-10	62.0
g5286.t1	VFG030990(gb|WP_011730958)	24.713	348	205	12	76	417	41	337	3.03e-09	59.3
