g505.t1	VFG022641(gb|YP_001702706)	43.750	192	107	1	24	215	86	276	8.55e-47	160
g505.t1	VFG026353(gb|WP_005060830)	43.229	192	108	1	24	215	86	276	1.28e-46	160
g505.t1	VFG026347(gb|WP_016342433)	43.229	192	108	1	24	215	86	276	1.32e-46	160
g505.t1	VFG009364(gb|WP_083045543)	37.667	300	168	6	1	289	117	408	5.64e-43	151
g505.t1	VFG009366(gb|WP_082967820)	37.667	300	168	6	1	289	117	408	5.76e-43	151
g505.t1	VFG009360(gb|WP_094987183)	40.239	251	139	3	1	247	81	324	1.26e-42	149
g505.t1	VFG009359(gb|WP_010907993)	34.256	289	178	4	9	293	84	364	4.81e-41	145
g505.t1	VFG001398(gb|NP_216708)	43.878	196	101	3	24	215	103	293	9.96e-40	142
g505.t1	VFG026357(gb|YP_007962086)	44.444	189	96	3	24	208	18	201	2.92e-39	137
g505.t1	VFG026359(gb|YP_007958239)	41.758	182	97	3	38	215	2	178	4.50e-33	122
g687.t1	VFG009359(gb|WP_010907993)	100.000	366	0	0	1	366	1	366	0.0	732
g687.t1	VFG009360(gb|WP_094987183)	81.034	348	63	1	19	366	21	365	0.0	521
g687.t1	VFG001398(gb|NP_216708)	80.899	356	65	1	11	366	18	370	0.0	511
g687.t1	VFG009364(gb|WP_083045543)	78.736	348	71	1	19	366	64	408	0.0	511
g687.t1	VFG009366(gb|WP_082967820)	78.736	348	71	1	19	366	64	408	0.0	510
g687.t1	VFG026353(gb|WP_005060830)	76.504	349	81	1	19	366	5	353	0.0	506
g687.t1	VFG026347(gb|WP_016342433)	76.504	349	81	1	19	366	5	353	0.0	506
g687.t1	VFG022641(gb|YP_001702706)	75.931	349	83	1	19	366	5	353	2.41e-180	504
g687.t1	VFG026359(gb|YP_007958239)	85.882	255	36	0	112	366	1	255	6.66e-133	380
g687.t1	VFG026357(gb|YP_007962086)	78.333	240	46	2	79	318	1	234	5.65e-109	318
g656.t1	VFG022641(gb|YP_001702706)	37.465	355	187	7	7	340	10	350	6.18e-59	194
g656.t1	VFG026347(gb|WP_016342433)	37.183	355	188	7	7	340	10	350	1.87e-58	192
g656.t1	VFG026353(gb|WP_005060830)	37.183	355	188	7	7	340	10	350	2.61e-58	192
g656.t1	VFG009364(gb|WP_083045543)	39.017	346	190	6	7	340	69	405	2.87e-54	183
g656.t1	VFG009366(gb|WP_082967820)	39.017	346	190	6	7	340	69	405	2.99e-54	183
g656.t1	VFG009360(gb|WP_094987183)	37.427	342	201	4	7	340	26	362	5.73e-54	181
g656.t1	VFG001398(gb|NP_216708)	39.003	341	195	4	7	339	31	366	2.78e-52	177
g656.t1	VFG009359(gb|WP_010907993)	37.249	349	195	6	7	340	24	363	3.22e-52	176
g656.t1	VFG026357(gb|YP_007962086)	47.027	185	97	1	78	262	18	201	7.50e-38	135
g656.t1	VFG026359(gb|YP_007958239)	37.131	237	137	3	110	339	20	251	5.99e-33	122
