g35.t1	VFG009212(gb|WP_010907485)	99.792	480	1	0	1	480	33	512	0.0	944
g35.t1	VFG002385(gb|NP_218394)	73.958	480	124	1	1	480	33	511	0.0	672
g35.t1	VFG009150(gb|WP_015575385)	73.958	480	124	1	1	480	33	511	0.0	672
g35.t1	VFG009151(gb|YP_007963794)	73.750	480	125	1	1	480	33	511	0.0	671
g35.t1	VFG009147(gb|WP_014002011)	73.750	480	125	1	1	480	33	511	0.0	671
g35.t1	VFG009148(gb|WP_015294702)	73.542	480	126	1	1	480	33	511	0.0	669
g35.t1	VFG009149(gb|WP_083866515)	71.250	480	137	1	1	480	33	511	0.0	661
g35.t1	VFG023169(gb|WP_081435765)	71.042	480	138	1	1	480	33	511	0.0	659
g35.t1	VFG009215(gb|WP_011777406)	62.500	480	178	1	1	480	31	508	0.0	600
g35.t1	VFG009216(gb|WP_041924947)	65.625	480	164	1	1	480	31	509	0.0	598
g35.t1	VFG009213(gb|WP_011726642)	64.167	480	171	1	1	480	31	509	0.0	596
g35.t1	VFG009217(gb|WP_011557501)	65.417	480	165	1	1	480	31	509	0.0	585
g35.t1	VFG024423(gb|WP_041787510)	61.875	480	181	1	1	480	31	508	0.0	562
g35.t1	VFG009214(gb|WP_041799765)	61.875	480	181	1	1	480	31	508	0.0	543
g35.t1	VFG009156(gb|YP_007959846)	75.197	254	62	1	227	480	2	254	3.45e-124	362
g35.t1	VFG023425(gb|YP_001704485)	24.158	505	332	15	3	480	30	510	3.10e-18	87.0
g35.t1	VFG022138(gb|WP_011739409)	26.159	302	190	9	1	287	19	302	1.00e-09	60.5
g35.t1	VFG022139(gb|WP_011727073)	31.048	248	145	8	52	287	73	306	2.67e-09	59.3
g35.t1	VFG028752(gb|WP_005061422)	25.799	438	270	15	55	477	64	461	4.99e-09	58.2
g35.t1	VFG023374(gb|WP_012392514)	26.578	301	190	8	1	287	19	302	1.75e-06	50.1
g35.t1	VFG028757(gb|WP_085981893)	26.246	301	191	8	1	287	19	302	4.98e-06	48.9
g35.t1	VFG022135(gb|WP_003879188)	29.268	246	154	6	52	287	69	304	7.93e-06	48.1
g290.t1	VFG022130(gb|NP_214804)	100.000	472	0	0	1	472	1	472	0.0	879
g290.t1	VFG022133(gb|WP_010950375)	99.788	472	1	0	1	472	1	472	0.0	877
g290.t1	VFG028756(gb|WP_015292041)	99.576	472	2	0	1	472	1	472	0.0	876
g290.t1	VFG028761(gb|WP_003902645)	99.576	472	2	0	1	472	1	472	0.0	876
g290.t1	VFG028755(gb|WP_015288929)	99.576	472	2	0	1	472	1	472	0.0	875
g290.t1	VFG023377(gb|WP_014000158)	99.788	472	1	0	1	472	1	472	0.0	875
g290.t1	VFG028754(gb|WP_015302498)	99.576	472	2	0	1	472	1	472	0.0	873
g290.t1	VFG022138(gb|WP_011739409)	81.780	472	86	0	1	472	1	472	0.0	688
g290.t1	VFG022136(gb|WP_031349165)	79.536	474	90	1	6	472	1	474	0.0	672
g290.t1	VFG023374(gb|WP_012392514)	81.992	472	85	0	1	472	1	472	0.0	664
g290.t1	VFG024540(gb|WP_085978390)	79.325	474	91	1	6	472	1	474	0.0	661
g290.t1	VFG024541(gb|WP_085976522)	79.325	474	91	1	6	472	1	474	0.0	661
g290.t1	VFG028757(gb|WP_085981893)	81.568	472	87	0	1	472	1	472	0.0	660
g290.t1	VFG024543(gb|WP_085981113)	79.114	474	92	1	6	472	1	474	0.0	660
g290.t1	VFG024542(gb|WP_085977589)	79.114	474	92	1	6	472	1	474	0.0	659
g290.t1	VFG022135(gb|WP_003879188)	79.958	474	88	1	6	472	1	474	0.0	656
g290.t1	VFG022137(gb|WP_010908943)	76.433	471	110	1	2	472	16	485	0.0	607
g290.t1	VFG023381(gb|WP_109559402)	67.089	474	154	2	1	472	1	474	0.0	526
g290.t1	VFG028770(gb|YP_005359030)	100.000	280	0	0	1	280	1	280	0.0	513
g290.t1	VFG028752(gb|WP_005061422)	56.900	471	192	2	2	472	3	462	1.27e-162	467
g290.t1	VFG022141(gb|WP_011777740)	60.370	487	165	6	1	471	9	483	2.83e-162	467
g290.t1	VFG023375(gb|YP_001702961)	57.325	471	190	2	2	472	3	462	4.47e-158	456
g290.t1	VFG022139(gb|WP_011727073)	60.504	476	180	4	2	472	3	475	3.12e-152	441
g290.t1	VFG022143(gb|WP_153266281)	59.874	476	178	5	2	472	9	476	2.95e-139	408
g290.t1	VFG022142(gb|WP_085976230)	59.958	472	176	5	6	472	1	464	1.15e-137	404
g290.t1	VFG022144(gb|WP_011768026)	59.958	472	176	5	6	472	1	464	1.54e-137	403
g290.t1	VFG022140(gb|WP_193373613)	60.480	458	165	4	18	471	20	465	2.08e-136	400
g290.t1	VFG024539(gb|WP_173362725)	60.917	458	163	4	18	471	20	465	3.15e-136	400
g290.t1	VFG028762(gb|YP_007960188)	99.115	113	1	0	360	472	1	113	2.55e-68	213
g290.t1	VFG028767(gb|YP_007956489)	98.780	82	1	0	1	82	1	82	5.16e-47	158
g290.t1	VFG009149(gb|WP_083866515)	25.524	525	288	19	10	471	24	508	7.70e-11	63.9
g290.t1	VFG023169(gb|WP_081435765)	25.333	525	289	19	10	471	24	508	1.78e-10	62.8
g290.t1	VFG009148(gb|WP_015294702)	26.204	519	294	17	9	471	23	508	5.32e-10	61.2
g290.t1	VFG009150(gb|WP_015575385)	26.602	515	293	16	11	471	25	508	6.81e-10	61.2
g290.t1	VFG009215(gb|WP_011777406)	30.084	359	199	12	10	344	22	352	1.22e-09	60.1
g290.t1	VFG009212(gb|WP_010907485)	28.931	318	179	11	10	302	24	319	2.98e-09	58.9
g290.t1	VFG002385(gb|NP_218394)	26.214	515	295	15	11	471	25	508	3.00e-09	58.9
g290.t1	VFG009147(gb|WP_014002011)	26.214	515	295	15	11	471	25	508	3.36e-09	58.9
g290.t1	VFG009151(gb|YP_007963794)	26.019	515	296	15	11	471	25	508	7.86e-09	57.8
g290.t1	VFG023425(gb|YP_001704485)	26.250	320	220	9	5	316	14	325	2.77e-08	55.8
g290.t1	VFG009213(gb|WP_011726642)	29.595	321	173	10	10	302	22	317	1.13e-07	53.9
g290.t1	VFG028913(gb|WP_015575324)	26.749	486	298	16	10	471	10	461	1.16e-07	53.9
g290.t1	VFG023424(gb|WP_012392988)	29.646	226	129	7	1	213	2	210	1.19e-06	50.8
g290.t1	VFG022245(gb|WP_011739118)	27.753	227	132	6	1	213	2	210	2.93e-06	49.3
g290.t1	VFG009214(gb|WP_041799765)	29.581	382	209	12	10	348	22	386	3.73e-06	49.3
g3400.t1	VFG022237(gb|WP_003900062)	100.000	467	0	0	1	467	1	467	0.0	885
g3400.t1	VFG028913(gb|WP_015575324)	99.786	467	1	0	1	467	1	467	0.0	883
g3400.t1	VFG022241(gb|WP_010950890)	99.786	467	1	0	1	467	1	467	0.0	883
g3400.t1	VFG028907(gb|WP_015303895)	99.572	467	2	0	1	467	1	467	0.0	881
g3400.t1	VFG028906(gb|WP_015288544)	99.143	467	4	0	1	467	1	467	0.0	879
g3400.t1	VFG023427(gb|WP_014001749)	98.929	467	5	0	1	467	1	467	0.0	877
g3400.t1	VFG028909(gb|WP_015294425)	98.929	467	5	0	1	467	1	467	0.0	876
g3400.t1	VFG028908(gb|WP_015291462)	98.929	467	5	0	1	467	1	467	0.0	876
g3400.t1	VFG023424(gb|WP_012392988)	51.282	468	212	7	4	467	5	460	1.72e-100	308
g3400.t1	VFG022245(gb|WP_011739118)	51.282	468	212	8	4	467	5	460	5.70e-98	302
g3400.t1	VFG028925(gb|WP_020823540)	51.606	467	209	8	4	465	15	469	4.24e-88	276
g3400.t1	VFG024590(gb|WP_014385770)	51.178	467	211	8	4	465	15	469	4.66e-85	269
g3400.t1	VFG024587(gb|WP_014942870)	51.178	467	211	8	4	465	15	469	7.30e-85	268
g3400.t1	VFG024588(gb|WP_014712334)	50.215	466	217	6	4	465	15	469	5.79e-83	263
g3400.t1	VFG028918(gb|YP_007959434)	100.000	128	0	0	1	128	1	128	6.01e-83	251
g3400.t1	VFG024589(gb|WP_009952912)	49.785	466	219	6	4	465	15	469	4.25e-80	256
g3400.t1	VFG024591(gb|WP_014381073)	49.571	466	220	6	4	465	15	469	1.75e-79	254
g3400.t1	VFG022243(gb|WP_003873436)	47.300	463	227	7	4	464	6	453	9.09e-79	252
g3400.t1	VFG022244(gb|WP_033726033)	48.069	466	224	9	1	464	1	450	4.52e-77	247
g3400.t1	VFG023425(gb|YP_001704485)	34.800	500	273	11	10	464	19	510	6.00e-47	169
g3400.t1	VFG023430(gb|WP_013830203)	32.128	470	238	13	1	464	1	395	2.49e-21	95.5
g3400.t1	VFG022246(gb|WP_041305893)	31.263	467	263	15	8	464	5	423	4.73e-16	79.7
g3400.t1	VFG009215(gb|WP_011777406)	28.155	515	286	23	6	462	18	506	4.31e-15	77.4
g3400.t1	VFG024423(gb|WP_041787510)	26.916	509	300	19	6	462	18	506	5.84e-13	70.5
g3400.t1	VFG009148(gb|WP_015294702)	27.043	514	298	19	6	464	20	511	1.37e-12	69.3
g3400.t1	VFG022247(gb|WP_011768103)	30.909	440	259	15	7	438	8	410	2.40e-12	68.6
g3400.t1	VFG009213(gb|WP_011726642)	25.686	510	310	18	6	464	18	509	6.27e-12	67.4
g3400.t1	VFG023169(gb|WP_081435765)	28.350	515	288	25	5	462	19	509	2.60e-11	65.5
g3400.t1	VFG009149(gb|WP_083866515)	28.350	515	288	25	5	462	19	509	2.91e-11	65.5
g3400.t1	VFG009147(gb|WP_014002011)	27.362	508	290	21	11	462	25	509	2.91e-11	65.5
g3400.t1	VFG009214(gb|WP_041799765)	26.233	507	306	17	6	462	18	506	3.52e-11	65.1
g3400.t1	VFG002385(gb|NP_218394)	27.362	508	290	21	11	462	25	509	3.63e-11	65.1
g3400.t1	VFG009151(gb|YP_007963794)	27.165	508	291	21	11	462	25	509	9.64e-11	63.5
g3400.t1	VFG009150(gb|WP_015575385)	27.165	508	291	21	11	462	25	509	4.78e-10	61.6
g3400.t1	VFG009212(gb|WP_010907485)	24.758	517	307	21	6	464	20	512	2.24e-09	59.3
g3400.t1	VFG022136(gb|WP_031349165)	28.696	230	143	6	10	224	5	228	1.41e-06	50.4
g3400.t1	VFG022138(gb|WP_011739409)	26.271	354	221	10	10	339	10	347	1.97e-06	50.1
g3400.t1	VFG022141(gb|WP_011777740)	29.187	209	137	5	21	226	40	240	2.10e-06	50.1
g3400.t1	VFG028770(gb|YP_005359030)	29.412	238	128	9	10	226	10	228	9.31e-06	47.4
