g44.t1	VFG031853(gb|WP_014002004)	55.405	148	65	1	1	148	129	275	3.50e-49	166
g44.t1	VFG031840(gb|NP_218383)	55.405	148	65	1	1	148	129	275	4.02e-49	166
g44.t1	VFG031859(gb|WP_015291788)	54.730	148	66	1	1	148	129	275	1.49e-48	164
g44.t1	VFG031870(gb|YP_007959832)	54.730	148	66	1	1	148	129	275	7.79e-48	162
g44.t1	VFG031865(gb|YP_007963783)	53.378	148	66	2	1	148	1	145	3.62e-46	154
g44.t1	VFG031854(gb|WP_012396941)	50.980	153	73	2	1	153	129	279	2.02e-42	148
g44.t1	VFG031861(gb|WP_015357687)	50.980	153	73	2	1	153	129	279	2.54e-42	148
g44.t1	VFG031844(gb|WP_003891384)	45.833	144	77	1	1	144	130	272	2.88e-37	134
g44.t1	VFG031846(gb|WP_011557490)	47.586	145	75	1	1	145	130	273	3.70e-37	134
g44.t1	VFG031845(gb|WP_011854168)	47.586	145	75	1	1	145	130	273	3.99e-37	134
g44.t1	VFG031849(gb|WP_011777395)	48.299	147	71	3	1	145	130	273	1.93e-35	130
g44.t1	VFG031843(gb|WP_041799768)	44.218	147	77	3	1	145	130	273	1.57e-31	119
g44.t1	VFG031856(gb|WP_013470298)	43.537	147	78	3	1	145	130	273	3.21e-31	119
g44.t1	VFG031897(gb|WP_015291789)	46.497	157	74	5	170	319	2	155	2.04e-30	114
g44.t1	VFG031877(gb|NP_218384)	46.497	157	74	5	170	319	2	155	7.11e-30	112
g44.t1	VFG031908(gb|YP_007959833)	45.513	156	75	5	170	318	2	154	4.10e-28	107
g44.t1	VFG031892(gb|WP_012396942)	40.625	160	83	5	170	319	1	158	3.60e-23	94.7
g44.t1	VFG031899(gb|WP_041300756)	40.625	160	83	5	170	319	2	159	6.16e-23	94.0
g44.t1	VFG031886(gb|WP_011742140)	40.136	147	76	7	199	337	28	170	8.32e-20	85.9
g44.t1	VFG023194(gb|WP_010907713)	37.349	166	92	6	164	319	23	186	7.48e-18	80.9
g44.t1	VFG031881(gb|WP_011726637)	35.404	161	95	4	175	331	12	167	2.33e-17	78.6
g44.t1	VFG017732(gb|WP_172591946)	41.538	130	67	4	199	319	29	158	5.95e-17	77.8
g44.t1	VFG023189(gb|WP_172607302)	35.032	157	92	5	170	319	1	154	3.83e-16	75.5
g44.t1	VFG027983(gb|WP_015294552)	36.709	158	88	6	170	319	1	154	3.19e-15	72.8
g44.t1	VFG002392(gb|NP_218131)	35.366	164	82	6	170	319	1	154	4.59e-15	72.4
g44.t1	VFG027982(gb|WP_015291584)	32.927	164	86	5	170	319	1	154	1.98e-14	70.5
g44.t1	VFG031887(gb|WP_011777396)	37.383	107	64	2	228	331	55	161	4.50e-14	69.3
g44.t1	VFG031880(gb|WP_011891680)	35.294	119	71	3	219	331	38	156	4.65e-13	66.2
g44.t1	VFG031894(gb|WP_013470299)	36.190	105	64	2	232	333	36	140	3.50e-12	63.2
g44.t1	VFG031882(gb|WP_011854169)	33.607	122	72	4	218	333	42	160	7.20e-11	60.1
g44.t1	VFG031883(gb|WP_011557491)	33.333	102	65	2	235	333	61	162	3.00e-10	58.2
g303.t1	VFG017732(gb|WP_172591946)	99.468	188	1	0	2	189	1	188	2.60e-139	385
g303.t1	VFG023194(gb|WP_010907713)	99.471	189	1	0	1	189	28	216	2.74e-139	387
g303.t1	VFG027983(gb|WP_015294552)	72.043	186	48	2	4	189	3	184	1.27e-86	252
g303.t1	VFG002392(gb|NP_218131)	71.505	186	49	2	4	189	3	184	1.78e-86	252
g303.t1	VFG027982(gb|WP_015291584)	72.581	186	47	2	4	189	3	184	1.19e-84	247
g303.t1	VFG023189(gb|WP_172607302)	60.541	185	69	2	4	188	3	183	9.30e-65	197
g303.t1	VFG031877(gb|NP_218384)	51.111	180	83	3	1	179	1	176	7.17e-45	146
g303.t1	VFG031897(gb|WP_015291789)	51.111	180	83	3	1	179	1	176	1.42e-44	145
g303.t1	VFG031908(gb|YP_007959833)	50.556	180	84	3	1	179	1	176	1.29e-43	143
g303.t1	VFG031899(gb|WP_041300756)	45.109	184	92	5	1	179	1	180	3.55e-37	127
g303.t1	VFG031892(gb|WP_012396942)	45.304	181	90	5	4	179	3	179	2.02e-36	125
g303.t1	VFG031886(gb|WP_011742140)	47.260	146	71	4	30	175	28	167	1.99e-34	120
g303.t1	VFG031882(gb|WP_011854169)	43.750	128	65	2	49	176	42	162	1.47e-28	104
g303.t1	VFG031881(gb|WP_011726637)	42.735	117	63	1	60	176	59	171	1.80e-27	101
g303.t1	VFG031883(gb|WP_011557491)	46.296	108	54	1	69	176	61	164	7.61e-27	100
g303.t1	VFG031887(gb|WP_011777396)	42.276	123	63	2	54	176	51	165	1.30e-26	99.4
g303.t1	VFG031894(gb|WP_013470299)	45.946	111	56	1	66	176	36	142	2.49e-25	95.5
g303.t1	VFG031880(gb|WP_011891680)	45.370	108	55	1	69	176	57	160	5.44e-25	95.1
g3560.t1	VFG002392(gb|NP_218131)	99.457	184	1	0	7	190	1	184	4.20e-133	370
g3560.t1	VFG027983(gb|WP_015294552)	97.826	184	4	0	7	190	1	184	4.60e-131	365
g3560.t1	VFG027982(gb|WP_015291584)	95.109	184	9	0	7	190	1	184	1.76e-119	335
g3560.t1	VFG017732(gb|WP_172591946)	71.505	186	49	2	9	190	3	188	8.34e-87	253
g3560.t1	VFG023194(gb|WP_010907713)	70.899	189	51	2	6	190	28	216	1.79e-86	253
g3560.t1	VFG023189(gb|WP_172607302)	62.088	182	69	0	7	188	1	182	3.92e-67	203
g3560.t1	VFG031877(gb|NP_218384)	55.294	170	76	0	7	176	2	171	8.31e-48	154
g3560.t1	VFG031897(gb|WP_015291789)	55.294	170	76	0	7	176	2	171	9.16e-48	154
g3560.t1	VFG031908(gb|YP_007959833)	54.118	170	78	0	7	176	2	171	1.32e-46	151
g3560.t1	VFG031899(gb|WP_041300756)	48.066	181	82	3	7	179	2	178	2.15e-39	132
g3560.t1	VFG031892(gb|WP_012396942)	48.066	181	82	3	7	179	1	177	5.30e-39	131
g3560.t1	VFG031886(gb|WP_011742140)	52.000	125	58	2	52	176	45	167	3.34e-34	119
g3560.t1	VFG031882(gb|WP_011854169)	48.800	125	60	1	53	177	42	162	7.66e-31	110
g3560.t1	VFG031883(gb|WP_011557491)	47.541	122	60	1	56	177	47	164	3.39e-30	108
g3560.t1	VFG031887(gb|WP_011777396)	46.610	118	59	1	62	179	54	167	7.38e-29	105
g3560.t1	VFG031881(gb|WP_011726637)	47.273	110	54	1	70	179	68	173	1.61e-27	102
g3560.t1	VFG031880(gb|WP_011891680)	47.748	111	54	1	67	177	54	160	2.97e-26	98.6
g3560.t1	VFG031894(gb|WP_013470299)	49.550	111	52	1	67	177	36	142	5.01e-26	97.4
