g4933.t1	VFG022662(gb|WP_013828233)	26.059	307	187	10	70	363	66	345	4.32e-10	62.4
g4933.t1	VFG047341(gb|WP_003024549)	22.796	329	220	16	98	415	52	357	3.35e-09	59.3
g4933.t1	VFG026412(gb|WP_020821987)	23.453	307	195	11	70	363	66	345	7.75e-09	58.2
g4933.t1	VFG023965(gb|WP_014379586)	23.453	307	195	11	70	363	66	345	8.10e-09	58.2
g4933.t1	VFG023961(gb|WP_008254777)	23.453	307	195	11	70	363	66	345	8.31e-09	58.2
g4933.t1	VFG044197(gb|WP_003022882)	21.951	328	224	15	98	415	52	357	1.62e-08	57.0
g4933.t1	VFG026398(gb|WP_031599964)	24.688	320	196	12	60	359	45	339	1.69e-08	57.4
g4933.t1	VFG026392(gb|WP_016342164)	24.688	320	196	12	60	359	45	339	1.72e-08	57.4
g4933.t1	VFG047339(gb|WP_012429069)	21.951	328	224	15	98	415	52	357	1.82e-08	57.0
g4933.t1	VFG047345(gb|WP_014550286)	22.054	331	220	15	98	415	52	357	1.89e-08	57.0
g4933.t1	VFG047335(gb|WP_003041325)	21.646	328	225	15	98	415	52	357	2.65e-08	56.6
g4933.t1	VFG009394(gb|WP_011856338)	24.916	297	185	11	79	363	75	345	4.21e-08	55.8
g4933.t1	VFG009395(gb|WP_208856697)	25.817	306	171	12	79	363	62	332	4.45e-08	55.8
g4933.t1	VFG009396(gb|WP_011561277)	24.916	297	185	11	79	363	75	345	4.97e-08	55.8
g4933.t1	VFG047336(gb|WP_003017402)	21.951	328	224	15	98	415	52	357	4.98e-08	55.5
g4933.t1	VFG009388(gb|WP_011724196)	23.127	307	196	11	70	363	66	345	5.54e-08	55.5
g4933.t1	VFG009387(gb|WP_003877287)	23.127	307	196	11	70	363	66	345	5.54e-08	55.5
g4933.t1	VFG047342(gb|WP_014549026)	25.379	264	153	13	132	373	76	317	6.58e-08	55.1
g4933.t1	VFG026414(gb|WP_198344965)	24.679	312	195	13	65	363	48	332	1.05e-07	54.7
g4933.t1	VFG009391(gb|WP_011730213)	23.323	313	198	11	65	363	61	345	1.00e-06	51.6
g4933.t1	VFG023960(gb|WP_013471174)	30.208	192	109	9	185	363	166	345	2.55e-06	50.4
g4933.t1	VFG009392(gb|WP_011893180)	30.208	192	109	9	185	363	166	345	2.60e-06	50.4
g4933.t1	VFG044261(gb|WP_001223700)	22.867	293	186	10	79	364	28	287	8.70e-06	48.5
g2870.t1	VFG009391(gb|WP_011730213)	26.990	289	171	11	96	371	75	336	1.46e-07	54.3
g2870.t1	VFG009395(gb|WP_208856697)	27.682	289	169	15	96	371	62	323	1.91e-07	53.9
g2870.t1	VFG009394(gb|WP_011856338)	27.682	289	169	15	96	371	75	336	1.92e-07	53.9
g2870.t1	VFG009396(gb|WP_011561277)	27.682	289	169	15	96	371	75	336	1.96e-07	53.9
g2870.t1	VFG026414(gb|WP_198344965)	25.253	297	184	13	87	371	53	323	1.35e-06	51.2
g2870.t1	VFG022656(gb|YP_001702174)	25.466	322	202	12	67	376	44	339	1.64e-06	50.8
g2870.t1	VFG026401(gb|WP_015575050)	26.829	246	147	9	141	371	84	311	4.94e-06	49.3
g2870.t1	VFG026404(gb|WP_014584741)	27.642	246	145	10	141	371	84	311	5.25e-06	49.3
g2870.t1	VFG009393(gb|WP_011781504)	26.962	293	166	12	96	371	75	336	5.82e-06	49.3
g2870.t1	VFG026396(gb|WP_015292840)	26.829	246	147	9	141	371	84	311	7.70e-06	48.9
g2870.t1	VFG009382(gb|NP_215809)	26.829	246	147	9	141	371	84	311	7.77e-06	48.9
