g69.t1	VFG007707(gb|WP_010907514)	100.000	236	0	0	1	236	1	236	1.32e-167	461
g69.t1	VFG001420(gb|NP_218327)	54.864	257	70	8	1	215	1	253	2.98e-69	214
g69.t1	VFG009001(gb|WP_015291750)	52.434	267	73	7	1	218	1	262	7.95e-67	207
g69.t1	VFG022352(gb|WP_014001969)	53.488	258	71	7	1	214	1	253	3.10e-66	206
g69.t1	VFG009002(gb|WP_015294665)	53.488	258	71	7	1	214	1	253	9.57e-66	205
g69.t1	VFG009003(gb|WP_015357642)	53.937	254	75	7	1	215	1	251	1.30e-62	197
g69.t1	VFG022349(gb|WP_020726979)	51.301	269	74	7	1	215	1	266	1.02e-61	195
g69.t1	VFG009016(gb|YP_005362336)	51.915	235	66	8	24	215	12	242	1.63e-61	194
g69.t1	VFG009019(gb|WP_201767258)	47.703	283	77	6	1	213	1	282	4.78e-60	192
g69.t1	VFG023812(gb|WP_179960095)	47.350	283	78	6	1	213	1	282	1.07e-59	191
g69.t1	VFG023809(gb|WP_173662725)	47.350	283	78	6	1	213	1	282	1.07e-59	191
g69.t1	VFG007708(gb|WP_011742462)	50.000	268	78	7	1	215	1	265	1.41e-59	190
g69.t1	VFG023811(gb|WP_179300606)	47.350	283	78	6	1	213	1	282	1.45e-59	191
g69.t1	VFG007705(gb|WP_010948778)	48.070	285	75	7	1	213	1	284	3.98e-59	189
g69.t1	VFG023808(gb|WP_013473057)	43.463	283	85	8	1	210	1	281	1.67e-51	169
g69.t1	VFG007710(gb|WP_011892056)	43.463	283	85	8	1	210	1	281	2.20e-51	169
g69.t1	VFG009013(gb|YP_007959778)	48.523	237	71	9	24	215	12	242	1.69e-50	167
g69.t1	VFG007711(gb|WP_011782768)	44.561	285	79	11	1	210	1	281	6.22e-44	150
g69.t1	VFG007709(gb|WP_003897814)	41.356	295	87	7	1	215	1	289	3.38e-43	147
g69.t1	VFG022356(gb|WP_041319124)	41.818	275	89	8	1	208	1	271	2.32e-42	145
g69.t1	VFG007712(gb|WP_011562396)	39.863	291	94	8	1	214	1	287	3.84e-37	132
g69.t1	VFG009021(gb|WP_015309927)	40.816	294	90	9	1	213	1	291	1.74e-31	117
g69.t1	VFG022350(gb|YP_001700923)	38.258	264	97	9	1	204	1	258	2.84e-27	105
g69.t1	VFG008998(gb|WP_005062944)	38.550	262	95	9	1	202	1	256	8.02e-27	103
g69.t1	VFG007706(gb|WP_076221045)	46.622	148	62	3	82	213	5	151	3.30e-25	98.6
