g266.t1	VFG029361(gb|WP_003876826)	38.129	139	73	3	60	197	77	203	9.21e-17	80.5
g266.t1	VFG024785(gb|WP_008262659)	35.567	194	104	8	60	249	77	253	1.04e-16	80.1
g266.t1	VFG029341(gb|WP_015303656)	26.224	286	188	12	61	339	87	356	6.76e-11	62.8
g266.t1	VFG024791(gb|WP_014001502)	26.224	286	188	12	61	339	87	356	7.01e-11	62.8
g266.t1	VFG029343(gb|WP_015294052)	26.224	286	188	12	61	339	87	356	7.53e-11	62.8
g266.t1	VFG029352(gb|WP_015456463)	25.874	286	189	12	61	339	87	356	7.81e-11	62.8
g266.t1	VFG024796(gb|NP_217467)	25.874	286	189	12	61	339	87	356	1.02e-10	62.4
g266.t1	VFG024798(gb|WP_003917712)	25.874	286	189	12	61	339	87	356	1.07e-10	62.4
g266.t1	VFG024783(gb|WP_011894240)	26.429	280	183	11	62	334	96	359	1.12e-10	62.4
g266.t1	VFG029342(gb|WP_015291072)	25.874	286	189	12	61	339	87	356	2.51e-10	61.2
g266.t1	VFG024794(gb|WP_010907550)	26.804	291	188	13	57	339	84	357	2.57e-10	61.2
g266.t1	VFG024786(gb|WP_009955570)	24.675	308	182	13	61	346	84	363	1.31e-09	58.9
g266.t1	VFG024784(gb|WP_014943057)	25.161	310	178	15	61	346	84	363	1.95e-09	58.5
g266.t1	VFG024787(gb|WP_014385951)	24.919	309	180	14	61	346	84	363	5.97e-09	57.0
g266.t1	VFG029344(gb|WP_085981839)	27.148	291	187	12	57	339	64	337	2.12e-08	55.1
g266.t1	VFG024789(gb|WP_085979805)	27.148	291	187	12	57	339	64	337	2.30e-08	55.1
g266.t1	VFG029362(gb|WP_015304710)	22.337	291	185	8	61	335	87	352	1.10e-07	53.1
g266.t1	VFG029353(gb|YP_007958953)	25.524	286	190	12	61	339	75	344	3.78e-06	48.1
g1349.t1	VFG024785(gb|WP_008262659)	28.037	214	144	5	55	266	77	282	4.41e-12	66.2
g1349.t1	VFG029361(gb|WP_003876826)	30.055	183	119	4	55	236	77	251	1.48e-11	64.7
g1349.t1	VFG024786(gb|WP_009955570)	27.491	291	181	13	38	320	64	332	9.13e-11	62.4
g1349.t1	VFG024787(gb|WP_014385951)	27.304	293	179	14	38	320	64	332	1.15e-10	62.0
g1349.t1	VFG024783(gb|WP_011894240)	26.943	193	135	4	50	242	89	275	1.29e-10	62.0
g1349.t1	VFG024784(gb|WP_014943057)	27.143	280	171	13	50	320	77	332	1.37e-10	61.6
g1349.t1	VFG024791(gb|WP_014001502)	28.641	206	123	7	39	226	69	268	3.11e-10	60.8
g1349.t1	VFG029352(gb|WP_015456463)	28.155	206	124	7	39	226	69	268	9.91e-10	59.3
g1349.t1	VFG024796(gb|NP_217467)	28.155	206	124	7	39	226	69	268	1.13e-09	58.9
g1349.t1	VFG029341(gb|WP_015303656)	28.155	206	124	7	39	226	69	268	1.37e-09	58.9
g1349.t1	VFG029343(gb|WP_015294052)	28.155	206	124	7	39	226	69	268	1.47e-09	58.5
g1349.t1	VFG029342(gb|WP_015291072)	28.155	206	124	7	39	226	69	268	1.49e-09	58.5
g1349.t1	VFG024798(gb|WP_003917712)	27.670	206	125	7	39	226	69	268	2.19e-09	58.2
g1349.t1	VFG024794(gb|WP_010907550)	27.848	158	105	5	39	194	69	219	7.71e-09	56.6
g1349.t1	VFG024789(gb|WP_085979805)	27.320	194	131	6	39	229	49	235	1.29e-07	52.8
g1349.t1	VFG029362(gb|WP_015304710)	25.258	194	120	7	57	231	88	275	5.08e-07	50.8
g1349.t1	VFG029344(gb|WP_085981839)	26.804	194	132	6	39	229	49	235	8.11e-07	50.1
g1349.t1	VFG029353(gb|YP_007958953)	27.184	206	126	7	39	226	57	256	2.04e-06	48.9
g3470.t1	VFG029361(gb|WP_003876826)	35.971	139	76	3	54	191	77	203	5.17e-15	75.1
g3470.t1	VFG024785(gb|WP_008262659)	34.532	139	78	3	54	191	77	203	8.85e-14	71.6
g3470.t1	VFG029341(gb|WP_015303656)	27.740	292	174	12	55	332	87	355	7.87e-11	62.8
g3470.t1	VFG029352(gb|WP_015456463)	27.740	292	174	12	55	332	87	355	8.17e-11	62.4
g3470.t1	VFG024791(gb|WP_014001502)	27.740	292	174	12	55	332	87	355	8.94e-11	62.4
g3470.t1	VFG029343(gb|WP_015294052)	27.740	292	174	12	55	332	87	355	9.70e-11	62.4
g3470.t1	VFG024796(gb|NP_217467)	27.740	292	174	12	55	332	87	355	1.17e-10	62.0
g3470.t1	VFG024798(gb|WP_003917712)	27.740	292	174	12	55	332	87	355	1.18e-10	62.0
g3470.t1	VFG029342(gb|WP_015291072)	27.333	300	165	11	55	332	87	355	3.39e-10	60.5
g3470.t1	VFG024789(gb|WP_085979805)	27.609	297	176	12	51	332	64	336	4.65e-09	57.0
g3470.t1	VFG029344(gb|WP_085981839)	27.609	297	176	12	51	332	64	336	4.91e-09	57.0
g3470.t1	VFG024783(gb|WP_011894240)	25.172	290	182	9	56	332	96	363	5.74e-09	57.0
g3470.t1	VFG024794(gb|WP_010907550)	26.014	296	182	12	51	332	84	356	1.92e-08	55.5
g3470.t1	VFG024786(gb|WP_009955570)	25.795	283	173	11	55	323	84	343	1.23e-07	52.8
g3470.t1	VFG024784(gb|WP_014943057)	25.795	283	173	11	55	323	84	343	1.48e-07	52.4
g3470.t1	VFG024787(gb|WP_014385951)	25.442	283	174	11	55	323	84	343	4.96e-07	50.8
g3470.t1	VFG029353(gb|YP_007958953)	26.042	288	184	10	55	332	75	343	6.66e-06	47.4
g1201.t1	VFG029362(gb|WP_015304710)	28.061	196	120	7	71	252	52	240	6.37e-10	59.7
g1201.t1	VFG024786(gb|WP_009955570)	30.000	190	105	8	78	253	63	238	1.37e-09	58.9
g1201.t1	VFG024784(gb|WP_014943057)	29.630	189	105	8	79	253	64	238	7.78e-09	56.6
g1201.t1	VFG024787(gb|WP_014385951)	29.101	189	106	8	79	253	64	238	1.95e-08	55.1
g1201.t1	VFG024783(gb|WP_011894240)	29.907	214	115	8	51	252	58	248	4.45e-08	54.3
g1201.t1	VFG024785(gb|WP_008262659)	30.625	160	102	5	96	252	77	230	1.14e-07	52.8
g1201.t1	VFG029361(gb|WP_003876826)	29.339	242	143	10	96	315	77	312	1.31e-07	52.8
