g2385.t1	VFG008258(gb|NP_216932)	100.000	402	0	0	1	402	1	402	0.0	805
g2385.t1	VFG008259(gb|WP_003412375)	99.751	402	1	0	1	402	7	408	0.0	803
g2385.t1	VFG017634(gb|WP_024753930)	99.502	402	2	0	1	402	7	408	0.0	803
g2385.t1	VFG017626(gb|WP_041180119)	99.502	402	2	0	1	402	7	408	0.0	802
g2385.t1	VFG008261(gb|WP_010950714)	99.502	402	2	0	1	402	7	408	0.0	801
g2385.t1	VFG017630(gb|WP_180338832)	73.815	401	94	3	2	402	4	393	0.0	589
g2385.t1	VFG022560(gb|WP_181013108)	73.317	401	96	3	2	402	4	393	0.0	587
g2385.t1	VFG017647(gb|WP_015307309)	57.635	406	156	4	2	402	15	409	8.02e-153	437
g2385.t1	VFG022566(gb|WP_013828432)	59.012	405	150	4	3	402	10	403	2.05e-152	436
g2385.t1	VFG008263(gb|WP_011729122)	57.635	406	156	5	4	402	6	402	2.31e-148	426
g2385.t1	VFG008265(gb|WP_203431665)	55.419	406	161	7	3	402	20	411	3.87e-140	405
g2385.t1	VFG008267(gb|WP_011560094)	58.209	402	146	7	9	402	12	399	5.51e-138	399
g2385.t1	VFG008266(gb|WP_011855744)	57.711	402	148	7	9	402	12	399	8.07e-138	399
g2385.t1	VFG023905(gb|WP_013473283)	53.431	408	170	6	2	402	7	401	1.20e-126	370
g2385.t1	VFG008264(gb|WP_011891770)	52.451	408	174	6	2	402	7	401	1.24e-125	368
g2385.t1	VFG008014(gb|WP_011724278)	35.149	404	241	6	3	393	8	403	6.46e-67	218
g2385.t1	VFG008013(gb|WP_003873099)	34.901	404	242	6	3	393	8	403	9.58e-67	217
g2385.t1	VFG017645(gb|WP_008255085)	35.840	399	235	6	8	393	13	403	4.04e-66	216
g2385.t1	VFG023908(gb|WP_009957509)	35.840	399	235	6	8	393	13	403	1.36e-65	214
g2385.t1	VFG023906(gb|WP_014384142)	32.593	405	250	7	3	393	8	403	1.84e-58	196
g2385.t1	VFG022561(gb|YP_001704851)	32.808	381	214	11	36	392	43	405	8.50e-34	130
g2385.t1	VFG017625(gb|WP_016343374)	33.146	356	206	9	51	392	46	383	1.27e-33	129
g2385.t1	VFG017631(gb|WP_005062189)	32.546	381	215	11	36	392	21	383	1.85e-33	129
g2385.t1	VFG017639(gb|YP_007958453)	89.286	28	3	0	375	402	1	28	6.00e-10	53.9
