g1386.t1	VFG020027(gb|WP_003117652)	35.196	179	101	7	10	182	7	176	8.00e-19	84.0
g1386.t1	VFG015518(gb|NP_252904)	35.196	179	101	7	10	182	7	176	8.25e-19	84.0
g1386.t1	VFG015519(gb|WP_012074246)	35.196	179	101	7	10	182	7	176	1.49e-18	83.2
g1934.t1	VFG015518(gb|NP_252904)	100.000	278	0	0	1	278	1	278	0.0	568
g1934.t1	VFG020027(gb|WP_003117652)	99.640	278	1	0	1	278	1	278	0.0	567
g1934.t1	VFG015519(gb|WP_012074246)	98.201	278	5	0	1	278	1	278	0.0	560
g2827.t1	VFG015519(gb|WP_012074246)	35.439	285	138	12	8	259	7	278	1.87e-22	93.2
g2827.t1	VFG015518(gb|NP_252904)	35.088	285	139	12	8	259	7	278	2.21e-22	93.2
g2827.t1	VFG020027(gb|WP_003117652)	35.088	285	139	12	8	259	7	278	2.45e-22	92.8
g3650.t1	VFG015519(gb|WP_012074246)	34.892	278	150	10	8	260	7	278	1.55e-24	99.0
g3650.t1	VFG020027(gb|WP_003117652)	35.000	280	147	12	8	260	7	278	3.93e-24	97.8
g3650.t1	VFG015518(gb|NP_252904)	35.000	280	147	12	8	260	7	278	4.05e-24	97.8
g4297.t1	VFG015518(gb|NP_252904)	100.000	278	0	0	1	278	1	278	0.0	568
g4297.t1	VFG020027(gb|WP_003117652)	99.640	278	1	0	1	278	1	278	0.0	567
g4297.t1	VFG015519(gb|WP_012074246)	98.201	278	5	0	1	278	1	278	0.0	560
g4806.t1	VFG020027(gb|WP_003117652)	33.333	264	147	8	4	256	3	248	2.39e-19	85.5
g4806.t1	VFG015518(gb|NP_252904)	33.333	264	147	8	4	256	3	248	2.81e-19	85.1
g4806.t1	VFG015519(gb|WP_012074246)	32.955	264	148	9	4	256	3	248	9.16e-19	84.0
g1477.t1	VFG015519(gb|WP_012074246)	32.016	253	145	10	8	253	7	239	1.66e-22	94.4
g1477.t1	VFG020027(gb|WP_003117652)	29.066	289	163	12	8	283	7	266	3.59e-22	93.6
g1477.t1	VFG015518(gb|NP_252904)	30.116	259	142	10	8	253	7	239	4.63e-22	93.2
