g690.t1	VFG030400(gb|WP_081465621)	28.480	467	256	13	47	495	28	434	1.10e-37	146
g690.t1	VFG030407(gb|WP_015294168)	26.872	454	244	16	62	495	46	431	4.53e-31	127
g690.t1	VFG030404(gb|WP_015288454)	26.813	455	243	17	62	495	46	431	5.15e-30	124
g690.t1	VFG030419(gb|WP_015345152)	26.813	455	243	17	62	495	46	431	5.20e-30	124
g690.t1	VFG030406(gb|WP_015291176)	26.652	454	245	16	62	495	46	431	6.38e-30	123
g690.t1	VFG030405(gb|WP_015303741)	26.813	455	243	17	62	495	46	431	7.34e-30	123
g690.t1	VFG030411(gb|WP_015575278)	26.593	455	244	16	62	495	46	431	7.83e-30	123
g690.t1	VFG030388(gb|NP_217605)	26.813	455	243	17	62	495	46	431	9.35e-30	123
g690.t1	VFG029717(gb|YP_005923762)	25.623	562	342	17	67	597	108	624	1.39e-29	124
g690.t1	VFG030398(gb|WP_014001578)	26.593	455	244	17	62	495	46	431	2.01e-29	122
g690.t1	VFG030399(gb|WP_012394321)	25.948	501	281	16	17	495	3	435	9.81e-29	120
g690.t1	VFG030408(gb|WP_015355418)	26.096	502	279	17	17	495	3	435	4.64e-28	117
g690.t1	VFG030421(gb|WP_179945037)	26.374	455	235	15	61	502	76	443	2.49e-26	112
g690.t1	VFG030392(gb|WP_011725596)	26.281	449	230	14	61	495	76	437	9.71e-25	108
g690.t1	VFG030402(gb|WP_013470644)	24.200	500	290	16	17	495	4	435	6.60e-23	102
g690.t1	VFG030403(gb|WP_170320575)	26.068	468	233	16	56	502	69	444	7.11e-23	102
g690.t1	VFG030391(gb|WP_003875182)	26.386	451	231	14	59	495	74	437	5.31e-22	99.8
g690.t1	VFG030387(gb|WP_015304695)	24.043	470	274	11	46	495	33	439	2.35e-21	97.8
g690.t1	VFG009545(gb|WP_011724530)	27.137	468	276	16	54	506	71	488	2.48e-20	94.7
g690.t1	VFG030416(gb|YP_007959092)	31.481	162	99	4	345	495	78	238	1.01e-19	90.5
g690.t1	VFG022736(gb|WP_012395312)	24.839	467	277	15	58	506	75	485	6.77e-18	87.0
g690.t1	VFG026645(gb|WP_015356488)	24.839	467	277	15	58	506	75	485	7.14e-18	87.0
g690.t1	VFG009546(gb|WP_071497738)	24.678	466	277	15	59	506	76	485	7.26e-18	87.0
g690.t1	VFG009547(gb|WP_029104139)	27.515	487	266	17	47	505	52	479	9.71e-18	86.7
g690.t1	VFG044393(gb|AAF33134)	24.839	467	268	18	45	486	69	477	2.73e-17	85.1
g690.t1	VFG015863(gb|WP_005894383)	24.262	474	281	11	46	502	27	439	3.09e-17	84.7
g690.t1	VFG026642(gb|WP_015303464)	25.382	524	317	19	62	558	87	563	2.44e-16	82.4
g690.t1	VFG024030(gb|WP_014379792)	36.154	130	77	3	377	505	361	485	2.70e-16	82.0
g690.t1	VFG024030(gb|WP_014379792)	29.944	177	111	4	44	215	61	229	1.17e-06	51.2
g690.t1	VFG024026(gb|WP_014384379)	36.154	130	77	3	377	505	361	485	2.72e-16	82.0
g690.t1	VFG024026(gb|WP_014384379)	29.944	177	111	4	44	215	61	229	1.19e-06	51.2
g690.t1	VFG024028(gb|WP_014382292)	35.385	130	78	3	377	505	361	485	1.01e-15	80.1
g690.t1	VFG024028(gb|WP_014382292)	29.944	177	111	4	44	215	61	229	1.19e-06	51.2
g690.t1	VFG022737(gb|YP_001702982)	23.617	470	282	17	57	505	78	491	1.54e-15	79.7
g690.t1	VFG024027(gb|WP_014711360)	38.462	104	62	2	403	505	383	485	1.88e-15	79.3
g690.t1	VFG024027(gb|WP_014711360)	28.814	177	113	4	44	215	61	229	9.52e-06	48.5
g690.t1	VFG026660(gb|WP_020822192)	38.462	104	62	2	403	505	383	485	2.09e-15	79.3
g690.t1	VFG026660(gb|WP_020822192)	29.379	177	112	4	44	215	61	229	3.15e-06	50.1
g690.t1	VFG050149(gb|WP_001972441)	23.368	475	294	15	44	502	49	469	2.41e-15	79.0
g690.t1	VFG048428(gb|WP_012068426)	23.200	500	291	18	16	494	35	462	2.72e-15	79.0
g690.t1	VFG026643(gb|WP_015290628)	24.839	467	272	17	62	506	87	496	4.56e-15	78.2
g690.t1	VFG048424(gb|WP_012542486)	23.046	499	293	15	16	494	35	462	4.74e-15	78.2
g690.t1	VFG048425(gb|YP_005225747)	22.754	501	292	17	16	494	35	462	5.74e-15	77.8
g690.t1	VFG048429(gb|WP_004183353)	22.754	501	292	17	16	494	35	462	8.23e-15	77.4
g690.t1	VFG026646(gb|WP_005058867)	23.507	519	300	21	9	505	48	491	8.53e-15	77.4
g690.t1	VFG024025(gb|WP_013471365)	25.910	467	263	19	65	505	92	501	9.23e-15	77.4
g690.t1	VFG009548(gb|WP_011893571)	25.696	467	264	18	65	505	87	496	9.45e-15	77.0
g690.t1	VFG044187(gb|WP_011152546)	40.217	92	53	2	403	493	381	471	1.47e-14	76.6
g690.t1	VFG050021(gb|NP_391078)	32.121	165	97	6	352	502	306	469	1.83e-14	76.3
g690.t1	VFG026640(gb|WP_016342530)	23.314	519	301	21	9	505	48	491	2.01e-14	76.3
g690.t1	VFG048427(gb|WP_004223595)	22.555	501	293	17	16	494	35	462	2.12e-14	75.9
g690.t1	VFG048430(gb|WP_012968726)	22.846	499	294	15	16	494	35	462	4.21e-14	75.1
g690.t1	VFG048422(gb|WP_014228360)	23.427	461	271	18	66	502	68	470	6.99e-14	74.3
g690.t1	VFG044372(gb|AAL65279)	28.241	432	234	18	86	494	107	485	9.34e-14	74.7
g690.t1	VFG048421(gb|WP_014837778)	23.427	461	271	18	66	502	68	470	1.37e-13	73.6
g690.t1	VFG016132(gb|WP_011061776)	24.211	475	262	19	59	502	69	476	1.69e-13	73.2
g690.t1	VFG050019(gb|WP_003185956)	33.333	165	95	6	352	502	306	469	1.74e-13	73.2
g690.t1	VFG050115(gb|WP_002081542)	24.000	450	260	18	61	470	142	549	3.18e-13	73.2
g690.t1	VFG007202(gb|WP_011081753)	23.156	488	297	16	27	494	40	469	5.34e-13	71.6
g690.t1	VFG007203(gb|WP_011152543)	22.984	496	304	16	27	502	40	477	5.87e-13	71.6
g690.t1	VFG026649(gb|WP_015575197)	33.962	159	80	5	400	536	375	530	1.68e-12	70.1
g690.t1	VFG001817(gb|NP_216900)	31.551	187	97	7	400	558	380	563	1.75e-12	70.1
g690.t1	VFG012986(gb|NP_706449)	25.000	340	189	11	180	502	181	471	1.77e-12	70.1
g690.t1	VFG012988(gb|WP_000026772)	25.000	340	189	11	180	502	181	471	1.78e-12	70.1
g690.t1	VFG026644(gb|WP_015293659)	31.551	187	97	7	400	558	380	563	1.81e-12	70.1
g690.t1	VFG016129(gb|WP_003157555)	24.274	482	272	17	49	502	63	479	1.90e-12	69.7
g690.t1	VFG016063(gb|WP_166486371)	24.612	451	266	18	64	479	56	467	2.64e-12	70.1
g690.t1	VFG012985(gb|WP_000026832)	25.369	339	189	13	180	502	181	471	2.71e-12	69.3
g690.t1	VFG009549(gb|WP_011781018)	24.612	451	263	20	59	486	76	472	3.49e-12	68.9
g690.t1	VFG007200(gb|WP_000205544)	22.770	527	342	17	54	563	59	537	4.28e-12	68.6
g690.t1	VFG000932(gb|WP_000026784)	22.561	492	283	17	37	502	52	471	4.45e-12	68.6
g690.t1	VFG012565(gb|WP_001088833)	24.454	458	264	14	46	482	40	436	4.72e-12	68.6
g690.t1	VFG012990(gb|WP_000026810)	25.074	339	190	12	180	502	181	471	5.84e-12	68.2
g690.t1	VFG022739(gb|WP_014001248)	35.593	118	64	3	400	506	380	496	6.03e-12	68.2
g690.t1	VFG012989(gb|WP_000026762)	25.369	339	189	13	180	502	181	471	6.04e-12	68.2
g690.t1	VFG026654(gb|YP_007958424)	29.730	185	103	6	400	558	231	414	7.30e-12	67.4
g690.t1	VFG044367(gb|WP_013318791)	23.848	499	313	18	34	509	30	484	8.81e-12	67.8
g690.t1	VFG029301(gb|YP_005924089)	25.237	317	148	11	188	479	152	404	9.29e-12	67.8
g690.t1	VFG048591(gb|WP_014229386)	24.766	428	259	14	59	474	53	429	1.64e-11	67.0
g690.t1	VFG024748(gb|NP_217464)	25.237	317	148	11	188	479	152	404	1.95e-11	67.0
g690.t1	VFG021860(gb|WP_011726611)	24.955	561	309	24	73	596	79	564	2.02e-11	67.4
g690.t1	VFG034165(gb|WP_001088818)	24.390	451	259	14	53	482	47	436	2.50e-11	66.2
g690.t1	VFG024743(gb|WP_014001501)	25.237	317	148	11	188	479	152	404	2.71e-11	66.6
g690.t1	VFG034160(gb|WP_001088819)	23.556	450	264	13	53	482	47	436	2.97e-11	65.9
g690.t1	VFG034164(gb|WP_001088823)	24.289	457	252	14	53	482	47	436	3.00e-11	65.9
g690.t1	VFG012566(gb|WP_001088828)	23.465	456	257	13	53	482	47	436	3.16e-11	65.9
g690.t1	VFG029166(gb|WP_020822587)	25.688	327	168	11	179	479	155	432	3.65e-11	65.9
g690.t1	VFG034175(gb|WP_001089765)	23.465	456	257	13	53	482	47	436	4.11e-11	65.5
g690.t1	VFG050023(gb|WP_000955356)	28.485	165	103	6	352	502	306	469	4.31e-11	65.5
g690.t1	VFG000359(gb|WP_001088826)	23.465	456	257	13	53	482	47	436	4.60e-11	65.5
g690.t1	VFG048594(gb|YP_005227770)	23.465	456	257	13	53	482	47	436	4.60e-11	65.5
g690.t1	VFG012564(gb|WP_001088826)	23.465	456	257	13	53	482	47	436	4.60e-11	65.5
g690.t1	VFG029285(gb|WP_015303654)	24.921	317	149	11	188	479	152	404	5.56e-11	65.5
g690.t1	VFG029287(gb|WP_015294050)	25.237	317	148	11	188	479	152	404	5.91e-11	65.5
g690.t1	VFG029286(gb|WP_015291069)	25.237	317	148	11	188	479	152	404	6.28e-11	65.1
g690.t1	VFG048593(gb|WP_014907267)	24.070	457	253	14	53	482	47	436	6.35e-11	65.1
g690.t1	VFG050016(gb|WP_000955358)	27.879	165	104	6	352	502	306	469	7.02e-11	64.7
g690.t1	VFG008972(gb|WP_015309624)	24.354	542	263	24	17	479	7	480	7.24e-11	65.1
g690.t1	VFG029297(gb|YP_007958950)	24.921	317	149	11	188	479	152	404	7.86e-11	65.1
g690.t1	VFG044332(gb|WP_015874967)	24.289	457	252	14	53	482	47	436	9.81e-11	64.3
g690.t1	VFG050017(gb|WP_000960113)	27.879	165	104	6	352	502	306	469	1.13e-10	64.3
g690.t1	VFG050150(gb|WP_000955360)	27.879	165	104	6	352	502	306	469	1.25e-10	63.9
g690.t1	VFG050013(gb|WP_000955350)	27.879	165	104	6	352	502	306	469	1.28e-10	63.9
g690.t1	VFG050148(gb|WP_000955352)	27.879	165	104	6	352	502	306	469	1.29e-10	63.9
g690.t1	VFG048578(gb|WP_014907269)	25.050	503	264	18	56	525	602	1024	1.40e-10	64.7
g690.t1	VFG048576(gb|WP_014838501)	25.336	521	308	19	50	553	596	1052	1.45e-10	64.7
g690.t1	VFG048577(gb|WP_014229383)	24.952	521	310	18	50	553	596	1052	1.52e-10	64.3
g690.t1	VFG044413(gb|AAR12528)	25.466	483	267	19	52	510	485	898	1.53e-10	64.3
g690.t1	VFG050022(gb|WP_000955347)	27.879	165	104	6	352	502	306	469	1.54e-10	63.9
g690.t1	VFG009551(gb|WP_011560854)	28.333	240	151	7	25	257	47	272	1.93e-10	63.5
g690.t1	VFG009551(gb|WP_011560854)	36.000	100	48	4	402	486	373	471	4.07e-08	56.2
g690.t1	VFG015911(gb|WP_011267820)	25.380	461	234	20	66	493	67	450	1.99e-10	63.5
g690.t1	VFG034170(gb|WP_001088812)	24.169	451	260	14	53	482	47	436	2.11e-10	63.2
g690.t1	VFG000168(gb|NP_252918)	30.303	165	100	6	352	502	316	479	2.39e-10	63.2
g690.t1	VFG009550(gb|WP_011856111)	28.333	240	151	7	25	257	47	272	2.54e-10	63.2
g690.t1	VFG009550(gb|WP_011856111)	36.000	100	48	4	402	486	373	471	4.44e-08	55.8
g690.t1	VFG024050(gb|WP_008256952)	24.465	327	172	11	179	479	155	432	2.55e-10	63.2
g690.t1	VFG020092(gb|WP_003118945)	30.303	165	100	6	352	502	316	479	2.81e-10	62.8
g690.t1	VFG016130(gb|WP_003137468)	30.303	165	100	6	352	502	316	479	2.89e-10	62.8
g690.t1	VFG024048(gb|WP_014942139)	24.465	327	172	11	179	479	155	432	3.16e-10	62.8
g690.t1	VFG003500(gb|WP_005168666)	23.111	450	266	13	53	482	47	436	3.66e-10	62.4
g690.t1	VFG050018(gb|WP_000955353)	27.273	165	105	6	352	502	306	469	3.97e-10	62.4
g690.t1	VFG007201(gb|WP_000205542)	26.506	166	115	4	403	563	374	537	4.88e-10	62.0
g690.t1	VFG018292(gb|WP_004692639)	25.155	322	175	14	189	494	194	465	6.75e-10	61.6
g690.t1	VFG021820(gb|WP_003893504)	27.666	347	162	16	172	479	139	435	7.16e-10	61.6
g690.t1	VFG011609(gb|WP_006191558)	25.155	322	175	14	189	494	194	465	7.30e-10	61.6
g690.t1	VFG050114(gb|WP_000953496)	41.176	85	38	3	396	469	550	633	8.62e-10	62.0
g690.t1	VFG034168(gb|WP_001088830)	24.070	457	253	14	53	482	47	436	9.77e-10	61.2
g690.t1	VFG024049(gb|WP_014711686)	24.159	327	173	11	179	479	155	432	1.02e-09	61.2
g690.t1	VFG029151(gb|WP_005059131)	25.287	348	160	17	184	479	155	454	1.20e-09	60.8
g690.t1	VFG034174(gb|WP_001088834)	23.965	459	265	15	46	482	40	436	1.69e-09	60.5
g690.t1	VFG024771(gb|WP_010950805)	23.391	466	242	18	69	472	61	473	1.70e-09	60.5
g690.t1	VFG024770(gb|WP_003912041)	23.391	466	242	18	69	472	61	473	1.90e-09	60.5
g690.t1	VFG016174(gb|WP_011104104)	36.283	113	66	3	412	519	371	482	2.04e-09	60.1
g690.t1	VFG029322(gb|WP_015303655)	23.391	466	242	18	69	472	61	473	2.15e-09	60.1
g690.t1	VFG029288(gb|WP_015355157)	22.857	315	158	10	188	479	152	404	2.29e-09	60.1
g690.t1	VFG024741(gb|WP_012393569)	22.857	315	158	10	188	479	152	404	2.29e-09	60.1
g690.t1	VFG029323(gb|WP_015291071)	23.391	466	242	18	69	472	61	473	2.53e-09	60.1
g690.t1	VFG022767(gb|WP_013828468)	26.347	334	160	13	183	479	155	439	2.71e-09	59.7
g690.t1	VFG024776(gb|NP_217466)	23.391	466	242	18	69	472	98	510	2.87e-09	59.7
g690.t1	VFG021818(gb|WP_003877914)	24.484	339	181	11	182	494	157	446	3.34e-09	59.3
g690.t1	VFG029705(gb|WP_016893944)	25.059	427	222	13	66	469	507	858	3.92e-09	60.1
g690.t1	VFG015908(gb|WP_164920478)	24.550	444	240	16	46	461	4828	5204	4.74e-09	59.7
g690.t1	VFG015908(gb|WP_164920478)	28.313	166	98	3	46	211	5895	6039	3.82e-08	57.0
g690.t1	VFG015908(gb|WP_164920478)	28.824	170	103	4	46	214	3760	3912	8.37e-07	52.4
g690.t1	VFG015908(gb|WP_164920478)	30.323	155	76	4	62	206	6969	7101	3.15e-06	50.4
g690.t1	VFG015908(gb|WP_164920478)	28.859	149	84	3	62	207	8067	8196	5.16e-06	49.7
g690.t1	VFG020317(gb|WP_012614130)	28.824	170	103	3	46	215	3096	3247	6.19e-09	59.3
g690.t1	VFG016045(gb|WP_011062374)	29.193	161	96	2	46	206	2036	2178	8.80e-09	58.9
g690.t1	VFG020069(gb|WP_148235954)	28.824	170	103	3	46	215	2037	2188	8.87e-09	58.9
g690.t1	VFG020069(gb|WP_148235954)	27.103	214	121	7	88	291	3592	3780	9.11e-07	52.4
g690.t1	VFG021823(gb|WP_011559124)	35.821	134	51	7	375	479	303	430	1.27e-08	57.8
g690.t1	VFG015904(gb|WP_164920479)	31.293	147	85	2	62	207	1592	1723	1.77e-08	57.8
g690.t1	VFG015904(gb|WP_164920479)	22.921	445	255	12	66	493	4814	5187	8.53e-06	49.3
g690.t1	VFG007822(gb|WP_011740066)	23.772	509	286	24	26	479	17	478	2.22e-08	57.0
g690.t1	VFG015905(gb|WP_164920559)	22.574	505	292	13	46	522	575	1008	2.25e-08	57.4
g690.t1	VFG015905(gb|WP_164920559)	27.072	181	106	3	26	206	3788	3942	7.22e-08	55.8
g690.t1	VFG015905(gb|WP_164920559)	22.796	465	271	11	46	493	1654	2047	2.03e-06	51.2
g690.t1	VFG015905(gb|WP_164920559)	27.439	164	94	3	40	203	2723	2861	9.95e-06	48.9
g690.t1	VFG029690(gb|YP_001704826)	25.056	443	231	14	50	469	494	858	2.25e-08	57.4
g690.t1	VFG015906(gb|WP_011267825)	22.754	501	288	13	50	522	9231	9660	2.31e-08	57.4
g690.t1	VFG015906(gb|WP_011267825)	22.970	505	294	14	46	522	2723	3160	8.70e-08	55.8
g690.t1	VFG015906(gb|WP_011267825)	28.743	167	96	3	46	211	12412	12556	1.38e-07	55.1
g690.t1	VFG015906(gb|WP_011267825)	22.376	505	293	13	46	522	7067	7500	4.60e-07	53.1
g690.t1	VFG015906(gb|WP_011267825)	30.625	160	92	2	46	205	1650	1790	4.93e-06	50.1
g690.t1	VFG015906(gb|WP_011267825)	27.059	170	106	4	46	214	10276	10428	5.99e-06	49.7
g690.t1	VFG022393(gb|WP_012393572)	23.772	509	286	24	26	479	17	478	2.53e-08	56.6
g690.t1	VFG022742(gb|WP_049793010)	34.314	102	51	4	400	486	369	469	2.66e-08	56.6
g690.t1	VFG026568(gb|YP_007958419)	30.282	142	67	2	62	203	117	226	4.52e-08	56.2
g690.t1	VFG024754(gb|WP_011740062)	23.794	311	160	12	188	479	152	404	4.84e-08	55.8
g690.t1	VFG016036(gb|WP_010954974)	28.182	220	135	6	38	257	2638	2834	5.61e-08	56.2
g690.t1	VFG011610(gb|WP_006014905)	24.611	321	178	14	189	494	194	465	5.94e-08	55.5
g690.t1	VFG019335(gb|WP_004686826)	24.611	321	178	14	189	494	194	465	6.05e-08	55.5
g690.t1	VFG011607(gb|WP_002969261)	24.611	321	178	14	189	494	194	465	6.37e-08	55.5
g690.t1	VFG016175(gb|WP_011168856)	35.417	96	60	2	412	506	371	465	6.40e-08	55.5
g690.t1	VFG011606(gb|WP_011005507)	24.611	321	178	14	189	494	194	465	6.59e-08	55.5
g690.t1	VFG029733(gb|WP_020822858)	30.573	157	88	4	62	218	1577	1712	6.77e-08	55.8
g690.t1	VFG024746(gb|WP_010907553)	29.104	134	80	4	356	479	276	404	7.41e-08	55.5
g690.t1	VFG008977(gb|WP_041299017)	23.320	506	292	25	26	479	17	478	7.45e-08	55.1
g690.t1	VFG022711(gb|WP_041180111)	30.282	142	67	2	62	203	530	639	9.68e-08	55.5
g690.t1	VFG009484(gb|WP_003899297)	30.282	142	67	2	62	203	530	639	9.68e-08	55.5
g690.t1	VFG026557(gb|WP_041180561)	30.282	142	67	2	62	203	530	639	9.84e-08	55.5
g690.t1	VFG001821(gb|NP_216896)	30.282	142	67	2	62	203	481	590	1.01e-07	55.5
g690.t1	VFG029734(gb|WP_015304390)	29.193	161	91	3	62	219	1574	1714	1.32e-07	55.1
g690.t1	VFG050041(gb|WP_011198384)	22.567	483	274	16	53	504	489	902	1.95e-07	54.3
g690.t1	VFG050041(gb|WP_011198384)	27.200	125	71	3	88	207	1584	1693	5.02e-06	49.7
g690.t1	VFG050044(gb|WP_001133941)	23.560	191	115	2	17	207	1534	1693	2.06e-07	54.3
g690.t1	VFG016058(gb|NP_251114)	29.452	146	87	3	72	217	2238	2367	2.09e-07	54.3
g690.t1	VFG016058(gb|NP_251114)	37.179	78	41	4	408	479	391	466	1.70e-06	51.2
g690.t1	VFG050045(gb|WP_001133952)	23.560	191	115	2	17	207	1534	1693	2.15e-07	54.3
g690.t1	VFG020074(gb|WP_012614121)	29.452	146	87	3	72	217	2238	2367	2.18e-07	54.3
g690.t1	VFG020074(gb|WP_012614121)	35.897	78	42	4	408	479	391	466	5.34e-06	49.7
g690.t1	VFG020071(gb|WP_012723748)	24.395	496	273	18	46	509	1592	2017	2.30e-07	54.3
g690.t1	VFG029728(gb|WP_014382788)	29.936	157	89	4	62	218	1577	1712	2.41e-07	54.3
g690.t1	VFG050043(gb|NP_391076)	26.630	184	111	5	27	206	1527	1690	2.48e-07	53.9
g690.t1	VFG001407(gb|NP_217446)	22.281	570	337	23	70	592	64	574	3.60e-07	53.1
g690.t1	VFG050040(gb|WP_001133940)	23.560	191	115	2	17	207	1534	1693	3.64e-07	53.5
g690.t1	VFG029150(gb|WP_015292873)	31.008	129	59	5	375	479	309	431	3.65e-07	53.1
g690.t1	VFG001393(gb|NP_215861)	31.008	129	59	5	375	479	309	431	4.12e-07	52.8
g690.t1	VFG029149(gb|WP_015289783)	31.008	129	59	5	375	479	309	431	4.27e-07	52.8
g690.t1	VFG016064(gb|WP_010954996)	30.952	168	103	6	70	235	64	220	4.27e-07	53.5
g690.t1	VFG016064(gb|WP_010954996)	33.333	96	47	4	402	482	377	470	1.61e-06	51.6
g690.t1	VFG029729(gb|WP_014385155)	29.936	157	89	4	62	218	1577	1712	4.34e-07	53.1
g690.t1	VFG029727(gb|WP_014711949)	29.936	157	89	4	62	218	1577	1712	4.38e-07	53.1
g690.t1	VFG029726(gb|WP_014942394)	29.936	157	89	4	62	218	1577	1712	4.53e-07	53.1
g690.t1	VFG029730(gb|WP_009953336)	29.936	157	89	4	62	218	1577	1712	4.61e-07	53.1
g690.t1	VFG029158(gb|WP_014585515)	31.008	129	59	5	375	479	309	431	4.61e-07	52.8
g690.t1	VFG029155(gb|YP_007961258)	31.783	129	58	6	375	479	229	351	4.65e-07	52.4
g690.t1	VFG050154(gb|WP_001133949)	23.037	191	116	2	17	207	1534	1693	4.78e-07	53.1
g690.t1	VFG012548(gb|WP_000623031)	24.876	402	212	16	150	519	675	1018	4.83e-07	53.1
g690.t1	VFG029160(gb|YP_007957460)	31.008	129	59	5	375	479	309	431	4.84e-07	52.8
g690.t1	VFG034099(gb|WP_000623032)	24.876	402	212	16	150	519	675	1018	5.08e-07	53.1
g690.t1	VFG050038(gb|WP_001133934)	23.037	191	116	2	17	207	1534	1693	5.12e-07	53.1
g690.t1	VFG015827(gb|WP_012315395)	32.308	130	65	7	373	482	344	470	5.61e-07	53.1
g690.t1	VFG015827(gb|WP_012315395)	28.834	163	96	4	46	206	2203	2347	5.67e-06	49.7
g690.t1	VFG034106(gb|WP_021565660)	24.755	408	217	16	150	525	342	691	5.70e-07	52.8
g690.t1	VFG021821(gb|WP_011895254)	32.824	131	55	7	375	479	311	434	5.83e-07	52.4
g690.t1	VFG034098(gb|WP_000623046)	24.876	402	212	16	150	519	675	1018	6.67e-07	52.8
g690.t1	VFG034095(gb|WP_000623054)	24.755	408	217	16	150	525	675	1024	7.46e-07	52.4
g690.t1	VFG034092(gb|WP_000623021)	24.755	408	217	16	150	525	675	1024	7.46e-07	52.4
g690.t1	VFG034097(gb|WP_000623050)	25.564	399	213	16	150	519	675	1018	7.52e-07	52.4
g690.t1	VFG034096(gb|WP_000623033)	24.755	408	217	16	150	525	675	1024	7.52e-07	52.4
g690.t1	VFG034101(gb|WP_000623067)	24.755	408	217	16	150	525	675	1024	7.58e-07	52.4
g690.t1	VFG046112(gb|WP_046072848)	24.755	408	217	16	150	525	675	1024	7.71e-07	52.4
g690.t1	VFG000363(gb|WP_002212775)	24.755	408	217	16	150	525	675	1024	7.78e-07	52.4
g690.t1	VFG048579(gb|YP_005227766)	24.755	408	217	16	150	525	675	1024	7.78e-07	52.4
g690.t1	VFG018921(gb|WP_012229554)	24.755	408	217	16	150	525	675	1024	7.98e-07	52.4
g690.t1	VFG034102(gb|WP_000623034)	24.755	408	217	16	150	525	675	1024	7.98e-07	52.4
g690.t1	VFG034100(gb|WP_000623045)	24.755	408	217	16	150	525	675	1024	8.12e-07	52.4
g690.t1	VFG012549(gb|WP_000623043)	24.755	408	217	16	150	525	675	1024	8.26e-07	52.4
g690.t1	VFG016066(gb|WP_011533065)	33.846	130	63	8	373	482	344	470	8.29e-07	52.4
g690.t1	VFG022399(gb|WP_013829512)	37.500	80	36	3	412	479	400	477	9.36e-07	51.6
g690.t1	VFG044328(gb|WP_015874963)	24.755	408	217	16	150	525	675	1024	9.39e-07	52.0
g690.t1	VFG020077(gb|WP_015885148)	37.349	83	41	4	401	479	385	460	9.50e-07	52.4
g690.t1	VFG003504(gb|WP_011816641)	25.926	405	206	17	183	549	706	1054	1.02e-06	52.0
g690.t1	VFG034107(gb|WP_000623036)	25.432	405	218	16	150	525	675	1024	1.13e-06	52.0
g690.t1	VFG024047(gb|WP_013472309)	25.874	429	228	19	92	479	55	434	1.15e-06	51.2
g690.t1	VFG034108(gb|WP_000623037)	25.432	405	218	16	150	525	675	1024	1.16e-06	52.0
g690.t1	VFG016062(gb|WP_165446461)	33.663	101	50	4	394	479	369	467	1.29e-06	51.6
g690.t1	VFG016060(gb|WP_003139218)	29.630	162	96	4	47	206	2211	2356	1.34e-06	51.6
g690.t1	VFG016060(gb|WP_003139218)	35.897	78	42	4	408	479	391	466	5.34e-06	49.7
g690.t1	VFG016131(gb|WP_011533708)	29.114	158	97	6	352	495	310	466	1.51e-06	51.2
g690.t1	VFG029722(gb|WP_011725353)	27.950	161	94	4	66	225	86	225	1.51e-06	51.6
g690.t1	VFG016067(gb|WP_011062464)	37.349	83	41	4	401	479	392	467	1.53e-06	51.6
g690.t1	VFG016067(gb|WP_011062464)	28.333	180	110	5	63	235	53	220	5.39e-06	49.7
g690.t1	VFG044315(gb|WP_012492605)	24.583	480	259	18	45	496	41	445	1.57e-06	51.6
g690.t1	VFG050156(gb|WP_001133891)	21.739	207	129	3	3	207	1518	1693	2.47e-06	50.8
g690.t1	VFG016059(gb|WP_012075639)	30.370	135	78	3	72	206	2238	2356	2.64e-06	50.8
g690.t1	VFG016059(gb|WP_012075639)	35.897	78	42	4	408	479	391	466	5.17e-06	49.7
g690.t1	VFG016059(gb|WP_012075639)	28.671	143	84	4	70	207	64	193	7.77e-06	49.3
g690.t1	VFG044363(gb|WP_033112377)	27.848	158	102	2	50	207	502	647	2.85e-06	50.4
g690.t1	VFG016038(gb|NP_251090)	30.159	189	112	6	46	234	501	669	3.17e-06	50.4
g690.t1	VFG016040(gb|WP_078463717)	30.159	189	112	6	46	234	501	669	3.33e-06	50.4
g690.t1	VFG016065(gb|WP_012051699)	32.292	96	48	4	402	482	377	470	3.43e-06	50.4
g690.t1	VFG024769(gb|WP_085979885)	26.154	195	107	7	412	592	402	573	3.46e-06	50.1
g690.t1	VFG009489(gb|WP_011724535)	27.586	145	93	3	62	206	1594	1726	3.76e-06	50.1
g690.t1	VFG050035(gb|WP_001133943)	22.513	191	117	2	17	207	1534	1693	3.85e-06	50.1
g690.t1	VFG020073(gb|WP_043205221)	23.909	481	270	17	46	499	4097	4508	4.30e-06	50.1
g690.t1	VFG016068(gb|WP_011335255)	38.889	72	38	3	412	479	393	462	5.16e-06	49.7
g690.t1	VFG050155(gb|WP_001972445)	21.739	207	129	3	3	207	1518	1693	5.37e-06	49.7
g690.t1	VFG015826(gb|WP_012273396)	31.373	102	53	4	396	482	371	470	7.19e-06	49.3
g690.t1	VFG015826(gb|WP_012273396)	28.834	163	96	4	46	206	2203	2347	7.32e-06	49.3
g690.t1	VFG029697(gb|WP_014711950)	24.000	450	255	16	46	469	1965	2353	8.65e-06	48.9
g690.t1	VFG016035(gb|WP_011168293)	32.353	136	72	6	72	207	550	665	8.65e-06	48.9
g690.t1	VFG007776(gb|WP_011780336)	34.211	114	59	5	380	479	378	489	8.69e-06	48.5
g690.t1	VFG016032(gb|WP_011666646)	32.877	146	79	4	62	207	544	670	8.75e-06	48.9
g690.t1	VFG016032(gb|WP_011666646)	32.877	146	79	4	62	207	1605	1731	8.75e-06	48.9
g690.t1	VFG000161(gb|NP_251089)	32.877	146	79	4	62	207	544	670	8.82e-06	48.9
g690.t1	VFG000161(gb|NP_251089)	32.877	146	79	4	62	207	1605	1731	8.82e-06	48.9
g1539.t1	VFG030400(gb|WP_081465621)	31.548	168	100	5	147	301	269	434	6.13e-19	88.6
g1539.t1	VFG030407(gb|WP_015294168)	30.939	181	106	7	137	301	254	431	2.73e-16	80.5
g1539.t1	VFG030406(gb|WP_015291176)	30.387	181	107	7	137	301	254	431	7.99e-16	79.3
g1539.t1	VFG030419(gb|WP_015345152)	30.387	181	107	7	137	301	254	431	1.21e-15	78.6
g1539.t1	VFG030405(gb|WP_015303741)	30.387	181	107	7	137	301	254	431	1.23e-15	78.6
g1539.t1	VFG030411(gb|WP_015575278)	30.387	181	107	7	137	301	254	431	1.55e-15	78.2
g1539.t1	VFG030388(gb|NP_217605)	30.387	181	107	7	137	301	254	431	1.60e-15	78.2
g1539.t1	VFG030404(gb|WP_015288454)	30.387	181	107	7	137	301	254	431	1.63e-15	78.2
g1539.t1	VFG030398(gb|WP_014001578)	30.387	181	107	7	137	301	254	431	1.72e-15	78.2
g1539.t1	VFG030387(gb|WP_015304695)	32.164	171	98	5	147	301	271	439	3.22e-15	77.4
g1539.t1	VFG030416(gb|YP_007959092)	29.834	181	108	7	137	301	61	238	3.78e-15	75.9
g1539.t1	VFG030399(gb|WP_012394321)	32.000	150	89	6	149	287	275	422	1.85e-14	75.1
g1539.t1	VFG030408(gb|WP_015355418)	32.000	150	89	6	149	287	275	422	5.40e-14	73.6
g1539.t1	VFG029717(gb|YP_005923762)	24.810	395	223	13	27	401	284	624	1.30e-13	72.8
g1539.t1	VFG030402(gb|WP_013470644)	33.140	172	87	7	150	301	272	435	5.25e-13	70.5
g1539.t1	VFG030403(gb|WP_170320575)	35.294	153	84	7	150	290	278	427	1.80e-12	68.9
g1539.t1	VFG016132(gb|WP_011061776)	31.298	131	77	4	171	289	329	458	2.28e-12	68.6
g1539.t1	VFG048422(gb|WP_014228360)	38.824	85	51	1	214	298	378	461	4.20e-12	67.8
g1539.t1	VFG048421(gb|WP_014837778)	38.824	85	51	1	214	298	378	461	4.47e-12	67.8
g1539.t1	VFG048424(gb|WP_012542486)	30.682	176	99	6	125	288	287	451	8.55e-12	66.6
g1539.t1	VFG000168(gb|NP_252918)	32.824	131	75	3	171	289	332	461	1.66e-11	65.9
g1539.t1	VFG016129(gb|WP_003157555)	32.824	131	75	3	171	289	332	461	1.86e-11	65.9
g1539.t1	VFG020092(gb|WP_003118945)	32.824	131	75	3	171	289	332	461	1.90e-11	65.9
g1539.t1	VFG016130(gb|WP_003137468)	32.824	131	75	3	171	289	332	461	1.90e-11	65.9
g1539.t1	VFG048430(gb|WP_012968726)	41.333	75	43	1	214	288	378	451	1.98e-11	65.5
g1539.t1	VFG048427(gb|WP_004223595)	41.333	75	43	1	214	288	378	451	2.00e-11	65.5
g1539.t1	VFG048425(gb|YP_005225747)	41.333	75	43	1	214	288	378	451	2.07e-11	65.5
g1539.t1	VFG012988(gb|WP_000026772)	30.220	182	94	8	125	289	288	453	4.52e-11	64.3
g1539.t1	VFG012986(gb|NP_706449)	30.220	182	94	8	125	289	288	453	4.81e-11	64.3
g1539.t1	VFG050019(gb|WP_003185956)	32.061	131	76	4	171	289	322	451	7.21e-11	63.9
g1539.t1	VFG048429(gb|WP_004183353)	40.000	75	44	1	214	288	378	451	7.41e-11	63.9
g1539.t1	VFG048428(gb|WP_012068426)	40.000	75	44	1	214	288	378	451	8.10e-11	63.5
g1539.t1	VFG012985(gb|WP_000026832)	30.387	181	93	8	125	288	288	452	1.10e-10	63.2
g1539.t1	VFG012989(gb|WP_000026762)	30.387	181	93	8	125	288	288	452	1.17e-10	63.2
g1539.t1	VFG030391(gb|WP_003875182)	33.333	153	87	7	150	290	278	427	1.19e-10	63.2
g1539.t1	VFG000932(gb|WP_000026784)	30.435	161	82	7	145	288	305	452	1.43e-10	62.8
g1539.t1	VFG030392(gb|WP_011725596)	33.333	153	87	7	150	290	278	427	1.64e-10	62.8
g1539.t1	VFG012990(gb|WP_000026810)	37.931	87	48	3	202	288	372	452	1.67e-10	62.8
g1539.t1	VFG030421(gb|WP_179945037)	44.000	75	40	2	216	290	354	426	2.18e-10	62.4
g1539.t1	VFG011609(gb|WP_006191558)	33.077	130	74	5	171	288	326	454	3.92e-10	61.6
g1539.t1	VFG018292(gb|WP_004692639)	33.077	130	74	5	171	288	326	454	3.96e-10	61.6
g1539.t1	VFG019335(gb|WP_004686826)	33.077	130	74	5	171	288	326	454	4.28e-10	61.2
g1539.t1	VFG011610(gb|WP_006014905)	33.077	130	74	5	171	288	326	454	4.40e-10	61.2
g1539.t1	VFG011607(gb|WP_002969261)	33.077	130	74	5	171	288	326	454	4.40e-10	61.2
g1539.t1	VFG011606(gb|WP_011005507)	33.077	130	74	5	171	288	326	454	4.44e-10	61.2
g1539.t1	VFG034164(gb|WP_001088823)	31.034	145	87	4	156	288	294	437	6.20e-10	60.8
g1539.t1	VFG048593(gb|WP_014907267)	31.579	133	78	4	168	288	306	437	6.25e-10	60.8
g1539.t1	VFG034168(gb|WP_001088830)	31.579	133	78	4	168	288	306	437	7.39e-10	60.5
g1539.t1	VFG034160(gb|WP_001088819)	31.579	133	78	4	168	288	306	437	7.53e-10	60.5
g1539.t1	VFG000359(gb|WP_001088826)	31.579	133	78	4	168	288	306	437	7.73e-10	60.5
g1539.t1	VFG048594(gb|YP_005227770)	31.579	133	78	4	168	288	306	437	7.73e-10	60.5
g1539.t1	VFG012564(gb|WP_001088826)	31.579	133	78	4	168	288	306	437	7.73e-10	60.5
g1539.t1	VFG034165(gb|WP_001088818)	31.579	133	78	4	168	288	306	437	7.80e-10	60.5
g1539.t1	VFG044367(gb|WP_013318791)	37.333	75	46	1	214	288	380	453	7.97e-10	60.5
g1539.t1	VFG044332(gb|WP_015874967)	31.579	133	78	4	168	288	306	437	8.08e-10	60.5
g1539.t1	VFG034175(gb|WP_001089765)	31.579	133	78	4	168	288	306	437	8.08e-10	60.5
g1539.t1	VFG044187(gb|WP_011152546)	36.905	84	49	2	209	289	380	462	8.71e-10	60.5
g1539.t1	VFG003500(gb|WP_005168666)	30.827	133	79	3	168	288	306	437	9.81e-10	60.1
g1539.t1	VFG044393(gb|AAF33134)	32.061	131	76	3	171	289	346	475	1.35e-09	60.1
g1539.t1	VFG012566(gb|WP_001088828)	30.827	133	79	4	168	288	306	437	2.19e-09	59.3
g1539.t1	VFG012565(gb|WP_001088833)	30.827	133	79	4	168	288	306	437	2.43e-09	58.9
g1539.t1	VFG034170(gb|WP_001088812)	30.827	133	79	4	168	288	306	437	2.52e-09	58.9
g1539.t1	VFG034174(gb|WP_001088834)	30.827	133	79	4	168	288	306	437	2.68e-09	58.9
g1539.t1	VFG022767(gb|WP_013828468)	31.429	175	76	8	147	284	272	439	3.04e-09	58.5
g1539.t1	VFG029297(gb|YP_007958950)	29.851	134	78	4	165	288	281	408	6.53e-09	57.8
g1539.t1	VFG024748(gb|NP_217464)	29.851	134	78	4	165	288	281	408	7.16e-09	57.8
g1539.t1	VFG024743(gb|WP_014001501)	29.851	134	78	4	165	288	281	408	7.28e-09	57.8
g1539.t1	VFG029301(gb|YP_005924089)	29.851	134	78	4	165	288	281	408	7.74e-09	57.8
g1539.t1	VFG029285(gb|WP_015303654)	29.851	134	78	4	165	288	281	408	8.23e-09	57.4
g1539.t1	VFG048591(gb|WP_014229386)	30.469	128	76	4	173	288	311	437	9.27e-09	57.4
g1539.t1	VFG050016(gb|WP_000955358)	28.244	131	81	3	171	289	322	451	1.34e-08	56.6
g1539.t1	VFG050021(gb|NP_391078)	29.323	133	81	4	169	289	320	451	1.47e-08	56.6
g1539.t1	VFG050013(gb|WP_000955350)	28.244	131	81	3	171	289	322	451	1.71e-08	56.2
g1539.t1	VFG050022(gb|WP_000955347)	28.244	131	81	3	171	289	322	451	1.74e-08	56.2
g1539.t1	VFG050023(gb|WP_000955356)	28.244	131	81	3	171	289	322	451	1.80e-08	56.2
g1539.t1	VFG050018(gb|WP_000955353)	28.244	131	81	3	171	289	322	451	1.83e-08	56.2
g1539.t1	VFG050150(gb|WP_000955360)	28.244	131	81	3	171	289	322	451	2.02e-08	56.2
g1539.t1	VFG029287(gb|WP_015294050)	29.851	134	78	4	165	288	281	408	2.04e-08	56.2
g1539.t1	VFG029286(gb|WP_015291069)	29.851	134	78	4	165	288	281	408	2.17e-08	56.2
g1539.t1	VFG050148(gb|WP_000955352)	28.244	131	81	3	171	289	322	451	2.58e-08	55.8
g1539.t1	VFG024746(gb|WP_010907553)	31.429	140	81	4	159	288	274	408	2.80e-08	55.8
g1539.t1	VFG050149(gb|WP_001972441)	29.008	131	80	3	171	289	322	451	2.82e-08	55.8
g1539.t1	VFG009545(gb|WP_011724530)	34.211	76	49	1	214	289	392	466	4.17e-08	55.1
g1539.t1	VFG050017(gb|WP_000960113)	27.481	131	82	3	171	289	322	451	6.85e-08	54.3
g1539.t1	VFG021818(gb|WP_003877914)	28.780	205	103	9	147	319	274	467	7.66e-08	54.3
g1539.t1	VFG024027(gb|WP_014711360)	30.303	132	86	3	214	341	390	519	8.08e-08	54.3
g1539.t1	VFG026660(gb|WP_020822192)	30.303	132	86	3	214	341	390	519	8.44e-08	54.3
g1539.t1	VFG024030(gb|WP_014379792)	35.135	74	47	1	214	287	390	462	1.15e-07	53.9
g1539.t1	VFG024026(gb|WP_014384379)	35.135	74	47	1	214	287	390	462	1.15e-07	53.9
g1539.t1	VFG016131(gb|WP_011533708)	37.333	75	46	1	214	288	381	454	1.20e-07	53.9
g1539.t1	VFG029155(gb|YP_007961258)	28.402	169	83	6	147	284	190	351	1.21e-07	53.5
g1539.t1	VFG037320(gb|WP_020753358)	37.333	75	46	1	214	288	384	457	1.62e-07	53.1
g1539.t1	VFG016174(gb|WP_011104104)	32.283	127	73	4	175	289	318	443	1.84e-07	53.1
g1539.t1	VFG021820(gb|WP_003893504)	27.778	234	113	10	150	346	273	487	2.13e-07	52.8
g1539.t1	VFG024028(gb|WP_014382292)	33.784	74	48	1	214	287	390	462	4.34e-07	52.0
g1539.t1	VFG037314(gb|WP_000744369)	36.000	75	47	1	214	288	384	457	5.53e-07	51.6
g1539.t1	VFG037315(gb|WP_000744371)	36.000	75	47	1	214	288	384	457	5.68e-07	51.6
g1539.t1	VFG022742(gb|WP_049793010)	37.975	79	44	2	214	288	389	466	5.81e-07	51.6
g1539.t1	VFG037317(gb|YP_001085402)	36.000	75	47	1	214	288	355	428	6.86e-07	51.2
g1539.t1	VFG009549(gb|WP_011781018)	35.897	78	45	2	214	287	392	468	7.77e-07	51.2
g1539.t1	VFG026645(gb|WP_015356488)	33.333	75	49	1	215	289	390	463	7.84e-07	51.2
g1539.t1	VFG022736(gb|WP_012395312)	33.333	75	49	1	215	289	390	463	7.98e-07	51.2
g1539.t1	VFG037322(gb|WP_000744367)	36.000	75	47	1	214	288	384	457	8.06e-07	51.2
g1539.t1	VFG037316(gb|WP_000744381)	36.000	75	47	1	214	288	384	457	8.13e-07	51.2
g1539.t1	VFG009546(gb|WP_071497738)	33.333	75	49	1	215	289	390	463	8.33e-07	51.2
g1539.t1	VFG037313(gb|WP_000744364)	36.000	75	47	1	214	288	384	457	8.57e-07	50.8
g1539.t1	VFG016175(gb|WP_011168856)	30.986	142	82	6	175	302	318	457	9.50e-07	50.8
g1539.t1	VFG009548(gb|WP_011893571)	26.923	156	96	5	149	287	319	473	1.05e-06	50.8
g1539.t1	VFG024025(gb|WP_013471365)	26.923	156	96	5	149	287	324	478	1.23e-06	50.4
g1539.t1	VFG026644(gb|WP_015293659)	34.211	76	49	1	214	289	400	474	1.31e-06	50.4
g1539.t1	VFG026649(gb|WP_015575197)	34.211	76	49	1	214	289	395	469	1.31e-06	50.4
g1539.t1	VFG022739(gb|WP_014001248)	34.211	76	49	1	214	289	400	474	1.35e-06	50.4
g1539.t1	VFG026654(gb|YP_007958424)	34.211	76	49	1	214	289	251	325	1.38e-06	50.1
g1539.t1	VFG001817(gb|NP_216900)	34.211	76	49	1	214	289	400	474	1.39e-06	50.4
g1539.t1	VFG007200(gb|WP_000205544)	31.868	91	58	3	214	302	381	469	1.41e-06	50.4
g1539.t1	VFG007201(gb|WP_000205542)	31.868	91	58	3	214	302	381	469	1.45e-06	50.4
g1539.t1	VFG026642(gb|WP_015303464)	34.211	76	49	1	214	289	400	474	1.45e-06	50.4
g1539.t1	VFG026643(gb|WP_015290628)	34.211	76	49	1	214	289	400	474	1.55e-06	50.1
g1539.t1	VFG050115(gb|WP_002081542)	33.333	81	43	2	201	271	466	545	1.61e-06	50.4
g1539.t1	VFG007203(gb|WP_011152543)	30.000	90	61	2	214	302	385	473	1.74e-06	50.1
g1539.t1	VFG007202(gb|WP_011081753)	30.000	90	61	2	214	302	385	473	1.74e-06	50.1
g1539.t1	VFG044420(gb|AAR12562)	31.707	82	55	1	207	288	384	464	1.81e-06	50.1
g1539.t1	VFG026640(gb|WP_016342530)	27.338	139	87	4	175	301	345	481	1.90e-06	50.1
g1539.t1	VFG026646(gb|WP_005058867)	27.338	139	87	4	175	301	345	481	2.12e-06	49.7
g1539.t1	VFG024741(gb|WP_012393569)	30.370	135	79	4	163	287	278	407	2.47e-06	49.7
g1539.t1	VFG029151(gb|WP_005059131)	33.673	98	53	3	197	284	359	454	2.64e-06	49.3
g1539.t1	VFG029288(gb|WP_015355157)	30.370	135	79	4	163	287	278	407	2.67e-06	49.7
g1539.t1	VFG022737(gb|YP_001702982)	27.338	139	87	4	175	301	345	481	3.32e-06	49.3
g1539.t1	VFG009550(gb|WP_011856111)	27.564	156	95	5	150	288	314	468	5.95e-06	48.5
g1539.t1	VFG009551(gb|WP_011560854)	33.721	86	52	2	207	288	384	468	8.81e-06	47.8
g2158.t1	VFG030400(gb|WP_081465621)	26.709	468	263	12	47	495	28	434	1.06e-32	131
g2158.t1	VFG030407(gb|WP_015294168)	26.096	456	245	19	62	495	46	431	1.59e-30	125
g2158.t1	VFG030404(gb|WP_015288454)	27.517	447	250	18	62	495	46	431	1.59e-30	125
g2158.t1	VFG030419(gb|WP_015345152)	26.682	446	255	16	62	495	46	431	2.33e-30	124
g2158.t1	VFG030405(gb|WP_015303741)	26.682	446	255	16	62	495	46	431	2.73e-30	124
g2158.t1	VFG030406(gb|WP_015291176)	27.293	447	251	18	62	495	46	431	3.05e-30	124
g2158.t1	VFG030411(gb|WP_015575278)	26.682	446	255	16	62	495	46	431	3.82e-30	124
g2158.t1	VFG030388(gb|NP_217605)	26.682	446	255	16	62	495	46	431	3.93e-30	124
g2158.t1	VFG030398(gb|WP_014001578)	26.682	446	255	16	62	495	46	431	5.25e-30	124
g2158.t1	VFG030399(gb|WP_012394321)	25.911	494	290	16	17	495	3	435	1.31e-28	119
g2158.t1	VFG029717(gb|YP_005923762)	25.261	574	333	21	67	599	108	626	4.11e-28	120
g2158.t1	VFG030408(gb|WP_015355418)	25.709	494	291	16	17	495	3	435	1.80e-27	116
g2158.t1	VFG030402(gb|WP_013470644)	27.400	500	274	19	17	495	4	435	3.37e-26	112
g2158.t1	VFG030387(gb|WP_015304695)	26.640	503	274	17	17	495	8	439	3.32e-24	106
g2158.t1	VFG022736(gb|WP_012395312)	26.180	466	272	14	58	506	75	485	1.04e-22	102
g2158.t1	VFG009546(gb|WP_071497738)	26.022	465	272	14	59	506	76	485	1.18e-22	102
g2158.t1	VFG026645(gb|WP_015356488)	26.180	466	272	14	58	506	75	485	1.29e-22	101
g2158.t1	VFG030421(gb|WP_179945037)	24.726	457	240	11	61	502	76	443	9.51e-22	99.0
g2158.t1	VFG009550(gb|WP_011856111)	26.543	486	272	20	25	486	47	471	7.63e-21	96.3
g2158.t1	VFG009551(gb|WP_011560854)	26.639	488	269	18	25	486	47	471	9.53e-21	95.9
g2158.t1	VFG030392(gb|WP_011725596)	25.499	451	231	11	61	495	76	437	1.49e-20	95.1
g2158.t1	VFG030416(gb|YP_007959092)	31.481	162	99	4	345	495	78	238	1.76e-20	92.8
g2158.t1	VFG009545(gb|WP_011724530)	27.719	469	272	18	54	506	71	488	2.74e-20	94.7
g2158.t1	VFG030403(gb|WP_170320575)	24.675	462	235	12	61	502	76	444	3.06e-20	94.4
g2158.t1	VFG009547(gb|WP_029104139)	27.629	485	270	19	47	506	52	480	4.65e-20	94.0
g2158.t1	VFG044187(gb|WP_011152546)	26.316	494	266	19	44	507	60	485	2.50e-19	91.7
g2158.t1	VFG022737(gb|YP_001702982)	25.105	478	278	17	50	506	74	492	4.30e-19	90.9
g2158.t1	VFG026646(gb|WP_005058867)	24.895	478	279	17	50	506	74	492	1.11e-18	89.7
g2158.t1	VFG026643(gb|WP_015290628)	25.322	466	271	15	62	506	87	496	1.16e-18	89.4
g2158.t1	VFG026640(gb|WP_016342530)	24.686	478	280	17	50	506	74	492	1.98e-18	88.6
g2158.t1	VFG022742(gb|WP_049793010)	26.383	470	271	16	59	506	73	489	2.96e-18	88.2
g2158.t1	VFG050021(gb|NP_391078)	22.436	468	277	18	59	502	64	469	3.20e-18	88.2
g2158.t1	VFG026642(gb|WP_015303464)	25.702	463	273	16	62	506	87	496	8.65e-18	86.7
g2158.t1	VFG026649(gb|WP_015575197)	25.702	463	269	15	64	506	84	491	9.00e-18	86.7
g2158.t1	VFG022739(gb|WP_014001248)	25.751	466	269	16	62	506	87	496	1.14e-17	86.3
g2158.t1	VFG001817(gb|NP_216900)	25.751	466	269	16	62	506	87	496	1.19e-17	86.3
g2158.t1	VFG024025(gb|WP_013471365)	25.474	475	257	16	65	506	92	502	1.47e-17	85.9
g2158.t1	VFG009548(gb|WP_011893571)	25.474	475	257	16	65	506	87	497	1.70e-17	85.9
g2158.t1	VFG015863(gb|WP_005894383)	24.116	481	273	13	46	502	27	439	1.72e-17	85.5
g2158.t1	VFG009549(gb|WP_011781018)	25.109	458	252	16	59	486	76	472	2.93e-17	85.1
g2158.t1	VFG026644(gb|WP_015293659)	25.536	466	270	16	62	506	87	496	6.90e-17	84.0
g2158.t1	VFG026660(gb|WP_020822192)	36.508	126	72	4	383	506	367	486	7.21e-17	84.0
g2158.t1	VFG024027(gb|WP_014711360)	36.508	126	72	4	383	506	367	486	7.34e-17	84.0
g2158.t1	VFG050016(gb|WP_000955358)	21.660	494	279	16	44	502	49	469	7.99e-17	83.6
g2158.t1	VFG050150(gb|WP_000955360)	21.660	494	279	16	44	502	49	469	1.13e-16	83.2
g2158.t1	VFG024026(gb|WP_014384379)	34.848	132	78	4	377	506	361	486	1.46e-16	82.8
g2158.t1	VFG024030(gb|WP_014379792)	34.848	132	78	4	377	506	361	486	1.51e-16	82.8
g2158.t1	VFG007203(gb|WP_011152543)	22.869	481	290	15	46	502	54	477	1.74e-16	82.8
g2158.t1	VFG007200(gb|WP_000205544)	22.960	527	341	18	54	563	59	537	1.78e-16	82.4
g2158.t1	VFG007202(gb|WP_011081753)	22.869	481	290	15	46	502	54	477	1.93e-16	82.4
g2158.t1	VFG044393(gb|AAF33134)	23.037	573	325	21	45	588	69	554	2.24e-16	82.4
g2158.t1	VFG024028(gb|WP_014382292)	34.091	132	79	4	377	506	361	486	5.60e-16	80.9
g2158.t1	VFG007201(gb|WP_000205542)	22.770	527	342	18	54	563	59	537	1.11e-15	80.1
g2158.t1	VFG050115(gb|WP_002081542)	23.265	490	281	21	21	470	115	549	1.95e-15	80.5
g2158.t1	VFG016064(gb|WP_010954996)	27.253	466	227	21	70	482	64	470	2.08e-15	80.5
g2158.t1	VFG050019(gb|WP_003185956)	33.784	148	84	5	368	502	323	469	6.24e-15	77.8
g2158.t1	VFG015826(gb|WP_012273396)	26.226	469	228	22	70	482	64	470	5.06e-14	75.9
g2158.t1	VFG048421(gb|WP_014837778)	31.737	167	95	6	352	502	307	470	5.33e-14	74.7
g2158.t1	VFG048422(gb|WP_014228360)	31.737	167	95	6	352	502	307	470	5.66e-14	74.7
g2158.t1	VFG016175(gb|WP_011168856)	23.769	467	276	16	61	506	58	465	1.51e-13	73.2
g2158.t1	VFG016059(gb|WP_012075639)	25.523	478	213	23	70	479	64	466	2.39e-13	73.6
g2158.t1	VFG026654(gb|YP_007958424)	25.445	393	220	15	131	506	11	347	2.43e-13	72.0
g2158.t1	VFG050023(gb|WP_000955356)	30.539	167	97	7	352	502	306	469	2.44e-13	72.8
g2158.t1	VFG012565(gb|WP_001088833)	23.241	469	304	12	46	506	40	460	3.25e-13	72.4
g2158.t1	VFG021860(gb|WP_011726611)	26.018	565	280	26	82	596	88	564	3.64e-13	73.2
g2158.t1	VFG016132(gb|WP_011061776)	23.291	468	275	19	59	502	69	476	4.04e-13	72.0
g2158.t1	VFG050017(gb|WP_000960113)	29.940	167	98	7	352	502	306	469	6.96e-13	71.2
g2158.t1	VFG050013(gb|WP_000955350)	29.940	167	98	7	352	502	306	469	9.20e-13	70.9
g2158.t1	VFG050022(gb|WP_000955347)	29.940	167	98	7	352	502	306	469	9.53e-13	70.9
g2158.t1	VFG050148(gb|WP_000955352)	29.940	167	98	7	352	502	306	469	1.00e-12	70.9
g2158.t1	VFG048427(gb|WP_004223595)	31.737	167	95	6	352	502	307	470	1.11e-12	70.5
g2158.t1	VFG048425(gb|YP_005225747)	31.737	167	95	6	352	502	307	470	1.17e-12	70.5
g2158.t1	VFG050114(gb|WP_000953496)	43.529	85	36	3	396	469	550	633	1.36e-12	71.2
g2158.t1	VFG034174(gb|WP_001088834)	22.642	477	297	12	46	506	40	460	1.54e-12	70.1
g2158.t1	VFG000168(gb|NP_252918)	34.711	121	66	4	394	502	360	479	1.61e-12	70.1
g2158.t1	VFG016065(gb|WP_012051699)	25.373	469	232	21	70	482	64	470	1.84e-12	70.9
g2158.t1	VFG012985(gb|WP_000026832)	23.830	470	272	19	59	502	62	471	1.88e-12	69.7
g2158.t1	VFG012566(gb|WP_001088828)	23.725	451	283	11	54	493	48	448	1.88e-12	69.7
g2158.t1	VFG016130(gb|WP_003137468)	34.711	121	66	4	394	502	360	479	1.93e-12	69.7
g2158.t1	VFG016062(gb|WP_165446461)	25.054	463	235	20	70	479	64	467	1.94e-12	70.9
g2158.t1	VFG020092(gb|WP_003118945)	34.711	121	66	4	394	502	360	479	1.97e-12	69.7
g2158.t1	VFG048430(gb|WP_012968726)	31.737	167	95	6	352	502	307	470	1.99e-12	69.7
g2158.t1	VFG050149(gb|WP_001972441)	29.341	167	99	7	352	502	306	469	2.06e-12	69.7
g2158.t1	VFG016063(gb|WP_166486371)	25.612	449	250	19	70	479	64	467	2.39e-12	70.5
g2158.t1	VFG030391(gb|WP_003875182)	34.194	155	90	5	352	495	284	437	2.61e-12	69.3
g2158.t1	VFG050018(gb|WP_000955353)	29.341	167	99	7	352	502	306	469	3.07e-12	69.3
g2158.t1	VFG044372(gb|AAL65279)	26.196	439	250	17	78	494	99	485	3.41e-12	69.3
g2158.t1	VFG048429(gb|WP_004183353)	31.138	167	96	6	352	502	307	470	3.57e-12	68.9
g2158.t1	VFG048428(gb|WP_012068426)	31.138	167	96	6	352	502	307	470	3.90e-12	68.9
g2158.t1	VFG000932(gb|WP_000026784)	23.849	478	262	19	59	502	62	471	4.53e-12	68.6
g2158.t1	VFG016129(gb|WP_003157555)	34.711	121	66	4	394	502	360	479	4.87e-12	68.6
g2158.t1	VFG048424(gb|WP_012542486)	31.138	167	96	6	352	502	307	470	5.11e-12	68.6
g2158.t1	VFG034160(gb|WP_001088819)	23.503	451	284	11	54	493	48	448	5.19e-12	68.6
g2158.t1	VFG034165(gb|WP_001088818)	22.993	461	299	12	54	506	48	460	5.24e-12	68.6
g2158.t1	VFG034164(gb|WP_001088823)	23.438	448	288	11	54	493	48	448	6.92e-12	68.2
g2158.t1	VFG000359(gb|WP_001088826)	23.503	451	284	11	54	493	48	448	7.17e-12	67.8
g2158.t1	VFG048594(gb|YP_005227770)	23.503	451	284	11	54	493	48	448	7.17e-12	67.8
g2158.t1	VFG012564(gb|WP_001088826)	23.503	451	284	11	54	493	48	448	7.17e-12	67.8
g2158.t1	VFG016174(gb|WP_011104104)	34.965	143	76	5	394	520	342	483	8.34e-12	67.8
g2158.t1	VFG034175(gb|WP_001089765)	23.438	448	288	11	54	493	48	448	8.77e-12	67.8
g2158.t1	VFG012988(gb|WP_000026772)	33.663	101	65	2	403	502	372	471	9.94e-12	67.4
g2158.t1	VFG012986(gb|NP_706449)	33.663	101	65	2	403	502	372	471	1.00e-11	67.4
g2158.t1	VFG044332(gb|WP_015874967)	23.503	451	284	11	54	493	48	448	1.51e-11	67.0
g2158.t1	VFG034170(gb|WP_001088812)	23.110	463	271	13	54	493	48	448	1.57e-11	67.0
g2158.t1	VFG012989(gb|WP_000026762)	33.663	101	65	2	403	502	372	471	2.12e-11	66.6
g2158.t1	VFG048593(gb|WP_014907267)	23.476	443	284	11	59	493	53	448	2.17e-11	66.6
g2158.t1	VFG012990(gb|WP_000026810)	33.663	101	65	2	403	502	372	471	2.29e-11	66.2
g2158.t1	VFG044367(gb|WP_013318791)	24.000	475	297	18	53	509	56	484	2.34e-11	66.2
g2158.t1	VFG048591(gb|WP_014229386)	23.702	443	283	11	59	493	53	448	3.08e-11	65.9
g2158.t1	VFG003500(gb|WP_005168666)	22.538	457	271	13	59	493	53	448	6.87e-11	64.7
g2158.t1	VFG034168(gb|WP_001088830)	23.282	451	285	11	54	493	48	448	1.61e-10	63.5
g2158.t1	VFG044423(gb|AAW66009)	23.195	457	292	16	59	502	68	478	3.07e-10	62.8
g2158.t1	VFG048576(gb|WP_014838501)	24.470	519	315	17	50	553	596	1052	8.28e-10	62.0
g2158.t1	VFG011609(gb|WP_006191558)	28.667	150	89	7	368	502	327	473	8.68e-10	61.2
g2158.t1	VFG018292(gb|WP_004692639)	28.667	150	89	7	368	502	327	473	8.91e-10	61.2
g2158.t1	VFG044413(gb|AAR12528)	23.770	488	269	18	52	510	485	898	1.46e-09	61.2
g2158.t1	VFG029166(gb|WP_020822587)	24.786	351	170	13	166	479	139	432	2.36e-09	60.1
g2158.t1	VFG022399(gb|WP_013829512)	24.835	455	256	18	70	479	64	477	2.71e-09	59.7
g2158.t1	VFG024048(gb|WP_014942139)	24.828	435	222	16	92	479	56	432	3.26e-09	59.7
g2158.t1	VFG029705(gb|WP_016893944)	28.090	445	215	18	50	469	494	858	3.45e-09	60.1
g2158.t1	VFG011606(gb|WP_011005507)	27.027	148	94	6	368	502	327	473	4.04e-09	59.3
g2158.t1	VFG011610(gb|WP_006014905)	28.000	150	90	7	368	502	327	473	4.18e-09	59.3
g2158.t1	VFG019335(gb|WP_004686826)	27.027	148	94	6	368	502	327	473	4.29e-09	59.3
g2158.t1	VFG011607(gb|WP_002969261)	27.027	148	94	6	368	502	327	473	4.33e-09	59.3
g2158.t1	VFG015827(gb|WP_012315395)	36.275	102	48	5	396	482	371	470	4.60e-09	59.7
g2158.t1	VFG007775(gb|WP_011894256)	22.649	521	307	20	17	479	7	489	7.43e-09	58.5
g2158.t1	VFG016066(gb|WP_011533065)	36.538	104	49	6	394	482	369	470	1.25e-08	58.5
g2158.t1	VFG015906(gb|WP_011267825)	30.723	166	94	2	46	211	12412	12556	1.73e-08	57.8
g2158.t1	VFG015906(gb|WP_011267825)	28.824	170	102	3	46	215	2723	2873	2.94e-06	50.8
g2158.t1	VFG015906(gb|WP_011267825)	30.000	170	100	4	46	215	1650	1800	5.06e-06	50.1
g2158.t1	VFG015906(gb|WP_011267825)	29.560	159	90	3	50	208	9234	9370	6.05e-06	49.7
g2158.t1	VFG015906(gb|WP_011267825)	30.675	163	94	4	46	208	7067	7210	8.28e-06	49.3
g2158.t1	VFG029151(gb|WP_005059131)	23.423	333	185	13	184	479	155	454	1.88e-08	57.0
g2158.t1	VFG048578(gb|WP_014907269)	23.748	539	292	19	50	549	596	1054	2.44e-08	57.4
g2158.t1	VFG022767(gb|WP_013828468)	26.349	315	184	12	183	479	155	439	4.07e-08	55.8
g2158.t1	VFG021822(gb|WP_011779183)	36.170	94	43	4	397	479	348	435	4.71e-08	55.8
g2158.t1	VFG007773(gb|WP_010908857)	24.729	461	252	23	70	479	64	480	4.98e-08	55.8
g2158.t1	VFG021819(gb|WP_011725106)	24.706	340	179	15	182	494	157	446	6.97e-08	55.1
g2158.t1	VFG024748(gb|NP_217464)	23.175	315	157	11	188	479	152	404	9.26e-08	55.1
g2158.t1	VFG015904(gb|WP_164920479)	30.726	179	107	5	52	230	1585	1746	1.23e-07	55.1
g2158.t1	VFG015904(gb|WP_164920479)	29.630	162	84	4	40	198	2669	2803	6.02e-06	49.7
g2158.t1	VFG020077(gb|WP_015885148)	34.653	101	49	4	394	479	362	460	1.24e-07	55.1
g2158.t1	VFG024743(gb|WP_014001501)	23.175	315	157	11	188	479	152	404	1.45e-07	54.3
g2158.t1	VFG029690(gb|YP_001704826)	25.000	444	230	14	50	469	494	858	1.71e-07	54.7
g2158.t1	VFG029301(gb|YP_005924089)	22.857	315	158	11	188	479	152	404	1.77e-07	54.3
g2158.t1	VFG029285(gb|WP_015303654)	27.612	134	82	4	356	479	276	404	2.21e-07	53.9
g2158.t1	VFG016058(gb|NP_251114)	41.026	78	38	5	408	479	391	466	2.52e-07	53.9
g2158.t1	VFG029286(gb|WP_015291069)	23.175	315	157	11	188	479	152	404	3.22e-07	53.5
g2158.t1	VFG021821(gb|WP_011895254)	34.513	113	52	5	383	479	328	434	3.32e-07	53.1
g2158.t1	VFG029287(gb|WP_015294050)	23.175	315	157	11	188	479	152	404	3.34e-07	53.1
g2158.t1	VFG029297(gb|YP_007958950)	22.857	315	158	11	188	479	152	404	3.47e-07	53.1
g2158.t1	VFG016067(gb|WP_011062464)	40.278	72	37	3	412	479	398	467	3.51e-07	53.5
g2158.t1	VFG020073(gb|WP_043205221)	23.061	490	271	15	62	512	2027	2449	3.94e-07	53.5
g2158.t1	VFG016068(gb|WP_011335255)	41.667	72	36	3	412	479	393	462	5.15e-07	53.1
g2158.t1	VFG016061(gb|WP_162839071)	34.653	101	49	5	394	479	369	467	6.05e-07	52.8
g2158.t1	VFG015911(gb|WP_011267820)	23.179	453	254	15	66	493	67	450	6.42e-07	52.4
g2158.t1	VFG015905(gb|WP_164920559)	29.609	179	106	4	46	223	575	734	6.83e-07	52.8
g2158.t1	VFG020074(gb|WP_012614121)	39.744	78	39	5	408	479	391	466	7.43e-07	52.8
g2158.t1	VFG016060(gb|WP_003139218)	39.744	78	39	5	408	479	391	466	7.43e-07	52.8
g2158.t1	VFG024769(gb|WP_085979885)	28.205	195	103	8	412	592	402	573	7.44e-07	52.0
g2158.t1	VFG044429(gb|CAJ45636)	29.752	121	72	4	394	502	359	478	9.19e-07	51.6
g2158.t1	VFG015908(gb|WP_164920478)	28.488	172	100	3	46	216	5895	6044	1.10e-06	52.0
g2158.t1	VFG015908(gb|WP_164920478)	29.193	161	97	3	46	206	4828	4971	7.24e-06	49.3
g2158.t1	VFG024746(gb|WP_010907553)	21.637	342	181	10	166	479	122	404	1.14e-06	51.6
g2158.t1	VFG008954(gb|WP_015303641)	22.326	645	355	28	17	592	7	574	1.32e-06	51.2
g2158.t1	VFG008955(gb|WP_015291054)	22.326	645	355	28	17	592	7	574	1.34e-06	51.2
g2158.t1	VFG029323(gb|WP_015291071)	42.466	73	29	3	412	472	402	473	1.45e-06	51.2
g2158.t1	VFG024770(gb|WP_003912041)	42.466	73	29	3	412	472	402	473	1.47e-06	51.2
g2158.t1	VFG029322(gb|WP_015303655)	42.466	73	29	3	412	472	402	473	1.48e-06	51.2
g2158.t1	VFG024771(gb|WP_010950805)	42.466	73	29	3	412	472	402	473	1.51e-06	51.2
g2158.t1	VFG007771(gb|WP_003904960)	22.326	645	355	28	17	592	7	574	1.59e-06	50.8
g2158.t1	VFG024776(gb|NP_217466)	42.466	73	29	3	412	472	439	510	1.72e-06	50.8
g2158.t1	VFG007822(gb|WP_011740066)	22.718	493	311	20	26	479	17	478	1.97e-06	50.8
g2158.t1	VFG024047(gb|WP_013472309)	39.362	94	39	6	397	479	348	434	2.06e-06	50.4
g2158.t1	VFG022393(gb|WP_012393572)	22.921	493	310	21	26	479	17	478	2.09e-06	50.4
g2158.t1	VFG024782(gb|WP_094987164)	27.692	195	104	8	412	592	402	573	2.17e-06	50.4
g2158.t1	VFG022387(gb|WP_003910673)	22.326	645	355	28	17	592	7	574	2.17e-06	50.4
g2158.t1	VFG029325(gb|WP_085981911)	27.692	195	104	8	412	592	402	573	2.41e-06	50.4
g2158.t1	VFG008953(gb|WP_014001491)	22.326	645	355	28	17	592	7	574	2.51e-06	50.4
g2158.t1	VFG001407(gb|NP_217446)	22.171	645	356	28	17	592	7	574	2.54e-06	50.4
g2158.t1	VFG008956(gb|WP_015294037)	22.107	579	327	24	70	592	64	574	4.22e-06	49.7
g2158.t1	VFG022735(gb|WP_013828465)	26.279	430	203	20	66	460	595	945	5.77e-06	49.7
g2158.t1	VFG029733(gb|WP_020822858)	28.994	169	96	4	50	218	1568	1712	5.83e-06	49.7
g2158.t1	VFG007776(gb|WP_011780336)	38.750	80	35	4	412	479	412	489	7.19e-06	48.9
g2158.t1	VFG044420(gb|AAR12562)	26.613	124	78	3	391	502	361	483	7.55e-06	48.9
g2158.t1	VFG008977(gb|WP_041299017)	22.515	493	312	20	26	479	17	478	8.25e-06	48.5
g2158.t1	VFG049154(gb|WP_014907257)	28.061	196	113	6	16	208	984	1154	9.68e-06	48.9
g2158.t1	VFG043687(gb|WP_001304254)	28.061	196	113	6	16	208	984	1154	9.84e-06	48.9
g1637.t1	VFG030387(gb|WP_015304695)	29.454	421	234	14	61	456	57	439	1.47e-35	139
g1637.t1	VFG030400(gb|WP_081465621)	28.702	439	261	10	38	456	28	434	1.22e-33	134
g1637.t1	VFG029717(gb|YP_005923762)	26.755	527	323	18	61	541	111	620	1.83e-32	132
g1637.t1	VFG030407(gb|WP_015294168)	27.802	464	272	14	14	456	10	431	6.87e-31	125
g1637.t1	VFG030405(gb|WP_015303741)	26.998	463	277	13	14	456	10	431	9.13e-31	125
g1637.t1	VFG030402(gb|WP_013470644)	28.090	445	257	12	37	456	29	435	1.70e-30	124
g1637.t1	VFG030406(gb|WP_015291176)	28.139	462	273	15	14	456	10	431	3.35e-30	124
g1637.t1	VFG030419(gb|WP_015345152)	26.998	463	277	13	14	456	10	431	4.05e-30	123
g1637.t1	VFG030411(gb|WP_015575278)	26.998	463	277	13	14	456	10	431	4.37e-30	123
g1637.t1	VFG030404(gb|WP_015288454)	27.155	464	275	15	14	456	10	431	4.84e-30	123
g1637.t1	VFG030388(gb|NP_217605)	26.998	463	277	13	14	456	10	431	4.98e-30	123
g1637.t1	VFG030398(gb|WP_014001578)	27.468	466	271	15	14	456	10	431	6.36e-30	123
g1637.t1	VFG030399(gb|WP_012394321)	26.383	470	275	14	14	456	10	435	4.75e-26	111
g1637.t1	VFG030408(gb|WP_015355418)	26.866	469	274	15	14	456	10	435	2.19e-25	109
g1637.t1	VFG030421(gb|WP_179945037)	25.862	464	264	16	9	456	37	436	2.58e-22	100
g1637.t1	VFG030403(gb|WP_170320575)	25.696	467	262	18	9	456	37	437	3.22e-20	94.0
g1637.t1	VFG030392(gb|WP_011725596)	25.053	475	255	16	9	456	37	437	3.35e-19	90.9
g1637.t1	VFG016129(gb|WP_003157555)	26.998	463	278	15	18	456	46	472	3.79e-19	90.9
g1637.t1	VFG016130(gb|WP_003137468)	26.013	469	275	17	18	456	46	472	4.63e-18	87.4
g1637.t1	VFG020092(gb|WP_003118945)	26.013	469	275	17	18	456	46	472	5.20e-18	87.0
g1637.t1	VFG016175(gb|WP_011168856)	27.097	465	276	16	17	456	28	454	7.83e-18	86.7
g1637.t1	VFG016065(gb|WP_012051699)	26.667	495	283	18	35	492	2201	2652	8.05e-18	87.8
g1637.t1	VFG016065(gb|WP_012051699)	25.061	411	237	18	82	460	3774	4145	8.56e-07	52.4
g1637.t1	VFG000168(gb|NP_252918)	25.577	477	283	17	10	456	38	472	2.32e-17	85.1
g1637.t1	VFG016064(gb|WP_010954996)	25.882	510	304	18	35	502	2201	2678	8.23e-17	84.7
g1637.t1	VFG016064(gb|WP_010954996)	24.818	411	238	18	82	460	3774	4145	5.78e-07	52.8
g1637.t1	VFG026646(gb|WP_005058867)	25.951	447	272	16	37	456	67	481	2.13e-16	82.0
g1637.t1	VFG026640(gb|WP_016342530)	25.951	447	272	16	37	456	67	481	2.45e-16	82.0
g1637.t1	VFG022742(gb|WP_049793010)	26.427	473	275	22	8	446	35	468	7.59e-16	80.5
g1637.t1	VFG016132(gb|WP_011061776)	24.775	444	284	12	35	456	54	469	1.09e-15	80.1
g1637.t1	VFG015863(gb|WP_005894383)	24.888	446	292	16	27	456	14	432	1.41e-15	79.3
g1637.t1	VFG015826(gb|WP_012273396)	25.558	493	291	18	35	492	2201	2652	1.74e-15	80.1
g1637.t1	VFG015826(gb|WP_012273396)	26.163	344	193	15	148	460	3832	4145	5.44e-06	49.7
g1637.t1	VFG030391(gb|WP_003875182)	24.632	475	257	16	9	456	37	437	1.94e-15	79.0
g1637.t1	VFG044187(gb|WP_011152546)	24.843	479	288	18	6	454	35	471	2.55e-15	78.6
g1637.t1	VFG016068(gb|WP_011335255)	25.451	499	282	16	35	493	2209	2657	3.06e-15	79.3
g1637.t1	VFG016068(gb|WP_011335255)	25.000	484	242	18	10	443	1129	1541	3.17e-10	63.2
g1637.t1	VFG020077(gb|WP_015885148)	25.726	482	296	15	35	493	2191	2633	4.51e-15	79.0
g1637.t1	VFG020077(gb|WP_015885148)	30.818	159	91	5	37	192	1142	1284	2.32e-07	53.9
g1637.t1	VFG022737(gb|YP_001702982)	25.670	448	272	18	37	456	67	481	5.62e-15	77.8
g1637.t1	VFG009551(gb|WP_011560854)	26.282	468	282	17	8	446	37	470	7.70e-15	77.4
g1637.t1	VFG007202(gb|WP_011081753)	24.724	453	280	16	33	456	50	470	7.77e-15	77.0
g1637.t1	VFG009545(gb|WP_011724530)	25.319	470	293	18	11	455	40	476	8.15e-15	77.0
g1637.t1	VFG016037(gb|WP_011062375)	24.896	482	295	19	35	492	1608	2046	1.02e-14	77.8
g1637.t1	VFG024030(gb|WP_014379792)	25.581	473	286	16	11	455	40	474	1.06e-14	76.6
g1637.t1	VFG024026(gb|WP_014384379)	25.581	473	286	16	11	455	40	474	1.11e-14	76.6
g1637.t1	VFG015827(gb|WP_012315395)	25.631	515	306	18	11	494	2182	2650	1.15e-14	77.8
g1637.t1	VFG015827(gb|WP_012315395)	29.843	191	110	6	5	192	1124	1293	6.00e-09	59.3
g1637.t1	VFG026660(gb|WP_020822192)	26.124	467	291	17	11	455	40	474	1.28e-14	76.6
g1637.t1	VFG024027(gb|WP_014711360)	26.124	467	291	17	11	455	40	474	1.34e-14	76.6
g1637.t1	VFG016174(gb|WP_011104104)	25.280	447	272	12	37	456	43	454	1.47e-14	76.3
g1637.t1	VFG016182(gb|WP_011104107)	26.233	446	249	18	10	427	570	963	1.62e-14	77.0
g1637.t1	VFG016131(gb|WP_011533708)	27.302	315	179	13	162	456	182	466	1.68e-14	76.3
g1637.t1	VFG048422(gb|WP_014228360)	26.797	306	192	9	162	455	177	462	2.12e-14	75.9
g1637.t1	VFG048421(gb|WP_014837778)	26.797	306	192	9	162	455	177	462	2.49e-14	75.5
g1637.t1	VFG016066(gb|WP_011533065)	25.462	487	295	18	37	492	2201	2650	2.57e-14	76.6
g1637.t1	VFG016066(gb|WP_011533065)	28.638	213	92	6	1	192	1118	1291	9.89e-07	52.0
g1637.t1	VFG007203(gb|WP_011152543)	24.891	458	273	18	33	456	50	470	3.00e-14	75.5
g1637.t1	VFG016042(gb|WP_161440564)	23.951	572	315	18	35	555	534	1036	3.25e-14	76.3
g1637.t1	VFG016042(gb|WP_161440564)	25.455	495	289	20	37	492	1594	2047	2.36e-09	60.5
g1637.t1	VFG050043(gb|NP_391076)	22.687	454	267	12	36	455	483	886	3.36e-14	76.3
g1637.t1	VFG050043(gb|NP_391076)	24.729	461	269	18	35	455	1538	1960	4.97e-13	72.4
g1637.t1	VFG015905(gb|WP_164920559)	25.919	571	295	25	35	555	4886	5378	3.88e-14	75.9
g1637.t1	VFG015905(gb|WP_164920559)	25.280	447	256	15	37	456	1654	2049	2.02e-13	73.6
g1637.t1	VFG015905(gb|WP_164920559)	24.229	454	268	12	35	455	3800	4210	1.70e-10	64.3
g1637.t1	VFG015905(gb|WP_164920559)	24.124	485	294	17	35	492	573	1010	1.80e-09	60.8
g1637.t1	VFG016045(gb|WP_011062374)	25.156	481	291	19	37	492	531	967	4.17e-14	75.9
g1637.t1	VFG016045(gb|WP_011062374)	23.841	453	273	14	35	457	2034	2444	3.82e-11	66.2
g1637.t1	VFG044393(gb|AAF33134)	23.173	479	331	16	5	467	43	500	4.30e-14	75.1
g1637.t1	VFG044423(gb|AAW66009)	22.458	472	318	12	5	456	28	471	4.31e-14	74.7
g1637.t1	VFG009550(gb|WP_011856111)	26.068	468	283	17	8	446	37	470	4.50e-14	74.7
g1637.t1	VFG024028(gb|WP_014382292)	25.370	473	287	16	11	455	40	474	5.00e-14	74.7
g1637.t1	VFG015906(gb|WP_011267825)	23.799	458	265	13	37	456	5976	6387	5.06e-14	75.5
g1637.t1	VFG015906(gb|WP_011267825)	24.348	460	272	15	33	456	10272	10691	2.13e-13	73.6
g1637.t1	VFG015906(gb|WP_011267825)	26.281	449	257	18	35	456	2721	3122	3.66e-13	72.8
g1637.t1	VFG015906(gb|WP_011267825)	26.652	454	245	19	35	456	7065	7462	1.71e-12	70.9
g1637.t1	VFG015906(gb|WP_011267825)	24.806	516	314	15	35	522	8140	8609	5.01e-12	69.3
g1637.t1	VFG015906(gb|WP_011267825)	24.558	452	270	14	35	455	3799	4210	1.59e-11	67.8
g1637.t1	VFG015906(gb|WP_011267825)	26.327	452	245	19	35	454	9225	9620	4.73e-11	66.2
g1637.t1	VFG015906(gb|WP_011267825)	24.390	451	259	16	35	456	1648	2045	5.66e-11	65.9
g1637.t1	VFG015906(gb|WP_011267825)	24.342	456	262	12	37	455	4888	5297	1.14e-09	61.6
g1637.t1	VFG015906(gb|WP_011267825)	25.234	428	256	14	37	443	576	960	1.81e-08	57.8
g1637.t1	VFG015906(gb|WP_011267825)	23.179	453	267	14	35	456	12410	12812	3.18e-07	53.5
g1637.t1	VFG015906(gb|WP_011267825)	22.658	459	281	12	33	456	11340	11759	4.42e-06	50.1
g1637.t1	VFG050019(gb|WP_003185956)	24.545	440	282	12	37	455	51	461	5.21e-14	74.7
g1637.t1	VFG015908(gb|WP_164920478)	25.450	444	253	16	35	444	4826	5225	9.08e-14	74.7
g1637.t1	VFG015908(gb|WP_164920478)	23.581	458	266	13	37	456	1589	2000	1.79e-13	73.9
g1637.t1	VFG015908(gb|WP_164920478)	23.581	458	266	13	37	456	499	910	1.16e-12	71.2
g1637.t1	VFG015908(gb|WP_164920478)	23.684	456	276	14	35	456	3758	4175	4.04e-12	69.3
g1637.t1	VFG015908(gb|WP_164920478)	23.967	484	298	17	4	460	8022	8462	1.04e-08	58.5
g1637.t1	VFG015908(gb|WP_164920478)	22.944	462	276	14	33	456	2669	3088	3.41e-08	56.6
g1637.t1	VFG015908(gb|WP_164920478)	24.948	481	271	21	19	457	6940	7372	7.40e-07	52.4
g1637.t1	VFG015908(gb|WP_164920478)	30.380	158	87	5	35	187	5893	6032	4.43e-06	50.1
g1637.t1	VFG015823(gb|WP_012315380)	26.281	449	253	18	37	455	537	937	9.18e-14	74.7
g1637.t1	VFG015823(gb|WP_012315380)	23.297	455	284	16	64	492	2049	2464	5.10e-08	56.2
g1637.t1	VFG020071(gb|WP_012723748)	25.615	488	270	21	10	456	507	942	1.83e-13	73.9
g1637.t1	VFG020071(gb|WP_012723748)	25.270	463	261	17	35	460	1590	2004	4.68e-08	56.2
g1637.t1	VFG048425(gb|YP_005225747)	26.129	310	191	8	161	455	176	462	2.33e-13	72.4
g1637.t1	VFG048427(gb|WP_004223595)	26.129	310	191	8	161	455	176	462	2.40e-13	72.4
g1637.t1	VFG009548(gb|WP_011893571)	26.154	325	198	8	149	455	185	485	2.55e-13	72.4
g1637.t1	VFG024025(gb|WP_013471365)	26.154	325	198	8	149	455	190	490	3.20e-13	72.0
g1637.t1	VFG016043(gb|WP_011666644)	25.474	475	274	16	35	479	2012	2436	3.68e-13	72.8
g1637.t1	VFG030416(gb|YP_007959092)	32.934	167	97	6	303	456	74	238	4.61e-13	70.5
g1637.t1	VFG050044(gb|WP_001133941)	22.314	484	288	17	7	455	459	889	4.89e-13	72.4
g1637.t1	VFG000932(gb|WP_000026784)	27.961	304	175	11	161	446	177	454	6.19e-13	71.2
g1637.t1	VFG048424(gb|WP_012542486)	25.325	308	196	8	161	455	176	462	6.63e-13	71.2
g1637.t1	VFG016059(gb|WP_012075639)	24.850	499	262	16	9	460	1130	1562	8.46e-13	71.6
g1637.t1	VFG016059(gb|WP_012075639)	24.505	555	314	25	1	484	1	521	9.28e-09	58.5
g1637.t1	VFG016059(gb|WP_012075639)	23.790	496	296	17	35	494	2210	2659	9.86e-09	58.5
g1637.t1	VFG016059(gb|WP_012075639)	24.694	490	279	21	3	450	3705	4146	1.89e-07	54.3
g1637.t1	VFG048428(gb|WP_012068426)	25.806	310	192	8	161	455	176	462	9.00e-13	70.5
g1637.t1	VFG048429(gb|WP_004183353)	25.806	310	192	8	161	455	176	462	9.16e-13	70.5
g1637.t1	VFG018292(gb|WP_004692639)	24.281	313	193	9	161	456	181	466	9.40e-13	70.5
g1637.t1	VFG011606(gb|WP_011005507)	24.281	313	193	9	161	456	181	466	9.56e-13	70.5
g1637.t1	VFG037315(gb|WP_000744371)	24.127	315	191	11	161	456	184	469	9.96e-13	70.5
g1637.t1	VFG011609(gb|WP_006191558)	24.281	313	193	9	161	456	181	466	9.99e-13	70.5
g1637.t1	VFG019335(gb|WP_004686826)	24.281	313	193	9	161	456	181	466	1.01e-12	70.5
g1637.t1	VFG021860(gb|WP_011726611)	26.794	418	245	15	64	454	79	462	1.02e-12	71.2
g1637.t1	VFG037314(gb|WP_000744369)	24.127	315	191	11	161	456	184	469	1.10e-12	70.5
g1637.t1	VFG011610(gb|WP_006014905)	24.281	313	193	9	161	456	181	466	1.10e-12	70.5
g1637.t1	VFG009547(gb|WP_029104139)	25.767	489	292	20	38	494	52	501	1.16e-12	70.5
g1637.t1	VFG011607(gb|WP_002969261)	24.281	313	193	9	161	456	181	466	1.20e-12	70.1
g1637.t1	VFG044429(gb|CAJ45636)	22.246	472	319	12	5	456	28	471	1.23e-12	70.1
g1637.t1	VFG037320(gb|WP_020753358)	24.127	315	191	11	161	456	184	469	1.54e-12	70.1
g1637.t1	VFG044367(gb|WP_013318791)	27.063	303	199	9	161	456	178	465	1.64e-12	69.7
g1637.t1	VFG012989(gb|WP_000026762)	27.632	304	176	11	161	446	177	454	1.67e-12	69.7
g1637.t1	VFG012985(gb|WP_000026832)	27.632	304	176	11	161	446	177	454	1.83e-12	69.7
g1637.t1	VFG050045(gb|WP_001133952)	21.429	476	302	14	7	455	459	889	1.86e-12	70.5
g1637.t1	VFG048430(gb|WP_012968726)	25.649	308	195	8	161	455	176	462	1.88e-12	69.7
g1637.t1	VFG012988(gb|WP_000026772)	27.653	311	179	12	156	446	170	454	2.05e-12	69.7
g1637.t1	VFG015822(gb|WP_190273339)	24.615	520	290	21	35	501	1101	1571	2.10e-12	70.1
g1637.t1	VFG015822(gb|WP_190273339)	23.913	552	301	22	37	532	64	552	5.37e-10	62.4
g1637.t1	VFG012986(gb|NP_706449)	27.653	311	179	12	156	446	170	454	2.11e-12	69.3
g1637.t1	VFG009491(gb|WP_011729886)	23.841	453	247	18	37	455	512	900	2.23e-12	70.1
g1637.t1	VFG037322(gb|WP_000744367)	24.127	315	191	11	161	456	184	469	2.52e-12	69.3
g1637.t1	VFG050017(gb|WP_000960113)	21.995	441	296	11	35	455	49	461	3.11e-12	68.9
g1637.t1	VFG016119(gb|WP_011061772)	25.314	478	281	18	10	458	521	951	3.36e-12	69.7
g1637.t1	VFG037317(gb|YP_001085402)	23.975	317	189	12	161	456	155	440	3.41e-12	68.9
g1637.t1	VFG024001(gb|WP_013471370)	24.138	464	261	17	38	471	509	911	4.22e-12	69.3
g1637.t1	VFG016061(gb|WP_162839071)	23.846	520	307	17	11	493	2197	2664	4.32e-12	69.3
g1637.t1	VFG016061(gb|WP_162839071)	23.002	513	323	18	9	493	3727	4195	3.03e-10	63.5
g1637.t1	VFG016061(gb|WP_162839071)	27.869	183	113	5	37	216	1161	1327	1.03e-06	52.0
g1637.t1	VFG050016(gb|WP_000955358)	22.273	440	292	13	37	455	51	461	4.49e-12	68.6
g1637.t1	VFG009492(gb|WP_011893576)	24.138	464	261	17	38	471	509	911	4.56e-12	69.3
g1637.t1	VFG050035(gb|WP_001133943)	21.901	484	290	17	7	455	459	889	4.82e-12	69.3
g1637.t1	VFG049157(gb|WP_014907259)	23.444	482	296	14	20	475	1276	1710	8.16e-12	68.6
g1637.t1	VFG009495(gb|WP_011560849)	24.709	429	216	17	38	427	518	878	8.17e-12	68.2
g1637.t1	VFG043684(gb|WP_000222467)	23.444	482	296	14	20	475	1276	1710	8.24e-12	68.6
g1637.t1	VFG020074(gb|WP_012614121)	24.400	500	263	17	9	460	1130	1562	1.00e-11	68.2
g1637.t1	VFG020074(gb|WP_012614121)	24.131	489	303	16	35	494	2210	2659	1.21e-11	67.8
g1637.t1	VFG020074(gb|WP_012614121)	24.359	546	326	24	1	484	1	521	5.68e-08	55.8
g1637.t1	VFG020074(gb|WP_012614121)	24.704	506	278	22	3	458	3705	4157	3.81e-07	53.5
g1637.t1	VFG016058(gb|NP_251114)	24.335	489	302	16	35	494	2210	2659	1.00e-11	68.2
g1637.t1	VFG016058(gb|NP_251114)	24.346	497	261	17	12	460	1133	1562	1.58e-11	67.4
g1637.t1	VFG016058(gb|NP_251114)	24.359	546	326	24	1	484	1	521	6.91e-08	55.8
g1637.t1	VFG016058(gb|NP_251114)	24.704	506	278	22	3	458	3705	4157	4.36e-07	53.1
g1637.t1	VFG016060(gb|WP_003139218)	24.346	497	261	17	12	460	1133	1562	1.01e-11	68.2
g1637.t1	VFG016060(gb|WP_003139218)	24.335	489	302	16	35	494	2210	2659	1.13e-11	68.2
g1637.t1	VFG016060(gb|WP_003139218)	23.971	559	312	24	1	484	1	521	2.11e-07	54.3
g1637.t1	VFG016060(gb|WP_003139218)	24.704	506	278	22	3	458	3705	4157	3.47e-07	53.5
g1637.t1	VFG037313(gb|WP_000744364)	23.492	315	193	11	161	456	184	469	1.16e-11	67.0
g1637.t1	VFG037316(gb|WP_000744381)	23.492	315	193	11	161	456	184	469	1.23e-11	67.0
g1637.t1	VFG034164(gb|WP_001088823)	25.490	306	182	9	169	456	172	449	1.26e-11	67.0
g1637.t1	VFG050021(gb|NP_391078)	23.288	438	290	12	38	456	52	462	1.30e-11	67.0
g1637.t1	VFG012990(gb|WP_000026810)	27.483	302	179	11	161	446	177	454	1.34e-11	67.0
g1637.t1	VFG020069(gb|WP_148235954)	26.829	451	256	18	35	457	3548	3952	1.37e-11	67.8
g1637.t1	VFG020069(gb|WP_148235954)	35.526	152	82	4	35	184	2035	2172	1.15e-10	64.7
g1637.t1	VFG009494(gb|WP_011856106)	24.070	457	239	18	38	455	518	905	1.47e-11	67.4
g1637.t1	VFG050041(gb|WP_011198384)	24.544	493	293	19	3	455	1509	1962	1.97e-11	67.0
g1637.t1	VFG050041(gb|WP_011198384)	22.819	447	271	14	37	455	486	886	1.08e-09	61.6
g1637.t1	VFG048593(gb|WP_014907267)	25.490	306	182	9	169	456	172	449	2.04e-11	66.2
g1637.t1	VFG050155(gb|WP_001972445)	21.561	487	292	16	5	455	457	889	2.24e-11	67.0
g1637.t1	VFG009549(gb|WP_011781018)	25.338	296	179	8	169	446	200	471	2.47e-11	66.2
g1637.t1	VFG034168(gb|WP_001088830)	25.490	306	182	9	169	456	172	449	2.50e-11	66.2
g1637.t1	VFG044332(gb|WP_015874967)	25.490	306	182	9	169	456	172	449	2.54e-11	65.9
g1637.t1	VFG000359(gb|WP_001088826)	25.490	306	182	9	169	456	172	449	2.68e-11	65.9
g1637.t1	VFG048594(gb|YP_005227770)	25.490	306	182	9	169	456	172	449	2.68e-11	65.9
g1637.t1	VFG034175(gb|WP_001089765)	25.490	306	182	9	169	456	172	449	2.68e-11	65.9
g1637.t1	VFG034165(gb|WP_001088818)	25.490	306	182	9	169	456	172	449	2.68e-11	65.9
g1637.t1	VFG012564(gb|WP_001088826)	25.490	306	182	9	169	456	172	449	2.68e-11	65.9
g1637.t1	VFG034160(gb|WP_001088819)	25.490	306	182	9	169	456	172	449	2.88e-11	65.9
g1637.t1	VFG016038(gb|NP_251090)	25.904	498	280	19	35	492	499	947	2.96e-11	66.6
g1637.t1	VFG050156(gb|WP_001133891)	22.124	452	272	15	37	455	485	889	3.05e-11	66.6
g1637.t1	VFG016040(gb|WP_078463717)	25.904	498	280	19	35	492	499	947	3.17e-11	66.6
g1637.t1	VFG016040(gb|WP_078463717)	29.412	153	90	4	35	184	1559	1696	9.13e-06	48.9
g1637.t1	VFG015904(gb|WP_164920479)	25.055	455	251	21	35	456	4792	5189	4.28e-11	66.2
g1637.t1	VFG015904(gb|WP_164920479)	24.107	448	276	12	35	455	485	895	1.76e-10	64.3
g1637.t1	VFG015904(gb|WP_164920479)	25.499	451	249	15	37	456	3722	4116	1.77e-10	64.3
g1637.t1	VFG050040(gb|WP_001133940)	20.582	447	287	14	36	455	484	889	4.57e-11	65.9
g1637.t1	VFG007200(gb|WP_000205544)	22.328	421	281	13	50	447	64	461	4.83e-11	65.1
g1637.t1	VFG050018(gb|WP_000955353)	22.273	440	292	13	37	455	51	461	5.10e-11	65.1
g1637.t1	VFG050148(gb|WP_000955352)	22.096	439	294	12	37	455	51	461	5.86e-11	65.1
g1637.t1	VFG050154(gb|WP_001133949)	20.842	475	306	14	7	455	459	889	6.11e-11	65.5
g1637.t1	VFG050149(gb|WP_001972441)	22.748	444	285	14	37	455	51	461	6.86e-11	64.7
g1637.t1	VFG026642(gb|WP_015303464)	27.083	432	286	11	37	456	71	485	8.50e-11	64.3
g1637.t1	VFG050023(gb|WP_000955356)	21.868	439	295	12	37	455	51	461	8.68e-11	64.3
g1637.t1	VFG012566(gb|WP_001088828)	25.163	306	183	9	169	456	172	449	8.80e-11	64.3
g1637.t1	VFG012565(gb|WP_001088833)	25.163	306	183	9	169	456	172	449	8.95e-11	64.3
g1637.t1	VFG034170(gb|WP_001088812)	25.163	306	183	9	169	456	172	449	1.03e-10	63.9
g1637.t1	VFG050022(gb|WP_000955347)	21.868	439	295	12	37	455	51	461	1.18e-10	63.9
g1637.t1	VFG020317(gb|WP_012614130)	35.526	152	82	4	35	184	3094	3231	1.29e-10	64.7
g1637.t1	VFG020317(gb|WP_012614130)	23.849	478	299	14	3	455	503	940	4.80e-09	59.3
g1637.t1	VFG050150(gb|WP_000955360)	22.045	440	293	13	37	455	51	461	1.71e-10	63.5
g1637.t1	VFG022739(gb|WP_014001248)	26.620	432	288	11	37	456	71	485	2.25e-10	63.2
g1637.t1	VFG001817(gb|NP_216900)	26.620	432	288	11	37	456	71	485	2.39e-10	63.2
g1637.t1	VFG016041(gb|NP_251092)	25.474	475	274	16	35	479	2012	2436	2.72e-10	63.5
g1637.t1	VFG050013(gb|WP_000955350)	21.689	438	297	11	37	455	51	461	2.94e-10	62.8
g1637.t1	VFG016062(gb|WP_165446461)	25.370	473	278	18	10	455	1139	1563	3.01e-10	63.5
g1637.t1	VFG016062(gb|WP_165446461)	25.490	408	236	17	146	522	3851	4221	8.26e-10	62.0
g1637.t1	VFG007201(gb|WP_000205542)	22.090	421	282	13	50	447	64	461	4.06e-10	62.4
g1637.t1	VFG034174(gb|WP_001088834)	25.243	309	179	10	169	456	172	449	4.20e-10	62.0
g1637.t1	VFG016063(gb|WP_166486371)	26.184	359	204	15	163	493	3870	4195	4.62e-10	62.8
g1637.t1	VFG016063(gb|WP_166486371)	28.261	184	113	5	37	217	1161	1328	1.68e-07	54.7
g1637.t1	VFG043687(gb|WP_001304254)	25.333	450	247	21	35	449	1008	1403	4.68e-10	62.8
g1637.t1	VFG049154(gb|WP_014907257)	25.333	450	247	21	35	449	1008	1403	4.88e-10	62.4
g1637.t1	VFG016067(gb|WP_011062464)	24.200	500	250	15	10	455	1135	1559	6.23e-10	62.4
g1637.t1	VFG016067(gb|WP_011062464)	26.590	346	189	14	148	460	3857	4170	6.60e-09	58.9
g1637.t1	VFG044420(gb|AAR12562)	24.671	304	199	11	163	456	193	476	6.41e-10	61.6
g1637.t1	VFG050115(gb|WP_002081542)	20.905	464	317	12	9	433	99	551	7.33e-10	62.0
g1637.t1	VFG026643(gb|WP_015290628)	27.252	433	284	13	37	456	71	485	7.37e-10	61.6
g1637.t1	VFG026649(gb|WP_015575197)	26.118	425	283	12	45	456	74	480	7.50e-10	61.6
g1637.t1	VFG003500(gb|WP_005168666)	35.849	106	57	2	361	456	345	449	8.21e-10	61.2
g1637.t1	VFG050038(gb|WP_001133934)	21.729	451	275	15	37	455	485	889	8.79e-10	62.0
g1637.t1	VFG049156(gb|WP_077265119)	22.293	471	285	17	9	454	481	895	1.00e-09	61.6
g1637.t1	VFG049156(gb|WP_077265119)	23.176	466	277	15	20	455	1539	1953	6.33e-09	58.9
g1637.t1	VFG020073(gb|WP_043205221)	24.074	486	290	17	3	457	4068	4505	1.05e-09	61.6
g1637.t1	VFG020073(gb|WP_043205221)	23.146	445	276	12	35	458	3061	3460	4.77e-07	53.1
g1637.t1	VFG020073(gb|WP_043205221)	23.340	467	261	17	37	458	2011	2425	8.80e-06	48.9
g1637.t1	VFG043685(gb|WP_001468003)	22.293	471	285	17	9	454	504	918	1.27e-09	61.2
g1637.t1	VFG043685(gb|WP_001468003)	23.176	466	277	15	20	455	1562	1976	7.46e-09	58.9
g1637.t1	VFG024006(gb|WP_014379795)	21.978	455	257	14	38	459	521	910	1.27e-09	61.2
g1637.t1	VFG026644(gb|WP_015293659)	26.389	432	289	11	37	456	71	485	1.31e-09	60.8
g1637.t1	VFG048591(gb|WP_014229386)	34.906	106	58	2	361	456	345	449	1.50e-09	60.5
g1637.t1	VFG048576(gb|WP_014838501)	24.062	453	261	17	38	458	593	994	1.71e-09	60.8
g1637.t1	VFG022736(gb|WP_012395312)	23.272	434	293	13	38	455	64	473	1.72e-09	60.1
g1637.t1	VFG022714(gb|WP_013828478)	23.007	439	268	16	38	455	516	905	1.76e-09	60.8
g1637.t1	VFG026645(gb|WP_015356488)	23.272	434	293	13	38	455	64	473	2.03e-09	60.1
g1637.t1	VFG048577(gb|WP_014229383)	23.956	455	263	17	36	458	591	994	2.33e-09	60.5
g1637.t1	VFG009479(gb|WP_011781012)	23.937	447	270	14	30	455	484	881	2.48e-09	60.5
g1637.t1	VFG029697(gb|WP_014711950)	23.543	446	266	14	35	456	479	873	3.22e-09	60.1
g1637.t1	VFG029697(gb|WP_014711950)	25.541	462	247	19	37	456	1972	2378	1.76e-07	54.3
g1637.t1	VFG016036(gb|WP_010954974)	24.161	447	282	15	35	464	527	933	5.08e-09	59.3
g1637.t1	VFG016036(gb|WP_010954974)	24.532	481	286	17	6	457	1558	1990	1.34e-07	54.7
g1637.t1	VFG026654(gb|YP_007958424)	25.153	326	203	9	147	456	36	336	7.36e-09	57.8
g1637.t1	VFG007221(gb|WP_000523394)	23.356	441	285	14	35	455	923	1330	8.44e-09	58.5
g1637.t1	VFG009546(gb|WP_071497738)	23.041	434	294	13	38	455	64	473	8.60e-09	58.2
g1637.t1	VFG050114(gb|WP_000953496)	22.388	469	289	17	10	455	1835	2251	1.18e-08	58.2
g1637.t1	VFG029699(gb|WP_014385156)	25.322	466	243	19	37	456	1971	2377	1.33e-08	58.2
g1637.t1	VFG029699(gb|WP_014385156)	23.198	444	266	15	37	456	481	873	2.35e-07	53.9
g1637.t1	VFG044413(gb|AAR12528)	23.005	426	234	16	35	421	477	847	3.29e-08	56.6
g1637.t1	VFG044315(gb|WP_012492605)	24.470	519	319	17	5	492	2609	3085	3.37e-08	56.6
g1637.t1	VFG009481(gb|WP_208856696)	22.973	444	260	12	37	454	478	865	3.71e-08	56.6
g1637.t1	VFG009482(gb|WP_011560848)	22.973	444	260	12	37	454	492	879	3.98e-08	56.2
g1637.t1	VFG029700(gb|WP_014380392)	24.947	469	244	19	37	456	1971	2380	4.19e-08	56.6
g1637.t1	VFG029700(gb|WP_014380392)	23.198	444	266	15	37	456	481	873	2.21e-07	53.9
g1637.t1	VFG029696(gb|WP_014942395)	24.947	469	244	19	37	456	1971	2380	4.30e-08	56.2
g1637.t1	VFG029696(gb|WP_014942395)	23.198	444	266	15	37	456	481	873	2.41e-07	53.9
g1637.t1	VFG029150(gb|WP_015292873)	26.954	371	197	17	161	494	146	479	4.97e-08	55.5
g1637.t1	VFG029698(gb|WP_014382789)	24.947	469	244	19	37	456	1971	2380	5.01e-08	56.2
g1637.t1	VFG029698(gb|WP_014382789)	23.198	444	266	15	37	456	481	873	2.33e-07	53.9
g1637.t1	VFG048578(gb|WP_014907269)	22.768	448	277	14	36	458	591	994	5.21e-08	56.2
g1637.t1	VFG044372(gb|AAL65279)	30.070	143	87	4	325	455	344	485	6.18e-08	55.5
g1637.t1	VFG029690(gb|YP_001704826)	22.321	448	267	14	37	455	487	882	8.59e-08	55.5
g1637.t1	VFG029685(gb|WP_011725354)	24.473	474	237	18	37	456	1967	2373	9.11e-08	55.5
g1637.t1	VFG021819(gb|WP_011725106)	25.155	485	266	23	39	475	34	469	1.34e-07	54.3
g1637.t1	VFG009537(gb|WP_208856635)	23.628	419	255	14	32	429	620	994	1.44e-07	54.7
g1637.t1	VFG029705(gb|WP_016893944)	22.098	448	268	14	37	455	487	882	1.48e-07	54.7
g1637.t1	VFG009538(gb|WP_011560853)	23.462	439	266	16	12	429	554	943	1.52e-07	54.3
g1637.t1	VFG029149(gb|WP_015289783)	26.685	371	198	17	161	494	146	479	2.23e-07	53.5
g1637.t1	VFG001393(gb|NP_215861)	26.685	371	198	17	161	494	146	479	2.44e-07	53.5
g1637.t1	VFG009480(gb|WP_011856105)	21.847	444	264	11	37	454	492	878	2.71e-07	53.5
g1637.t1	VFG021822(gb|WP_011779183)	25.588	340	178	14	174	470	161	468	2.77e-07	53.1
g1637.t1	VFG029160(gb|YP_007957460)	26.216	370	201	15	161	494	146	479	2.81e-07	53.1
g1637.t1	VFG029158(gb|WP_014585515)	26.685	371	198	17	161	494	146	479	2.90e-07	53.1
g1637.t1	VFG029155(gb|YP_007961258)	26.757	370	197	18	161	494	66	397	1.30e-06	50.8
g1637.t1	VFG032790(gb|WP_003727064)	25.000	320	168	13	171	455	154	436	1.58e-06	50.8
g1637.t1	VFG023995(gb|WP_216701262)	24.762	315	183	10	167	454	575	862	1.81e-06	50.8
g1637.t1	VFG022767(gb|WP_013828468)	27.273	363	210	15	150	476	133	477	1.93e-06	50.4
g1637.t1	VFG029723(gb|WP_011726917)	25.373	335	187	11	144	456	167	460	2.10e-06	50.8
g1637.t1	VFG029166(gb|WP_020822587)	26.431	367	199	17	159	492	150	478	2.12e-06	50.4
g1637.t1	VFG029732(gb|WP_020724413)	23.126	467	285	13	11	455	45	459	4.61e-06	49.7
g1637.t1	VFG032789(gb|NP_464499)	25.081	307	184	14	171	455	154	436	5.61e-06	48.9
g1637.t1	VFG032815(gb|WP_003733784)	25.081	307	184	14	171	455	154	436	6.34e-06	48.9
g1637.t1	VFG044299(gb|WP_012368439)	24.752	303	174	14	164	440	688	962	7.99e-06	48.9
g1637.t1	VFG029731(gb|WP_016342994)	24.107	448	262	14	35	455	64	460	8.43e-06	48.9
