g3514.t1	VFG034394(gb|WP_015675133)	27.624	181	117	8	4	174	3	179	3.86e-14	66.6
g3514.t1	VFG034398(gb|WP_024179291)	28.415	183	113	10	4	174	3	179	5.74e-14	66.2
g3514.t1	VFG034393(gb|WP_001301257)	27.624	181	117	8	4	174	3	179	6.43e-14	66.2
g3514.t1	VFG034392(gb|WP_001323479)	28.571	182	114	9	4	174	3	179	6.77e-14	66.2
g3514.t1	VFG018191(gb|NP_414828)	27.624	181	117	8	4	174	19	195	9.00e-14	66.2
g3514.t1	VFG034382(gb|WP_001296902)	28.022	182	115	9	4	174	3	179	2.61e-13	64.7
g3514.t1	VFG034381(gb|WP_024262523)	28.022	182	115	9	4	174	3	179	4.57e-13	63.9
g3514.t1	VFG034386(gb|WP_001305433)	28.022	182	115	9	4	174	3	179	8.51e-13	63.2
g3514.t1	VFG034380(gb|WP_001381763)	28.022	182	115	9	4	174	3	179	8.51e-13	63.2
g3514.t1	VFG034388(gb|WP_001304871)	27.473	182	116	9	4	174	3	179	1.58e-12	62.4
g3514.t1	VFG002413(gb|WP_000389022)	27.473	182	116	9	4	174	3	179	2.05e-12	62.4
g3514.t1	VFG034378(gb|WP_001301675)	26.923	182	117	9	4	174	3	179	1.18e-11	60.1
