g1736.t1	VFG000467(gb|NP_460811)	100.000	154	0	0	1	154	87	240	1.45e-113	321
g1736.t1	VFG020673(gb|WP_000182071)	99.351	154	1	0	1	154	87	240	1.90e-112	318
g1736.t1	VFG003814(gb|WP_001284212)	98.052	154	3	0	1	154	87	240	5.34e-112	317
g1736.t1	VFG020671(gb|WP_000182066)	98.052	154	3	0	1	154	87	240	5.58e-112	317
g1736.t1	VFG003815(gb|WP_000182074)	98.052	154	3	0	1	154	87	240	8.09e-112	317
g1736.t1	VFG020677(gb|WP_000182069)	96.753	154	5	0	1	154	87	240	3.18e-111	315
g1736.t1	VFG018491(gb|WP_000161566)	90.909	154	14	0	1	154	87	240	1.50e-106	303
g1736.t1	VFG020668(gb|WP_000161707)	75.658	152	37	0	1	152	87	238	3.96e-84	246
g1736.t1	VFG020667(gb|WP_000161705)	75.497	151	37	0	1	151	87	237	1.81e-83	245
g1736.t1	VFG003810(gb|WP_000161708)	75.497	151	37	0	1	151	87	237	2.51e-83	244
g1736.t1	VFG003812(gb|WP_000161709)	74.834	151	38	0	1	151	87	237	1.21e-82	243
g1736.t1	VFG020665(gb|WP_000161704)	72.368	152	42	0	1	152	87	238	2.11e-78	232
g1736.t1	VFG020664(gb|WP_000161701)	72.368	152	42	0	1	152	87	238	2.14e-78	232
g1736.t1	VFG020666(gb|WP_000161702)	71.711	152	43	0	1	152	87	238	3.58e-77	229
g1736.t1	VFG024996(gb|WP_009896161)	28.777	139	98	1	16	153	106	244	3.50e-14	67.4
g1736.t1	VFG002443(gb|WP_004528812)	30.070	143	96	2	16	154	106	248	5.64e-14	67.0
g1736.t1	VFG024989(gb|WP_004188462)	30.070	143	96	2	16	154	106	248	6.18e-14	67.0
