g907.t1	VFG041605(gb|WP_012847726)	34.118	85	56	0	226	310	137	221	5.68e-10	58.5
g907.t1	VFG041884(gb|WP_080509009)	26.804	97	71	0	219	315	181	277	2.82e-09	57.0
g907.t1	VFG016190(gb|WP_005762820)	28.155	103	73	1	204	306	190	291	4.95e-09	56.6
g907.t1	VFG016191(gb|WP_004665553)	28.155	103	73	1	204	306	190	291	5.71e-09	56.6
g907.t1	VFG044376(gb|AAL65283)	31.250	96	65	1	212	307	166	260	2.67e-08	53.9
g907.t1	VFG019776(gb|WP_003117898)	24.675	154	102	3	175	315	112	264	5.15e-07	50.1
g907.t1	VFG003096(gb|WP_011171760)	27.957	93	67	0	219	311	140	232	5.49e-07	49.7
g907.t1	VFG023581(gb|WP_005156676)	27.957	93	67	0	219	311	140	232	8.71e-07	49.3
g907.t1	VFG044386(gb|AAF33127)	26.042	96	70	1	212	307	131	225	9.92e-07	48.9
g907.t1	VFG038332(gb|WP_192914500)	26.027	146	106	1	166	311	114	257	1.78e-06	48.5
g907.t1	VFG016125(gb|WP_003157556)	29.348	92	64	1	219	310	205	295	1.86e-06	48.5
g907.t1	VFG041670(gb|WP_012777215)	24.828	145	107	1	166	310	126	268	1.99e-06	48.5
g907.t1	VFG014092(gb|WP_012074004)	24.026	154	103	3	175	315	112	264	2.37e-06	48.1
g907.t1	VFG007177(gb|WP_005464548)	27.957	93	67	0	219	311	185	277	2.70e-06	48.1
g907.t1	VFG001234(gb|NP_249107)	24.561	114	85	1	202	315	152	264	4.18e-06	47.4
g907.t1	VFG014093(gb|WP_003128976)	24.561	114	85	1	202	315	152	264	4.54e-06	47.4
g907.t1	VFG042280(gb|AAS91825)	24.658	146	108	1	166	311	125	268	4.66e-06	47.4
g907.t1	VFG003476(gb|WP_005176447)	28.261	92	66	0	219	310	172	263	4.83e-06	47.4
g907.t1	VFG000208(gb|NP_250404)	25.000	148	109	1	166	313	125	270	5.52e-06	47.0
g907.t1	VFG000399(gb|WP_002212931)	28.261	92	66	0	219	310	172	263	5.85e-06	47.0
g907.t1	VFG023737(gb|WP_013749464)	28.261	92	66	0	219	310	172	263	6.41e-06	47.0
g1878.t1	VFG016125(gb|WP_003157556)	30.928	97	66	1	229	325	198	293	2.12e-06	48.5
g1878.t1	VFG042526(gb|AAC28314)	26.471	102	74	1	226	326	3	104	2.22e-06	48.5
g1878.t1	VFG042570(gb|AAX78184)	25.510	98	72	1	230	326	8	105	2.58e-06	48.5
g1878.t1	VFG041605(gb|WP_012847726)	33.333	75	50	0	251	325	145	219	5.16e-06	47.0
g3855.t1	VFG000167(gb|NP_252917)	33.333	108	67	1	197	304	182	284	3.88e-07	50.8
g3855.t1	VFG016127(gb|WP_011061777)	33.607	122	76	2	195	312	180	300	5.89e-07	50.1
g3855.t1	VFG016125(gb|WP_003157556)	38.750	80	44	1	225	304	209	283	1.81e-06	48.5
g4266.t1	VFG041605(gb|WP_012847726)	31.111	90	61	1	247	336	137	225	1.83e-08	54.3
g4266.t1	VFG019776(gb|WP_003117898)	30.108	93	64	1	240	332	169	260	1.91e-07	51.6
g4266.t1	VFG014093(gb|WP_003128976)	30.108	93	64	1	240	332	169	260	5.18e-07	50.1
g4266.t1	VFG001234(gb|NP_249107)	30.108	93	64	1	240	332	169	260	5.32e-07	50.1
g4266.t1	VFG014092(gb|WP_012074004)	29.032	93	65	1	240	332	169	260	1.09e-06	49.3
g4266.t1	VFG041884(gb|WP_080509009)	26.316	95	70	0	235	329	176	270	2.20e-06	48.5
g4266.t1	VFG044376(gb|AAL65283)	28.462	130	88	3	198	327	135	259	3.04e-06	47.8
g4266.t1	VFG019777(gb|WP_012724142)	25.556	90	66	1	240	329	168	256	3.60e-06	47.8
g4521.t1	VFG041818(gb|WP_011147916)	26.042	96	71	0	229	324	173	268	3.92e-08	53.5
g4521.t1	VFG041670(gb|WP_012777215)	26.042	96	71	0	229	324	173	268	4.71e-08	53.5
g4521.t1	VFG000208(gb|NP_250404)	25.773	97	72	0	229	325	172	268	7.87e-08	52.8
g4521.t1	VFG014092(gb|WP_012074004)	27.723	101	72	1	225	325	161	260	8.43e-08	52.4
g4521.t1	VFG038332(gb|WP_192914500)	26.042	96	71	0	229	324	161	256	1.49e-07	51.6
g4521.t1	VFG041884(gb|WP_080509009)	28.713	101	63	1	230	330	187	278	2.69e-07	51.2
g4521.t1	VFG042280(gb|AAS91825)	25.000	96	72	0	229	324	172	267	4.50e-07	50.4
g4521.t1	VFG003476(gb|WP_005176447)	25.000	96	72	0	229	324	168	263	7.94e-07	49.7
g4521.t1	VFG000399(gb|WP_002212931)	25.000	96	72	0	229	324	168	263	1.03e-06	49.3
g4521.t1	VFG019776(gb|WP_003117898)	26.733	101	73	1	225	325	161	260	1.14e-06	49.3
g4521.t1	VFG023737(gb|WP_013749464)	25.000	96	72	0	229	324	168	263	1.19e-06	49.3
g4521.t1	VFG041605(gb|WP_012847726)	29.897	97	59	1	229	325	135	222	1.20e-06	48.9
g4521.t1	VFG001234(gb|NP_249107)	26.733	101	73	1	225	325	161	260	2.07e-06	48.5
g4521.t1	VFG014093(gb|WP_003128976)	26.733	101	73	1	225	325	161	260	2.24e-06	48.1
g4521.t1	VFG016190(gb|WP_005762820)	27.778	90	64	1	234	323	206	294	6.41e-06	47.0
g5482.t1	VFG019776(gb|WP_003117898)	31.034	145	86	3	188	319	112	255	3.03e-14	72.0
g5482.t1	VFG001234(gb|NP_249107)	30.345	145	87	3	188	319	112	255	2.29e-13	69.3
g5482.t1	VFG014093(gb|WP_003128976)	30.345	145	87	3	188	319	112	255	2.44e-13	69.3
g5482.t1	VFG014092(gb|WP_012074004)	30.345	145	87	3	188	319	112	255	3.40e-13	68.9
g5482.t1	VFG041605(gb|WP_012847726)	36.782	87	55	0	239	325	137	223	1.46e-11	63.5
g5482.t1	VFG016190(gb|WP_005762820)	32.727	110	68	2	215	319	183	291	1.77e-10	61.2
g5482.t1	VFG016191(gb|WP_004665553)	31.818	110	69	2	215	319	183	291	4.13e-10	60.1
g5482.t1	VFG041884(gb|WP_080509009)	31.731	104	70	1	227	330	176	278	2.69e-09	57.4
g5482.t1	VFG038332(gb|WP_192914500)	27.211	147	105	1	179	325	114	258	1.24e-08	55.5
g5482.t1	VFG019777(gb|WP_012724142)	28.302	106	68	2	214	319	157	254	3.28e-08	53.9
g5482.t1	VFG007177(gb|WP_005464548)	31.915	94	64	0	232	325	185	278	7.44e-08	53.1
g5482.t1	VFG042280(gb|AAS91825)	26.389	144	104	1	182	325	128	269	1.00e-07	52.8
g5482.t1	VFG000399(gb|WP_002212931)	29.358	109	74	1	215	323	158	263	1.46e-07	52.0
g5482.t1	VFG023737(gb|WP_013749464)	29.358	109	74	1	215	323	158	263	1.75e-07	52.0
g5482.t1	VFG003476(gb|WP_005176447)	29.358	109	74	1	215	323	158	263	1.82e-07	52.0
g5482.t1	VFG000208(gb|NP_250404)	29.474	95	67	0	232	326	176	270	3.16e-07	51.2
g5482.t1	VFG041818(gb|WP_011147916)	26.471	102	75	0	225	326	170	271	3.44e-07	50.8
g5482.t1	VFG003096(gb|WP_011171760)	29.358	109	73	1	215	323	127	231	9.60e-07	49.3
g5482.t1	VFG041670(gb|WP_012777215)	26.471	102	75	0	225	326	170	271	1.22e-06	49.3
g5482.t1	VFG023581(gb|WP_005156676)	28.440	109	74	1	215	323	127	231	2.28e-06	48.1
g5482.t1	VFG016125(gb|WP_003157556)	28.244	131	87	2	193	323	172	295	2.84e-06	48.5
g5482.t1	VFG042570(gb|AAX78184)	27.451	102	73	1	226	326	8	109	6.40e-06	47.4
g5482.t1	VFG000167(gb|NP_252917)	33.696	92	60	1	232	323	206	296	9.46e-06	46.6
