g1192.t1	VFG009607(gb|WP_011724063)	67.368	95	28	1	3	94	318	412	3.08e-34	122
g1192.t1	VFG009606(gb|WP_003875456)	67.368	95	28	1	3	94	318	412	3.08e-34	122
g1192.t1	VFG024085(gb|WP_014379423)	65.263	95	30	1	3	94	318	412	1.09e-33	121
g1192.t1	VFG024083(gb|WP_009952352)	65.263	95	30	1	3	94	318	412	1.09e-33	121
g1192.t1	VFG024082(gb|WP_008254502)	65.263	95	30	1	3	94	318	412	1.09e-33	121
g1192.t1	VFG024081(gb|WP_014941434)	65.263	95	30	1	3	94	318	412	1.09e-33	121
g1192.t1	VFG024084(gb|WP_014384039)	65.263	95	30	1	3	94	318	412	1.09e-33	121
g1192.t1	VFG022803(gb|WP_041317387)	64.894	94	30	1	4	94	319	412	4.74e-33	119
g1192.t1	VFG026784(gb|YP_005359856)	64.211	95	31	1	3	94	279	373	7.10e-32	115
g1192.t1	VFG026777(gb|WP_015575030)	64.211	95	31	1	3	94	321	415	8.97e-32	115
g1192.t1	VFG026772(gb|WP_015302871)	64.211	95	31	1	3	94	321	415	8.97e-32	115
g1192.t1	VFG022800(gb|WP_014000645)	64.211	95	31	1	3	94	321	415	8.97e-32	115
g1192.t1	VFG009603(gb|WP_003898749)	64.211	95	31	1	3	94	321	415	8.97e-32	115
g1192.t1	VFG001814(gb|NP_215678)	64.211	95	31	1	3	94	321	415	8.97e-32	115
g1192.t1	VFG009609(gb|WP_011893045)	62.105	95	33	1	3	94	318	412	2.39e-31	114
g1192.t1	VFG022799(gb|WP_013988809)	63.158	95	32	1	3	94	321	415	2.64e-31	114
g1192.t1	VFG026773(gb|WP_015289620)	63.158	95	32	1	3	94	321	415	2.91e-31	114
g1192.t1	VFG026774(gb|WP_015292734)	62.105	95	33	1	3	94	321	415	1.70e-30	112
g1192.t1	VFG009610(gb|WP_011781697)	61.053	95	34	1	3	94	318	412	2.76e-30	112
g1192.t1	VFG009611(gb|WP_011854953)	60.638	94	34	1	3	93	318	411	3.52e-30	111
g1192.t1	VFG009612(gb|WP_011558673)	60.638	94	34	1	3	93	318	411	3.59e-30	111
g1192.t1	VFG009608(gb|WP_011730341)	58.947	95	36	1	3	94	318	412	1.68e-28	107
g1150.t1	VFG001814(gb|NP_215678)	100.000	558	0	0	1	558	1	558	0.0	1158
g1150.t1	VFG026777(gb|WP_015575030)	99.821	558	1	0	1	558	1	558	0.0	1158
g1150.t1	VFG022799(gb|WP_013988809)	99.821	558	1	0	1	558	1	558	0.0	1157
g1150.t1	VFG009603(gb|WP_003898749)	99.821	558	1	0	1	558	1	558	0.0	1157
g1150.t1	VFG022800(gb|WP_014000645)	99.642	558	2	0	1	558	1	558	0.0	1155
g1150.t1	VFG026772(gb|WP_015302871)	98.925	558	6	0	1	558	1	558	0.0	1148
g1150.t1	VFG026773(gb|WP_015289620)	98.029	558	11	0	1	558	1	558	0.0	1137
g1150.t1	VFG026774(gb|WP_015292734)	97.491	558	14	0	1	558	1	558	0.0	1134
g1150.t1	VFG026784(gb|YP_005359856)	100.000	508	0	0	51	558	9	516	0.0	1049
g1150.t1	VFG024082(gb|WP_008254502)	83.848	551	74	4	1	550	1	537	0.0	957
g1150.t1	VFG024084(gb|WP_014384039)	83.514	552	75	4	1	550	1	538	0.0	956
g1150.t1	VFG024081(gb|WP_014941434)	83.666	551	75	4	1	550	1	537	0.0	954
g1150.t1	VFG024085(gb|WP_014379423)	83.303	551	77	4	1	550	1	537	0.0	952
g1150.t1	VFG024083(gb|WP_009952352)	83.122	551	78	4	1	550	1	537	0.0	951
g1150.t1	VFG009606(gb|WP_003875456)	83.333	552	74	4	1	550	1	536	0.0	948
g1150.t1	VFG009607(gb|WP_011724063)	83.152	552	75	4	1	550	1	536	0.0	947
g1150.t1	VFG009609(gb|WP_011893045)	80.545	550	99	3	1	547	1	545	0.0	931
g1150.t1	VFG009610(gb|WP_011781697)	82.033	551	91	3	1	548	1	546	0.0	917
g1150.t1	VFG009608(gb|WP_011730341)	80.036	551	101	3	1	548	1	545	0.0	915
g1150.t1	VFG009611(gb|WP_011854953)	80.944	551	95	4	1	547	1	545	0.0	904
g1150.t1	VFG009612(gb|WP_011558673)	80.762	551	96	4	1	547	1	545	0.0	902
g1150.t1	VFG022803(gb|WP_041317387)	76.503	549	113	6	1	548	1	534	0.0	862
g3949.t1	VFG009609(gb|WP_011893045)	57.407	486	201	4	1	483	1	483	0.0	599
g3949.t1	VFG026774(gb|WP_015292734)	55.621	507	214	7	1	500	1	503	0.0	593
g3949.t1	VFG022803(gb|WP_041317387)	57.438	484	199	4	1	481	1	480	0.0	592
g3949.t1	VFG026773(gb|WP_015289620)	56.033	489	208	4	1	483	1	488	0.0	590
g3949.t1	VFG026772(gb|WP_015302871)	56.237	489	207	4	1	483	1	488	0.0	590
g3949.t1	VFG022800(gb|WP_014000645)	56.237	489	207	4	1	483	1	488	0.0	590
g3949.t1	VFG009606(gb|WP_003875456)	57.055	489	202	5	1	486	1	484	0.0	590
g3949.t1	VFG001814(gb|NP_215678)	56.237	489	207	4	1	483	1	488	0.0	590
g3949.t1	VFG026777(gb|WP_015575030)	56.237	489	207	4	1	483	1	488	0.0	589
g3949.t1	VFG024082(gb|WP_008254502)	57.260	489	201	5	1	486	1	484	0.0	589
g3949.t1	VFG022799(gb|WP_013988809)	56.237	489	207	4	1	483	1	488	0.0	589
g3949.t1	VFG009603(gb|WP_003898749)	56.237	489	207	4	1	483	1	488	0.0	589
g3949.t1	VFG024084(gb|WP_014384039)	57.260	489	201	5	1	486	1	484	0.0	588
g3949.t1	VFG009608(gb|WP_011730341)	57.202	486	201	4	1	483	1	482	0.0	588
g3949.t1	VFG009607(gb|WP_011724063)	56.851	489	203	5	1	486	1	484	0.0	588
g3949.t1	VFG024081(gb|WP_014941434)	57.260	489	201	5	1	486	1	484	0.0	587
g3949.t1	VFG024085(gb|WP_014379423)	57.055	489	202	5	1	486	1	484	0.0	587
g3949.t1	VFG024083(gb|WP_009952352)	57.055	489	202	5	1	486	1	484	0.0	587
g3949.t1	VFG009610(gb|WP_011781697)	57.819	486	199	4	1	483	1	483	0.0	586
g3949.t1	VFG009612(gb|WP_011558673)	57.202	486	202	4	1	483	1	483	0.0	578
g3949.t1	VFG009611(gb|WP_011854953)	57.202	486	202	4	1	483	1	483	0.0	577
g3949.t1	VFG026784(gb|YP_005359856)	54.670	439	192	4	51	483	9	446	9.70e-175	502
g1474.t1	VFG009606(gb|WP_003875456)	57.959	490	196	5	1	486	1	484	0.0	599
g1474.t1	VFG009607(gb|WP_011724063)	57.755	490	197	5	1	486	1	484	0.0	598
g1474.t1	VFG024081(gb|WP_014941434)	57.347	490	199	5	1	486	1	484	0.0	596
g1474.t1	VFG024082(gb|WP_008254502)	57.347	490	199	5	1	486	1	484	0.0	596
g1474.t1	VFG024084(gb|WP_014384039)	57.347	490	199	5	1	486	1	484	0.0	595
g1474.t1	VFG024083(gb|WP_009952352)	57.143	490	200	5	1	486	1	484	0.0	594
g1474.t1	VFG024085(gb|WP_014379423)	57.143	490	200	5	1	486	1	484	0.0	594
g1474.t1	VFG026773(gb|WP_015289620)	56.212	491	204	5	1	483	1	488	0.0	588
g1474.t1	VFG009609(gb|WP_011893045)	56.263	487	205	4	1	483	1	483	0.0	588
g1474.t1	VFG026774(gb|WP_015292734)	56.008	491	205	5	1	483	1	488	0.0	587
g1474.t1	VFG022803(gb|WP_041317387)	56.301	492	206	4	1	488	1	487	0.0	585
g1474.t1	VFG022800(gb|WP_014000645)	56.212	491	204	5	1	483	1	488	0.0	585
g1474.t1	VFG026772(gb|WP_015302871)	56.008	491	205	5	1	483	1	488	0.0	584
g1474.t1	VFG026777(gb|WP_015575030)	56.008	491	205	5	1	483	1	488	0.0	583
g1474.t1	VFG022799(gb|WP_013988809)	56.008	491	205	5	1	483	1	488	0.0	583
g1474.t1	VFG001814(gb|NP_215678)	56.008	491	205	5	1	483	1	488	0.0	583
g1474.t1	VFG009603(gb|WP_003898749)	56.008	491	205	5	1	483	1	488	0.0	583
g1474.t1	VFG009608(gb|WP_011730341)	56.263	487	204	4	1	483	1	482	0.0	581
g1474.t1	VFG009610(gb|WP_011781697)	56.057	487	206	4	1	483	1	483	0.0	570
g1474.t1	VFG009612(gb|WP_011558673)	56.237	489	202	5	1	483	1	483	0.0	564
g1474.t1	VFG009611(gb|WP_011854953)	56.237	489	202	5	1	483	1	483	0.0	563
g1474.t1	VFG026784(gb|YP_005359856)	54.195	441	191	5	51	483	9	446	6.80e-173	497
g1646.t1	VFG009606(gb|WP_003875456)	56.327	490	203	5	1	485	1	484	0.0	577
g1646.t1	VFG009607(gb|WP_011724063)	56.122	490	204	5	1	485	1	484	0.0	576
g1646.t1	VFG024082(gb|WP_008254502)	55.510	490	207	5	1	485	1	484	0.0	573
g1646.t1	VFG024081(gb|WP_014941434)	55.510	490	207	5	1	485	1	484	0.0	573
g1646.t1	VFG024084(gb|WP_014384039)	55.510	490	207	5	1	485	1	484	0.0	573
g1646.t1	VFG024083(gb|WP_009952352)	55.306	490	208	5	1	485	1	484	0.0	572
g1646.t1	VFG024085(gb|WP_014379423)	55.306	490	208	5	1	485	1	484	0.0	572
g1646.t1	VFG009609(gb|WP_011893045)	54.415	487	213	4	1	482	1	483	0.0	571
g1646.t1	VFG022803(gb|WP_041317387)	55.052	485	208	4	1	480	1	480	0.0	565
g1646.t1	VFG026773(gb|WP_015289620)	53.971	491	214	5	1	482	1	488	0.0	563
g1646.t1	VFG022800(gb|WP_014000645)	54.175	491	213	5	1	482	1	488	0.0	563
g1646.t1	VFG026777(gb|WP_015575030)	54.175	491	213	5	1	482	1	488	0.0	563
g1646.t1	VFG001814(gb|NP_215678)	54.175	491	213	5	1	482	1	488	0.0	562
g1646.t1	VFG022799(gb|WP_013988809)	54.175	491	213	5	1	482	1	488	0.0	562
g1646.t1	VFG009603(gb|WP_003898749)	54.175	491	213	5	1	482	1	488	0.0	562
g1646.t1	VFG026774(gb|WP_015292734)	53.564	491	216	5	1	482	1	488	0.0	561
g1646.t1	VFG026772(gb|WP_015302871)	53.971	491	214	5	1	482	1	488	0.0	561
g1646.t1	VFG009608(gb|WP_011730341)	54.004	487	214	4	1	482	1	482	0.0	561
g1646.t1	VFG009612(gb|WP_011558673)	54.397	489	210	5	1	482	1	483	0.0	552
g1646.t1	VFG009611(gb|WP_011854953)	54.397	489	210	5	1	482	1	483	0.0	551
g1646.t1	VFG009610(gb|WP_011781697)	53.909	486	217	4	1	482	1	483	0.0	551
g1646.t1	VFG026784(gb|YP_005359856)	52.154	441	199	5	51	482	9	446	1.29e-164	476
