g2359.t1	VFG002197(gb|WP_002387027)	24.405	336	236	5	17	342	4	331	9.51e-21	91.3
g2359.t1	VFG045668(gb|WP_002358859)	24.405	336	236	5	17	342	4	331	2.99e-20	90.1
g2359.t1	VFG045670(gb|WP_002286379)	25.705	319	211	7	17	321	4	310	5.08e-20	89.4
g2359.t1	VFG045671(gb|WP_002294628)	25.705	319	211	7	17	321	4	310	1.31e-19	88.2
g2188.t1	VFG045670(gb|WP_002286379)	25.439	342	228	8	13	339	3	332	1.83e-22	96.3
g2188.t1	VFG002197(gb|WP_002387027)	23.392	342	235	8	13	339	3	332	1.83e-21	93.2
g2188.t1	VFG045671(gb|WP_002294628)	25.146	342	229	8	13	339	3	332	1.86e-21	93.2
g2188.t1	VFG045668(gb|WP_002358859)	23.392	342	235	8	13	339	3	332	2.27e-21	93.2
g3305.t1	VFG002197(gb|WP_002387027)	24.444	315	222	7	8	312	5	313	1.08e-19	88.2
g3305.t1	VFG045668(gb|WP_002358859)	24.444	315	222	7	8	312	5	313	2.97e-19	87.0
g3305.t1	VFG045670(gb|WP_002286379)	25.079	315	220	7	8	312	5	313	3.01e-19	87.0
g3305.t1	VFG045671(gb|WP_002294628)	25.079	315	220	7	8	312	5	313	3.88e-19	86.7
g3455.t1	VFG002197(gb|WP_002387027)	22.727	352	223	11	9	333	2	331	1.78e-18	84.7
g3455.t1	VFG045668(gb|WP_002358859)	22.443	352	224	11	9	333	2	331	2.86e-17	81.3
g3455.t1	VFG045671(gb|WP_002294628)	24.079	353	217	12	9	333	2	331	1.19e-16	79.7
g3455.t1	VFG045670(gb|WP_002286379)	23.768	345	228	10	9	333	2	331	7.74e-16	77.0
