g70.t1	VFG049054(gb|WP_004852435)	44.474	380	196	8	4	382	3	368	1.10e-107	322
g70.t1	VFG026318(gb|WP_006484978)	43.041	388	201	9	7	391	4	374	1.45e-106	319
g70.t1	VFG049093(gb|WP_004890861)	44.173	369	191	8	7	374	6	360	2.19e-103	311
g70.t1	VFG049056(gb|WP_041168940)	44.173	369	191	8	7	374	11	365	3.87e-103	311
g70.t1	VFG049062(gb|WP_015875020)	44.173	369	191	8	7	374	6	360	3.98e-103	310
g70.t1	VFG049063(gb|WP_020947299)	44.086	372	193	8	4	374	3	360	7.37e-103	310
g70.t1	VFG002182(gb|WP_002376666)	43.850	374	198	7	2	374	5	367	7.90e-103	310
g70.t1	VFG001967(gb|YP_002344822)	42.971	377	200	8	5	381	2	363	7.71e-96	291
g70.t1	VFG049058(gb|YP_005227847)	43.478	322	167	8	71	391	1	308	1.42e-81	253
g70.t1	VFG017986(gb|WP_012006773)	33.422	377	236	7	8	381	7	371	5.12e-69	222
g70.t1	VFG016541(gb|NP_975951)	30.789	393	242	11	4	381	13	390	2.10e-54	185
g70.t1	VFG006004(gb|WP_001819836)	42.512	207	107	5	158	363	6	201	8.33e-47	159
g70.t1	VFG016534(gb|NP_975944)	31.023	303	189	7	4	296	13	305	1.55e-46	162
g667.t1	VFG049093(gb|WP_004890861)	77.285	383	87	0	1	383	1	383	0.0	645
g667.t1	VFG049062(gb|WP_015875020)	77.023	383	88	0	1	383	1	383	0.0	644
g667.t1	VFG049063(gb|WP_020947299)	77.023	383	88	0	1	383	1	383	0.0	642
g667.t1	VFG049056(gb|WP_041168940)	76.702	382	89	0	2	383	7	388	0.0	641
g667.t1	VFG049054(gb|WP_004852435)	75.196	383	95	0	1	383	1	383	0.0	633
g667.t1	VFG049058(gb|YP_005227847)	74.921	315	79	0	69	383	1	315	0.0	518
g667.t1	VFG026318(gb|WP_006484978)	57.937	378	159	0	4	381	2	379	3.56e-172	485
g667.t1	VFG002182(gb|WP_002376666)	40.166	361	209	4	7	362	11	369	1.04e-95	290
g667.t1	VFG001967(gb|YP_002344822)	38.764	356	212	5	7	360	5	356	5.85e-89	273
g667.t1	VFG017986(gb|WP_012006773)	38.147	367	219	6	1	361	1	365	7.43e-85	262
g667.t1	VFG016541(gb|NP_975951)	30.890	382	229	10	7	364	17	387	6.36e-55	185
g667.t1	VFG016534(gb|NP_975944)	30.333	300	179	8	7	287	17	305	2.61e-42	150
g667.t1	VFG006004(gb|WP_001819836)	34.518	197	126	3	155	349	6	201	1.03e-39	140
