g4667.t1	VFG050705(gb|WP_000840555.1)	36.965	257	142	5	190	435	130	377	1.02e-41	155
g4667.t1	VFG041031(gb|NP_251049)	42.411	224	118	4	200	422	32	245	1.87e-41	152
g4667.t1	VFG043173(gb|AAZ99735)	33.251	403	222	13	28	429	12	368	1.98e-41	154
g4667.t1	VFG050699(gb|WP_000840548.1)	37.768	233	136	3	203	435	154	377	2.59e-41	154
g4667.t1	VFG050696(gb|WP_000840549.1)	37.037	243	144	3	203	445	154	387	2.77e-41	154
g4667.t1	VFG050703(gb|WP_000840547.1)	37.768	233	136	3	203	435	154	377	2.86e-41	154
g4667.t1	VFG014368(gb|WP_014597048)	36.502	263	155	4	172	434	130	380	8.01e-41	153
g4667.t1	VFG043148(gb|WP_005478291)	36.797	231	129	3	197	424	132	348	1.48e-40	152
g4667.t1	VFG007498(gb|WP_005481102)	36.910	233	137	3	203	435	151	373	1.50e-40	152
g4667.t1	VFG007487(gb|WP_011079832)	37.004	227	133	3	209	434	148	365	3.88e-40	151
g4667.t1	VFG007486(gb|WP_005457658)	36.564	227	134	3	209	434	148	365	4.58e-40	151
g4667.t1	VFG038862(gb|WP_011898282)	32.512	406	227	13	25	429	9	368	5.58e-40	150
g4667.t1	VFG007489(gb|WP_011262361)	36.596	235	137	4	209	440	148	373	9.84e-40	150
g4667.t1	VFG007488(gb|WP_011150918)	36.564	227	134	3	209	434	148	365	1.98e-39	149
g4667.t1	VFG043319(gb|WP_010946589)	37.447	235	137	3	203	437	151	375	2.00e-39	149
g4667.t1	VFG015676(gb|WP_012273513)	31.880	367	215	11	88	434	30	381	2.92e-39	149
g4667.t1	VFG014363(gb|WP_003254443)	31.880	367	215	11	88	434	30	381	3.45e-39	149
g4667.t1	VFG014362(gb|WP_010955093)	31.880	367	215	11	88	434	30	381	3.45e-39	149
g4667.t1	VFG007499(gb|WP_011079830)	37.339	233	136	3	203	435	150	372	3.88e-39	149
g4667.t1	VFG013992(gb|WP_011921055)	38.819	237	136	3	201	437	147	374	6.26e-39	147
g4667.t1	VFG019824(gb|WP_015885197)	34.701	268	161	4	167	434	128	381	7.68e-39	148
g4667.t1	VFG007484(gb|WP_000079330)	34.914	232	140	4	204	434	144	365	8.80e-39	147
g4667.t1	VFG014361(gb|WP_011169094)	35.075	268	160	4	167	434	128	381	1.22e-38	147
g4667.t1	VFG014364(gb|WP_011534913)	31.624	351	206	9	103	434	46	381	2.56e-38	146
g4667.t1	VFG013993(gb|WP_026006503)	39.574	235	131	4	201	434	147	371	2.99e-38	145
g4667.t1	VFG007501(gb|WP_011262363)	37.339	233	136	3	203	435	151	373	3.20e-38	146
g4667.t1	VFG014366(gb|WP_003222863)	34.328	268	162	4	167	434	128	381	4.02e-38	146
g4667.t1	VFG014359(gb|WP_003382141)	34.701	268	161	4	167	434	128	381	4.22e-38	145
g4667.t1	VFG014367(gb|WP_012019027)	37.333	225	132	2	210	434	166	381	4.44e-38	145
g4667.t1	VFG038766(gb|WP_005350678)	36.626	243	142	4	198	437	134	367	4.66e-38	145
g4667.t1	VFG038764(gb|WP_017409846)	36.626	243	142	4	198	437	134	367	4.66e-38	145
g4667.t1	VFG042915(gb|WP_012030773)	37.179	234	136	4	203	435	149	372	5.76e-38	146
g4667.t1	VFG015677(gb|WP_012315528)	31.793	368	208	11	86	434	38	381	6.58e-38	145
g4667.t1	VFG014360(gb|WP_003316803)	34.701	268	161	4	167	434	128	381	6.71e-38	145
g4667.t1	VFG014365(gb|WP_011059970)	34.328	268	162	4	167	434	128	381	1.14e-37	144
g4667.t1	VFG019759(gb|WP_003110427)	38.034	234	134	4	202	434	148	371	1.78e-37	143
g4667.t1	VFG013991(gb|WP_011335994)	37.405	262	148	5	201	462	150	395	1.87e-37	143
g4667.t1	VFG001248(gb|NP_249788)	36.771	223	132	2	212	434	168	381	3.69e-37	143
g4667.t1	VFG014357(gb|WP_003152329)	36.771	223	132	2	212	434	168	381	3.76e-37	143
g4667.t1	VFG015172(gb|WP_011266877)	41.593	226	123	4	201	426	22	238	4.73e-37	139
g4667.t1	VFG038758(gb|WP_005350684)	39.419	241	134	5	205	443	145	375	4.84e-37	142
g4667.t1	VFG001214(gb|NP_253237)	37.607	234	135	4	202	434	148	371	8.57e-37	141
g4667.t1	VFG013985(gb|WP_012077306)	37.179	234	136	4	202	434	148	371	1.08e-36	141
g4667.t1	VFG038757(gb|WP_011898552)	39.419	241	134	5	205	443	145	375	1.13e-36	141
g4667.t1	VFG013989(gb|WP_011167664)	37.179	234	136	4	202	434	148	371	1.91e-36	140
g4667.t1	VFG007496(gb|WP_001190986)	35.622	233	140	3	203	435	151	373	2.11e-36	141
g4667.t1	VFG013988(gb|WP_011266589)	36.752	234	137	4	202	434	148	371	4.40e-36	139
g4667.t1	VFG013987(gb|WP_011103301)	37.339	233	137	3	202	434	149	372	6.83e-36	139
g4667.t1	VFG015171(gb|WP_011103533)	42.723	213	113	4	214	426	35	238	1.48e-35	135
g4667.t1	VFG038756(gb|WP_011706626)	38.961	231	130	4	205	434	145	365	1.91e-35	137
g4667.t1	VFG013990(gb|WP_011063538)	36.330	267	146	8	193	454	139	386	2.11e-35	137
g4667.t1	VFG019760(gb|WP_012722471)	36.800	250	137	5	193	436	147	381	2.64e-35	137
g4667.t1	VFG015173(gb|WP_011167989)	42.254	213	114	4	214	426	35	238	7.06e-35	133
g4667.t1	VFG002085(gb|WP_000084793)	32.670	352	176	12	84	422	114	417	3.24e-34	135
g4667.t1	VFG019828(gb|WP_015885195)	36.441	236	139	4	200	434	141	366	4.29e-34	134
g4667.t1	VFG014391(gb|WP_011059972)	35.593	236	141	4	200	434	141	366	7.77e-34	133
g4667.t1	VFG000116(gb|NP_254170)	35.484	248	151	3	188	435	146	384	1.00e-33	132
g4667.t1	VFG014386(gb|WP_011268444)	35.931	231	137	4	205	434	146	366	1.52e-33	132
g4667.t1	VFG014385(gb|WP_011103783)	35.345	232	139	4	205	435	146	367	1.63e-33	132
g4667.t1	VFG014387(gb|WP_004664453)	35.931	231	137	4	205	434	146	366	2.09e-33	132
g4667.t1	VFG014389(gb|WP_012051624)	34.754	305	178	6	200	503	139	423	2.31e-33	132
g4667.t1	VFG014392(gb|WP_011333047)	35.498	231	138	4	205	434	146	366	4.68e-33	131
g4667.t1	VFG014394(gb|WP_041755564)	38.934	244	128	6	197	434	138	366	5.54e-33	131
g4667.t1	VFG015680(gb|WP_012273511)	34.426	305	179	6	200	503	139	423	7.77e-33	130
g4667.t1	VFG014388(gb|WP_010955091)	34.426	305	179	6	200	503	139	423	1.32e-32	129
g4667.t1	VFG014390(gb|WP_011534911)	37.238	239	139	4	200	437	141	369	7.76e-32	127
g4667.t1	VFG043345(gb|WP_011946713)	33.906	233	143	4	205	436	144	366	1.21e-31	126
g4667.t1	VFG041021(gb|NP_250354)	39.241	237	132	5	152	385	155	382	1.82e-31	127
g4667.t1	VFG015681(gb|WP_012315526)	36.820	239	140	4	200	437	141	369	2.06e-31	126
g4667.t1	VFG043220(gb|WP_002211445)	30.864	243	159	2	193	435	19	252	4.88e-31	123
g4667.t1	VFG038398(gb|WP_005310706)	35.401	274	151	8	158	418	158	418	9.80e-31	125
g4667.t1	VFG011949(gb|WP_011732213)	29.333	300	197	7	137	434	83	369	1.44e-30	122
g4667.t1	VFG014383(gb|WP_012076712)	34.241	257	150	5	186	437	127	369	2.56e-30	123
g4667.t1	VFG015175(gb|WP_011266878)	37.441	211	123	2	214	424	33	234	3.77e-30	119
g4667.t1	VFG014393(gb|WP_012019025)	34.167	240	139	5	200	434	141	366	4.29e-30	122
g4667.t1	VFG001249(gb|NP_249790)	35.146	239	144	4	200	437	141	369	5.42e-30	122
g4667.t1	VFG015174(gb|WP_005763906)	37.915	211	122	2	214	424	33	234	6.22e-30	119
g4667.t1	VFG011947(gb|WP_002867162)	34.348	230	139	4	207	434	153	372	6.92e-30	121
g4667.t1	VFG017806(gb|WP_011990003)	34.348	230	139	4	207	434	153	372	6.99e-30	121
g4667.t1	VFG018054(gb|WP_002892246)	34.348	230	139	4	207	434	153	372	7.84e-30	121
g4667.t1	VFG011946(gb|YP_002344419)	33.913	230	140	4	207	434	153	372	9.69e-30	121
g4667.t1	VFG011948(gb|WP_002869127)	34.348	230	139	4	207	434	153	372	1.01e-29	121
g4667.t1	VFG038397(gb|WP_011705722)	33.617	235	147	4	184	418	193	418	3.77e-29	120
g4667.t1	VFG043381(gb|WP_000684509)	31.452	248	153	6	195	436	138	374	2.18e-28	116
g4667.t1	VFG015176(gb|WP_004656195)	36.019	211	126	2	214	424	33	234	7.13e-28	113
g4667.t1	VFG041499(gb|WP_004155355)	35.268	224	130	4	208	426	38	251	1.08e-27	113
g4667.t1	VFG042243(gb|AAC36805)	34.112	214	130	3	214	426	48	251	1.81e-26	109
g3285.t1	VFG014367(gb|WP_012019027)	35.570	298	170	5	207	491	166	454	6.99e-45	164
g3285.t1	VFG014357(gb|WP_003152329)	36.735	294	164	5	211	491	170	454	1.16e-44	164
g3285.t1	VFG001248(gb|NP_249788)	36.735	294	164	5	211	491	170	454	1.24e-44	164
g3285.t1	VFG038862(gb|WP_011898282)	36.090	266	157	4	199	464	152	404	3.66e-43	159
g3285.t1	VFG043173(gb|AAZ99735)	36.090	266	157	4	199	464	152	404	4.39e-43	159
g3285.t1	VFG050705(gb|WP_000840555.1)	35.659	258	146	5	187	433	130	378	9.00e-43	158
g3285.t1	VFG007486(gb|WP_005457658)	36.214	243	144	4	195	436	138	370	1.04e-42	158
g3285.t1	VFG014368(gb|WP_014597048)	35.662	272	160	4	164	433	124	382	1.75e-42	158
g3285.t1	VFG043148(gb|WP_005478291)	35.581	267	153	5	174	432	104	359	1.81e-42	157
g3285.t1	VFG050699(gb|WP_000840548.1)	36.515	241	140	4	197	433	147	378	2.05e-42	157
g3285.t1	VFG050703(gb|WP_000840547.1)	36.515	241	140	4	197	433	147	378	2.53e-42	157
g3285.t1	VFG050696(gb|WP_000840549.1)	36.929	241	139	4	197	433	147	378	2.58e-42	157
g3285.t1	VFG007487(gb|WP_011079832)	36.626	243	143	4	195	436	138	370	9.55e-42	155
g3285.t1	VFG013991(gb|WP_011335994)	37.805	246	142	4	190	434	142	377	1.07e-41	155
g3285.t1	VFG041031(gb|NP_251049)	37.255	255	149	4	175	428	10	254	2.57e-41	152
g3285.t1	VFG007488(gb|WP_011150918)	36.214	243	144	4	195	436	138	370	4.54e-41	154
g3285.t1	VFG013992(gb|WP_011921055)	37.449	243	141	4	190	431	139	371	4.64e-41	153
g3285.t1	VFG019760(gb|WP_012722471)	34.343	297	173	8	147	437	103	383	9.70e-41	152
g3285.t1	VFG007484(gb|WP_000079330)	35.124	242	148	4	195	436	138	370	9.98e-41	153
g3285.t1	VFG019759(gb|WP_003110427)	37.449	243	141	4	190	431	139	371	1.03e-40	152
g3285.t1	VFG007501(gb|WP_011262363)	34.909	275	161	4	175	449	129	385	1.54e-40	152
g3285.t1	VFG014362(gb|WP_010955093)	33.784	296	168	5	175	453	136	420	1.82e-40	152
g3285.t1	VFG015676(gb|WP_012273513)	33.784	296	168	5	175	453	136	420	1.84e-40	152
g3285.t1	VFG014363(gb|WP_003254443)	33.784	296	168	5	175	453	136	420	1.85e-40	152
g3285.t1	VFG015677(gb|WP_012315528)	34.122	296	167	5	175	453	136	420	2.26e-40	152
g3285.t1	VFG013985(gb|WP_012077306)	37.037	243	142	4	190	431	139	371	2.35e-40	151
g3285.t1	VFG019824(gb|WP_015885197)	34.483	290	162	5	180	452	141	419	2.81e-40	152
g3285.t1	VFG014364(gb|WP_011534913)	35.145	276	161	4	175	443	136	400	3.43e-40	152
g3285.t1	VFG001214(gb|NP_253237)	37.037	243	142	4	190	431	139	371	4.89e-40	150
g3285.t1	VFG043319(gb|WP_010946589)	34.074	270	157	5	172	431	114	372	5.02e-40	150
g3285.t1	VFG013993(gb|WP_026006503)	37.603	242	142	3	190	431	139	371	6.27e-40	150
g3285.t1	VFG007496(gb|WP_001190986)	31.420	331	202	7	126	446	69	384	1.02e-39	150
g3285.t1	VFG014366(gb|WP_003222863)	34.138	290	163	5	180	452	141	419	1.58e-39	150
g3285.t1	VFG038764(gb|WP_017409846)	35.878	262	155	4	195	456	141	389	1.68e-39	149
g3285.t1	VFG014359(gb|WP_003382141)	35.581	267	154	4	180	439	141	396	2.00e-39	149
g3285.t1	VFG014361(gb|WP_011169094)	35.581	267	154	4	180	439	141	396	2.08e-39	149
g3285.t1	VFG014360(gb|WP_003316803)	35.581	267	154	4	180	439	141	396	2.98e-39	149
g3285.t1	VFG038766(gb|WP_005350678)	35.662	272	163	3	211	482	153	412	3.53e-39	148
g3285.t1	VFG007489(gb|WP_011262361)	34.568	243	148	4	195	436	138	370	4.67e-39	148
g3285.t1	VFG014392(gb|WP_011333047)	35.484	248	149	4	185	431	129	366	7.89e-39	147
g3285.t1	VFG014365(gb|WP_011059970)	33.793	290	164	5	180	452	141	419	1.02e-38	147
g3285.t1	VFG013989(gb|WP_011167664)	38.034	234	134	4	199	431	148	371	1.09e-38	146
g3285.t1	VFG013987(gb|WP_011103301)	37.190	242	143	3	190	431	140	372	1.27e-38	146
g3285.t1	VFG007498(gb|WP_005481102)	34.661	251	148	4	196	446	150	384	1.32e-38	147
g3285.t1	VFG007499(gb|WP_011079830)	36.032	247	145	4	200	446	150	383	1.58e-38	147
g3285.t1	VFG013988(gb|WP_011266589)	37.607	234	135	4	199	431	148	371	1.92e-38	146
g3285.t1	VFG042915(gb|WP_012030773)	34.510	255	156	4	183	436	132	376	3.75e-38	146
g3285.t1	VFG014391(gb|WP_011059972)	34.959	246	149	4	190	434	134	369	5.55e-38	145
g3285.t1	VFG014390(gb|WP_011534911)	36.800	250	147	4	183	431	127	366	1.82e-37	143
g3285.t1	VFG014388(gb|WP_010955091)	37.600	250	145	4	183	431	125	364	1.93e-37	143
g3285.t1	VFG015680(gb|WP_012273511)	37.200	250	146	4	183	431	125	364	3.93e-37	142
g3285.t1	VFG014389(gb|WP_012051624)	37.200	250	146	4	183	431	125	364	5.73e-37	142
g3285.t1	VFG014386(gb|WP_011268444)	34.387	253	155	4	183	434	127	369	8.07e-37	142
g3285.t1	VFG014394(gb|WP_041755564)	35.772	246	147	4	190	434	134	369	8.95e-37	141
g3285.t1	VFG043345(gb|WP_011946713)	35.223	247	149	4	189	434	131	367	9.41e-37	141
g3285.t1	VFG014385(gb|WP_011103783)	34.694	245	149	4	191	434	135	369	9.83e-37	141
g3285.t1	VFG014387(gb|WP_004664453)	34.387	253	155	4	183	434	127	369	1.00e-36	141
g3285.t1	VFG019828(gb|WP_015885195)	35.391	243	146	4	190	431	134	366	1.29e-36	141
g3285.t1	VFG038757(gb|WP_011898552)	34.982	283	164	6	183	455	126	398	1.56e-36	140
g3285.t1	VFG013990(gb|WP_011063538)	35.857	251	148	7	193	442	142	380	1.80e-36	140
g3285.t1	VFG038758(gb|WP_005350684)	36.145	249	150	3	183	431	126	365	2.34e-36	140
g3285.t1	VFG043220(gb|WP_002211445)	31.760	233	150	2	210	442	39	262	5.23e-36	137
g3285.t1	VFG015172(gb|WP_011266877)	39.336	211	119	3	211	421	35	236	7.93e-36	135
g3285.t1	VFG014393(gb|WP_012019025)	33.597	253	157	4	183	434	127	369	1.77e-35	138
g3285.t1	VFG015681(gb|WP_012315526)	35.802	243	145	4	190	431	134	366	4.04e-35	137
g3285.t1	VFG000116(gb|NP_254170)	35.600	250	152	3	185	434	146	386	5.19e-35	136
g3285.t1	VFG014383(gb|WP_012076712)	34.000	250	154	4	183	431	127	366	6.05e-35	136
g3285.t1	VFG038756(gb|WP_011706626)	35.200	250	151	4	183	431	126	365	1.29e-34	135
g3285.t1	VFG001249(gb|NP_249790)	34.000	250	154	4	183	431	127	366	1.84e-34	135
g3285.t1	VFG002085(gb|WP_000084793)	38.947	190	112	2	180	369	187	372	2.22e-34	135
g3285.t1	VFG015171(gb|WP_011103533)	38.863	211	120	2	211	421	35	236	7.49e-34	130
g3285.t1	VFG015173(gb|WP_011167989)	38.863	211	120	2	211	421	35	236	1.53e-33	129
g3285.t1	VFG038398(gb|WP_005310706)	37.615	218	127	4	198	415	210	418	1.71e-33	133
g3285.t1	VFG041021(gb|NP_250354)	32.540	378	179	14	63	434	127	434	4.57e-33	132
g3285.t1	VFG038397(gb|WP_011705722)	37.895	190	114	2	198	387	210	395	4.65e-32	129
g3285.t1	VFG011949(gb|WP_011732213)	32.114	246	156	4	188	432	135	370	4.98e-32	126
g3285.t1	VFG011947(gb|WP_002867162)	33.190	232	145	3	204	434	153	375	7.49e-32	127
g3285.t1	VFG017806(gb|WP_011990003)	33.190	232	145	3	204	434	153	375	8.10e-32	127
g3285.t1	VFG018054(gb|WP_002892246)	33.190	232	145	3	204	434	153	375	8.18e-32	127
g3285.t1	VFG011948(gb|WP_002869127)	33.190	232	145	3	204	434	153	375	1.09e-31	126
g3285.t1	VFG011946(gb|YP_002344419)	32.759	232	146	3	204	434	153	375	1.10e-31	126
g3285.t1	VFG015175(gb|WP_011266878)	35.319	235	139	4	187	421	13	234	1.60e-30	120
g3285.t1	VFG043381(gb|WP_000684509)	30.579	242	155	4	194	431	140	372	2.17e-29	119
g3285.t1	VFG041499(gb|WP_004155355)	35.849	212	125	3	211	421	48	249	2.32e-29	118
g3285.t1	VFG015174(gb|WP_005763906)	33.884	242	129	4	189	421	15	234	6.81e-29	116
g3285.t1	VFG015176(gb|WP_004656195)	34.335	233	140	4	189	421	15	234	9.41e-29	115
g3285.t1	VFG042243(gb|AAC36805)	34.434	212	128	3	211	421	48	249	1.50e-28	115
