g208.t1	VFG030638(gb|WP_013828149)	31.217	189	123	2	30	212	19	206	8.62e-16	75.1
g208.t1	VFG030625(gb|WP_011856410)	28.141	199	138	2	18	212	12	209	2.92e-14	70.9
g208.t1	VFG030626(gb|WP_179967821)	27.638	199	139	2	18	212	8	205	4.35e-14	70.5
g208.t1	VFG030627(gb|WP_011561360)	27.638	199	139	2	18	212	12	209	5.05e-14	70.1
g208.t1	VFG030649(gb|WP_015289686)	29.255	188	126	2	31	212	19	205	6.24e-14	69.7
g208.t1	VFG030632(gb|YP_001702114)	29.016	193	130	2	31	217	22	213	7.82e-14	69.7
g208.t1	VFG030646(gb|WP_016342137)	29.016	193	130	2	31	217	22	213	8.38e-14	69.7
g208.t1	VFG030629(gb|WP_094987104)	28.571	189	128	2	30	212	27	214	1.39e-13	68.9
g208.t1	VFG030616(gb|NP_215753)	28.723	188	127	2	31	212	19	205	1.99e-13	68.6
g208.t1	VFG030620(gb|WP_003875534)	29.630	189	126	2	30	212	23	210	2.26e-13	68.2
g208.t1	VFG030621(gb|WP_031351550)	29.630	189	126	2	30	212	23	210	2.42e-13	68.2
g208.t1	VFG030650(gb|WP_015292798)	28.723	188	127	2	31	212	19	205	2.56e-13	68.2
g208.t1	VFG030642(gb|WP_014711072)	29.630	189	126	2	30	212	23	210	2.85e-13	68.2
g208.t1	VFG030645(gb|WP_014379470)	29.630	189	126	2	30	212	23	210	2.91e-13	68.2
g208.t1	VFG030651(gb|WP_015356779)	28.571	189	128	2	30	212	27	214	3.42e-13	67.8
g208.t1	VFG030643(gb|WP_014382018)	29.787	188	125	2	31	212	24	210	3.53e-13	67.8
g208.t1	VFG030637(gb|WP_049785257)	28.571	189	128	2	30	212	27	214	5.08e-13	67.4
g208.t1	VFG030670(gb|WP_198345115)	27.136	199	140	2	18	212	8	205	5.51e-13	67.0
g208.t1	VFG030641(gb|WP_014941455)	29.101	189	127	2	30	212	23	210	4.01e-12	64.7
g208.t1	VFG030661(gb|YP_007957368)	27.869	183	125	2	36	212	1	182	5.84e-12	63.5
g208.t1	VFG030624(gb|WP_175048396)	27.835	194	135	2	23	212	13	205	5.92e-12	64.3
g208.t1	VFG030636(gb|WP_010908120)	28.723	188	127	2	31	212	32	218	9.27e-11	60.8
g208.t1	VFG030618(gb|WP_162618319)	28.723	188	127	2	31	212	19	205	9.57e-11	60.8
g208.t1	VFG030623(gb|WP_011894705)	25.472	212	142	6	28	228	17	223	2.98e-10	59.3
g208.t1	VFG030630(gb|WP_011779762)	25.472	212	142	6	28	228	17	223	5.31e-10	58.5
g208.t1	VFG013568(gb|WP_005687630)	30.818	159	99	4	73	227	53	204	1.68e-09	57.8
g208.t1	VFG000343(gb|WP_164927854)	30.769	156	103	4	73	227	53	204	6.90e-09	55.8
g307.t1	VFG013568(gb|WP_005687630)	27.273	187	123	5	77	263	69	242	8.13e-09	56.2
g307.t1	VFG000343(gb|WP_164927854)	27.807	187	122	5	77	263	69	242	2.50e-08	54.7
g307.t1	VFG030651(gb|WP_015356779)	25.610	164	107	5	47	206	62	214	2.26e-06	48.1
g307.t1	VFG030637(gb|WP_049785257)	25.610	164	107	5	47	206	62	214	2.36e-06	48.1
g307.t1	VFG030629(gb|WP_094987104)	25.000	164	108	4	47	206	62	214	3.80e-06	47.4
g307.t1	VFG030661(gb|YP_007957368)	25.000	160	113	3	47	206	30	182	5.10e-06	46.6
g307.t1	VFG030625(gb|WP_011856410)	25.000	164	108	5	47	206	57	209	6.50e-06	46.6
g307.t1	VFG030616(gb|NP_215753)	25.000	160	113	3	47	206	53	205	6.75e-06	46.6
g307.t1	VFG030650(gb|WP_015292798)	25.000	160	113	3	47	206	53	205	7.81e-06	46.2
g307.t1	VFG030627(gb|WP_011561360)	25.000	164	108	5	47	206	57	209	8.09e-06	46.2
g307.t1	VFG030632(gb|YP_001702114)	23.832	214	145	7	47	253	56	258	8.91e-06	46.2
g307.t1	VFG030626(gb|WP_179967821)	25.000	164	108	5	47	206	53	205	8.96e-06	46.2
g307.t1	VFG030646(gb|WP_016342137)	23.832	214	145	7	47	253	56	258	9.94e-06	46.2
g328.t1	VFG030630(gb|WP_011779762)	24.766	214	148	4	1	207	1	208	1.66e-12	65.9
g328.t1	VFG030623(gb|WP_011894705)	24.299	214	149	4	1	207	1	208	5.29e-12	64.3
g328.t1	VFG030632(gb|YP_001702114)	25.490	204	143	2	14	208	8	211	9.46e-10	57.8
g328.t1	VFG030646(gb|WP_016342137)	25.490	204	143	2	14	208	8	211	1.22e-09	57.4
g328.t1	VFG013568(gb|WP_005687630)	27.368	190	124	4	60	245	46	225	1.29e-08	55.1
g328.t1	VFG013568(gb|WP_005687630)	29.586	169	107	5	61	222	305	468	1.00e-07	52.4
g328.t1	VFG030670(gb|WP_198345115)	25.616	203	150	1	3	205	4	205	1.45e-08	54.3
g328.t1	VFG030625(gb|WP_011856410)	28.986	138	98	0	68	205	72	209	6.53e-08	52.4
g328.t1	VFG030626(gb|WP_179967821)	28.986	138	98	0	68	205	68	205	7.22e-08	52.0
g328.t1	VFG030627(gb|WP_011561360)	28.986	138	98	0	68	205	72	209	7.57e-08	52.0
g328.t1	VFG030638(gb|WP_013828149)	26.368	201	139	2	14	205	6	206	9.77e-08	51.6
g328.t1	VFG000343(gb|WP_164927854)	27.895	190	123	5	60	245	46	225	1.25e-07	52.0
g328.t1	VFG000343(gb|WP_164927854)	28.994	169	108	5	61	222	305	468	2.52e-07	51.2
g328.t1	VFG030629(gb|WP_094987104)	28.261	138	99	0	68	205	77	214	1.72e-07	51.2
g328.t1	VFG030624(gb|WP_175048396)	25.743	202	140	2	14	205	4	205	1.97e-07	50.8
g328.t1	VFG030620(gb|WP_003875534)	28.261	138	99	0	68	205	73	210	2.34e-07	50.8
g328.t1	VFG030621(gb|WP_031351550)	28.261	138	99	0	68	205	73	210	2.41e-07	50.4
g328.t1	VFG030651(gb|WP_015356779)	28.261	138	99	0	68	205	77	214	2.95e-07	50.4
g328.t1	VFG030661(gb|YP_007957368)	28.261	138	99	0	68	205	45	182	3.87e-07	49.7
g328.t1	VFG030616(gb|NP_215753)	28.261	138	99	0	68	205	68	205	3.99e-07	50.1
g328.t1	VFG030637(gb|WP_049785257)	28.261	138	99	0	68	205	77	214	4.15e-07	50.1
g328.t1	VFG030650(gb|WP_015292798)	28.261	138	99	0	68	205	68	205	4.46e-07	49.7
g328.t1	VFG030645(gb|WP_014379470)	27.536	138	100	0	68	205	73	210	1.00e-06	48.9
g328.t1	VFG030643(gb|WP_014382018)	27.536	138	100	0	68	205	73	210	1.10e-06	48.5
g328.t1	VFG030641(gb|WP_014941455)	27.536	138	100	0	68	205	73	210	1.13e-06	48.5
g328.t1	VFG030642(gb|WP_014711072)	27.536	138	100	0	68	205	73	210	1.14e-06	48.5
g328.t1	VFG030649(gb|WP_015289686)	27.536	138	100	0	68	205	68	205	2.01e-06	47.8
g616.t1	VFG030670(gb|WP_198345115)	29.362	235	156	5	23	248	15	248	3.42e-15	73.6
g616.t1	VFG030646(gb|WP_016342137)	26.582	237	160	5	23	248	18	251	6.57e-15	72.8
g616.t1	VFG030632(gb|YP_001702114)	26.582	237	160	5	23	248	18	251	7.25e-15	72.8
g616.t1	VFG030623(gb|WP_011894705)	25.403	248	175	4	23	260	14	261	1.21e-13	69.3
g616.t1	VFG030630(gb|WP_011779762)	25.403	248	175	4	23	260	14	261	1.86e-13	68.6
g616.t1	VFG030625(gb|WP_011856410)	27.660	235	160	5	23	248	19	252	5.09e-13	67.4
g616.t1	VFG030626(gb|WP_179967821)	27.660	235	160	5	23	248	15	248	6.48e-13	67.0
g616.t1	VFG030627(gb|WP_011561360)	27.660	235	160	5	23	248	19	252	6.73e-13	67.0
g616.t1	VFG030620(gb|WP_003875534)	28.000	200	131	3	19	210	16	210	3.91e-12	65.1
g616.t1	VFG030621(gb|WP_031351550)	28.000	200	131	3	19	210	16	210	4.02e-12	64.7
g616.t1	VFG030624(gb|WP_175048396)	26.809	235	162	5	23	248	15	248	1.32e-11	63.2
g616.t1	VFG030650(gb|WP_015292798)	28.500	200	130	3	19	210	11	205	2.33e-11	62.8
g616.t1	VFG030637(gb|WP_049785257)	25.510	196	141	2	19	210	20	214	2.34e-11	62.8
g616.t1	VFG030629(gb|WP_094987104)	26.531	196	131	3	23	210	24	214	2.52e-11	62.8
g616.t1	VFG030651(gb|WP_015356779)	26.042	192	137	2	23	210	24	214	2.67e-11	62.4
g616.t1	VFG030649(gb|WP_015289686)	28.205	195	137	2	19	210	11	205	3.07e-11	62.4
g616.t1	VFG030616(gb|NP_215753)	27.692	195	138	2	19	210	11	205	5.13e-11	61.6
g616.t1	VFG030661(gb|YP_007957368)	27.451	153	111	0	58	210	30	182	5.15e-11	61.2
g616.t1	VFG030618(gb|WP_162618319)	26.904	197	137	2	19	210	11	205	2.77e-10	59.3
g616.t1	VFG030636(gb|WP_010908120)	26.904	197	137	2	19	210	24	218	4.21e-10	58.9
g616.t1	VFG030638(gb|WP_013828149)	26.842	190	136	2	24	210	17	206	4.74e-10	58.9
g616.t1	VFG030641(gb|WP_014941455)	26.154	195	141	2	19	210	16	210	1.08e-09	57.8
g616.t1	VFG030645(gb|WP_014379470)	26.154	195	141	2	19	210	16	210	1.48e-09	57.4
g616.t1	VFG030642(gb|WP_014711072)	26.154	195	141	2	19	210	16	210	1.51e-09	57.4
g616.t1	VFG030643(gb|WP_014382018)	26.115	157	116	0	54	210	54	210	7.39e-09	55.5
g616.t1	VFG013568(gb|WP_005687630)	28.244	131	91	1	71	201	52	179	3.01e-06	48.1
g3316.t1	VFG030572(gb|WP_085975495)	26.383	235	146	8	2	217	8	234	6.31e-06	46.6
g3681.t1	VFG030629(gb|WP_094987104)	31.765	170	109	3	31	196	48	214	4.77e-13	67.4
g3681.t1	VFG030637(gb|WP_049785257)	31.765	170	109	3	31	196	48	214	7.68e-13	66.6
g3681.t1	VFG030651(gb|WP_015356779)	31.765	170	109	3	31	196	48	214	9.23e-13	66.2
g3681.t1	VFG030638(gb|WP_013828149)	30.380	158	105	2	43	196	50	206	2.03e-11	62.4
g3681.t1	VFG030649(gb|WP_015289686)	28.481	158	108	2	43	196	49	205	3.22e-11	62.0
g3681.t1	VFG030620(gb|WP_003875534)	30.380	158	105	2	43	196	54	210	4.50e-11	61.6
g3681.t1	VFG030621(gb|WP_031351550)	30.380	158	105	2	43	196	54	210	4.58e-11	61.6
g3681.t1	VFG030661(gb|YP_007957368)	29.114	158	107	2	43	196	26	182	4.94e-11	60.8
g3681.t1	VFG030616(gb|NP_215753)	29.114	158	107	2	43	196	49	205	5.56e-11	61.2
g3681.t1	VFG030646(gb|WP_016342137)	29.747	158	106	2	43	196	52	208	6.56e-11	60.8
g3681.t1	VFG030650(gb|WP_015292798)	29.114	158	107	2	43	196	49	205	6.73e-11	60.8
g3681.t1	VFG030632(gb|YP_001702114)	29.747	158	106	2	43	196	52	208	7.02e-11	60.8
g3681.t1	VFG030625(gb|WP_011856410)	29.114	158	107	2	43	196	53	209	1.42e-10	60.1
g3681.t1	VFG030626(gb|WP_179967821)	29.114	158	107	2	43	196	49	205	1.62e-10	59.7
g3681.t1	VFG030627(gb|WP_011561360)	29.114	158	107	2	43	196	53	209	1.75e-10	59.7
g3681.t1	VFG030645(gb|WP_014379470)	29.114	158	107	2	43	196	54	210	1.97e-10	59.7
g3681.t1	VFG030642(gb|WP_014711072)	29.114	158	107	2	43	196	54	210	1.97e-10	59.7
g3681.t1	VFG030641(gb|WP_014941455)	29.114	158	107	2	43	196	54	210	2.25e-10	59.3
g3681.t1	VFG030643(gb|WP_014382018)	29.114	158	107	2	43	196	54	210	2.39e-10	59.3
g3681.t1	VFG030623(gb|WP_011894705)	27.215	158	112	1	43	197	50	207	5.21e-10	58.5
g3681.t1	VFG030670(gb|WP_198345115)	28.481	158	108	2	43	196	49	205	1.73e-09	57.0
g3681.t1	VFG030618(gb|WP_162618319)	28.481	158	108	2	43	196	49	205	2.19e-09	56.6
g3681.t1	VFG030636(gb|WP_010908120)	28.481	158	108	2	43	196	62	218	2.23e-09	56.6
g3681.t1	VFG030630(gb|WP_011779762)	25.316	158	115	1	43	197	50	207	1.37e-08	54.3
g3681.t1	VFG030624(gb|WP_175048396)	27.273	154	107	2	47	196	53	205	7.62e-07	48.9
g813.t1	VFG013568(gb|WP_005687630)	27.751	209	135	7	49	256	37	230	2.21e-10	60.8
g813.t1	VFG000343(gb|WP_164927854)	28.846	208	134	7	49	256	37	230	4.28e-10	59.7
g813.t1	VFG036547(gb|WP_013449338)	30.415	217	134	9	44	258	33	234	2.76e-08	54.3
g813.t1	VFG036536(gb|WP_002233656)	29.952	207	129	8	54	258	42	234	4.76e-08	53.5
g813.t1	VFG000249(gb|WP_002214251)	29.952	207	129	8	54	258	42	234	4.93e-08	53.5
g813.t1	VFG019712(gb|WP_010357027)	30.435	207	128	8	54	258	42	234	5.75e-08	53.5
g813.t1	VFG006255(gb|WP_025456388)	30.435	207	128	8	54	258	42	234	6.36e-08	53.1
g813.t1	VFG006252(gb|WP_002246860)	29.469	207	130	8	54	258	42	234	1.74e-07	52.0
g813.t1	VFG030650(gb|WP_015292798)	27.607	163	105	5	52	211	53	205	7.45e-06	46.2
g813.t1	VFG030661(gb|YP_007957368)	27.607	163	105	5	52	211	30	182	8.12e-06	45.8
g813.t1	VFG030649(gb|WP_015289686)	28.313	166	93	8	53	211	59	205	8.94e-06	46.2
g813.t1	VFG030632(gb|YP_001702114)	25.595	168	110	6	52	215	56	212	9.92e-06	45.8
g1142.t1	VFG030620(gb|WP_003875534)	28.105	153	110	0	47	199	58	210	3.68e-12	64.7
g1142.t1	VFG030621(gb|WP_031351550)	28.105	153	110	0	47	199	58	210	3.86e-12	64.7
g1142.t1	VFG030624(gb|WP_175048396)	26.144	153	113	0	47	199	53	205	4.03e-12	64.7
g1142.t1	VFG030625(gb|WP_011856410)	26.144	153	113	0	47	199	57	209	5.79e-12	64.3
g1142.t1	VFG030627(gb|WP_011561360)	25.490	153	114	0	47	199	57	209	9.10e-12	63.5
g1142.t1	VFG030626(gb|WP_179967821)	25.490	153	114	0	47	199	53	205	9.24e-12	63.5
g1142.t1	VFG030645(gb|WP_014379470)	26.797	153	112	0	47	199	58	210	3.25e-11	62.0
g1142.t1	VFG030642(gb|WP_014711072)	26.797	153	112	0	47	199	58	210	3.38e-11	62.0
g1142.t1	VFG030641(gb|WP_014941455)	26.797	153	112	0	47	199	58	210	3.41e-11	62.0
g1142.t1	VFG030670(gb|WP_198345115)	24.837	153	115	0	47	199	53	205	3.45e-11	62.0
g1142.t1	VFG030650(gb|WP_015292798)	26.144	153	113	0	47	199	53	205	4.26e-11	61.6
g1142.t1	VFG030616(gb|NP_215753)	26.144	153	113	0	47	199	53	205	5.56e-11	61.2
g1142.t1	VFG030629(gb|WP_094987104)	26.144	153	113	0	47	199	62	214	7.18e-11	60.8
g1142.t1	VFG030661(gb|YP_007957368)	26.144	153	113	0	47	199	30	182	7.87e-11	60.5
g1142.t1	VFG030643(gb|WP_014382018)	26.144	153	113	0	47	199	58	210	8.78e-11	60.8
g1142.t1	VFG030649(gb|WP_015289686)	25.490	153	114	0	47	199	53	205	1.30e-10	60.1
g1142.t1	VFG030651(gb|WP_015356779)	26.144	153	113	0	47	199	62	214	1.66e-10	60.1
g1142.t1	VFG030637(gb|WP_049785257)	26.144	153	113	0	47	199	62	214	1.77e-10	59.7
g1142.t1	VFG030638(gb|WP_013828149)	26.144	153	113	0	47	199	54	206	2.68e-10	59.3
g1142.t1	VFG030618(gb|WP_162618319)	26.797	153	112	0	47	199	53	205	3.28e-10	58.9
g1142.t1	VFG030636(gb|WP_010908120)	26.797	153	112	0	47	199	66	218	3.37e-10	58.9
g1142.t1	VFG030623(gb|WP_011894705)	25.490	153	114	0	47	199	54	206	3.11e-09	56.2
g1142.t1	VFG030632(gb|YP_001702114)	23.567	157	120	0	47	203	56	212	4.02e-09	55.8
g1142.t1	VFG030646(gb|WP_016342137)	23.567	157	120	0	47	203	56	212	4.17e-09	55.8
g1142.t1	VFG030630(gb|WP_011779762)	26.812	138	101	0	62	199	69	206	6.18e-09	55.5
