g1117.t1	VFG001252(gb|NP_249793)	100.000	338	0	0	1	338	1	338	0.0	674
g1117.t1	VFG014422(gb|WP_012076710)	99.408	338	2	0	1	338	1	338	0.0	672
g1117.t1	VFG014432(gb|WP_012019023)	90.237	338	33	0	1	338	1	338	0.0	621
g1117.t1	VFG019834(gb|WP_015885192)	88.462	338	39	0	1	338	1	338	0.0	615
g1117.t1	VFG014431(gb|WP_007958288)	89.381	339	35	1	1	338	1	339	0.0	613
g1117.t1	VFG014430(gb|WP_011059975)	89.381	339	35	1	1	338	1	339	0.0	613
g1117.t1	VFG014424(gb|WP_002554291)	87.574	338	42	0	1	338	1	338	0.0	605
g1117.t1	VFG014433(gb|WP_011913700)	87.574	338	42	0	1	338	1	338	0.0	605
g1117.t1	VFG014425(gb|WP_011268442)	87.278	338	43	0	1	338	1	338	0.0	604
g1117.t1	VFG014429(gb|WP_011534908)	87.316	339	42	1	1	338	1	339	0.0	602
g1117.t1	VFG015687(gb|WP_012315523)	86.431	339	45	1	1	338	1	339	0.0	597
g1117.t1	VFG014427(gb|WP_003254434)	85.841	339	47	1	1	338	1	339	0.0	595
g1117.t1	VFG014428(gb|WP_012051626)	84.956	339	50	1	1	338	1	339	0.0	590
g1117.t1	VFG038631(gb|WP_011705273)	59.644	337	136	0	2	338	17	353	2.56e-143	409
g1117.t1	VFG038633(gb|WP_005334749)	59.347	337	137	0	2	338	17	353	6.08e-143	408
g1117.t1	VFG007471(gb|WP_005420359)	59.517	331	133	1	8	338	21	350	2.45e-142	406
g1117.t1	VFG038632(gb|WP_005319333)	59.697	330	133	0	9	338	24	353	4.91e-141	403
g1117.t1	VFG007468(gb|WP_005457745)	59.036	332	135	1	7	338	21	351	2.09e-137	394
g1117.t1	VFG007466(gb|WP_001030089)	58.769	325	133	1	14	338	25	348	6.22e-134	385
g1117.t1	VFG007469(gb|WP_011079835)	58.154	325	135	1	14	338	28	351	5.31e-133	382
g1117.t1	VFG002005(gb|WP_010947485)	50.000	326	163	0	13	338	4	329	2.70e-122	354
g1117.t1	VFG025524(gb|WP_009893507)	51.411	319	155	0	15	333	8	326	8.47e-118	343
g1117.t1	VFG025512(gb|WP_011546444)	51.411	319	155	0	15	333	8	326	2.16e-117	342
g1117.t1	VFG002501(gb|WP_004197167)	50.467	321	159	0	13	333	6	326	3.77e-117	341
g1117.t1	VFG025515(gb|WP_012329408)	51.411	319	155	0	15	333	8	326	4.25e-117	341
g1117.t1	VFG025517(gb|WP_004203427)	50.156	321	160	0	13	333	6	326	1.83e-116	340
g1117.t1	VFG025514(gb|WP_006484813)	51.097	319	156	0	15	333	8	326	5.89e-116	338
g1117.t1	VFG011364(gb|WP_012417384)	49.398	332	166	2	3	333	2	332	2.53e-105	311
g1117.t1	VFG011361(gb|WP_003817203)	48.615	325	165	2	10	333	8	331	1.70e-102	304
g1117.t1	VFG011362(gb|WP_003811838)	48.308	325	166	2	10	333	8	331	3.37e-102	303
g1117.t1	VFG002329(gb|WP_005160381)	47.678	323	167	2	10	331	3	324	1.94e-101	301
g1117.t1	VFG002658(gb|WP_002211142)	47.059	323	169	2	10	331	3	324	5.06e-101	300
g1117.t1	VFG043057(gb|NP_460923)	44.615	325	178	2	8	331	2	325	3.00e-97	291
g1117.t1	VFG043108(gb|WP_000067959)	44.615	325	178	2	8	331	2	325	1.59e-95	286
g1117.t1	VFG043295(gb|WP_011860698)	31.173	324	223	0	15	338	32	355	4.76e-58	191
g1117.t1	VFG043176(gb|AAZ99738)	32.110	327	221	1	1	327	6	331	5.05e-52	175
g1117.t1	VFG038865(gb|WP_005314289)	32.110	327	221	1	1	327	6	331	6.59e-52	174
g1117.t1	VFG043145(gb|WP_005478340)	30.816	331	226	2	1	329	1	330	1.02e-49	169
g1117.t1	VFG006565(gb|WP_011115452)	28.173	323	230	2	9	330	15	336	6.11e-48	164
g1117.t1	VFG001898(gb|YP_002343757)	28.485	330	232	3	10	338	15	341	1.95e-47	163
g1117.t1	VFG011869(gb|WP_002848349)	28.788	330	231	3	10	338	15	341	2.02e-47	163
g1117.t1	VFG006561(gb|WP_000201859)	28.483	323	229	2	9	330	15	336	7.76e-47	161
g1117.t1	VFG017786(gb|WP_011990667)	28.485	330	232	3	10	338	15	341	8.15e-47	161
g1117.t1	VFG019575(gb|WP_000201852)	28.173	323	230	2	9	330	15	336	2.12e-46	160
g1117.t1	VFG006562(gb|WP_000201853)	28.173	323	230	2	9	330	15	336	5.15e-46	159
g1117.t1	VFG019573(gb|WP_000201863)	28.173	323	230	2	9	330	15	336	5.78e-46	159
g1117.t1	VFG006564(gb|WP_011577853)	27.812	320	229	2	9	327	15	333	2.40e-44	155
g1117.t1	VFG043223(gb|WP_002211442)	30.284	317	219	2	11	327	22	336	1.17e-43	153
g1117.t1	VFG043420(gb|WP_000883351)	28.354	328	224	8	14	336	9	330	1.47e-34	129
g1117.t1	VFG043273(gb|NP_464241)	25.532	329	231	6	10	329	36	359	2.65e-23	99.0
g1117.t1	VFG016781(gb|WP_005767802)	24.316	329	233	6	15	335	41	361	1.46e-21	94.0
g1840.t1	VFG043057(gb|NP_460923)	100.000	331	0	0	1	331	1	331	0.0	659
g1840.t1	VFG043108(gb|WP_000067959)	96.375	331	12	0	1	331	1	331	0.0	635
g1840.t1	VFG002658(gb|WP_002211142)	83.283	329	55	0	3	331	2	330	0.0	558
g1840.t1	VFG002329(gb|WP_005160381)	83.283	329	55	0	3	331	2	330	0.0	557
g1840.t1	VFG011361(gb|WP_003817203)	60.486	329	129	1	4	331	8	336	7.58e-147	417
g1840.t1	VFG011362(gb|WP_003811838)	60.182	329	130	1	4	331	8	336	1.40e-146	416
g1840.t1	VFG011364(gb|WP_012417384)	59.574	329	132	1	4	331	9	337	8.68e-144	409
g1840.t1	VFG025524(gb|WP_009893507)	58.610	331	134	3	3	331	2	331	4.64e-135	387
g1840.t1	VFG025512(gb|WP_011546444)	58.610	331	134	3	3	331	2	331	5.53e-135	386
g1840.t1	VFG025514(gb|WP_006484813)	58.610	331	134	3	3	331	2	331	6.59e-135	386
g1840.t1	VFG002501(gb|WP_004197167)	58.610	331	134	3	3	331	2	331	9.76e-135	386
g1840.t1	VFG025515(gb|WP_012329408)	58.610	331	134	3	3	331	2	331	1.43e-134	385
g1840.t1	VFG025517(gb|WP_004203427)	58.308	331	135	3	3	331	2	331	3.66e-134	384
g1840.t1	VFG014433(gb|WP_011913700)	45.538	325	175	2	2	325	8	331	5.63e-98	293
g1840.t1	VFG001252(gb|NP_249793)	44.615	325	178	2	2	325	8	331	2.94e-97	291
g1840.t1	VFG014422(gb|WP_012076710)	44.615	325	178	2	2	325	8	331	7.57e-97	290
g1840.t1	VFG014432(gb|WP_012019023)	44.923	325	177	2	2	325	8	331	7.83e-97	290
g1840.t1	VFG014424(gb|WP_002554291)	43.865	326	181	2	1	325	7	331	1.91e-96	288
g1840.t1	VFG014429(gb|WP_011534908)	44.000	325	180	2	2	325	9	332	4.40e-96	288
g1840.t1	VFG015687(gb|WP_012315523)	44.000	325	180	2	2	325	9	332	6.37e-96	287
g1840.t1	VFG014425(gb|WP_011268442)	43.252	326	183	2	1	325	7	331	2.25e-95	286
g1840.t1	VFG014427(gb|WP_003254434)	44.000	325	180	2	2	325	9	332	2.86e-95	286
g1840.t1	VFG019834(gb|WP_015885192)	43.252	326	183	2	1	325	7	331	4.13e-95	285
g1840.t1	VFG014431(gb|WP_007958288)	43.558	326	182	2	1	325	8	332	1.51e-94	284
g1840.t1	VFG014428(gb|WP_012051626)	43.385	325	182	2	2	325	9	332	6.67e-94	282
g1840.t1	VFG014430(gb|WP_011059975)	43.385	325	182	2	2	325	9	332	1.21e-93	281
g1840.t1	VFG002005(gb|WP_010947485)	42.724	323	183	2	4	325	1	322	6.17e-90	272
g1840.t1	VFG007471(gb|WP_005420359)	39.759	332	198	2	1	331	20	350	2.42e-85	261
g1840.t1	VFG007468(gb|WP_005457745)	39.275	331	199	2	2	331	22	351	4.69e-82	252
g1840.t1	VFG007469(gb|WP_011079835)	38.855	332	201	2	1	331	21	351	1.58e-81	251
g1840.t1	VFG007466(gb|WP_001030089)	38.855	332	201	2	1	331	18	348	5.12e-80	247
g1840.t1	VFG038632(gb|WP_005319333)	40.061	327	194	2	1	326	22	347	1.73e-78	243
g1840.t1	VFG038633(gb|WP_005334749)	39.755	327	195	2	1	326	22	347	4.64e-78	242
g1840.t1	VFG038631(gb|WP_011705273)	39.755	327	195	2	1	326	22	347	6.08e-78	242
g1840.t1	VFG006565(gb|WP_011115452)	32.209	326	221	0	4	329	16	341	2.02e-55	183
g1840.t1	VFG011869(gb|WP_002848349)	30.982	326	225	0	3	328	14	339	6.96e-55	182
g1840.t1	VFG001898(gb|YP_002343757)	30.675	326	226	0	3	328	14	339	1.42e-53	179
g1840.t1	VFG017786(gb|WP_011990667)	31.230	317	218	0	3	319	14	330	5.76e-53	177
g1840.t1	VFG006562(gb|WP_000201853)	30.488	328	228	0	1	328	13	340	8.89e-51	171
g1840.t1	VFG019573(gb|WP_000201863)	30.488	328	228	0	1	328	13	340	1.33e-50	171
g1840.t1	VFG019575(gb|WP_000201852)	30.183	328	229	0	1	328	13	340	8.93e-50	169
g1840.t1	VFG006561(gb|WP_000201859)	30.183	328	229	0	1	328	13	340	9.02e-50	169
g1840.t1	VFG006564(gb|WP_011577853)	30.094	319	223	0	1	319	13	331	2.58e-48	165
g1840.t1	VFG043295(gb|WP_011860698)	30.530	321	217	3	6	323	29	346	1.44e-44	155
g1840.t1	VFG038865(gb|WP_005314289)	31.250	320	217	3	3	321	14	331	5.35e-38	138
g1840.t1	VFG043176(gb|AAZ99738)	31.250	320	217	3	3	321	14	331	8.22e-38	137
g1840.t1	VFG043145(gb|WP_005478340)	28.213	319	226	3	4	321	12	328	1.29e-34	129
g1840.t1	VFG043223(gb|WP_002211442)	31.464	321	214	4	5	323	22	338	1.24e-33	126
g1840.t1	VFG043420(gb|WP_000883351)	27.327	333	233	7	1	328	2	330	2.23e-31	120
g1840.t1	VFG043273(gb|NP_464241)	27.027	333	233	5	2	327	34	363	8.55e-20	89.0
g1840.t1	VFG016781(gb|WP_005767802)	22.531	324	241	5	1	319	33	351	2.75e-12	66.6
