g3627.t1	VFG046915(gb|WP_012279795)	27.792	385	264	8	17	391	23	403	5.97e-34	135
g3627.t1	VFG046930(gb|WP_013923064)	25.962	312	220	4	26	328	26	335	3.67e-33	133
g3627.t1	VFG046916(gb|WP_003016998)	29.275	345	229	7	9	343	14	353	3.08e-30	124
g3627.t1	VFG046914(gb|WP_003038581)	28.889	360	245	7	9	360	14	370	7.96e-30	123
g3627.t1	VFG046926(gb|WP_014549484)	29.446	343	229	7	9	343	14	351	1.31e-29	122
g3627.t1	VFG046919(gb|WP_012429781)	28.863	343	233	7	9	343	14	353	3.72e-29	121
g3627.t1	VFG046921(gb|WP_003020232)	28.571	343	234	7	9	343	14	353	2.18e-28	119
g3627.t1	VFG046923(gb|WP_014548552)	28.406	345	232	7	9	343	14	353	4.17e-28	118
g2146.t1	VFG046930(gb|WP_013923064)	28.754	313	206	6	28	327	27	335	3.11e-32	130
g2146.t1	VFG046915(gb|WP_012279795)	30.351	313	205	7	25	327	29	338	3.54e-30	124
g2146.t1	VFG046914(gb|WP_003038581)	28.775	351	233	9	26	363	30	376	9.70e-28	117
g2146.t1	VFG046916(gb|WP_003016998)	28.324	346	236	7	26	362	30	372	2.48e-27	115
g2146.t1	VFG046919(gb|WP_012429781)	28.242	347	235	8	26	362	30	372	3.79e-27	115
g2146.t1	VFG046926(gb|WP_014549484)	28.080	349	231	8	26	362	30	370	4.30e-27	115
g2146.t1	VFG046921(gb|WP_003020232)	27.954	347	236	8	26	362	30	372	2.18e-26	113
g2146.t1	VFG046923(gb|WP_014548552)	27.731	357	242	9	17	362	21	372	2.30e-26	113
