g1197.t1	VFG009595(gb|WP_014878246)	72.000	50	14	0	34	83	128	177	8.01e-16	70.1
g1197.t1	VFG026755(gb|WP_015292733)	74.000	50	13	0	34	83	123	172	8.49e-16	70.1
g1197.t1	VFG017469(gb|WP_012054262)	74.000	50	13	0	34	83	123	172	8.49e-16	70.1
g1197.t1	VFG026754(gb|WP_015289619)	74.000	50	13	0	34	83	123	172	8.92e-16	70.1
g1197.t1	VFG009591(gb|WP_010950499)	74.000	50	13	0	34	83	123	172	8.92e-16	70.1
g1197.t1	VFG001391(gb|NP_215677)	74.000	50	13	0	34	83	123	172	8.92e-16	70.1
g1197.t1	VFG026753(gb|WP_015302870)	74.000	50	13	0	34	83	123	172	9.27e-16	70.1
g1197.t1	VFG022795(gb|WP_014000644)	74.000	50	13	0	34	83	123	172	9.27e-16	70.1
g1197.t1	VFG022798(gb|WP_013828091)	70.000	50	15	0	34	83	127	176	2.04e-14	66.2
g1197.t1	VFG024074(gb|WP_013471101)	68.000	50	16	0	34	83	123	172	2.43e-14	66.2
g1197.t1	VFG009594(gb|WP_011724062)	70.000	50	15	0	34	83	123	172	9.45e-11	55.8
g1197.t1	VFG026770(gb|WP_015632606)	70.000	50	15	0	34	83	123	172	1.00e-10	55.8
g1197.t1	VFG009593(gb|WP_010949671)	70.000	50	15	0	34	83	123	172	1.01e-10	55.8
g1197.t1	VFG024076(gb|WP_014711059)	72.000	50	14	0	34	83	123	172	2.46e-10	54.7
g1197.t1	VFG024078(gb|WP_041784829)	72.000	50	14	0	34	83	123	172	2.49e-10	54.7
g1197.t1	VFG024077(gb|WP_009952353)	72.000	50	14	0	34	83	123	172	2.49e-10	54.7
g1197.t1	VFG024075(gb|WP_043954563)	72.000	50	14	0	34	83	123	172	2.49e-10	54.7
g1197.t1	VFG009597(gb|WP_011781698)	72.000	50	14	0	34	83	123	172	5.02e-10	53.9
g1197.t1	VFG009596(gb|WP_011893044)	70.000	50	15	0	34	83	123	172	8.35e-10	53.1
g1197.t1	VFG026843(gb|YP_005360377)	70.000	50	15	0	34	83	123	172	1.24e-09	52.8
g1197.t1	VFG026840(gb|YP_007957808)	70.000	50	15	0	34	83	123	172	1.63e-09	52.4
g1197.t1	VFG009643(gb|WP_010950583)	70.000	50	15	0	34	83	123	172	1.76e-09	52.4
g1197.t1	VFG009640(gb|NP_216252)	70.000	50	15	0	34	83	123	172	1.78e-09	52.4
g1197.t1	VFG009598(gb|WP_011854954)	64.000	50	18	0	34	83	123	172	2.34e-08	48.9
g1197.t1	VFG009599(gb|WP_011558674)	64.000	50	18	0	34	83	123	172	2.43e-08	48.9
