g30.t1	VFG017719(gb|WP_010907482)	100.000	446	0	0	1	446	1	446	0.0	886
g30.t1	VFG023183(gb|WP_041325041)	79.821	446	90	0	1	446	1	446	0.0	683
g30.t1	VFG027964(gb|WP_015357706)	79.372	446	92	0	1	446	1	446	0.0	680
g30.t1	VFG002391(gb|NP_218400)	80.615	423	82	0	1	423	1	423	0.0	660
g30.t1	VFG027961(gb|WP_015291797)	80.378	423	83	0	1	423	1	423	0.0	660
g30.t1	VFG027979(gb|WP_015695601)	80.378	423	83	0	1	423	1	423	0.0	659
g30.t1	VFG017717(gb|WP_010950954)	80.378	423	83	0	1	423	1	423	0.0	659
g30.t1	VFG017720(gb|WP_011726654)	70.536	448	130	1	1	446	1	448	0.0	600
g30.t1	VFG027968(gb|YP_007963800)	77.641	407	89	2	36	441	1	406	0.0	591
g30.t1	VFG027973(gb|YP_007959849)	78.920	389	81	1	36	423	1	389	0.0	574
g30.t1	VFG017722(gb|WP_011777417)	69.121	421	128	1	1	419	1	421	0.0	563
g30.t1	VFG017723(gb|WP_011854181)	69.762	420	127	0	16	435	18	437	0.0	556
g30.t1	VFG017724(gb|WP_011557506)	69.762	420	127	0	16	435	18	437	0.0	556
g30.t1	VFG017721(gb|WP_011891661)	68.123	389	124	0	16	404	18	406	0.0	533
g30.t1	VFG023383(gb|YP_001702960)	44.743	409	209	9	4	405	19	417	8.97e-104	316
g30.t1	VFG028775(gb|WP_005099362)	45.932	381	190	8	17	391	32	402	8.89e-102	311
g30.t1	VFG028785(gb|YP_007960189)	44.584	397	205	7	5	391	9	400	1.20e-100	308
g30.t1	VFG022155(gb|WP_011727074)	46.154	390	193	10	13	391	17	400	3.65e-100	306
g30.t1	VFG022146(gb|NP_214805)	44.724	398	204	8	5	391	9	401	3.96e-100	306
g30.t1	VFG028779(gb|WP_015292042)	44.361	399	206	8	4	391	8	401	2.25e-99	305
g30.t1	VFG028778(gb|WP_015288930)	44.472	398	205	8	5	391	9	401	2.94e-99	304
g30.t1	VFG024548(gb|WP_009955673)	43.119	436	224	10	4	423	12	439	5.70e-96	296
g30.t1	VFG024546(gb|WP_014381361)	43.119	436	224	10	4	423	12	439	5.88e-96	296
g30.t1	VFG022158(gb|WP_011557806)	46.174	379	188	8	24	391	27	400	7.17e-96	296
g30.t1	VFG024547(gb|WP_008261653)	42.759	435	227	9	4	423	12	439	7.87e-96	296
g30.t1	VFG022153(gb|WP_010908942)	42.317	397	206	9	38	418	51	440	7.38e-95	293
g30.t1	VFG028790(gb|YP_007956490)	42.965	398	211	8	5	391	9	401	8.71e-94	290
g30.t1	VFG023382(gb|WP_012392515)	42.290	428	228	10	4	418	12	433	1.01e-93	290
g30.t1	VFG023389(gb|WP_049792814)	45.161	403	200	9	8	393	19	417	1.34e-93	290
g30.t1	VFG022154(gb|WP_011739410)	43.000	400	211	8	4	391	12	406	1.53e-92	287
g30.t1	VFG028780(gb|WP_015354284)	43.250	400	210	8	4	391	12	406	3.93e-91	284
g30.t1	VFG023432(gb|YP_001704486)	44.638	401	206	11	6	399	29	420	1.48e-89	280
g30.t1	VFG028932(gb|WP_005055986)	44.638	401	206	11	6	399	29	420	1.61e-89	280
g30.t1	VFG022156(gb|WP_011891321)	44.624	372	194	7	27	391	33	399	4.44e-88	275
g30.t1	VFG022152(gb|WP_011726295)	43.766	393	202	8	16	394	24	411	2.08e-87	274
g30.t1	VFG024545(gb|WP_013470471)	44.355	372	195	7	27	391	33	399	3.13e-87	273
g30.t1	VFG022151(gb|WP_003879189)	43.511	393	203	8	16	394	24	411	2.35e-86	271
g30.t1	VFG022157(gb|WP_158013759)	45.042	353	183	7	45	391	3	350	2.97e-83	261
g30.t1	VFG028935(gb|WP_003901645)	44.313	422	208	11	5	418	9	411	1.70e-79	253
g30.t1	VFG028929(gb|WP_015291463)	44.076	422	209	11	5	418	9	411	4.40e-79	252
g30.t1	VFG022249(gb|WP_003418331)	44.076	422	209	11	5	418	9	411	5.75e-79	252
g30.t1	VFG028927(gb|WP_015288545)	44.076	422	209	11	5	418	9	411	1.00e-78	251
g30.t1	VFG028943(gb|YP_005361988)	44.226	407	203	10	17	418	4	391	9.56e-78	248
g30.t1	VFG023434(gb|WP_014001750)	44.340	424	205	13	5	418	9	411	1.27e-77	248
g30.t1	VFG022262(gb|WP_011558536)	41.136	440	228	14	6	439	13	427	4.44e-76	244
g30.t1	VFG022261(gb|WP_011854865)	41.136	440	228	14	6	439	13	427	1.15e-75	243
g30.t1	VFG028944(gb|YP_005924560)	46.857	350	163	9	73	418	28	358	3.97e-72	232
g30.t1	VFG022256(gb|WP_031348252)	42.711	391	185	10	5	388	6	364	2.67e-71	231
g30.t1	VFG028106(gb|WP_015355472)	43.082	318	170	7	139	446	264	580	5.52e-71	234
g30.t1	VFG028106(gb|WP_015355472)	53.333	120	53	3	17	134	35	153	4.81e-26	110
g30.t1	VFG023485(gb|WP_012394392)	43.082	318	170	7	139	446	264	580	5.88e-71	234
g30.t1	VFG023485(gb|WP_012394392)	53.333	120	53	3	17	134	35	153	4.31e-26	110
g30.t1	VFG009085(gb|WP_011740935)	44.062	320	164	8	139	446	263	579	1.08e-70	234
g30.t1	VFG009085(gb|WP_011740935)	53.333	120	53	3	17	134	35	153	4.02e-26	110
g30.t1	VFG023490(gb|WP_010908392)	44.164	317	162	7	137	441	251	564	1.13e-70	233
g30.t1	VFG023490(gb|WP_010908392)	49.265	136	61	3	7	134	1	136	2.89e-26	111
g30.t1	VFG009207(gb|WP_165443173)	43.750	320	165	7	137	444	269	585	2.03e-70	233
g30.t1	VFG009207(gb|WP_165443173)	48.529	136	62	3	7	134	19	154	1.55e-25	109
g30.t1	VFG024613(gb|WP_008257037)	42.508	327	170	7	137	446	282	607	2.72e-70	233
g30.t1	VFG024613(gb|WP_008257037)	49.167	120	58	3	17	134	35	153	2.30e-19	90.5
g30.t1	VFG028104(gb|WP_015290148)	42.593	324	171	6	135	446	265	585	2.91e-70	233
g30.t1	VFG028104(gb|WP_015290148)	47.328	131	67	2	6	134	24	154	2.08e-19	90.9
g30.t1	VFG024616(gb|WP_014384776)	42.508	327	170	7	137	446	282	607	3.15e-70	233
g30.t1	VFG024616(gb|WP_014384776)	49.167	120	58	3	17	134	35	153	2.24e-19	90.5
g30.t1	VFG028119(gb|WP_020822615)	42.508	327	170	7	137	446	278	603	3.62e-70	233
g30.t1	VFG028119(gb|WP_020822615)	49.167	120	58	3	17	134	35	153	2.04e-19	90.9
g30.t1	VFG023491(gb|WP_041317810)	49.416	257	126	4	139	391	290	546	4.14e-70	233
g30.t1	VFG023491(gb|WP_041317810)	48.936	94	47	1	41	133	60	153	4.84e-17	83.6
g30.t1	VFG024449(gb|WP_014710801)	48.507	268	131	4	133	394	233	499	4.42e-70	231
g30.t1	VFG024449(gb|WP_014710801)	46.565	131	63	5	6	133	15	141	9.74e-22	97.8
g30.t1	VFG022259(gb|WP_193373631)	43.291	395	189	14	5	388	1	371	4.56e-70	228
g30.t1	VFG024452(gb|WP_014378831)	48.507	268	131	4	133	394	233	499	5.34e-70	231
g30.t1	VFG024452(gb|WP_014378831)	46.565	131	63	5	6	133	15	141	9.65e-22	97.8
g30.t1	VFG024448(gb|WP_014381603)	48.507	268	131	4	133	394	233	499	5.34e-70	231
g30.t1	VFG024448(gb|WP_014381603)	46.565	131	63	5	6	133	15	141	9.65e-22	97.8
g30.t1	VFG024615(gb|WP_014382639)	42.508	327	170	7	137	446	279	604	5.56e-70	232
g30.t1	VFG024615(gb|WP_014382639)	49.167	120	58	3	17	134	35	153	2.15e-19	90.9
g30.t1	VFG002403(gb|NP_216312)	42.284	324	172	6	135	446	265	585	8.76e-70	231
g30.t1	VFG002403(gb|NP_216312)	47.328	131	67	2	6	134	24	154	3.14e-19	90.1
g30.t1	VFG028105(gb|WP_015293201)	42.284	324	172	6	135	446	265	585	9.23e-70	231
g30.t1	VFG028105(gb|WP_015293201)	47.328	131	67	2	6	134	24	154	3.09e-19	90.1
g30.t1	VFG023487(gb|WP_014000952)	42.284	324	172	6	135	446	265	585	9.23e-70	231
g30.t1	VFG023487(gb|WP_014000952)	47.328	131	67	2	6	134	24	154	3.09e-19	90.1
g30.t1	VFG024451(gb|WP_014383622)	48.507	268	131	4	133	394	233	499	9.74e-70	230
g30.t1	VFG024451(gb|WP_014383622)	46.565	131	63	5	6	133	15	141	9.92e-22	97.8
g30.t1	VFG024592(gb|WP_041788135)	43.622	392	186	14	8	388	10	377	1.61e-69	227
g30.t1	VFG009199(gb|WP_012054295)	42.284	324	172	6	135	446	265	585	1.64e-69	231
g30.t1	VFG009199(gb|WP_012054295)	47.328	131	67	2	6	134	24	154	3.23e-19	90.1
g30.t1	VFG023264(gb|WP_013826993)	49.237	262	125	5	140	395	248	507	3.03e-69	229
g30.t1	VFG023264(gb|WP_013826993)	43.796	137	61	6	1	123	5	139	9.65e-18	85.5
g30.t1	VFG024593(gb|WP_043955845)	42.932	382	182	9	11	388	2	351	3.28e-69	225
g30.t1	VFG022257(gb|WP_011739117)	41.913	439	220	14	17	443	23	438	3.65e-69	226
g30.t1	VFG028931(gb|WP_036426882)	41.403	442	229	13	17	446	23	446	4.61e-69	226
g30.t1	VFG022260(gb|WP_011778705)	44.619	381	181	12	16	388	22	380	5.29e-69	226
g30.t1	VFG023431(gb|WP_012392987)	41.403	442	229	13	17	446	23	446	5.89e-69	226
g30.t1	VFG024594(gb|WP_050989426)	42.670	382	183	9	11	388	2	351	7.77e-69	224
g30.t1	VFG028947(gb|WP_051197839)	42.408	382	184	9	11	388	2	351	1.01e-68	224
g30.t1	VFG009205(gb|WP_003877892)	41.159	328	173	7	137	446	283	608	1.26e-68	229
g30.t1	VFG009205(gb|WP_003877892)	48.649	111	54	3	22	130	40	149	2.87e-17	84.3
g30.t1	VFG009206(gb|WP_011725133)	41.159	328	173	7	137	446	284	609	1.58e-68	229
g30.t1	VFG009206(gb|WP_011725133)	48.649	111	54	3	22	130	40	149	2.72e-17	84.3
g30.t1	VFG024597(gb|WP_044059247)	42.670	382	183	9	11	388	2	351	4.59e-68	223
g30.t1	VFG028395(gb|WP_015304042)	49.430	263	122	6	140	394	238	497	1.30e-66	222
g30.t1	VFG028395(gb|WP_015304042)	49.167	120	55	4	17	133	29	145	1.78e-22	99.8
g30.t1	VFG028396(gb|WP_015291800)	49.430	263	122	6	140	394	238	497	1.64e-66	222
g30.t1	VFG028396(gb|WP_015291800)	49.167	120	55	4	17	133	29	145	1.59e-22	100
g30.t1	VFG028397(gb|WP_015294709)	49.049	263	123	6	140	394	241	500	2.66e-66	221
g30.t1	VFG028397(gb|WP_015294709)	49.167	120	55	4	17	133	29	145	1.66e-22	100
g30.t1	VFG022255(gb|WP_010950276)	42.455	391	186	10	5	388	6	364	3.73e-66	218
g30.t1	VFG028403(gb|WP_042509296)	49.049	263	123	6	140	394	238	497	4.99e-66	221
g30.t1	VFG028403(gb|WP_042509296)	49.167	120	55	4	17	133	29	145	1.61e-22	100
g30.t1	VFG028400(gb|WP_015575387)	49.049	263	123	6	140	394	238	497	5.32e-66	221
g30.t1	VFG028400(gb|WP_015575387)	48.333	120	56	4	17	133	29	145	1.60e-21	97.1
g30.t1	VFG028410(gb|WP_015695603)	49.049	263	123	6	140	394	238	497	5.49e-66	220
g30.t1	VFG028410(gb|WP_015695603)	49.167	120	55	4	17	133	29	145	1.72e-22	100
g30.t1	VFG021939(gb|WP_003400012)	49.049	263	123	6	140	394	238	497	5.49e-66	220
g30.t1	VFG021939(gb|WP_003400012)	49.167	120	55	4	17	133	29	145	1.72e-22	100
g30.t1	VFG023437(gb|WP_041320153)	43.626	353	162	7	43	392	53	371	2.60e-65	216
g30.t1	VFG022258(gb|WP_011727724)	40.000	415	207	14	43	444	52	437	2.38e-61	205
g30.t1	VFG028406(gb|YP_007959851)	47.909	263	126	6	140	394	183	442	8.94e-61	205
g30.t1	VFG028406(gb|YP_007959851)	47.126	87	41	3	49	133	7	90	1.05e-13	72.8
g30.t1	VFG028940(gb|YP_007959435)	43.580	257	127	7	39	292	23	264	5.43e-40	144
g30.t1	VFG021946(gb|WP_085989533)	48.855	131	60	5	6	133	1	127	7.89e-24	103
g30.t1	VFG021945(gb|WP_010948761)	50.847	118	52	4	19	133	27	141	3.51e-23	102
g1222.t1	VFG009207(gb|WP_165443173)	100.000	498	0	0	1	498	88	585	0.0	992
g1222.t1	VFG023490(gb|WP_010908392)	100.000	498	0	0	1	498	70	567	0.0	991
g1222.t1	VFG028106(gb|WP_015355472)	71.514	502	128	5	1	498	88	578	0.0	657
g1222.t1	VFG023485(gb|WP_012394392)	71.713	502	127	5	1	498	88	578	0.0	648
g1222.t1	VFG009085(gb|WP_011740935)	73.161	503	117	6	1	498	88	577	0.0	648
g1222.t1	VFG024616(gb|WP_014384776)	69.157	522	133	6	1	498	88	605	0.0	641
g1222.t1	VFG024613(gb|WP_008257037)	69.157	522	133	6	1	498	88	605	0.0	640
g1222.t1	VFG024615(gb|WP_014382639)	68.834	523	130	8	1	498	88	602	0.0	639
g1222.t1	VFG028119(gb|WP_020822615)	68.906	521	132	6	1	498	88	601	0.0	638
g1222.t1	VFG009205(gb|WP_003877892)	67.490	526	136	6	1	498	88	606	0.0	631
g1222.t1	VFG009206(gb|WP_011725133)	67.871	526	135	6	1	498	88	607	0.0	630
g1222.t1	VFG028105(gb|WP_015293201)	71.769	503	130	5	1	498	88	583	0.0	626
g1222.t1	VFG028104(gb|WP_015290148)	71.769	503	130	5	1	498	88	583	0.0	626
g1222.t1	VFG023487(gb|WP_014000952)	71.769	503	130	5	1	498	88	583	0.0	626
g1222.t1	VFG002403(gb|NP_216312)	71.769	503	130	5	1	498	88	583	0.0	626
g1222.t1	VFG009199(gb|WP_012054295)	71.571	503	131	5	1	498	88	583	0.0	624
g1222.t1	VFG023491(gb|WP_041317810)	67.944	287	92	0	184	470	290	576	8.11e-136	405
g1222.t1	VFG024449(gb|WP_014710801)	51.027	292	140	2	159	448	214	504	3.44e-85	273
g1222.t1	VFG024452(gb|WP_014378831)	51.027	292	140	2	159	448	214	504	3.70e-85	272
g1222.t1	VFG024448(gb|WP_014381603)	51.027	292	140	2	159	448	214	504	3.70e-85	272
g1222.t1	VFG024451(gb|WP_014383622)	51.027	292	140	2	159	448	214	504	3.78e-85	272
g1222.t1	VFG028395(gb|WP_015304042)	48.089	314	159	3	186	497	239	550	1.56e-81	263
g1222.t1	VFG028396(gb|WP_015291800)	48.101	316	156	5	186	497	239	550	1.59e-81	263
g1222.t1	VFG028397(gb|WP_015294709)	47.785	316	157	5	186	497	242	553	2.98e-81	262
g1222.t1	VFG028400(gb|WP_015575387)	47.785	316	157	5	186	497	239	550	4.64e-81	262
g1222.t1	VFG028410(gb|WP_015695603)	47.785	316	157	5	186	497	239	550	5.16e-81	261
g1222.t1	VFG021939(gb|WP_003400012)	47.785	316	157	5	186	497	239	550	5.16e-81	261
g1222.t1	VFG028403(gb|WP_042509296)	47.785	316	157	5	186	497	239	550	7.02e-81	261
g1222.t1	VFG023264(gb|WP_013826993)	52.672	262	116	4	186	443	249	506	1.53e-79	258
g1222.t1	VFG021946(gb|WP_085989533)	50.871	287	138	2	159	443	201	486	1.87e-78	254
g1222.t1	VFG021945(gb|WP_010948761)	50.523	287	139	2	159	443	215	500	6.60e-77	251
g1222.t1	VFG028406(gb|YP_007959851)	47.785	316	157	5	186	497	184	495	1.22e-76	248
g1222.t1	VFG022153(gb|WP_010908942)	43.902	328	171	5	179	498	149	471	3.38e-76	247
g1222.t1	VFG022153(gb|WP_010908942)	58.209	67	27	1	1	67	82	147	5.36e-18	86.3
g1222.t1	VFG017723(gb|WP_011854181)	47.855	303	152	6	182	483	139	436	2.08e-74	241
g1222.t1	VFG017723(gb|WP_011854181)	50.820	61	29	1	2	62	72	131	1.07e-10	63.5
g1222.t1	VFG017724(gb|WP_011557506)	47.855	303	152	6	182	483	139	436	2.63e-74	241
g1222.t1	VFG017724(gb|WP_011557506)	50.820	61	29	1	2	62	72	131	1.10e-10	63.5
g1222.t1	VFG022155(gb|WP_011727074)	51.264	277	120	6	181	447	140	411	4.68e-74	241
g1222.t1	VFG022155(gb|WP_011727074)	58.462	65	26	1	2	66	75	138	2.30e-16	81.3
g1222.t1	VFG017721(gb|WP_011891661)	50.735	272	130	4	182	453	139	406	6.01e-74	240
g1222.t1	VFG017721(gb|WP_011891661)	54.545	66	29	1	2	67	72	136	3.96e-13	71.2
g1222.t1	VFG017720(gb|WP_011726654)	45.860	314	166	4	182	495	139	448	3.19e-72	236
g1222.t1	VFG017720(gb|WP_011726654)	51.515	66	31	1	2	67	72	136	3.82e-12	68.2
g1222.t1	VFG017722(gb|WP_011777417)	51.311	267	126	4	182	448	139	401	1.64e-71	234
g1222.t1	VFG017722(gb|WP_011777417)	50.000	66	32	1	2	67	72	136	1.84e-11	65.9
g1222.t1	VFG027964(gb|WP_015357706)	47.440	293	148	5	182	472	137	425	1.97e-71	233
g1222.t1	VFG027964(gb|WP_015357706)	54.545	66	29	1	2	67	70	134	1.09e-12	69.7
g1222.t1	VFG023183(gb|WP_041325041)	47.440	293	148	5	182	472	137	425	2.16e-71	233
g1222.t1	VFG023183(gb|WP_041325041)	54.545	66	29	1	2	67	70	134	1.12e-12	69.7
g1222.t1	VFG017719(gb|WP_010907482)	44.164	317	162	7	182	495	137	441	4.04e-71	233
g1222.t1	VFG017719(gb|WP_010907482)	53.030	66	30	1	2	67	70	134	2.77e-12	68.6
g1222.t1	VFG023383(gb|YP_001702960)	50.000	264	124	5	181	441	145	403	5.71e-71	233
g1222.t1	VFG023383(gb|YP_001702960)	60.656	61	22	2	6	66	85	143	5.73e-15	77.0
g1222.t1	VFG028775(gb|WP_005099362)	50.000	264	124	5	181	441	145	403	6.48e-71	233
g1222.t1	VFG028775(gb|WP_005099362)	60.656	61	22	2	6	66	85	143	4.75e-15	77.0
g1222.t1	VFG028778(gb|WP_015288930)	45.706	326	159	7	182	497	141	458	2.79e-70	231
g1222.t1	VFG028778(gb|WP_015288930)	57.576	66	27	1	1	66	74	138	5.61e-17	83.2
g1222.t1	VFG028779(gb|WP_015292042)	45.399	326	160	7	182	497	141	458	1.24e-69	229
g1222.t1	VFG028779(gb|WP_015292042)	57.576	66	27	1	1	66	74	138	5.87e-17	83.2
g1222.t1	VFG022146(gb|NP_214805)	45.399	326	160	7	182	497	141	458	5.26e-69	228
g1222.t1	VFG022146(gb|NP_214805)	57.576	66	27	1	1	66	74	138	5.92e-17	83.2
g1222.t1	VFG028785(gb|YP_007960189)	47.955	269	130	4	182	444	140	404	2.55e-68	226
g1222.t1	VFG028785(gb|YP_007960189)	57.576	66	27	1	1	66	73	137	6.62e-17	82.8
g1222.t1	VFG023382(gb|WP_012392515)	42.901	324	173	5	182	497	145	464	9.83e-68	224
g1222.t1	VFG023382(gb|WP_012392515)	54.545	66	29	1	1	66	78	142	1.33e-15	79.0
g1222.t1	VFG022154(gb|WP_011739410)	42.593	324	174	5	182	497	145	464	1.37e-66	221
g1222.t1	VFG022154(gb|WP_011739410)	54.545	66	29	1	1	66	78	142	1.37e-15	79.0
g1222.t1	VFG028780(gb|WP_015354284)	42.284	324	175	5	182	497	145	464	7.13e-66	220
g1222.t1	VFG028780(gb|WP_015354284)	54.545	66	29	1	1	66	78	142	1.21e-15	79.0
g1222.t1	VFG002391(gb|NP_218400)	45.714	280	142	5	182	461	137	406	1.13e-65	218
g1222.t1	VFG002391(gb|NP_218400)	54.545	66	29	1	2	67	70	134	3.25e-12	68.2
g1222.t1	VFG017717(gb|WP_010950954)	45.714	280	142	5	182	461	137	406	1.15e-65	218
g1222.t1	VFG017717(gb|WP_010950954)	54.545	66	29	1	2	67	70	134	3.31e-12	68.2
g1222.t1	VFG027979(gb|WP_015695601)	45.714	280	142	5	182	461	137	406	2.13e-65	218
g1222.t1	VFG027979(gb|WP_015695601)	54.545	66	29	1	2	67	70	134	3.56e-12	68.2
g1222.t1	VFG027961(gb|WP_015291797)	45.357	280	143	5	182	461	137	406	3.11e-65	217
g1222.t1	VFG027961(gb|WP_015291797)	54.545	66	29	1	2	67	70	134	3.23e-12	68.2
g1222.t1	VFG024545(gb|WP_013470471)	48.302	265	127	6	181	441	142	400	3.21e-65	218
g1222.t1	VFG024545(gb|WP_013470471)	58.462	65	26	1	2	66	77	140	8.76e-15	76.3
g1222.t1	VFG022158(gb|WP_011557806)	47.566	267	130	5	182	442	140	402	3.38e-65	218
g1222.t1	VFG022158(gb|WP_011557806)	55.385	65	28	1	2	66	74	137	3.30e-15	77.8
g1222.t1	VFG022156(gb|WP_011891321)	48.302	265	127	6	181	441	142	400	9.39e-65	216
g1222.t1	VFG022156(gb|WP_011891321)	58.462	65	26	1	2	66	77	140	1.11e-14	75.9
g1222.t1	VFG022157(gb|WP_158013759)	49.618	262	126	4	182	441	94	351	1.19e-64	214
g1222.t1	VFG022157(gb|WP_158013759)	58.462	65	26	1	2	66	28	91	3.89e-16	80.1
g1222.t1	VFG028790(gb|YP_007956490)	43.558	326	166	7	182	497	141	458	1.93e-63	213
g1222.t1	VFG028790(gb|YP_007956490)	57.576	66	27	1	1	66	74	138	5.97e-17	83.2
g1222.t1	VFG027968(gb|YP_007963800)	43.269	312	158	7	182	484	101	402	1.33e-62	209
g1222.t1	VFG027968(gb|YP_007963800)	51.471	68	29	2	3	67	32	98	1.82e-10	62.8
g1222.t1	VFG027973(gb|YP_007959849)	44.286	280	146	5	182	461	103	372	2.19e-61	206
g1222.t1	VFG027973(gb|YP_007959849)	58.182	55	22	1	13	67	47	100	9.44e-10	60.5
g1222.t1	VFG024547(gb|WP_008261653)	44.040	302	156	5	182	475	146	442	1.11e-60	206
g1222.t1	VFG024547(gb|WP_008261653)	57.576	66	27	1	2	67	79	143	2.99e-16	80.9
g1222.t1	VFG023389(gb|WP_049792814)	45.896	268	132	5	182	440	152	415	2.87e-60	205
g1222.t1	VFG023389(gb|WP_049792814)	58.209	67	27	1	1	67	82	147	3.18e-16	80.9
g1222.t1	VFG023432(gb|YP_001704486)	48.077	260	130	5	183	440	158	414	3.75e-60	205
g1222.t1	VFG023432(gb|YP_001704486)	63.077	65	24	0	2	66	87	151	4.94e-18	86.7
g1222.t1	VFG028932(gb|WP_005055986)	48.077	260	130	5	183	440	158	414	3.87e-60	205
g1222.t1	VFG028932(gb|WP_005055986)	63.077	65	24	0	2	66	87	151	4.85e-18	86.7
g1222.t1	VFG024546(gb|WP_014381361)	43.709	302	157	5	182	475	146	442	9.93e-60	203
g1222.t1	VFG024546(gb|WP_014381361)	57.576	66	27	1	2	67	79	143	3.30e-16	80.9
g1222.t1	VFG024548(gb|WP_009955673)	43.813	299	155	5	182	472	146	439	1.30e-59	203
g1222.t1	VFG024548(gb|WP_009955673)	57.576	66	27	1	2	67	79	143	3.48e-16	80.9
g1222.t1	VFG022152(gb|WP_011726295)	45.556	270	135	4	182	443	146	411	3.03e-59	202
g1222.t1	VFG022152(gb|WP_011726295)	53.030	66	30	1	2	67	79	143	8.17e-15	76.6
g1222.t1	VFG022151(gb|WP_003879189)	45.185	270	136	4	182	443	146	411	3.62e-58	199
g1222.t1	VFG022151(gb|WP_003879189)	53.030	66	30	1	2	67	79	143	8.02e-15	76.6
g1222.t1	VFG022258(gb|WP_011727724)	41.718	326	155	9	181	498	139	437	7.28e-52	182
g1222.t1	VFG022258(gb|WP_011727724)	62.069	58	21	1	8	65	80	136	3.73e-14	74.3
g1222.t1	VFG022262(gb|WP_011558536)	42.599	277	146	7	184	459	141	405	5.77e-49	174
g1222.t1	VFG022262(gb|WP_011558536)	56.250	64	27	1	1	64	75	137	2.19e-14	75.1
g1222.t1	VFG022261(gb|WP_011854865)	42.599	277	146	7	184	459	141	405	2.58e-48	172
g1222.t1	VFG022261(gb|WP_011854865)	56.250	64	27	1	1	64	75	137	2.31e-14	75.1
g1222.t1	VFG023431(gb|WP_012392987)	41.115	287	148	8	176	458	137	406	4.96e-47	169
g1222.t1	VFG023431(gb|WP_012392987)	64.615	65	22	1	2	66	75	138	5.05e-19	89.4
g1222.t1	VFG028931(gb|WP_036426882)	41.115	287	148	8	176	458	137	406	6.67e-47	169
g1222.t1	VFG028931(gb|WP_036426882)	64.615	65	22	1	2	66	75	138	4.49e-19	89.7
g1222.t1	VFG022257(gb|WP_011739117)	41.115	287	148	8	176	458	137	406	6.88e-47	169
g1222.t1	VFG022257(gb|WP_011739117)	64.615	65	22	1	2	66	75	138	5.05e-19	89.4
g1222.t1	VFG028944(gb|YP_005924560)	43.182	264	134	7	176	439	87	334	2.91e-46	166
g1222.t1	VFG028944(gb|YP_005924560)	64.407	59	20	1	8	66	31	88	2.57e-17	84.0
g1222.t1	VFG028943(gb|YP_005361988)	43.182	264	134	7	176	439	120	367	4.45e-46	166
g1222.t1	VFG028943(gb|YP_005361988)	57.576	66	27	1	1	66	57	121	1.50e-17	84.7
g1222.t1	VFG028935(gb|WP_003901645)	43.182	264	134	7	176	439	140	387	7.67e-46	166
g1222.t1	VFG028935(gb|WP_003901645)	57.576	66	27	1	1	66	77	141	7.95e-18	85.9
g1222.t1	VFG022249(gb|WP_003418331)	43.182	264	134	7	176	439	140	387	8.67e-46	166
g1222.t1	VFG022249(gb|WP_003418331)	57.576	66	27	1	1	66	77	141	1.34e-17	85.1
g1222.t1	VFG028927(gb|WP_015288545)	43.182	264	134	7	176	439	140	387	2.02e-45	164
g1222.t1	VFG028927(gb|WP_015288545)	57.576	66	27	1	1	66	77	141	1.34e-17	85.1
g1222.t1	VFG028929(gb|WP_015291463)	43.182	264	134	7	176	439	140	387	2.35e-45	164
g1222.t1	VFG028929(gb|WP_015291463)	57.576	66	27	1	1	66	77	141	1.15e-17	85.1
g1222.t1	VFG022260(gb|WP_011778705)	43.529	255	125	7	184	437	144	380	1.27e-44	162
g1222.t1	VFG022260(gb|WP_011778705)	64.062	64	22	1	2	65	73	135	1.77e-17	84.7
g1222.t1	VFG023434(gb|WP_014001750)	42.424	264	136	7	176	439	140	387	4.23e-44	161
g1222.t1	VFG023434(gb|WP_014001750)	57.576	66	27	1	1	66	77	141	1.62e-17	84.7
g1222.t1	VFG022259(gb|WP_193373631)	43.580	257	128	6	181	437	132	371	1.07e-43	159
g1222.t1	VFG022259(gb|WP_193373631)	55.385	65	28	1	2	66	64	127	5.03e-15	77.0
g1222.t1	VFG024592(gb|WP_041788135)	43.580	257	128	6	181	437	138	377	3.25e-43	158
g1222.t1	VFG024592(gb|WP_041788135)	55.385	65	28	1	2	66	70	133	4.89e-15	77.0
g1222.t1	VFG023437(gb|WP_041320153)	40.541	259	120	5	182	439	144	369	2.59e-42	155
g1222.t1	VFG023437(gb|WP_041320153)	60.870	69	24	2	2	68	76	143	9.62e-17	82.4
g1222.t1	VFG022256(gb|WP_031348252)	41.860	258	119	6	180	437	138	364	6.19e-42	154
g1222.t1	VFG022256(gb|WP_031348252)	57.143	63	26	1	3	65	73	134	1.97e-15	78.2
g1222.t1	VFG024594(gb|WP_050989426)	41.221	262	123	6	176	437	121	351	7.92e-42	154
g1222.t1	VFG024594(gb|WP_050989426)	58.462	65	26	1	2	66	59	122	5.66e-17	82.8
g1222.t1	VFG022255(gb|WP_010950276)	41.473	258	120	6	180	437	138	364	8.50e-41	151
g1222.t1	VFG022255(gb|WP_010950276)	58.730	63	25	1	3	65	73	134	6.88e-16	79.7
g1222.t1	VFG028947(gb|WP_051197839)	40.458	262	125	6	176	437	121	351	2.45e-40	150
g1222.t1	VFG028947(gb|WP_051197839)	56.250	64	27	1	2	65	59	121	5.04e-16	80.1
g1222.t1	VFG024593(gb|WP_043955845)	40.458	262	125	6	176	437	121	351	2.82e-40	150
g1222.t1	VFG024593(gb|WP_043955845)	57.812	64	26	1	2	65	59	121	2.10e-16	81.3
g1222.t1	VFG024597(gb|WP_044059247)	40.458	262	125	6	176	437	121	351	7.57e-40	149
g1222.t1	VFG024597(gb|WP_044059247)	57.812	64	26	1	2	65	59	121	2.68e-16	80.9
g1222.t1	VFG028940(gb|YP_007959435)	42.138	159	78	5	176	334	116	260	4.39e-19	87.4
g1222.t1	VFG028940(gb|YP_007959435)	57.576	66	27	1	1	66	53	117	2.67e-18	85.1
g291.t1	VFG022146(gb|NP_214805)	100.000	461	0	0	1	461	1	461	0.0	899
g291.t1	VFG028778(gb|WP_015288930)	99.566	461	2	0	1	461	1	461	0.0	894
g291.t1	VFG028779(gb|WP_015292042)	99.349	461	3	0	1	461	1	461	0.0	892
g291.t1	VFG028790(gb|YP_007956490)	98.048	461	9	0	1	461	1	461	0.0	879
g291.t1	VFG028785(gb|YP_007960189)	99.554	448	1	1	1	448	1	447	0.0	864
g291.t1	VFG023382(gb|WP_012392515)	74.624	465	111	3	1	458	1	465	0.0	655
g291.t1	VFG022154(gb|WP_011739410)	74.409	465	112	3	1	458	1	465	0.0	652
g291.t1	VFG028780(gb|WP_015354284)	74.839	465	110	3	1	458	1	465	0.0	638
g291.t1	VFG022153(gb|WP_010908942)	69.658	468	133	3	2	460	6	473	0.0	604
g291.t1	VFG024547(gb|WP_008261653)	70.851	470	125	6	1	460	1	468	0.0	599
g291.t1	VFG024546(gb|WP_014381361)	71.550	471	120	8	1	460	1	468	0.0	598
g291.t1	VFG024548(gb|WP_009955673)	71.338	471	121	8	1	460	1	468	0.0	597
g291.t1	VFG022158(gb|WP_011557806)	67.157	408	134	0	28	435	27	434	0.0	526
g291.t1	VFG022152(gb|WP_011726295)	69.333	450	127	7	18	460	22	467	0.0	524
g291.t1	VFG022151(gb|WP_003879189)	70.022	447	124	6	18	458	22	464	0.0	521
g291.t1	VFG022155(gb|WP_011727074)	61.785	437	164	3	1	435	1	436	1.49e-174	497
g291.t1	VFG023389(gb|WP_049792814)	66.667	420	134	2	22	435	30	449	1.13e-173	495
g291.t1	VFG024545(gb|WP_013470471)	60.000	405	157	2	31	435	33	432	3.17e-154	445
g291.t1	VFG022156(gb|WP_011891321)	61.394	373	140	1	31	403	33	401	6.94e-154	444
g291.t1	VFG022157(gb|WP_158013759)	59.806	413	158	2	48	460	1	405	1.95e-153	441
g291.t1	VFG028775(gb|WP_005099362)	56.532	444	176	9	21	461	32	461	2.32e-146	425
g291.t1	VFG023383(gb|YP_001702960)	56.532	444	176	9	21	461	32	461	2.53e-146	425
g291.t1	VFG017720(gb|WP_011726654)	43.723	462	242	9	1	457	1	449	2.11e-100	307
g291.t1	VFG017719(gb|WP_010907482)	43.448	435	224	11	19	445	15	435	2.53e-99	305
g291.t1	VFG017721(gb|WP_011891661)	47.179	390	190	8	21	405	19	397	5.76e-95	293
g291.t1	VFG017722(gb|WP_011777417)	46.020	402	201	8	9	405	7	397	6.28e-95	293
g291.t1	VFG027964(gb|WP_015357706)	45.771	402	202	8	9	405	5	395	9.92e-94	290
g291.t1	VFG023183(gb|WP_041325041)	46.020	402	201	8	9	405	5	395	1.43e-93	290
g291.t1	VFG017723(gb|WP_011854181)	45.897	390	195	8	21	405	19	397	2.20e-91	284
g291.t1	VFG017724(gb|WP_011557506)	45.897	390	195	8	21	405	19	397	3.80e-91	283
g291.t1	VFG002391(gb|NP_218400)	45.192	416	201	10	1	411	6	399	2.33e-90	281
g291.t1	VFG017717(gb|WP_010950954)	45.926	405	201	9	12	411	8	399	4.29e-90	281
g291.t1	VFG027979(gb|WP_015695601)	45.192	416	201	10	1	411	6	399	5.05e-90	281
g291.t1	VFG027961(gb|WP_015291797)	44.952	416	202	10	1	411	6	399	5.93e-90	280
g291.t1	VFG022262(gb|WP_011558536)	45.370	432	211	11	21	449	24	433	5.88e-83	262
g291.t1	VFG022261(gb|WP_011854865)	45.370	432	211	11	21	449	24	433	3.05e-82	260
g291.t1	VFG022249(gb|WP_003418331)	42.424	462	229	11	9	459	12	447	5.44e-82	260
g291.t1	VFG028935(gb|WP_003901645)	42.424	462	229	11	9	459	12	447	6.38e-82	260
g291.t1	VFG028927(gb|WP_015288545)	42.424	462	229	11	9	459	12	447	1.65e-81	259
g291.t1	VFG028943(gb|YP_005361988)	43.016	451	220	11	20	459	3	427	3.94e-81	257
g291.t1	VFG022260(gb|WP_011778705)	41.216	444	231	10	18	457	20	437	6.97e-81	257
g291.t1	VFG023434(gb|WP_014001750)	41.991	462	231	11	9	459	12	447	3.33e-80	255
g291.t1	VFG028929(gb|WP_015291463)	42.333	463	228	12	9	459	12	447	9.79e-80	254
g291.t1	VFG027973(gb|YP_007959849)	44.648	383	194	9	43	419	3	373	1.18e-79	253
g291.t1	VFG023431(gb|WP_012392987)	46.354	384	170	12	75	448	75	432	4.14e-79	253
g291.t1	VFG028931(gb|WP_036426882)	43.864	440	205	14	21	448	23	432	7.69e-79	252
g291.t1	VFG027968(gb|YP_007963800)	42.579	411	219	9	43	447	3	402	3.04e-78	249
g291.t1	VFG022257(gb|WP_011739117)	45.833	384	172	12	75	448	75	432	6.36e-78	249
g291.t1	VFG028932(gb|WP_005055986)	42.931	389	203	10	23	401	35	414	2.07e-77	249
g291.t1	VFG023432(gb|YP_001704486)	42.931	389	203	10	23	401	35	414	2.20e-77	249
g291.t1	VFG022256(gb|WP_031348252)	43.490	384	173	7	20	398	20	364	1.02e-74	241
g291.t1	VFG022258(gb|WP_011727724)	43.878	392	180	10	77	458	76	437	1.33e-74	241
g291.t1	VFG028944(gb|YP_005924560)	44.612	399	181	12	75	459	22	394	3.04e-74	238
g291.t1	VFG002403(gb|NP_216312)	46.505	329	159	7	138	458	264	583	5.48e-74	243
g291.t1	VFG002403(gb|NP_216312)	53.191	141	63	2	3	140	15	155	2.16e-28	118
g291.t1	VFG028105(gb|WP_015293201)	46.505	329	159	7	138	458	264	583	5.72e-74	243
g291.t1	VFG028105(gb|WP_015293201)	53.191	141	63	2	3	140	15	155	2.20e-28	117
g291.t1	VFG023487(gb|WP_014000952)	46.505	329	159	7	138	458	264	583	5.72e-74	243
g291.t1	VFG023487(gb|WP_014000952)	53.191	141	63	2	3	140	15	155	2.20e-28	117
g291.t1	VFG028104(gb|WP_015290148)	46.505	329	159	7	138	458	264	583	6.70e-74	243
g291.t1	VFG028104(gb|WP_015290148)	53.191	141	63	2	3	140	15	155	2.37e-28	117
g291.t1	VFG009199(gb|WP_012054295)	46.505	329	159	7	138	458	264	583	1.10e-73	242
g291.t1	VFG009199(gb|WP_012054295)	53.191	141	63	2	3	140	15	155	2.39e-28	117
g291.t1	VFG009085(gb|WP_011740935)	45.370	324	160	7	143	458	263	577	4.92e-73	240
g291.t1	VFG009085(gb|WP_011740935)	53.333	120	56	0	21	140	35	154	1.10e-33	133
g291.t1	VFG028106(gb|WP_015355472)	45.370	324	160	7	143	458	264	578	6.97e-73	240
g291.t1	VFG028106(gb|WP_015355472)	53.333	120	56	0	21	140	35	154	1.34e-33	133
g291.t1	VFG023485(gb|WP_012394392)	45.370	324	160	7	143	458	264	578	1.37e-72	239
g291.t1	VFG023485(gb|WP_012394392)	53.333	120	56	0	21	140	35	154	1.22e-33	133
g291.t1	VFG024594(gb|WP_050989426)	40.827	387	191	9	14	398	1	351	3.66e-72	234
g291.t1	VFG023490(gb|WP_010908392)	45.399	326	160	7	141	458	251	566	5.52e-72	237
g291.t1	VFG023490(gb|WP_010908392)	49.254	134	67	1	6	138	2	135	4.83e-31	125
g291.t1	VFG022259(gb|WP_193373631)	42.602	392	199	7	10	398	3	371	7.21e-72	233
g291.t1	VFG009207(gb|WP_165443173)	45.399	326	160	7	141	458	269	584	9.49e-72	237
g291.t1	VFG009207(gb|WP_165443173)	49.254	134	67	1	6	138	20	153	5.31e-31	125
g291.t1	VFG024593(gb|WP_043955845)	39.644	449	228	11	14	457	1	411	1.27e-71	232
g291.t1	VFG023491(gb|WP_041317810)	47.423	291	142	5	143	428	290	574	1.41e-71	237
g291.t1	VFG023491(gb|WP_041317810)	53.719	121	55	1	21	140	35	155	1.24e-23	103
g291.t1	VFG024592(gb|WP_041788135)	42.347	392	200	6	10	398	9	377	1.13e-70	230
g291.t1	VFG028947(gb|WP_051197839)	39.793	387	195	9	14	398	1	351	1.35e-70	229
g291.t1	VFG024597(gb|WP_044059247)	40.310	387	193	9	14	398	1	351	1.90e-70	229
g291.t1	VFG009205(gb|WP_003877892)	44.144	333	162	7	141	458	283	606	8.71e-70	232
g291.t1	VFG009205(gb|WP_003877892)	56.000	125	53	2	26	150	40	162	4.02e-26	111
g291.t1	VFG009206(gb|WP_011725133)	44.144	333	162	7	141	458	284	607	1.02e-69	232
g291.t1	VFG009206(gb|WP_011725133)	56.000	125	53	2	26	150	40	162	4.22e-26	111
g291.t1	VFG022255(gb|WP_010950276)	40.189	423	209	8	20	437	20	403	1.44e-69	227
g291.t1	VFG024613(gb|WP_008257037)	41.096	365	191	7	109	458	250	605	3.06e-69	231
g291.t1	VFG024613(gb|WP_008257037)	56.923	130	54	1	21	150	35	162	1.84e-30	124
g291.t1	VFG028119(gb|WP_020822615)	43.284	335	166	7	139	458	276	601	3.78e-69	231
g291.t1	VFG028119(gb|WP_020822615)	56.923	130	54	1	21	150	35	162	1.45e-30	124
g291.t1	VFG024616(gb|WP_014384776)	43.284	335	166	7	139	458	280	605	5.32e-69	230
g291.t1	VFG024616(gb|WP_014384776)	56.923	130	54	1	21	150	35	162	1.72e-30	124
g291.t1	VFG024615(gb|WP_014382639)	43.284	335	166	7	139	458	277	602	7.07e-69	230
g291.t1	VFG024615(gb|WP_014382639)	56.923	130	54	1	21	150	35	162	1.83e-30	124
g291.t1	VFG023437(gb|WP_041320153)	42.021	376	168	7	50	423	55	382	4.79e-65	215
g291.t1	VFG024449(gb|WP_014710801)	46.032	315	148	9	141	443	237	541	8.89e-63	213
g291.t1	VFG024449(gb|WP_014710801)	43.662	142	74	2	10	151	14	149	2.19e-23	102
g291.t1	VFG024452(gb|WP_014378831)	46.032	315	148	9	141	443	237	541	9.76e-63	212
g291.t1	VFG024452(gb|WP_014378831)	43.662	142	74	2	10	151	14	149	2.21e-23	102
g291.t1	VFG024448(gb|WP_014381603)	46.032	315	148	9	141	443	237	541	9.76e-63	212
g291.t1	VFG024448(gb|WP_014381603)	43.662	142	74	2	10	151	14	149	2.21e-23	102
g291.t1	VFG024451(gb|WP_014383622)	46.032	315	148	9	141	443	237	541	1.12e-62	212
g291.t1	VFG024451(gb|WP_014383622)	43.662	142	74	2	10	151	14	149	2.11e-23	102
g291.t1	VFG028395(gb|WP_015304042)	45.652	322	153	9	145	454	239	550	2.18e-61	209
g291.t1	VFG028395(gb|WP_015304042)	46.610	118	62	1	21	138	29	145	7.91e-23	101
g291.t1	VFG028403(gb|WP_042509296)	45.031	322	155	9	145	454	239	550	3.82e-60	205
g291.t1	VFG028403(gb|WP_042509296)	46.610	118	62	1	21	138	29	145	6.83e-23	101
g291.t1	VFG028410(gb|WP_015695603)	45.031	322	155	9	145	454	239	550	4.60e-60	205
g291.t1	VFG028410(gb|WP_015695603)	46.610	118	62	1	21	138	29	145	7.15e-23	101
g291.t1	VFG021939(gb|WP_003400012)	45.031	322	155	9	145	454	239	550	4.60e-60	205
g291.t1	VFG021939(gb|WP_003400012)	46.610	118	62	1	21	138	29	145	7.15e-23	101
g291.t1	VFG028400(gb|WP_015575387)	45.031	322	155	9	145	454	239	550	4.70e-60	205
g291.t1	VFG028400(gb|WP_015575387)	45.763	118	63	1	21	138	29	145	7.55e-22	98.2
g291.t1	VFG028396(gb|WP_015291800)	45.031	322	155	9	145	454	239	550	8.59e-60	204
g291.t1	VFG028396(gb|WP_015291800)	46.610	118	62	1	21	138	29	145	6.90e-23	101
g291.t1	VFG028397(gb|WP_015294709)	44.720	322	156	9	145	454	242	553	1.14e-59	204
g291.t1	VFG028397(gb|WP_015294709)	46.610	118	62	1	21	138	29	145	6.84e-23	101
g291.t1	VFG023264(gb|WP_013826993)	44.444	297	150	6	145	434	249	537	2.39e-59	203
g291.t1	VFG023264(gb|WP_013826993)	45.113	133	66	3	2	128	8	139	4.77e-20	92.8
g291.t1	VFG021945(gb|WP_010948761)	46.349	315	147	9	141	443	238	542	1.83e-56	196
g291.t1	VFG021945(gb|WP_010948761)	44.186	129	66	2	23	151	27	149	2.48e-22	99.8
g291.t1	VFG021946(gb|WP_085989533)	46.032	315	148	9	141	443	224	528	2.62e-55	192
g291.t1	VFG021946(gb|WP_085989533)	42.857	140	74	2	12	151	2	135	1.10e-22	100
g291.t1	VFG028406(gb|YP_007959851)	43.789	322	159	9	145	454	184	495	6.59e-54	187
g291.t1	VFG028406(gb|YP_007959851)	43.956	91	50	1	48	138	1	90	1.86e-16	81.6
g291.t1	VFG028940(gb|YP_007959435)	43.019	265	123	6	42	299	21	264	2.32e-42	151
g1777.t1	VFG002403(gb|NP_216312)	100.000	585	0	0	1	585	1	585	0.0	1149
g1777.t1	VFG023487(gb|WP_014000952)	99.829	585	1	0	1	585	1	585	0.0	1147
g1777.t1	VFG009199(gb|WP_012054295)	99.829	585	1	0	1	585	1	585	0.0	1147
g1777.t1	VFG028105(gb|WP_015293201)	99.658	585	2	0	1	585	1	585	0.0	1146
g1777.t1	VFG028104(gb|WP_015290148)	99.316	585	4	0	1	585	1	585	0.0	1144
g1777.t1	VFG028106(gb|WP_015355472)	83.932	585	89	3	1	585	1	580	0.0	867
g1777.t1	VFG023485(gb|WP_012394392)	84.103	585	88	3	1	585	1	580	0.0	857
g1777.t1	VFG009085(gb|WP_011740935)	84.103	585	87	3	1	585	1	579	0.0	857
g1777.t1	VFG009207(gb|WP_165443173)	70.847	590	160	4	1	583	1	585	0.0	809
g1777.t1	VFG023490(gb|WP_010908392)	71.930	570	148	4	21	583	3	567	0.0	797
g1777.t1	VFG024615(gb|WP_014382639)	73.762	606	136	6	1	585	1	604	0.0	748
g1777.t1	VFG024613(gb|WP_008257037)	73.235	609	137	6	1	585	1	607	0.0	746
g1777.t1	VFG024616(gb|WP_014384776)	73.727	609	134	6	1	585	1	607	0.0	746
g1777.t1	VFG028119(gb|WP_020822615)	74.380	605	133	6	1	585	1	603	0.0	743
g1777.t1	VFG009205(gb|WP_003877892)	72.623	610	140	6	1	585	1	608	0.0	733
g1777.t1	VFG009206(gb|WP_011725133)	72.504	611	140	6	1	585	1	609	0.0	732
g1777.t1	VFG023491(gb|WP_041317810)	66.769	325	104	1	231	555	256	576	3.47e-140	419
g1777.t1	VFG028395(gb|WP_015304042)	52.229	314	146	3	271	582	239	550	1.59e-87	281
g1777.t1	VFG024449(gb|WP_014710801)	56.204	274	117	2	266	537	236	508	1.67e-87	281
g1777.t1	VFG024452(gb|WP_014378831)	56.204	274	117	2	266	537	236	508	2.40e-87	281
g1777.t1	VFG024448(gb|WP_014381603)	56.204	274	117	2	266	537	236	508	2.40e-87	281
g1777.t1	VFG024451(gb|WP_014383622)	56.204	274	117	2	266	537	236	508	3.06e-87	281
g1777.t1	VFG028396(gb|WP_015291800)	51.911	314	147	3	271	582	239	550	1.10e-86	279
g1777.t1	VFG028397(gb|WP_015294709)	51.592	314	148	3	271	582	242	553	1.35e-86	279
g1777.t1	VFG028410(gb|WP_015695603)	51.592	314	148	3	271	582	239	550	1.74e-86	278
g1777.t1	VFG021939(gb|WP_003400012)	51.592	314	148	3	271	582	239	550	1.74e-86	278
g1777.t1	VFG028400(gb|WP_015575387)	51.592	314	148	3	271	582	239	550	1.77e-86	278
g1777.t1	VFG028403(gb|WP_042509296)	51.592	314	148	3	271	582	239	550	2.39e-86	278
g1777.t1	VFG022153(gb|WP_010908942)	47.077	325	159	5	267	583	152	471	4.89e-83	267
g1777.t1	VFG022153(gb|WP_010908942)	53.901	141	63	2	14	154	9	147	5.61e-30	123
g1777.t1	VFG028406(gb|YP_007959851)	51.592	314	148	3	271	582	184	495	3.77e-82	266
g1777.t1	VFG023264(gb|WP_013826993)	54.815	270	113	5	271	535	249	514	9.67e-82	266
g1777.t1	VFG021946(gb|WP_085989533)	57.736	265	109	2	266	528	223	486	1.74e-80	263
g1777.t1	VFG021945(gb|WP_010948761)	57.358	265	110	2	266	528	237	500	5.61e-79	259
g1777.t1	VFG022155(gb|WP_011727074)	51.812	276	122	5	264	533	138	408	1.55e-75	247
g1777.t1	VFG022155(gb|WP_011727074)	52.846	123	57	1	31	153	17	138	7.16e-28	116
g1777.t1	VFG028778(gb|WP_015288930)	46.505	329	159	7	264	583	138	458	8.06e-74	243
g1777.t1	VFG028778(gb|WP_015288930)	47.904	167	84	2	15	181	3	166	5.25e-36	140
g1777.t1	VFG028779(gb|WP_015292042)	45.897	329	161	6	264	583	138	458	2.33e-73	241
g1777.t1	VFG028779(gb|WP_015292042)	47.904	167	84	2	15	181	3	166	5.73e-36	140
g1777.t1	VFG017724(gb|WP_011557506)	48.534	307	152	6	263	568	135	436	2.42e-73	241
g1777.t1	VFG017724(gb|WP_011557506)	53.448	116	52	2	35	150	19	132	1.27e-25	109
g1777.t1	VFG017723(gb|WP_011854181)	48.534	307	152	6	263	568	135	436	2.81e-73	241
g1777.t1	VFG017723(gb|WP_011854181)	53.448	116	52	2	35	150	19	132	1.26e-25	109
g1777.t1	VFG022146(gb|NP_214805)	46.201	329	160	7	264	583	138	458	1.07e-72	240
g1777.t1	VFG022146(gb|NP_214805)	47.904	167	84	2	15	181	3	166	5.57e-36	140
g1777.t1	VFG017721(gb|WP_011891661)	50.916	273	130	4	265	537	137	405	3.58e-72	238
g1777.t1	VFG017721(gb|WP_011891661)	53.333	120	54	2	35	154	19	136	8.11e-27	113
g1777.t1	VFG017719(gb|WP_010907482)	42.901	324	170	7	265	585	135	446	1.04e-71	237
g1777.t1	VFG017719(gb|WP_010907482)	52.500	120	55	2	35	154	17	134	1.18e-25	110
g1777.t1	VFG023382(gb|WP_012392515)	44.545	330	171	5	264	585	142	467	1.85e-71	237
g1777.t1	VFG023382(gb|WP_012392515)	49.650	143	69	2	15	155	3	144	5.56e-34	134
g1777.t1	VFG023383(gb|YP_001702960)	51.128	266	122	5	264	526	143	403	3.23e-71	236
g1777.t1	VFG023383(gb|YP_001702960)	46.043	139	67	5	15	153	13	143	7.30e-22	98.6
g1777.t1	VFG028775(gb|WP_005099362)	51.128	266	122	5	264	526	143	403	3.55e-71	236
g1777.t1	VFG028775(gb|WP_005099362)	47.899	119	55	4	35	153	32	143	2.51e-21	97.1
g1777.t1	VFG028785(gb|YP_007960189)	49.265	272	128	5	264	529	137	404	5.81e-71	235
g1777.t1	VFG028785(gb|YP_007960189)	48.503	167	82	3	15	181	3	165	2.76e-35	138
g1777.t1	VFG017720(gb|WP_011726654)	49.817	273	133	4	265	537	137	405	7.14e-71	234
g1777.t1	VFG017720(gb|WP_011726654)	49.254	134	63	3	21	154	8	136	2.12e-27	115
g1777.t1	VFG017722(gb|WP_011777417)	50.549	273	131	4	265	537	137	405	7.56e-71	234
g1777.t1	VFG017722(gb|WP_011777417)	50.735	136	62	3	19	154	6	136	6.96e-28	116
g1777.t1	VFG022158(gb|WP_011557806)	48.185	303	140	7	264	557	137	431	9.95e-71	234
g1777.t1	VFG022158(gb|WP_011557806)	51.327	113	54	1	41	153	26	137	2.03e-25	109
g1777.t1	VFG022154(gb|WP_011739410)	43.939	330	173	5	264	585	142	467	4.21e-70	233
g1777.t1	VFG022154(gb|WP_011739410)	49.650	143	69	2	15	155	3	144	5.62e-34	134
g1777.t1	VFG023183(gb|WP_041325041)	48.070	285	139	6	265	545	135	414	1.04e-68	229
g1777.t1	VFG023183(gb|WP_041325041)	53.600	125	56	2	30	154	12	134	4.17e-27	114
g1777.t1	VFG027964(gb|WP_015357706)	48.070	285	139	6	265	545	135	414	1.10e-68	229
g1777.t1	VFG027964(gb|WP_015357706)	53.600	125	56	2	30	154	12	134	1.10e-27	115
g1777.t1	VFG028780(gb|WP_015354284)	43.939	330	173	5	264	585	142	467	1.29e-68	229
g1777.t1	VFG028780(gb|WP_015354284)	49.650	143	69	2	15	155	3	144	5.40e-34	134
g1777.t1	VFG028790(gb|YP_007956490)	44.377	329	166	7	264	583	138	458	5.18e-67	225
g1777.t1	VFG028790(gb|YP_007956490)	47.904	167	84	2	15	181	3	166	6.44e-36	140
g1777.t1	VFG024545(gb|WP_013470471)	47.292	277	138	5	264	536	140	412	1.68e-66	223
g1777.t1	VFG024545(gb|WP_013470471)	51.376	109	52	1	45	153	33	140	1.58e-23	103
g1777.t1	VFG022156(gb|WP_011891321)	47.292	277	138	5	264	536	140	412	7.12e-66	221
g1777.t1	VFG022156(gb|WP_011891321)	51.376	109	52	1	45	153	33	140	1.92e-23	103
g1777.t1	VFG024547(gb|WP_008261653)	44.343	327	169	5	265	583	144	465	4.15e-65	220
g1777.t1	VFG024547(gb|WP_008261653)	55.634	142	60	2	15	154	3	143	7.32e-36	140
g1777.t1	VFG022157(gb|WP_158013759)	49.057	265	129	4	264	526	91	351	6.09e-65	218
g1777.t1	VFG022157(gb|WP_158013759)	53.261	92	42	1	62	153	1	91	2.10e-18	87.4
g1777.t1	VFG002391(gb|NP_218400)	46.667	285	143	6	265	545	135	414	1.60e-64	218
g1777.t1	VFG002391(gb|NP_218400)	53.600	125	56	2	30	154	12	134	6.43e-26	110
g1777.t1	VFG017717(gb|WP_010950954)	46.667	285	143	6	265	545	135	414	2.10e-64	217
g1777.t1	VFG017717(gb|WP_010950954)	53.600	125	56	2	30	154	12	134	6.93e-26	110
g1777.t1	VFG027979(gb|WP_015695601)	46.667	285	143	6	265	545	135	414	2.70e-64	217
g1777.t1	VFG027979(gb|WP_015695601)	53.600	125	56	2	30	154	12	134	6.93e-26	110
g1777.t1	VFG024546(gb|WP_014381361)	44.037	327	170	5	265	583	144	465	3.51e-64	218
g1777.t1	VFG024546(gb|WP_014381361)	55.634	142	60	2	15	154	3	143	7.83e-36	140
g1777.t1	VFG024548(gb|WP_009955673)	44.037	327	170	5	265	583	144	465	3.55e-64	218
g1777.t1	VFG024548(gb|WP_009955673)	55.634	142	60	2	15	154	3	143	7.39e-36	140
g1777.t1	VFG027961(gb|WP_015291797)	46.316	285	144	6	265	545	135	414	4.46e-64	216
g1777.t1	VFG027961(gb|WP_015291797)	53.600	125	56	2	30	154	12	134	6.68e-26	110
g1777.t1	VFG023432(gb|YP_001704486)	49.615	260	126	5	268	525	158	414	4.48e-62	212
g1777.t1	VFG023432(gb|YP_001704486)	49.219	128	65	0	26	153	24	151	1.24e-28	119
g1777.t1	VFG028932(gb|WP_005055986)	49.615	260	126	5	268	525	158	414	5.13e-62	212
g1777.t1	VFG028932(gb|WP_005055986)	50.000	128	64	0	26	153	24	151	7.03e-29	120
g1777.t1	VFG023389(gb|WP_049792814)	44.523	283	141	6	267	537	152	430	1.05e-61	211
g1777.t1	VFG023389(gb|WP_049792814)	53.020	149	60	3	9	154	6	147	4.45e-34	135
g1777.t1	VFG027968(gb|YP_007963800)	44.337	309	161	8	265	568	99	401	7.12e-61	207
g1777.t1	VFG027968(gb|YP_007963800)	48.980	98	48	2	57	154	3	98	3.90e-16	80.5
g1777.t1	VFG027973(gb|YP_007959849)	45.614	285	146	6	265	545	101	380	1.64e-60	206
g1777.t1	VFG027973(gb|YP_007959849)	49.495	99	48	2	57	154	3	100	2.19e-16	81.6
g1777.t1	VFG022152(gb|WP_011726295)	40.741	351	163	6	219	528	65	411	4.52e-60	206
g1777.t1	VFG022152(gb|WP_011726295)	56.667	120	51	1	35	154	25	143	3.52e-25	108
g1777.t1	VFG022151(gb|WP_003879189)	40.456	351	164	6	219	528	65	411	5.13e-59	204
g1777.t1	VFG022151(gb|WP_003879189)	56.667	120	51	1	35	154	25	143	3.55e-25	108
g1777.t1	VFG028944(gb|YP_005924560)	44.099	322	153	11	267	582	93	393	5.70e-52	183
g1777.t1	VFG028944(gb|YP_005924560)	61.290	62	23	1	92	153	28	88	1.41e-16	82.0
g1777.t1	VFG022262(gb|WP_011558536)	44.523	283	142	7	269	549	141	410	6.67e-52	184
g1777.t1	VFG022262(gb|WP_011558536)	45.652	138	72	2	14	151	3	137	3.73e-22	99.4
g1777.t1	VFG022258(gb|WP_011727724)	43.252	326	150	11	266	583	139	437	8.07e-52	184
g1777.t1	VFG022258(gb|WP_011727724)	45.865	133	64	3	18	149	8	133	8.75e-11	64.3
g1777.t1	VFG028943(gb|YP_005361988)	44.099	322	153	11	267	582	126	426	1.14e-51	183
g1777.t1	VFG028943(gb|YP_005361988)	49.587	121	60	1	33	153	2	121	3.73e-28	117
g1777.t1	VFG028935(gb|WP_003901645)	44.099	322	153	11	267	582	146	446	1.37e-51	183
g1777.t1	VFG028935(gb|WP_003901645)	48.485	132	65	2	24	153	11	141	1.65e-28	118
g1777.t1	VFG022249(gb|WP_003418331)	44.099	322	153	11	267	582	146	446	1.42e-51	183
g1777.t1	VFG022249(gb|WP_003418331)	48.485	132	65	2	24	153	11	141	2.82e-28	117
g1777.t1	VFG022260(gb|WP_011778705)	42.405	316	159	9	269	583	144	437	2.39e-51	182
g1777.t1	VFG022260(gb|WP_011778705)	47.009	117	57	3	35	151	23	134	1.97e-18	88.2
g1777.t1	VFG022261(gb|WP_011854865)	44.523	283	142	7	269	549	141	410	3.12e-51	182
g1777.t1	VFG022261(gb|WP_011854865)	45.652	138	72	2	14	151	3	137	3.63e-22	99.4
g1777.t1	VFG028927(gb|WP_015288545)	44.099	322	153	11	267	582	146	446	3.18e-51	182
g1777.t1	VFG028927(gb|WP_015288545)	48.485	132	65	2	24	153	11	141	2.57e-28	118
g1777.t1	VFG028929(gb|WP_015291463)	43.789	322	154	11	267	582	146	446	1.93e-50	180
g1777.t1	VFG028929(gb|WP_015291463)	48.485	132	65	2	24	153	11	141	2.27e-28	118
g1777.t1	VFG023434(gb|WP_014001750)	43.478	322	155	11	267	582	146	446	8.69e-50	178
g1777.t1	VFG023434(gb|WP_014001750)	48.485	132	65	2	24	153	11	141	6.80e-27	114
g1777.t1	VFG023431(gb|WP_012392987)	45.353	269	127	9	267	532	143	394	9.34e-50	178
g1777.t1	VFG023431(gb|WP_012392987)	46.667	120	61	2	34	153	22	138	1.61e-19	91.7
g1777.t1	VFG022257(gb|WP_011739117)	41.463	328	164	11	267	585	143	451	2.02e-49	177
g1777.t1	VFG022257(gb|WP_011739117)	46.667	120	61	2	34	153	22	138	1.66e-19	91.3
g1777.t1	VFG028931(gb|WP_036426882)	44.981	269	128	9	267	532	143	394	3.32e-49	177
g1777.t1	VFG028931(gb|WP_036426882)	46.667	120	61	2	34	153	22	138	2.21e-19	90.9
g1777.t1	VFG022256(gb|WP_031348252)	44.487	263	113	6	261	522	134	364	9.26e-46	167
g1777.t1	VFG022256(gb|WP_031348252)	47.727	132	60	3	25	151	6	133	9.11e-24	103
g1777.t1	VFG022255(gb|WP_010950276)	45.038	262	113	6	261	522	134	364	5.62e-45	164
g1777.t1	VFG022255(gb|WP_010950276)	46.212	132	62	3	25	151	6	133	4.95e-23	102
g1777.t1	VFG022259(gb|WP_193373631)	44.000	275	130	9	254	522	115	371	7.01e-45	164
g1777.t1	VFG022259(gb|WP_193373631)	45.378	119	60	2	35	153	14	127	1.20e-17	85.5
g1777.t1	VFG024592(gb|WP_041788135)	44.000	275	130	9	254	522	121	377	1.56e-44	164
g1777.t1	VFG024592(gb|WP_041788135)	40.690	145	73	4	9	153	2	133	9.87e-18	85.9
g1777.t1	VFG024594(gb|WP_050989426)	44.922	256	110	7	267	522	127	351	8.22e-44	161
g1777.t1	VFG024594(gb|WP_050989426)	48.413	126	57	4	30	153	3	122	6.99e-23	101
g1777.t1	VFG024593(gb|WP_043955845)	44.922	256	110	8	267	522	127	351	3.15e-43	159
g1777.t1	VFG024593(gb|WP_043955845)	49.194	124	55	4	30	151	3	120	9.47e-23	100
g1777.t1	VFG023437(gb|WP_041320153)	41.288	264	123	4	264	527	141	372	4.18e-43	159
g1777.t1	VFG023437(gb|WP_041320153)	56.000	75	28	2	81	151	64	137	2.16e-15	78.6
g1777.t1	VFG028947(gb|WP_051197839)	44.531	256	111	7	267	522	127	351	5.99e-43	159
g1777.t1	VFG028947(gb|WP_051197839)	48.760	121	54	4	33	151	6	120	9.47e-23	100
g1777.t1	VFG024597(gb|WP_044059247)	44.531	256	111	7	267	522	127	351	7.84e-43	158
g1777.t1	VFG024597(gb|WP_044059247)	49.194	124	55	4	30	151	3	120	8.71e-23	100
g1777.t1	VFG028940(gb|YP_007959435)	50.000	98	48	1	56	153	21	117	1.50e-23	100
g1777.t1	VFG028940(gb|YP_007959435)	46.386	166	72	6	267	430	122	272	6.71e-22	95.9
g3401.t1	VFG022249(gb|WP_003418331)	100.000	455	0	0	1	455	1	455	0.0	888
g3401.t1	VFG028935(gb|WP_003901645)	99.780	455	1	0	1	455	1	455	0.0	886
g3401.t1	VFG028927(gb|WP_015288545)	99.780	455	1	0	1	455	1	455	0.0	886
g3401.t1	VFG028929(gb|WP_015291463)	99.121	455	4	0	1	455	1	455	0.0	880
g3401.t1	VFG023434(gb|WP_014001750)	98.681	455	6	0	1	455	1	455	0.0	873
g3401.t1	VFG028943(gb|YP_005361988)	99.770	435	1	0	21	455	1	435	0.0	850
g3401.t1	VFG028944(gb|YP_005924560)	100.000	374	0	0	82	455	29	402	0.0	728
g3401.t1	VFG023431(gb|WP_012392987)	70.814	442	112	5	24	455	23	457	0.0	535
g3401.t1	VFG028931(gb|WP_036426882)	70.588	442	113	5	24	455	23	457	0.0	533
g3401.t1	VFG022257(gb|WP_011739117)	70.362	442	114	5	24	455	23	457	0.0	532
g3401.t1	VFG024594(gb|WP_050989426)	70.227	440	110	5	18	455	2	422	3.99e-179	507
g3401.t1	VFG024597(gb|WP_044059247)	70.227	440	110	5	18	455	2	422	2.15e-177	503
g3401.t1	VFG024593(gb|WP_043955845)	69.773	440	112	5	18	455	2	422	3.66e-177	502
g3401.t1	VFG022256(gb|WP_031348252)	72.656	384	87	2	5	388	2	367	3.15e-176	500
g3401.t1	VFG028947(gb|WP_051197839)	69.545	440	113	5	18	455	2	422	1.06e-175	498
g3401.t1	VFG022255(gb|WP_010950276)	72.917	384	86	2	5	388	2	367	3.77e-172	489
g3401.t1	VFG028940(gb|YP_007959435)	95.219	251	12	0	39	289	15	265	9.06e-148	422
g3401.t1	VFG022260(gb|WP_011778705)	58.525	434	154	9	24	448	23	439	4.41e-141	411
g3401.t1	VFG022261(gb|WP_011854865)	56.858	452	164	9	3	444	6	436	1.38e-131	387
g3401.t1	VFG022262(gb|WP_011558536)	57.048	454	160	10	3	444	6	436	2.04e-130	384
g3401.t1	VFG024592(gb|WP_041788135)	60.052	388	137	7	4	385	2	377	6.51e-130	382
g3401.t1	VFG022259(gb|WP_193373631)	61.247	369	127	6	23	385	13	371	3.04e-128	378
g3401.t1	VFG023432(gb|YP_001704486)	55.583	403	162	6	2	387	11	413	4.59e-122	364
g3401.t1	VFG028932(gb|WP_005055986)	55.583	403	162	6	2	387	11	413	6.86e-122	363
g3401.t1	VFG023437(gb|WP_041320153)	62.185	357	114	6	51	406	53	389	5.81e-118	352
g3401.t1	VFG022258(gb|WP_011727724)	57.623	387	133	11	80	455	76	442	5.05e-115	344
g3401.t1	VFG023383(gb|YP_001702960)	46.352	466	201	17	5	444	13	455	5.51e-95	294
g3401.t1	VFG028775(gb|WP_005099362)	46.980	447	188	17	24	444	32	455	6.45e-93	288
g3401.t1	VFG022155(gb|WP_011727074)	45.250	400	198	8	5	387	4	399	8.91e-91	283
g3401.t1	VFG022146(gb|NP_214805)	42.641	462	228	12	12	447	9	459	4.54e-86	271
g3401.t1	VFG022158(gb|WP_011557806)	46.791	374	179	7	30	385	26	397	5.33e-86	270
g3401.t1	VFG028778(gb|WP_015288930)	42.424	462	229	12	12	447	9	459	1.93e-85	269
g3401.t1	VFG028779(gb|WP_015292042)	42.424	462	229	12	12	447	9	459	3.37e-85	268
g3401.t1	VFG027964(gb|WP_015357706)	47.073	427	200	14	5	417	3	417	5.87e-85	267
g3401.t1	VFG017719(gb|WP_010907482)	44.226	407	203	10	24	411	17	418	5.87e-85	267
g3401.t1	VFG023183(gb|WP_041325041)	47.073	427	200	14	5	417	3	417	1.68e-84	266
g3401.t1	VFG028785(gb|YP_007960189)	44.584	397	189	9	12	385	9	397	4.52e-84	265
g3401.t1	VFG022153(gb|WP_010908942)	42.697	445	224	12	22	442	27	464	9.39e-84	265
g3401.t1	VFG017720(gb|WP_011726654)	43.182	396	202	10	7	385	1	390	1.69e-82	261
g3401.t1	VFG017717(gb|WP_010950954)	45.823	419	202	13	9	409	5	416	2.10e-82	261
g3401.t1	VFG002391(gb|NP_218400)	45.823	419	202	13	9	409	5	416	2.52e-82	260
g3401.t1	VFG027961(gb|WP_015291797)	45.585	419	203	13	9	409	5	416	6.74e-82	259
g3401.t1	VFG027979(gb|WP_015695601)	45.585	419	203	13	9	409	5	416	1.01e-81	259
g3401.t1	VFG017722(gb|WP_011777417)	42.537	402	207	10	5	390	2	395	4.73e-81	257
g3401.t1	VFG028790(gb|YP_007956490)	41.342	462	234	12	12	447	9	459	1.04e-80	257
g3401.t1	VFG017723(gb|WP_011854181)	45.522	402	200	10	8	395	3	399	2.38e-80	255
g3401.t1	VFG017724(gb|WP_011557506)	46.373	386	188	10	24	395	19	399	4.92e-80	254
g3401.t1	VFG017721(gb|WP_011891661)	45.000	380	187	9	24	387	19	392	9.65e-80	254
g3401.t1	VFG022156(gb|WP_011891321)	44.301	386	192	8	34	402	33	412	1.49e-77	248
g3401.t1	VFG023382(gb|WP_012392515)	42.634	448	221	11	24	444	25	463	6.02e-77	247
g3401.t1	VFG024545(gb|WP_013470471)	43.782	386	194	8	34	402	33	412	3.46e-76	245
g3401.t1	VFG022154(gb|WP_011739410)	42.411	448	222	11	24	444	25	463	4.05e-76	245
g3401.t1	VFG022157(gb|WP_158013759)	47.839	347	165	7	53	385	3	347	2.40e-75	241
g3401.t1	VFG023389(gb|WP_049792814)	44.181	421	199	10	5	397	12	424	4.29e-75	243
g3401.t1	VFG028780(gb|WP_015354284)	41.964	448	224	10	24	444	25	463	7.12e-74	239
g3401.t1	VFG027968(gb|YP_007963800)	44.578	415	187	15	47	439	4	397	1.63e-73	236
g3401.t1	VFG027973(gb|YP_007959849)	45.288	382	187	10	47	409	4	382	1.19e-72	234
g3401.t1	VFG024547(gb|WP_008261653)	43.609	399	197	11	9	385	13	405	2.02e-70	230
g3401.t1	VFG024546(gb|WP_014381361)	43.609	399	197	11	9	385	13	405	3.19e-70	229
g3401.t1	VFG024548(gb|WP_009955673)	43.609	399	197	11	9	385	13	405	3.26e-70	229
g3401.t1	VFG022152(gb|WP_011726295)	42.784	388	191	8	23	385	24	405	9.49e-66	218
g3401.t1	VFG022151(gb|WP_003879189)	42.526	388	192	8	23	385	24	405	1.23e-64	215
g3401.t1	VFG028395(gb|WP_015304042)	51.938	258	101	7	150	387	239	493	2.50e-60	206
g3401.t1	VFG028395(gb|WP_015304042)	41.525	118	68	1	24	141	29	145	2.42e-19	90.5
g3401.t1	VFG028403(gb|WP_042509296)	51.550	258	102	7	150	387	239	493	5.51e-60	205
g3401.t1	VFG028403(gb|WP_042509296)	41.525	118	68	1	24	141	29	145	2.60e-19	90.5
g3401.t1	VFG028400(gb|WP_015575387)	51.550	258	102	7	150	387	239	493	5.92e-60	205
g3401.t1	VFG028400(gb|WP_015575387)	40.678	118	69	1	24	141	29	145	3.63e-18	87.0
g3401.t1	VFG028410(gb|WP_015695603)	51.550	258	102	7	150	387	239	493	5.98e-60	205
g3401.t1	VFG028410(gb|WP_015695603)	41.525	118	68	1	24	141	29	145	2.67e-19	90.5
g3401.t1	VFG021939(gb|WP_003400012)	51.550	258	102	7	150	387	239	493	5.98e-60	205
g3401.t1	VFG021939(gb|WP_003400012)	41.525	118	68	1	24	141	29	145	2.67e-19	90.5
g3401.t1	VFG028396(gb|WP_015291800)	51.550	258	102	7	150	387	239	493	9.65e-60	204
g3401.t1	VFG028396(gb|WP_015291800)	41.525	118	68	1	24	141	29	145	2.69e-19	90.5
g3401.t1	VFG028397(gb|WP_015294709)	51.163	258	103	7	150	387	242	496	1.38e-59	204
g3401.t1	VFG028397(gb|WP_015294709)	41.525	118	68	1	24	141	29	145	2.79e-19	90.5
g3401.t1	VFG023264(gb|WP_013826993)	50.965	259	107	6	150	390	249	505	6.57e-59	202
g3401.t1	VFG023264(gb|WP_013826993)	34.615	130	78	3	8	131	11	139	6.13e-12	67.4
g3401.t1	VFG024449(gb|WP_014710801)	49.071	269	116	7	141	390	232	498	1.45e-58	201
g3401.t1	VFG024449(gb|WP_014710801)	36.496	137	86	1	5	141	6	141	5.37e-18	86.3
g3401.t1	VFG024452(gb|WP_014378831)	49.071	269	116	7	141	390	232	498	1.92e-58	201
g3401.t1	VFG024452(gb|WP_014378831)	36.496	137	86	1	5	141	6	141	6.31e-18	86.3
g3401.t1	VFG024448(gb|WP_014381603)	49.071	269	116	7	141	390	232	498	1.92e-58	201
g3401.t1	VFG024448(gb|WP_014381603)	36.496	137	86	1	5	141	6	141	6.31e-18	86.3
g3401.t1	VFG024451(gb|WP_014383622)	49.071	269	116	7	141	390	232	498	2.31e-58	201
g3401.t1	VFG024451(gb|WP_014383622)	36.496	137	86	1	5	141	6	141	6.09e-18	86.3
g3401.t1	VFG009206(gb|WP_011725133)	45.734	293	127	8	146	409	284	573	3.98e-58	201
g3401.t1	VFG009206(gb|WP_011725133)	48.214	112	58	0	29	140	40	151	4.79e-23	102
g3401.t1	VFG009205(gb|WP_003877892)	45.392	293	128	8	146	409	283	572	2.44e-57	199
g3401.t1	VFG009205(gb|WP_003877892)	48.214	112	58	0	29	140	40	151	4.36e-23	102
g3401.t1	VFG028406(gb|YP_007959851)	50.775	258	104	6	150	387	184	438	6.37e-57	195
g3401.t1	VFG028406(gb|YP_007959851)	54.545	66	29	1	76	141	26	90	2.08e-13	72.0
g3401.t1	VFG024613(gb|WP_008257037)	42.331	326	158	9	146	446	282	602	1.64e-56	197
g3401.t1	VFG024613(gb|WP_008257037)	49.153	118	60	0	24	141	35	152	1.55e-25	109
g3401.t1	VFG028119(gb|WP_020822615)	42.331	326	158	9	146	446	278	598	1.83e-56	196
g3401.t1	VFG028119(gb|WP_020822615)	49.153	118	60	0	24	141	35	152	1.49e-25	109
g3401.t1	VFG024615(gb|WP_014382639)	42.331	326	158	9	146	446	279	599	1.90e-56	196
g3401.t1	VFG024615(gb|WP_014382639)	49.153	118	60	0	24	141	35	152	1.61e-25	109
g3401.t1	VFG028104(gb|WP_015290148)	45.745	282	130	9	146	407	267	545	2.05e-56	196
g3401.t1	VFG028104(gb|WP_015290148)	48.438	128	65	1	15	141	26	153	5.06e-24	104
g3401.t1	VFG024616(gb|WP_014384776)	42.331	326	158	9	146	446	282	602	2.37e-56	196
g3401.t1	VFG024616(gb|WP_014384776)	49.153	118	60	0	24	141	35	152	1.55e-25	109
g3401.t1	VFG028105(gb|WP_015293201)	45.017	291	133	10	146	416	267	550	4.73e-56	195
g3401.t1	VFG028105(gb|WP_015293201)	48.438	128	65	1	15	141	26	153	5.10e-24	104
g3401.t1	VFG023487(gb|WP_014000952)	45.017	291	133	10	146	416	267	550	4.73e-56	195
g3401.t1	VFG023487(gb|WP_014000952)	48.438	128	65	1	15	141	26	153	5.10e-24	104
g3401.t1	VFG002403(gb|NP_216312)	45.017	291	133	10	146	416	267	550	5.13e-56	195
g3401.t1	VFG002403(gb|NP_216312)	48.438	128	65	1	15	141	26	153	4.83e-24	104
g3401.t1	VFG009199(gb|WP_012054295)	44.674	291	134	10	146	416	267	550	3.07e-55	193
g3401.t1	VFG009199(gb|WP_012054295)	48.438	128	65	1	15	141	26	153	4.70e-24	105
g3401.t1	VFG023485(gb|WP_012394392)	41.615	322	163	10	148	449	264	580	4.81e-55	192
g3401.t1	VFG023485(gb|WP_012394392)	48.305	118	61	0	24	141	35	152	1.67e-29	121
g3401.t1	VFG028106(gb|WP_015355472)	41.615	322	163	10	148	449	264	580	5.44e-55	192
g3401.t1	VFG028106(gb|WP_015355472)	48.305	118	61	0	24	141	35	152	1.41e-29	121
g3401.t1	VFG009085(gb|WP_011740935)	41.104	326	156	11	148	446	263	579	9.91e-55	191
g3401.t1	VFG009085(gb|WP_011740935)	48.305	118	61	0	24	141	35	152	1.70e-29	121
g3401.t1	VFG021946(gb|WP_085989533)	49.442	269	115	7	141	390	219	485	6.39e-53	186
g3401.t1	VFG021946(gb|WP_085989533)	39.831	118	70	1	24	141	11	127	5.75e-18	86.3
g3401.t1	VFG021945(gb|WP_010948761)	48.889	270	115	7	141	390	233	499	1.74e-51	182
g3401.t1	VFG021945(gb|WP_010948761)	40.171	117	69	1	25	141	26	141	7.37e-18	85.9
g3401.t1	VFG023490(gb|WP_010908392)	43.561	264	133	7	140	387	245	508	2.00e-51	182
g3401.t1	VFG023490(gb|WP_010908392)	45.185	135	72	2	9	141	1	135	6.11e-27	113
g3401.t1	VFG009207(gb|WP_165443173)	43.561	264	133	7	140	387	263	526	2.86e-51	182
g3401.t1	VFG009207(gb|WP_165443173)	45.588	136	72	2	8	141	18	153	2.51e-27	114
g3401.t1	VFG023491(gb|WP_041317810)	46.094	256	122	7	148	387	290	545	4.14e-50	179
g3401.t1	VFG023491(gb|WP_041317810)	47.541	122	63	1	22	142	33	154	2.52e-20	93.6
g3606.t1	VFG042333(gb|WP_012368325)	30.996	1084	619	32	14	995	28	1084	7.13e-125	406
g3606.t1	VFG042321(gb|WP_041182137)	29.433	547	349	13	454	986	2181	2704	4.95e-39	158
g3606.t1	VFG011128(gb|WP_158308698)	27.127	623	319	24	55	637	84	611	9.43e-33	137
g3606.t1	VFG011125(gb|WP_033446404)	29.310	348	211	14	50	381	47	375	9.67e-22	101
g3606.t1	VFG011125(gb|WP_033446404)	40.909	110	57	4	454	563	389	490	9.48e-07	52.8
g3606.t1	VFG011126(gb|WP_010927461)	29.060	351	208	14	50	381	47	375	1.23e-21	101
g3606.t1	VFG011126(gb|WP_010927461)	32.275	189	107	9	454	640	389	558	1.07e-06	52.8
g3606.t1	VFG011127(gb|WP_003807690)	29.310	348	211	14	50	381	47	375	2.38e-21	100
g3606.t1	VFG011127(gb|WP_003807690)	33.333	189	105	10	454	640	389	558	1.12e-06	52.8
g3606.t1	VFG042322(gb|WP_079278679)	25.185	405	205	13	124	501	100	433	5.23e-21	99.4
g3606.t1	VFG018393(gb|WP_071822252)	34.426	122	68	5	454	567	1014	1131	2.61e-06	51.6
g3606.t1	VFG021108(gb|WP_071529939)	30.337	178	102	8	455	618	1061	1230	5.97e-06	50.4
g3606.t1	VFG021102(gb|WP_071820469)	29.775	178	103	8	455	618	885	1054	6.97e-06	50.4
g3606.t1	VFG022158(gb|WP_011557806)	27.492	331	172	14	70	359	85	388	9.14e-06	49.3
g3606.t1	VFG021103(gb|WP_010835709)	30.337	178	102	8	455	618	1252	1421	9.69e-06	49.7
