g1675.t1	VFG015521(gb|NP_252906)	33.333	189	116	5	26	208	30	214	4.08e-23	92.0
g1675.t1	VFG015542(gb|NP_252905)	33.333	189	116	5	26	208	31	215	4.30e-23	92.0
g1675.t1	VFG015522(gb|WP_012074245)	33.333	174	110	3	26	197	30	199	5.83e-23	91.7
g1675.t1	VFG015544(gb|WP_093945134)	31.383	188	121	4	26	208	30	214	8.35e-21	86.3
g2571.t1	VFG015521(gb|NP_252906)	36.207	174	105	3	42	213	30	199	2.80e-25	98.2
g2571.t1	VFG015542(gb|NP_252905)	36.207	174	105	3	42	213	31	200	3.08e-25	98.2
g2571.t1	VFG015522(gb|WP_012074245)	35.838	173	107	2	42	213	30	199	7.08e-25	97.4
g2571.t1	VFG015544(gb|WP_093945134)	35.260	173	108	2	42	213	30	199	4.60e-23	92.4
g1063.t1	VFG015521(gb|NP_252906)	37.879	198	109	5	23	215	26	214	1.72e-31	114
g1063.t1	VFG015542(gb|NP_252905)	37.879	198	109	5	23	215	27	215	1.90e-31	114
g1063.t1	VFG015522(gb|WP_012074245)	37.879	198	109	5	23	215	26	214	3.26e-31	113
g1063.t1	VFG015544(gb|WP_093945134)	35.567	194	119	3	23	215	26	214	2.62e-29	108
g1344.t1	VFG015542(gb|NP_252905)	32.984	191	126	1	28	218	27	215	2.21e-31	114
g1344.t1	VFG015521(gb|NP_252906)	32.984	191	126	1	28	218	26	214	2.35e-31	114
g1344.t1	VFG015522(gb|WP_012074245)	32.984	191	126	1	28	218	26	214	2.03e-30	111
g1344.t1	VFG015544(gb|WP_093945134)	32.461	191	127	1	28	218	26	214	3.98e-30	110
