g203.t1	VFG018806(gb|WP_002216614)	45.714	140	66	4	1	131	1	139	2.91e-30	105
g203.t1	VFG036660(gb|WP_003706998)	43.885	139	70	3	1	131	1	139	9.21e-30	104
g203.t1	VFG006295(gb|WP_003693740)	43.885	139	70	3	1	131	1	139	9.52e-30	104
g203.t1	VFG006292(gb|WP_002212592)	45.000	140	67	4	1	131	1	139	3.04e-29	103
g701.t1	VFG006295(gb|WP_003693740)	32.624	141	85	4	1	135	3	139	7.77e-15	66.6
g701.t1	VFG036660(gb|WP_003706998)	31.618	136	87	3	6	135	4	139	1.98e-14	65.5
g701.t1	VFG018806(gb|WP_002216614)	30.882	136	88	3	6	135	4	139	3.88e-14	64.7
g701.t1	VFG006292(gb|WP_002212592)	30.882	136	88	3	6	135	4	139	4.96e-14	64.7
g985.t1	VFG018806(gb|WP_002216614)	36.029	136	78	3	10	144	13	140	1.59e-21	84.3
g985.t1	VFG006295(gb|WP_003693740)	37.410	139	72	5	10	144	13	140	1.77e-21	84.0
g985.t1	VFG036660(gb|WP_003706998)	37.410	139	72	5	10	144	13	140	1.79e-21	84.0
g985.t1	VFG006292(gb|WP_002212592)	36.691	139	73	5	10	144	13	140	8.19e-21	82.4
g3041.t1	VFG036660(gb|WP_003706998)	29.078	141	88	4	1	132	1	138	4.50e-10	54.3
g3041.t1	VFG006295(gb|WP_003693740)	30.400	125	75	4	17	132	17	138	5.00e-10	54.3
g3041.t1	VFG006292(gb|WP_002212592)	28.369	141	89	4	1	132	1	138	1.75e-09	52.8
g3041.t1	VFG018806(gb|WP_002216614)	29.600	125	76	4	17	132	17	138	2.63e-09	52.4
g2936.t1	VFG018806(gb|WP_002216614)	34.783	138	84	2	8	139	7	144	1.31e-22	86.7
g2936.t1	VFG006292(gb|WP_002212592)	34.783	138	84	2	8	139	7	144	2.93e-22	85.9
g2936.t1	VFG006295(gb|WP_003693740)	34.058	138	85	2	8	139	7	144	5.03e-22	85.1
g2936.t1	VFG036660(gb|WP_003706998)	34.058	138	85	2	8	139	7	144	6.88e-22	85.1
