g2690.t1	VFG000558(gb|NP_461818)	100.000	372	0	0	1	372	1	372	0.0	754
g2690.t1	VFG020565(gb|WP_000612167)	99.731	372	1	0	1	372	1	372	0.0	752
g2690.t1	VFG003756(gb|WP_000612166)	99.731	372	1	0	1	372	1	372	0.0	751
g2690.t1	VFG018512(gb|WP_000612173)	99.194	372	3	0	1	372	1	372	0.0	749
g2690.t1	VFG041845(gb|WP_011136178)	60.724	359	140	1	8	366	14	371	8.39e-145	414
g2690.t1	VFG042077(gb|NP_311759)	41.905	315	175	3	25	336	25	334	1.23e-78	246
g2690.t1	VFG020108(gb|WP_000887823)	32.153	367	231	6	1	362	1	354	9.61e-57	189
g2690.t1	VFG012682(gb|WP_000887828)	32.153	367	231	6	1	362	1	354	3.13e-56	187
g2690.t1	VFG012679(gb|WP_000887827)	31.880	367	232	6	1	362	1	354	8.88e-56	186
g2690.t1	VFG012681(gb|WP_010921674)	32.153	367	231	6	1	362	1	354	1.39e-55	186
g2690.t1	VFG001005(gb|NP_858279)	31.880	367	232	6	1	362	1	354	4.19e-55	184
g2690.t1	VFG002462(gb|WP_004555023)	33.742	326	212	4	42	365	41	364	8.24e-36	134
g2690.t1	VFG025140(gb|WP_004187221)	34.242	330	210	5	42	365	41	369	1.35e-35	133
g2690.t1	VFG025145(gb|WP_009972095)	34.462	325	206	5	47	365	46	369	5.45e-35	132
g2690.t1	VFG025147(gb|WP_009896116)	33.945	327	195	7	47	360	52	370	1.04e-34	131
g2690.t1	VFG041473(gb|WP_004155871)	30.389	283	169	8	1	272	1	266	2.02e-24	102
g2690.t1	VFG003526(gb|WP_011817133)	26.163	344	235	6	37	368	25	361	4.40e-19	87.4
g2690.t1	VFG041452(gb|WP_004157276)	26.000	300	205	6	73	360	65	359	1.33e-16	80.1
g2690.t1	VFG041798(gb|WP_011176684)	23.047	256	188	4	113	362	115	367	2.35e-07	52.0
g2690.t1	VFG016850(gb|WP_010230252)	25.161	155	114	2	109	263	125	277	3.88e-07	51.6
