g392.t1	VFG022075(gb|WP_011727069)	60.204	98	39	0	1	98	1	98	5.41e-26	92.8
g392.t1	VFG022076(gb|WP_011891327)	51.020	98	48	0	1	98	1	98	6.16e-24	87.4
g392.t1	VFG022078(gb|WP_011557800)	52.041	98	47	0	1	98	1	98	3.20e-23	85.5
g392.t1	VFG022073(gb|WP_010908947)	44.330	97	54	0	1	97	1	97	2.48e-21	80.9
g392.t1	VFG028663(gb|WP_015288925)	57.732	97	41	0	1	97	1	97	2.12e-19	75.9
g392.t1	VFG022074(gb|WP_011739404)	54.639	97	44	0	1	97	1	97	4.03e-19	75.1
g392.t1	VFG022077(gb|WP_011777735)	50.000	98	49	0	1	98	1	98	7.33e-19	74.3
g392.t1	VFG022066(gb|YP_177710)	56.701	97	42	0	1	97	1	97	9.73e-19	74.3
g392.t1	VFG022072(gb|WP_011726300)	52.577	97	46	0	1	97	1	97	1.11e-17	71.6
g392.t1	VFG023343(gb|YP_001702966)	47.959	98	51	0	1	98	1	98	1.35e-17	71.2
g392.t1	VFG024516(gb|WP_008261668)	52.577	97	46	0	1	97	1	97	1.58e-17	71.2
g392.t1	VFG023349(gb|WP_013827237)	54.000	100	46	0	1	100	1	100	2.34e-17	70.9
g392.t1	VFG022071(gb|WP_010950108)	51.546	97	47	0	1	97	1	97	3.52e-17	70.1
g392.t1	VFG028660(gb|WP_005058902)	46.939	98	52	0	1	98	1	98	4.10e-17	70.1
g392.t1	VFG024518(gb|WP_009952515)	51.546	97	47	0	1	97	1	97	9.37e-17	69.3
g392.t1	VFG028670(gb|YP_007960184)	54.795	73	33	0	1	73	1	73	1.06e-10	53.9
g1376.t1	VFG022075(gb|WP_011727069)	69.697	99	30	0	1	99	1	99	3.53e-31	105
g1376.t1	VFG022078(gb|WP_011557800)	65.306	98	34	0	1	98	1	98	7.71e-31	104
g1376.t1	VFG022076(gb|WP_011891327)	64.286	98	35	0	1	98	1	98	5.01e-30	102
g1376.t1	VFG022073(gb|WP_010908947)	59.794	97	39	0	1	97	1	97	2.32e-29	101
g1376.t1	VFG024516(gb|WP_008261668)	68.041	97	31	0	1	97	1	97	8.80e-26	92.0
g1376.t1	VFG022072(gb|WP_011726300)	68.041	97	31	0	1	97	1	97	1.02e-25	92.0
g1376.t1	VFG022071(gb|WP_010950108)	67.010	97	32	0	1	97	1	97	3.02e-25	90.9
g1376.t1	VFG024518(gb|WP_009952515)	67.010	97	32	0	1	97	1	97	3.72e-25	90.5
g1376.t1	VFG022077(gb|WP_011777735)	64.286	98	35	0	1	98	1	98	3.80e-25	90.5
g1376.t1	VFG028663(gb|WP_015288925)	69.072	97	30	0	1	97	1	97	2.00e-24	88.6
g1376.t1	VFG022074(gb|WP_011739404)	65.979	97	33	0	1	97	1	97	3.49e-24	88.2
g1376.t1	VFG022066(gb|YP_177710)	68.041	97	31	0	1	97	1	97	1.51e-23	86.3
g1376.t1	VFG023343(gb|YP_001702966)	61.224	98	38	0	1	98	1	98	1.79e-23	86.3
g1376.t1	VFG028660(gb|WP_005058902)	60.204	98	39	0	1	98	1	98	5.64e-23	85.1
g1376.t1	VFG023349(gb|WP_013827237)	64.000	100	36	0	1	100	1	100	2.14e-21	80.9
g1376.t1	VFG028670(gb|YP_007960184)	65.753	73	25	0	1	73	1	73	6.31e-13	59.7
