g772.t1	VFG044351(gb|WP_033111749)	25.412	425	314	2	54	478	16	437	2.06e-41	155
g772.t1	VFG036965(gb|WP_002226030)	27.952	415	269	8	55	455	20	418	3.63e-41	155
g772.t1	VFG036957(gb|WP_010951322)	28.365	416	266	9	55	455	20	418	5.87e-41	154
g772.t1	VFG036972(gb|WP_042508130)	27.845	413	272	8	55	455	20	418	1.25e-40	153
g772.t1	VFG036963(gb|WP_015815889)	28.125	416	267	9	55	455	20	418	1.25e-40	153
g772.t1	VFG036964(gb|WP_002218710)	27.644	416	269	9	55	455	20	418	1.39e-40	153
g772.t1	VFG036955(gb|WP_002236670)	27.644	416	269	9	55	455	20	418	1.93e-40	153
g772.t1	VFG036962(gb|WP_014573759)	27.885	416	268	9	55	455	20	418	2.20e-40	153
g772.t1	VFG036959(gb|WP_012222039)	27.644	416	269	9	55	455	20	418	2.35e-40	152
g772.t1	VFG036966(gb|WP_014581242)	27.470	415	271	8	55	455	20	418	2.68e-40	152
g772.t1	VFG036958(gb|WP_002247957)	27.885	416	268	9	55	455	20	418	2.70e-40	152
g772.t1	VFG036956(gb|WP_002224867)	27.644	416	269	9	55	455	20	418	3.74e-40	152
g772.t1	VFG036960(gb|WP_003703449)	27.885	416	268	9	55	455	20	418	4.58e-40	152
g772.t1	VFG044123(gb|WP_010930940)	29.878	164	114	1	77	239	41	204	7.55e-09	57.8
g772.t1	VFG047328(gb|WP_014549025)	29.927	137	89	4	75	207	37	170	5.50e-06	48.9
g465.t1	VFG044351(gb|WP_033111749)	26.078	464	321	7	17	465	9	465	4.76e-34	133
g465.t1	VFG036957(gb|WP_010951322)	28.808	302	213	2	22	321	21	322	2.71e-32	129
g465.t1	VFG036965(gb|WP_002226030)	27.987	318	224	3	9	321	5	322	6.80e-32	127
g465.t1	VFG036960(gb|WP_003703449)	28.477	302	214	2	22	321	21	322	8.48e-32	127
g465.t1	VFG036955(gb|WP_002236670)	28.808	302	213	2	22	321	21	322	8.73e-32	127
g465.t1	VFG036963(gb|WP_015815889)	28.477	302	214	2	22	321	21	322	1.01e-31	127
g465.t1	VFG036964(gb|WP_002218710)	28.808	302	213	2	22	321	21	322	1.06e-31	127
g465.t1	VFG036959(gb|WP_012222039)	28.477	302	214	2	22	321	21	322	1.09e-31	127
g465.t1	VFG036962(gb|WP_014573759)	27.987	318	224	3	9	321	5	322	1.53e-31	126
g465.t1	VFG036966(gb|WP_014581242)	28.477	302	214	2	22	321	21	322	1.57e-31	126
g465.t1	VFG036958(gb|WP_002247957)	28.477	302	214	2	22	321	21	322	1.73e-31	126
g465.t1	VFG036972(gb|WP_042508130)	28.477	302	214	2	22	321	21	322	2.04e-31	126
g465.t1	VFG036956(gb|WP_002224867)	28.477	302	214	2	22	321	21	322	2.24e-31	126
g465.t1	VFG047356(gb|WP_014549027)	24.737	190	143	0	6	195	2	191	1.56e-10	62.8
g465.t1	VFG045330(gb|WP_010947054)	27.632	152	108	2	18	168	8	158	9.02e-10	60.5
g465.t1	VFG047359(gb|WP_014550287)	24.500	200	150	1	6	204	2	201	9.11e-09	57.4
g465.t1	VFG047349(gb|WP_003041328)	24.500	200	150	1	6	204	2	201	1.19e-08	57.0
g465.t1	VFG044123(gb|WP_010930940)	30.172	116	81	0	58	173	56	171	2.33e-08	55.8
g465.t1	VFG047353(gb|WP_012429068)	24.378	201	149	3	6	204	2	201	2.68e-08	55.8
g465.t1	VFG044196(gb|WP_003022879)	24.378	201	149	3	6	204	2	201	2.98e-08	55.5
g465.t1	VFG047350(gb|WP_003017404)	23.881	201	150	3	6	204	2	201	4.09e-08	55.1
g465.t1	VFG044198(gb|WP_003022885)	28.671	143	95	3	55	194	50	188	1.07e-06	50.8
g465.t1	VFG047322(gb|WP_003017400)	28.671	143	95	3	55	194	50	188	1.15e-06	50.8
g465.t1	VFG047325(gb|WP_012429070)	28.671	143	95	3	55	194	50	188	1.19e-06	50.4
g465.t1	VFG047331(gb|WP_014550285)	29.371	143	94	3	55	194	50	188	1.58e-06	50.1
g465.t1	VFG047328(gb|WP_014549025)	28.671	143	95	3	55	194	50	188	2.43e-06	49.7
g1990.t1	VFG036963(gb|WP_015815889)	30.275	327	217	6	20	339	23	345	1.18e-33	132
g1990.t1	VFG036965(gb|WP_002226030)	30.581	327	216	6	20	339	23	345	2.15e-33	132
g1990.t1	VFG036964(gb|WP_002218710)	30.275	327	217	6	20	339	23	345	2.37e-33	131
g1990.t1	VFG036955(gb|WP_002236670)	30.275	327	217	6	20	339	23	345	2.77e-33	131
g1990.t1	VFG036962(gb|WP_014573759)	30.275	327	217	6	20	339	23	345	3.14e-33	131
g1990.t1	VFG036966(gb|WP_014581242)	30.275	327	217	6	20	339	23	345	3.74e-33	131
g1990.t1	VFG036958(gb|WP_002247957)	30.275	327	217	6	20	339	23	345	4.33e-33	130
g1990.t1	VFG036960(gb|WP_003703449)	30.275	327	217	6	20	339	23	345	7.38e-33	130
g1990.t1	VFG036972(gb|WP_042508130)	30.275	327	217	6	20	339	23	345	8.38e-33	130
g1990.t1	VFG036957(gb|WP_010951322)	30.275	327	217	6	20	339	23	345	8.70e-33	130
g1990.t1	VFG036956(gb|WP_002224867)	30.275	327	217	6	20	339	23	345	9.32e-33	130
g1990.t1	VFG036959(gb|WP_012222039)	29.969	327	218	6	20	339	23	345	1.13e-32	129
g1990.t1	VFG044351(gb|WP_033111749)	23.226	465	332	8	9	459	8	461	7.71e-30	121
g1990.t1	VFG044123(gb|WP_010930940)	24.260	169	122	2	32	197	34	199	6.53e-07	51.2
g3643.t1	VFG036957(gb|WP_010951322)	28.345	441	278	10	10	428	9	433	7.08e-40	150
g3643.t1	VFG036960(gb|WP_003703449)	28.345	441	278	10	10	428	9	433	7.59e-40	150
g3643.t1	VFG036956(gb|WP_002224867)	28.442	443	275	11	10	428	9	433	4.49e-39	148
g3643.t1	VFG036972(gb|WP_042508130)	29.025	441	275	11	10	428	9	433	7.02e-39	147
g3643.t1	VFG036964(gb|WP_002218710)	28.571	441	277	10	10	428	9	433	1.34e-38	146
g3643.t1	VFG036963(gb|WP_015815889)	28.798	441	276	10	10	428	9	433	1.35e-38	146
g3643.t1	VFG036955(gb|WP_002236670)	28.571	441	277	10	10	428	9	433	1.47e-38	146
g3643.t1	VFG036962(gb|WP_014573759)	28.571	441	277	10	10	428	9	433	2.96e-38	145
g3643.t1	VFG036958(gb|WP_002247957)	28.345	441	278	10	10	428	9	433	3.08e-38	145
g3643.t1	VFG036966(gb|WP_014581242)	28.345	441	278	10	10	428	9	433	3.84e-38	145
g3643.t1	VFG036959(gb|WP_012222039)	28.345	441	278	10	10	428	9	433	1.26e-37	144
g3643.t1	VFG036965(gb|WP_002226030)	29.025	441	275	11	10	428	9	433	1.39e-37	144
g3643.t1	VFG044351(gb|WP_033111749)	25.576	434	301	8	24	443	23	448	2.49e-34	134
g3643.t1	VFG047356(gb|WP_014549027)	20.707	198	155	1	5	200	4	201	4.68e-08	55.1
g3643.t1	VFG047349(gb|WP_003041328)	20.707	198	155	1	5	200	4	201	2.92e-06	49.3
g3643.t1	VFG047359(gb|WP_014550287)	20.918	196	153	1	7	200	6	201	3.33e-06	49.3
