g660.t1	VFG010904(gb|WP_011214951)	21.550	413	278	13	14	402	25	415	8.50e-13	70.5
g660.t1	VFG001857(gb|WP_010946483)	21.550	413	278	13	14	402	25	415	8.96e-13	70.1
g660.t1	VFG045725(gb|WP_003636639)	20.280	429	282	12	2	402	17	413	5.65e-11	64.7
g1348.t1	VFG010904(gb|WP_011214951)	30.261	499	329	9	1	487	4	495	5.73e-61	207
g1348.t1	VFG001857(gb|WP_010946483)	29.860	499	331	9	1	487	4	495	1.05e-59	204
g1348.t1	VFG045725(gb|WP_003636639)	27.629	485	337	6	16	489	14	495	3.93e-57	197
g2390.t1	VFG010904(gb|WP_011214951)	24.631	406	272	13	13	399	25	415	4.14e-16	80.5
g2390.t1	VFG001857(gb|WP_010946483)	24.384	406	273	13	13	399	25	415	1.82e-15	78.6
g2390.t1	VFG045725(gb|WP_003636639)	20.968	372	259	8	13	364	23	379	2.30e-11	65.9
g3353.t1	VFG010904(gb|WP_011214951)	28.067	481	330	6	19	488	25	500	1.22e-56	196
g3353.t1	VFG001857(gb|WP_010946483)	28.067	481	330	6	19	488	25	500	2.16e-56	195
g3353.t1	VFG045725(gb|WP_003636639)	25.887	479	339	5	19	486	23	496	5.82e-54	188
