g3561.t1	VFG002386(gb|NP_218132)	100.000	103	0	0	1	103	1	103	1.02e-72	210
g3561.t1	VFG028001(gb|WP_015303960)	99.029	103	1	0	1	103	1	103	5.84e-72	208
g3561.t1	VFG028007(gb|WP_015575348)	99.029	103	1	0	1	103	1	103	7.43e-72	208
g3561.t1	VFG028003(gb|WP_015294553)	98.058	103	2	0	1	103	1	103	7.52e-72	208
g3561.t1	VFG028013(gb|YP_007959586)	98.058	103	2	0	1	103	1	103	2.41e-71	207
g3561.t1	VFG028002(gb|WP_015291585)	96.117	103	4	0	1	103	1	103	9.63e-70	203
g3561.t1	VFG028017(gb|YP_005924710)	100.000	86	0	0	1	86	1	86	1.32e-58	174
g3561.t1	VFG023195(gb|WP_012395741)	65.049	103	36	0	1	103	1	103	3.95e-47	146
g3561.t1	VFG028004(gb|WP_015356752)	65.049	103	36	0	1	103	1	103	1.24e-46	144
g3561.t1	VFG017538(gb|WP_010907712)	56.863	102	44	0	1	102	4	105	1.07e-35	117
g3561.t1	VFG031818(gb|WP_012396940)	37.255	102	64	0	1	102	1	102	7.24e-15	64.3
g3561.t1	VFG031833(gb|YP_007959831)	36.275	102	65	0	1	102	1	102	1.36e-11	55.8
g3561.t1	VFG031808(gb|NP_218382)	36.275	102	65	0	1	102	1	102	1.72e-11	55.8
g3561.t1	VFG031814(gb|WP_012054384)	36.275	102	65	0	1	102	1	102	1.76e-11	55.8
g3561.t1	VFG031823(gb|WP_015294696)	36.275	102	65	0	1	102	1	102	1.96e-11	55.5
g3561.t1	VFG031813(gb|WP_011742139)	30.303	99	69	0	1	99	1	99	5.83e-10	52.0
g3561.t1	VFG031837(gb|YP_005924939)	37.143	70	44	0	1	70	1	70	9.17e-10	50.8
