g1719.t1	VFG000191(gb|NP_250387)	100.000	158	0	0	1	158	1	158	4.57e-103	291
g1719.t1	VFG019950(gb|WP_003109497)	99.367	158	1	0	1	158	1	158	1.34e-102	290
g1719.t1	VFG015106(gb|WP_003140046)	98.734	158	2	0	1	158	1	158	4.14e-102	289
g1719.t1	VFG038349(gb|WP_005320751)	51.471	136	64	2	6	140	5	139	7.73e-26	95.9
g1719.t1	VFG042264(gb|AAS91809)	52.239	134	62	2	6	138	5	137	2.21e-24	92.0
g1719.t1	VFG041811(gb|WP_011147909)	44.000	125	70	0	3	127	2	126	3.23e-24	91.7
g1719.t1	VFG041659(gb|WP_012777226)	44.000	125	70	0	3	127	2	126	6.24e-23	88.6
g1719.t1	VFG003468(gb|WP_005176819)	43.200	125	71	0	6	130	5	129	3.27e-20	81.6
g1719.t1	VFG000391(gb|WP_002212952)	43.200	125	71	0	6	130	5	129	7.88e-20	80.5
g1719.t1	VFG020267(gb|WP_012414154)	43.333	120	68	0	6	125	5	124	1.32e-19	79.7
g1719.t1	VFG023722(gb|WP_013749460)	42.500	120	69	0	6	125	5	124	1.85e-18	77.0
g1719.t1	VFG007159(gb|WP_005464592)	37.795	127	79	0	6	132	5	131	4.74e-14	65.5
