g3190.t1	VFG003391(gb|WP_011191878)	25.221	226	153	8	73	291	113	329	8.69e-12	65.5
g3190.t1	VFG002705(gb|WP_002208598)	25.221	226	153	8	73	291	113	329	8.69e-12	65.5
g3504.t1	VFG002705(gb|WP_002208598)	23.830	235	162	6	334	567	107	325	2.15e-08	56.2
g3504.t1	VFG002705(gb|WP_002208598)	37.705	61	38	0	603	663	21	81	9.53e-06	48.1
g3504.t1	VFG003391(gb|WP_011191878)	23.404	235	163	6	334	567	107	325	3.46e-08	55.8
g3504.t1	VFG003391(gb|WP_011191878)	37.705	61	38	0	603	663	21	81	9.36e-06	48.1
g3521.t1	VFG002705(gb|WP_002208598)	20.103	194	137	3	46	230	124	308	2.53e-09	57.8
g3521.t1	VFG002705(gb|WP_002208598)	35.211	71	45	1	287	356	19	89	5.20e-08	53.9
g3521.t1	VFG003391(gb|WP_011191878)	20.103	194	137	3	46	230	124	308	2.67e-09	57.8
g3521.t1	VFG003391(gb|WP_011191878)	35.211	71	45	1	287	356	19	89	5.49e-08	53.9
g5513.t1	VFG003391(gb|WP_011191878)	27.064	218	130	9	48	255	130	328	6.54e-14	71.6
g5513.t1	VFG003391(gb|WP_011191878)	41.250	80	40	1	286	365	14	86	1.34e-11	64.7
g5513.t1	VFG002705(gb|WP_002208598)	27.064	218	130	9	48	255	130	328	6.86e-14	71.6
g5513.t1	VFG002705(gb|WP_002208598)	41.250	80	40	1	286	365	14	86	1.32e-11	64.7
g874.t1	VFG003391(gb|WP_011191878)	25.854	205	129	8	37	227	130	325	4.42e-11	62.8
g874.t1	VFG003391(gb|WP_011191878)	30.000	80	55	1	243	321	6	85	2.91e-07	51.2
g874.t1	VFG002705(gb|WP_002208598)	25.854	205	129	8	37	227	130	325	4.42e-11	62.8
g874.t1	VFG002705(gb|WP_002208598)	30.000	80	55	1	243	321	6	85	2.96e-07	51.2
