g252.t1	VFG050440(gb|WP_000993717.1)	100.000	144	0	0	1	144	1	144	5.91e-101	285
g252.t1	VFG050443(gb|WP_000993715.1)	94.483	145	7	1	1	144	1	145	2.10e-83	241
g252.t1	VFG042958(gb|WP_004090380)	51.678	149	65	4	1	144	1	147	7.20e-36	120
g252.t1	VFG013767(gb|WP_012051131)	44.755	143	67	4	1	141	1	133	1.79e-29	104
g252.t1	VFG013766(gb|WP_010951892)	44.056	143	68	4	1	141	1	133	4.13e-29	103
g252.t1	VFG015611(gb|WP_012316337)	45.455	143	66	5	1	141	1	133	8.18e-29	102
g252.t1	VFG015610(gb|WP_012270395)	45.455	143	66	5	1	141	1	133	8.55e-29	102
g252.t1	VFG050444(gb|YP_001086176.1)	48.701	154	63	6	1	141	1	151	9.32e-28	100
g252.t1	VFG013768(gb|WP_011535701)	43.151	146	71	4	1	144	1	136	2.87e-26	95.9
g252.t1	VFG006896(gb|WP_000649326)	44.966	149	64	5	4	143	9	148	1.02e-25	95.1
g252.t1	VFG006898(gb|WP_005479693)	44.000	125	63	2	4	128	9	126	3.31e-24	90.9
g252.t1	VFG013765(gb|WP_011167729)	47.934	121	58	4	1	118	1	119	3.53e-22	85.5
g252.t1	VFG019727(gb|WP_043206123)	42.466	146	64	6	4	143	3	134	9.06e-22	84.3
g252.t1	VFG042823(gb|WP_013107729)	34.615	156	72	4	1	144	1	138	4.72e-20	80.5
g252.t1	VFG013769(gb|WP_011063520)	39.189	148	72	6	1	143	1	135	6.36e-20	79.7
g252.t1	VFG013772(gb|WP_011912242)	37.975	158	72	5	4	141	6	157	1.31e-19	79.7
g252.t1	VFG006899(gb|WP_013571141)	37.500	144	80	4	4	144	10	146	1.66e-19	79.0
g252.t1	VFG006901(gb|WP_011262622)	39.007	141	54	6	4	134	7	125	1.44e-18	76.3
g252.t1	VFG000111(gb|NP_253215)	44.156	154	66	5	1	141	1	147	2.39e-18	75.9
g252.t1	VFG036222(gb|WP_013448269)	37.107	159	65	7	4	143	5	147	4.17e-18	75.5
g252.t1	VFG013770(gb|WP_011335978)	36.364	143	81	4	1	141	1	135	5.00e-18	75.1
g252.t1	VFG045698(gb|WP_003632053)	61.404	57	22	0	4	60	3	59	1.61e-17	73.9
g252.t1	VFG036200(gb|WP_002244388)	35.625	160	70	6	4	143	5	151	2.40e-17	73.6
g252.t1	VFG013761(gb|WP_003152762)	82.500	40	7	0	1	40	1	40	1.14e-16	72.0
g252.t1	VFG013763(gb|WP_011103351)	68.627	51	16	0	1	51	1	51	1.68e-16	71.2
g252.t1	VFG006135(gb|WP_011798758)	33.577	137	65	2	4	140	5	115	1.71e-16	71.2
g252.t1	VFG042908(gb|WP_011927861)	59.375	64	14	1	4	67	5	56	1.79e-16	71.6
g252.t1	VFG036196(gb|WP_002245812)	37.423	163	58	8	4	143	5	146	2.94e-16	70.5
g252.t1	VFG006900(gb|WP_052281489)	35.333	150	79	5	4	144	10	150	3.69e-16	70.5
g252.t1	VFG013762(gb|WP_003141352)	64.706	51	18	0	1	51	1	51	6.21e-16	70.5
g252.t1	VFG006133(gb|WP_010981065)	36.232	138	74	6	4	135	5	134	9.94e-16	69.7
g252.t1	VFG036199(gb|WP_014575067)	54.688	64	17	1	4	67	5	56	1.03e-15	69.7
g252.t1	VFG000221(gb|WP_010980743)	54.688	64	17	1	4	67	5	56	1.10e-15	69.7
g252.t1	VFG036198(gb|WP_015815999)	54.688	64	17	1	4	67	5	56	1.27e-15	69.3
g252.t1	VFG036197(gb|WP_014573675)	54.688	64	17	1	4	67	5	56	1.49e-15	69.3
g252.t1	VFG036204(gb|WP_014581673)	54.688	64	17	1	4	67	5	56	1.52e-15	69.3
g252.t1	VFG036205(gb|WP_014582348)	54.688	64	17	1	4	67	5	56	1.81e-15	68.9
g252.t1	VFG036203(gb|WP_014581605)	54.688	64	17	1	4	67	5	56	1.97e-15	68.9
g252.t1	VFG045972(gb|WP_000360891)	36.220	127	76	2	1	127	1	122	1.02e-14	66.6
g252.t1	VFG045947(gb|WP_000360894)	36.220	127	76	2	1	127	1	122	1.50e-14	66.2
g252.t1	VFG045950(gb|WP_000360895)	36.220	127	76	2	1	127	1	122	1.53e-14	66.2
g252.t1	VFG045954(gb|WP_000360907)	36.220	127	76	2	1	127	1	122	1.55e-14	66.2
g252.t1	VFG045948(gb|WP_000360902)	36.220	127	76	2	1	127	1	122	2.15e-14	65.9
g252.t1	VFG013764(gb|WP_011266637)	55.172	58	22	1	1	58	1	54	2.24e-14	65.5
g252.t1	VFG045936(gb|WP_000360904)	36.220	127	76	2	1	127	1	122	2.39e-14	65.5
g252.t1	VFG042800(gb|WP_000360900)	36.220	127	76	2	1	127	1	122	2.57e-14	65.5
g252.t1	VFG045955(gb|WP_000360915)	36.220	127	76	2	1	127	1	122	2.86e-14	65.5
g252.t1	VFG045937(gb|WP_000360914)	36.220	127	76	2	1	127	1	122	2.92e-14	65.5
g252.t1	VFG024828(gb|WP_012329165)	71.795	39	11	0	6	44	31	69	9.27e-14	65.1
g252.t1	VFG024827(gb|WP_006486698)	71.795	39	11	0	6	44	31	69	9.87e-14	65.1
g252.t1	VFG024825(gb|WP_011546121)	71.795	39	11	0	6	44	31	69	1.07e-13	65.1
g252.t1	VFG045939(gb|WP_000360919)	35.433	127	77	2	1	127	1	122	1.26e-13	63.5
g252.t1	VFG013820(gb|WP_011912156)	42.222	90	46	2	1	85	1	89	1.44e-13	63.2
g252.t1	VFG001212(gb|NP_253246)	43.662	71	39	1	4	73	5	75	2.27e-13	62.8
g252.t1	VFG002425(gb|WP_004526211)	68.421	38	12	0	5	42	4	41	3.84e-13	63.2
g252.t1	VFG024837(gb|WP_043037212)	68.421	38	12	0	5	42	4	41	5.09e-13	62.8
g252.t1	VFG019726(gb|WP_003122079)	39.752	161	73	6	1	144	1	154	6.66e-13	62.0
g252.t1	VFG010455(gb|WP_015444381)	63.830	47	17	0	4	50	3	49	1.05e-12	61.2
g252.t1	VFG013809(gb|WP_003150015)	42.254	71	40	1	4	73	5	75	1.89e-12	60.5
g252.t1	VFG010456(gb|WP_011214167)	63.043	46	17	0	5	50	4	49	2.69e-12	60.1
g252.t1	VFG036309(gb|WP_173277181)	63.043	46	14	1	4	46	3	48	4.79e-12	59.7
g252.t1	VFG006168(gb|WP_002248019)	63.043	46	14	1	4	46	3	48	5.61e-12	59.7
g252.t1	VFG036308(gb|WP_002246122)	63.043	46	14	1	4	46	3	48	5.73e-12	59.7
g252.t1	VFG006166(gb|WP_002245541)	63.043	46	14	1	4	46	3	48	5.73e-12	59.7
g252.t1	VFG036314(gb|WP_002258079)	63.043	46	14	1	4	46	3	48	5.85e-12	59.7
g252.t1	VFG019691(gb|WP_012503482)	63.043	46	14	1	4	46	3	48	5.91e-12	59.7
g252.t1	VFG036310(gb|WP_002255852)	63.043	46	14	1	4	46	3	48	5.97e-12	59.7
g252.t1	VFG018777(gb|WP_012221525)	63.043	46	14	1	4	46	3	48	5.97e-12	59.7
g252.t1	VFG010458(gb|WP_011946811)	54.717	53	24	0	5	57	4	56	6.01e-12	58.9
g252.t1	VFG013813(gb|WP_011167659)	52.830	53	24	1	5	57	6	57	6.02e-12	58.9
g252.t1	VFG036316(gb|WP_014581932)	63.043	46	14	1	4	46	3	48	6.16e-12	59.7
g252.t1	VFG006167(gb|WP_002225356)	63.043	46	14	1	4	46	3	48	6.23e-12	59.3
g252.t1	VFG036312(gb|WP_014580776)	63.043	46	14	1	4	46	3	48	6.56e-12	59.3
g252.t1	VFG036311(gb|WP_021438285)	63.043	46	14	1	4	46	3	48	6.92e-12	59.3
g252.t1	VFG036319(gb|WP_025457170)	60.870	46	15	1	4	46	3	48	9.28e-12	58.9
g252.t1	VFG036313(gb|WP_014581124)	60.870	46	15	1	4	46	3	48	1.21e-11	58.9
g252.t1	VFG013812(gb|WP_011266587)	52.830	53	24	1	5	57	6	57	1.56e-11	57.8
g252.t1	VFG050441(gb|WP_000993729.1)	70.968	62	18	0	1	62	1	62	1.91e-11	58.2
g252.t1	VFG036906(gb|WP_003689308)	42.857	70	40	0	2	71	3	72	2.39e-11	57.4
g252.t1	VFG013811(gb|WP_011103296)	69.444	36	11	0	5	40	6	41	2.41e-11	57.4
g252.t1	VFG013099(gb|WP_011608404)	67.568	37	12	0	4	40	11	47	2.63e-11	57.8
g252.t1	VFG013140(gb|WP_012340401)	67.568	37	12	0	4	40	11	47	2.72e-11	57.8
g252.t1	VFG036903(gb|WP_010951266)	42.857	70	40	0	2	71	3	72	2.80e-11	57.0
g252.t1	VFG006169(gb|WP_025456309)	60.870	46	15	1	4	46	3	48	2.82e-11	57.8
g252.t1	VFG046278(gb|WP_014549386)	30.714	140	76	5	3	121	6	145	8.95e-11	58.2
g252.t1	VFG046273(gb|WP_011733603)	30.714	140	76	5	3	121	6	145	9.48e-11	58.2
g252.t1	VFG036914(gb|WP_002214394)	58.974	39	16	0	2	40	3	41	2.21e-10	54.7
g252.t1	VFG036905(gb|WP_012221345)	58.974	39	16	0	2	40	3	41	2.46e-10	54.7
g252.t1	VFG036908(gb|WP_002244869)	58.974	39	16	0	2	40	3	41	2.57e-10	54.7
g252.t1	VFG036902(gb|WP_002226625)	58.974	39	16	0	2	40	3	41	2.59e-10	54.7
g252.t1	VFG013810(gb|WP_003116267)	36.709	79	48	1	1	77	1	79	2.87e-10	54.7
g252.t1	VFG036907(gb|WP_002245941)	58.974	39	16	0	2	40	3	41	2.88e-10	54.7
g252.t1	VFG036912(gb|WP_002237740)	58.974	39	16	0	2	40	3	41	3.24e-10	54.3
g252.t1	VFG036913(gb|WP_014581527)	58.974	39	16	0	2	40	3	41	3.45e-10	54.3
g252.t1	VFG036910(gb|WP_014575209)	58.974	39	16	0	2	40	3	41	3.59e-10	54.3
g252.t1	VFG046277(gb|WP_044247204)	29.032	124	70	4	3	111	6	126	3.91e-10	56.6
g252.t1	VFG036901(gb|WP_002246837)	58.974	39	16	0	2	40	3	41	4.08e-10	53.9
g252.t1	VFG010457(gb|WP_011215876)	49.057	53	27	0	5	57	4	56	4.15e-10	54.3
g252.t1	VFG036909(gb|WP_015815321)	58.974	39	16	0	2	40	3	41	4.53e-10	53.9
g252.t1	VFG036904(gb|WP_002224635)	58.974	39	16	0	2	40	3	41	4.73e-10	53.9
g252.t1	VFG042948(gb|WP_012382713)	51.020	49	24	0	6	54	24	72	5.97e-10	54.3
g252.t1	VFG050587(gb|WP_001046490.1)	42.623	61	27	1	1	61	7	59	2.74e-09	52.4
g252.t1	VFG050583(gb|WP_001046489.1)	42.623	61	27	1	1	61	7	59	4.60e-09	52.0
g252.t1	VFG050447(gb|WP_020753494.1)	71.667	60	17	0	1	60	1	60	5.99e-09	51.6
g252.t1	VFG050449(gb|WP_000993719.1)	71.667	60	17	0	1	60	1	60	6.12e-09	51.2
g252.t1	VFG038478(gb|WP_013724124)	61.765	34	13	0	5	38	6	39	8.87e-09	50.8
g252.t1	VFG042873(gb|WP_080535723)	41.818	55	32	0	6	60	19	73	1.14e-08	50.4
g252.t1	VFG038477(gb|WP_005313456)	58.824	34	14	0	5	38	6	39	1.21e-08	50.4
g252.t1	VFG013964(gb|WP_007246769)	50.000	42	21	0	5	46	6	47	3.84e-08	49.3
g252.t1	VFG050581(gb|WP_001046420.1)	40.984	61	28	1	1	61	7	59	4.53e-08	49.3
g252.t1	VFG036918(gb|WP_003712517)	53.846	39	18	0	2	40	3	41	5.81e-08	48.5
g252.t1	VFG013966(gb|WP_003403528)	50.000	42	21	0	5	46	6	47	9.01e-08	48.5
g252.t1	VFG001871(gb|WP_010947092)	67.857	28	9	0	1	28	1	28	1.52e-07	47.4
g252.t1	VFG045758(gb|WP_012979061)	67.857	28	9	0	1	28	1	28	1.68e-07	47.4
g252.t1	VFG050585(gb|WP_020753490.1)	39.344	61	29	1	1	61	7	59	1.72e-07	47.8
g252.t1	VFG015617(gb|WP_012316352)	53.333	45	18	1	4	45	2	46	2.27e-07	47.0
g252.t1	VFG042732(gb|WP_002218144)	45.000	40	22	0	1	40	1	40	2.84e-07	47.0
g252.t1	VFG042733(gb|WP_002214937)	45.000	40	22	0	1	40	1	40	2.87e-07	47.0
g252.t1	VFG013967(gb|WP_011167654)	45.902	61	22	2	4	64	3	52	4.09e-07	46.6
g252.t1	VFG015616(gb|WP_012270376)	37.500	96	50	5	4	90	2	96	4.17e-07	46.2
g252.t1	VFG050446(gb|WP_000993712.1)	73.913	46	12	0	1	46	1	46	4.25e-07	46.6
g252.t1	VFG042860(gb|WP_010946364)	36.066	61	39	0	4	64	15	75	5.42e-07	46.2
g252.t1	VFG000180(gb|NP_251791)	46.667	45	24	0	4	48	12	56	6.77e-07	45.8
g252.t1	VFG013815(gb|WP_003247577)	51.111	45	19	1	4	45	2	46	6.92e-07	45.4
g252.t1	VFG013814(gb|WP_010951877)	51.111	45	19	1	4	45	2	46	7.37e-07	45.4
g252.t1	VFG046262(gb|WP_012279937)	32.222	90	55	2	6	94	11	95	1.45e-06	46.2
g252.t1	VFG010461(gb|WP_181443700)	43.836	146	61	7	4	141	5	137	1.45e-06	44.7
g252.t1	VFG010462(gb|WP_011946812)	41.379	145	66	6	4	141	3	135	1.66e-06	44.7
g252.t1	VFG000179(gb|NP_251790)	34.483	87	40	3	1	82	1	75	1.89e-06	45.1
g252.t1	VFG050590(gb|YP_005800452.1)	41.509	53	23	1	9	61	1	45	2.01e-06	44.7
g252.t1	VFG013969(gb|WP_011921052)	39.130	46	28	0	3	48	6	51	2.06e-06	44.7
g252.t1	VFG038476(gb|WP_016349433)	50.000	34	17	0	5	38	3	36	2.56e-06	43.9
g252.t1	VFG040873(gb|NP_249372)	41.304	46	27	0	2	47	14	59	3.20e-06	43.9
g252.t1	VFG040963(gb|WP_002889054)	37.500	48	30	0	1	48	1	48	6.35e-06	43.1
g252.t1	VFG038475(gb|WP_011704652)	50.000	34	17	0	5	38	3	36	6.92e-06	42.7
g687.t1	VFG040873(gb|NP_249372)	100.000	149	0	0	1	149	1	149	4.80e-107	301
g687.t1	VFG040923(gb|WP_004196811)	68.657	134	39	2	18	148	17	150	9.66e-63	189
g687.t1	VFG040979(gb|WP_162903504)	67.669	133	40	2	18	147	21	153	1.07e-61	186
g687.t1	VFG045758(gb|WP_012979061)	59.398	133	53	1	16	147	4	136	3.37e-57	174
g687.t1	VFG001871(gb|WP_010947092)	58.647	133	54	1	16	147	4	136	1.02e-55	171
g687.t1	VFG000180(gb|NP_251791)	56.643	143	59	2	8	147	4	146	6.20e-52	161
g687.t1	VFG012902(gb|WP_001087283)	51.701	147	68	2	6	149	1	147	7.65e-50	156
g687.t1	VFG020155(gb|WP_001087282)	51.701	147	68	2	6	149	1	147	1.47e-49	155
g687.t1	VFG007086(gb|WP_005465191)	55.147	136	59	1	16	149	8	143	2.68e-49	155
g687.t1	VFG007085(gb|WP_000738789)	53.901	141	63	1	11	149	2	142	2.96e-49	154
g687.t1	VFG007089(gb|WP_011262830)	53.571	140	62	2	13	149	7	146	4.50e-49	154
g687.t1	VFG002050(gb|WP_001087302)	51.020	147	69	2	6	149	1	147	1.94e-48	153
g687.t1	VFG040952(gb|WP_001087295)	51.020	147	69	2	6	149	1	147	3.35e-48	152
g687.t1	VFG007087(gb|WP_011078941)	52.174	138	64	1	14	149	6	143	1.38e-47	150
g687.t1	VFG007088(gb|WP_017420501)	52.174	138	64	1	14	149	6	143	2.14e-47	150
g687.t1	VFG040912(gb|WP_011094630)	51.825	137	60	3	16	149	10	143	1.24e-42	138
g687.t1	VFG038287(gb|WP_005338297)	48.571	140	66	3	13	149	3	139	1.26e-41	135
g687.t1	VFG038285(gb|WP_005308483)	48.571	140	66	3	13	149	3	139	5.32e-41	134
g687.t1	VFG038286(gb|WP_005315859)	48.571	140	66	3	13	149	3	139	5.87e-41	134
g687.t1	VFG040963(gb|WP_002889054)	50.365	137	62	3	16	149	4	137	1.99e-39	129
g687.t1	VFG040935(gb|WP_001231211)	48.905	137	64	3	16	149	6	139	3.94e-39	129
g687.t1	VFG003563(gb|WP_005173832)	45.985	137	68	3	16	149	14	147	5.14e-38	126
g687.t1	VFG023613(gb|WP_005165116)	42.222	135	72	2	17	148	7	138	1.80e-35	120
g687.t1	VFG050808(gb|WP_000784786.1)	43.151	146	74	6	6	144	24	167	5.46e-31	109
g687.t1	VFG050812(gb|YP_005797308.1)	45.455	132	65	5	18	144	61	190	9.36e-31	109
g687.t1	VFG050803(gb|YP_001083432.1)	45.455	132	65	5	18	144	49	178	9.90e-31	108
g687.t1	VFG050802(gb|WP_000865310.1)	45.455	132	65	5	18	144	60	189	1.06e-30	109
g687.t1	VFG050800(gb|WP_000865305.1)	45.455	132	65	5	18	144	60	189	1.12e-30	108
g687.t1	VFG050806(gb|WP_000865304.1)	45.455	132	65	5	18	144	60	189	1.17e-30	108
g687.t1	VFG050811(gb|WP_134815932.1)	44.697	132	66	5	18	144	61	190	1.12e-29	106
g687.t1	VFG040987(gb|WP_004083686)	36.937	111	63	3	36	144	36	141	3.21e-13	62.8
g687.t1	VFG040893(gb|WP_011035902)	35.606	132	78	4	15	144	14	140	1.11e-12	61.2
g687.t1	VFG015611(gb|WP_012316337)	32.143	112	64	3	14	115	2	111	1.50e-10	55.5
g687.t1	VFG015610(gb|WP_012270395)	39.024	82	46	2	14	95	2	79	2.37e-10	55.1
g687.t1	VFG013767(gb|WP_012051131)	32.143	112	64	3	14	115	2	111	3.32e-10	54.7
g687.t1	VFG013766(gb|WP_010951892)	32.143	112	64	3	14	115	2	111	3.32e-10	54.7
g687.t1	VFG036203(gb|WP_014581605)	33.065	124	73	3	16	136	5	121	4.40e-10	55.1
g687.t1	VFG006899(gb|WP_013571141)	33.824	68	44	1	14	80	8	75	1.43e-09	53.1
g687.t1	VFG006133(gb|WP_010981065)	41.270	63	37	0	16	78	5	67	2.18e-09	53.1
g687.t1	VFG036198(gb|WP_015815999)	41.935	62	36	0	16	77	5	66	2.47e-09	52.8
g687.t1	VFG036222(gb|WP_013448269)	41.270	63	37	0	16	78	5	67	3.34e-09	52.4
g687.t1	VFG036205(gb|WP_014582348)	39.683	63	38	0	16	78	5	67	5.10e-09	52.0
g687.t1	VFG013761(gb|WP_003152762)	40.625	64	38	0	14	77	2	65	6.24e-09	51.6
g687.t1	VFG036197(gb|WP_014573675)	40.984	61	36	0	16	76	5	65	6.71e-09	51.6
g687.t1	VFG000221(gb|WP_010980743)	40.984	61	36	0	16	76	5	65	7.41e-09	51.6
g687.t1	VFG036204(gb|WP_014581673)	40.984	61	36	0	16	76	5	65	8.21e-09	51.6
g687.t1	VFG036200(gb|WP_002244388)	39.683	63	38	0	16	78	5	67	1.22e-08	50.8
g687.t1	VFG006135(gb|WP_011798758)	40.323	62	37	0	16	77	5	66	1.23e-08	50.8
g687.t1	VFG006896(gb|WP_000649326)	30.435	69	48	0	13	81	6	74	2.14e-08	50.1
g687.t1	VFG006901(gb|WP_011262622)	30.882	68	47	0	11	78	2	69	2.48e-08	49.7
g687.t1	VFG006990(gb|WP_011151246)	54.167	48	21	1	16	63	4	50	2.96e-08	49.7
g687.t1	VFG036199(gb|WP_014575067)	40.984	61	36	0	16	76	5	65	2.97e-08	50.1
g687.t1	VFG050587(gb|WP_001046490.1)	37.097	62	39	0	14	75	8	69	9.85e-08	48.5
g687.t1	VFG036196(gb|WP_002245812)	39.344	61	37	0	16	76	5	65	1.08e-07	48.1
g687.t1	VFG013811(gb|WP_011103296)	40.000	60	36	0	16	75	5	64	1.12e-07	47.8
g687.t1	VFG006989(gb|WP_011079401)	53.191	47	21	1	16	62	4	49	1.31e-07	48.1
g687.t1	VFG050583(gb|WP_001046489.1)	39.286	56	34	0	14	69	8	63	1.58e-07	47.8
g687.t1	VFG013812(gb|WP_011266587)	39.344	61	37	0	16	76	5	65	2.10e-07	47.0
g687.t1	VFG013772(gb|WP_011912242)	35.385	65	42	0	16	80	6	70	2.19e-07	47.8
g687.t1	VFG013763(gb|WP_011103351)	32.500	80	54	0	14	93	2	81	2.66e-07	47.0
g687.t1	VFG006900(gb|WP_052281489)	37.313	67	42	0	14	80	8	74	3.66e-07	47.0
g687.t1	VFG038580(gb|WP_011704371)	40.351	57	33	1	13	69	17	72	4.10e-07	47.4
g687.t1	VFG038581(gb|WP_043118279)	40.351	57	33	1	13	69	17	72	4.18e-07	47.4
g687.t1	VFG013762(gb|WP_003141352)	53.846	39	18	0	14	52	2	40	4.71e-07	47.0
g687.t1	VFG019727(gb|WP_043206123)	39.062	64	38	1	16	79	3	65	4.75e-07	46.2
g687.t1	VFG013768(gb|WP_011535701)	44.262	61	33	1	14	74	2	61	4.82e-07	46.2
g687.t1	VFG038582(gb|WP_005348617)	38.596	57	35	0	13	69	16	72	5.09e-07	47.4
g687.t1	VFG006991(gb|WP_011261165)	53.191	47	21	1	16	62	4	49	5.53e-07	46.2
g687.t1	VFG050823(gb|WP_004841361.1)	40.984	61	35	1	14	74	8	67	7.93e-07	46.2
g687.t1	VFG050817(gb|WP_000841373.1)	40.984	61	35	1	14	74	8	67	8.09e-07	46.2
g687.t1	VFG050826(gb|WP_000773835.1)	40.984	61	35	1	14	74	8	67	8.85e-07	46.2
g687.t1	VFG050581(gb|WP_001046420.1)	35.484	62	40	0	14	75	8	69	1.46e-06	45.4
g687.t1	VFG045698(gb|WP_003632053)	54.054	37	17	0	16	52	3	39	1.69e-06	44.7
g687.t1	VFG013764(gb|WP_011266637)	54.054	37	17	0	14	50	2	38	2.37e-06	44.3
g687.t1	VFG006898(gb|WP_005479693)	32.787	61	41	0	13	73	6	66	2.73e-06	44.3
g687.t1	VFG015617(gb|WP_012316352)	35.294	102	47	6	16	106	2	95	2.74e-06	43.9
g687.t1	VFG013765(gb|WP_011167729)	60.714	28	11	0	14	41	2	29	3.77e-06	43.5
g687.t1	VFG006982(gb|WP_005481011)	55.263	38	17	0	16	53	4	41	5.49e-06	43.9
g687.t1	VFG038575(gb|WP_011704372)	60.000	30	12	0	16	45	2	31	6.98e-06	43.5
g687.t1	VFG015616(gb|WP_012270376)	34.314	102	48	6	16	106	2	95	7.40e-06	42.7
g687.t1	VFG013770(gb|WP_011335978)	41.667	48	28	0	14	61	2	49	8.78e-06	42.7
g687.t1	VFG013813(gb|WP_011167659)	41.509	53	31	0	16	68	5	57	8.91e-06	42.7
g2717.t1	VFG040979(gb|WP_162903504)	45.113	133	70	3	8	139	21	151	1.12e-29	105
g2717.t1	VFG040873(gb|NP_249372)	42.537	134	73	4	6	139	16	145	2.30e-29	104
g2717.t1	VFG050811(gb|WP_134815932.1)	42.069	145	75	4	1	142	56	194	1.85e-28	103
g2717.t1	VFG050808(gb|WP_000784786.1)	42.069	145	75	4	1	142	33	171	5.56e-28	101
g2717.t1	VFG050812(gb|YP_005797308.1)	42.069	145	75	4	1	142	56	194	8.27e-28	101
g2717.t1	VFG050806(gb|WP_000865304.1)	42.069	145	75	4	1	142	55	193	8.33e-28	101
g2717.t1	VFG050802(gb|WP_000865310.1)	42.069	145	75	4	1	142	55	193	8.33e-28	101
g2717.t1	VFG050800(gb|WP_000865305.1)	42.069	145	75	4	1	142	55	193	9.28e-28	101
g2717.t1	VFG050803(gb|YP_001083432.1)	42.029	138	73	3	8	142	49	182	2.58e-27	100
g2717.t1	VFG000180(gb|NP_251791)	38.849	139	84	1	1	139	7	144	7.89e-27	97.8
g2717.t1	VFG045758(gb|WP_012979061)	38.849	139	80	4	1	139	1	134	1.73e-25	94.0
g2717.t1	VFG001871(gb|WP_010947092)	38.129	139	81	4	1	139	1	134	3.43e-25	93.2
g2717.t1	VFG012902(gb|WP_001087283)	42.857	133	73	3	8	139	13	143	7.13e-25	92.8
g2717.t1	VFG007086(gb|WP_005465191)	40.146	137	80	2	3	139	5	139	9.80e-25	92.4
g2717.t1	VFG020155(gb|WP_001087282)	42.857	133	73	3	8	139	13	143	1.05e-24	92.4
g2717.t1	VFG002050(gb|WP_001087302)	42.857	133	73	3	8	139	13	143	1.11e-24	92.4
g2717.t1	VFG040952(gb|WP_001087295)	42.857	133	73	3	8	139	13	143	1.11e-24	92.4
g2717.t1	VFG007087(gb|WP_011078941)	40.288	139	80	3	2	139	3	139	1.46e-24	92.0
g2717.t1	VFG007088(gb|WP_017420501)	40.288	139	80	3	2	139	3	139	2.86e-24	91.3
g2717.t1	VFG007085(gb|WP_000738789)	39.552	134	79	2	6	139	7	138	1.22e-23	89.7
g2717.t1	VFG040923(gb|WP_004196811)	38.346	133	79	3	8	139	17	147	1.92e-23	89.4
g2717.t1	VFG038287(gb|WP_005338297)	41.135	141	75	5	1	139	1	135	6.64e-22	85.1
g2717.t1	VFG038285(gb|WP_005308483)	38.571	140	80	4	1	139	1	135	2.72e-21	83.6
g2717.t1	VFG038286(gb|WP_005315859)	39.716	141	77	5	1	139	1	135	2.81e-21	83.6
g2717.t1	VFG007089(gb|WP_011262830)	38.519	135	80	3	6	139	10	142	3.77e-21	83.2
g2717.t1	VFG003563(gb|WP_005173832)	38.462	130	73	3	3	129	11	136	7.76e-19	77.4
g2717.t1	VFG040963(gb|WP_002889054)	38.889	126	72	4	6	129	4	126	8.78e-18	74.3
g2717.t1	VFG040912(gb|WP_011094630)	36.508	126	79	1	5	130	9	133	2.33e-17	73.6
g2717.t1	VFG040893(gb|WP_011035902)	38.849	139	78	3	2	140	11	142	4.18e-17	72.8
g2717.t1	VFG040935(gb|WP_001231211)	36.641	131	80	3	1	130	1	129	8.29e-17	72.0
g2717.t1	VFG023613(gb|WP_005165116)	30.216	139	93	2	1	139	1	135	2.79e-16	70.9
g2717.t1	VFG040987(gb|WP_004083686)	39.259	135	75	3	6	140	16	143	1.36e-15	68.9
g2717.t1	VFG006990(gb|WP_011151246)	44.000	50	24	1	6	55	4	49	6.67e-06	43.1
g3161.t1	VFG000179(gb|NP_251790)	100.000	172	0	0	1	172	1	172	3.07e-120	336
g3161.t1	VFG038291(gb|WP_005350046)	32.903	155	95	3	6	153	12	164	4.20e-19	80.1
g3161.t1	VFG038290(gb|WP_011899135)	30.675	163	107	3	6	162	12	174	5.79e-16	71.6
g3161.t1	VFG038289(gb|WP_016349339)	29.480	173	108	5	1	162	1	170	5.84e-16	71.6
g3161.t1	VFG038288(gb|WP_011704543)	29.480	173	108	5	1	162	1	170	6.02e-16	71.6
g3161.t1	VFG003564(gb|WP_011817149)	29.570	186	103	6	2	171	8	181	2.58e-14	67.4
g3161.t1	VFG010823(gb|WP_011213660)	28.571	147	92	4	1	146	1	135	1.83e-10	56.6
g3161.t1	VFG001872(gb|WP_025862367)	26.667	150	91	4	1	146	1	135	4.01e-10	55.5
g3161.t1	VFG010824(gb|WP_011215386)	26.667	150	91	4	1	146	1	135	4.22e-10	55.5
g3161.t1	VFG010825(gb|WP_011946389)	28.571	147	92	4	1	146	1	135	5.69e-10	55.1
g3161.t1	VFG007083(gb|WP_011262829)	30.120	166	95	6	6	153	8	170	1.26e-09	54.7
g3161.t1	VFG007079(gb|WP_000127537)	30.178	169	99	5	1	151	1	168	7.12e-09	52.8
g3161.t1	VFG045759(gb|WP_012979060)	28.289	152	94	4	6	155	7	145	3.33e-08	50.4
g3161.t1	VFG050808(gb|WP_000784786.1)	30.597	134	83	6	1	126	33	164	8.95e-07	46.6
g3161.t1	VFG050800(gb|WP_000865305.1)	30.597	134	83	6	1	126	55	186	9.93e-07	46.6
g3161.t1	VFG050802(gb|WP_000865310.1)	30.597	134	83	6	1	126	55	186	1.02e-06	46.6
g3161.t1	VFG050806(gb|WP_000865304.1)	30.597	134	83	6	1	126	55	186	1.05e-06	46.6
g3161.t1	VFG050812(gb|YP_005797308.1)	30.597	134	83	6	1	126	56	187	1.12e-06	46.6
g3161.t1	VFG050811(gb|WP_134815932.1)	33.333	87	57	1	1	87	56	141	1.24e-06	46.6
g3161.t1	VFG050803(gb|YP_001083432.1)	30.597	134	83	6	1	126	44	175	1.97e-06	45.8
g3162.t1	VFG000180(gb|NP_251791)	100.000	148	0	0	1	148	1	148	2.19e-106	299
g3162.t1	VFG040979(gb|WP_162903504)	67.407	135	44	0	14	148	21	155	7.33e-65	194
g3162.t1	VFG007089(gb|WP_011262830)	58.273	139	58	0	9	147	7	145	3.77e-59	180
g3162.t1	VFG040923(gb|WP_004196811)	63.158	133	49	0	14	146	17	149	7.77e-59	179
g3162.t1	VFG007085(gb|WP_000738789)	61.594	138	52	1	10	147	5	141	2.75e-58	177
g3162.t1	VFG007087(gb|WP_011078941)	58.696	138	56	1	10	147	6	142	7.86e-56	171
g3162.t1	VFG007088(gb|WP_017420501)	58.696	138	56	1	10	147	6	142	1.10e-55	171
g3162.t1	VFG038285(gb|WP_005308483)	57.447	141	57	1	7	147	1	138	1.44e-55	171
g3162.t1	VFG007086(gb|WP_005465191)	58.156	141	58	1	7	147	3	142	1.45e-55	171
g3162.t1	VFG045758(gb|WP_012979061)	60.584	137	52	1	11	147	3	137	2.47e-55	170
g3162.t1	VFG038286(gb|WP_005315859)	57.447	141	57	1	7	147	1	138	3.20e-55	169
g3162.t1	VFG012902(gb|WP_001087283)	55.882	136	60	0	12	147	11	146	7.57e-54	166
g3162.t1	VFG002050(gb|WP_001087302)	55.245	143	62	1	7	147	4	146	7.82e-54	166
g3162.t1	VFG001871(gb|WP_010947092)	59.420	138	54	1	11	148	3	138	1.02e-53	166
g3162.t1	VFG020155(gb|WP_001087282)	55.882	136	60	0	12	147	11	146	1.17e-53	166
g3162.t1	VFG040952(gb|WP_001087295)	55.245	143	62	1	7	147	4	146	1.20e-53	166
g3162.t1	VFG038287(gb|WP_005338297)	56.028	141	59	1	7	147	1	138	2.97e-53	164
g3162.t1	VFG040873(gb|NP_249372)	56.643	143	59	2	4	146	8	147	6.16e-52	161
g3162.t1	VFG040912(gb|WP_011094630)	55.862	145	57	2	7	147	1	142	1.81e-51	160
g3162.t1	VFG003563(gb|WP_005173832)	52.857	140	63	1	8	147	10	146	4.69e-49	154
g3162.t1	VFG040935(gb|WP_001231211)	51.429	140	65	1	7	146	1	137	5.84e-48	151
g3162.t1	VFG040963(gb|WP_002889054)	52.555	137	62	1	10	146	2	135	2.38e-47	149
g3162.t1	VFG050802(gb|WP_000865310.1)	53.103	145	62	4	2	143	48	189	3.43e-45	146
g3162.t1	VFG050800(gb|WP_000865305.1)	53.103	145	62	4	2	143	48	189	3.59e-45	146
g3162.t1	VFG050812(gb|YP_005797308.1)	53.103	145	62	4	2	143	49	190	3.61e-45	146
g3162.t1	VFG050806(gb|WP_000865304.1)	53.103	145	62	4	2	143	48	189	4.04e-45	145
g3162.t1	VFG050808(gb|WP_000784786.1)	53.472	144	61	4	3	143	27	167	4.19e-45	145
g3162.t1	VFG050803(gb|YP_001083432.1)	53.103	145	62	4	2	143	37	178	6.69e-45	145
g3162.t1	VFG050811(gb|WP_134815932.1)	52.414	145	63	4	2	143	49	190	4.61e-44	143
g3162.t1	VFG023613(gb|WP_005165116)	48.571	140	69	2	7	146	1	137	3.64e-41	134
g3162.t1	VFG040987(gb|WP_004083686)	42.446	139	71	5	6	143	11	141	3.20e-17	73.2
g3162.t1	VFG040893(gb|WP_011035902)	36.879	141	81	4	4	143	7	140	1.29e-15	68.9
g3162.t1	VFG050587(gb|WP_001046490.1)	41.935	62	36	0	10	71	8	69	5.21e-11	57.4
g3162.t1	VFG050583(gb|WP_001046489.1)	40.845	71	40	1	1	71	1	69	7.66e-11	56.6
g3162.t1	VFG006896(gb|WP_000649326)	32.895	76	51	0	5	80	2	77	1.38e-10	55.8
g3162.t1	VFG006899(gb|WP_013571141)	36.066	61	39	0	8	68	6	66	3.80e-10	54.7
g3162.t1	VFG050581(gb|WP_001046420.1)	39.437	71	41	1	1	71	1	69	5.41e-10	54.7
g3162.t1	VFG050585(gb|WP_020753490.1)	38.028	71	42	1	1	71	1	69	2.48e-09	52.8
g3162.t1	VFG006900(gb|WP_052281489)	38.806	67	41	0	8	74	6	72	4.88e-09	52.0
g3162.t1	VFG050590(gb|YP_005800452.1)	38.182	55	34	0	17	71	1	55	4.76e-08	48.9
g3162.t1	VFG038582(gb|WP_005348617)	36.842	57	36	0	9	65	16	72	1.26e-07	48.9
g3162.t1	VFG013772(gb|WP_011912242)	34.247	73	48	0	7	79	1	73	1.63e-07	48.1
g3162.t1	VFG006898(gb|WP_005479693)	36.765	68	40	2	1	68	1	65	1.98e-07	47.4
g3162.t1	VFG013769(gb|WP_011063520)	45.833	48	26	0	10	57	2	49	5.57e-07	46.2
g3162.t1	VFG013761(gb|WP_003152762)	35.714	98	56	2	10	107	2	92	5.97e-07	46.2
g3162.t1	VFG006989(gb|WP_011079401)	45.098	51	28	0	10	60	2	52	6.38e-07	46.2
g3162.t1	VFG013770(gb|WP_011335978)	43.750	48	27	0	10	57	2	49	6.50e-07	45.8
g3162.t1	VFG013810(gb|WP_003116267)	28.462	130	86	2	10	135	2	128	1.30e-06	45.1
g3162.t1	VFG006901(gb|WP_011262622)	28.788	66	47	0	8	73	3	68	1.37e-06	45.1
g3162.t1	VFG006133(gb|WP_010981065)	38.710	62	38	0	12	73	5	66	2.12e-06	45.1
g3162.t1	VFG036198(gb|WP_015815999)	38.710	62	38	0	12	73	5	66	2.59e-06	44.7
g3162.t1	VFG042823(gb|WP_013107729)	36.842	57	36	0	10	66	2	58	2.84e-06	44.3
g3162.t1	VFG006986(gb|WP_000828585)	40.741	54	32	0	10	63	2	55	3.14e-06	44.7
g3162.t1	VFG006990(gb|WP_011151246)	46.512	43	23	0	10	52	2	44	3.19e-06	44.3
g3162.t1	VFG019727(gb|WP_043206123)	42.553	47	27	0	11	57	2	48	3.23e-06	43.9
g3162.t1	VFG006991(gb|WP_011261165)	32.955	88	54	2	10	93	2	88	3.37e-06	44.3
g3162.t1	VFG036222(gb|WP_013448269)	38.710	62	38	0	12	73	5	66	3.60e-06	43.9
g3162.t1	VFG013765(gb|WP_011167729)	69.231	26	8	0	12	37	4	29	3.70e-06	43.5
g3162.t1	VFG042873(gb|WP_080535723)	39.623	53	32	0	10	62	15	67	4.14e-06	43.9
g3162.t1	VFG006135(gb|WP_011798758)	36.620	71	43	1	12	80	5	75	4.28e-06	43.9
g3162.t1	VFG036200(gb|WP_002244388)	36.620	71	43	1	12	80	5	75	5.24e-06	43.5
g3162.t1	VFG015611(gb|WP_012316337)	37.037	54	34	0	10	63	2	55	5.41e-06	43.5
g3162.t1	VFG013762(gb|WP_003141352)	51.282	39	19	0	10	48	2	40	5.64e-06	43.9
g3162.t1	VFG038497(gb|WP_016351992)	31.579	57	39	0	7	63	1	57	5.72e-06	43.9
g3162.t1	VFG036205(gb|WP_014582348)	37.097	62	39	0	12	73	5	66	5.90e-06	43.5
g3162.t1	VFG038581(gb|WP_043118279)	33.929	56	37	0	10	65	17	72	6.82e-06	43.9
g3162.t1	VFG036197(gb|WP_014573675)	37.705	61	38	0	12	72	5	65	6.92e-06	43.5
g3162.t1	VFG038580(gb|WP_011704371)	33.929	56	37	0	10	65	17	72	6.95e-06	43.9
g3162.t1	VFG036203(gb|WP_014581605)	37.705	61	38	0	12	72	5	65	7.58e-06	43.5
g3162.t1	VFG036204(gb|WP_014581673)	37.705	61	38	0	12	72	5	65	7.65e-06	43.5
g3162.t1	VFG000221(gb|WP_010980743)	37.705	61	38	0	12	72	5	65	7.96e-06	43.5
g3162.t1	VFG038496(gb|WP_011707416)	31.579	57	39	0	7	63	1	57	8.07e-06	43.5
g3162.t1	VFG015610(gb|WP_012270395)	37.037	54	34	0	10	63	2	55	9.37e-06	42.7
g4610.t1	VFG000111(gb|NP_253215)	100.000	149	0	0	1	149	1	149	7.53e-107	300
g4610.t1	VFG006896(gb|WP_000649326)	48.322	149	65	5	2	147	7	146	5.29e-29	103
g4610.t1	VFG013767(gb|WP_012051131)	40.541	148	72	4	1	147	1	133	2.96e-25	93.6
g4610.t1	VFG006898(gb|WP_005479693)	44.898	147	65	5	2	147	7	138	3.94e-25	93.2
g4610.t1	VFG013766(gb|WP_010951892)	39.865	148	73	4	1	147	1	133	1.58e-24	91.7
g4610.t1	VFG013765(gb|WP_011167729)	56.180	89	34	2	1	85	1	88	5.36e-24	90.1
g4610.t1	VFG015610(gb|WP_012270395)	39.865	148	73	4	1	147	1	133	6.47e-24	90.1
g4610.t1	VFG015611(gb|WP_012316337)	37.838	148	76	4	1	147	1	133	2.14e-22	86.3
g4610.t1	VFG042823(gb|WP_013107729)	37.162	148	79	2	1	147	1	135	2.29e-22	86.7
g4610.t1	VFG013769(gb|WP_011063520)	38.776	147	76	2	1	147	1	133	4.60e-22	85.5
g4610.t1	VFG006899(gb|WP_013571141)	40.816	147	75	4	2	147	8	143	2.42e-21	84.0
g4610.t1	VFG006901(gb|WP_011262622)	35.616	146	75	4	2	147	5	131	1.25e-19	79.0
g4610.t1	VFG019727(gb|WP_043206123)	37.931	145	74	4	4	147	3	132	4.96e-19	77.8
g4610.t1	VFG013761(gb|WP_003152762)	38.095	168	69	6	1	147	1	154	2.00e-18	76.6
g4610.t1	VFG050443(gb|WP_000993715.1)	44.805	154	66	5	1	147	1	142	2.43e-18	76.3
g4610.t1	VFG013772(gb|WP_011912242)	35.802	162	84	6	1	147	1	157	2.50e-18	76.6
g4610.t1	VFG045698(gb|WP_003632053)	47.619	105	40	3	4	108	3	92	2.61e-18	75.9
g4610.t1	VFG013770(gb|WP_011335978)	36.735	147	81	3	1	147	1	135	3.40e-18	75.5
g4610.t1	VFG050441(gb|WP_000993729.1)	42.857	154	81	3	1	147	1	154	4.56e-18	75.9
g4610.t1	VFG019726(gb|WP_003122079)	41.667	156	77	5	1	147	1	151	5.56e-18	75.5
g4610.t1	VFG013768(gb|WP_011535701)	39.865	148	73	5	1	147	1	133	6.23e-18	74.7
g4610.t1	VFG042908(gb|WP_011927861)	36.774	155	81	6	4	145	5	155	7.48e-18	75.1
g4610.t1	VFG050444(gb|YP_001086176.1)	43.558	163	64	6	1	147	1	151	1.55e-17	74.3
g4610.t1	VFG050440(gb|WP_000993717.1)	44.156	154	66	5	1	147	1	141	4.85e-17	72.8
g4610.t1	VFG006900(gb|WP_052281489)	37.778	135	71	4	2	134	8	131	1.28e-16	72.0
g4610.t1	VFG006135(gb|WP_011798758)	34.641	153	86	5	1	147	1	145	3.12e-16	70.9
g4610.t1	VFG013763(gb|WP_011103351)	64.151	53	19	0	1	53	1	53	5.29e-16	70.1
g4610.t1	VFG042958(gb|WP_004090380)	38.994	159	70	6	1	147	1	144	1.34e-15	68.9
g4610.t1	VFG036196(gb|WP_002245812)	60.000	60	23	1	1	59	1	60	1.66e-15	68.9
g4610.t1	VFG036222(gb|WP_013448269)	36.810	163	69	8	1	147	1	145	1.95e-15	68.6
g4610.t1	VFG036200(gb|WP_002244388)	35.583	163	75	6	1	147	1	149	2.68e-15	68.6
g4610.t1	VFG013764(gb|WP_011266637)	46.591	88	42	3	1	83	1	88	8.42e-15	66.6
g4610.t1	VFG013762(gb|WP_003141352)	78.947	38	8	0	1	38	1	38	2.43e-14	66.6
g4610.t1	VFG036199(gb|WP_014575067)	55.932	59	25	1	4	61	5	63	2.65e-14	66.2
g4610.t1	VFG006133(gb|WP_010981065)	57.692	52	22	0	4	55	5	56	8.51e-14	64.7
g4610.t1	VFG000221(gb|WP_010980743)	57.692	52	22	0	4	55	5	56	9.75e-14	64.7
g4610.t1	VFG036198(gb|WP_015815999)	57.692	52	22	0	4	55	5	56	1.00e-13	64.7
g4610.t1	VFG036205(gb|WP_014582348)	37.500	112	48	2	4	93	5	116	1.03e-13	64.7
g4610.t1	VFG036204(gb|WP_014581673)	57.692	52	22	0	4	55	5	56	1.05e-13	64.7
g4610.t1	VFG036197(gb|WP_014573675)	57.692	52	22	0	4	55	5	56	1.08e-13	64.7
g4610.t1	VFG045948(gb|WP_000360902)	53.704	54	25	0	1	54	1	54	1.14e-13	63.9
g4610.t1	VFG045954(gb|WP_000360907)	53.704	54	25	0	1	54	1	54	1.17e-13	63.9
g4610.t1	VFG045947(gb|WP_000360894)	53.704	54	25	0	1	54	1	54	1.17e-13	63.9
g4610.t1	VFG045972(gb|WP_000360891)	53.704	54	25	0	1	54	1	54	1.19e-13	63.9
g4610.t1	VFG045936(gb|WP_000360904)	53.704	54	25	0	1	54	1	54	1.19e-13	63.9
g4610.t1	VFG045950(gb|WP_000360895)	53.704	54	25	0	1	54	1	54	1.22e-13	63.9
g4610.t1	VFG045955(gb|WP_000360915)	53.704	54	25	0	1	54	1	54	1.29e-13	63.9
g4610.t1	VFG045937(gb|WP_000360914)	53.704	54	25	0	1	54	1	54	1.30e-13	63.9
g4610.t1	VFG042800(gb|WP_000360900)	53.704	54	25	0	1	54	1	54	1.32e-13	63.9
g4610.t1	VFG036203(gb|WP_014581605)	57.692	52	22	0	4	55	5	56	1.61e-13	63.9
g4610.t1	VFG050447(gb|WP_020753494.1)	43.939	132	68	2	1	132	1	126	4.53e-13	62.4
g4610.t1	VFG045939(gb|WP_000360919)	51.852	54	26	0	1	54	1	54	5.98e-13	62.0
g4610.t1	VFG050449(gb|WP_000993719.1)	43.939	132	68	2	1	132	1	126	8.18e-13	61.6
g4610.t1	VFG024828(gb|WP_012329165)	38.095	105	49	2	6	110	31	119	1.20e-12	62.4
g4610.t1	VFG024825(gb|WP_011546121)	38.095	105	49	2	6	110	31	119	1.37e-12	62.0
g4610.t1	VFG024827(gb|WP_006486698)	39.048	105	48	2	6	110	31	119	2.58e-12	61.6
g4610.t1	VFG010455(gb|WP_015444381)	35.172	145	81	4	4	147	3	135	2.94e-12	60.1
g4610.t1	VFG013820(gb|WP_011912156)	63.830	47	14	1	1	44	1	47	3.20e-12	60.1
g4610.t1	VFG013140(gb|WP_012340401)	34.014	147	82	4	4	140	11	152	6.08e-12	59.7
g4610.t1	VFG013099(gb|WP_011608404)	34.694	147	81	4	4	140	11	152	6.41e-12	59.7
g4610.t1	VFG010456(gb|WP_011214167)	36.552	145	77	5	5	147	4	135	9.90e-12	58.5
g4610.t1	VFG001212(gb|NP_253246)	63.636	44	13	1	4	44	5	48	1.23e-11	58.5
g4610.t1	VFG013810(gb|WP_003116267)	36.066	122	63	3	1	107	1	122	1.31e-11	58.5
g4610.t1	VFG013809(gb|WP_003150015)	60.870	46	15	1	2	44	3	48	1.38e-11	58.5
g4610.t1	VFG013813(gb|WP_011167659)	48.333	60	30	1	1	59	1	60	1.95e-11	57.8
g4610.t1	VFG050587(gb|WP_001046490.1)	42.623	61	35	0	1	61	7	67	1.96e-11	58.5
g4610.t1	VFG013812(gb|WP_011266587)	55.172	58	24	2	1	57	1	57	2.19e-11	57.8
g4610.t1	VFG050583(gb|WP_001046489.1)	42.623	61	35	0	1	61	7	67	2.92e-11	57.8
g4610.t1	VFG002425(gb|WP_004526211)	68.421	38	11	1	1	38	1	37	3.95e-11	57.8
g4610.t1	VFG036309(gb|WP_173277181)	39.744	78	32	2	4	66	3	80	4.43e-11	57.4
g4610.t1	VFG013811(gb|WP_011103296)	63.830	47	15	2	1	46	1	46	4.53e-11	57.0
g4610.t1	VFG042873(gb|WP_080535723)	40.845	71	42	0	2	72	15	85	5.75e-11	57.0
g4610.t1	VFG046277(gb|WP_044247204)	42.857	63	35	1	1	62	4	66	6.85e-11	58.9
g4610.t1	VFG024837(gb|WP_043037212)	70.588	34	10	0	5	38	4	37	7.51e-11	57.0
g4610.t1	VFG036313(gb|WP_014581124)	72.727	33	9	0	4	36	3	35	7.95e-11	56.6
g4610.t1	VFG046278(gb|WP_014549386)	46.296	54	29	0	1	54	4	57	1.41e-10	57.8
g4610.t1	VFG046273(gb|WP_011733603)	46.296	54	29	0	1	54	4	57	1.42e-10	57.8
g4610.t1	VFG036314(gb|WP_002258079)	38.462	78	33	2	4	66	3	80	1.85e-10	55.8
g4610.t1	VFG006168(gb|WP_002248019)	48.077	52	27	0	4	55	3	54	2.09e-10	55.5
g4610.t1	VFG006167(gb|WP_002225356)	39.744	78	32	2	4	66	3	80	2.63e-10	55.5
g4610.t1	VFG010458(gb|WP_011946811)	54.717	53	24	0	5	57	4	56	3.08e-10	54.7
g4610.t1	VFG018777(gb|WP_012221525)	69.697	33	10	0	4	36	3	35	3.31e-10	55.1
g4610.t1	VFG036310(gb|WP_002255852)	69.697	33	10	0	4	36	3	35	3.38e-10	55.1
g4610.t1	VFG006166(gb|WP_002245541)	69.697	33	10	0	4	36	3	35	3.42e-10	55.1
g4610.t1	VFG036308(gb|WP_002246122)	69.697	33	10	0	4	36	3	35	3.45e-10	55.1
g4610.t1	VFG050581(gb|WP_001046420.1)	40.984	61	36	0	1	61	7	67	3.59e-10	55.1
g4610.t1	VFG036316(gb|WP_014581932)	69.697	33	10	0	4	36	3	35	3.91e-10	54.7
g4610.t1	VFG036312(gb|WP_014580776)	69.697	33	10	0	4	36	3	35	3.99e-10	54.7
g4610.t1	VFG036311(gb|WP_021438285)	69.697	33	10	0	4	36	3	35	4.25e-10	54.7
g4610.t1	VFG019691(gb|WP_012503482)	69.697	33	10	0	4	36	3	35	4.47e-10	54.7
g4610.t1	VFG036319(gb|WP_025457170)	53.191	47	19	1	4	47	3	49	1.02e-09	53.9
g4610.t1	VFG010457(gb|WP_011215876)	34.483	145	80	5	5	147	4	135	1.03e-09	53.5
g4610.t1	VFG050585(gb|WP_020753490.1)	39.344	61	37	0	1	61	7	67	1.53e-09	53.5
g4610.t1	VFG006169(gb|WP_025456309)	66.667	33	11	0	4	36	3	35	1.65e-09	53.1
g4610.t1	VFG036906(gb|WP_003689308)	53.488	43	20	0	4	46	5	47	2.00e-09	52.4
g4610.t1	VFG036903(gb|WP_010951266)	53.488	43	20	0	4	46	5	47	2.02e-09	52.4
g4610.t1	VFG036914(gb|WP_002214394)	51.163	43	21	0	4	46	5	47	1.36e-08	50.1
g4610.t1	VFG036908(gb|WP_002244869)	51.163	43	21	0	4	46	5	47	1.59e-08	50.1
g4610.t1	VFG036905(gb|WP_012221345)	51.163	43	21	0	4	46	5	47	1.59e-08	50.1
g4610.t1	VFG036902(gb|WP_002226625)	51.163	43	21	0	4	46	5	47	1.81e-08	50.1
g4610.t1	VFG036910(gb|WP_014575209)	51.163	43	21	0	4	46	5	47	1.84e-08	49.7
g4610.t1	VFG036907(gb|WP_002245941)	51.163	43	21	0	4	46	5	47	1.88e-08	49.7
g4610.t1	VFG036913(gb|WP_014581527)	51.163	43	21	0	4	46	5	47	1.93e-08	49.7
g4610.t1	VFG036904(gb|WP_002224635)	58.140	43	15	1	4	43	5	47	2.09e-08	49.7
g4610.t1	VFG036909(gb|WP_015815321)	58.140	43	15	1	4	43	5	47	2.13e-08	49.7
g4610.t1	VFG036901(gb|WP_002246837)	51.163	43	21	0	4	46	5	47	2.30e-08	49.7
g4610.t1	VFG036912(gb|WP_002237740)	63.636	33	12	0	4	36	5	37	2.37e-08	49.7
g4610.t1	VFG050446(gb|WP_000993712.1)	62.069	58	22	0	1	58	1	58	3.61e-08	49.7
g4610.t1	VFG013966(gb|WP_003403528)	37.500	72	41	2	5	75	6	74	5.61e-08	48.9
g4610.t1	VFG050590(gb|YP_005800452.1)	41.509	53	31	0	9	61	1	53	6.04e-08	48.9
g4610.t1	VFG038478(gb|WP_013724124)	54.762	42	19	0	5	46	6	47	6.44e-08	48.5
g4610.t1	VFG042948(gb|WP_012382713)	51.220	41	20	0	6	46	24	64	7.07e-08	48.5
g4610.t1	VFG038477(gb|WP_005313456)	55.263	38	17	0	5	42	6	43	7.89e-08	48.1
g4610.t1	VFG042860(gb|WP_010946364)	37.288	59	37	0	4	62	15	73	1.38e-07	47.8
g4610.t1	VFG013964(gb|WP_007246769)	31.683	101	61	3	5	100	6	103	1.99e-07	47.8
g4610.t1	VFG006989(gb|WP_011079401)	30.909	165	83	7	1	148	1	151	2.82e-07	47.0
g4610.t1	VFG015617(gb|WP_012316352)	39.286	56	34	0	4	59	2	57	3.03e-07	46.6
g4610.t1	VFG006990(gb|WP_011151246)	38.202	89	49	2	1	89	1	83	4.45e-07	46.6
g4610.t1	VFG013967(gb|WP_011167654)	53.846	39	18	0	4	42	3	41	4.74e-07	46.6
g4610.t1	VFG010462(gb|WP_011946812)	37.838	148	73	4	4	147	3	135	5.48e-07	46.2
g4610.t1	VFG036918(gb|WP_003712517)	60.606	33	13	0	4	36	5	37	8.59e-07	45.4
g4610.t1	VFG015616(gb|WP_012270376)	37.500	56	35	0	4	59	2	57	8.95e-07	45.4
g4610.t1	VFG013814(gb|WP_010951877)	37.500	56	35	0	4	59	2	57	9.23e-07	45.4
g4610.t1	VFG013815(gb|WP_003247577)	37.500	56	35	0	4	59	2	57	9.62e-07	45.4
g4610.t1	VFG013961(gb|WP_012077308)	29.787	141	77	5	6	130	9	143	1.29e-06	45.4
g4610.t1	VFG001216(gb|NP_253240)	30.657	137	81	5	6	130	9	143	1.40e-06	45.4
g4610.t1	VFG006991(gb|WP_011261165)	48.780	41	21	0	1	41	1	41	2.18e-06	44.7
g4610.t1	VFG045758(gb|WP_012979061)	62.069	29	11	0	1	29	1	29	2.19e-06	44.7
g4610.t1	VFG001871(gb|WP_010947092)	62.069	29	11	0	1	29	1	29	2.24e-06	44.3
g4610.t1	VFG000180(gb|NP_251791)	64.286	28	10	0	2	29	10	37	2.77e-06	44.3
g4610.t1	VFG013816(gb|WP_011535718)	37.500	56	35	0	4	59	2	57	3.02e-06	43.9
g4610.t1	VFG006982(gb|WP_005481011)	59.375	32	13	0	1	32	1	32	3.43e-06	44.3
g4610.t1	VFG010460(gb|WP_011214168)	38.776	147	72	4	4	147	3	134	3.70e-06	43.9
g4610.t1	VFG006986(gb|WP_000828585)	51.220	41	20	0	1	41	1	41	3.83e-06	44.3
g4610.t1	VFG040873(gb|NP_249372)	60.714	28	11	0	2	29	14	41	4.20e-06	43.9
g4610.t1	VFG042732(gb|WP_002218144)	47.368	38	20	0	1	38	1	38	4.85e-06	43.5
g4610.t1	VFG042733(gb|WP_002214937)	47.368	38	20	0	1	38	1	38	5.10e-06	43.5
g4610.t1	VFG050802(gb|WP_000865310.1)	52.500	40	16	1	1	40	55	91	5.23e-06	44.3
g4610.t1	VFG050811(gb|WP_134815932.1)	52.500	40	16	1	1	40	56	92	5.27e-06	44.3
g4610.t1	VFG050812(gb|YP_005797308.1)	52.500	40	16	1	1	40	56	92	5.70e-06	43.9
g4610.t1	VFG050800(gb|WP_000865305.1)	52.500	40	16	1	1	40	55	91	5.72e-06	43.9
g4610.t1	VFG050808(gb|WP_000784786.1)	52.500	40	16	1	1	40	33	69	5.78e-06	43.9
g4610.t1	VFG050806(gb|WP_000865304.1)	52.500	40	16	1	1	40	55	91	5.89e-06	43.9
g4610.t1	VFG013965(gb|WP_011266582)	36.508	63	37	1	4	66	3	62	6.32e-06	43.5
g4610.t1	VFG050803(gb|YP_001083432.1)	52.500	40	16	1	1	40	44	80	7.79e-06	43.5
g4610.t1	VFG040963(gb|WP_002889054)	53.571	28	13	0	1	28	1	28	9.40e-06	42.7
g4635.t1	VFG001215(gb|NP_253239)	100.000	169	0	0	1	169	1	169	6.01e-120	335
g4635.t1	VFG019756(gb|WP_003161431)	98.817	169	2	0	1	169	1	169	1.45e-118	332
g4635.t1	VFG013957(gb|WP_003150026)	71.429	168	48	0	1	168	1	168	1.85e-74	220
g4635.t1	VFG013958(gb|WP_011921053)	35.461	141	88	3	28	165	28	168	2.52e-25	95.5
g4635.t1	VFG013959(gb|WP_011912163)	32.075	159	100	4	2	155	1	156	2.02e-21	85.1
g4635.t1	VFG042936(gb|WP_004087851)	30.833	120	75	3	9	121	15	133	6.05e-12	60.8
g4635.t1	VFG050608(gb|WP_000477151.1)	26.582	158	101	4	9	151	7	164	1.58e-10	56.6
g4635.t1	VFG050610(gb|WP_000477147.1)	26.582	158	101	4	9	151	7	164	1.77e-10	56.6
g4635.t1	VFG013963(gb|WP_005769263)	29.012	162	97	5	9	158	6	161	4.47e-10	55.5
g4635.t1	VFG042921(gb|WP_012031207)	25.263	95	69	1	4	96	3	97	4.66e-10	55.1
g4635.t1	VFG050614(gb|WP_000477149.1)	25.949	158	102	4	9	151	7	164	4.83e-10	55.5
g4635.t1	VFG013967(gb|WP_011167654)	28.395	162	98	6	9	158	6	161	1.94e-09	53.5
g4635.t1	VFG036830(gb|WP_002230433)	35.714	70	45	0	1	70	1	70	6.10e-09	53.1
g4635.t1	VFG036840(gb|WP_014582407)	35.714	70	45	0	1	70	1	70	6.16e-09	53.1
g4635.t1	VFG036839(gb|WP_041423517)	35.714	70	45	0	1	70	1	70	6.16e-09	53.1
g4635.t1	VFG036838(gb|WP_014575282)	35.714	70	45	0	1	70	1	70	6.28e-09	53.1
g4635.t1	VFG036841(gb|WP_014581481)	35.714	70	45	0	1	70	1	70	6.67e-09	53.1
g4635.t1	VFG036843(gb|WP_002213841)	35.714	70	45	0	1	70	1	70	6.70e-09	53.1
g4635.t1	VFG036833(gb|WP_017629269)	35.714	70	45	0	1	70	1	70	6.94e-09	52.8
g4635.t1	VFG036836(gb|WP_014574104)	35.714	70	45	0	1	70	1	70	6.95e-09	52.8
g4635.t1	VFG036832(gb|WP_002247806)	35.714	70	45	0	1	70	1	70	7.06e-09	52.8
g4635.t1	VFG050619(gb|WP_000477146.1)	26.429	140	89	3	9	134	7	146	7.56e-09	52.0
g4635.t1	VFG036829(gb|WP_010981159)	31.481	108	66	4	1	100	1	108	8.91e-09	52.8
g4635.t1	VFG036846(gb|WP_013449153)	31.481	108	66	4	1	100	1	108	2.60e-08	51.2
g4635.t1	VFG001216(gb|NP_253240)	35.526	76	44	1	9	84	10	80	4.18e-08	50.1
g4635.t1	VFG013968(gb|WP_011336002)	27.119	177	103	6	6	165	3	170	6.28e-08	49.7
g4635.t1	VFG013961(gb|WP_012077308)	36.471	85	48	2	1	84	1	80	7.36e-08	49.3
g4636.t1	VFG001216(gb|NP_253240)	100.000	168	0	0	1	168	1	168	1.27e-123	344
g4636.t1	VFG013961(gb|WP_012077308)	88.690	168	19	0	1	168	1	168	2.63e-109	308
g4636.t1	VFG013962(gb|WP_003141552)	46.914	162	78	4	7	167	7	161	4.97e-43	140
g4636.t1	VFG013969(gb|WP_011921052)	38.272	162	88	4	1	162	1	150	3.04e-24	92.4
g4636.t1	VFG013970(gb|WP_011912162)	35.393	178	102	5	1	167	1	176	2.80e-22	87.8
g4636.t1	VFG013965(gb|WP_011266582)	32.727	165	101	5	9	167	5	165	4.09e-19	79.3
g4636.t1	VFG013963(gb|WP_005769263)	31.707	164	104	4	9	167	5	165	4.38e-18	76.6
g4636.t1	VFG013967(gb|WP_011167654)	30.120	166	104	4	9	167	5	165	8.63e-18	75.9
g4636.t1	VFG013966(gb|WP_003403528)	31.210	157	89	6	4	144	2	155	2.26e-11	58.5
g4636.t1	VFG013964(gb|WP_007246769)	31.646	158	100	5	4	158	2	154	3.69e-11	58.2
g4636.t1	VFG036829(gb|WP_010981159)	32.450	151	77	8	9	139	8	153	3.39e-09	53.9
g4636.t1	VFG042872(gb|WP_011078450)	41.429	70	37	1	9	74	4	73	3.72e-09	53.1
g4636.t1	VFG036832(gb|WP_002247806)	31.757	148	82	7	9	139	8	153	5.28e-09	53.1
g4636.t1	VFG038493(gb|WP_016349428)	32.184	87	55	1	8	90	5	91	7.19e-09	52.0
g4636.t1	VFG042936(gb|WP_004087851)	45.455	55	30	0	7	61	12	66	7.26e-09	52.4
g4636.t1	VFG038492(gb|WP_011704647)	32.184	87	55	1	8	90	5	91	7.26e-09	52.0
g4636.t1	VFG036843(gb|WP_002213841)	47.170	53	28	0	9	61	8	60	7.69e-09	52.8
g4636.t1	VFG036833(gb|WP_017629269)	47.170	53	28	0	9	61	8	60	8.37e-09	52.8
g4636.t1	VFG036840(gb|WP_014582407)	47.170	53	28	0	9	61	8	60	8.46e-09	52.8
g4636.t1	VFG036836(gb|WP_014574104)	47.170	53	28	0	9	61	8	60	8.64e-09	52.8
g4636.t1	VFG036838(gb|WP_014575282)	47.170	53	28	0	9	61	8	60	8.71e-09	52.8
g4636.t1	VFG036839(gb|WP_041423517)	47.170	53	28	0	9	61	8	60	8.80e-09	52.8
g4636.t1	VFG036841(gb|WP_014581481)	47.170	53	28	0	9	61	8	60	9.62e-09	52.4
g4636.t1	VFG036830(gb|WP_002230433)	47.170	53	28	0	9	61	8	60	1.02e-08	52.4
g4636.t1	VFG036846(gb|WP_013449153)	31.788	151	78	8	9	139	8	153	2.98e-08	51.2
g4636.t1	VFG038495(gb|WP_005348949)	26.829	164	95	5	9	154	5	161	3.53e-08	50.4
g4636.t1	VFG019756(gb|WP_003161431)	35.526	76	44	1	10	80	9	84	3.53e-08	50.4
g4636.t1	VFG013968(gb|WP_011336002)	35.802	81	51	1	9	89	5	84	3.81e-08	50.4
g4636.t1	VFG001215(gb|NP_253239)	35.526	76	44	1	10	80	9	84	4.15e-08	50.1
g4636.t1	VFG042921(gb|WP_012031207)	31.818	66	45	0	9	74	7	72	1.06e-07	48.9
g4636.t1	VFG050512(gb|WP_001214060.1)	26.946	167	96	7	9	167	9	157	1.21e-07	48.5
g4636.t1	VFG007085(gb|WP_000738789)	32.895	76	47	1	1	72	1	76	1.77e-07	48.1
g4636.t1	VFG007086(gb|WP_005465191)	34.247	73	44	1	4	72	5	77	2.25e-07	47.8
g4636.t1	VFG013959(gb|WP_011912163)	26.752	157	103	5	10	161	8	157	5.58e-07	47.0
g4636.t1	VFG050614(gb|WP_000477149.1)	22.754	167	110	4	7	158	4	166	1.22e-06	46.2
g4636.t1	VFG013811(gb|WP_011103296)	37.255	51	32	0	4	54	2	52	1.27e-06	45.4
g4636.t1	VFG007088(gb|WP_017420501)	33.824	68	41	1	9	72	10	77	1.92e-06	45.1
g4636.t1	VFG006899(gb|WP_013571141)	37.778	45	28	0	9	53	12	56	1.96e-06	45.1
g4636.t1	VFG007087(gb|WP_011078941)	33.824	68	41	1	9	72	10	77	2.19e-06	45.1
g4636.t1	VFG050511(gb|WP_001214061.1)	26.946	167	96	7	9	167	9	157	2.26e-06	45.1
g4636.t1	VFG050517(gb|WP_001214068.1)	26.347	167	97	7	9	167	9	157	2.40e-06	45.1
g4636.t1	VFG006901(gb|WP_011262622)	32.692	52	35	0	1	52	1	52	2.60e-06	44.7
g4636.t1	VFG038494(gb|WP_005313436)	33.333	60	40	0	9	68	5	64	2.97e-06	45.1
g4636.t1	VFG042908(gb|WP_011927861)	32.584	89	45	1	4	92	2	75	3.17e-06	44.7
g4636.t1	VFG013812(gb|WP_011266587)	37.255	51	32	0	4	54	2	52	4.12e-06	43.9
g4636.t1	VFG050587(gb|WP_001046490.1)	43.902	41	23	0	9	49	12	52	4.27e-06	44.3
g4636.t1	VFG050519(gb|WP_001214065.1)	26.347	167	97	7	9	167	9	157	4.78e-06	44.3
g4636.t1	VFG050583(gb|WP_001046489.1)	43.902	41	23	0	9	49	12	52	5.05e-06	44.3
g4636.t1	VFG013958(gb|WP_011921053)	29.927	137	79	6	28	156	27	154	5.31e-06	44.3
g4636.t1	VFG050610(gb|WP_000477147.1)	31.579	76	47	1	7	77	4	79	5.59e-06	44.3
g4636.t1	VFG050608(gb|WP_000477151.1)	31.579	76	47	1	7	77	4	79	6.30e-06	43.9
g4636.t1	VFG050619(gb|WP_000477146.1)	31.579	76	47	1	7	77	4	79	7.09e-06	43.9
g4636.t1	VFG050514(gb|WP_001214067.1)	26.347	167	97	7	9	167	9	157	8.11e-06	43.5
g4636.t1	VFG006898(gb|WP_005479693)	36.735	49	31	0	9	57	11	59	9.12e-06	43.1
g4636.t1	VFG013813(gb|WP_011167659)	36.066	61	34	1	4	59	2	62	9.68e-06	43.1
g4642.t1	VFG001212(gb|NP_253246)	99.242	132	1	0	1	132	10	141	3.31e-94	267
g4642.t1	VFG013809(gb|WP_003150015)	93.939	132	8	0	1	132	10	141	3.07e-80	232
g4642.t1	VFG013820(gb|WP_011912156)	56.391	133	51	3	1	132	9	135	2.70e-47	149
g4642.t1	VFG013810(gb|WP_003116267)	46.043	139	62	5	1	132	9	141	7.66e-30	104
g4642.t1	VFG038478(gb|WP_013724124)	40.299	134	69	5	1	132	10	134	4.30e-26	95.1
g4642.t1	VFG013819(gb|WP_157045681)	46.721	122	56	5	14	132	22	137	1.77e-25	93.6
g4642.t1	VFG038477(gb|WP_005313456)	36.641	131	77	4	1	131	10	134	1.95e-21	83.2
g4642.t1	VFG013813(gb|WP_011167659)	35.338	133	74	4	1	131	10	132	2.33e-19	77.8
g4642.t1	VFG013812(gb|WP_011266587)	38.346	133	69	4	1	131	10	131	5.38e-19	77.0
g4642.t1	VFG042948(gb|WP_012382713)	32.824	131	82	2	1	131	27	151	4.78e-17	72.4
g4642.t1	VFG013811(gb|WP_011103296)	34.586	133	74	4	1	131	10	131	3.50e-16	69.7
g4642.t1	VFG042860(gb|WP_010946364)	34.351	131	82	2	1	131	20	146	4.06e-16	69.7
g4642.t1	VFG015616(gb|WP_012270376)	34.091	132	75	5	1	131	7	127	1.19e-12	60.5
g4642.t1	VFG042873(gb|WP_080535723)	33.333	93	60	1	1	93	22	112	2.07e-12	60.1
g4642.t1	VFG015617(gb|WP_012316352)	33.333	132	76	4	1	131	7	127	3.48e-12	59.3
g4642.t1	VFG036908(gb|WP_002244869)	35.294	119	69	3	1	119	10	120	5.68e-12	58.5
g4642.t1	VFG036903(gb|WP_010951266)	33.613	119	71	3	1	119	10	120	6.18e-12	58.5
g4642.t1	VFG036906(gb|WP_003689308)	33.613	119	71	3	1	119	10	120	6.25e-12	58.5
g4642.t1	VFG036907(gb|WP_002245941)	35.294	119	69	3	1	119	10	120	8.33e-12	58.2
g4642.t1	VFG036901(gb|WP_002246837)	34.454	119	70	3	1	119	10	120	1.18e-11	57.8
g4642.t1	VFG036902(gb|WP_002226625)	34.454	119	70	3	1	119	10	120	1.51e-11	57.4
g4642.t1	VFG036914(gb|WP_002214394)	34.746	118	69	3	1	118	10	119	1.79e-11	57.4
g4642.t1	VFG006898(gb|WP_005479693)	34.821	112	64	4	1	105	14	123	5.31e-11	56.2
g4642.t1	VFG036904(gb|WP_002224635)	34.454	119	70	3	1	119	10	120	5.93e-11	55.8
g4642.t1	VFG036912(gb|WP_002237740)	33.613	119	71	3	1	119	10	120	7.26e-11	55.8
g4642.t1	VFG036905(gb|WP_012221345)	33.898	118	70	3	1	118	10	119	1.11e-10	55.1
g4642.t1	VFG036910(gb|WP_014575209)	33.613	119	71	3	1	119	10	120	1.37e-10	55.1
g4642.t1	VFG036909(gb|WP_015815321)	33.613	119	71	3	1	119	10	120	1.75e-10	54.7
g4642.t1	VFG036918(gb|WP_003712517)	34.454	119	70	3	1	119	10	120	1.84e-10	54.7
g4642.t1	VFG013817(gb|WP_011063540)	33.077	130	66	6	8	131	17	131	3.10e-10	54.3
g4642.t1	VFG013814(gb|WP_010951877)	32.331	133	76	5	1	131	7	127	9.48e-10	52.8
g4642.t1	VFG013816(gb|WP_011535718)	32.576	132	80	6	1	131	7	130	1.07e-09	52.8
g4642.t1	VFG013815(gb|WP_003247577)	32.331	133	76	5	1	131	7	127	1.18e-09	52.4
g4642.t1	VFG045698(gb|WP_003632053)	53.659	41	19	0	1	41	8	48	1.19e-09	52.8
g4642.t1	VFG019734(gb|WP_012722147)	30.303	132	81	5	1	131	10	131	1.32e-09	52.4
g4642.t1	VFG036913(gb|WP_014581527)	33.613	119	70	4	1	119	10	119	1.39e-09	52.4
g4642.t1	VFG038476(gb|WP_016349433)	33.083	133	81	5	1	131	7	133	1.52e-09	52.4
g4642.t1	VFG036222(gb|WP_013448269)	27.778	108	71	2	1	103	10	115	2.22e-09	52.4
g4642.t1	VFG013772(gb|WP_011912242)	31.068	103	71	0	1	103	11	113	2.63e-09	52.4
g4642.t1	VFG038475(gb|WP_011704652)	33.083	133	81	5	1	131	7	133	4.01e-09	51.2
g4642.t1	VFG013765(gb|WP_011167729)	47.059	51	26	1	1	51	9	58	8.24e-09	50.4
g4642.t1	VFG013762(gb|WP_003141352)	48.780	41	21	0	1	41	9	49	2.00e-08	50.1
g4642.t1	VFG006135(gb|WP_011798758)	26.852	108	72	2	1	103	10	115	2.98e-08	49.3
g4642.t1	VFG036196(gb|WP_002245812)	35.714	70	43	2	1	70	10	77	3.72e-08	48.9
g4642.t1	VFG036199(gb|WP_014575067)	26.364	110	75	4	1	109	10	114	1.56e-07	47.8
g4642.t1	VFG036200(gb|WP_002244388)	34.615	52	34	0	1	52	10	61	1.79e-07	47.4
g4642.t1	VFG042940(gb|WP_011097478)	34.513	113	63	4	19	131	30	131	1.96e-07	46.6
g4642.t1	VFG010455(gb|WP_015444381)	46.341	41	22	0	1	41	8	48	2.44e-07	46.6
g4642.t1	VFG013761(gb|WP_003152762)	48.649	37	19	0	1	37	9	45	2.80e-07	46.6
g4642.t1	VFG036198(gb|WP_015815999)	27.928	111	72	5	1	109	10	114	2.98e-07	47.0
g4642.t1	VFG013763(gb|WP_011103351)	34.328	67	44	0	1	67	9	75	4.19e-07	46.2
g4642.t1	VFG006899(gb|WP_013571141)	35.185	54	35	0	1	54	15	68	6.33e-07	45.4
g4642.t1	VFG010456(gb|WP_011214167)	43.902	41	23	0	1	41	8	48	6.47e-07	45.4
g4642.t1	VFG010458(gb|WP_011946811)	50.000	34	17	0	1	34	8	41	7.63e-07	45.1
g4642.t1	VFG046243(gb|WP_013921846)	32.593	135	78	5	1	131	12	137	8.77e-07	45.1
g4642.t1	VFG024828(gb|WP_012329165)	43.902	41	23	0	1	41	34	74	1.02e-06	45.8
g4642.t1	VFG024827(gb|WP_006486698)	43.902	41	23	0	1	41	34	74	1.31e-06	45.4
g4642.t1	VFG024825(gb|WP_011546121)	43.902	41	23	0	1	41	34	74	1.39e-06	45.4
g4642.t1	VFG046242(gb|WP_014714165)	31.159	138	76	6	1	131	11	136	1.46e-06	44.7
g4642.t1	VFG042908(gb|WP_011927861)	45.946	37	20	0	1	37	10	46	1.92e-06	44.7
g4642.t1	VFG006896(gb|WP_000649326)	44.000	50	28	0	1	50	14	63	2.32e-06	44.3
g4642.t1	VFG036203(gb|WP_014581605)	27.679	112	71	3	1	109	10	114	3.03e-06	43.9
g4642.t1	VFG050590(gb|YP_005800452.1)	34.615	52	34	0	1	52	1	52	5.07e-06	43.1
g4642.t1	VFG036204(gb|WP_014581673)	32.653	49	33	0	1	49	10	58	6.47e-06	43.1
g4642.t1	VFG006133(gb|WP_010981065)	32.653	49	33	0	1	49	10	58	6.73e-06	43.1
g4642.t1	VFG046235(gb|WP_014547388)	29.630	135	82	4	1	131	9	134	7.23e-06	42.7
g4642.t1	VFG000221(gb|WP_010980743)	32.653	49	33	0	1	49	10	58	7.91e-06	43.1
g4642.t1	VFG036197(gb|WP_014573675)	32.653	49	33	0	1	49	10	58	8.00e-06	42.7
g4642.t1	VFG036205(gb|WP_014582348)	32.653	49	33	0	1	49	10	58	8.25e-06	42.7
g140.t1	VFG045972(gb|WP_000360891)	89.510	143	15	0	1	143	1	143	1.03e-96	275
g140.t1	VFG045937(gb|WP_000360914)	89.510	143	15	0	1	143	1	143	1.63e-96	274
g140.t1	VFG045936(gb|WP_000360904)	89.510	143	15	0	1	143	1	143	2.53e-96	273
g140.t1	VFG045954(gb|WP_000360907)	89.510	143	15	0	1	143	1	143	4.53e-96	273
g140.t1	VFG045939(gb|WP_000360919)	88.811	143	16	0	1	143	1	143	7.67e-96	272
g140.t1	VFG045948(gb|WP_000360902)	88.811	143	16	0	1	143	1	143	1.09e-95	272
g140.t1	VFG042800(gb|WP_000360900)	88.811	143	16	0	1	143	1	143	1.18e-95	272
g140.t1	VFG045950(gb|WP_000360895)	88.811	143	16	0	1	143	1	143	1.65e-95	271
g140.t1	VFG045955(gb|WP_000360915)	88.811	143	16	0	1	143	1	143	1.67e-95	271
g140.t1	VFG045947(gb|WP_000360894)	88.112	143	17	0	1	143	1	143	6.11e-95	270
g140.t1	VFG013140(gb|WP_012340401)	46.875	128	65	2	4	129	11	137	2.99e-37	124
g140.t1	VFG013099(gb|WP_011608404)	46.094	128	66	2	4	129	11	137	9.49e-37	123
g140.t1	VFG042816(gb|WP_005741096)	48.438	128	63	2	4	129	10	136	9.68e-32	110
g140.t1	VFG013097(gb|WP_012054948)	42.254	142	76	4	4	141	10	149	8.22e-24	90.1
g140.t1	VFG013095(gb|WP_011271973)	43.902	123	66	2	4	124	10	131	2.64e-23	89.0
g140.t1	VFG013098(gb|WP_010945035)	43.548	124	67	2	4	125	11	133	1.12e-22	87.4
g140.t1	VFG013094(gb|WP_005694367)	43.548	124	67	2	4	125	10	132	2.43e-22	86.3
g140.t1	VFG013764(gb|WP_011266637)	38.211	123	73	3	1	122	1	121	7.68e-22	84.7
g140.t1	VFG013763(gb|WP_011103351)	44.318	88	46	1	1	85	1	88	2.50e-20	80.9
g140.t1	VFG042963(gb|WP_009874618)	39.161	143	70	4	7	145	14	143	1.18e-16	71.6
g140.t1	VFG036205(gb|WP_014582348)	42.553	94	51	2	4	95	5	97	1.49e-16	72.0
g140.t1	VFG038430(gb|WP_005314158)	53.247	77	36	0	1	77	1	77	8.75e-16	69.3
g140.t1	VFG000221(gb|WP_010980743)	40.860	93	50	3	4	93	5	95	9.54e-15	67.4
g140.t1	VFG036204(gb|WP_014581673)	42.553	94	47	3	4	93	5	95	1.12e-14	67.0
g140.t1	VFG006133(gb|WP_010981065)	38.298	94	55	2	4	95	5	97	1.31e-14	67.0
g140.t1	VFG038429(gb|WP_016352167)	37.226	137	76	4	1	128	1	136	1.59e-14	65.9
g140.t1	VFG045698(gb|WP_003632053)	37.615	109	61	2	3	109	2	105	2.31e-14	65.5
g140.t1	VFG036199(gb|WP_014575067)	40.217	92	52	2	4	93	5	95	4.60e-14	65.5
g140.t1	VFG006899(gb|WP_013571141)	43.662	71	40	0	2	72	8	78	5.80e-14	64.7
g140.t1	VFG036203(gb|WP_014581605)	38.298	94	55	2	4	95	5	97	1.07e-13	64.3
g140.t1	VFG036197(gb|WP_014573675)	39.130	92	53	2	4	93	5	95	1.14e-13	64.3
g140.t1	VFG036198(gb|WP_015815999)	39.130	92	53	2	4	93	5	95	1.55e-13	63.9
g140.t1	VFG010461(gb|WP_181443700)	41.463	123	68	3	3	124	4	123	1.72e-13	63.2
g140.t1	VFG006898(gb|WP_005479693)	50.000	60	30	0	2	61	7	66	6.89e-13	61.6
g140.t1	VFG010462(gb|WP_011946812)	41.463	123	68	3	3	124	2	121	1.40e-12	60.8
g140.t1	VFG036196(gb|WP_002245812)	34.400	125	72	4	4	121	5	126	1.43e-12	60.8
g140.t1	VFG013765(gb|WP_011167729)	43.939	66	37	0	1	66	1	66	1.48e-12	60.5
g140.t1	VFG010455(gb|WP_015444381)	34.454	119	76	2	3	120	2	119	1.59e-12	60.5
g140.t1	VFG010456(gb|WP_011214167)	33.613	119	77	2	3	120	2	119	3.24e-12	59.7
g140.t1	VFG006896(gb|WP_000649326)	47.170	53	28	0	2	54	7	59	3.40e-12	60.1
g140.t1	VFG006901(gb|WP_011262622)	47.170	53	28	0	2	54	5	57	8.58e-12	58.5
g140.t1	VFG006135(gb|WP_011798758)	36.782	87	52	2	4	88	5	90	2.82e-11	57.8
g140.t1	VFG036200(gb|WP_002244388)	37.209	86	51	2	4	87	5	89	2.85e-11	57.8
g140.t1	VFG042823(gb|WP_013107729)	44.928	69	37	1	1	68	1	69	2.92e-11	57.8
g140.t1	VFG013761(gb|WP_003152762)	52.273	44	21	0	1	44	1	44	3.03e-11	57.8
g140.t1	VFG010458(gb|WP_011946811)	31.746	126	70	3	3	120	2	119	5.25e-11	56.6
g140.t1	VFG036222(gb|WP_013448269)	37.209	86	51	2	4	87	5	89	1.45e-10	55.8
g140.t1	VFG013762(gb|WP_003141352)	56.098	41	18	0	1	41	1	41	1.48e-10	56.2
g140.t1	VFG006900(gb|WP_052281489)	65.714	35	12	0	2	36	8	42	2.18e-10	55.5
g140.t1	VFG046277(gb|WP_044247204)	42.623	61	35	0	1	61	4	64	2.48e-10	57.0
g140.t1	VFG046278(gb|WP_014549386)	42.623	61	35	0	1	61	4	64	3.72e-10	56.6
g140.t1	VFG046273(gb|WP_011733603)	42.623	61	35	0	1	61	4	64	3.83e-10	56.6
g140.t1	VFG013820(gb|WP_011912156)	53.659	41	19	0	1	41	1	41	4.01e-10	54.3
g140.t1	VFG013772(gb|WP_011912242)	44.231	52	29	0	2	53	4	55	5.24e-10	54.7
g140.t1	VFG010459(gb|WP_016356941)	40.833	120	68	3	3	121	2	119	1.01e-09	53.1
g140.t1	VFG010460(gb|WP_011214168)	40.000	120	69	3	3	121	2	119	1.14e-09	53.1
g140.t1	VFG042958(gb|WP_004090380)	33.562	146	85	3	1	136	1	144	2.16e-09	52.8
g140.t1	VFG036319(gb|WP_025457170)	36.508	63	40	0	3	65	2	64	2.68e-09	52.4
g140.t1	VFG013770(gb|WP_011335978)	52.500	40	19	0	1	40	1	40	8.68e-09	50.8
g140.t1	VFG036906(gb|WP_003689308)	43.182	44	25	0	4	47	5	48	1.08e-08	50.4
g140.t1	VFG036903(gb|WP_010951266)	43.182	44	25	0	4	47	5	48	1.08e-08	50.4
g140.t1	VFG006168(gb|WP_002248019)	37.931	58	36	0	3	60	2	59	1.18e-08	50.8
g140.t1	VFG050587(gb|WP_001046490.1)	66.667	33	11	0	5	37	11	43	1.75e-08	50.4
g140.t1	VFG036914(gb|WP_002214394)	33.333	66	44	0	4	69	5	70	1.85e-08	49.7
g140.t1	VFG013810(gb|WP_003116267)	51.220	41	20	0	1	41	1	41	1.91e-08	50.1
g140.t1	VFG036912(gb|WP_002237740)	34.375	64	42	0	4	67	5	68	1.95e-08	49.7
g140.t1	VFG036908(gb|WP_002244869)	33.333	66	44	0	4	69	5	70	1.95e-08	49.7
g140.t1	VFG036902(gb|WP_002226625)	33.333	66	44	0	4	69	5	70	2.03e-08	49.7
g140.t1	VFG050444(gb|YP_001086176.1)	36.691	139	71	6	1	126	1	135	2.05e-08	50.1
g140.t1	VFG018777(gb|WP_012221525)	44.444	45	25	0	3	47	2	46	2.05e-08	50.1
g140.t1	VFG036310(gb|WP_002255852)	44.444	45	25	0	3	47	2	46	2.08e-08	50.1
g140.t1	VFG036314(gb|WP_002258079)	44.444	45	25	0	3	47	2	46	2.14e-08	50.1
g140.t1	VFG036308(gb|WP_002246122)	44.444	45	25	0	3	47	2	46	2.19e-08	50.1
g140.t1	VFG036309(gb|WP_173277181)	44.444	45	25	0	3	47	2	46	2.28e-08	50.1
g140.t1	VFG015611(gb|WP_012316337)	43.636	55	31	0	1	55	1	55	2.30e-08	49.7
g140.t1	VFG006166(gb|WP_002245541)	44.444	45	25	0	3	47	2	46	2.32e-08	50.1
g140.t1	VFG006167(gb|WP_002225356)	44.444	45	25	0	3	47	2	46	2.42e-08	50.1
g140.t1	VFG036312(gb|WP_014580776)	44.444	45	25	0	3	47	2	46	2.52e-08	50.1
g140.t1	VFG050583(gb|WP_001046489.1)	66.667	33	11	0	5	37	11	43	2.58e-08	50.1
g140.t1	VFG036901(gb|WP_002246837)	34.375	64	42	0	4	67	5	68	2.61e-08	49.3
g140.t1	VFG036316(gb|WP_014581932)	44.444	45	25	0	3	47	2	46	2.63e-08	49.7
g140.t1	VFG019691(gb|WP_012503482)	44.444	45	25	0	3	47	2	46	2.63e-08	49.7
g140.t1	VFG042908(gb|WP_011927861)	52.632	38	18	0	4	41	5	42	2.77e-08	50.1
g140.t1	VFG036311(gb|WP_021438285)	44.444	45	25	0	3	47	2	46	2.80e-08	49.7
g140.t1	VFG013766(gb|WP_010951892)	41.818	55	32	0	1	55	1	55	3.17e-08	49.3
g140.t1	VFG013767(gb|WP_012051131)	41.818	55	32	0	1	55	1	55	3.31e-08	49.3
g140.t1	VFG015610(gb|WP_012270395)	41.818	55	32	0	1	55	1	55	3.52e-08	49.3
g140.t1	VFG010457(gb|WP_011215876)	28.926	121	80	4	3	120	2	119	3.54e-08	49.3
g140.t1	VFG002425(gb|WP_004526211)	54.286	35	16	0	3	37	2	36	3.68e-08	49.7
g140.t1	VFG013809(gb|WP_003150015)	50.000	40	20	0	2	41	3	42	4.38e-08	48.9
g140.t1	VFG006169(gb|WP_025456309)	44.444	45	25	0	3	47	2	46	5.29e-08	48.9
g140.t1	VFG019727(gb|WP_043206123)	42.308	52	30	0	3	54	2	53	5.71e-08	48.5
g140.t1	VFG036313(gb|WP_014581124)	42.222	45	26	0	3	47	2	46	6.17e-08	48.9
g140.t1	VFG024837(gb|WP_043037212)	54.286	35	16	0	3	37	2	36	6.44e-08	48.9
g140.t1	VFG001871(gb|WP_010947092)	34.286	70	46	0	1	70	1	70	6.72e-08	48.5
g140.t1	VFG024827(gb|WP_006486698)	36.842	95	50	4	3	97	28	112	7.07e-08	49.3
g140.t1	VFG036905(gb|WP_012221345)	31.818	66	45	0	4	69	5	70	9.10e-08	47.8
g140.t1	VFG000111(gb|NP_253215)	53.704	54	25	0	1	54	1	54	9.39e-08	48.1
g140.t1	VFG036907(gb|WP_002245941)	40.909	44	26	0	4	47	5	48	9.99e-08	47.8
g140.t1	VFG001212(gb|NP_253246)	48.718	39	20	0	3	41	4	42	1.00e-07	48.1
g140.t1	VFG036913(gb|WP_014581527)	40.909	44	26	0	4	47	5	48	1.01e-07	47.8
g140.t1	VFG036910(gb|WP_014575209)	40.909	44	26	0	4	47	5	48	1.11e-07	47.8
g140.t1	VFG013813(gb|WP_011167659)	54.545	33	15	0	4	36	5	37	1.22e-07	47.8
g140.t1	VFG036904(gb|WP_002224635)	40.909	44	26	0	4	47	5	48	1.38e-07	47.4
g140.t1	VFG036909(gb|WP_015815321)	40.909	44	26	0	4	47	5	48	1.41e-07	47.4
g140.t1	VFG024828(gb|WP_012329165)	34.375	96	53	3	6	101	31	116	1.64e-07	48.1
g140.t1	VFG038478(gb|WP_013724124)	66.667	30	10	0	5	34	6	35	1.82e-07	47.4
g140.t1	VFG046296(gb|WP_012279912)	35.772	123	73	3	4	121	6	127	2.01e-07	47.4
g140.t1	VFG050585(gb|WP_020753490.1)	63.636	33	12	0	5	37	11	43	2.02e-07	47.4
g140.t1	VFG024825(gb|WP_011546121)	34.375	96	53	3	6	101	31	116	2.03e-07	48.1
g140.t1	VFG050581(gb|WP_001046420.1)	63.636	33	12	0	5	37	11	43	2.15e-07	47.4
g140.t1	VFG045758(gb|WP_012979061)	34.286	70	46	0	1	70	1	70	2.37e-07	47.0
g140.t1	VFG013768(gb|WP_011535701)	60.606	33	13	0	1	33	1	33	2.76e-07	46.6
g140.t1	VFG038477(gb|WP_005313456)	60.000	30	12	0	5	34	6	35	2.80e-07	46.6
g140.t1	VFG013812(gb|WP_011266587)	56.250	32	14	0	5	36	6	37	2.95e-07	46.6
g140.t1	VFG013811(gb|WP_011103296)	56.250	32	14	0	5	36	6	37	3.01e-07	46.6
g140.t1	VFG042948(gb|WP_012382713)	52.778	36	17	0	2	37	20	55	3.98e-07	46.6
g140.t1	VFG013769(gb|WP_011063520)	40.741	54	32	0	1	54	1	54	4.53e-07	46.2
g140.t1	VFG015616(gb|WP_012270376)	30.435	92	58	2	4	95	2	87	5.75e-07	45.8
g140.t1	VFG036918(gb|WP_003712517)	38.636	44	27	0	4	47	5	48	7.92e-07	45.4
g140.t1	VFG040963(gb|WP_002889054)	30.137	73	51	0	1	73	1	73	1.16e-06	45.1
g140.t1	VFG050441(gb|WP_000993729.1)	44.118	68	37	1	1	68	1	67	1.48e-06	45.1
g140.t1	VFG015617(gb|WP_012316352)	31.522	92	57	3	4	95	2	87	1.72e-06	44.7
g140.t1	VFG040935(gb|WP_001231211)	23.853	109	83	0	2	110	4	112	2.18e-06	44.3
g140.t1	VFG019726(gb|WP_003122079)	47.458	59	31	0	1	59	1	59	2.75e-06	44.3
g140.t1	VFG038428(gb|WP_011707568)	53.571	56	26	0	1	56	1	56	2.76e-06	44.3
g140.t1	VFG038493(gb|WP_016349428)	42.553	47	27	0	1	47	1	47	3.43e-06	44.3
g140.t1	VFG038492(gb|WP_011704647)	42.553	47	27	0	1	47	1	47	3.57e-06	44.3
g140.t1	VFG042732(gb|WP_002218144)	34.426	61	40	0	1	61	1	61	3.77e-06	43.9
g140.t1	VFG042733(gb|WP_002214937)	34.426	61	40	0	1	61	1	61	4.00e-06	43.9
g140.t1	VFG023613(gb|WP_005165116)	30.986	71	49	0	3	73	5	75	4.09e-06	43.9
g140.t1	VFG042851(gb|WP_003020882)	37.589	141	66	7	1	133	1	127	4.78e-06	43.5
g140.t1	VFG046297(gb|WP_003014607)	37.589	141	66	7	1	133	1	127	5.40e-06	43.1
g140.t1	VFG013814(gb|WP_010951877)	42.500	40	23	0	4	43	2	41	5.53e-06	43.1
g140.t1	VFG013815(gb|WP_003247577)	42.500	40	23	0	4	43	2	41	5.64e-06	43.1
g140.t1	VFG007086(gb|WP_005465191)	29.670	91	60	2	3	89	7	97	7.78e-06	43.1
