g204.t1	VFG031191(gb|NP_214717)	100.000	136	0	0	1	136	1	136	2.79e-95	270
g204.t1	VFG031233(gb|YP_007956404)	99.265	136	1	0	1	136	1	136	1.60e-94	268
g204.t1	VFG031196(gb|WP_011799084)	99.265	136	1	0	1	136	1	136	2.82e-94	268
g204.t1	VFG031221(gb|WP_015302439)	98.529	136	2	0	1	136	1	136	2.04e-93	265
g204.t1	VFG031222(gb|WP_015288846)	97.794	136	3	0	1	136	1	136	7.51e-93	264
g204.t1	VFG031210(gb|WP_012392419)	67.424	132	43	0	1	132	1	132	5.01e-60	182
g204.t1	VFG031203(gb|WP_011739305)	67.424	132	43	0	1	132	1	132	5.01e-60	182
g204.t1	VFG031224(gb|WP_015354198)	67.424	132	43	0	1	132	1	132	6.17e-60	182
g204.t1	VFG031194(gb|WP_003874098)	67.164	134	44	0	1	134	1	134	1.37e-53	166
g204.t1	VFG031214(gb|WP_043955887)	69.167	120	37	0	1	120	1	120	2.00e-45	145
g204.t1	VFG031217(gb|WP_041785834)	68.333	120	38	0	1	120	1	120	1.93e-44	143
g204.t1	VFG031215(gb|WP_008261902)	68.333	120	38	0	1	120	1	120	1.95e-44	143
g204.t1	VFG031228(gb|YP_007960092)	67.480	123	37	3	15	136	1	121	1.31e-43	139
g204.t1	VFG031241(gb|WP_015304183)	60.204	98	39	0	35	132	35	132	8.87e-38	126
g204.t1	VFG031198(gb|WP_011726772)	56.667	120	52	0	9	128	17	136	1.83e-37	125
g204.t1	VFG031204(gb|WP_011777513)	57.944	107	44	1	26	132	18	123	7.20e-36	120
g204.t1	VFG031199(gb|WP_011854238)	56.842	95	41	0	34	128	39	133	2.62e-34	117
g204.t1	VFG031200(gb|WP_011557590)	56.842	95	41	0	34	128	39	133	2.85e-34	117
g204.t1	VFG031197(gb|WP_011891464)	57.426	101	42	1	32	132	29	128	2.26e-33	114
g204.t1	VFG031206(gb|YP_001704727)	37.179	78	48	1	41	118	33	109	5.16e-12	58.5
g204.t1	VFG031219(gb|WP_016343327)	38.750	80	44	2	41	118	33	109	6.25e-12	58.2
g204.t1	VFG031211(gb|WP_041317282)	30.769	78	53	1	41	118	38	114	1.16e-09	52.4
