g1014.t1	VFG031729(gb|WP_011891085)	39.912	228	135	1	1	226	1	228	6.47e-50	162
g1014.t1	VFG031747(gb|WP_008261205)	39.207	227	137	1	1	226	1	227	1.94e-49	161
g1014.t1	VFG031740(gb|WP_012666330)	39.207	227	137	1	1	226	1	227	2.02e-49	160
g1014.t1	VFG031726(gb|WP_003873718)	39.207	227	137	1	1	226	1	227	2.18e-49	160
g1014.t1	VFG031728(gb|WP_011799110)	39.207	227	137	1	1	226	1	227	4.13e-49	160
g1014.t1	VFG031754(gb|WP_015302569)	39.207	227	137	1	1	226	1	227	4.97e-49	160
g1014.t1	VFG031722(gb|NP_215005)	39.207	227	137	1	1	226	1	227	5.02e-49	160
g1014.t1	VFG031736(gb|WP_011778105)	39.474	228	136	1	1	226	1	228	5.40e-49	160
g1014.t1	VFG031731(gb|WP_011558087)	39.474	228	136	1	1	226	1	228	5.40e-49	160
g1014.t1	VFG031735(gb|WP_011742113)	39.207	227	137	1	1	226	1	227	5.60e-49	160
g1014.t1	VFG031746(gb|WP_013470606)	39.035	228	137	1	1	226	1	228	7.00e-49	159
g1014.t1	VFG031738(gb|YP_001704775)	39.207	227	136	1	1	225	1	227	1.08e-48	159
g1014.t1	VFG031744(gb|WP_013827421)	38.938	226	137	1	1	225	1	226	2.39e-48	158
g1014.t1	VFG031776(gb|WP_015304588)	39.207	227	136	1	1	225	1	227	2.74e-48	158
g1014.t1	VFG031730(gb|WP_014876914)	39.035	228	137	1	1	226	1	228	6.23e-48	157
g1014.t1	VFG022941(gb|WP_013827874)	39.640	222	132	2	2	222	3	223	7.84e-48	157
g1014.t1	VFG022919(gb|YP_001701702)	40.865	208	121	2	16	222	22	228	3.75e-46	152
g1014.t1	VFG009863(gb|WP_014878347)	38.182	220	134	2	4	222	3	221	4.40e-45	150
g1014.t1	VFG009867(gb|WP_041309847)	38.182	220	134	2	4	222	3	221	7.63e-45	149
g1014.t1	VFG009866(gb|WP_011561679)	38.182	220	134	2	4	222	5	223	7.90e-45	149
g1014.t1	VFG001390(gb|NP_215496)	38.636	220	133	2	4	222	3	221	1.95e-44	148
g1014.t1	VFG009834(gb|WP_011892635)	38.942	208	125	2	16	222	20	226	2.05e-44	148
g1014.t1	VFG009859(gb|WP_003872811)	38.182	220	134	2	4	222	3	221	3.42e-44	147
g1014.t1	VFG009835(gb|WP_011782153)	38.942	208	125	2	16	222	22	228	5.67e-44	147
g1014.t1	VFG024189(gb|WP_008254065)	38.182	220	134	2	4	222	3	221	5.87e-44	147
g1014.t1	VFG009836(gb|WP_011857018)	38.942	208	125	2	16	222	22	228	6.46e-44	147
g1014.t1	VFG027208(gb|WP_041181419)	38.182	220	134	2	4	222	3	221	6.68e-44	147
g1014.t1	VFG027215(gb|YP_007960876)	38.636	220	133	2	4	222	3	221	7.13e-44	147
g1014.t1	VFG024188(gb|WP_014941347)	38.182	220	134	2	4	222	3	221	8.20e-44	146
g1014.t1	VFG022924(gb|WP_010908722)	39.423	208	124	2	16	222	22	228	1.01e-43	146
g1014.t1	VFG009832(gb|WP_011738612)	38.942	208	125	2	16	222	25	231	1.08e-43	146
g1014.t1	VFG009857(gb|WP_014588181)	38.182	220	134	2	4	222	3	221	1.20e-43	146
g1014.t1	VFG027180(gb|WP_198345124)	39.423	208	124	2	16	222	25	231	1.26e-43	146
g1014.t1	VFG009831(gb|WP_172591973)	39.423	208	124	2	16	222	25	231	1.28e-43	146
g1014.t1	VFG031742(gb|WP_010908899)	40.816	196	115	1	32	226	3	198	1.62e-43	145
g1014.t1	VFG009833(gb|WP_168189073)	38.462	208	126	2	16	222	28	234	2.29e-43	145
g1014.t1	VFG009838(gb|WP_011561825)	38.462	208	126	2	16	222	22	228	2.38e-43	145
g1014.t1	VFG009837(gb|WP_172800613)	38.462	208	126	2	16	222	25	231	2.73e-43	145
g1014.t1	VFG009829(gb|WP_024637144)	38.942	208	125	2	16	222	25	231	2.76e-43	145
g1014.t1	VFG022918(gb|WP_012396175)	38.942	208	125	2	16	222	25	231	3.21e-43	145
g1014.t1	VFG021089(gb|WP_024131483)	37.445	227	129	5	4	225	3	221	5.37e-43	144
g1014.t1	VFG009864(gb|WP_041787729)	38.009	221	134	3	4	222	3	222	6.07e-43	144
g1014.t1	VFG027175(gb|YP_005359605)	38.462	208	126	2	16	222	22	228	6.92e-43	144
g1014.t1	VFG001389(gb|NP_215418)	38.462	208	126	2	16	222	25	231	7.76e-43	144
g1014.t1	VFG024176(gb|WP_008253900)	39.048	210	122	3	16	222	25	231	9.32e-43	144
g1014.t1	VFG027211(gb|WP_005063392)	37.273	220	136	2	4	222	3	221	2.20e-42	143
g1014.t1	VFG004061(gb|WP_001766960)	37.004	227	130	5	4	225	3	221	2.73e-42	142
g1014.t1	VFG022935(gb|YP_001701820)	37.273	220	136	2	4	222	5	223	2.79e-42	142
g1014.t1	VFG000475(gb|NP_460201)	36.957	230	132	5	1	225	1	222	2.87e-42	142
g1014.t1	VFG027205(gb|WP_005098722)	37.273	220	136	2	4	222	3	221	3.21e-42	142
g1014.t1	VFG027172(gb|YP_007957056)	37.981	208	127	2	16	222	25	231	5.28e-42	142
g1014.t1	VFG018395(gb|WP_024131926)	37.004	227	130	5	4	225	3	221	5.69e-42	142
g1014.t1	VFG004063(gb|WP_001537766)	37.004	227	130	5	4	225	3	221	5.82e-42	141
g1014.t1	VFG009861(gb|WP_010907575)	37.273	220	136	2	4	222	3	221	8.02e-42	141
g1014.t1	VFG022925(gb|WP_013827765)	39.423	208	124	2	16	222	25	231	1.03e-41	141
g1014.t1	VFG027220(gb|YP_007957122)	37.273	220	136	2	4	222	3	221	1.10e-41	141
g1014.t1	VFG009865(gb|WP_041307013)	38.009	221	134	3	4	222	3	222	1.37e-41	140
g1014.t1	VFG004064(gb|WP_023234872)	36.564	227	131	5	4	225	3	221	1.75e-41	140
g1014.t1	VFG022934(gb|WP_020726450)	36.486	222	137	3	4	222	3	223	7.22e-41	139
g1014.t1	VFG009862(gb|WP_071498255)	36.486	222	137	3	4	222	3	223	7.70e-41	139
g1014.t1	VFG024168(gb|WP_014379067)	38.009	221	133	3	4	222	15	233	4.92e-40	137
g1014.t1	VFG024164(gb|WP_008263800)	38.009	221	133	3	4	222	15	233	5.65e-40	137
g1014.t1	VFG022910(gb|WP_013830539)	37.557	221	134	3	4	222	15	233	8.60e-40	136
g1014.t1	VFG009804(gb|WP_011730856)	38.938	226	124	4	4	222	15	233	1.28e-39	136
g1014.t1	VFG022904(gb|WP_012396471)	37.557	221	134	3	4	222	16	234	1.30e-39	136
g1014.t1	VFG009802(gb|WP_003875752)	38.009	221	133	3	4	222	15	233	1.31e-39	136
g1014.t1	VFG027122(gb|WP_015456166)	38.009	221	133	3	4	222	23	241	1.33e-39	136
g1014.t1	VFG009807(gb|WP_011561967)	38.565	223	129	4	4	222	15	233	1.42e-39	136
g1014.t1	VFG009801(gb|WP_010948903)	37.557	221	134	3	4	222	15	233	4.45e-39	134
g1014.t1	VFG001386(gb|NP_215271)	37.557	221	134	3	4	222	23	241	5.02e-39	135
g1014.t1	VFG009803(gb|WP_011738792)	37.104	221	135	3	4	222	16	234	6.23e-39	134
g1014.t1	VFG022905(gb|YP_001701425)	37.104	221	135	3	4	222	23	241	8.23e-39	134
g1014.t1	VFG009797(gb|WP_012054162)	37.557	221	134	3	4	222	23	241	1.38e-38	134
g1014.t1	VFG027229(gb|WP_041312672)	38.182	220	134	2	4	222	3	221	1.65e-38	133
g1014.t1	VFG027123(gb|YP_007956929)	37.104	221	135	3	4	222	23	241	1.65e-38	133
g1014.t1	VFG009805(gb|WP_011892478)	36.771	223	133	4	4	222	14	232	1.71e-38	133
g1014.t1	VFG009806(gb|WP_036377334)	37.220	223	132	4	4	222	14	232	4.17e-38	132
g1014.t1	VFG027131(gb|WP_015309447)	36.771	223	133	4	4	222	15	233	7.56e-38	131
g1014.t1	VFG038216(gb|WP_000076440)	33.333	222	147	1	4	224	10	231	6.63e-37	129
g1014.t1	VFG041119(gb|WP_004528788)	34.052	232	140	5	4	226	10	237	2.52e-33	120
g1014.t1	VFG006826(gb|NP_464902)	33.184	223	147	2	1	222	1	222	7.08e-32	115
g1014.t1	VFG041842(gb|WP_011136182)	36.486	222	132	3	4	224	3	216	7.26e-30	110
g1014.t1	VFG052340(gb|NP_463157.1)	32.673	202	132	2	4	204	3	201	8.45e-30	110
g1014.t1	VFG038220(gb|YP_001083790)	35.088	171	110	1	55	224	2	172	2.54e-28	105
g1014.t1	VFG011626(gb|WP_002965156)	29.956	227	153	1	4	224	10	236	3.19e-28	106
g1014.t1	VFG006820(gb|WP_003762805)	26.549	226	164	2	1	225	1	225	3.38e-27	103
g1014.t1	VFG006818(gb|NP_465270)	26.549	226	164	2	1	225	1	225	3.76e-27	103
g1014.t1	VFG032572(gb|WP_003748279)	26.549	226	164	2	1	225	1	225	5.45e-27	103
g1014.t1	VFG006821(gb|WP_003729795)	26.549	226	164	2	1	225	1	225	6.19e-27	103
g1014.t1	VFG042127(gb|WP_010913962)	29.148	223	153	3	5	226	4	222	1.97e-22	91.3
g1014.t1	VFG050625(gb|WP_000389061.1)	36.207	116	71	1	4	116	10	125	2.18e-16	72.8
g1014.t1	VFG050634(gb|WP_000389077.1)	36.207	116	71	1	4	116	10	125	2.40e-16	72.4
g1014.t1	VFG050626(gb|YP_001085823.1)	35.652	115	71	1	5	116	1	115	8.38e-16	70.9
g1014.t1	VFG014024(gb|WP_011536047)	33.621	116	74	1	1	113	1	116	2.89e-15	69.7
g1014.t1	VFG015634(gb|WP_012274551)	34.483	116	73	1	1	113	1	116	3.14e-15	69.3
g1014.t1	VFG014009(gb|WP_010955560)	35.345	116	72	1	4	116	7	122	3.16e-15	69.7
g1014.t1	VFG015632(gb|WP_012274552)	35.345	116	72	1	4	116	7	122	6.40e-15	68.9
g1014.t1	VFG014008(gb|WP_004654414)	33.621	116	74	1	4	116	10	125	1.02e-14	68.6
g1014.t1	VFG014012(gb|WP_011064001)	32.759	116	75	1	4	116	10	125	1.08e-14	68.2
g1014.t1	VFG014006(gb|WP_002551738)	33.621	116	74	1	4	116	10	125	1.13e-14	68.2
g1014.t1	VFG014022(gb|WP_003249327)	33.621	116	74	1	1	113	1	116	1.42e-14	67.8
g1014.t1	VFG014011(gb|WP_044488517)	35.345	116	72	1	4	116	7	122	1.46e-14	68.2
g1014.t1	VFG042930(gb|WP_012031401)	30.973	113	75	1	4	113	10	122	2.02e-14	67.4
g1014.t1	VFG015633(gb|WP_012312414)	34.483	116	73	1	4	116	7	122	3.24e-14	67.0
g1014.t1	VFG014027(gb|WP_003458790)	32.773	119	77	2	1	116	1	119	5.91e-14	65.9
g1014.t1	VFG014013(gb|WP_007953330)	34.483	116	73	1	4	116	10	125	6.17e-14	66.2
g1014.t1	VFG014004(gb|WP_003148848)	33.621	116	74	1	4	116	10	125	7.37e-14	66.2
g1014.t1	VFG014014(gb|WP_003458788)	33.621	116	74	1	4	116	10	125	7.84e-14	66.2
g1014.t1	VFG001225(gb|NP_249099)	33.621	116	74	1	4	116	10	125	8.43e-14	65.9
g1014.t1	VFG014015(gb|WP_003282729)	33.621	116	74	1	4	116	10	125	1.36e-13	65.5
g1014.t1	VFG019763(gb|WP_003176671)	32.759	116	75	1	4	116	10	125	1.67e-13	65.1
g1014.t1	VFG042950(gb|WP_004083584)	28.571	112	77	1	1	109	1	112	3.88e-13	63.9
g1014.t1	VFG019760(gb|WP_012722471)	30.387	181	105	4	4	166	5	182	8.87e-13	66.6
g1014.t1	VFG019765(gb|WP_014720320)	30.172	116	78	1	1	113	1	116	1.12e-12	62.8
g1014.t1	VFG001226(gb|NP_249100)	30.252	119	80	1	1	116	1	119	1.14e-12	62.8
g1014.t1	VFG042942(gb|WP_004085459)	31.034	116	77	1	4	116	16	131	1.33e-12	62.8
g1014.t1	VFG015635(gb|WP_012312415)	31.304	115	76	1	1	112	1	115	1.66e-12	62.0
g1014.t1	VFG014025(gb|WP_011064000)	31.034	116	77	2	1	113	1	116	3.23e-12	61.2
g1014.t1	VFG014026(gb|WP_011336365)	31.034	116	77	2	1	113	1	116	4.64e-12	60.8
g1014.t1	VFG000116(gb|NP_254170)	38.281	128	68	4	4	124	11	134	5.42e-12	64.3
g1014.t1	VFG019772(gb|WP_015886333)	33.654	104	66	1	3	103	1819	1922	6.82e-12	64.3
g1014.t1	VFG014020(gb|WP_011266432)	29.412	119	81	1	1	116	1	119	8.08e-12	60.5
g1014.t1	VFG014019(gb|WP_003377196)	29.412	119	81	1	1	116	1	119	8.33e-12	60.1
g1014.t1	VFG013987(gb|WP_011103301)	32.576	132	84	2	4	134	7	134	1.32e-11	63.2
g1014.t1	VFG014028(gb|WP_003297216)	31.933	119	78	2	1	116	1	119	1.38e-11	59.7
g1014.t1	VFG015079(gb|WP_185745811)	33.043	115	70	2	4	112	670	783	1.46e-11	63.2
g1014.t1	VFG014021(gb|WP_002551739)	29.412	119	81	1	1	116	1	119	1.71e-11	59.3
g1014.t1	VFG014069(gb|WP_011063997)	33.654	104	66	1	3	103	1849	1952	1.81e-11	63.2
g1014.t1	VFG014973(gb|WP_011336516)	35.338	133	81	4	4	132	3	134	2.12e-11	61.6
g1014.t1	VFG043345(gb|WP_011946713)	29.661	118	82	1	1	117	1	118	4.39e-11	61.6
g1014.t1	VFG050696(gb|WP_000840549.1)	28.415	183	122	4	3	176	7	189	5.50e-11	61.2
g1014.t1	VFG050703(gb|WP_000840547.1)	28.415	183	122	4	3	176	7	189	5.76e-11	61.2
g1014.t1	VFG050699(gb|WP_000840548.1)	28.415	183	122	4	3	176	7	189	5.87e-11	61.2
g1014.t1	VFG014065(gb|WP_011167502)	29.808	104	70	1	3	103	1866	1969	6.41e-11	61.6
g1014.t1	VFG014064(gb|WP_011266435)	29.808	104	70	1	3	103	1872	1975	6.41e-11	61.6
g1014.t1	VFG014061(gb|WP_012074001)	31.933	119	74	2	3	116	2338	2454	6.82e-11	61.6
g1014.t1	VFG014062(gb|WP_004365046)	31.933	119	74	2	3	116	2356	2472	6.89e-11	61.6
g1014.t1	VFG001231(gb|NP_249104)	31.933	119	74	2	3	116	2352	2468	6.95e-11	61.6
g1014.t1	VFG019771(gb|WP_012613502)	31.933	119	74	2	3	116	2352	2468	7.42e-11	61.2
g1014.t1	VFG014967(gb|WP_003401565)	33.333	135	85	4	4	134	3	136	7.64e-11	60.1
g1014.t1	VFG014968(gb|WP_002551374)	33.333	135	85	4	4	134	3	136	7.87e-11	60.1
g1014.t1	VFG014063(gb|WP_011105280)	29.808	104	70	1	3	103	1867	1970	8.57e-11	61.2
g1014.t1	VFG015641(gb|WP_012312418)	32.381	105	68	1	2	103	1508	1612	1.05e-10	60.8
g1014.t1	VFG014966(gb|WP_007247212)	31.852	135	87	4	4	134	3	136	1.08e-10	59.7
g1014.t1	VFG014394(gb|WP_041755564)	34.653	101	65	1	4	103	5	105	1.15e-10	60.5
g1014.t1	VFG015076(gb|WP_011062714)	31.776	107	67	1	4	104	669	775	1.16e-10	60.8
g1014.t1	VFG038758(gb|WP_005350684)	30.539	167	108	4	4	166	6	168	1.19e-10	60.5
g1014.t1	VFG002044(gb|WP_010930609)	31.304	115	77	2	4	116	5	119	1.32e-10	58.9
g1014.t1	VFG015075(gb|WP_011532652)	29.907	107	69	1	4	104	670	776	1.32e-10	60.5
g1014.t1	VFG050705(gb|WP_000840555.1)	27.869	183	123	4	3	176	7	189	1.97e-10	59.7
g1014.t1	VFG007487(gb|WP_011079832)	30.841	107	73	1	4	109	6	112	2.12e-10	59.7
g1014.t1	VFG007489(gb|WP_011262361)	30.841	107	73	1	4	109	6	112	2.13e-10	59.7
g1014.t1	VFG007488(gb|WP_011150918)	30.841	107	73	1	4	109	6	112	2.32e-10	59.7
g1014.t1	VFG032760(gb|WP_003746076)	32.203	118	77	3	3	117	2	119	2.38e-10	56.2
g1014.t1	VFG042929(gb|WP_012031400)	29.310	116	79	2	1	113	1	116	2.48e-10	56.2
g1014.t1	VFG014070(gb|WP_011336362)	31.731	104	68	1	3	103	1851	1954	2.81e-10	59.7
g1014.t1	VFG042915(gb|WP_012030773)	29.060	117	82	1	1	116	1	117	2.82e-10	59.3
g1014.t1	VFG050640(gb|WP_000101096.1)	32.075	106	69	2	1	103	1	106	2.89e-10	56.2
g1014.t1	VFG011120(gb|WP_012417544)	33.028	109	71	2	1	107	1	109	3.39e-10	57.8
g1014.t1	VFG014068(gb|WP_044488903)	31.731	104	68	1	3	103	1636	1739	3.58e-10	59.3
g1014.t1	VFG014072(gb|WP_011914954)	28.689	122	84	1	2	120	2323	2444	3.63e-10	59.3
g1014.t1	VFG007484(gb|WP_000079330)	30.841	107	73	1	4	109	6	112	4.46e-10	58.5
g1014.t1	VFG015071(gb|WP_011268595)	29.907	107	69	1	4	104	669	775	4.82e-10	58.9
g1014.t1	VFG014071(gb|WP_041772785)	30.769	104	69	1	3	103	2294	2397	4.89e-10	58.9
g1014.t1	VFG015072(gb|WP_011169248)	29.907	107	69	1	4	104	669	775	5.55e-10	58.5
g1014.t1	VFG014066(gb|WP_010955557)	31.731	104	68	1	3	103	1526	1629	5.72e-10	58.5
g1014.t1	VFG013989(gb|WP_011167664)	33.835	133	80	4	4	134	7	133	5.77e-10	58.2
g1014.t1	VFG014067(gb|WP_012053912)	31.731	104	68	1	3	103	1526	1629	6.05e-10	58.5
g1014.t1	VFG015640(gb|WP_012274548)	31.731	104	68	1	3	103	1527	1630	6.16e-10	58.5
g1014.t1	VFG006846(gb|NP_464218)	31.356	118	78	3	3	117	2	119	6.33e-10	55.1
g1014.t1	VFG015068(gb|WP_003156446)	33.962	106	64	1	4	103	667	772	6.39e-10	58.5
g1014.t1	VFG002045(gb|WP_010930608)	37.600	125	66	3	4	118	975	1097	6.50e-10	58.5
g1014.t1	VFG013988(gb|WP_011266589)	34.211	114	70	2	4	116	7	116	7.16e-10	58.2
g1014.t1	VFG019919(gb|WP_015886493)	32.331	133	85	4	4	132	3	134	7.59e-10	57.0
g1014.t1	VFG015067(gb|NP_249619)	33.962	106	64	1	4	103	667	772	7.92e-10	58.2
g1014.t1	VFG038757(gb|WP_011898552)	29.940	167	109	4	4	166	6	168	8.10e-10	57.8
g1014.t1	VFG015070(gb|WP_011103673)	29.907	107	69	1	4	104	669	775	9.10e-10	58.2
g1014.t1	VFG015077(gb|WP_041475601)	29.907	107	69	1	4	104	669	775	1.35e-09	57.4
g1014.t1	VFG025915(gb|WP_006477352)	33.010	103	66	1	4	103	5	107	1.61e-09	54.3
g1014.t1	VFG043394(gb|YP_002343725)	28.926	121	77	4	4	119	649	765	1.63e-09	57.4
g1014.t1	VFG023572(gb|WP_005156725)	27.811	169	105	6	2	164	3	160	1.65e-09	55.8
g1014.t1	VFG007486(gb|WP_005457658)	29.907	107	74	1	4	109	6	112	1.85e-09	57.0
g1014.t1	VFG038756(gb|WP_011706626)	29.341	167	110	4	4	166	6	168	1.91e-09	56.6
g1014.t1	VFG043408(gb|WP_000940577)	30.973	113	73	4	4	112	5	116	3.05e-09	53.1
g1014.t1	VFG015078(gb|WP_012018243)	30.841	107	68	1	4	104	668	774	3.11e-09	56.2
g1014.t1	VFG014970(gb|WP_003255896)	34.091	132	82	4	4	131	3	133	3.11e-09	55.5
g1014.t1	VFG014969(gb|WP_010951571)	34.091	132	82	4	4	131	3	133	3.43e-09	55.5
g1014.t1	VFG041872(gb|WP_115610154)	35.652	115	71	3	4	115	14	128	3.62e-09	54.7
g1014.t1	VFG043386(gb|WP_000772151)	29.524	105	69	3	4	103	3	107	3.77e-09	53.1
g1014.t1	VFG025917(gb|WP_006482646)	32.039	103	67	1	4	103	5	107	4.39e-09	53.1
g1014.t1	VFG015770(gb|WP_012269993)	34.091	132	82	4	4	131	3	133	4.62e-09	55.1
g1014.t1	VFG041575(gb|WP_012847751)	38.043	92	55	2	26	115	33	124	4.66e-09	54.7
g1014.t1	VFG014972(gb|WP_011064176)	32.331	133	85	4	4	132	3	134	6.27e-09	54.7
g1014.t1	VFG001214(gb|NP_253237)	32.540	126	83	2	5	129	7	131	7.45e-09	55.1
g1014.t1	VFG019759(gb|WP_003110427)	32.540	126	83	2	5	129	7	131	7.73e-09	55.1
g1014.t1	VFG013985(gb|WP_012077306)	34.074	135	79	4	5	138	7	132	8.41e-09	54.7
g1014.t1	VFG003676(gb|WP_001120092)	34.409	93	58	3	133	225	17	106	9.22e-09	54.7
g1014.t1	VFG011123(gb|WP_010926708)	35.200	125	69	3	4	118	975	1097	1.02e-08	55.1
g1014.t1	VFG011122(gb|WP_010928858)	35.200	125	69	3	4	118	975	1097	1.05e-08	55.1
g1014.t1	VFG019942(gb|WP_012724914)	30.841	107	68	1	4	104	669	775	1.09e-08	54.7
g1014.t1	VFG015782(gb|WP_012270935)	28.972	107	70	1	4	104	670	776	1.23e-08	54.7
g1014.t1	VFG043206(gb|WP_005164479)	35.922	103	62	3	5	103	9	111	1.76e-08	51.2
g1014.t1	VFG042743(gb|NP_252986)	29.927	137	82	4	4	127	11	146	2.14e-08	53.1
g1014.t1	VFG017283(gb|WP_012105859)	33.010	103	66	2	2	101	3	105	2.50e-08	52.4
g1014.t1	VFG003357(gb|WP_011191565)	33.010	103	66	2	2	101	3	105	2.58e-08	52.4
g1014.t1	VFG015073(gb|WP_010952710)	29.245	106	69	1	4	103	670	775	2.68e-08	53.5
g1014.t1	VFG015074(gb|WP_012053464)	28.972	107	70	1	4	104	670	776	2.71e-08	53.5
g1014.t1	VFG014390(gb|WP_011534911)	31.683	101	68	1	4	103	5	105	2.90e-08	53.1
g1014.t1	VFG001746(gb|WP_002209034)	33.010	103	66	2	2	101	3	105	3.19e-08	52.0
g1014.t1	VFG020423(gb|WP_001120077)	33.333	93	59	3	133	225	19	108	3.21e-08	53.1
g1014.t1	VFG020428(gb|WP_001120090)	33.333	93	59	3	133	225	17	106	3.29e-08	53.1
g1014.t1	VFG025824(gb|WP_006754880)	33.621	116	70	3	4	112	7	122	3.29e-08	50.8
g1014.t1	VFG003678(gb|WP_001120088)	33.333	93	59	3	133	225	17	106	3.42e-08	53.1
g1014.t1	VFG000538(gb|NP_461797)	33.333	93	59	3	133	225	17	106	3.42e-08	53.1
g1014.t1	VFG018544(gb|WP_000902210)	33.333	93	59	3	133	225	17	106	4.51e-08	52.8
g1014.t1	VFG014971(gb|WP_044488561)	33.058	121	77	3	4	121	3	122	4.62e-08	52.0
g1014.t1	VFG042008(gb|WP_011004150)	23.333	150	115	0	74	223	75	224	5.08e-08	52.0
g1014.t1	VFG018489(gb|WP_000666339)	31.395	86	58	1	31	115	35	120	5.27e-08	51.6
g1014.t1	VFG007553(gb|WP_011079855)	32.593	135	79	4	4	134	5	131	6.26e-08	52.0
g1014.t1	VFG007554(gb|WP_011150906)	32.593	135	79	4	4	134	5	131	6.38e-08	52.0
g1014.t1	VFG025849(gb|WP_009910098)	31.111	135	82	4	4	128	7	140	6.44e-08	52.0
g1014.t1	VFG015088(gb|WP_011534583)	32.203	118	77	3	1	115	1	118	9.23e-08	50.8
g1014.t1	VFG020690(gb|WP_000666336)	30.233	86	59	1	31	115	35	120	1.09e-07	50.4
g1014.t1	VFG013992(gb|WP_011921055)	33.628	113	70	2	5	116	7	115	1.27e-07	51.2
g1014.t1	VFG013993(gb|WP_026006503)	30.579	121	83	1	5	124	8	128	1.28e-07	51.2
g1014.t1	VFG015771(gb|WP_012312202)	32.558	129	82	4	4	128	3	130	1.43e-07	50.4
g1014.t1	VFG003820(gb|WP_000666334)	30.233	86	59	1	31	115	35	120	1.45e-07	50.1
g1014.t1	VFG000492(gb|NP_460356)	30.233	86	59	1	31	115	35	120	1.45e-07	50.1
g1014.t1	VFG015783(gb|WP_012313127)	29.245	106	69	1	4	103	671	776	1.50e-07	51.2
g1014.t1	VFG041577(gb|WP_012847750)	32.381	105	65	1	4	102	684	788	1.71e-07	51.2
g1014.t1	VFG025826(gb|WP_006485893)	32.759	116	71	3	4	112	7	122	1.80e-07	48.5
g1014.t1	VFG043089(gb|WP_000763867)	33.981	103	64	3	5	103	9	111	1.84e-07	48.5
g1014.t1	VFG025927(gb|WP_009906581)	30.275	109	73	1	4	109	5	113	2.32e-07	48.1
g1014.t1	VFG042926(gb|WP_012031397)	27.586	116	81	1	4	116	2433	2548	2.59e-07	50.8
g1014.t1	VFG043402(gb|YP_002344511)	27.619	105	71	3	4	103	3	107	2.65e-07	48.1
g1014.t1	VFG002526(gb|WP_004198645)	30.370	135	83	4	4	128	7	140	2.67e-07	50.1
g1014.t1	VFG001249(gb|NP_249790)	30.693	101	69	1	4	103	5	105	3.34e-07	50.1
g1014.t1	VFG015092(gb|WP_041755484)	31.897	116	76	3	1	113	1	116	3.37e-07	49.3
g1014.t1	VFG002525(gb|WP_004185006)	31.897	116	72	3	4	112	7	122	3.64e-07	47.8
g1014.t1	VFG042669(gb|WP_006485030)	29.091	110	72	1	3	106	605	714	3.65e-07	50.1
g1014.t1	VFG014974(gb|WP_003242397)	30.827	133	87	4	4	132	3	134	3.84e-07	49.3
g1014.t1	VFG025837(gb|WP_011546709)	29.630	135	84	4	4	128	6	139	4.45e-07	49.7
g1014.t1	VFG007552(gb|WP_005479477)	32.593	135	79	4	4	134	5	131	4.52e-07	49.7
g1014.t1	VFG015086(gb|WP_003251380)	31.356	118	78	3	1	115	1	118	4.59e-07	48.9
g1014.t1	VFG025839(gb|WP_012492268)	29.630	135	84	4	4	128	9	142	4.69e-07	49.7
g1014.t1	VFG041873(gb|WP_080509010)	28.455	123	69	3	25	131	725	844	4.86e-07	49.7
g1014.t1	VFG007550(gb|WP_000985860)	32.593	135	79	4	4	134	5	131	5.01e-07	49.3
g1014.t1	VFG015080(gb|NP_251276)	30.172	116	78	3	1	113	1	116	5.44e-07	48.5
g1014.t1	VFG015785(gb|WP_012315215)	30.508	118	79	3	1	115	1	118	5.62e-07	48.5
g1014.t1	VFG014383(gb|WP_012076712)	30.693	101	69	1	4	103	5	105	5.91e-07	49.3
g1014.t1	VFG000119(gb|NP_253948)	30.252	119	79	3	4	119	3	120	5.99e-07	48.9
g1014.t1	VFG014964(gb|WP_003157680)	30.252	119	79	3	4	119	3	120	6.58e-07	48.5
g1014.t1	VFG014388(gb|WP_010955091)	30.693	101	69	1	4	103	5	105	7.67e-07	48.9
g1014.t1	VFG014393(gb|WP_012019025)	30.693	101	69	1	4	103	5	105	8.23e-07	48.9
g1014.t1	VFG015083(gb|WP_005737926)	31.034	116	77	3	1	113	1	116	9.38e-07	47.8
g1014.t1	VFG015681(gb|WP_012315526)	29.134	127	89	1	4	129	5	131	1.11e-06	48.5
g1014.t1	VFG014975(gb|WP_013981629)	31.092	119	78	3	4	119	3	120	1.49e-06	47.8
g1014.t1	VFG007568(gb|WP_000697869)	28.846	104	70	2	4	103	3	106	1.60e-06	45.8
g1014.t1	VFG043373(gb|WP_000342347)	25.234	107	75	2	3	104	678	784	1.65e-06	48.1
g1014.t1	VFG007571(gb|WP_017052487)	28.846	104	70	2	4	103	3	106	1.79e-06	45.8
g1014.t1	VFG043037(gb|NP_460873)	32.039	103	66	3	5	103	9	111	2.07e-06	45.4
g1014.t1	VFG007570(gb|WP_021451399)	28.846	104	70	2	4	103	3	106	2.46e-06	45.4
g1014.t1	VFG043015(gb|NP_250150)	35.577	104	63	3	4	103	5	108	2.79e-06	47.4
g1014.t1	VFG013991(gb|WP_011335994)	29.825	114	75	2	4	116	9	118	3.44e-06	47.0
g1014.t1	VFG002532(gb|WP_004198195)	30.275	109	73	1	4	109	5	113	3.44e-06	45.1
g1014.t1	VFG014392(gb|WP_011333047)	30.693	101	69	1	4	103	5	105	3.64e-06	47.0
g1014.t1	VFG042670(gb|WP_006485049)	30.579	121	74	2	4	118	585	701	4.09e-06	47.0
g1014.t1	VFG014389(gb|WP_012051624)	29.703	101	70	1	4	103	5	105	4.80e-06	46.6
g1014.t1	VFG043012(gb|NP_250147)	28.846	104	70	2	4	103	3	106	5.13e-06	44.3
g1014.t1	VFG007573(gb|WP_005420316)	28.846	104	70	2	4	103	7	110	5.36e-06	44.3
g1014.t1	VFG023574(gb|WP_013649086)	25.581	172	111	4	4	167	706	868	5.54e-06	46.6
g1014.t1	VFG007555(gb|WP_005420308)	33.333	114	69	3	4	113	5	115	5.58e-06	46.2
g1014.t1	VFG015680(gb|WP_012273511)	29.703	101	70	1	4	103	5	105	6.50e-06	46.2
g1014.t1	VFG043207(gb|WP_005164481)	35.345	116	61	5	46	149	50	163	6.50e-06	46.2
g1014.t1	VFG015085(gb|WP_011168507)	30.172	116	78	3	1	113	1	116	6.65e-06	45.4
g1014.t1	VFG017806(gb|WP_011990003)	25.806	124	85	5	1	121	1	120	7.14e-06	46.2
g1014.t1	VFG011947(gb|WP_002867162)	25.806	124	85	5	1	121	1	120	7.14e-06	46.2
g1014.t1	VFG015084(gb|WP_002553344)	30.172	116	78	3	1	113	1	116	7.31e-06	45.4
g1014.t1	VFG018054(gb|WP_002892246)	25.806	124	85	5	1	121	1	120	7.34e-06	46.2
g1657.t1	VFG031729(gb|WP_011891085)	38.053	226	137	1	5	227	1	226	7.50e-47	154
g1657.t1	VFG031738(gb|YP_001704775)	38.053	226	137	1	5	227	1	226	1.65e-46	154
g1657.t1	VFG031746(gb|WP_013470606)	37.611	226	138	1	5	227	1	226	2.83e-46	153
g1657.t1	VFG031730(gb|WP_014876914)	38.938	226	135	1	5	227	1	226	3.12e-46	153
g1657.t1	VFG031731(gb|WP_011558087)	37.611	226	138	1	5	227	1	226	4.51e-46	152
g1657.t1	VFG009866(gb|WP_011561679)	40.444	225	131	3	8	230	5	228	5.80e-46	152
g1657.t1	VFG009867(gb|WP_041309847)	40.444	225	131	3	8	230	3	226	6.30e-46	152
g1657.t1	VFG031740(gb|WP_012666330)	37.778	225	138	1	5	227	1	225	6.83e-46	152
g1657.t1	VFG031747(gb|WP_008261205)	37.778	225	138	1	5	227	1	225	9.34e-46	151
g1657.t1	VFG031736(gb|WP_011778105)	37.168	226	139	1	5	227	1	226	1.12e-45	151
g1657.t1	VFG031735(gb|WP_011742113)	37.778	225	138	1	5	227	1	225	1.49e-45	151
g1657.t1	VFG031754(gb|WP_015302569)	37.778	225	138	1	5	227	1	225	1.64e-45	151
g1657.t1	VFG031726(gb|WP_003873718)	37.778	225	138	1	5	227	1	225	1.73e-45	151
g1657.t1	VFG022924(gb|WP_010908722)	42.233	206	116	3	25	228	27	231	2.00e-45	151
g1657.t1	VFG009831(gb|WP_172591973)	42.233	206	116	3	25	228	30	234	2.42e-45	150
g1657.t1	VFG031728(gb|WP_011799110)	37.778	225	138	1	5	227	1	225	2.52e-45	150
g1657.t1	VFG031722(gb|NP_215005)	37.778	225	138	1	5	227	1	225	3.10e-45	150
g1657.t1	VFG009864(gb|WP_041787729)	39.823	226	132	3	8	230	3	227	3.85e-45	150
g1657.t1	VFG031776(gb|WP_015304588)	37.168	226	139	1	5	227	1	226	5.07e-45	150
g1657.t1	VFG027175(gb|YP_005359605)	41.748	206	117	3	25	228	27	231	6.15e-45	149
g1657.t1	VFG001389(gb|NP_215418)	41.748	206	117	3	25	228	30	234	7.77e-45	149
g1657.t1	VFG022919(gb|YP_001701702)	42.233	206	116	3	25	228	27	231	7.97e-45	149
g1657.t1	VFG009863(gb|WP_014878347)	38.667	225	135	3	8	230	3	226	1.61e-44	148
g1657.t1	VFG009829(gb|WP_024637144)	41.748	206	117	3	25	228	30	234	2.31e-44	148
g1657.t1	VFG022918(gb|WP_012396175)	41.748	206	117	3	25	228	30	234	2.78e-44	148
g1657.t1	VFG009859(gb|WP_003872811)	40.000	225	132	3	8	230	3	226	3.57e-44	147
g1657.t1	VFG027208(gb|WP_041181419)	40.000	225	132	3	8	230	3	226	3.81e-44	147
g1657.t1	VFG024176(gb|WP_008253900)	41.748	206	117	3	25	228	30	234	3.92e-44	147
g1657.t1	VFG027180(gb|WP_198345124)	41.748	206	117	3	25	228	30	234	5.30e-44	147
g1657.t1	VFG009865(gb|WP_041307013)	39.823	226	132	3	8	230	3	227	5.30e-44	147
g1657.t1	VFG027172(gb|YP_007957056)	41.262	206	118	3	25	228	30	234	6.72e-44	147
g1657.t1	VFG009834(gb|WP_011892635)	41.262	206	118	3	25	228	25	229	7.50e-44	147
g1657.t1	VFG009832(gb|WP_011738612)	41.748	206	117	3	25	228	30	234	1.05e-43	147
g1657.t1	VFG031744(gb|WP_013827421)	37.333	225	139	1	5	227	1	225	1.20e-43	146
g1657.t1	VFG022941(gb|WP_013827874)	37.555	229	140	3	4	230	1	228	1.47e-43	146
g1657.t1	VFG009857(gb|WP_014588181)	39.556	225	133	3	8	230	3	226	1.78e-43	145
g1657.t1	VFG022934(gb|WP_020726450)	40.351	228	129	4	8	230	3	228	1.90e-43	145
g1657.t1	VFG009835(gb|WP_011782153)	41.262	206	118	3	25	228	27	231	2.07e-43	145
g1657.t1	VFG009836(gb|WP_011857018)	41.262	206	118	3	25	228	27	231	2.54e-43	145
g1657.t1	VFG024189(gb|WP_008254065)	40.000	225	132	3	8	230	3	226	3.19e-43	145
g1657.t1	VFG001390(gb|NP_215496)	39.556	225	133	3	8	230	3	226	3.75e-43	145
g1657.t1	VFG009862(gb|WP_071498255)	40.351	228	129	4	8	230	3	228	3.75e-43	145
g1657.t1	VFG027215(gb|YP_007960876)	39.556	225	133	3	8	230	3	226	5.90e-43	144
g1657.t1	VFG009861(gb|WP_010907575)	39.556	225	133	3	8	230	3	226	6.29e-43	144
g1657.t1	VFG024188(gb|WP_014941347)	39.556	225	133	3	8	230	3	226	8.51e-43	144
g1657.t1	VFG009833(gb|WP_168189073)	40.777	206	119	3	25	228	33	237	9.07e-43	144
g1657.t1	VFG022925(gb|WP_013827765)	41.262	206	118	3	25	228	30	234	9.62e-43	144
g1657.t1	VFG009838(gb|WP_011561825)	40.777	206	119	3	25	228	27	231	1.01e-42	144
g1657.t1	VFG009837(gb|WP_172800613)	40.777	206	119	3	25	228	30	234	1.26e-42	144
g1657.t1	VFG027211(gb|WP_005063392)	39.556	225	133	3	8	230	3	226	1.41e-42	143
g1657.t1	VFG027205(gb|WP_005098722)	39.556	225	133	3	8	230	3	226	1.56e-42	143
g1657.t1	VFG022935(gb|YP_001701820)	39.556	225	133	3	8	230	5	228	1.68e-42	143
g1657.t1	VFG031742(gb|WP_010908899)	41.146	192	111	1	38	227	5	196	1.51e-41	140
g1657.t1	VFG027220(gb|YP_007957122)	38.667	225	135	3	8	230	3	226	3.11e-41	140
g1657.t1	VFG027229(gb|WP_041312672)	40.000	225	132	3	8	230	3	226	4.22e-38	132
g1657.t1	VFG024168(gb|WP_014379067)	35.065	231	145	3	2	229	9	237	1.26e-36	128
g1657.t1	VFG024164(gb|WP_008263800)	35.065	231	145	3	2	229	9	237	1.34e-36	128
g1657.t1	VFG022904(gb|WP_012396471)	35.065	231	145	3	2	229	10	238	3.80e-36	127
g1657.t1	VFG027122(gb|WP_015456166)	34.632	231	146	3	2	229	17	245	3.90e-36	127
g1657.t1	VFG001386(gb|NP_215271)	34.632	231	146	3	2	229	17	245	6.38e-36	127
g1657.t1	VFG022910(gb|WP_013830539)	35.556	225	140	3	8	229	15	237	6.47e-36	127
g1657.t1	VFG022905(gb|YP_001701425)	35.111	225	141	3	8	229	23	245	6.95e-36	127
g1657.t1	VFG009801(gb|WP_010948903)	35.556	225	140	3	8	229	15	237	7.27e-36	126
g1657.t1	VFG009802(gb|WP_003875752)	35.556	225	140	3	8	229	15	237	8.54e-36	126
g1657.t1	VFG009803(gb|WP_011738792)	34.632	231	146	3	2	229	10	238	2.06e-35	125
g1657.t1	VFG009797(gb|WP_012054162)	34.632	231	146	3	2	229	17	245	2.16e-35	125
g1657.t1	VFG009804(gb|WP_011730856)	35.111	225	141	3	8	229	15	237	4.68e-35	124
g1657.t1	VFG009807(gb|WP_011561967)	35.065	231	145	4	2	229	9	237	6.31e-35	124
g1657.t1	VFG027131(gb|WP_015309447)	35.556	225	140	3	8	229	15	237	8.06e-35	124
g1657.t1	VFG027123(gb|YP_007956929)	33.766	231	148	3	2	229	17	245	1.40e-34	123
g1657.t1	VFG009806(gb|WP_036377334)	35.111	225	141	4	8	229	14	236	1.51e-34	123
g1657.t1	VFG004061(gb|WP_001766960)	32.727	220	142	4	8	225	3	218	2.16e-34	122
g1657.t1	VFG000475(gb|NP_460201)	33.333	201	131	2	8	207	4	202	5.22e-34	121
g1657.t1	VFG004063(gb|WP_001537766)	33.333	201	131	2	8	207	3	201	6.94e-34	121
g1657.t1	VFG018395(gb|WP_024131926)	33.333	201	131	2	8	207	3	201	1.16e-33	120
g1657.t1	VFG004064(gb|WP_023234872)	32.836	201	132	2	8	207	3	201	2.18e-33	119
g1657.t1	VFG041842(gb|WP_011136182)	38.914	221	125	6	8	226	3	215	4.81e-33	119
g1657.t1	VFG021089(gb|WP_024131483)	32.836	201	132	2	8	207	3	201	9.82e-33	118
g1657.t1	VFG009805(gb|WP_011892478)	34.222	225	143	4	8	229	14	236	1.01e-32	118
g1657.t1	VFG041119(gb|WP_004528788)	33.624	229	138	3	7	225	9	233	2.42e-31	115
g1657.t1	VFG006826(gb|NP_464902)	33.333	225	147	2	6	228	2	225	3.89e-31	114
g1657.t1	VFG038216(gb|WP_000076440)	31.674	221	149	1	7	225	9	229	7.36e-31	113
g1657.t1	VFG052340(gb|NP_463157.1)	33.784	222	137	4	8	227	3	216	7.04e-29	108
g1657.t1	VFG011626(gb|WP_002965156)	30.603	232	154	2	6	230	8	239	1.44e-27	105
g1657.t1	VFG042127(gb|WP_010913962)	30.000	220	150	3	9	227	4	220	1.84e-24	96.7
g1657.t1	VFG038220(gb|YP_001083790)	33.136	169	111	1	59	225	2	170	2.04e-24	95.5
g1657.t1	VFG006818(gb|NP_465270)	27.354	223	159	2	7	227	3	224	8.44e-24	94.7
g1657.t1	VFG032572(gb|WP_003748279)	26.906	223	160	2	7	227	3	224	1.28e-23	94.4
g1657.t1	VFG006820(gb|WP_003762805)	26.906	223	160	2	7	227	3	224	1.64e-23	94.0
g1657.t1	VFG006821(gb|WP_003729795)	26.906	223	160	2	7	227	3	224	2.08e-23	94.0
g1657.t1	VFG015634(gb|WP_012274551)	32.759	116	75	1	8	120	4	119	2.86e-15	69.7
g1657.t1	VFG014022(gb|WP_003249327)	31.897	116	76	1	8	120	4	119	4.48e-15	68.9
g1657.t1	VFG001226(gb|NP_249100)	33.621	116	74	1	8	120	4	119	7.23e-15	68.6
g1657.t1	VFG014027(gb|WP_003458790)	33.621	116	74	1	8	120	4	119	9.87e-15	68.2
g1657.t1	VFG014025(gb|WP_011064000)	32.759	116	75	1	8	120	4	119	4.64e-14	66.2
g1657.t1	VFG014028(gb|WP_003297216)	32.759	116	75	1	8	120	4	119	7.40e-14	65.9
g1657.t1	VFG014026(gb|WP_011336365)	36.275	102	62	1	8	106	4	105	8.73e-14	65.5
g1657.t1	VFG025917(gb|WP_006482646)	34.426	122	77	1	7	125	4	125	1.75e-13	65.1
g1657.t1	VFG019765(gb|WP_014720320)	30.172	116	78	1	8	120	4	119	2.81e-13	64.3
g1657.t1	VFG042929(gb|WP_012031400)	30.508	118	79	1	6	120	2	119	2.95e-13	64.3
g1657.t1	VFG025915(gb|WP_006477352)	34.426	122	77	1	7	125	4	125	3.12e-13	64.3
g1657.t1	VFG014019(gb|WP_003377196)	31.897	116	76	1	8	120	4	119	3.35e-13	63.9
g1657.t1	VFG015635(gb|WP_012312415)	31.034	116	77	1	8	120	4	119	7.57e-13	63.2
g1657.t1	VFG014021(gb|WP_002551739)	31.034	116	77	1	8	120	4	119	1.45e-12	62.4
g1657.t1	VFG014024(gb|WP_011536047)	31.034	116	77	1	8	120	4	119	1.89e-12	62.0
g1657.t1	VFG050634(gb|WP_000389077.1)	30.508	118	78	2	4	117	5	122	2.53e-12	62.0
g1657.t1	VFG043386(gb|WP_000772151)	27.119	118	81	3	8	120	3	120	2.76e-12	61.6
g1657.t1	VFG014020(gb|WP_011266432)	30.172	116	78	1	8	120	4	119	2.83e-12	61.6
g1657.t1	VFG007486(gb|WP_005457658)	32.743	113	75	1	5	116	3	115	2.84e-12	65.1
g1657.t1	VFG050640(gb|WP_000101096.1)	30.508	118	77	2	8	121	4	120	4.97e-12	60.8
g1657.t1	VFG019760(gb|WP_012722471)	31.818	110	74	1	4	112	1	110	6.41e-12	64.3
g1657.t1	VFG050625(gb|WP_000389061.1)	29.661	118	79	2	4	117	5	122	6.43e-12	60.8
g1657.t1	VFG007488(gb|WP_011150918)	32.743	113	75	1	5	116	3	115	8.31e-12	63.9
g1657.t1	VFG007487(gb|WP_011079832)	32.743	113	75	1	5	116	3	115	8.96e-12	63.9
g1657.t1	VFG050626(gb|YP_001085823.1)	29.464	112	76	1	9	117	1	112	1.11e-11	60.1
g1657.t1	VFG042930(gb|WP_012031401)	28.947	114	78	1	8	118	10	123	1.21e-11	60.1
g1657.t1	VFG013991(gb|WP_011335994)	34.375	128	79	3	2	126	3	128	1.35e-11	63.2
g1657.t1	VFG002525(gb|WP_004185006)	31.200	125	82	2	8	128	7	131	1.78e-11	59.7
g1657.t1	VFG014008(gb|WP_004654414)	28.319	113	78	1	8	117	10	122	2.10e-11	59.7
g1657.t1	VFG014006(gb|WP_002551738)	28.319	113	78	1	8	117	10	122	2.19e-11	59.7
g1657.t1	VFG007484(gb|WP_000079330)	31.858	113	76	1	5	116	3	115	3.23e-11	62.0
g1657.t1	VFG025824(gb|WP_006754880)	30.400	125	83	2	8	128	7	131	3.79e-11	58.9
g1657.t1	VFG014394(gb|WP_041755564)	32.381	105	70	1	4	107	1	105	5.14e-11	61.6
g1657.t1	VFG025826(gb|WP_006485893)	30.400	125	83	2	8	128	7	131	6.70e-11	58.2
g1657.t1	VFG014390(gb|WP_011534911)	36.275	102	64	1	7	107	4	105	7.92e-11	60.8
g1657.t1	VFG043408(gb|WP_000940577)	28.972	107	73	2	4	107	1	107	1.20e-10	57.4
g1657.t1	VFG043345(gb|WP_011946713)	25.641	117	86	1	6	121	2	118	1.51e-10	60.1
g1657.t1	VFG002532(gb|WP_004198195)	34.615	104	65	1	7	107	4	107	1.55e-10	57.0
g1657.t1	VFG014062(gb|WP_004365046)	29.661	118	80	1	8	122	2357	2474	2.14e-10	60.1
g1657.t1	VFG001231(gb|NP_249104)	29.661	118	80	1	8	122	2353	2470	2.16e-10	60.1
g1657.t1	VFG019771(gb|WP_012613502)	29.661	118	80	1	8	122	2353	2470	2.18e-10	60.1
g1657.t1	VFG013992(gb|WP_011921055)	34.646	127	78	2	9	134	7	129	2.41e-10	59.7
g1657.t1	VFG014061(gb|WP_012074001)	29.661	118	80	1	8	122	2339	2456	2.43e-10	60.1
g1657.t1	VFG041872(gb|WP_115610154)	35.200	125	70	6	8	127	14	132	3.38e-10	57.8
g1657.t1	VFG015680(gb|WP_012273511)	32.000	150	94	3	7	155	4	146	3.45e-10	58.9
g1657.t1	VFG015681(gb|WP_012315526)	32.000	150	96	3	7	155	4	148	3.71e-10	58.9
g1657.t1	VFG015770(gb|WP_012269993)	33.099	142	80	4	7	134	2	142	3.82e-10	58.2
g1657.t1	VFG014011(gb|WP_044488517)	28.319	113	78	1	8	117	7	119	5.15e-10	55.8
g1657.t1	VFG019919(gb|WP_015886493)	33.333	138	84	4	7	137	2	138	5.31e-10	57.8
g1657.t1	VFG001225(gb|NP_249099)	27.434	113	79	1	8	117	10	122	5.41e-10	55.8
g1657.t1	VFG013993(gb|WP_026006503)	31.884	138	91	3	1	136	1	137	6.06e-10	58.2
g1657.t1	VFG014012(gb|WP_011064001)	26.230	122	85	2	1	117	1	122	6.11e-10	55.5
g1657.t1	VFG042950(gb|WP_004083584)	28.571	119	80	3	8	122	4	121	6.30e-10	55.5
g1657.t1	VFG014966(gb|WP_007247212)	32.609	138	85	4	7	137	2	138	6.50e-10	57.4
g1657.t1	VFG014004(gb|WP_003148848)	27.434	113	79	1	8	117	10	122	6.56e-10	55.5
g1657.t1	VFG014968(gb|WP_002551374)	33.333	138	84	4	7	137	2	138	6.82e-10	57.4
g1657.t1	VFG014014(gb|WP_003458788)	27.434	113	79	1	8	117	10	122	6.97e-10	55.5
g1657.t1	VFG025927(gb|WP_009906581)	33.654	104	66	1	7	107	4	107	7.33e-10	55.1
g1657.t1	VFG014388(gb|WP_010955091)	34.653	101	65	1	8	107	5	105	7.92e-10	58.2
g1657.t1	VFG014967(gb|WP_003401565)	33.333	138	84	4	7	137	2	138	8.12e-10	57.0
g1657.t1	VFG014389(gb|WP_012051624)	32.000	150	94	3	7	155	4	146	8.22e-10	57.8
g1657.t1	VFG043015(gb|NP_250150)	36.538	104	62	3	8	107	5	108	9.59e-10	57.8
g1657.t1	VFG014015(gb|WP_003282729)	27.434	113	79	1	8	117	10	122	1.17e-09	54.7
g1657.t1	VFG014973(gb|WP_011336516)	38.835	103	59	3	7	106	2	103	1.17e-09	56.6
g1657.t1	VFG038756(gb|WP_011706626)	32.743	113	75	1	5	116	3	115	1.26e-09	57.4
g1657.t1	VFG015072(gb|WP_011169248)	30.612	147	87	4	8	141	669	813	1.32e-09	57.8
g1657.t1	VFG038757(gb|WP_011898552)	32.743	113	75	1	5	116	3	115	1.46e-09	57.4
g1657.t1	VFG014970(gb|WP_003255896)	32.394	142	81	4	7	134	2	142	1.49e-09	56.2
g1657.t1	VFG042915(gb|WP_012030773)	27.273	165	107	4	6	169	2	154	1.51e-09	57.4
g1657.t1	VFG013988(gb|WP_011266589)	31.618	136	85	4	1	133	1	131	1.57e-09	57.0
g1657.t1	VFG014009(gb|WP_010955560)	27.434	113	79	1	8	117	7	119	1.64e-09	54.3
g1657.t1	VFG001214(gb|NP_253237)	33.071	127	80	2	9	134	7	129	1.74e-09	57.0
g1657.t1	VFG019759(gb|WP_003110427)	33.071	127	80	2	9	134	7	129	1.79e-09	57.0
g1657.t1	VFG007489(gb|WP_011262361)	30.973	113	77	1	5	116	3	115	1.79e-09	57.0
g1657.t1	VFG038758(gb|WP_005350684)	32.743	113	75	1	5	116	3	115	1.88e-09	57.0
g1657.t1	VFG013987(gb|WP_011103301)	32.258	124	78	3	1	123	1	119	1.91e-09	57.0
g1657.t1	VFG003357(gb|WP_011191565)	33.333	120	75	3	4	119	1	119	2.31e-09	55.5
g1657.t1	VFG015771(gb|WP_012312202)	37.500	104	61	3	7	107	2	104	2.33e-09	55.8
g1657.t1	VFG002044(gb|WP_010930609)	30.252	119	81	2	4	120	1	119	2.42e-09	55.5
g1657.t1	VFG017283(gb|WP_012105859)	33.333	120	75	3	4	119	1	119	2.45e-09	55.5
g1657.t1	VFG042942(gb|WP_004085459)	28.319	113	78	1	8	117	16	128	2.58e-09	53.9
g1657.t1	VFG015632(gb|WP_012274552)	27.434	113	79	1	8	117	7	119	2.86e-09	53.5
g1657.t1	VFG001746(gb|WP_002209034)	33.333	120	75	3	4	119	1	119	3.00e-09	55.1
g1657.t1	VFG014069(gb|WP_011063997)	30.097	103	69	1	8	107	1850	1952	3.43e-09	56.6
g1657.t1	VFG042670(gb|WP_006485049)	30.189	106	68	1	8	107	585	690	3.51e-09	56.2
g1657.t1	VFG015633(gb|WP_012312414)	27.523	109	76	1	8	113	7	115	4.41e-09	53.1
g1657.t1	VFG013989(gb|WP_011167664)	32.258	124	78	3	1	123	1	119	4.42e-09	55.8
g1657.t1	VFG014013(gb|WP_007953330)	28.440	109	75	1	8	113	10	118	4.49e-09	53.1
g1657.t1	VFG014969(gb|WP_010951571)	32.394	142	81	5	7	134	2	142	4.98e-09	54.7
g1657.t1	VFG019763(gb|WP_003176671)	26.230	122	85	2	1	117	1	122	6.38e-09	52.8
g1657.t1	VFG015068(gb|WP_003156446)	31.532	111	70	1	8	112	667	777	7.15e-09	55.5
g1657.t1	VFG015067(gb|NP_249619)	31.532	111	70	1	8	112	667	777	7.22e-09	55.5
g1657.t1	VFG014071(gb|WP_041772785)	28.155	103	71	1	8	107	2295	2397	7.44e-09	55.5
g1657.t1	VFG043206(gb|WP_005164479)	32.692	104	66	2	8	107	8	111	7.68e-09	52.4
g1657.t1	VFG019828(gb|WP_015885195)	32.031	128	83	2	8	131	5	132	7.74e-09	55.1
g1657.t1	VFG013985(gb|WP_012077306)	32.283	127	81	2	9	134	7	129	8.71e-09	55.1
g1657.t1	VFG043402(gb|YP_002344511)	25.688	109	76	3	7	110	2	110	9.10e-09	52.4
g1657.t1	VFG014068(gb|WP_044488903)	28.155	103	71	1	8	107	1637	1739	9.16e-09	55.1
g1657.t1	VFG041575(gb|WP_012847751)	38.938	113	62	5	7	114	9	119	9.33e-09	53.9
g1657.t1	VFG042669(gb|WP_006485030)	29.245	106	69	1	8	107	606	711	1.07e-08	55.1
g1657.t1	VFG043373(gb|WP_000342347)	28.070	114	76	3	8	116	679	791	1.09e-08	54.7
g1657.t1	VFG019772(gb|WP_015886333)	30.097	103	69	1	8	107	1820	1922	1.12e-08	55.1
g1657.t1	VFG023572(gb|WP_005156725)	32.231	121	75	4	4	119	1	119	1.22e-08	53.5
g1657.t1	VFG015075(gb|WP_011532652)	31.481	108	66	3	8	108	670	776	1.28e-08	54.7
g1657.t1	VFG011120(gb|WP_012417544)	33.019	106	69	2	8	111	4	109	1.32e-08	53.1
g1657.t1	VFG014971(gb|WP_044488561)	39.506	81	46	2	7	84	2	82	1.45e-08	53.5
g1657.t1	VFG014064(gb|WP_011266435)	26.214	103	73	1	8	107	1873	1975	1.61e-08	54.3
g1657.t1	VFG014063(gb|WP_011105280)	26.214	103	73	1	8	107	1868	1970	1.67e-08	54.3
g1657.t1	VFG007550(gb|WP_000985860)	31.579	114	71	4	8	117	5	115	1.83e-08	53.9
g1657.t1	VFG000116(gb|NP_254170)	35.455	110	62	4	2	106	5	110	1.91e-08	53.9
g1657.t1	VFG014072(gb|WP_011914954)	28.155	103	71	1	8	107	2325	2427	1.93e-08	54.3
g1657.t1	VFG014065(gb|WP_011167502)	26.214	103	73	1	8	107	1867	1969	1.96e-08	54.3
g1657.t1	VFG015070(gb|WP_011103673)	30.612	147	87	4	8	141	669	813	2.40e-08	53.9
g1657.t1	VFG015641(gb|WP_012312418)	28.155	103	71	1	8	107	1510	1612	2.52e-08	53.9
g1657.t1	VFG015076(gb|WP_011062714)	28.972	107	70	1	8	108	669	775	2.64e-08	53.9
g1657.t1	VFG015079(gb|WP_185745811)	28.972	107	70	1	8	108	670	776	2.64e-08	53.9
g1657.t1	VFG019942(gb|WP_012724914)	27.737	137	92	2	8	137	669	805	2.71e-08	53.5
g1657.t1	VFG020690(gb|WP_000666336)	33.333	111	71	3	7	114	5	115	2.90e-08	52.4
g1657.t1	VFG013990(gb|WP_011063538)	31.667	120	81	1	5	123	4	123	2.91e-08	53.1
g1657.t1	VFG015071(gb|WP_011268595)	29.655	145	91	3	8	141	669	813	3.00e-08	53.5
g1657.t1	VFG007571(gb|WP_017052487)	30.476	105	69	2	7	107	2	106	3.10e-08	50.4
g1657.t1	VFG007568(gb|WP_000697869)	30.476	105	69	2	7	107	2	106	3.10e-08	50.4
g1657.t1	VFG041873(gb|WP_080509010)	29.060	117	77	1	8	118	704	820	3.12e-08	53.5
g1657.t1	VFG043012(gb|NP_250147)	30.556	108	71	2	7	110	2	109	3.33e-08	50.4
g1657.t1	VFG038713(gb|WP_005353666)	28.477	151	86	5	8	138	5	153	4.33e-08	52.8
g1657.t1	VFG015077(gb|WP_041475601)	28.037	107	71	1	8	108	669	775	4.47e-08	53.1
g1657.t1	VFG014392(gb|WP_011333047)	32.886	149	94	3	8	155	5	148	4.62e-08	52.8
g1657.t1	VFG014975(gb|WP_013981629)	35.922	103	62	3	7	106	2	103	4.69e-08	52.0
g1657.t1	VFG007570(gb|WP_021451399)	30.476	105	69	2	7	107	2	106	5.07e-08	50.1
g1657.t1	VFG014066(gb|WP_010955557)	27.184	103	72	1	8	107	1527	1629	5.84e-08	52.8
g1657.t1	VFG015640(gb|WP_012274548)	27.184	103	72	1	8	107	1528	1630	5.90e-08	52.8
g1657.t1	VFG014067(gb|WP_012053912)	27.184	103	72	1	8	107	1527	1629	5.95e-08	52.8
g1657.t1	VFG043089(gb|WP_000763867)	29.730	111	74	2	1	107	1	111	7.22e-08	49.7
g1657.t1	VFG010911(gb|WP_011947563)	30.081	123	79	3	8	127	4	122	7.22e-08	51.2
g1657.t1	VFG025839(gb|WP_012492268)	31.624	117	74	4	1	111	1	117	7.46e-08	52.0
g1657.t1	VFG001889(gb|WP_011216518)	30.081	123	79	3	8	127	4	122	7.72e-08	51.2
g1657.t1	VFG014070(gb|WP_011336362)	27.184	103	72	1	8	107	1852	1954	9.15e-08	52.4
g1657.t1	VFG007552(gb|WP_005479477)	30.702	114	72	4	8	117	5	115	9.87e-08	51.6
g1657.t1	VFG000119(gb|NP_253948)	31.884	138	86	4	7	137	2	138	1.05e-07	51.2
g1657.t1	VFG043037(gb|NP_460873)	29.808	104	69	2	8	107	8	111	1.09e-07	49.3
g1657.t1	VFG042008(gb|WP_011004150)	30.000	110	76	1	78	186	75	184	1.09e-07	50.8
g1657.t1	VFG015782(gb|WP_012270935)	31.858	113	69	3	3	108	665	776	1.09e-07	52.0
g1657.t1	VFG014972(gb|WP_011064176)	32.540	126	74	4	7	129	2	119	1.17e-07	50.8
g1657.t1	VFG015078(gb|WP_012018243)	28.972	107	70	1	8	108	668	774	1.24e-07	51.6
g1657.t1	VFG006846(gb|NP_464218)	28.155	103	72	2	7	107	3	105	1.41e-07	48.5
g1657.t1	VFG032760(gb|WP_003746076)	28.155	103	72	2	7	107	3	105	1.46e-07	48.5
g1657.t1	VFG003820(gb|WP_000666334)	32.432	111	72	3	7	114	5	115	1.69e-07	50.1
g1657.t1	VFG000492(gb|NP_460356)	32.432	111	72	3	7	114	5	115	1.83e-07	50.1
g1657.t1	VFG007554(gb|WP_011150906)	30.702	114	72	4	8	117	5	115	1.89e-07	50.8
g1657.t1	VFG009891(gb|WP_011740390)	35.135	111	65	3	7	112	3	111	1.91e-07	50.1
g1657.t1	VFG014974(gb|WP_003242397)	34.951	103	63	3	7	106	2	103	1.91e-07	50.4
g1657.t1	VFG007553(gb|WP_011079855)	30.702	114	72	4	8	117	5	115	2.04e-07	50.8
g1657.t1	VFG014385(gb|WP_011103783)	31.884	138	91	3	7	142	4	140	2.20e-07	50.8
g1657.t1	VFG001249(gb|NP_249790)	28.105	153	104	3	4	155	1	148	2.25e-07	50.8
g1657.t1	VFG043394(gb|YP_002343725)	25.439	114	79	3	8	116	649	761	2.25e-07	50.8
g1657.t1	VFG014386(gb|WP_011268444)	33.333	111	73	1	7	116	4	114	2.31e-07	50.8
g1657.t1	VFG007573(gb|WP_005420316)	30.476	105	69	2	7	107	6	110	2.44e-07	48.1
g1657.t1	VFG042743(gb|NP_252986)	34.513	113	67	3	7	113	10	121	2.50e-07	50.1
g1657.t1	VFG014387(gb|WP_004664453)	33.333	111	73	1	7	116	4	114	2.83e-07	50.4
g1657.t1	VFG025837(gb|WP_011546709)	31.193	109	70	3	8	111	6	114	2.88e-07	50.1
g1657.t1	VFG014964(gb|WP_003157680)	34.951	103	63	3	7	106	2	103	2.90e-07	49.7
g1657.t1	VFG017284(gb|WP_012105858)	28.736	174	105	5	5	170	693	855	3.35e-07	50.4
g1657.t1	VFG001747(gb|WP_002209035)	28.736	174	105	5	5	170	693	855	3.51e-07	50.4
g1657.t1	VFG015783(gb|WP_012313127)	27.273	143	89	3	3	139	666	799	3.69e-07	50.4
g1657.t1	VFG025849(gb|WP_009910098)	30.702	114	74	3	3	111	2	115	4.23e-07	49.7
g1657.t1	VFG043038(gb|NP_460874)	31.193	109	70	3	8	111	6	114	4.52e-07	49.7
g1657.t1	VFG002526(gb|WP_004198645)	30.702	114	74	3	3	111	2	115	4.77e-07	49.7
g1657.t1	VFG038712(gb|WP_005319287)	29.808	104	69	2	8	107	5	108	4.87e-07	49.7
g1657.t1	VFG041577(gb|WP_012847750)	29.524	105	68	1	8	106	684	788	5.00e-07	50.1
g1657.t1	VFG045728(gb|WP_003635449)	30.081	123	79	3	8	127	4	122	5.18e-07	48.9
g1657.t1	VFG003358(gb|WP_011191566)	28.736	174	105	5	5	170	693	855	6.68e-07	49.7
g1657.t1	VFG018953(gb|WP_012304703)	28.736	174	105	5	5	170	693	855	6.74e-07	49.7
g1657.t1	VFG038710(gb|WP_011705291)	26.923	156	92	5	8	143	5	158	7.59e-07	48.9
g1657.t1	VFG027258(gb|WP_015291223)	35.922	103	59	3	8	105	4	104	9.57e-07	48.1
g1657.t1	VFG050696(gb|WP_000840549.1)	28.037	107	76	1	1	106	1	107	1.04e-06	48.5
g1657.t1	VFG007555(gb|WP_005420308)	29.825	114	73	4	8	117	5	115	1.05e-06	48.5
g1657.t1	VFG001824(gb|NP_217649)	35.922	103	59	3	8	105	4	104	1.05e-06	47.8
g1657.t1	VFG050705(gb|WP_000840555.1)	28.037	107	76	1	1	106	1	107	1.08e-06	48.5
g1657.t1	VFG027270(gb|YP_007959134)	34.545	110	65	3	8	112	4	111	1.08e-06	47.8
g1657.t1	VFG050703(gb|WP_000840547.1)	28.037	107	76	1	1	106	1	107	1.09e-06	48.5
g1657.t1	VFG038711(gb|WP_016350060)	29.808	104	69	2	8	107	5	108	1.14e-06	48.5
g1657.t1	VFG050699(gb|WP_000840548.1)	28.037	107	76	1	1	106	1	107	1.15e-06	48.5
g1657.t1	VFG027265(gb|YP_007963009)	35.922	103	59	3	8	105	4	104	1.17e-06	47.8
g1657.t1	VFG014383(gb|WP_012076712)	28.105	153	104	3	4	155	1	148	1.18e-06	48.5
g1657.t1	VFG038700(gb|WP_005319295)	28.571	105	71	2	7	107	6	110	1.35e-06	46.2
g1657.t1	VFG038701(gb|WP_013723552)	28.571	105	71	2	7	107	6	110	1.46e-06	46.2
g1657.t1	VFG038699(gb|WP_010634617)	28.571	105	71	2	7	107	6	110	1.60e-06	45.8
g1657.t1	VFG022956(gb|WP_013829907)	35.577	104	60	3	7	105	3	104	1.84e-06	47.0
g1657.t1	VFG022951(gb|YP_001704619)	30.508	118	75	4	7	119	3	118	1.86e-06	47.0
g1657.t1	VFG027255(gb|WP_005061475)	30.508	118	75	4	7	119	3	118	2.11e-06	47.0
g1657.t1	VFG014393(gb|WP_012019025)	29.524	105	73	1	4	107	1	105	2.22e-06	47.8
g1657.t1	VFG015084(gb|WP_002553344)	28.448	116	80	3	8	120	4	119	2.90e-06	46.6
g1657.t1	VFG015085(gb|WP_011168507)	28.448	116	80	3	8	120	4	119	3.40e-06	46.2
g1657.t1	VFG043090(gb|WP_000036413)	30.275	109	71	3	8	111	6	114	3.42e-06	47.0
g1657.t1	VFG015073(gb|WP_010952710)	28.037	107	71	1	8	108	670	776	3.73e-06	47.4
g1657.t1	VFG009899(gb|WP_179967853)	32.759	116	71	4	7	117	2	115	3.88e-06	46.2
g1657.t1	VFG015074(gb|WP_012053464)	28.037	107	71	1	8	108	670	776	4.20e-06	47.0
g1657.t1	VFG009890(gb|WP_009978588)	34.653	101	63	3	8	105	4	104	4.23e-06	46.2
g1657.t1	VFG015089(gb|WP_011061841)	28.448	116	80	3	8	120	4	119	4.32e-06	45.8
g1657.t1	VFG009889(gb|WP_003874670)	34.653	101	63	2	8	105	4	104	4.65e-06	45.8
g1657.t1	VFG015083(gb|WP_005737926)	27.586	116	81	3	8	120	4	119	4.70e-06	45.8
g1657.t1	VFG009897(gb|WP_011558491)	32.759	116	71	4	7	117	15	128	4.92e-06	45.8
g1657.t1	VFG024201(gb|WP_008259378)	34.545	110	65	3	8	112	4	111	5.81e-06	45.8
g1657.t1	VFG043207(gb|WP_005164481)	28.030	132	86	5	8	130	6	137	5.89e-06	46.2
g1657.t1	VFG023574(gb|WP_013649086)	30.645	124	74	3	7	122	705	824	7.35e-06	46.2
g1657.t1	VFG024200(gb|WP_008262428)	33.333	117	74	3	7	121	9	123	9.01e-06	45.1
g653.t1	VFG022941(gb|WP_013827874)	40.090	222	130	3	2	221	3	223	1.73e-47	156
g653.t1	VFG009857(gb|WP_014588181)	40.455	220	128	3	4	221	3	221	1.46e-46	153
g653.t1	VFG027208(gb|WP_041181419)	40.455	220	128	3	4	221	3	221	1.84e-46	153
g653.t1	VFG001390(gb|NP_215496)	40.455	220	128	3	4	221	3	221	2.14e-46	153
g653.t1	VFG027215(gb|YP_007960876)	40.455	220	128	3	4	221	3	221	3.19e-46	152
g653.t1	VFG031746(gb|WP_013470606)	37.611	226	138	1	1	223	1	226	2.40e-45	150
g653.t1	VFG009863(gb|WP_014878347)	40.807	223	123	6	4	221	3	221	2.98e-45	150
g653.t1	VFG031740(gb|WP_012666330)	38.158	228	133	3	1	223	1	225	3.23e-45	150
g653.t1	VFG031729(gb|WP_011891085)	37.611	226	138	1	1	223	1	226	3.78e-45	150
g653.t1	VFG009867(gb|WP_041309847)	39.545	220	130	3	4	221	3	221	4.64e-45	149
g653.t1	VFG031776(gb|WP_015304588)	38.428	229	132	3	1	223	1	226	4.90e-45	149
g653.t1	VFG031747(gb|WP_008261205)	38.158	228	133	3	1	223	1	225	5.14e-45	149
g653.t1	VFG009859(gb|WP_003872811)	40.000	220	129	3	4	221	3	221	5.46e-45	149
g653.t1	VFG009866(gb|WP_011561679)	39.545	220	130	3	4	221	5	223	5.59e-45	149
g653.t1	VFG031735(gb|WP_011742113)	38.158	228	133	3	1	223	1	225	6.17e-45	149
g653.t1	VFG031754(gb|WP_015302569)	38.158	228	133	3	1	223	1	225	7.34e-45	149
g653.t1	VFG031728(gb|WP_011799110)	38.158	228	133	3	1	223	1	225	7.75e-45	149
g653.t1	VFG031726(gb|WP_003873718)	38.158	228	133	3	1	223	1	225	7.83e-45	149
g653.t1	VFG009865(gb|WP_041307013)	39.367	221	130	3	4	221	3	222	9.03e-45	149
g653.t1	VFG009864(gb|WP_041787729)	39.462	223	127	4	4	221	3	222	9.63e-45	149
g653.t1	VFG031722(gb|NP_215005)	38.158	228	133	3	1	223	1	225	1.00e-44	149
g653.t1	VFG031736(gb|WP_011778105)	37.991	229	133	3	1	223	1	226	1.10e-44	149
g653.t1	VFG031738(gb|YP_001704775)	38.428	229	132	3	1	223	1	226	1.18e-44	149
g653.t1	VFG027211(gb|WP_005063392)	40.000	220	129	3	4	221	3	221	1.52e-44	148
g653.t1	VFG022935(gb|YP_001701820)	40.000	220	129	3	4	221	5	223	1.79e-44	148
g653.t1	VFG024189(gb|WP_008254065)	39.545	220	130	3	4	221	3	221	2.17e-44	148
g653.t1	VFG024188(gb|WP_014941347)	39.545	220	130	3	4	221	3	221	2.22e-44	148
g653.t1	VFG027205(gb|WP_005098722)	40.000	220	129	3	4	221	3	221	3.04e-44	147
g653.t1	VFG027220(gb|YP_007957122)	39.545	220	130	3	4	221	3	221	3.73e-44	147
g653.t1	VFG031744(gb|WP_013827421)	38.158	228	133	3	1	223	1	225	6.50e-44	147
g653.t1	VFG031730(gb|WP_014876914)	37.991	229	133	3	1	223	1	226	1.60e-43	145
g653.t1	VFG031731(gb|WP_011558087)	36.842	228	137	2	1	223	1	226	1.78e-43	145
g653.t1	VFG009861(gb|WP_010907575)	39.545	220	130	3	4	221	3	221	4.92e-43	144
g653.t1	VFG022934(gb|WP_020726450)	39.189	222	130	4	4	221	3	223	6.31e-43	144
g653.t1	VFG009862(gb|WP_071498255)	39.189	222	130	4	4	221	3	223	9.40e-43	144
g653.t1	VFG041119(gb|WP_004528788)	38.235	238	129	5	1	223	1	235	2.69e-42	143
g653.t1	VFG027229(gb|WP_041312672)	39.545	220	130	3	4	221	3	221	7.46e-40	136
g653.t1	VFG004061(gb|WP_001766960)	36.937	222	134	4	4	223	3	220	1.18e-39	135
g653.t1	VFG000475(gb|NP_460201)	36.444	225	137	4	1	223	1	221	1.65e-39	135
g653.t1	VFG004063(gb|WP_001537766)	36.486	222	135	4	4	223	3	220	8.81e-39	133
g653.t1	VFG018395(gb|WP_024131926)	36.486	222	135	4	4	223	3	220	1.52e-38	133
g653.t1	VFG031742(gb|WP_010908899)	38.547	179	108	1	47	223	18	196	2.71e-38	131
g653.t1	VFG004064(gb|WP_023234872)	36.036	222	136	4	4	223	3	220	3.20e-38	132
g653.t1	VFG021089(gb|WP_024131483)	36.036	222	136	4	4	223	3	220	1.44e-37	130
g653.t1	VFG022905(gb|YP_001701425)	35.586	222	138	3	3	221	22	241	9.77e-36	126
g653.t1	VFG009832(gb|WP_011738612)	38.191	199	120	3	25	221	34	231	1.84e-35	125
g653.t1	VFG009835(gb|WP_011782153)	37.688	199	121	3	25	221	31	228	3.21e-35	124
g653.t1	VFG006826(gb|NP_464902)	35.874	223	140	2	1	221	1	222	3.95e-35	124
g653.t1	VFG022924(gb|WP_010908722)	37.688	199	121	3	25	221	31	228	5.03e-35	124
g653.t1	VFG009831(gb|WP_172591973)	37.688	199	121	3	25	221	34	231	6.11e-35	124
g653.t1	VFG009834(gb|WP_011892635)	37.186	199	122	3	25	221	29	226	7.03e-35	124
g653.t1	VFG009829(gb|WP_024637144)	37.688	199	121	3	25	221	34	231	8.60e-35	123
g653.t1	VFG022918(gb|WP_012396175)	37.688	199	121	3	25	221	34	231	1.04e-34	123
g653.t1	VFG009836(gb|WP_011857018)	37.688	199	121	3	25	221	31	228	1.15e-34	123
g653.t1	VFG009833(gb|WP_168189073)	37.688	199	121	3	25	221	37	234	1.67e-34	123
g653.t1	VFG009838(gb|WP_011561825)	37.688	199	121	3	25	221	31	228	1.92e-34	122
g653.t1	VFG009837(gb|WP_172800613)	37.688	199	121	3	25	221	34	231	2.30e-34	122
g653.t1	VFG027180(gb|WP_198345124)	37.688	199	121	3	25	221	34	231	2.59e-34	122
g653.t1	VFG024176(gb|WP_008253900)	37.688	199	121	3	25	221	34	231	3.41e-34	122
g653.t1	VFG027175(gb|YP_005359605)	37.186	199	122	3	25	221	31	228	5.18e-34	121
g653.t1	VFG001389(gb|NP_215418)	37.186	199	122	3	25	221	34	231	5.52e-34	121
g653.t1	VFG022919(gb|YP_001701702)	37.186	199	122	3	25	221	31	228	5.83e-34	121
g653.t1	VFG024168(gb|WP_014379067)	35.135	222	137	4	4	221	15	233	1.86e-33	120
g653.t1	VFG024164(gb|WP_008263800)	35.135	222	137	4	4	221	15	233	1.94e-33	120
g653.t1	VFG001386(gb|NP_215271)	34.842	221	139	3	4	221	23	241	3.15e-33	120
g653.t1	VFG027122(gb|WP_015456166)	34.842	221	139	3	4	221	23	241	3.54e-33	119
g653.t1	VFG027172(gb|YP_007957056)	36.683	199	123	3	25	221	34	231	3.77e-33	119
g653.t1	VFG027123(gb|YP_007956929)	34.842	221	139	3	4	221	23	241	4.15e-33	119
g653.t1	VFG022925(gb|WP_013827765)	38.191	199	120	3	25	221	34	231	6.93e-33	118
g653.t1	VFG022904(gb|WP_012396471)	34.234	222	139	4	4	221	16	234	9.66e-33	118
g653.t1	VFG009797(gb|WP_012054162)	34.842	221	139	3	4	221	23	241	9.94e-33	118
g653.t1	VFG009802(gb|WP_003875752)	34.685	222	138	4	4	221	15	233	1.30e-32	118
g653.t1	VFG009804(gb|WP_011730856)	33.937	221	141	3	4	221	15	233	1.40e-32	118
g653.t1	VFG009807(gb|WP_011561967)	34.389	221	140	3	4	221	15	233	1.85e-32	117
g653.t1	VFG009805(gb|WP_011892478)	34.842	221	139	3	4	221	14	232	2.30e-32	117
g653.t1	VFG009803(gb|WP_011738792)	34.529	223	137	5	4	221	16	234	2.36e-32	117
g653.t1	VFG009801(gb|WP_010948903)	34.685	222	138	4	4	221	15	233	3.28e-32	117
g653.t1	VFG022910(gb|WP_013830539)	33.484	221	142	3	4	221	15	233	3.77e-32	117
g653.t1	VFG009806(gb|WP_036377334)	34.842	221	139	3	4	221	14	232	4.50e-32	116
g653.t1	VFG027131(gb|WP_015309447)	33.484	221	142	3	4	221	15	233	9.22e-32	115
g653.t1	VFG038216(gb|WP_000076440)	29.075	227	157	2	1	224	7	232	8.08e-30	110
g653.t1	VFG041842(gb|WP_011136182)	34.842	221	136	3	4	223	3	216	1.31e-29	109
g653.t1	VFG052340(gb|NP_463157.1)	32.432	222	142	3	4	224	3	217	2.16e-29	109
g653.t1	VFG006818(gb|NP_465270)	28.571	224	155	3	1	221	1	222	6.63e-26	100
g653.t1	VFG006821(gb|WP_003729795)	28.571	224	155	3	1	221	1	222	9.40e-26	99.8
g653.t1	VFG006820(gb|WP_003762805)	28.125	224	156	3	1	221	1	222	1.68e-25	99.4
g653.t1	VFG032572(gb|WP_003748279)	28.125	224	156	3	1	221	1	222	3.00e-25	98.6
g653.t1	VFG042127(gb|WP_010913962)	29.817	218	149	3	5	221	4	218	3.01e-23	93.2
g653.t1	VFG011626(gb|WP_002965156)	29.787	235	144	4	3	223	9	236	4.59e-22	90.5
g653.t1	VFG038220(gb|YP_001083790)	28.902	173	119	2	55	224	2	173	3.71e-21	86.7
g653.t1	VFG014024(gb|WP_011536047)	36.975	119	72	1	1	116	1	119	9.31e-15	68.2
g653.t1	VFG001226(gb|NP_249100)	36.792	106	64	1	1	103	1	106	4.13e-14	66.2
g653.t1	VFG041872(gb|WP_115610154)	39.844	128	56	4	4	119	14	132	1.67e-13	67.0
g653.t1	VFG015634(gb|WP_012274551)	36.134	119	73	1	1	116	1	119	2.08e-13	64.7
g653.t1	VFG014027(gb|WP_003458790)	35.849	106	65	1	1	103	1	106	2.59e-13	64.3
g653.t1	VFG014028(gb|WP_003297216)	35.294	119	74	1	1	116	1	119	3.09e-13	63.9
g653.t1	VFG014022(gb|WP_003249327)	36.134	119	73	1	1	116	1	119	3.15e-13	63.9
g653.t1	VFG019765(gb|WP_014720320)	34.454	119	75	1	1	116	1	119	3.49e-13	63.9
g653.t1	VFG050625(gb|WP_000389061.1)	31.148	122	77	2	4	122	10	127	6.38e-13	63.5
g653.t1	VFG050634(gb|WP_000389077.1)	31.148	122	77	2	4	122	10	127	7.15e-13	63.2
g653.t1	VFG014025(gb|WP_011064000)	34.906	106	66	1	1	103	1	106	8.16e-13	62.8
g653.t1	VFG014026(gb|WP_011336365)	34.906	106	66	1	1	103	1	106	1.50e-12	62.4
g653.t1	VFG050626(gb|YP_001085823.1)	30.579	121	77	2	5	122	1	117	2.18e-12	61.6
g653.t1	VFG042929(gb|WP_012031400)	31.429	105	69	1	1	102	1	105	4.15e-12	60.8
g653.t1	VFG014019(gb|WP_003377196)	33.613	119	76	1	1	116	1	119	4.25e-12	60.8
g653.t1	VFG042915(gb|WP_012030773)	30.769	117	80	1	1	116	1	117	7.43e-12	63.9
g653.t1	VFG014021(gb|WP_002551739)	32.773	119	77	1	1	116	1	119	1.04e-11	60.1
g653.t1	VFG007484(gb|WP_000079330)	30.769	104	71	1	2	104	4	107	1.35e-11	63.2
g653.t1	VFG041575(gb|WP_012847751)	42.157	102	56	3	3	101	9	110	1.60e-11	61.6
g653.t1	VFG007486(gb|WP_005457658)	29.808	104	72	1	2	104	4	107	1.66e-11	62.8
g653.t1	VFG050699(gb|WP_000840548.1)	33.333	117	77	1	4	119	8	124	1.73e-11	62.8
g653.t1	VFG050703(gb|WP_000840547.1)	33.333	117	77	1	4	119	8	124	2.11e-11	62.4
g653.t1	VFG050696(gb|WP_000840549.1)	33.333	117	77	1	4	119	8	124	2.15e-11	62.4
g653.t1	VFG050705(gb|WP_000840555.1)	33.333	117	77	1	4	119	8	124	2.23e-11	62.4
g653.t1	VFG014020(gb|WP_011266432)	31.933	119	78	1	1	116	1	119	2.67e-11	58.9
g653.t1	VFG043206(gb|WP_005164479)	32.743	113	72	2	5	113	9	121	5.03e-11	58.2
g653.t1	VFG007488(gb|WP_011150918)	29.808	104	72	1	2	104	4	107	5.60e-11	61.2
g653.t1	VFG007487(gb|WP_011079832)	29.808	104	72	1	2	104	4	107	5.76e-11	61.2
g653.t1	VFG007489(gb|WP_011262361)	30.769	104	71	1	2	104	4	107	9.52e-11	60.5
g653.t1	VFG002525(gb|WP_004185006)	31.707	123	80	2	4	122	7	129	1.58e-10	57.0
g653.t1	VFG042930(gb|WP_012031401)	31.304	115	76	1	3	114	9	123	1.76e-10	57.0
g653.t1	VFG014008(gb|WP_004654414)	29.825	114	77	1	3	113	9	122	2.47e-10	56.6
g653.t1	VFG043037(gb|NP_460873)	32.743	113	72	2	5	113	9	121	2.60e-10	56.2
g653.t1	VFG013989(gb|WP_011167664)	32.308	130	75	5	3	127	6	127	2.63e-10	59.3
g653.t1	VFG013991(gb|WP_011335994)	31.783	129	87	1	3	130	8	136	2.96e-10	59.3
g653.t1	VFG015635(gb|WP_012312415)	31.933	119	78	1	1	116	1	119	3.04e-10	55.8
g653.t1	VFG014006(gb|WP_002551738)	29.825	114	77	1	3	113	9	122	3.15e-10	56.2
g653.t1	VFG025917(gb|WP_006482646)	33.333	123	78	2	3	122	4	125	3.41e-10	55.8
g653.t1	VFG013993(gb|WP_026006503)	31.343	134	91	1	3	135	6	139	3.42e-10	58.9
g653.t1	VFG043089(gb|WP_000763867)	31.858	113	73	2	5	113	9	121	3.56e-10	55.8
g653.t1	VFG013990(gb|WP_011063538)	30.851	188	115	7	3	185	6	183	4.05e-10	58.9
g653.t1	VFG020690(gb|WP_000666336)	36.275	102	54	3	24	123	37	129	4.15e-10	57.4
g653.t1	VFG043015(gb|NP_250150)	37.143	105	62	3	3	103	4	108	4.54e-10	58.5
g653.t1	VFG025824(gb|WP_006754880)	30.894	123	81	2	4	122	7	129	4.87e-10	55.8
g653.t1	VFG013985(gb|WP_012077306)	36.667	120	72	4	3	119	5	123	4.89e-10	58.5
g653.t1	VFG003357(gb|WP_011191565)	31.884	138	72	4	2	126	3	131	5.67e-10	57.0
g653.t1	VFG017283(gb|WP_012105859)	31.884	138	72	4	2	126	3	131	6.57e-10	57.0
g653.t1	VFG025915(gb|WP_006477352)	33.333	123	78	2	3	122	4	125	6.67e-10	55.1
g653.t1	VFG025826(gb|WP_006485893)	30.894	123	81	2	4	122	7	129	7.02e-10	55.5
g653.t1	VFG001746(gb|WP_002209034)	31.884	138	72	4	2	126	3	131	7.18e-10	56.6
g653.t1	VFG038758(gb|WP_005350684)	35.294	102	63	3	4	103	6	106	8.12e-10	57.8
g653.t1	VFG001214(gb|NP_253237)	35.897	117	72	3	3	117	5	120	8.25e-10	57.8
g653.t1	VFG019760(gb|WP_012722471)	30.370	135	77	2	3	120	4	138	9.24e-10	57.8
g653.t1	VFG019759(gb|WP_003110427)	35.897	117	72	3	3	117	5	120	9.32e-10	57.8
g653.t1	VFG042950(gb|WP_004083584)	27.928	111	77	1	1	108	1	111	9.32e-10	54.7
g653.t1	VFG038757(gb|WP_011898552)	32.673	101	67	1	4	103	6	106	1.05e-09	57.4
g653.t1	VFG013992(gb|WP_011921055)	35.345	116	72	3	4	117	6	120	1.07e-09	57.4
g653.t1	VFG014072(gb|WP_011914954)	28.571	105	72	1	2	103	2323	2427	1.19e-09	57.8
g653.t1	VFG043345(gb|WP_011946713)	26.718	131	95	1	1	130	1	131	1.23e-09	57.4
g653.t1	VFG043386(gb|WP_000772151)	28.814	118	79	3	4	116	3	120	1.36e-09	54.3
g653.t1	VFG043373(gb|WP_000342347)	27.619	105	71	2	4	103	679	783	1.75e-09	57.0
g653.t1	VFG038756(gb|WP_011706626)	30.693	101	69	1	4	103	6	106	1.76e-09	57.0
g653.t1	VFG001225(gb|NP_249099)	30.081	123	79	2	3	122	9	127	1.95e-09	54.3
g653.t1	VFG014012(gb|WP_011064001)	28.070	114	79	1	3	113	9	122	1.95e-09	54.3
g653.t1	VFG014014(gb|WP_003458788)	29.825	114	77	1	3	113	9	122	2.15e-09	53.9
g653.t1	VFG013988(gb|WP_011266589)	32.540	126	76	4	3	123	6	127	2.22e-09	56.6
g653.t1	VFG014013(gb|WP_007953330)	31.193	109	72	1	3	108	9	117	2.38e-09	53.9
g653.t1	VFG014004(gb|WP_003148848)	30.081	123	79	2	3	122	9	127	2.45e-09	53.9
g653.t1	VFG000492(gb|NP_460356)	35.294	102	55	3	24	123	37	129	2.84e-09	55.1
g653.t1	VFG003820(gb|WP_000666334)	35.294	102	55	3	24	123	37	129	2.99e-09	55.1
g653.t1	VFG015077(gb|WP_041475601)	29.630	108	70	1	3	104	668	775	3.06e-09	56.2
g653.t1	VFG014015(gb|WP_003282729)	29.825	114	77	1	3	113	9	122	3.78e-09	53.5
g653.t1	VFG042942(gb|WP_004085459)	30.088	113	76	1	4	113	16	128	4.34e-09	53.1
g653.t1	VFG018489(gb|WP_000666339)	31.579	133	69	4	4	123	6	129	5.42e-09	54.3
g653.t1	VFG015076(gb|WP_011062714)	30.841	107	68	1	4	104	669	775	6.87e-09	55.5
g653.t1	VFG043394(gb|YP_002343725)	26.050	119	83	2	4	117	649	767	7.35e-09	55.1
g653.t1	VFG019942(gb|WP_012724914)	31.776	107	67	1	4	104	669	775	8.58e-09	55.1
g653.t1	VFG015089(gb|WP_011061841)	33.582	134	84	5	1	129	1	134	8.65e-09	53.9
g653.t1	VFG019763(gb|WP_003176671)	28.099	121	84	1	4	121	10	130	1.13e-08	52.0
g653.t1	VFG014065(gb|WP_011167502)	29.126	103	70	1	4	103	1867	1969	1.31e-08	54.7
g653.t1	VFG007550(gb|WP_000985860)	32.381	105	67	3	3	103	4	108	1.38e-08	53.9
g653.t1	VFG014064(gb|WP_011266435)	29.126	103	70	1	4	103	1873	1975	1.40e-08	54.7
g653.t1	VFG015633(gb|WP_012312414)	32.110	109	71	1	3	108	6	114	1.69e-08	51.6
g653.t1	VFG010911(gb|WP_011947563)	33.621	116	74	2	1	113	1	116	1.72e-08	52.8
g653.t1	VFG050640(gb|WP_000101096.1)	29.245	106	72	1	1	103	1	106	1.74e-08	51.2
g653.t1	VFG015075(gb|WP_011532652)	30.275	109	68	3	3	104	669	776	1.91e-08	53.9
g653.t1	VFG001889(gb|WP_011216518)	33.621	116	74	2	1	113	1	116	1.96e-08	52.8
g653.t1	VFG014070(gb|WP_011336362)	26.667	120	85	1	4	120	1852	1971	2.03e-08	53.9
g653.t1	VFG015681(gb|WP_012315526)	36.585	123	71	5	1	121	2	119	2.03e-08	53.5
g653.t1	VFG011949(gb|WP_011732213)	31.304	115	69	4	3	113	2	110	2.11e-08	53.5
g653.t1	VFG007552(gb|WP_005479477)	30.986	142	79	5	3	125	4	145	2.28e-08	53.5
g653.t1	VFG022951(gb|YP_001704619)	29.060	117	80	2	1	114	1	117	2.45e-08	52.4
g653.t1	VFG014009(gb|WP_010955560)	30.328	122	82	1	3	121	6	127	2.48e-08	51.2
g653.t1	VFG027255(gb|WP_005061475)	29.060	117	80	2	1	114	1	117	2.70e-08	52.4
g653.t1	VFG013987(gb|WP_011103301)	28.926	121	85	1	3	122	6	126	2.99e-08	53.1
g653.t1	VFG014063(gb|WP_011105280)	29.126	103	70	1	4	103	1868	1970	3.05e-08	53.5
g653.t1	VFG019771(gb|WP_012613502)	26.050	119	85	1	4	119	2353	2471	3.30e-08	53.5
g653.t1	VFG014062(gb|WP_004365046)	26.050	119	85	1	4	119	2357	2475	3.39e-08	53.5
g653.t1	VFG000116(gb|NP_254170)	33.645	107	70	1	4	109	11	117	3.51e-08	53.1
g653.t1	VFG001231(gb|NP_249104)	26.050	119	85	1	4	119	2353	2471	3.59e-08	53.5
g653.t1	VFG014069(gb|WP_011063997)	29.126	103	70	1	4	103	1850	1952	3.70e-08	53.1
g653.t1	VFG014061(gb|WP_012074001)	26.050	119	85	1	4	119	2339	2457	3.86e-08	53.1
g653.t1	VFG019772(gb|WP_015886333)	29.126	103	70	1	4	103	1820	1922	5.45e-08	52.8
g653.t1	VFG045728(gb|WP_003635449)	31.897	116	76	2	1	113	1	116	6.11e-08	51.2
g653.t1	VFG007554(gb|WP_011150906)	32.381	105	67	3	3	103	4	108	6.35e-08	52.0
g653.t1	VFG014071(gb|WP_041772785)	26.214	103	73	1	4	103	2295	2397	6.48e-08	52.8
g653.t1	VFG007553(gb|WP_011079855)	32.381	105	67	3	3	103	4	108	6.78e-08	52.0
g653.t1	VFG019944(gb|WP_003190387)	31.092	119	79	3	1	116	1	119	7.02e-08	51.2
g653.t1	VFG023572(gb|WP_005156725)	32.143	112	55	3	2	101	3	105	7.10e-08	51.2
g653.t1	VFG009891(gb|WP_011740390)	31.532	111	73	2	1	108	1	111	7.50e-08	51.2
g653.t1	VFG038713(gb|WP_005353666)	30.476	105	69	2	3	103	4	108	7.95e-08	52.0
g653.t1	VFG014011(gb|WP_044488517)	30.702	114	76	1	3	113	6	119	7.98e-08	49.7
g653.t1	VFG042669(gb|WP_006485030)	27.389	157	102	3	4	152	606	758	9.25e-08	52.0
g653.t1	VFG007555(gb|WP_005420308)	32.381	105	67	3	3	103	4	108	1.01e-07	51.6
g653.t1	VFG043408(gb|WP_000940577)	25.243	103	74	2	4	103	5	107	1.11e-07	48.9
g653.t1	VFG015632(gb|WP_012274552)	29.825	114	77	1	3	113	6	119	1.18e-07	49.3
g653.t1	VFG014388(gb|WP_010955091)	34.711	121	72	5	3	121	4	119	1.54e-07	51.2
g653.t1	VFG015072(gb|WP_011169248)	28.972	107	70	1	4	104	669	775	1.67e-07	51.2
g653.t1	VFG015641(gb|WP_012312418)	27.184	103	72	1	4	103	1510	1612	1.80e-07	51.2
g653.t1	VFG019919(gb|WP_015886493)	34.746	118	73	3	3	117	2	118	1.81e-07	50.4
g653.t1	VFG007568(gb|WP_000697869)	26.891	119	83	2	4	118	3	121	1.84e-07	48.5
g653.t1	VFG015680(gb|WP_012273511)	34.426	122	73	5	2	121	3	119	1.87e-07	50.8
g653.t1	VFG011947(gb|WP_002867162)	31.193	109	67	3	3	108	2	105	1.87e-07	50.8
g653.t1	VFG007571(gb|WP_017052487)	26.891	119	83	2	4	118	3	121	1.87e-07	48.5
g653.t1	VFG017806(gb|WP_011990003)	31.193	109	67	3	3	108	2	105	1.91e-07	50.8
g653.t1	VFG038712(gb|WP_005319287)	30.189	106	70	2	2	103	3	108	1.92e-07	50.8
g653.t1	VFG018054(gb|WP_002892246)	31.193	109	67	3	3	108	2	105	1.98e-07	50.8
g653.t1	VFG042008(gb|WP_011004150)	30.519	154	84	5	74	219	75	213	2.13e-07	50.1
g653.t1	VFG007570(gb|WP_021451399)	26.891	119	83	2	4	118	3	121	2.22e-07	48.1
g653.t1	VFG043402(gb|YP_002344511)	25.000	128	91	3	4	126	3	130	2.50e-07	48.1
g653.t1	VFG015071(gb|WP_011268595)	28.972	107	70	1	4	104	669	775	2.74e-07	50.4
g653.t1	VFG038710(gb|WP_011705291)	30.476	105	69	2	3	103	4	108	2.78e-07	50.1
g653.t1	VFG015070(gb|WP_011103673)	28.972	107	70	1	4	104	669	775	2.90e-07	50.4
g653.t1	VFG011948(gb|WP_002869127)	31.193	109	67	3	3	108	2	105	2.98e-07	50.1
g653.t1	VFG038711(gb|WP_016350060)	30.476	105	69	2	3	103	4	108	3.00e-07	50.1
g653.t1	VFG038700(gb|WP_005319295)	26.050	119	84	2	4	118	7	125	3.13e-07	47.8
g653.t1	VFG014968(gb|WP_002551374)	35.593	118	72	3	3	117	2	118	3.17e-07	49.7
g653.t1	VFG009892(gb|WP_003896645)	33.628	113	68	4	1	108	1	111	3.31e-07	49.3
g653.t1	VFG014394(gb|WP_041755564)	30.556	108	74	1	2	108	3	110	3.36e-07	50.1
g653.t1	VFG038701(gb|WP_013723552)	26.050	119	84	2	4	118	7	125	3.38e-07	47.8
g653.t1	VFG011946(gb|YP_002344419)	31.193	109	67	3	3	108	2	105	3.58e-07	50.1
g653.t1	VFG015068(gb|WP_003156446)	31.132	106	67	1	4	103	667	772	3.72e-07	50.1
g653.t1	VFG011120(gb|WP_012417544)	33.654	104	65	3	1	101	1	103	3.84e-07	48.9
g653.t1	VFG015090(gb|WP_041475303)	30.252	119	80	3	1	116	1	119	3.85e-07	48.9
g653.t1	VFG015067(gb|NP_249619)	31.132	106	67	1	4	103	667	772	3.86e-07	50.1
g653.t1	VFG038699(gb|WP_010634617)	26.050	119	84	2	4	118	7	125	3.93e-07	47.8
g653.t1	VFG042670(gb|WP_006485049)	30.357	112	72	1	4	109	585	696	4.43e-07	50.1
g653.t1	VFG018544(gb|WP_000902210)	29.703	101	68	3	123	223	8	105	4.45e-07	49.7
g653.t1	VFG014389(gb|WP_012051624)	34.711	121	72	5	3	121	4	119	4.94e-07	49.7
g653.t1	VFG015086(gb|WP_003251380)	31.092	119	79	3	1	116	1	119	5.14e-07	48.5
g653.t1	VFG009896(gb|WP_011768347)	33.019	106	64	3	1	101	1	104	5.32e-07	48.5
g653.t1	VFG027258(gb|WP_015291223)	32.075	106	65	3	1	101	1	104	5.46e-07	48.5
g653.t1	VFG042743(gb|NP_252986)	25.926	162	106	4	3	151	10	170	5.61e-07	48.9
g653.t1	VFG003676(gb|WP_001120092)	29.703	101	68	3	123	223	8	105	5.72e-07	49.3
g653.t1	VFG001824(gb|NP_217649)	32.075	106	65	3	1	101	1	104	5.84e-07	48.5
g653.t1	VFG027265(gb|YP_007963009)	32.075	106	65	3	1	101	1	104	5.95e-07	48.5
g653.t1	VFG014390(gb|WP_011534911)	34.906	106	60	4	3	103	4	105	6.43e-07	49.3
g653.t1	VFG009893(gb|WP_011894699)	33.019	106	64	3	1	101	1	104	6.56e-07	48.5
g653.t1	VFG015088(gb|WP_011534583)	31.092	119	79	3	1	116	1	119	6.86e-07	48.1
g653.t1	VFG024199(gb|WP_013471927)	33.019	106	64	3	1	101	1	104	6.88e-07	48.1
g653.t1	VFG015783(gb|WP_012313127)	28.037	107	71	1	3	103	670	776	7.16e-07	49.3
g653.t1	VFG009890(gb|WP_009978588)	31.731	104	68	3	1	101	1	104	7.20e-07	48.1
g653.t1	VFG002532(gb|WP_004198195)	30.769	104	69	1	3	103	4	107	7.50e-07	46.6
g653.t1	VFG007573(gb|WP_005420316)	26.891	119	83	2	4	118	7	125	8.04e-07	46.6
g653.t1	VFG009894(gb|WP_011779768)	33.019	106	64	3	1	101	1	104	9.07e-07	48.1
g653.t1	VFG027270(gb|YP_007959134)	31.858	113	70	3	1	108	1	111	9.19e-07	47.8
g653.t1	VFG043012(gb|NP_250147)	26.891	119	83	2	4	118	3	121	9.46e-07	46.6
g653.t1	VFG022956(gb|WP_013829907)	31.731	104	68	2	1	101	1	104	9.66e-07	47.8
g653.t1	VFG014068(gb|WP_044488903)	26.214	103	73	1	4	103	1637	1739	1.04e-06	48.9
g653.t1	VFG025927(gb|WP_009906581)	30.769	104	69	1	3	103	4	107	1.09e-06	46.2
g653.t1	VFG015091(gb|WP_003240627)	30.252	119	80	3	1	116	1	119	1.10e-06	47.8
g653.t1	VFG025849(gb|WP_009910098)	36.145	83	48	3	45	122	50	132	1.26e-06	48.1
g653.t1	VFG024201(gb|WP_008259378)	33.962	106	63	4	1	101	1	104	1.35e-06	47.4
g653.t1	VFG014967(gb|WP_003401565)	34.746	118	73	3	3	117	2	118	1.46e-06	47.8
g653.t1	VFG015078(gb|WP_012018243)	38.095	63	33	1	47	103	711	773	1.55e-06	48.1
g653.t1	VFG014973(gb|WP_011336516)	33.333	126	80	3	3	125	2	126	1.56e-06	47.4
g653.t1	VFG032760(gb|WP_003746076)	27.619	105	74	2	1	103	1	105	1.60e-06	45.8
g653.t1	VFG014066(gb|WP_010955557)	25.243	103	74	1	4	103	1527	1629	1.71e-06	48.1
g653.t1	VFG025839(gb|WP_012492268)	36.667	60	36	1	45	102	52	111	1.80e-06	47.8
g653.t1	VFG015640(gb|WP_012274548)	25.243	103	74	1	4	103	1528	1630	1.80e-06	48.1
g653.t1	VFG014970(gb|WP_003255896)	30.337	178	113	6	3	171	2	177	1.82e-06	47.4
g653.t1	VFG014067(gb|WP_012053912)	25.243	103	74	1	4	103	1527	1629	1.89e-06	48.1
g653.t1	VFG025837(gb|WP_011546709)	36.667	60	36	1	45	102	49	108	1.90e-06	47.8
g653.t1	VFG002526(gb|WP_004198645)	36.145	83	48	3	45	122	50	132	1.91e-06	47.8
g653.t1	VFG006846(gb|NP_464218)	27.619	105	74	2	1	103	1	105	1.91e-06	45.4
g653.t1	VFG014966(gb|WP_007247212)	33.898	118	74	3	3	117	2	118	1.98e-06	47.4
g653.t1	VFG000538(gb|NP_461797)	28.713	101	69	3	123	223	8	105	2.02e-06	47.8
g653.t1	VFG020428(gb|WP_001120090)	28.713	101	69	3	123	223	8	105	2.08e-06	47.8
g653.t1	VFG020423(gb|WP_001120077)	28.713	101	69	3	123	223	10	107	2.10e-06	47.8
g653.t1	VFG003678(gb|WP_001120088)	28.713	101	69	3	123	223	8	105	2.14e-06	47.8
g653.t1	VFG015073(gb|WP_010952710)	25.444	169	99	4	4	161	670	822	2.14e-06	47.8
g653.t1	VFG015079(gb|WP_185745811)	28.037	107	71	1	4	104	670	776	2.24e-06	47.8
g653.t1	VFG014964(gb|WP_003157680)	33.051	118	75	3	3	117	2	118	2.52e-06	47.0
g653.t1	VFG000119(gb|NP_253948)	33.051	118	75	3	3	117	2	118	2.60e-06	47.0
g653.t1	VFG015770(gb|WP_012269993)	32.540	126	81	3	3	125	2	126	2.81e-06	46.6
g653.t1	VFG009889(gb|WP_003874670)	30.769	104	69	3	1	101	1	104	2.94e-06	46.6
g653.t1	VFG014969(gb|WP_010951571)	33.621	116	73	3	3	115	2	116	3.03e-06	46.6
g653.t1	VFG015782(gb|WP_012270935)	28.972	107	68	3	4	103	670	775	3.68e-06	47.4
g653.t1	VFG015771(gb|WP_012312202)	33.621	116	73	3	3	115	2	116	3.76e-06	46.2
g653.t1	VFG014974(gb|WP_003242397)	33.051	118	75	3	3	117	2	118	4.15e-06	46.2
g653.t1	VFG015785(gb|WP_012315215)	29.412	119	81	3	1	116	1	119	4.15e-06	45.8
g653.t1	VFG014393(gb|WP_012019025)	32.692	104	67	3	2	103	3	105	4.39e-06	46.6
g653.t1	VFG015074(gb|WP_012053464)	27.103	107	72	1	4	104	670	776	4.46e-06	47.0
g653.t1	VFG009897(gb|WP_011558491)	31.897	116	72	3	3	113	15	128	4.99e-06	45.8
g653.t1	VFG009899(gb|WP_179967853)	31.897	116	72	3	3	113	2	115	7.28e-06	45.4
g653.t1	VFG015080(gb|NP_251276)	29.310	116	79	3	1	113	1	116	8.18e-06	45.1
g653.t1	VFG014387(gb|WP_004664453)	35.922	103	63	3	3	103	4	105	8.83e-06	45.8
g653.t1	VFG014385(gb|WP_011103783)	35.922	103	63	3	3	103	4	105	8.91e-06	45.8
g653.t1	VFG043090(gb|WP_000036413)	34.848	66	40	2	45	107	49	114	9.82e-06	45.4
