g4079.t1	VFG015349(gb|WP_004667332)	32.364	275	171	5	60	326	95	362	3.54e-35	132
g4079.t1	VFG015347(gb|WP_005763248)	32.364	275	171	5	60	326	95	362	7.44e-35	132
g4079.t1	VFG015348(gb|WP_011268984)	32.364	275	171	5	60	326	95	362	7.59e-35	132
g4079.t1	VFG015345(gb|WP_011103312)	29.839	248	165	5	91	334	99	341	1.79e-24	102
g4079.t1	VFG015346(gb|WP_011167682)	31.169	231	147	5	110	334	117	341	8.92e-24	100
g4529.t1	VFG015348(gb|WP_011268984)	31.868	364	216	13	1	348	11	358	2.29e-33	128
g4529.t1	VFG015349(gb|WP_004667332)	31.522	368	212	15	1	348	11	358	4.18e-33	127
g4529.t1	VFG015347(gb|WP_005763248)	30.833	360	225	13	1	348	11	358	3.47e-32	125
g4529.t1	VFG015345(gb|WP_011103312)	32.609	276	166	11	82	348	65	329	5.32e-26	107
g4529.t1	VFG015346(gb|WP_011167682)	32.609	276	166	11	82	348	65	329	5.80e-25	104
g2625.t1	VFG015347(gb|WP_005763248)	34.043	235	145	6	120	346	126	358	6.15e-30	119
g2625.t1	VFG015349(gb|WP_004667332)	34.454	238	140	8	120	346	126	358	7.00e-30	119
g2625.t1	VFG015348(gb|WP_011268984)	34.454	238	140	8	120	346	126	358	8.37e-30	118
g2625.t1	VFG015345(gb|WP_011103312)	28.056	360	226	11	4	354	2	337	1.72e-25	106
g2625.t1	VFG015346(gb|WP_011167682)	27.855	359	231	10	2	354	1	337	4.66e-25	104
