g4110.t1	VFG031776(gb|WP_015304588)	34.764	233	142	4	3	233	4	228	9.84e-33	118
g4110.t1	VFG031746(gb|WP_013470606)	33.476	233	145	3	3	233	4	228	1.05e-32	118
g4110.t1	VFG031729(gb|WP_011891085)	33.476	233	145	3	3	233	4	228	2.65e-32	117
g4110.t1	VFG031738(gb|YP_001704775)	34.335	233	143	4	3	233	4	228	4.15e-32	117
g4110.t1	VFG031736(gb|WP_011778105)	34.764	233	142	4	3	233	4	228	6.08e-32	116
g4110.t1	VFG031740(gb|WP_012666330)	34.483	232	143	4	3	233	4	227	8.43e-32	116
g4110.t1	VFG031730(gb|WP_014876914)	34.335	233	143	4	3	233	4	228	1.04e-31	115
g4110.t1	VFG031742(gb|WP_010908899)	37.245	196	120	2	39	233	5	198	1.35e-31	114
g4110.t1	VFG031728(gb|WP_011799110)	34.483	232	143	4	3	233	4	227	1.36e-31	115
g4110.t1	VFG031735(gb|WP_011742113)	34.483	232	143	4	3	233	4	227	1.38e-31	115
g4110.t1	VFG031722(gb|NP_215005)	34.483	232	143	4	3	233	4	227	1.38e-31	115
g4110.t1	VFG031726(gb|WP_003873718)	34.483	232	143	4	3	233	4	227	1.61e-31	115
g4110.t1	VFG031747(gb|WP_008261205)	34.483	232	143	4	3	233	4	227	2.04e-31	115
g4110.t1	VFG031754(gb|WP_015302569)	34.483	232	143	4	3	233	4	227	2.06e-31	115
g4110.t1	VFG031731(gb|WP_011558087)	34.043	235	141	5	3	233	4	228	1.46e-30	112
g4110.t1	VFG009804(gb|WP_011730856)	32.759	232	144	5	2	231	14	235	5.84e-30	111
g4110.t1	VFG031744(gb|WP_013827421)	34.483	232	143	4	3	233	4	227	1.10e-29	110
g4110.t1	VFG009805(gb|WP_011892478)	32.759	232	144	5	2	231	13	234	1.45e-29	110
g4110.t1	VFG022905(gb|YP_001701425)	32.759	232	144	6	2	231	22	243	1.78e-29	110
g4110.t1	VFG009863(gb|WP_014878347)	34.914	232	141	4	1	231	1	223	1.79e-29	110
g4110.t1	VFG009801(gb|WP_010948903)	32.618	233	143	6	2	231	14	235	4.23e-29	109
g4110.t1	VFG027131(gb|WP_015309447)	31.897	232	146	5	2	231	14	235	4.32e-29	109
g4110.t1	VFG009802(gb|WP_003875752)	32.618	233	143	6	2	231	14	235	4.32e-29	109
g4110.t1	VFG009806(gb|WP_036377334)	32.759	232	144	5	2	231	13	234	5.16e-29	108
g4110.t1	VFG022904(gb|WP_012396471)	31.897	232	146	5	2	231	15	236	8.51e-29	108
g4110.t1	VFG009807(gb|WP_011561967)	33.190	232	143	6	2	231	14	235	9.44e-29	108
g4110.t1	VFG027122(gb|WP_015456166)	31.897	232	146	5	2	231	22	243	1.15e-28	108
g4110.t1	VFG011626(gb|WP_002965156)	31.915	235	146	4	3	231	10	236	1.18e-28	108
g4110.t1	VFG038216(gb|WP_000076440)	37.629	194	114	3	39	229	40	229	1.35e-28	108
g4110.t1	VFG009797(gb|WP_012054162)	31.897	232	146	5	2	231	22	243	1.38e-28	108
g4110.t1	VFG001386(gb|NP_215271)	31.897	232	146	5	2	231	22	243	1.76e-28	107
g4110.t1	VFG009803(gb|WP_011738792)	31.466	232	147	5	2	231	15	236	1.96e-28	107
g4110.t1	VFG022934(gb|WP_020726450)	35.021	237	136	6	1	231	1	225	2.65e-28	107
g4110.t1	VFG024168(gb|WP_014379067)	32.189	233	144	6	2	231	14	235	3.28e-28	107
g4110.t1	VFG009865(gb|WP_041307013)	34.322	236	138	6	1	231	1	224	3.30e-28	106
g4110.t1	VFG024164(gb|WP_008263800)	32.189	233	144	6	2	231	14	235	3.35e-28	107
g4110.t1	VFG027123(gb|YP_007956929)	31.466	232	147	5	2	231	22	243	3.80e-28	107
g4110.t1	VFG022941(gb|WP_013827874)	33.478	230	145	3	2	231	4	225	6.79e-28	105
g4110.t1	VFG009862(gb|WP_071498255)	34.615	234	141	5	1	231	1	225	1.39e-27	105
g4110.t1	VFG009859(gb|WP_003872811)	33.333	231	146	3	1	231	1	223	1.40e-27	105
g4110.t1	VFG027211(gb|WP_005063392)	34.052	232	143	5	1	231	1	223	1.59e-27	105
g4110.t1	VFG027205(gb|WP_005098722)	34.052	232	143	5	1	231	1	223	2.26e-27	104
g4110.t1	VFG022910(gb|WP_013830539)	31.034	232	148	5	2	231	14	235	3.42e-27	104
g4110.t1	VFG009861(gb|WP_010907575)	32.900	231	147	3	1	231	1	223	3.67e-27	103
g4110.t1	VFG024188(gb|WP_014941347)	32.900	231	147	3	1	231	1	223	4.12e-27	103
g4110.t1	VFG024189(gb|WP_008254065)	32.900	231	147	3	1	231	1	223	4.83e-27	103
g4110.t1	VFG052340(gb|NP_463157.1)	31.356	236	145	5	1	236	1	219	4.88e-27	103
g4110.t1	VFG022935(gb|YP_001701820)	33.190	232	145	4	1	231	3	225	8.74e-27	103
g4110.t1	VFG027208(gb|WP_041181419)	32.900	231	147	3	1	231	1	223	1.07e-26	102
g4110.t1	VFG009867(gb|WP_041309847)	32.900	231	147	3	1	231	1	223	2.05e-26	102
g4110.t1	VFG009864(gb|WP_041787729)	33.051	236	141	6	1	231	1	224	3.55e-26	101
g4110.t1	VFG027215(gb|YP_007960876)	32.468	231	148	3	1	231	1	223	3.98e-26	101
g4110.t1	VFG009857(gb|WP_014588181)	32.900	231	147	4	1	231	1	223	4.61e-26	101
g4110.t1	VFG041842(gb|WP_011136182)	37.766	188	104	4	50	235	44	220	6.20e-26	100
g4110.t1	VFG009866(gb|WP_011561679)	32.468	231	148	3	1	231	3	225	7.82e-26	100
g4110.t1	VFG001390(gb|NP_215496)	32.468	231	148	3	1	231	1	223	7.97e-26	100
g4110.t1	VFG038220(gb|YP_001083790)	38.728	173	99	3	60	229	2	170	3.15e-25	97.8
g4110.t1	VFG042008(gb|WP_011004150)	30.736	231	154	1	1	231	1	225	3.37e-25	99.4
g4110.t1	VFG027220(gb|YP_007957122)	32.035	231	149	3	1	231	1	223	4.11e-25	98.6
g4110.t1	VFG021089(gb|WP_024131483)	33.190	232	144	6	1	232	1	221	8.28e-25	97.8
g4110.t1	VFG004061(gb|WP_001766960)	35.359	181	112	4	52	232	46	221	2.25e-24	96.7
g4110.t1	VFG004063(gb|WP_001537766)	35.359	181	112	4	52	232	46	221	4.89e-24	95.9
g4110.t1	VFG000475(gb|NP_460201)	35.359	181	112	4	52	232	47	222	4.94e-24	95.9
g4110.t1	VFG004064(gb|WP_023234872)	35.359	181	112	4	52	232	46	221	6.91e-24	95.1
g4110.t1	VFG018395(gb|WP_024131926)	35.359	181	112	4	52	232	46	221	8.34e-24	95.1
g4110.t1	VFG027229(gb|WP_041312672)	34.483	232	142	4	1	231	1	223	3.69e-23	93.6
g4110.t1	VFG009832(gb|WP_011738612)	32.843	204	133	3	29	231	33	233	9.10e-23	92.8
g4110.t1	VFG022918(gb|WP_012396175)	32.843	204	133	3	29	231	33	233	2.45e-22	91.7
g4110.t1	VFG009829(gb|WP_024637144)	32.843	204	133	3	29	231	33	233	2.45e-22	91.7
g4110.t1	VFG024176(gb|WP_008253900)	32.843	204	133	3	29	231	33	233	2.77e-22	91.3
g4110.t1	VFG006826(gb|NP_464902)	33.871	186	119	3	49	233	44	226	3.14e-22	90.9
g4110.t1	VFG001389(gb|NP_215418)	34.021	194	124	3	39	231	43	233	4.16e-22	90.9
g4110.t1	VFG027175(gb|YP_005359605)	34.021	194	124	3	39	231	40	230	4.27e-22	90.9
g4110.t1	VFG022924(gb|WP_010908722)	33.505	194	125	3	39	231	40	230	9.31e-22	89.7
g4110.t1	VFG009831(gb|WP_172591973)	33.505	194	125	3	39	231	43	233	1.11e-21	89.7
g4110.t1	VFG027180(gb|WP_198345124)	33.333	198	124	3	39	233	43	235	1.84e-21	89.4
g4110.t1	VFG027172(gb|YP_007957056)	33.505	194	125	3	39	231	43	233	3.39e-21	88.6
g4110.t1	VFG009835(gb|WP_011782153)	32.353	204	134	3	29	231	30	230	4.07e-21	88.2
g4110.t1	VFG042127(gb|WP_010913962)	30.144	209	141	3	25	233	19	222	4.48e-21	87.8
g4110.t1	VFG022919(gb|YP_001701702)	32.227	211	129	5	29	233	30	232	8.15e-21	87.4
g4110.t1	VFG009834(gb|WP_011892635)	32.353	204	134	3	29	231	28	228	1.14e-20	87.0
g4110.t1	VFG022925(gb|WP_013827765)	32.212	208	133	3	29	233	33	235	2.45e-20	86.3
g4110.t1	VFG009836(gb|WP_011857018)	31.250	208	135	3	29	233	30	232	5.25e-20	85.1
g4110.t1	VFG009838(gb|WP_011561825)	30.769	208	136	3	29	233	30	232	1.95e-19	83.6
g4110.t1	VFG009833(gb|WP_168189073)	30.769	208	136	3	29	233	36	238	2.28e-19	83.6
g4110.t1	VFG009837(gb|WP_172800613)	30.769	208	136	3	29	233	33	235	2.45e-19	83.6
g4110.t1	VFG006818(gb|NP_465270)	30.601	183	119	4	53	232	48	225	3.20e-16	74.7
g4110.t1	VFG032572(gb|WP_003748279)	30.601	183	119	4	53	232	48	225	3.57e-16	74.7
g4110.t1	VFG006821(gb|WP_003729795)	30.601	183	119	4	53	232	48	225	3.72e-16	74.7
g4110.t1	VFG006820(gb|WP_003762805)	30.601	183	119	4	53	232	48	225	3.72e-16	74.7
g4110.t1	VFG043402(gb|YP_002344511)	29.787	141	80	4	1	133	1	130	3.78e-14	67.0
g4110.t1	VFG041119(gb|WP_004528788)	29.442	197	128	6	44	233	45	237	3.04e-13	67.0
g4110.t1	VFG043206(gb|WP_005164479)	27.344	128	87	2	1	127	6	128	1.36e-11	60.1
g4110.t1	VFG043012(gb|NP_250147)	32.632	95	55	2	39	128	34	124	1.59e-11	59.7
g4110.t1	VFG043037(gb|NP_460873)	31.111	90	61	1	39	127	39	128	1.89e-11	59.7
g4110.t1	VFG007570(gb|WP_021451399)	27.692	130	80	3	1	125	1	121	7.16e-11	57.8
g4110.t1	VFG043386(gb|WP_000772151)	26.718	131	77	4	1	123	1	120	8.88e-11	57.8
g4110.t1	VFG043089(gb|WP_000763867)	30.000	90	62	1	39	127	39	128	9.49e-11	57.8
g4110.t1	VFG038701(gb|WP_013723552)	26.515	132	83	3	1	127	5	127	1.07e-10	57.8
g4110.t1	VFG038699(gb|WP_010634617)	26.515	132	83	3	1	127	5	127	1.22e-10	57.4
g4110.t1	VFG007571(gb|WP_017052487)	27.692	130	80	3	1	125	1	121	1.43e-10	57.0
g4110.t1	VFG007568(gb|WP_000697869)	27.692	130	80	3	1	125	1	121	1.53e-10	57.0
g4110.t1	VFG007573(gb|WP_005420316)	27.692	130	80	3	1	125	5	125	1.85e-10	57.0
g4110.t1	VFG038700(gb|WP_005319295)	25.758	132	84	3	1	127	5	127	3.75e-10	56.2
g4110.t1	VFG019760(gb|WP_012722471)	31.200	125	73	3	3	124	5	119	4.19e-10	58.9
g4110.t1	VFG025824(gb|WP_006754880)	31.818	88	51	2	43	125	42	125	1.52e-09	54.7
g4110.t1	VFG002525(gb|WP_004185006)	31.818	88	51	2	43	125	42	125	2.12e-09	54.3
g4110.t1	VFG015634(gb|WP_012274551)	27.642	123	82	2	2	123	3	119	2.34e-09	53.9
g4110.t1	VFG019765(gb|WP_014720320)	31.707	123	77	3	2	123	3	119	3.75e-09	53.1
g4110.t1	VFG014022(gb|WP_003249327)	27.642	123	82	2	2	123	3	119	5.18e-09	52.8
g4110.t1	VFG019942(gb|WP_012724914)	29.927	137	82	3	2	130	668	798	6.00e-09	55.8
g4110.t1	VFG013990(gb|WP_011063538)	36.885	122	70	3	3	124	7	121	6.06e-09	55.5
g4110.t1	VFG025826(gb|WP_006485893)	30.682	88	52	2	43	125	42	125	6.39e-09	52.8
g4110.t1	VFG014019(gb|WP_003377196)	30.894	123	78	3	2	123	3	119	6.72e-09	52.4
g4110.t1	VFG001226(gb|NP_249100)	29.268	123	80	3	2	123	3	119	7.28e-09	52.4
g4110.t1	VFG014027(gb|WP_003458790)	30.081	123	79	3	2	123	3	119	8.72e-09	52.4
g4110.t1	VFG007484(gb|WP_000079330)	37.662	77	47	1	39	115	36	111	1.14e-08	54.7
g4110.t1	VFG014021(gb|WP_002551739)	30.894	123	78	3	2	123	3	119	1.23e-08	51.6
g4110.t1	VFG013985(gb|WP_012077306)	33.333	132	80	3	2	132	5	129	1.31e-08	54.7
g4110.t1	VFG015068(gb|WP_003156446)	31.967	122	73	2	2	119	666	781	1.64e-08	54.7
g4110.t1	VFG015067(gb|NP_249619)	31.967	122	73	2	2	119	666	781	1.71e-08	54.3
g4110.t1	VFG015635(gb|WP_012312415)	29.268	123	80	3	2	123	3	119	1.87e-08	51.2
g4110.t1	VFG014392(gb|WP_011333047)	30.882	136	78	3	34	169	30	149	2.43e-08	53.9
g4110.t1	VFG001214(gb|NP_253237)	32.520	123	76	2	2	124	5	120	2.79e-08	53.5
g4110.t1	VFG019828(gb|WP_015885195)	35.106	94	57	2	39	132	35	124	2.86e-08	53.5
g4110.t1	VFG014028(gb|WP_003297216)	28.455	123	81	2	2	123	3	119	2.96e-08	50.8
g4110.t1	VFG019759(gb|WP_003110427)	32.520	123	76	2	2	124	5	120	3.01e-08	53.5
g4110.t1	VFG013987(gb|WP_011103301)	31.061	132	84	3	2	133	6	130	3.76e-08	53.1
g4110.t1	VFG014020(gb|WP_011266432)	30.081	123	79	3	2	123	3	119	4.54e-08	50.1
g4110.t1	VFG015077(gb|WP_041475601)	29.508	122	76	2	2	119	668	783	5.34e-08	53.1
g4110.t1	VFG015076(gb|WP_011062714)	28.571	140	86	3	2	133	668	801	5.39e-08	53.1
g4110.t1	VFG013991(gb|WP_011335994)	30.894	123	78	2	2	124	8	123	5.40e-08	52.8
g4110.t1	VFG014026(gb|WP_011336365)	28.455	123	81	3	2	123	3	119	1.19e-07	48.9
g4110.t1	VFG014390(gb|WP_011534911)	33.019	106	66	3	17	119	11	114	1.82e-07	51.2
g4110.t1	VFG014025(gb|WP_011064000)	26.829	123	83	2	2	123	3	119	2.04e-07	48.5
g4110.t1	VFG015681(gb|WP_012315526)	32.609	92	55	3	40	130	36	121	2.22e-07	50.8
g4110.t1	VFG007486(gb|WP_005457658)	35.065	77	49	1	39	115	36	111	2.84e-07	50.4
g4110.t1	VFG042242(gb|AAG01455)	31.200	125	79	3	1	124	5	123	3.12e-07	49.3
g4110.t1	VFG050625(gb|WP_000389061.1)	28.814	118	73	4	1	115	8	117	3.23e-07	48.1
g4110.t1	VFG015783(gb|WP_012313127)	27.049	122	79	2	2	119	670	785	3.30e-07	50.4
g4110.t1	VFG038757(gb|WP_011898552)	35.366	82	52	1	39	120	36	116	3.44e-07	50.4
g4110.t1	VFG050634(gb|WP_000389077.1)	28.814	118	73	4	1	115	8	117	3.46e-07	47.8
g4110.t1	VFG041501(gb|WP_004155354)	26.728	217	132	9	1	214	5	197	3.57e-07	49.3
g4110.t1	VFG013992(gb|WP_011921055)	32.520	123	76	2	2	124	5	120	3.60e-07	50.1
g4110.t1	VFG000116(gb|NP_254170)	32.759	116	69	4	2	116	10	117	3.89e-07	50.1
g4110.t1	VFG015680(gb|WP_012273511)	30.208	96	62	2	40	135	36	126	3.90e-07	50.1
g4110.t1	VFG042669(gb|WP_006485030)	27.119	118	76	2	3	116	606	717	4.08e-07	50.4
g4110.t1	VFG038756(gb|WP_011706626)	35.366	82	52	1	39	120	36	116	4.22e-07	50.1
g4110.t1	VFG015079(gb|WP_185745811)	28.926	121	76	2	3	119	670	784	4.22e-07	50.4
g4110.t1	VFG015072(gb|WP_011169248)	28.689	122	77	2	2	119	668	783	4.98e-07	50.1
g4110.t1	VFG007487(gb|WP_011079832)	35.065	77	49	1	39	115	36	111	5.47e-07	49.7
g4110.t1	VFG007488(gb|WP_011150918)	35.065	77	49	1	39	115	36	111	5.57e-07	49.7
g4110.t1	VFG015070(gb|WP_011103673)	28.689	122	77	2	2	119	668	783	6.09e-07	49.7
g4110.t1	VFG013993(gb|WP_026006503)	36.709	79	49	1	46	124	44	121	6.30e-07	49.3
g4110.t1	VFG015073(gb|WP_010952710)	27.049	122	79	2	2	119	669	784	8.54e-07	49.3
g4110.t1	VFG015071(gb|WP_011268595)	28.689	122	77	2	2	119	668	783	8.86e-07	49.3
g4110.t1	VFG038758(gb|WP_005350684)	35.366	82	52	1	39	120	36	116	9.12e-07	48.9
g4110.t1	VFG050626(gb|YP_001085823.1)	28.829	111	69	3	8	115	4	107	9.21e-07	46.6
g4110.t1	VFG015074(gb|WP_012053464)	27.049	122	79	2	2	119	669	784	9.36e-07	49.3
g4110.t1	VFG014394(gb|WP_041755564)	36.364	77	48	1	39	115	35	110	1.03e-06	48.9
g4110.t1	VFG042950(gb|WP_004083584)	25.217	115	79	3	2	115	3	111	1.04e-06	46.6
g4110.t1	VFG007489(gb|WP_011262361)	37.662	77	45	2	40	115	37	111	1.13e-06	48.9
g4110.t1	VFG001249(gb|NP_249790)	36.364	99	53	3	40	135	36	127	1.34e-06	48.5
g4110.t1	VFG015075(gb|WP_011532652)	27.049	122	79	2	2	119	669	784	1.96e-06	48.1
g4110.t1	VFG015782(gb|WP_012270935)	25.974	154	99	4	2	151	669	811	2.04e-06	48.1
g4110.t1	VFG013988(gb|WP_011266589)	30.709	127	81	3	2	128	6	125	2.14e-06	47.8
g4110.t1	VFG014388(gb|WP_010955091)	32.895	76	50	1	40	115	36	110	2.25e-06	47.8
g4110.t1	VFG014383(gb|WP_012076712)	35.354	99	54	3	40	135	36	127	2.90e-06	47.4
g4110.t1	VFG014062(gb|WP_004365046)	32.222	90	58	2	39	126	2387	2475	3.13e-06	47.8
g4110.t1	VFG001231(gb|NP_249104)	32.222	90	58	2	39	126	2383	2471	3.21e-06	47.8
g4110.t1	VFG019771(gb|WP_012613502)	32.222	90	58	2	39	126	2383	2471	3.24e-06	47.8
g4110.t1	VFG050640(gb|WP_000101096.1)	26.957	115	77	2	2	115	3	111	3.34e-06	45.1
g4110.t1	VFG014061(gb|WP_012074001)	32.222	90	58	2	39	126	2369	2457	3.46e-06	47.8
g4110.t1	VFG013989(gb|WP_011167664)	31.148	122	77	3	2	123	6	120	3.67e-06	47.0
g4110.t1	VFG014389(gb|WP_012051624)	30.208	96	62	2	40	135	36	126	3.79e-06	47.0
g4110.t1	VFG014386(gb|WP_011268444)	38.571	70	42	1	51	120	47	115	4.23e-06	47.0
g4110.t1	VFG042915(gb|WP_012030773)	27.731	119	79	2	5	123	6	117	4.29e-06	47.0
g4110.t1	VFG041873(gb|WP_080509010)	27.642	123	79	2	1	119	702	818	6.44e-06	46.6
g4110.t1	VFG014385(gb|WP_011103783)	37.500	72	44	1	49	120	45	115	8.71e-06	46.2
g4110.t1	VFG014387(gb|WP_004664453)	37.500	72	44	1	49	120	45	115	9.11e-06	45.8
