g1461.t1	VFG001259(gb|NP_250137)	100.000	255	0	0	1	255	1	255	0.0	496
g1461.t1	VFG014539(gb|WP_003155632)	98.039	255	5	0	1	255	1	255	2.10e-177	488
g1461.t1	VFG014550(gb|WP_041755569)	85.776	232	33	0	24	255	27	258	5.00e-141	395
g1461.t1	VFG014543(gb|WP_004664470)	81.928	249	43	2	9	255	2	250	1.96e-138	389
g1461.t1	VFG014542(gb|WP_003316820)	84.052	232	37	0	24	255	19	250	1.07e-137	387
g1461.t1	VFG014547(gb|WP_011059987)	85.526	228	33	0	28	255	22	249	1.62e-137	386
g1461.t1	VFG014548(gb|WP_011333059)	83.772	228	37	0	28	255	23	250	5.31e-135	380
g1461.t1	VFG019852(gb|WP_015885180)	83.478	230	38	0	26	255	18	247	6.60e-135	380
g1461.t1	VFG014549(gb|WP_003243214)	82.609	230	40	0	26	255	32	261	5.54e-134	378
g1461.t1	VFG014541(gb|WP_007244364)	84.444	225	35	0	31	255	26	250	9.63e-134	377
g1461.t1	VFG015705(gb|WP_012315511)	83.556	225	37	0	31	255	31	255	2.78e-131	371
g1461.t1	VFG015704(gb|WP_012273498)	82.667	225	39	0	31	255	27	251	1.33e-130	369
g1461.t1	VFG014546(gb|WP_044488857)	82.667	225	39	0	31	255	26	250	1.47e-130	369
g1461.t1	VFG014544(gb|WP_003254415)	82.667	225	39	0	31	255	27	251	1.03e-129	367
g1461.t1	VFG014545(gb|WP_012051633)	82.222	225	40	0	31	255	27	251	1.24e-128	364
g1461.t1	VFG038669(gb|WP_005334729)	63.673	245	86	2	9	253	12	253	1.24e-111	321
g1461.t1	VFG007417(gb|WP_005420340)	68.000	225	71	1	30	254	66	289	1.80e-110	319
g1461.t1	VFG007412(gb|WP_000831828)	68.468	222	69	1	32	253	78	298	5.04e-108	313
g1461.t1	VFG007414(gb|WP_005481091)	66.520	227	75	1	27	253	63	288	1.04e-106	310
g1461.t1	VFG038667(gb|WP_016350054)	64.783	230	78	2	24	253	28	254	1.53e-106	308
g1461.t1	VFG038666(gb|WP_011705281)	64.783	230	78	2	24	253	28	254	1.71e-106	308
g1461.t1	VFG038668(gb|WP_034282679)	63.180	239	84	3	15	253	20	254	1.73e-105	306
g1461.t1	VFG007415(gb|WP_011079844)	67.117	222	72	1	31	252	67	287	6.27e-105	305
g1461.t1	VFG002016(gb|WP_010947515)	61.947	226	85	1	28	253	23	247	3.96e-97	284
g1461.t1	VFG025424(gb|WP_006477229)	56.911	246	103	2	8	252	9	252	4.47e-92	271
g1461.t1	VFG043152(gb|WP_005462793)	60.606	231	89	2	23	253	24	252	1.19e-91	270
g1461.t1	VFG025426(gb|WP_006491273)	56.504	246	104	2	8	252	9	252	1.54e-91	270
g1461.t1	VFG011328(gb|WP_012417375)	55.731	253	111	1	1	252	1	253	5.11e-90	266
g1461.t1	VFG025431(gb|WP_011325008)	61.972	213	81	0	40	252	40	252	5.63e-90	266
g1461.t1	VFG025430(gb|WP_004549847)	62.559	211	79	0	42	252	42	252	8.07e-90	266
g1461.t1	VFG025434(gb|WP_009901926)	62.559	211	79	0	42	252	42	252	1.54e-89	265
g1461.t1	VFG043066(gb|NP_460932)	63.333	210	77	0	43	252	34	243	1.81e-89	265
g1461.t1	VFG043117(gb|WP_001253441)	63.333	210	77	0	43	252	34	243	2.65e-89	264
g1461.t1	VFG002494(gb|WP_011204732)	62.085	211	80	0	42	252	42	252	6.71e-89	263
g1461.t1	VFG011325(gb|WP_015041547)	56.277	231	101	0	22	252	31	261	5.40e-88	261
g1461.t1	VFG011326(gb|WP_003811856)	56.277	231	101	0	22	252	31	261	1.01e-87	261
g1461.t1	VFG002338(gb|WP_042661456)	59.906	212	85	0	41	252	37	248	1.62e-84	252
g1461.t1	VFG023655(gb|WP_005160406)	59.906	212	85	0	41	252	37	248	2.35e-84	252
g1461.t1	VFG002667(gb|WP_002220494)	59.434	212	86	0	41	252	33	244	6.26e-84	250
g1461.t1	VFG043168(gb|AAZ99730)	55.603	232	100	1	23	254	14	242	3.29e-78	236
g1461.t1	VFG038857(gb|WP_005314307)	55.172	232	101	1	23	254	14	242	7.94e-78	235
g1461.t1	VFG043307(gb|WP_003435977)	55.769	208	91	1	47	253	14	221	3.92e-77	232
g1461.t1	VFG043217(gb|WP_002211448)	52.838	229	105	2	23	251	27	252	2.88e-75	229
g1461.t1	VFG017802(gb|WP_011990335)	55.610	205	91	0	50	254	40	244	3.52e-74	226
g1461.t1	VFG011932(gb|WP_002868800)	55.122	205	92	0	50	254	40	244	5.33e-74	225
g1461.t1	VFG001915(gb|YP_002344227)	55.122	205	92	0	50	254	40	244	1.17e-73	224
g1461.t1	VFG006610(gb|WP_138091884)	50.870	230	113	0	23	252	24	253	5.48e-73	223
g1461.t1	VFG006608(gb|WP_001210287)	45.267	243	129	3	16	255	7	248	9.10e-73	222
g1461.t1	VFG006606(gb|WP_001210297)	45.267	243	129	3	16	255	7	248	1.35e-72	222
g1461.t1	VFG019602(gb|WP_001210318)	45.532	235	126	2	22	255	15	248	2.45e-72	221
g1461.t1	VFG019600(gb|WP_001210273)	45.532	235	126	2	22	255	15	248	3.18e-72	221
g1461.t1	VFG011933(gb|WP_011731940)	48.261	230	118	1	24	252	14	243	1.80e-71	219
g1461.t1	VFG006609(gb|WP_011577759)	45.532	235	126	2	22	255	15	248	2.99e-71	218
g1461.t1	VFG016767(gb|WP_005767758)	46.753	231	113	3	26	252	26	250	2.51e-65	203
g1461.t1	VFG001763(gb|WP_002221023)	41.706	211	113	3	50	252	7	215	1.19e-48	159
g1461.t1	VFG042261(gb|AAS91806)	40.553	217	109	5	50	253	7	216	2.25e-46	154
g1461.t1	VFG038352(gb|WP_005320745)	40.092	217	110	5	50	253	7	216	1.04e-45	152
g1461.t1	VFG011055(gb|WP_003809905)	41.262	206	103	4	63	252	19	222	1.26e-45	152
g1461.t1	VFG041660(gb|WP_012777223)	38.426	216	117	3	50	254	7	217	2.61e-45	151
g1461.t1	VFG041723(gb|WP_006480865)	40.865	208	110	5	56	252	13	218	3.78e-45	150
g1461.t1	VFG000044(gb|WP_004568087)	41.748	206	102	5	63	252	19	222	6.03e-45	150
g1461.t1	VFG041685(gb|WP_015888357)	42.308	208	102	4	58	253	16	217	8.62e-45	149
g1461.t1	VFG007162(gb|WP_005377232)	38.208	212	121	3	50	253	7	216	9.33e-45	149
g1461.t1	VFG016907(gb|WP_011457633)	42.396	217	104	4	53	252	92	304	3.65e-44	150
g1461.t1	VFG016906(gb|WP_011006890)	41.860	215	108	4	53	252	90	302	4.04e-44	150
g1461.t1	VFG020896(gb|WP_000056366)	41.827	208	114	4	51	252	8	214	4.10e-44	148
g1461.t1	VFG018442(gb|WP_000056362)	41.627	209	115	4	51	253	8	215	5.73e-44	147
g1461.t1	VFG000519(gb|NP_460384)	41.827	208	114	4	51	252	8	214	6.59e-44	147
g1461.t1	VFG000188(gb|NP_250384)	39.303	201	108	4	63	253	20	216	6.83e-44	147
g1461.t1	VFG000827(gb|WP_001299599)	41.711	187	103	3	60	241	21	206	7.94e-44	147
g1461.t1	VFG016901(gb|WP_010883462)	41.860	215	108	4	53	252	93	305	8.61e-44	150
g1461.t1	VFG033663(gb|WP_001299990)	41.711	187	103	3	60	241	21	206	9.43e-44	147
g1461.t1	VFG020898(gb|WP_000056368)	41.827	208	114	4	51	252	8	214	9.92e-44	147
g1461.t1	VFG016905(gb|WP_006344508)	41.475	217	106	4	53	252	92	304	1.01e-43	149
g1461.t1	VFG041863(gb|WP_011136154)	41.121	214	108	4	51	252	8	215	1.25e-43	147
g1461.t1	VFG000394(gb|WP_002212947)	43.299	194	94	5	71	253	28	216	1.67e-43	146
g1461.t1	VFG003471(gb|WP_005176829)	43.299	194	94	5	71	253	28	216	1.76e-43	146
g1461.t1	VFG003938(gb|WP_000056360)	41.346	208	115	4	51	252	8	214	2.30e-43	146
g1461.t1	VFG019948(gb|WP_012614298)	40.415	193	101	4	71	253	28	216	2.80e-43	145
g1461.t1	VFG023602(gb|WP_005156608)	41.579	190	101	3	71	252	28	215	8.79e-43	144
g1461.t1	VFG041782(gb|WP_011176700)	41.538	195	101	4	57	241	13	204	9.48e-43	144
g1461.t1	VFG041814(gb|WP_011147912)	40.306	196	97	4	71	253	28	216	2.80e-42	143
g1461.t1	VFG002131(gb|NP_220077)	40.092	217	109	4	53	252	93	305	6.06e-42	145
g1461.t1	VFG041511(gb|WP_004155342)	39.524	210	109	3	55	252	13	216	6.27e-42	142
g1461.t1	VFG041532(gb|WP_012907134)	40.000	185	107	2	61	241	22	206	6.98e-42	142
g1461.t1	VFG015576(gb|WP_009873902)	40.092	217	109	4	53	252	93	305	8.35e-42	144
g1461.t1	VFG016900(gb|WP_010232273)	39.171	217	111	4	53	252	98	310	1.14e-41	144
g1461.t1	VFG041950(gb|WP_006451038)	36.967	211	116	4	53	252	9	213	5.70e-41	140
g1461.t1	VFG041764(gb|WP_004524345)	35.238	210	122	3	53	252	10	215	6.64e-41	139
g1461.t1	VFG042232(gb|ABB77410)	39.048	210	110	3	55	252	13	216	1.13e-40	139
g1461.t1	VFG043247(gb|NP_464203)	34.978	223	142	2	22	244	26	245	1.42e-40	140
g1461.t1	VFG042002(gb|WP_011004157)	34.247	219	125	5	48	252	3	216	1.31e-38	134
g1461.t1	VFG042084(gb|NP_311752)	37.073	205	121	2	48	244	2	206	1.79e-38	134
g1461.t1	VFG041583(gb|WP_012847745)	38.743	191	112	2	67	252	24	214	2.29e-38	133
g1461.t1	VFG042172(gb|WP_010875102)	39.487	195	106	3	67	252	25	216	4.30e-38	132
g1461.t1	VFG041852(gb|WP_011136171)	40.952	210	105	8	48	244	4	207	6.59e-38	132
g1461.t1	VFG041756(gb|WP_004188009)	34.975	203	124	3	53	248	10	211	2.03e-37	130
g1461.t1	VFG001012(gb|NP_858286)	36.500	200	108	6	57	244	11	203	4.63e-37	130
g1461.t1	VFG042112(gb|WP_010913974)	37.433	187	111	2	72	252	30	216	4.65e-37	130
g1461.t1	VFG012710(gb|WP_000947540)	36.500	200	108	6	57	244	11	203	5.21e-37	129
g1461.t1	VFG012707(gb|WP_000947538)	36.500	200	108	6	57	244	11	203	5.38e-37	129
g1461.t1	VFG041445(gb|WP_013036007)	31.776	214	136	2	50	253	5	218	3.91e-36	127
g1461.t1	VFG043431(gb|WP_001220586)	37.714	175	109	0	71	245	70	244	9.68e-36	127
g1461.t1	VFG041469(gb|WP_004155882)	35.096	208	123	2	48	244	3	209	7.06e-35	124
g1461.t1	VFG002455(gb|WP_004188067)	35.616	219	115	5	50	248	5	217	1.52e-34	123
g1461.t1	VFG015212(gb|WP_003375709)	38.756	209	112	4	55	252	13	216	1.74e-34	123
g1461.t1	VFG003519(gb|WP_032903070)	37.186	199	103	4	61	244	18	209	2.79e-34	122
g1461.t1	VFG025091(gb|WP_009896125)	34.978	223	115	5	50	248	5	221	8.08e-34	122
g1461.t1	VFG015214(gb|WP_002552414)	39.614	207	113	3	55	252	13	216	1.16e-33	121
g1461.t1	VFG015213(gb|WP_004406534)	39.614	207	113	3	55	252	13	216	3.03e-33	120
g1461.t1	VFG003723(gb|WP_000526017)	37.850	214	110	6	48	244	4	211	7.04e-28	106
g1461.t1	VFG018526(gb|WP_000526013)	37.850	214	110	6	48	244	4	211	1.65e-27	105
g1461.t1	VFG000551(gb|NP_461811)	37.850	214	110	6	48	244	4	211	2.20e-27	105
g1461.t1	VFG003721(gb|WP_000526019)	37.383	214	111	6	48	244	4	211	2.80e-26	102
g1461.t1	VFG007189(gb|WP_005478169)	25.126	199	131	5	66	249	29	224	1.05e-10	59.7
g1461.t1	VFG041610(gb|WP_015835591)	25.463	216	122	6	66	250	29	236	1.92e-10	59.3
g1849.t1	VFG043066(gb|NP_460932)	100.000	245	0	0	1	245	1	245	9.87e-173	475
g1849.t1	VFG043117(gb|WP_001253441)	91.429	245	21	0	1	245	1	245	3.64e-157	436
g1849.t1	VFG002338(gb|WP_042661456)	85.652	230	33	0	16	245	21	250	1.28e-140	394
g1849.t1	VFG002667(gb|WP_002220494)	85.217	230	34	0	16	245	17	246	8.16e-140	392
g1849.t1	VFG023655(gb|WP_005160406)	86.222	225	31	0	21	245	26	250	1.06e-138	389
g1849.t1	VFG025431(gb|WP_011325008)	69.231	221	68	0	23	243	32	252	2.96e-110	317
g1849.t1	VFG025434(gb|WP_009901926)	69.231	221	68	0	23	243	32	252	8.11e-110	316
g1849.t1	VFG025430(gb|WP_004549847)	69.231	221	68	0	23	243	32	252	1.09e-109	316
g1849.t1	VFG011328(gb|WP_012417375)	69.027	226	70	0	19	244	29	254	1.32e-109	315
g1849.t1	VFG002494(gb|WP_011204732)	68.778	221	69	0	23	243	32	252	1.05e-108	313
g1849.t1	VFG025424(gb|WP_006477229)	65.929	226	77	0	18	243	27	252	1.54e-108	313
g1849.t1	VFG011326(gb|WP_003811856)	67.811	233	75	0	12	244	30	262	3.91e-108	312
g1849.t1	VFG011325(gb|WP_015041547)	67.811	233	75	0	12	244	30	262	4.65e-108	312
g1849.t1	VFG025426(gb|WP_006491273)	65.487	226	78	0	18	243	27	252	5.24e-108	311
g1849.t1	VFG014549(gb|WP_003243214)	60.633	221	87	0	23	243	38	258	2.33e-91	270
g1849.t1	VFG015704(gb|WP_012273498)	58.824	221	91	0	23	243	28	248	1.73e-90	267
g1849.t1	VFG014550(gb|WP_041755569)	57.769	251	92	3	7	243	5	255	1.77e-90	267
g1849.t1	VFG014539(gb|WP_003155632)	62.857	210	78	0	34	243	43	252	6.08e-90	266
g1849.t1	VFG001259(gb|NP_250137)	63.333	210	77	0	34	243	43	252	1.08e-89	265
g1849.t1	VFG038668(gb|WP_034282679)	56.540	237	100	2	9	243	18	253	2.04e-89	265
g1849.t1	VFG015705(gb|WP_012315511)	61.429	210	81	0	34	243	43	252	2.46e-89	264
g1849.t1	VFG014544(gb|WP_003254415)	60.952	210	82	0	34	243	39	248	2.86e-89	264
g1849.t1	VFG014546(gb|WP_044488857)	60.849	212	83	0	32	243	36	247	3.48e-89	263
g1849.t1	VFG014545(gb|WP_012051633)	60.476	210	83	0	34	243	39	248	2.90e-88	261
g1849.t1	VFG038666(gb|WP_011705281)	56.957	230	96	2	16	243	25	253	3.24e-88	261
g1849.t1	VFG014548(gb|WP_011333059)	59.906	212	85	0	32	243	36	247	3.38e-88	261
g1849.t1	VFG038667(gb|WP_016350054)	56.522	230	97	2	16	243	25	253	9.02e-88	260
g1849.t1	VFG019852(gb|WP_015885180)	59.906	212	85	0	32	243	33	244	9.21e-88	260
g1849.t1	VFG014542(gb|WP_003316820)	56.838	234	97	1	14	243	14	247	7.74e-87	258
g1849.t1	VFG014543(gb|WP_004664470)	55.061	247	107	1	1	243	1	247	1.32e-86	257
g1849.t1	VFG014547(gb|WP_011059987)	59.434	212	86	0	32	243	35	246	2.81e-86	256
g1849.t1	VFG038669(gb|WP_005334729)	56.744	215	92	1	29	243	39	252	7.09e-86	255
g1849.t1	VFG014541(gb|WP_007244364)	59.434	212	86	0	32	243	36	247	1.28e-85	254
g1849.t1	VFG002016(gb|WP_010947515)	55.909	220	96	1	24	243	28	246	5.17e-85	253
g1849.t1	VFG007417(gb|WP_005420340)	50.877	228	111	1	18	245	63	289	5.43e-80	241
g1849.t1	VFG007412(gb|WP_000831828)	52.489	221	104	1	23	243	78	297	9.96e-80	241
g1849.t1	VFG007414(gb|WP_005481091)	51.316	228	110	1	16	243	61	287	3.46e-79	239
g1849.t1	VFG007415(gb|WP_011079844)	54.762	210	94	1	34	243	79	287	5.17e-79	239
g1849.t1	VFG011932(gb|WP_002868800)	49.784	231	111	2	18	245	16	244	4.95e-74	225
g1849.t1	VFG001915(gb|YP_002344227)	49.784	231	111	2	18	245	16	244	7.91e-74	224
g1849.t1	VFG006610(gb|WP_138091884)	54.187	203	93	0	41	243	51	253	2.54e-73	223
g1849.t1	VFG043152(gb|WP_005462793)	53.365	208	97	0	36	243	44	251	9.09e-73	222
g1849.t1	VFG017802(gb|WP_011990335)	48.918	231	113	2	18	245	16	244	1.33e-72	221
g1849.t1	VFG019602(gb|WP_001210318)	46.748	246	127	3	1	243	1	245	4.88e-72	220
g1849.t1	VFG006608(gb|WP_001210287)	53.171	205	93	1	42	243	41	245	1.78e-71	218
g1849.t1	VFG019600(gb|WP_001210273)	53.171	205	93	1	42	243	41	245	1.97e-71	218
g1849.t1	VFG006606(gb|WP_001210297)	52.683	205	94	1	42	243	41	245	7.75e-71	217
g1849.t1	VFG006609(gb|WP_011577759)	52.683	205	94	1	42	243	41	245	6.19e-70	214
g1849.t1	VFG011933(gb|WP_011731940)	50.962	208	102	0	36	243	36	243	6.36e-70	214
g1849.t1	VFG043307(gb|WP_003435977)	49.758	207	103	1	38	243	14	220	9.57e-69	211
g1849.t1	VFG043168(gb|AAZ99730)	54.167	216	99	0	30	245	27	242	7.38e-68	209
g1849.t1	VFG038857(gb|WP_005314307)	53.704	216	100	0	30	245	27	242	1.74e-67	208
g1849.t1	VFG016767(gb|WP_005767758)	46.000	250	128	3	1	243	1	250	9.04e-65	201
g1849.t1	VFG043217(gb|WP_002211448)	47.679	237	118	3	9	242	19	252	6.58e-64	199
g1849.t1	VFG043247(gb|NP_464203)	34.632	231	151	0	14	244	24	254	1.83e-47	157
g1849.t1	VFG042261(gb|AAS91806)	43.719	199	106	2	51	243	17	215	2.70e-46	153
g1849.t1	VFG011055(gb|WP_003809905)	41.748	206	102	3	54	243	19	222	2.94e-46	153
g1849.t1	VFG000044(gb|WP_004568087)	42.718	206	100	4	54	243	19	222	3.81e-46	153
g1849.t1	VFG007162(gb|WP_005377232)	42.714	199	108	2	51	243	17	215	4.50e-46	152
g1849.t1	VFG000188(gb|NP_250384)	42.857	196	106	3	54	243	20	215	8.76e-46	152
g1849.t1	VFG038352(gb|WP_005320745)	43.216	199	107	2	51	243	17	215	1.29e-45	151
g1849.t1	VFG041723(gb|WP_006480865)	39.906	213	115	3	42	243	8	218	5.28e-45	150
g1849.t1	VFG019948(gb|WP_012614298)	42.932	191	103	3	59	243	25	215	6.18e-45	150
g1849.t1	VFG001763(gb|WP_002221023)	40.670	209	118	4	41	243	7	215	4.61e-44	147
g1849.t1	VFG041660(gb|WP_012777223)	41.294	201	112	2	51	245	17	217	9.99e-44	146
g1849.t1	VFG041950(gb|WP_006451038)	40.000	205	116	4	45	243	10	213	1.21e-43	146
g1849.t1	VFG041764(gb|WP_004524345)	38.278	209	115	4	45	243	11	215	1.81e-43	146
g1849.t1	VFG000394(gb|WP_002212947)	42.487	193	105	3	57	243	23	215	2.32e-43	145
g1849.t1	VFG003471(gb|WP_005176829)	42.408	191	104	3	59	243	25	215	3.97e-43	145
g1849.t1	VFG041685(gb|WP_015888357)	38.350	206	113	3	48	243	15	216	4.37e-43	145
g1849.t1	VFG018442(gb|WP_000056362)	41.089	202	106	4	51	243	17	214	5.53e-43	144
g1849.t1	VFG041863(gb|WP_011136154)	39.904	208	119	4	42	243	8	215	6.40e-43	144
g1849.t1	VFG033663(gb|WP_001299990)	41.667	192	102	4	51	235	21	209	6.95e-43	144
g1849.t1	VFG023602(gb|WP_005156608)	41.146	192	107	4	58	243	24	215	9.75e-43	144
g1849.t1	VFG000827(gb|WP_001299599)	41.667	192	102	4	51	235	21	209	1.14e-42	144
g1849.t1	VFG042002(gb|WP_011004157)	36.190	210	120	3	45	243	10	216	4.48e-42	142
g1849.t1	VFG041532(gb|WP_012907134)	40.957	188	107	3	52	235	22	209	9.32e-42	141
g1849.t1	VFG041583(gb|WP_012847745)	42.408	191	105	3	58	243	24	214	2.50e-41	140
g1849.t1	VFG020896(gb|WP_000056366)	40.594	202	107	4	51	243	17	214	2.79e-41	140
g1849.t1	VFG000519(gb|NP_460384)	40.594	202	107	4	51	243	17	214	3.24e-41	140
g1849.t1	VFG020898(gb|WP_000056368)	40.594	202	107	4	51	243	17	214	5.26e-41	139
g1849.t1	VFG016906(gb|WP_011006890)	38.636	220	119	4	39	243	84	302	1.26e-40	141
g1849.t1	VFG003938(gb|WP_000056360)	40.099	202	108	4	51	243	17	214	1.70e-40	138
g1849.t1	VFG041814(gb|WP_011147912)	41.451	193	103	3	59	243	25	215	1.74e-40	138
g1849.t1	VFG016901(gb|WP_010883462)	39.216	204	109	2	55	243	102	305	2.53e-40	140
g1849.t1	VFG016907(gb|WP_011457633)	37.727	220	121	4	39	243	86	304	7.80e-40	139
g1849.t1	VFG016905(gb|WP_006344508)	38.182	220	120	4	39	243	86	304	8.87e-40	139
g1849.t1	VFG041782(gb|WP_011176700)	42.439	205	100	5	42	232	4	204	1.50e-39	135
g1849.t1	VFG041756(gb|WP_004188009)	36.667	210	117	4	45	243	11	215	3.18e-39	135
g1849.t1	VFG042232(gb|ABB77410)	36.667	210	116	5	46	245	13	215	5.02e-39	134
g1849.t1	VFG042172(gb|WP_010875102)	41.489	188	104	4	62	243	29	216	5.22e-39	134
g1849.t1	VFG041852(gb|WP_011136171)	40.099	202	102	5	52	239	15	211	6.34e-39	134
g1849.t1	VFG015576(gb|WP_009873902)	37.745	204	112	3	55	243	102	305	2.00e-38	135
g1849.t1	VFG002131(gb|NP_220077)	37.745	204	112	3	55	243	102	305	2.25e-38	135
g1849.t1	VFG041511(gb|WP_004155342)	37.089	213	111	6	46	245	13	215	3.08e-38	132
g1849.t1	VFG042084(gb|NP_311752)	35.349	215	131	3	39	245	2	216	4.30e-38	132
g1849.t1	VFG016900(gb|WP_010232273)	37.089	213	119	3	46	243	98	310	1.11e-37	134
g1849.t1	VFG042112(gb|WP_010913974)	38.220	191	104	5	63	243	30	216	1.91e-37	130
g1849.t1	VFG041469(gb|WP_004155882)	36.765	204	112	4	52	241	16	216	2.96e-37	130
g1849.t1	VFG043431(gb|WP_001220586)	35.023	217	139	2	16	232	26	240	9.68e-37	129
g1849.t1	VFG012710(gb|WP_000947540)	37.799	209	118	6	42	243	8	211	1.25e-36	128
g1849.t1	VFG001012(gb|NP_858286)	37.799	209	118	6	42	243	8	211	1.28e-36	128
g1849.t1	VFG041445(gb|WP_013036007)	37.313	201	115	4	52	241	16	216	1.31e-36	128
g1849.t1	VFG012707(gb|WP_000947538)	37.799	209	118	6	42	243	8	211	2.21e-36	127
g1849.t1	VFG002455(gb|WP_004188067)	35.047	214	123	5	45	243	9	221	4.71e-36	127
g1849.t1	VFG003519(gb|WP_032903070)	37.624	202	114	4	52	243	18	217	3.75e-34	122
g1849.t1	VFG025091(gb|WP_009896125)	32.883	222	129	5	41	243	5	225	1.13e-33	121
g1849.t1	VFG015214(gb|WP_002552414)	38.756	209	113	4	46	245	13	215	3.59e-32	117
g1849.t1	VFG018526(gb|WP_000526013)	38.350	206	104	4	52	239	15	215	3.85e-32	117
g1849.t1	VFG000551(gb|NP_461811)	38.350	206	104	4	52	239	15	215	4.57e-32	117
g1849.t1	VFG015212(gb|WP_003375709)	36.364	209	118	4	46	245	13	215	5.99e-32	116
g1849.t1	VFG015213(gb|WP_004406534)	38.756	209	113	4	46	245	13	215	7.34e-32	116
g1849.t1	VFG003723(gb|WP_000526017)	38.835	206	103	4	52	239	15	215	1.15e-31	115
g1849.t1	VFG003721(gb|WP_000526019)	37.864	206	105	4	52	239	15	215	4.49e-31	114
g1849.t1	VFG007189(gb|WP_005478169)	25.628	199	128	6	58	240	30	224	8.41e-10	57.0
g1849.t1	VFG041610(gb|WP_015835591)	27.184	206	123	6	59	239	31	234	1.63e-09	56.2
g1849.t1	VFG025429(gb|WP_004196779)	57.500	40	17	0	23	62	55	94	2.11e-06	45.1
