g4176.t1	VFG030301(gb|WP_012392129)	27.513	378	223	12	3	344	6	368	3.09e-25	104
g4176.t1	VFG030307(gb|WP_015303738)	28.836	378	218	12	3	344	6	368	8.48e-25	103
g4176.t1	VFG030300(gb|WP_014001575)	28.571	378	219	12	3	344	6	368	4.05e-24	101
g4176.t1	VFG030308(gb|WP_015291173)	28.571	378	219	12	3	344	6	368	6.31e-24	100
g4176.t1	VFG030286(gb|NP_217602)	28.571	378	219	12	3	344	6	368	6.31e-24	100
g4176.t1	VFG030323(gb|WP_015345151)	28.307	378	220	12	3	344	6	368	2.16e-23	99.4
g4176.t1	VFG030290(gb|WP_003894835)	27.019	359	211	12	10	332	13	356	1.81e-22	97.1
g4176.t1	VFG030318(gb|YP_007959090)	28.493	365	210	12	16	344	2	351	1.52e-21	94.0
g4176.t1	VFG030305(gb|WP_016343680)	28.042	378	221	12	3	344	6	368	6.02e-20	89.7
g4176.t1	VFG030295(gb|WP_011742363)	28.771	358	217	11	3	323	6	362	1.48e-18	85.9
g4176.t1	VFG030302(gb|WP_041318085)	29.570	372	205	14	12	344	15	368	1.42e-17	82.8
g4176.t1	VFG030293(gb|WP_011562028)	25.995	377	227	12	3	343	6	366	1.70e-15	76.6
g4176.t1	VFG030291(gb|WP_011857132)	25.995	377	227	12	3	343	6	366	3.55e-15	75.9
g4176.t1	VFG030304(gb|WP_011560572)	27.688	372	216	12	3	337	6	361	1.46e-14	73.9
g4176.t1	VFG030314(gb|YP_007962958)	29.612	206	109	6	3	185	6	198	2.86e-14	73.2
g4176.t1	VFG030297(gb|YP_001702819)	27.520	367	213	12	3	332	6	356	3.36e-14	72.8
g4176.t1	VFG014142(gb|WP_016254248)	25.243	309	168	7	65	343	90	365	1.00e-13	72.0
g4176.t1	VFG029831(gb|WP_014711138)	26.389	360	195	15	8	347	2998	3307	2.00e-10	62.4
g4176.t1	VFG029833(gb|WP_014379696)	26.389	360	195	15	8	347	2998	3307	2.13e-10	62.4
g4176.t1	VFG029832(gb|WP_014382190)	25.556	360	198	14	8	347	2998	3307	2.83e-10	62.0
g4176.t1	VFG029823(gb|WP_011726922)	24.850	334	178	12	8	322	2979	3258	4.53e-09	58.2
g4176.t1	VFG029835(gb|WP_016341938)	24.324	333	181	12	8	322	2998	3277	5.40e-09	57.8
g4176.t1	VFG029825(gb|WP_041309443)	25.368	272	153	9	8	268	2981	3213	1.12e-08	57.0
g4176.t1	VFG029828(gb|YP_001701685)	24.444	270	148	8	8	268	2996	3218	1.21e-08	57.0
g4176.t1	VFG029827(gb|WP_011777591)	23.333	270	151	8	8	268	2975	3197	1.48e-07	53.5
g4176.t1	VFG029821(gb|WP_011724326)	25.837	209	120	6	65	268	3022	3200	2.93e-07	52.4
g4176.t1	VFG029820(gb|WP_010949525)	25.837	209	120	6	65	268	3022	3200	3.03e-07	52.4
g4176.t1	VFG029830(gb|WP_013470437)	24.033	362	201	14	8	347	2993	3302	7.68e-06	48.1
g4176.t1	VFG029822(gb|WP_011891406)	24.167	360	203	14	8	347	2993	3302	7.95e-06	47.8
g4235.t1	VFG030295(gb|WP_011742363)	29.891	368	210	16	12	339	4	363	1.71e-20	91.7
g4235.t1	VFG030301(gb|WP_012392129)	26.420	352	210	14	33	351	25	360	5.97e-19	87.0
g4235.t1	VFG030297(gb|YP_001702819)	29.243	383	216	17	12	359	4	366	7.51e-19	86.7
g4235.t1	VFG030304(gb|WP_011560572)	29.351	385	213	17	12	359	4	366	3.07e-18	84.7
g4235.t1	VFG030323(gb|WP_015345151)	27.273	352	207	14	33	351	25	360	1.35e-17	83.2
g4235.t1	VFG030286(gb|NP_217602)	27.273	352	207	14	33	351	25	360	1.52e-17	82.8
g4235.t1	VFG030307(gb|WP_015303738)	27.273	352	207	14	33	351	25	360	1.69e-17	82.8
g4235.t1	VFG030300(gb|WP_014001575)	27.273	352	207	14	33	351	25	360	1.96e-17	82.4
g4235.t1	VFG030308(gb|WP_015291173)	27.273	352	207	14	33	351	25	360	3.03e-17	82.0
g4235.t1	VFG030318(gb|YP_007959090)	26.912	353	209	14	33	352	8	344	9.94e-17	80.1
g4235.t1	VFG030290(gb|WP_003894835)	26.361	349	206	14	33	347	25	356	1.13e-15	77.4
g4235.t1	VFG030291(gb|WP_011857132)	26.146	371	226	12	13	351	6	360	8.43e-15	74.7
g4235.t1	VFG030293(gb|WP_011562028)	25.876	371	227	12	13	351	6	360	1.07e-14	74.3
g4235.t1	VFG030302(gb|WP_041318085)	26.503	366	206	13	33	359	25	366	1.16e-13	71.2
g4235.t1	VFG029827(gb|WP_011777591)	28.346	254	134	8	26	277	2985	3192	3.31e-11	65.1
g4235.t1	VFG014142(gb|WP_016254248)	25.874	286	154	9	79	338	93	346	1.77e-10	62.4
g4235.t1	VFG029838(gb|WP_015304256)	28.346	254	134	9	26	277	2983	3190	1.82e-10	62.8
g4235.t1	VFG029831(gb|WP_014711138)	27.027	259	143	9	21	277	3001	3215	4.10e-10	61.6
g4235.t1	VFG029833(gb|WP_014379696)	27.027	259	143	9	21	277	3001	3215	4.48e-10	61.6
g4235.t1	VFG029823(gb|WP_011726922)	26.255	259	145	9	21	277	2982	3196	6.43e-10	60.8
g4235.t1	VFG026099(gb|WP_011402028)	25.667	300	178	10	77	363	1846	2113	8.24e-10	60.5
g4235.t1	VFG030305(gb|WP_016343680)	25.284	352	214	14	33	351	25	360	8.65e-10	59.7
g4235.t1	VFG029835(gb|WP_016341938)	26.129	310	172	11	21	326	3001	3257	8.77e-10	60.5
g4235.t1	VFG029828(gb|YP_001701685)	27.413	259	142	9	21	277	2999	3213	1.32e-09	60.1
g4235.t1	VFG029821(gb|WP_011724326)	27.626	257	138	8	25	279	2987	3197	2.31e-09	59.3
g4235.t1	VFG029820(gb|WP_010949525)	27.626	257	138	8	25	279	2987	3197	2.33e-09	59.3
g4235.t1	VFG029832(gb|WP_014382190)	26.641	259	144	9	21	277	3001	3215	3.62e-09	58.5
g4235.t1	VFG029825(gb|WP_041309443)	27.451	255	145	10	26	277	2991	3208	1.99e-08	56.2
g4235.t1	VFG026087(gb|WP_011544664)	27.333	300	173	12	77	363	1848	2115	3.24e-07	52.4
g4235.t1	VFG026088(gb|WP_011694168)	27.333	300	173	12	77	363	1848	2115	3.35e-07	52.4
g4235.t1	VFG026090(gb|WP_012327964)	27.333	300	173	12	77	363	1849	2116	3.63e-07	52.4
g4235.t1	VFG030314(gb|YP_007962958)	28.191	188	99	6	33	197	25	199	4.35e-07	51.2
g4235.t1	VFG002548(gb|WP_004550042)	27.000	300	174	12	77	363	1852	2119	2.54e-06	49.7
g4235.t1	VFG026092(gb|WP_004202217)	27.000	300	174	12	77	363	1852	2119	4.80e-06	48.5
g4235.t1	VFG026096(gb|WP_004527662)	27.000	300	174	12	77	363	1852	2119	4.84e-06	48.5
g4235.t1	VFG026091(gb|WP_004194140)	27.000	300	174	12	77	363	1852	2119	4.84e-06	48.5
g4235.t1	VFG026097(gb|WP_011852139)	27.000	300	174	12	77	363	1852	2119	5.05e-06	48.5
g4235.t1	VFG026095(gb|WP_004535489)	27.000	300	174	12	77	363	1852	2119	5.05e-06	48.5
g4235.t1	VFG007854(gb|WP_010908854)	23.950	238	161	10	137	360	1561	1792	7.27e-06	48.1
g4235.t1	VFG026089(gb|WP_006484972)	26.667	300	175	12	77	363	1851	2118	7.61e-06	48.1
g3036.t1	VFG030290(gb|WP_003894835)	28.000	350	212	11	25	343	27	367	8.54e-22	94.7
g3036.t1	VFG030293(gb|WP_011562028)	27.139	339	211	10	6	317	11	340	2.49e-17	82.0
g3036.t1	VFG030291(gb|WP_011857132)	27.152	302	187	8	6	280	11	306	3.99e-17	81.3
g3036.t1	VFG030301(gb|WP_012392129)	26.023	342	225	8	27	343	29	367	1.96e-16	79.3
g3036.t1	VFG030297(gb|YP_001702819)	30.451	266	154	8	27	265	29	290	1.35e-15	77.0
g3036.t1	VFG030304(gb|WP_011560572)	29.963	267	154	8	27	265	29	290	3.95e-15	75.5
g3036.t1	VFG030307(gb|WP_015303738)	27.397	292	185	7	27	293	29	318	1.84e-14	73.6
g3036.t1	VFG030300(gb|WP_014001575)	29.268	205	121	4	27	208	29	232	2.11e-14	73.2
g3036.t1	VFG030286(gb|NP_217602)	29.268	205	121	4	27	208	29	232	2.13e-14	73.2
g3036.t1	VFG030323(gb|WP_015345151)	29.268	205	121	4	27	208	29	232	2.19e-14	73.2
g3036.t1	VFG030318(gb|YP_007959090)	29.268	205	121	4	27	208	12	215	2.57e-14	72.8
g3036.t1	VFG030308(gb|WP_015291173)	29.268	205	121	4	27	208	29	232	2.92e-14	72.8
g3036.t1	VFG030305(gb|WP_016343680)	25.723	346	227	7	24	343	26	367	1.01e-13	71.2
g3036.t1	VFG030302(gb|WP_041318085)	23.324	343	233	7	27	343	29	367	1.23e-12	68.2
g3036.t1	VFG030295(gb|WP_011742363)	26.385	379	224	14	14	347	17	385	6.00e-12	66.2
g3036.t1	VFG014142(gb|WP_016254248)	32.278	158	75	3	54	211	90	215	2.18e-11	65.1
g3036.t1	VFG030314(gb|YP_007962958)	41.558	77	45	0	27	103	29	105	1.11e-09	58.9
