g2957.t1	VFG049018(gb|WP_002913007)	29.858	211	135	3	9	212	5	209	6.72e-28	104
g2957.t1	VFG049013(gb|WP_004201684)	29.858	211	135	3	9	212	5	209	7.16e-28	104
g2957.t1	VFG049010(gb|WP_004103995)	29.858	211	135	3	9	212	5	209	1.22e-27	104
g2957.t1	VFG049016(gb|WP_004899528)	29.384	211	136	3	9	212	5	209	6.33e-27	102
g2957.t1	VFG042685(gb|CAD56976)	29.858	211	132	5	10	211	6	209	1.82e-21	87.8
g2957.t1	VFG004096(gb|WP_000801270)	30.000	200	127	4	10	200	6	201	2.60e-21	87.4
g2957.t1	VFG021188(gb|WP_000801272)	30.000	200	127	4	10	200	6	201	2.92e-21	87.4
g2957.t1	VFG000449(gb|NP_459544)	29.500	200	128	3	10	200	6	201	7.99e-21	86.3
g2957.t1	VFG041501(gb|WP_004155354)	29.665	209	133	4	10	208	7	211	1.03e-20	85.9
g2957.t1	VFG004099(gb|WP_024131262)	29.000	200	129	3	10	200	6	201	2.58e-20	84.7
g2957.t1	VFG041575(gb|WP_012847751)	29.048	210	133	4	9	211	9	209	7.96e-20	83.6
g2957.t1	VFG041872(gb|WP_115610154)	29.245	212	134	5	3	207	7	209	1.52e-19	82.8
g2957.t1	VFG042242(gb|AAG01455)	27.907	215	129	4	10	208	7	211	1.65e-19	82.8
g2957.t1	VFG003357(gb|WP_011191565)	31.034	174	106	3	38	200	30	200	4.80e-18	79.0
g2957.t1	VFG017283(gb|WP_012105859)	31.034	174	106	3	38	200	30	200	5.73e-18	78.6
g2957.t1	VFG042668(gb|WP_006485047)	28.182	220	128	3	10	201	37	254	8.19e-18	79.3
g2957.t1	VFG001746(gb|WP_002209034)	30.460	174	107	3	38	200	30	200	1.93e-17	77.0
g2957.t1	VFG023572(gb|WP_005156725)	31.818	154	93	2	56	200	50	200	1.27e-16	75.1
g2957.t1	VFG003820(gb|WP_000666334)	27.273	154	100	2	56	200	51	201	6.09e-14	67.8
g2957.t1	VFG000492(gb|NP_460356)	27.273	154	100	2	56	200	51	201	6.41e-14	67.8
g2957.t1	VFG018489(gb|WP_000666339)	27.922	154	99	3	56	200	51	201	3.53e-13	65.9
g2957.t1	VFG045728(gb|WP_003635449)	23.697	211	147	4	10	210	4	210	6.02e-13	65.1
g2957.t1	VFG020690(gb|WP_000666336)	26.623	154	101	2	56	200	51	201	8.17e-13	64.7
g2957.t1	VFG011120(gb|WP_012417544)	27.014	211	134	6	10	208	4	206	1.29e-12	63.9
g2957.t1	VFG015091(gb|WP_003240627)	23.333	210	146	4	10	208	4	209	2.38e-12	63.5
g2957.t1	VFG010911(gb|WP_011947563)	24.883	213	142	4	10	210	4	210	2.64e-12	63.5
g2957.t1	VFG003539(gb|WP_011817144)	24.870	193	126	3	34	212	48	235	3.16e-12	63.5
g2957.t1	VFG015092(gb|WP_041755484)	22.381	210	148	4	10	208	4	209	1.16e-11	61.6
g2957.t1	VFG001889(gb|WP_011216518)	24.883	213	142	5	10	210	4	210	1.98e-11	60.8
g2957.t1	VFG002044(gb|WP_010930609)	27.358	212	133	7	10	208	5	208	2.82e-11	60.5
g2957.t1	VFG024200(gb|WP_008262428)	24.057	212	141	4	10	208	10	214	3.08e-09	54.7
g2957.t1	VFG042095(gb|NP_311739)	25.253	198	137	4	10	200	6	199	2.15e-08	52.4
g2957.t1	VFG022956(gb|WP_013829907)	26.901	171	109	5	36	193	27	194	2.06e-06	46.6
g2957.t1	VFG009892(gb|WP_003896645)	24.561	171	113	4	36	193	27	194	3.88e-06	45.8
g3786.t1	VFG049013(gb|WP_004201684)	40.376	213	118	4	4	213	5	211	1.01e-47	155
g3786.t1	VFG049018(gb|WP_002913007)	40.376	213	118	4	4	213	5	211	1.31e-47	155
g3786.t1	VFG049010(gb|WP_004103995)	40.376	213	118	4	4	213	5	211	2.59e-47	154
g3786.t1	VFG049016(gb|WP_004899528)	39.906	213	119	4	4	213	5	211	1.22e-46	153
g3786.t1	VFG042668(gb|WP_006485047)	36.652	221	117	5	4	204	36	253	1.85e-31	115
g3786.t1	VFG001889(gb|WP_011216518)	29.353	201	137	3	4	203	3	199	5.46e-27	102
g3786.t1	VFG010911(gb|WP_011947563)	29.353	201	137	3	4	203	3	199	1.55e-26	101
g3786.t1	VFG045728(gb|WP_003635449)	29.557	203	134	4	4	203	3	199	1.06e-25	99.4
g3786.t1	VFG041501(gb|WP_004155354)	30.952	210	128	4	4	206	6	205	3.68e-25	97.8
g3786.t1	VFG042242(gb|AAG01455)	29.412	204	139	3	4	206	6	205	7.55e-23	91.7
g3786.t1	VFG024200(gb|WP_008262428)	31.455	213	133	4	5	212	10	214	2.27e-21	87.8
g3786.t1	VFG000449(gb|NP_459544)	28.169	213	139	4	5	212	6	209	5.74e-21	86.7
g3786.t1	VFG021188(gb|WP_000801272)	28.169	213	139	4	5	212	6	209	7.23e-21	86.3
g3786.t1	VFG042685(gb|CAD56976)	28.641	206	139	4	5	208	6	205	8.55e-21	86.3
g3786.t1	VFG004099(gb|WP_024131262)	27.700	213	140	4	5	212	6	209	8.64e-21	86.3
g3786.t1	VFG004096(gb|WP_000801270)	28.169	213	139	4	5	212	6	209	1.21e-20	85.9
g3786.t1	VFG015091(gb|WP_003240627)	27.488	211	147	3	4	212	3	209	2.45e-20	85.1
g3786.t1	VFG015092(gb|WP_041755484)	27.861	201	141	2	4	203	3	200	7.74e-20	83.6
g3786.t1	VFG015080(gb|NP_251276)	27.014	211	148	3	4	212	3	209	2.52e-19	82.4
g3786.t1	VFG015089(gb|WP_011061841)	29.717	212	140	6	4	212	3	208	3.52e-19	82.0
g3786.t1	VFG019944(gb|WP_003190387)	28.436	211	144	4	4	212	3	208	4.29e-19	81.6
g3786.t1	VFG015785(gb|WP_012315215)	28.302	212	142	5	4	212	3	207	7.53e-19	80.9
g3786.t1	VFG015084(gb|WP_002553344)	27.488	211	147	3	4	212	3	209	1.43e-18	80.5
g3786.t1	VFG015086(gb|WP_003251380)	28.302	212	142	5	4	212	3	207	2.39e-18	79.7
g3786.t1	VFG023572(gb|WP_005156725)	30.909	220	132	7	1	212	1	208	3.52e-18	79.3
g3786.t1	VFG015088(gb|WP_011534583)	28.302	212	142	5	4	212	3	207	3.70e-18	79.3
g3786.t1	VFG015083(gb|WP_005737926)	27.014	211	148	3	4	212	3	209	1.28e-17	77.8
g3786.t1	VFG015090(gb|WP_041475303)	27.488	211	146	4	4	212	3	208	1.33e-17	77.8
g3786.t1	VFG015085(gb|WP_011168507)	27.014	211	148	3	4	212	3	209	3.14e-17	76.6
g3786.t1	VFG001746(gb|WP_002209034)	29.954	217	138	5	1	212	1	208	1.50e-16	74.7
g3786.t1	VFG003357(gb|WP_011191565)	29.493	217	139	4	1	212	1	208	1.94e-16	74.3
g3786.t1	VFG017283(gb|WP_012105859)	29.493	217	139	5	1	212	1	208	2.67e-16	74.3
g3786.t1	VFG003539(gb|WP_011817144)	30.846	201	120	5	25	212	42	236	4.49e-15	71.2
g3786.t1	VFG009896(gb|WP_011768347)	30.660	212	129	9	3	205	2	204	5.69e-15	70.5
g3786.t1	VFG024201(gb|WP_008259378)	30.516	213	132	8	4	209	3	206	2.41e-14	68.9
g3786.t1	VFG041872(gb|WP_115610154)	29.016	193	129	3	4	195	13	198	2.93e-14	68.6
g3786.t1	VFG024972(gb|WP_011401051)	31.308	214	137	7	4	213	9	216	5.34e-14	68.2
g3786.t1	VFG002440(gb|WP_011204593)	31.818	220	128	9	4	213	9	216	1.03e-13	67.4
g3786.t1	VFG009892(gb|WP_003896645)	30.000	210	129	9	4	204	3	203	1.51e-13	66.6
g3786.t1	VFG041575(gb|WP_012847751)	28.230	209	142	3	5	212	10	211	5.22e-13	65.5
g3786.t1	VFG018489(gb|WP_000666339)	27.461	193	134	3	4	195	5	192	7.53e-13	64.7
g3786.t1	VFG009890(gb|WP_009978588)	30.476	210	128	9	4	204	3	203	8.05e-13	65.1
g3786.t1	VFG027255(gb|WP_005061475)	29.000	200	128	6	5	198	4	195	1.78e-12	63.9
g3786.t1	VFG001824(gb|NP_217649)	29.108	213	135	8	4	209	3	206	1.90e-12	63.9
g3786.t1	VFG022951(gb|YP_001704619)	29.000	200	128	6	5	198	4	195	2.01e-12	63.5
g3786.t1	VFG009893(gb|WP_011894699)	29.032	217	136	9	4	211	3	210	2.01e-12	63.5
g3786.t1	VFG027258(gb|WP_015291223)	29.108	213	135	8	4	209	3	206	2.21e-12	63.5
g3786.t1	VFG024199(gb|WP_013471927)	29.032	217	136	9	4	211	3	210	2.61e-12	63.5
g3786.t1	VFG027265(gb|YP_007963009)	29.108	213	135	8	4	209	3	206	2.73e-12	63.5
g3786.t1	VFG009889(gb|WP_003874670)	30.000	210	129	9	4	204	3	203	3.25e-12	63.2
g3786.t1	VFG027270(gb|YP_007959134)	30.198	202	125	8	4	198	3	195	5.25e-12	62.4
g3786.t1	VFG000492(gb|NP_460356)	26.943	193	135	3	4	195	5	192	1.01e-11	61.6
g3786.t1	VFG009891(gb|WP_011740390)	29.245	212	134	8	5	209	4	206	1.34e-11	61.6
g3786.t1	VFG003820(gb|WP_000666334)	26.943	193	135	3	4	195	5	192	1.70e-11	61.2
g3786.t1	VFG022956(gb|WP_013829907)	28.502	207	134	8	5	204	4	203	1.44e-10	58.5
g3786.t1	VFG020690(gb|WP_000666336)	26.425	193	136	3	4	195	5	192	1.81e-10	58.2
g3786.t1	VFG009895(gb|WP_011778690)	29.245	212	132	9	3	205	2	204	1.83e-10	58.2
g3786.t1	VFG009899(gb|WP_179967853)	31.429	210	126	9	5	205	3	203	2.55e-10	57.8
g3786.t1	VFG002044(gb|WP_010930609)	26.147	218	147	8	1	213	1	209	2.68e-10	57.8
g3786.t1	VFG009897(gb|WP_011558491)	31.429	210	126	9	5	205	16	216	4.99e-10	57.4
g3786.t1	VFG043402(gb|YP_002344511)	33.945	109	63	4	4	108	2	105	1.64e-08	51.2
g3786.t1	VFG009894(gb|WP_011779768)	29.384	211	131	9	4	205	3	204	6.11e-08	51.2
g3786.t1	VFG011120(gb|WP_012417544)	26.047	215	144	9	4	213	3	207	7.39e-07	47.8
g3786.t1	VFG013989(gb|WP_011167664)	33.750	80	44	2	29	108	35	105	9.26e-06	45.4
g3786.t1	VFG014393(gb|WP_012019025)	36.667	90	50	3	1	89	1	84	9.71e-06	45.4
g4159.t1	VFG049018(gb|WP_002913007)	38.537	205	123	2	3	205	1	204	8.96e-50	161
g4159.t1	VFG049013(gb|WP_004201684)	38.537	205	123	2	3	205	1	204	9.36e-50	161
g4159.t1	VFG049010(gb|WP_004103995)	38.049	205	124	2	3	205	1	204	4.09e-49	159
g4159.t1	VFG049016(gb|WP_004899528)	38.049	205	124	2	3	205	1	204	1.15e-48	158
g4159.t1	VFG042668(gb|WP_006485047)	30.000	220	131	3	6	203	35	253	3.71e-27	104
g4159.t1	VFG041501(gb|WP_004155354)	30.144	209	131	4	6	206	5	206	7.43e-23	91.7
g4159.t1	VFG042242(gb|AAG01455)	30.097	206	135	4	6	206	5	206	2.29e-22	90.5
g4159.t1	VFG003820(gb|WP_000666334)	26.108	203	144	3	7	206	5	204	3.14e-20	84.7
g4159.t1	VFG018489(gb|WP_000666339)	26.108	203	144	2	7	206	5	204	4.38e-20	84.3
g4159.t1	VFG000492(gb|NP_460356)	26.108	203	144	3	7	206	5	204	4.77e-20	84.3
g4159.t1	VFG023572(gb|WP_005156725)	26.108	203	144	2	7	206	4	203	9.03e-20	83.6
g4159.t1	VFG045728(gb|WP_003635449)	25.366	205	146	3	6	206	2	203	1.12e-18	80.9
g4159.t1	VFG020690(gb|WP_000666336)	25.616	203	145	3	7	206	5	204	1.37e-18	80.5
g4159.t1	VFG015092(gb|WP_041755484)	27.723	202	138	2	6	202	2	200	1.39e-18	80.5
g4159.t1	VFG041872(gb|WP_115610154)	27.451	204	138	3	7	206	13	210	1.58e-18	80.1
g4159.t1	VFG003539(gb|WP_011817144)	29.101	189	123	3	30	208	46	233	4.06e-18	79.7
g4159.t1	VFG001889(gb|WP_011216518)	24.878	205	147	3	6	206	2	203	4.39e-18	79.0
g4159.t1	VFG001746(gb|WP_002209034)	27.094	203	142	2	7	206	4	203	8.27e-18	78.2
g4159.t1	VFG010911(gb|WP_011947563)	24.390	205	148	3	6	206	2	203	1.68e-17	77.4
g4159.t1	VFG017283(gb|WP_012105859)	26.601	203	143	2	7	206	4	203	1.74e-17	77.4
g4159.t1	VFG003357(gb|WP_011191565)	27.094	203	142	2	7	206	4	203	2.17e-17	77.0
g4159.t1	VFG015085(gb|WP_011168507)	25.743	202	142	2	6	202	2	200	2.23e-16	74.3
g4159.t1	VFG019944(gb|WP_003190387)	26.829	205	143	3	6	206	2	203	2.46e-16	74.3
g4159.t1	VFG015084(gb|WP_002553344)	26.238	202	141	3	6	202	2	200	5.81e-16	73.2
g4159.t1	VFG015091(gb|WP_003240627)	26.238	202	141	3	6	202	2	200	5.87e-16	73.2
g4159.t1	VFG015083(gb|WP_005737926)	26.238	202	141	3	6	202	2	200	1.54e-15	72.0
g4159.t1	VFG015089(gb|WP_011061841)	26.829	205	143	3	6	206	2	203	2.31e-15	71.6
g4159.t1	VFG004099(gb|WP_024131262)	26.108	203	142	3	8	206	6	204	5.14e-15	70.9
g4159.t1	VFG024972(gb|WP_011401051)	26.923	208	138	5	7	206	9	210	5.70e-15	70.9
g4159.t1	VFG000449(gb|NP_459544)	26.108	203	142	3	8	206	6	204	8.07e-15	70.1
g4159.t1	VFG021188(gb|WP_000801272)	26.108	203	142	3	8	206	6	204	1.44e-14	69.3
g4159.t1	VFG004096(gb|WP_000801270)	26.108	203	142	3	8	206	6	204	1.72e-14	69.3
g4159.t1	VFG015080(gb|NP_251276)	25.743	202	142	3	6	202	2	200	2.03e-14	69.3
g4159.t1	VFG002440(gb|WP_011204593)	26.341	205	143	2	7	206	9	210	2.73e-14	68.9
g4159.t1	VFG015090(gb|WP_041475303)	25.854	205	145	3	6	206	2	203	4.46e-14	68.2
g4159.t1	VFG042685(gb|CAD56976)	26.108	203	142	3	8	206	6	204	4.48e-14	68.2
g4159.t1	VFG041575(gb|WP_012847751)	26.570	207	148	2	1	206	3	206	1.44e-13	67.0
g4159.t1	VFG015785(gb|WP_012315215)	25.490	204	146	3	6	206	2	202	1.73e-13	66.6
g4159.t1	VFG015086(gb|WP_003251380)	25.980	204	145	3	6	206	2	202	2.42e-13	66.2
g4159.t1	VFG015088(gb|WP_011534583)	25.490	204	146	3	6	206	2	202	8.75e-13	64.7
g4159.t1	VFG027255(gb|WP_005061475)	22.727	198	145	2	6	198	2	196	3.01e-10	57.8
g4159.t1	VFG022951(gb|YP_001704619)	22.727	198	145	2	6	198	2	196	3.85e-10	57.4
g4159.t1	VFG024200(gb|WP_008262428)	25.943	212	136	4	6	206	8	209	6.02e-10	57.0
g4159.t1	VFG024201(gb|WP_008259378)	24.286	210	147	5	6	208	2	206	1.22e-08	53.1
g4159.t1	VFG009891(gb|WP_011740390)	24.286	210	147	5	6	208	2	206	3.05e-08	52.0
g4159.t1	VFG009892(gb|WP_003896645)	24.242	198	142	4	6	198	2	196	5.32e-08	51.2
g4159.t1	VFG042095(gb|NP_311739)	24.757	206	145	4	5	206	3	202	6.34e-08	51.2
g4159.t1	VFG002044(gb|WP_010930609)	23.039	204	149	4	7	206	4	203	1.08e-07	50.4
g4159.t1	VFG011120(gb|WP_012417544)	26.108	203	143	4	7	206	3	201	2.28e-07	49.3
g4159.t1	VFG027258(gb|WP_015291223)	22.488	209	152	4	6	208	2	206	3.10e-07	49.3
g4159.t1	VFG001824(gb|NP_217649)	22.488	209	152	4	6	208	2	206	3.55e-07	48.9
g4159.t1	VFG027265(gb|YP_007963009)	22.488	209	152	4	6	208	2	206	5.31e-07	48.5
g4159.t1	VFG027270(gb|YP_007959134)	22.613	199	144	4	6	198	2	196	7.48e-07	48.1
g4159.t1	VFG009893(gb|WP_011894699)	24.000	200	140	5	6	198	2	196	9.65e-07	47.8
g4159.t1	VFG024199(gb|WP_013471927)	24.000	200	140	5	6	198	2	196	1.01e-06	47.8
g4159.t1	VFG009896(gb|WP_011768347)	24.000	200	140	5	6	198	2	196	1.07e-06	47.8
g4159.t1	VFG009895(gb|WP_011778690)	24.000	200	140	5	6	198	2	196	1.09e-06	47.4
g4159.t1	VFG009889(gb|WP_003874670)	22.727	198	145	4	6	198	2	196	1.70e-06	47.0
g4159.t1	VFG009890(gb|WP_009978588)	22.727	198	145	4	6	198	2	196	3.22e-06	46.2
g2117.t1	VFG049018(gb|WP_002913007)	98.122	213	4	0	1	213	4	216	2.25e-151	418
g2117.t1	VFG049010(gb|WP_004103995)	98.122	213	4	0	1	213	4	216	2.43e-151	418
g2117.t1	VFG049013(gb|WP_004201684)	98.122	213	4	0	1	213	4	216	2.86e-151	418
g2117.t1	VFG049016(gb|WP_004899528)	97.653	213	5	0	1	213	4	216	1.64e-150	416
g2117.t1	VFG042668(gb|WP_006485047)	32.735	223	122	5	1	199	35	253	1.69e-27	105
g2117.t1	VFG041872(gb|WP_115610154)	31.841	201	130	3	3	201	14	209	8.94e-23	91.7
g2117.t1	VFG023572(gb|WP_005156725)	29.353	201	137	3	3	201	5	202	5.74e-21	86.7
g2117.t1	VFG045728(gb|WP_003635449)	28.641	206	140	3	1	203	2	203	1.17e-19	83.2
g2117.t1	VFG041501(gb|WP_004155354)	28.571	210	144	2	1	207	5	211	1.43e-19	82.8
g2117.t1	VFG042685(gb|CAD56976)	31.841	201	132	2	3	201	6	203	1.85e-19	82.4
g2117.t1	VFG000492(gb|NP_460356)	27.500	200	140	2	3	200	6	202	6.44e-19	81.3
g2117.t1	VFG000449(gb|NP_459544)	31.220	205	136	2	2	204	5	206	9.02e-19	80.9
g2117.t1	VFG003820(gb|WP_000666334)	27.500	200	140	2	3	200	6	202	9.67e-19	80.9
g2117.t1	VFG001889(gb|WP_011216518)	27.273	209	139	4	1	203	2	203	1.32e-18	80.5
g2117.t1	VFG004099(gb|WP_024131262)	30.769	208	139	2	2	207	5	209	1.47e-18	80.1
g2117.t1	VFG010911(gb|WP_011947563)	27.273	209	139	4	1	203	2	203	1.65e-18	80.1
g2117.t1	VFG021188(gb|WP_000801272)	31.250	208	138	2	2	207	5	209	1.85e-18	80.1
g2117.t1	VFG004096(gb|WP_000801270)	31.250	208	138	2	2	207	5	209	2.07e-18	79.7
g2117.t1	VFG042242(gb|AAG01455)	27.941	204	141	2	1	201	5	205	1.12e-17	77.8
g2117.t1	VFG020690(gb|WP_000666336)	27.000	200	141	2	3	200	6	202	1.26e-17	77.8
g2117.t1	VFG001746(gb|WP_002209034)	27.363	201	141	3	3	201	5	202	3.24e-17	76.6
g2117.t1	VFG018489(gb|WP_000666339)	26.500	200	142	2	3	200	6	202	3.26e-17	76.6
g2117.t1	VFG041575(gb|WP_012847751)	27.723	202	141	3	1	201	8	205	4.11e-17	76.3
g2117.t1	VFG003357(gb|WP_011191565)	26.866	201	142	3	3	201	5	202	4.56e-17	76.3
g2117.t1	VFG017283(gb|WP_012105859)	26.866	201	142	3	3	201	5	202	6.16e-17	75.9
g2117.t1	VFG003539(gb|WP_011817144)	32.258	155	99	2	53	207	88	236	1.84e-14	69.7
g2117.t1	VFG042095(gb|NP_311739)	30.049	203	131	6	1	199	4	199	1.02e-13	67.0
g2117.t1	VFG024972(gb|WP_011401051)	26.923	208	137	4	2	201	9	209	4.50e-13	65.5
g2117.t1	VFG002440(gb|WP_011204593)	26.442	208	138	4	2	201	9	209	3.99e-12	63.2
g2117.t1	VFG015092(gb|WP_041755484)	23.039	204	146	3	1	198	2	200	4.56e-11	60.1
g2117.t1	VFG009892(gb|WP_003896645)	25.628	199	139	5	1	194	2	196	1.19e-10	58.5
g2117.t1	VFG015091(gb|WP_003240627)	22.772	202	149	2	1	198	2	200	1.40e-10	58.5
g2117.t1	VFG009896(gb|WP_011768347)	26.108	203	133	6	1	194	2	196	1.63e-10	58.5
g2117.t1	VFG015080(gb|NP_251276)	23.267	202	148	3	1	198	2	200	2.98e-10	57.8
g2117.t1	VFG009891(gb|WP_011740390)	24.876	201	138	6	1	194	2	196	6.73e-10	56.6
g2117.t1	VFG022956(gb|WP_013829907)	26.633	199	137	6	1	194	2	196	1.05e-09	56.2
g2117.t1	VFG019944(gb|WP_003190387)	24.378	201	146	4	1	198	2	199	1.18e-09	55.8
g2117.t1	VFG027265(gb|YP_007963009)	25.628	199	139	5	1	194	2	196	1.84e-09	55.5
g2117.t1	VFG015086(gb|WP_003251380)	23.500	200	148	3	1	198	2	198	1.89e-09	55.5
g2117.t1	VFG027255(gb|WP_005061475)	23.232	198	143	5	1	193	2	195	1.99e-09	55.5
g2117.t1	VFG015785(gb|WP_012315215)	23.000	200	149	3	1	198	2	198	2.08e-09	55.1
g2117.t1	VFG009893(gb|WP_011894699)	25.373	201	137	6	1	194	2	196	3.21e-09	54.7
g2117.t1	VFG015088(gb|WP_011534583)	23.500	200	148	3	1	198	2	198	3.50e-09	54.7
g2117.t1	VFG024199(gb|WP_013471927)	25.373	201	137	6	1	194	2	196	3.76e-09	54.7
g2117.t1	VFG027270(gb|YP_007959134)	25.373	201	137	6	1	194	2	196	4.02e-09	54.3
g2117.t1	VFG009895(gb|WP_011778690)	27.273	209	123	6	1	194	2	196	4.52e-09	54.3
g2117.t1	VFG022951(gb|YP_001704619)	22.727	198	144	5	1	193	2	195	4.67e-09	54.3
g2117.t1	VFG024201(gb|WP_008259378)	25.126	199	140	5	1	194	2	196	5.15e-09	54.3
g2117.t1	VFG001824(gb|NP_217649)	25.373	201	137	6	1	194	2	196	5.62e-09	53.9
g2117.t1	VFG027258(gb|WP_015291223)	25.373	201	137	6	1	194	2	196	6.26e-09	53.9
g2117.t1	VFG015089(gb|WP_011061841)	22.388	201	150	2	1	198	2	199	1.08e-08	53.1
g2117.t1	VFG015083(gb|WP_005737926)	21.782	202	151	2	1	198	2	200	1.96e-08	52.4
g2117.t1	VFG011120(gb|WP_012417544)	24.876	201	143	5	3	200	4	199	3.42e-08	51.6
g2117.t1	VFG015090(gb|WP_041475303)	22.222	198	148	2	4	198	5	199	3.59e-08	51.6
g2117.t1	VFG015084(gb|WP_002553344)	21.287	202	152	2	1	198	2	200	3.77e-08	51.6
g2117.t1	VFG015085(gb|WP_011168507)	21.287	202	152	2	1	198	2	200	5.34e-08	51.2
g2117.t1	VFG009889(gb|WP_003874670)	25.126	199	140	5	1	194	2	196	9.37e-08	50.8
g2117.t1	VFG009890(gb|WP_009978588)	25.126	199	140	5	1	194	2	196	1.04e-07	50.4
g2117.t1	VFG002044(gb|WP_010930609)	24.378	201	145	3	3	200	5	201	1.43e-07	50.1
g2117.t1	VFG009899(gb|WP_179967853)	27.638	199	135	6	1	194	1	195	2.30e-07	49.3
g2117.t1	VFG009897(gb|WP_011558491)	26.291	213	148	6	1	208	14	222	1.85e-06	47.0
