g479.t1	VFG016409(gb|WP_001103738)	44.444	90	48	1	1	90	54	141	1.18e-15	70.5
g479.t1	VFG005975(gb|WP_011226040)	43.820	89	49	1	2	89	68	156	4.55e-14	66.2
g479.t1	VFG038035(gb|WP_000177816)	46.250	80	30	2	11	85	142	213	9.43e-10	55.8
g479.t1	VFG037941(gb|WP_000177817)	46.250	80	30	2	11	85	142	213	1.14e-09	55.5
g479.t1	VFG050279(gb|WP_000266826)	37.647	85	51	1	1	85	51	133	2.92e-08	50.4
g479.t1	VFG050275(gb|WP_000098186)	32.967	91	57	2	2	92	86	172	2.02e-07	48.9
g2304.t1	VFG005975(gb|WP_011226040)	36.735	147	82	4	22	164	13	152	1.92e-20	84.3
g2304.t1	VFG016409(gb|WP_001103738)	36.296	135	75	3	39	164	4	136	8.73e-19	79.3
g2304.t1	VFG050279(gb|WP_000266826)	35.507	138	86	2	31	167	1	136	8.92e-18	76.6
g2304.t1	VFG050275(gb|WP_000098186)	32.886	149	87	5	29	170	27	169	1.96e-13	66.2
g2304.t1	VFG014102(gb|NP_251846)	31.538	130	68	3	55	165	26	153	4.46e-09	54.3
g2304.t1	VFG045302(gb|WP_010946491)	38.938	113	51	3	64	160	90	200	6.70e-09	53.9
g2304.t1	VFG037928(gb|YP_001083151)	32.308	130	67	3	55	165	26	153	9.12e-08	50.4
g2304.t1	VFG052303(gb|WP_005766762.1)	38.462	78	46	1	88	165	119	194	9.26e-07	48.5
g2304.t1	VFG050167(gb|WP_000038461)	30.693	101	54	2	64	164	119	203	4.03e-06	45.8
g2304.t1	VFG052306(gb|WP_012231509.1)	30.556	144	81	5	29	165	63	194	6.91e-06	45.8
g2140.t1	VFG016409(gb|WP_001103738)	35.354	99	58	2	104	201	30	123	7.48e-11	58.5
g2140.t1	VFG005975(gb|WP_011226040)	31.313	99	66	1	108	206	48	144	3.58e-08	51.2
g2140.t1	VFG050279(gb|WP_000266826)	32.381	105	65	2	104	207	27	126	1.27e-07	49.3
g2140.t1	VFG050275(gb|WP_000098186)	28.205	117	77	1	116	232	74	183	5.64e-06	45.4
g3217.t1	VFG014102(gb|NP_251846)	100.000	191	0	0	1	191	1	191	5.70e-142	392
g3217.t1	VFG037928(gb|YP_001083151)	82.105	190	32	1	1	188	1	190	4.79e-117	330
g3217.t1	VFG000037(gb|WP_003807114)	74.157	178	44	1	6	181	5	182	8.72e-97	278
g3217.t1	VFG011173(gb|WP_012415801)	71.978	182	49	1	6	185	4	185	3.48e-94	272
g3217.t1	VFG018005(gb|WP_002932643)	36.364	132	83	1	15	146	11	141	4.23e-25	95.1
g3217.t1	VFG005041(gb|WP_001216898)	31.783	129	75	3	28	152	51	170	4.11e-09	53.9
g3217.t1	VFG052306(gb|WP_012231509.1)	29.167	168	95	4	6	149	7	174	1.13e-08	53.1
g3217.t1	VFG052304(gb|WP_011180555.1)	29.167	168	95	4	6	149	7	174	4.65e-08	51.6
g3217.t1	VFG011224(gb|WP_012415793)	26.087	207	102	7	14	172	27	230	1.73e-07	50.1
g3217.t1	VFG052305(gb|WP_011179436.1)	27.381	168	98	4	6	149	7	174	3.52e-07	48.9
g3217.t1	VFG005975(gb|WP_011226040)	48.837	43	22	0	110	152	110	152	5.07e-07	47.4
g3217.t1	VFG050167(gb|WP_000038461)	25.600	125	64	4	41	152	95	203	6.82e-06	44.7
g3889.t1	VFG016409(gb|WP_001103738)	38.636	132	78	2	38	168	7	136	2.26e-22	89.7
g3889.t1	VFG005975(gb|WP_011226040)	35.075	134	79	3	36	168	26	152	1.65e-18	79.7
g3889.t1	VFG050279(gb|WP_000266826)	33.333	135	87	2	35	168	1	133	1.12e-17	77.4
g3889.t1	VFG050275(gb|WP_000098186)	27.206	136	95	2	50	185	51	182	2.32e-13	66.6
g3889.t1	VFG014102(gb|NP_251846)	29.496	139	75	4	58	175	25	161	1.01e-07	50.8
g3889.t1	VFG038035(gb|WP_000177816)	42.308	78	42	2	94	171	142	216	9.96e-07	48.1
g3889.t1	VFG037941(gb|WP_000177817)	42.308	78	42	2	94	171	142	216	1.32e-06	47.8
g3889.t1	VFG037928(gb|YP_001083151)	28.859	149	78	6	65	187	32	178	2.81e-06	46.6
g3889.t1	VFG048896(gb|WP_015875024)	24.375	160	99	5	30	168	8	166	3.92e-06	45.8
g1975.t1	VFG005975(gb|WP_011226040)	39.474	114	67	1	46	157	37	150	1.02e-20	83.2
g1975.t1	VFG016409(gb|WP_001103738)	35.115	131	82	3	30	158	6	135	1.56e-16	72.0
g1975.t1	VFG050279(gb|WP_000266826)	35.252	139	79	5	21	158	4	132	7.06e-13	62.4
g1975.t1	VFG050275(gb|WP_000098186)	29.457	129	82	4	31	158	44	164	4.61e-08	50.1
g3458.t1	VFG005975(gb|WP_011226040)	43.269	104	58	1	140	242	47	150	1.00e-16	75.5
g3458.t1	VFG016409(gb|WP_001103738)	34.351	131	77	3	131	260	24	146	1.33e-15	72.0
g3458.t1	VFG050279(gb|WP_000266826)	31.818	132	87	2	114	244	4	133	2.06e-15	71.2
g3458.t1	VFG050275(gb|WP_000098186)	33.600	125	73	2	126	247	51	168	1.13e-14	70.5
g3458.t1	VFG045302(gb|WP_010946491)	35.577	104	57	2	138	241	108	201	2.32e-08	53.1
g3458.t1	VFG014102(gb|NP_251846)	27.559	127	69	3	142	245	27	153	4.64e-07	48.9
g3458.t1	VFG037928(gb|YP_001083151)	26.087	138	79	3	142	256	27	164	1.39e-06	47.8
g3458.t1	VFG048896(gb|WP_015875024)	45.455	44	24	0	201	244	123	166	2.47e-06	46.6
g3458.t1	VFG000037(gb|WP_003807114)	24.848	165	109	3	115	271	21	178	5.11e-06	45.8
g3458.t1	VFG011173(gb|WP_012415801)	26.174	149	97	3	115	256	20	162	9.78e-06	45.1
