g1069.t1	VFG042510(gb|AAO73844)	31.053	190	119	4	121	309	4	182	4.50e-22	91.7
g1069.t1	VFG042511(gb|AAO73845)	29.630	189	121	3	121	308	5	182	6.01e-22	91.3
g1069.t1	VFG012274(gb|WP_000044708)	32.275	189	117	4	121	308	5	183	6.17e-22	91.3
g1069.t1	VFG000872(gb|WP_000044711)	32.275	189	117	4	121	308	5	183	7.12e-22	91.3
g1069.t1	VFG012271(gb|WP_000044700)	32.275	189	117	4	121	308	5	183	7.42e-22	91.3
g1069.t1	VFG048238(gb|WP_020947346)	31.053	190	118	4	121	308	5	183	5.67e-21	89.0
g1069.t1	VFG048237(gb|WP_002916189)	31.053	190	118	4	121	308	5	183	1.97e-20	87.4
g1069.t1	VFG033169(gb|WP_000790592)	29.231	195	126	3	123	316	13	196	2.98e-20	86.7
g1069.t1	VFG012263(gb|NP_418732)	29.231	195	126	3	123	316	13	196	6.54e-20	85.9
g1069.t1	VFG012267(gb|WP_000790577)	28.718	195	127	3	123	316	13	196	7.39e-20	85.9
g1069.t1	VFG000871(gb|WP_000790574)	28.718	195	127	3	123	316	13	196	9.14e-20	85.5
g1069.t1	VFG048239(gb|WP_012540621)	29.630	189	122	3	121	308	5	183	9.44e-20	85.5
g1069.t1	VFG033171(gb|WP_000790568)	28.718	195	127	3	123	316	13	196	1.32e-19	85.1
g1069.t1	VFG048226(gb|WP_004151951)	30.769	195	121	4	123	316	13	194	2.08e-19	84.3
g1069.t1	VFG048229(gb|WP_015875142)	30.769	195	121	4	123	316	13	194	2.45e-19	84.3
g1069.t1	VFG048225(gb|YP_005228652)	30.769	195	121	4	123	316	21	202	3.10e-19	84.3
g1069.t1	VFG048224(gb|WP_042931240)	30.256	195	122	4	123	316	1	182	4.45e-19	83.2
g1069.t1	VFG033166(gb|WP_000790593)	28.718	195	127	3	123	316	13	196	1.21e-18	82.4
g1069.t1	VFG048231(gb|WP_012967261)	29.947	187	119	3	123	308	13	188	1.69e-18	82.0
g1069.t1	VFG048222(gb|WP_014838689)	32.584	178	108	4	121	297	5	171	4.54e-18	80.5
g1069.t1	VFG048223(gb|WP_014229636)	32.584	178	108	4	121	297	5	171	6.21e-18	80.1
g1069.t1	VFG042630(gb|AAK82422)	27.513	189	125	3	121	308	5	182	6.35e-17	77.4
g1069.t1	VFG042620(gb|WP_004247323)	26.984	189	126	3	121	308	5	182	7.67e-17	77.0
g1261.t1	VFG033171(gb|WP_000790568)	27.749	191	128	5	113	301	12	194	2.22e-14	70.5
g1261.t1	VFG012263(gb|NP_418732)	27.749	191	128	5	113	301	12	194	2.43e-14	70.5
g1261.t1	VFG012267(gb|WP_000790577)	27.749	191	128	5	113	301	12	194	2.68e-14	70.1
g1261.t1	VFG033169(gb|WP_000790592)	27.749	191	128	5	113	301	12	194	2.85e-14	70.1
g1261.t1	VFG000871(gb|WP_000790574)	27.749	191	128	5	113	301	12	194	3.02e-14	70.1
g1261.t1	VFG048229(gb|WP_015875142)	30.729	192	119	8	113	301	12	192	1.63e-13	68.2
g1261.t1	VFG048226(gb|WP_004151951)	30.729	192	119	8	113	301	12	192	1.70e-13	67.8
g1261.t1	VFG048225(gb|YP_005228652)	30.729	192	119	8	113	301	20	200	2.48e-13	67.8
g1261.t1	VFG048224(gb|WP_042931240)	29.947	187	119	7	114	297	1	178	2.83e-13	67.0
g1261.t1	VFG033166(gb|WP_000790593)	27.225	191	129	5	113	301	12	194	3.14e-13	67.0
g1261.t1	VFG042620(gb|WP_004247323)	30.114	176	98	6	120	284	10	171	1.86e-12	64.7
g1261.t1	VFG048231(gb|WP_012967261)	29.787	188	120	7	113	297	12	190	2.16e-12	64.7
g1261.t1	VFG012274(gb|WP_000044708)	27.922	154	109	2	139	291	27	179	3.56e-12	64.3
g1261.t1	VFG000872(gb|WP_000044711)	27.922	154	109	2	139	291	27	179	4.77e-12	63.9
g1261.t1	VFG042630(gb|AAK82422)	30.380	158	103	4	137	291	25	178	5.90e-12	63.5
g1261.t1	VFG048223(gb|WP_014229636)	33.758	157	99	5	130	284	18	171	6.43e-12	63.2
g1261.t1	VFG048222(gb|WP_014838689)	33.758	157	99	5	130	284	18	171	8.22e-12	62.8
g1261.t1	VFG042510(gb|AAO73844)	29.121	182	106	7	121	292	10	178	1.11e-11	62.8
g1261.t1	VFG012271(gb|WP_000044700)	27.922	154	109	2	139	291	27	179	1.60e-11	62.4
g1261.t1	VFG048238(gb|WP_020947346)	28.070	171	116	3	122	291	15	179	2.27e-11	62.0
g1261.t1	VFG048239(gb|WP_012540621)	28.070	171	116	3	122	291	15	179	4.57e-11	61.2
g1261.t1	VFG048237(gb|WP_002916189)	28.070	171	116	3	122	291	15	179	5.09e-11	60.8
g1261.t1	VFG042511(gb|AAO73845)	26.064	188	129	6	109	294	2	181	1.39e-09	56.6
g1684.t1	VFG042511(gb|AAO73845)	32.620	187	115	4	119	303	5	182	6.58e-25	99.0
g1684.t1	VFG042510(gb|AAO73844)	32.086	187	118	3	119	304	4	182	4.66e-23	94.4
g1684.t1	VFG048238(gb|WP_020947346)	32.620	187	116	4	119	303	5	183	2.72e-21	89.7
g1684.t1	VFG048237(gb|WP_002916189)	32.620	187	116	4	119	303	5	183	9.30e-21	88.2
g1684.t1	VFG048231(gb|WP_012967261)	32.124	193	120	4	121	311	13	196	1.71e-20	87.4
g1684.t1	VFG033169(gb|WP_000790592)	32.124	193	120	4	121	311	13	196	1.82e-20	87.4
g1684.t1	VFG048226(gb|WP_004151951)	32.124	193	120	4	121	311	13	196	2.43e-20	87.0
g1684.t1	VFG048229(gb|WP_015875142)	32.124	193	120	4	121	311	13	196	2.53e-20	87.0
g1684.t1	VFG048225(gb|YP_005228652)	32.124	193	120	4	121	311	21	204	2.73e-20	87.0
g1684.t1	VFG012263(gb|NP_418732)	32.124	193	120	4	121	311	13	196	3.50e-20	86.7
g1684.t1	VFG048224(gb|WP_042931240)	31.606	193	121	4	121	311	1	184	4.44e-20	85.9
g1684.t1	VFG012267(gb|WP_000790577)	31.606	193	121	4	121	311	13	196	4.90e-20	86.3
g1684.t1	VFG000871(gb|WP_000790574)	31.606	193	121	4	121	311	13	196	5.31e-20	85.9
g1684.t1	VFG033171(gb|WP_000790568)	31.606	193	121	4	121	311	13	196	6.93e-20	85.9
g1684.t1	VFG048239(gb|WP_012540621)	32.086	187	117	4	119	303	5	183	1.06e-19	85.1
g1684.t1	VFG012271(gb|WP_000044700)	34.659	176	105	4	119	292	5	172	1.15e-19	85.1
g1684.t1	VFG012274(gb|WP_000044708)	33.714	175	108	4	119	292	5	172	2.70e-19	84.0
g1684.t1	VFG000872(gb|WP_000044711)	33.714	175	108	4	119	292	5	172	2.70e-19	84.0
g1684.t1	VFG042620(gb|WP_004247323)	30.108	186	121	4	119	303	5	182	5.97e-19	82.8
g1684.t1	VFG033166(gb|WP_000790593)	31.606	193	121	4	121	311	13	196	6.75e-19	83.2
g1684.t1	VFG042630(gb|AAK82422)	28.723	188	121	4	119	303	5	182	1.23e-18	82.0
g1684.t1	VFG048222(gb|WP_014838689)	32.000	175	110	4	119	292	5	171	9.65e-18	79.3
g1684.t1	VFG048223(gb|WP_014229636)	32.000	175	110	4	119	292	5	171	1.23e-17	79.0
g2843.t1	VFG048229(gb|WP_015875142)	30.256	195	116	8	109	297	12	192	3.65e-14	69.7
g2843.t1	VFG048226(gb|WP_004151951)	30.256	195	116	8	109	297	12	192	3.69e-14	69.7
g2843.t1	VFG048225(gb|YP_005228652)	30.256	195	116	8	109	297	20	200	4.10e-14	69.7
g2843.t1	VFG048224(gb|WP_042931240)	29.897	194	116	8	110	297	1	180	6.40e-14	68.9
g2843.t1	VFG033169(gb|WP_000790592)	29.834	181	117	5	119	297	22	194	1.82e-13	67.8
g2843.t1	VFG012271(gb|WP_000044700)	30.247	162	111	2	135	295	27	187	2.37e-13	67.4
g2843.t1	VFG033171(gb|WP_000790568)	29.834	181	117	5	119	297	22	194	2.98e-13	67.0
g2843.t1	VFG012267(gb|WP_000790577)	29.834	181	117	5	119	297	22	194	3.85e-13	67.0
g2843.t1	VFG012263(gb|NP_418732)	29.834	181	117	5	119	297	22	194	4.05e-13	66.6
g2843.t1	VFG048231(gb|WP_012967261)	29.787	188	114	7	109	290	12	187	4.41e-13	66.6
g2843.t1	VFG012274(gb|WP_000044708)	30.247	162	111	2	135	295	27	187	4.58e-13	66.6
g2843.t1	VFG000871(gb|WP_000790574)	29.834	181	117	5	119	297	22	194	4.60e-13	66.6
g2843.t1	VFG000872(gb|WP_000044711)	30.247	162	111	2	135	295	27	187	5.31e-13	66.6
g2843.t1	VFG042630(gb|AAK82422)	31.548	168	98	6	133	292	25	183	8.79e-13	65.5
g2843.t1	VFG048223(gb|WP_014229636)	31.928	166	110	3	126	290	18	181	1.11e-12	65.1
g2843.t1	VFG048238(gb|WP_020947346)	30.726	179	119	4	117	293	10	185	1.54e-12	65.1
g2843.t1	VFG048222(gb|WP_014838689)	31.325	166	111	3	126	290	18	181	1.78e-12	64.7
g2843.t1	VFG048237(gb|WP_002916189)	30.726	179	119	4	117	293	10	185	3.35e-12	64.3
g2843.t1	VFG033166(gb|WP_000790593)	29.282	181	118	5	119	297	22	194	4.84e-12	63.9
g2843.t1	VFG048239(gb|WP_012540621)	29.775	178	122	3	117	293	10	185	1.17e-11	62.8
g2843.t1	VFG042620(gb|WP_004247323)	29.932	147	100	3	135	280	27	171	5.31e-11	60.5
g2843.t1	VFG042510(gb|AAO73844)	29.341	167	101	5	130	288	21	178	9.10e-11	60.1
g2843.t1	VFG042511(gb|AAO73845)	26.582	158	111	4	135	290	27	181	7.37e-09	54.3
g3810.t1	VFG012274(gb|WP_000044708)	30.270	185	126	3	112	295	5	187	7.36e-17	77.0
g3810.t1	VFG000872(gb|WP_000044711)	30.270	185	126	3	112	295	5	187	7.90e-17	77.0
g3810.t1	VFG042510(gb|AAO73844)	31.765	170	112	3	112	280	4	170	1.47e-16	76.3
g3810.t1	VFG042511(gb|AAO73845)	30.588	170	114	3	112	280	5	171	1.48e-16	76.3
g3810.t1	VFG012271(gb|WP_000044700)	30.270	185	126	3	112	295	5	187	2.84e-16	75.5
g3810.t1	VFG048239(gb|WP_012540621)	30.055	183	125	3	114	295	7	187	1.06e-15	73.9
g3810.t1	VFG048238(gb|WP_020947346)	30.055	183	125	3	114	295	7	187	2.01e-15	73.2
g3810.t1	VFG048237(gb|WP_002916189)	30.055	183	125	3	114	295	7	187	6.67e-15	72.0
g3810.t1	VFG048223(gb|WP_014229636)	30.978	184	115	4	112	290	5	181	8.26e-15	71.2
g3810.t1	VFG048222(gb|WP_014838689)	30.978	184	115	4	112	290	5	181	9.60e-15	70.9
g3810.t1	VFG042630(gb|AAK82422)	34.228	149	91	3	135	280	27	171	1.45e-14	70.5
g3810.t1	VFG048226(gb|WP_004151951)	30.357	168	113	3	114	280	13	177	6.75e-14	68.9
g3810.t1	VFG048229(gb|WP_015875142)	30.357	168	113	3	114	280	13	177	7.03e-14	68.9
g3810.t1	VFG048224(gb|WP_042931240)	29.762	168	114	3	114	280	1	165	9.15e-14	68.6
g3810.t1	VFG048225(gb|YP_005228652)	30.357	168	113	3	114	280	21	185	9.23e-14	68.9
g3810.t1	VFG000871(gb|WP_000790574)	28.070	171	113	4	114	280	13	177	4.05e-13	66.6
g3810.t1	VFG048231(gb|WP_012967261)	30.357	168	113	3	114	280	13	177	4.28e-13	66.6
g3810.t1	VFG012267(gb|WP_000790577)	28.070	171	113	4	114	280	13	177	6.75e-13	66.2
g3810.t1	VFG012263(gb|NP_418732)	27.485	171	114	4	114	280	13	177	6.88e-13	66.2
g3810.t1	VFG033169(gb|WP_000790592)	27.485	171	114	4	114	280	13	177	8.46e-13	65.9
g3810.t1	VFG033171(gb|WP_000790568)	26.901	171	115	4	114	280	13	177	1.62e-12	65.1
g3810.t1	VFG033166(gb|WP_000790593)	27.326	172	113	4	114	280	13	177	1.72e-12	65.1
g3810.t1	VFG042620(gb|WP_004247323)	31.148	183	116	5	112	290	5	181	1.74e-12	64.7
g2828.t1	VFG042510(gb|AAO73844)	33.516	182	112	5	111	289	4	179	7.62e-19	82.8
g2828.t1	VFG042630(gb|AAK82422)	32.911	158	102	3	134	290	27	181	9.12e-17	76.6
g2828.t1	VFG042511(gb|AAO73845)	29.834	181	122	4	111	290	5	181	1.05e-15	73.9
g2828.t1	VFG048229(gb|WP_015875142)	31.073	177	115	5	113	287	13	184	5.75e-15	72.0
g2828.t1	VFG048226(gb|WP_004151951)	31.073	177	115	5	113	287	13	184	6.61e-15	72.0
g2828.t1	VFG048225(gb|YP_005228652)	31.073	177	115	5	113	287	21	192	8.57e-15	71.6
g2828.t1	VFG048224(gb|WP_042931240)	30.508	177	116	5	113	287	1	172	1.15e-14	70.9
g2828.t1	VFG048222(gb|WP_014838689)	35.260	173	103	6	111	280	5	171	2.71e-14	69.7
g2828.t1	VFG048223(gb|WP_014229636)	34.831	178	97	7	111	280	5	171	3.44e-14	69.3
g2828.t1	VFG042620(gb|WP_004247323)	32.258	155	101	3	134	287	27	178	3.94e-14	69.3
g2828.t1	VFG048231(gb|WP_012967261)	32.164	171	107	6	113	280	13	177	1.63e-13	67.8
g2828.t1	VFG012274(gb|WP_000044708)	27.717	184	129	4	113	295	7	187	2.69e-13	67.4
g2828.t1	VFG000872(gb|WP_000044711)	27.717	184	129	4	113	295	7	187	3.09e-13	67.0
g2828.t1	VFG012271(gb|WP_000044700)	27.717	184	129	4	113	295	7	187	1.57e-12	65.1
g2828.t1	VFG033169(gb|WP_000790592)	29.412	170	113	5	113	280	13	177	1.80e-12	65.1
g2828.t1	VFG033166(gb|WP_000790593)	28.977	176	106	6	113	280	13	177	2.47e-12	64.7
g2828.t1	VFG012263(gb|NP_418732)	29.412	170	113	5	113	280	13	177	2.61e-12	64.7
g2828.t1	VFG012267(gb|WP_000790577)	28.977	176	106	6	113	280	13	177	4.14e-12	63.9
g2828.t1	VFG000871(gb|WP_000790574)	28.824	170	114	5	113	280	13	177	4.18e-12	63.9
g2828.t1	VFG033171(gb|WP_000790568)	28.824	170	114	5	113	280	13	177	6.30e-12	63.5
g2828.t1	VFG048239(gb|WP_012540621)	29.586	169	115	4	113	280	7	172	1.18e-11	62.8
g2828.t1	VFG048238(gb|WP_020947346)	29.586	169	115	4	113	280	7	172	4.33e-11	61.2
g2828.t1	VFG048237(gb|WP_002916189)	29.586	169	115	4	113	280	7	172	1.27e-10	59.7
