g5360.t1	VFG013632(gb|WP_005668488)	27.901	362	238	10	6	355	19	369	5.77e-23	99.0
g5360.t1	VFG013633(gb|WP_011961771)	27.945	365	234	11	6	355	19	369	1.13e-22	98.2
g5360.t1	VFG013634(gb|WP_012055185)	27.762	353	236	9	15	355	24	369	5.24e-22	96.3
g5360.t1	VFG013206(gb|WP_041605348)	27.189	217	142	4	133	341	128	336	5.23e-12	66.6
g5360.t1	VFG013636(gb|WP_041603902)	27.189	217	142	4	133	341	183	391	9.27e-12	65.9
g5360.t1	VFG013635(gb|WP_010945526)	22.609	345	236	9	31	355	64	397	1.58e-08	55.8
g3677.t1	VFG013632(gb|WP_005668488)	36.438	365	193	8	13	357	22	367	3.29e-60	199
g3677.t1	VFG013634(gb|WP_012055185)	36.438	365	193	8	13	357	22	367	3.69e-60	199
g3677.t1	VFG013633(gb|WP_011961771)	36.438	365	193	8	13	357	22	367	3.98e-60	199
g3677.t1	VFG013635(gb|WP_010945526)	36.012	336	198	8	34	357	65	395	1.20e-58	197
g3677.t1	VFG013206(gb|WP_041605348)	43.396	212	116	1	133	344	128	335	3.57e-56	189
g3677.t1	VFG013636(gb|WP_041603902)	36.424	302	169	4	55	344	100	390	5.60e-56	190
