g4777.t1	VFG036547(gb|WP_013449338)	45.618	502	272	1	15	515	2	503	2.42e-145	427
g4777.t1	VFG006255(gb|WP_025456388)	45.618	502	272	1	15	515	2	503	3.01e-141	416
g4777.t1	VFG013568(gb|WP_005687630)	45.817	502	269	2	17	515	3	504	9.16e-140	412
g4777.t1	VFG036536(gb|WP_002233656)	45.618	502	272	1	15	515	2	503	4.62e-137	405
g4777.t1	VFG000343(gb|WP_164927854)	45.618	502	270	2	17	515	3	504	5.03e-137	405
g4777.t1	VFG000249(gb|WP_002214251)	45.618	502	272	1	15	515	2	503	6.60e-137	405
g4777.t1	VFG006252(gb|WP_002246860)	45.418	502	273	1	15	515	2	503	2.06e-136	404
g4777.t1	VFG019712(gb|WP_010357027)	45.817	502	271	1	15	515	2	503	1.81e-134	399
g4777.t1	VFG013191(gb|WP_011608935)	27.022	544	348	9	14	512	5	544	2.61e-40	153
g5316.t1	VFG013191(gb|WP_011608935)	38.095	525	302	8	29	539	38	553	3.12e-105	326
g5316.t1	VFG013568(gb|WP_005687630)	27.634	503	313	8	42	534	43	504	6.39e-42	157
g5316.t1	VFG006255(gb|WP_025456388)	28.513	491	304	8	41	526	48	496	4.02e-41	155
g5316.t1	VFG000343(gb|WP_164927854)	27.435	503	314	8	42	534	43	504	4.05e-41	155
g5316.t1	VFG036547(gb|WP_013449338)	28.310	491	305	8	41	526	48	496	1.02e-40	154
g5316.t1	VFG019712(gb|WP_010357027)	28.513	491	304	8	41	526	48	496	2.52e-38	147
g5316.t1	VFG000249(gb|WP_002214251)	28.513	491	304	8	41	526	48	496	5.16e-38	146
g5316.t1	VFG006252(gb|WP_002246860)	28.513	491	304	8	41	526	48	496	1.12e-37	145
g5316.t1	VFG036536(gb|WP_002233656)	28.513	491	304	8	41	526	48	496	1.29e-37	145
