g1497.t1	VFG047303(gb|WP_003040373)	24.020	204	149	3	2	205	3	200	4.09e-16	73.6
g1497.t1	VFG001336(gb|WP_000727601)	25.397	189	129	6	27	210	26	207	6.96e-10	56.6
g1497.t1	VFG005858(gb|WP_000727597)	25.701	214	148	6	1	210	1	207	8.82e-10	56.2
g1497.t1	VFG017834(gb|WP_032585302)	24.342	152	102	4	66	211	51	195	1.68e-09	55.5
g1497.t1	VFG012061(gb|YP_002344516)	24.823	141	96	3	76	210	58	194	5.51e-09	53.9
g1497.t1	VFG006044(gb|YP_001197946)	23.832	214	152	6	1	210	8	214	8.45e-09	53.9
g1497.t1	VFG012063(gb|WP_002853531)	23.944	142	98	3	76	211	58	195	8.60e-09	53.5
g1497.t1	VFG012062(gb|WP_004308598)	23.944	142	98	3	76	211	58	195	1.20e-08	53.1
g1497.t1	VFG050167(gb|WP_000038461)	23.636	220	138	9	1	209	1	201	6.07e-08	51.2
g1497.t1	VFG011394(gb|WP_002964281)	32.609	92	46	1	121	196	221	312	7.87e-06	45.8
