g3618.t1	VFG000129(gb|NP_252237)	100.000	367	0	0	1	367	1	367	0.0	763
g3618.t1	VFG019897(gb|WP_012613747)	99.455	367	2	0	1	367	1	367	0.0	760
g3618.t1	VFG014832(gb|WP_012074764)	97.275	367	10	0	1	367	1	367	0.0	745
g3618.t1	VFG014840(gb|WP_011059370)	64.151	371	129	2	1	367	1	371	2.12e-179	502
g3618.t1	VFG014839(gb|WP_011535590)	68.750	336	103	1	28	361	24	359	8.85e-174	488
g3618.t1	VFG014838(gb|WP_012053675)	64.888	356	121	2	8	361	6	359	2.87e-172	484
g3618.t1	VFG014841(gb|WP_011332553)	61.725	371	138	2	1	367	1	371	2.99e-172	484
g3618.t1	VFG014834(gb|WP_011103481)	63.361	363	131	1	1	361	1	363	1.01e-171	483
g3618.t1	VFG014836(gb|WP_004658320)	63.661	366	125	3	1	361	1	363	1.08e-171	483
g3618.t1	VFG015750(gb|WP_012274107)	64.804	358	122	2	6	361	4	359	1.60e-171	482
g3618.t1	VFG014837(gb|WP_049587325)	64.888	356	121	2	8	361	6	359	3.67e-171	481
g3618.t1	VFG014835(gb|WP_004406765)	63.003	373	128	4	1	366	1	370	4.50e-171	481
g3618.t1	VFG019898(gb|WP_085983627)	62.079	356	133	1	8	361	3	358	4.82e-170	478
g3618.t1	VFG015751(gb|WP_012312810)	63.764	356	125	2	8	361	6	359	8.37e-168	473
g3618.t1	VFG014842(gb|WP_011921100)	62.712	354	130	1	12	365	7	358	1.34e-163	461
