g4896.t1	VFG047664(gb|WP_013923522)	22.196	428	298	14	43	443	42	461	1.95e-24	105
g4896.t1	VFG047656(gb|WP_014547827)	22.865	363	256	10	43	385	42	400	1.99e-24	105
g4896.t1	VFG047647(gb|WP_003033343)	22.314	363	258	10	43	385	42	400	2.60e-23	102
g4896.t1	VFG047654(gb|WP_003020284)	22.133	375	267	11	43	396	42	412	4.02e-23	101
g4896.t1	VFG047663(gb|WP_014715113)	22.131	366	253	11	44	385	43	400	4.54e-23	101
g4896.t1	VFG047659(gb|WP_014549500)	21.053	399	293	9	5	385	6	400	7.64e-23	100
g4896.t1	VFG047649(gb|WP_003016951)	22.400	375	266	11	43	396	42	412	1.36e-22	100
g4896.t1	VFG047658(gb|WP_015083952)	22.590	363	257	10	43	385	42	400	1.73e-22	99.8
g4896.t1	VFG047652(gb|WP_012429763)	21.867	375	268	11	43	396	42	412	3.90e-22	98.6
g4896.t1	VFG047648(gb|WP_012279774)	20.551	399	295	9	5	385	6	400	5.35e-22	98.2
g4896.t1	VFG047681(gb|WP_014715447)	22.454	383	274	10	31	396	32	408	8.64e-22	97.8
g4896.t1	VFG047666(gb|WP_012281046)	23.140	363	260	9	37	386	38	394	4.09e-21	95.5
g4896.t1	VFG047665(gb|WP_003033738)	22.350	349	249	8	52	386	56	396	1.96e-20	93.6
g4896.t1	VFG047677(gb|WP_196218599)	22.832	346	251	8	52	386	56	396	2.57e-20	93.2
g4896.t1	VFG047675(gb|WP_015083844)	22.599	354	240	7	52	386	56	394	3.32e-20	92.8
g4896.t1	VFG047674(gb|WP_206193634)	22.063	349	250	8	52	386	56	396	5.63e-20	92.0
g4896.t1	VFG047667(gb|WP_003016348)	22.689	357	238	9	52	386	56	396	5.86e-20	92.0
g4896.t1	VFG047673(gb|WP_003026051)	22.409	357	239	9	52	386	56	396	1.57e-19	90.9
g4896.t1	VFG047672(gb|WP_003021043)	22.409	357	239	9	52	386	56	396	1.60e-19	90.9
g4896.t1	VFG047670(gb|WP_042904124)	22.191	356	241	7	52	386	54	394	3.02e-19	90.1
g4896.t1	VFG047682(gb|WP_041263746)	22.478	347	251	8	52	386	54	394	3.33e-19	89.7
g903.t1	VFG047666(gb|WP_012281046)	23.324	373	249	11	33	390	34	384	2.06e-15	78.2
g903.t1	VFG047681(gb|WP_014715447)	22.740	365	261	8	33	390	34	384	1.24e-14	75.9
g903.t1	VFG047682(gb|WP_041263746)	23.967	363	238	12	53	400	54	393	1.29e-14	75.9
g903.t1	VFG047672(gb|WP_003021043)	23.229	353	234	11	53	390	56	386	3.82e-14	74.3
g903.t1	VFG047673(gb|WP_003026051)	23.229	353	234	11	53	390	56	386	4.25e-14	74.3
g903.t1	VFG047667(gb|WP_003016348)	23.229	353	234	11	53	390	56	386	4.69e-14	73.9
g903.t1	VFG047670(gb|WP_042904124)	23.229	353	234	11	53	390	54	384	8.31e-14	73.2
g903.t1	VFG047674(gb|WP_206193634)	23.513	353	233	11	53	390	56	386	1.19e-13	72.8
g903.t1	VFG047665(gb|WP_003033738)	22.946	353	235	11	53	390	56	386	6.16e-13	70.5
g903.t1	VFG047677(gb|WP_196218599)	22.663	353	236	11	53	390	56	386	1.44e-12	69.3
g903.t1	VFG047675(gb|WP_015083844)	23.729	354	229	13	53	390	56	384	2.36e-12	68.6
g903.t1	VFG047663(gb|WP_014715113)	19.363	408	285	12	4	389	5	390	7.16e-08	54.7
g903.t1	VFG047652(gb|WP_012429763)	19.524	420	270	12	4	389	5	390	9.99e-08	54.3
g903.t1	VFG047656(gb|WP_014547827)	20.476	420	266	13	4	389	5	390	1.07e-07	53.9
g903.t1	VFG047647(gb|WP_003033343)	20.238	420	267	13	4	389	5	390	1.39e-07	53.5
g903.t1	VFG047654(gb|WP_003020284)	20.238	420	267	13	4	389	5	390	1.43e-07	53.5
g903.t1	VFG047659(gb|WP_014549500)	19.048	420	272	12	4	389	5	390	2.01e-07	53.1
g903.t1	VFG047664(gb|WP_013923522)	19.363	408	285	12	4	389	5	390	9.64e-07	50.8
g903.t1	VFG047649(gb|WP_003016951)	19.286	420	271	12	4	389	5	390	1.04e-06	50.8
g903.t1	VFG047658(gb|WP_015083952)	19.286	420	271	12	4	389	5	390	1.08e-06	50.8
g903.t1	VFG047648(gb|WP_012279774)	18.627	408	288	11	4	389	5	390	4.04e-06	48.9
g2202.t1	VFG047663(gb|WP_014715113)	29.348	460	309	8	5	452	6	461	2.48e-57	196
g2202.t1	VFG047666(gb|WP_012281046)	28.728	456	306	10	21	464	23	471	6.49e-56	192
g2202.t1	VFG047665(gb|WP_003033738)	28.918	453	309	9	21	464	25	473	1.05e-55	192
g2202.t1	VFG047667(gb|WP_003016348)	29.139	453	308	9	21	464	25	473	1.20e-55	192
g2202.t1	VFG047672(gb|WP_003021043)	28.918	453	309	9	21	464	25	473	1.67e-55	191
g2202.t1	VFG047677(gb|WP_196218599)	28.387	465	320	9	9	464	13	473	3.06e-55	191
g2202.t1	VFG047673(gb|WP_003026051)	28.918	453	309	9	21	464	25	473	3.22e-55	191
g2202.t1	VFG047674(gb|WP_206193634)	28.904	429	295	7	9	430	13	438	5.48e-55	190
g2202.t1	VFG047670(gb|WP_042904124)	28.918	453	309	9	21	464	23	471	9.40e-55	189
g2202.t1	VFG047681(gb|WP_014715447)	27.815	453	314	9	21	464	23	471	2.57e-54	188
g2202.t1	VFG047648(gb|WP_012279774)	29.565	460	308	8	5	452	6	461	4.55e-53	185
g2202.t1	VFG047664(gb|WP_013923522)	28.913	460	311	8	5	452	6	461	5.96e-53	184
g2202.t1	VFG047682(gb|WP_041263746)	27.815	453	314	9	21	464	23	471	5.24e-52	182
g2202.t1	VFG047658(gb|WP_015083952)	28.261	460	314	8	5	452	6	461	3.98e-51	180
g2202.t1	VFG047675(gb|WP_015083844)	28.387	465	318	10	9	464	13	471	4.02e-51	180
g2202.t1	VFG047649(gb|WP_003016951)	28.294	463	310	9	5	452	6	461	5.37e-51	179
g2202.t1	VFG047654(gb|WP_003020284)	28.294	463	310	9	5	452	6	461	1.05e-50	179
g2202.t1	VFG047647(gb|WP_003033343)	28.294	463	310	9	5	452	6	461	1.55e-50	178
g2202.t1	VFG047656(gb|WP_014547827)	28.294	463	310	9	5	452	6	461	1.60e-50	178
g2202.t1	VFG047659(gb|WP_014549500)	28.294	463	310	9	5	452	6	461	1.71e-50	178
g2202.t1	VFG047652(gb|WP_012429763)	28.078	463	311	9	5	452	6	461	1.17e-49	176
g4042.t1	VFG047681(gb|WP_014715447)	23.077	390	236	16	35	404	39	384	1.95e-09	59.7
g4042.t1	VFG047666(gb|WP_012281046)	22.513	382	237	15	38	404	47	384	2.38e-09	59.3
g4042.t1	VFG047667(gb|WP_003016348)	22.520	373	234	13	45	404	56	386	9.37e-09	57.4
g4042.t1	VFG047672(gb|WP_003021043)	22.520	373	234	13	45	404	56	386	1.03e-08	57.4
g4042.t1	VFG047665(gb|WP_003033738)	22.642	371	236	13	45	404	56	386	1.04e-08	57.4
g4042.t1	VFG047673(gb|WP_003026051)	22.520	373	234	13	45	404	56	386	1.07e-08	57.4
g4042.t1	VFG047682(gb|WP_041263746)	22.133	375	233	15	45	404	54	384	1.09e-08	57.4
g4042.t1	VFG047677(gb|WP_196218599)	22.642	371	236	13	45	404	56	386	1.44e-08	57.0
g4042.t1	VFG047674(gb|WP_206193634)	22.460	374	233	12	45	404	56	386	2.51e-08	56.2
g4042.t1	VFG047670(gb|WP_042904124)	22.252	373	235	13	45	404	54	384	2.87e-08	55.8
g4042.t1	VFG047675(gb|WP_015083844)	22.252	373	233	13	45	404	56	384	3.44e-07	52.4
g4042.t1	VFG047647(gb|WP_003033343)	34.667	75	40	1	28	102	36	101	1.27e-06	50.8
g4042.t1	VFG047652(gb|WP_012429763)	34.667	75	40	1	28	102	36	101	1.28e-06	50.8
g4042.t1	VFG047654(gb|WP_003020284)	34.667	75	40	1	28	102	36	101	1.32e-06	50.8
g4042.t1	VFG047656(gb|WP_014547827)	34.667	75	40	1	28	102	36	101	1.36e-06	50.4
g4042.t1	VFG047659(gb|WP_014549500)	33.333	75	41	1	28	102	36	101	2.11e-06	50.1
g4042.t1	VFG047648(gb|WP_012279774)	34.667	75	40	1	28	102	36	101	2.22e-06	50.1
g4042.t1	VFG047664(gb|WP_013923522)	33.333	75	41	1	28	102	36	101	3.53e-06	49.3
g4042.t1	VFG047658(gb|WP_015083952)	33.333	75	41	1	28	102	36	101	5.75e-06	48.5
g4042.t1	VFG047649(gb|WP_003016951)	33.333	75	41	1	28	102	36	101	5.80e-06	48.5
g4042.t1	VFG047663(gb|WP_014715113)	33.333	75	41	1	28	102	36	101	6.44e-06	48.5
