g202.t1	VFG006288(gb|WP_002216612)	36.923	195	122	1	15	208	17	211	5.59e-40	137
g202.t1	VFG006291(gb|WP_003695658)	36.923	195	122	1	15	208	17	211	1.84e-39	135
g202.t1	VFG036648(gb|WP_003706999)	35.385	195	125	1	15	208	17	211	3.10e-36	127
g700.t1	VFG006291(gb|WP_003695658)	27.488	211	137	5	389	592	13	214	2.87e-12	66.6
g700.t1	VFG006288(gb|WP_002216612)	27.488	211	137	5	389	592	13	214	3.24e-12	66.2
g700.t1	VFG036648(gb|WP_003706999)	27.014	211	138	6	389	592	13	214	6.45e-12	65.5
g984.t1	VFG006288(gb|WP_002216612)	27.869	183	132	0	25	207	17	199	5.06e-21	87.4
g984.t1	VFG006291(gb|WP_003695658)	28.125	192	137	1	16	207	9	199	6.99e-21	87.0
g984.t1	VFG036648(gb|WP_003706999)	27.638	199	137	1	25	223	17	208	8.70e-21	86.7
g3042.t1	VFG006288(gb|WP_002216612)	31.746	126	80	1	52	177	75	194	1.12e-09	56.2
g3042.t1	VFG006291(gb|WP_003695658)	31.746	126	80	1	52	177	75	194	1.16e-09	56.2
g3042.t1	VFG036648(gb|WP_003706999)	36.047	86	55	0	92	177	109	194	1.82e-09	55.5
g686.t1	VFG036648(gb|WP_003706999)	29.493	217	153	0	4	220	1	217	1.74e-23	94.0
g686.t1	VFG006288(gb|WP_002216612)	30.583	206	142	1	15	220	13	217	3.99e-23	92.8
g686.t1	VFG006291(gb|WP_003695658)	28.571	217	155	0	4	220	1	217	2.15e-22	90.9
