g118.t1	VFG013532(gb|WP_012054417)	50.091	551	256	7	11	550	7	549	0.0	531
g118.t1	VFG013535(gb|WP_011609092)	48.746	558	266	8	4	550	1	549	0.0	529
g118.t1	VFG013531(gb|WP_011272485)	49.909	551	257	7	11	550	7	549	0.0	528
g118.t1	VFG013533(gb|WP_011961981)	49.909	551	257	7	11	550	7	549	0.0	528
g118.t1	VFG013530(gb|WP_010869249)	49.909	551	257	7	11	550	7	549	0.0	525
g118.t1	VFG013186(gb|WP_012340561)	48.208	558	269	8	4	550	1	549	0.0	525
g118.t1	VFG013534(gb|WP_010944436)	47.826	552	264	8	11	550	7	546	4.87e-172	498
g118.t1	VFG038149(gb|WP_000045516)	41.667	552	305	7	3	544	4	548	2.76e-146	432
g118.t1	VFG037889(gb|WP_000045514)	41.667	552	305	7	3	544	4	548	1.07e-145	431
g118.t1	VFG037866(gb|WP_000045515)	41.230	553	306	7	3	544	4	548	3.67e-145	429
g118.t1	VFG038163(gb|WP_000045509)	42.857	525	284	6	30	544	30	548	3.96e-145	429
g118.t1	VFG038108(gb|WP_000045491)	42.395	526	285	6	30	544	30	548	4.41e-145	429
g118.t1	VFG038142(gb|WP_000045499)	42.586	526	284	6	30	544	30	548	3.38e-144	427
g118.t1	VFG038127(gb|WP_000045503)	42.586	526	284	6	30	544	30	548	4.06e-144	427
g118.t1	VFG038141(gb|WP_000045498)	42.586	526	284	6	30	544	30	548	4.78e-144	426
g118.t1	VFG038140(gb|YP_005796987)	42.586	526	284	6	30	544	30	548	4.99e-144	426
g118.t1	VFG038132(gb|WP_000045495)	42.586	526	284	6	30	544	30	548	1.10e-143	426
g118.t1	VFG038078(gb|YP_001083161)	44.518	456	235	6	100	544	1	449	5.09e-129	384
g118.t1	VFG045307(gb|WP_025862603)	35.586	503	293	6	15	515	9	482	2.14e-107	330
g934.t1	VFG013535(gb|WP_011609092)	49.819	554	253	8	10	549	7	549	0.0	543
g934.t1	VFG013186(gb|WP_012340561)	49.183	551	261	7	10	549	7	549	0.0	541
g934.t1	VFG013532(gb|WP_012054417)	49.546	551	259	7	10	549	7	549	0.0	534
g934.t1	VFG013531(gb|WP_011272485)	49.546	551	259	7	10	549	7	549	0.0	534
g934.t1	VFG013533(gb|WP_011961981)	49.365	551	260	7	10	549	7	549	0.0	532
g934.t1	VFG013530(gb|WP_010869249)	49.458	554	255	8	10	549	7	549	0.0	530
g934.t1	VFG013534(gb|WP_010944436)	48.282	553	260	8	10	549	7	546	2.23e-174	503
g934.t1	VFG038108(gb|WP_000045491)	44.023	527	279	5	27	543	28	548	2.39e-152	447
g934.t1	VFG038132(gb|WP_000045495)	44.190	525	277	5	29	543	30	548	3.14e-150	442
g934.t1	VFG038142(gb|WP_000045499)	44.000	525	278	5	29	543	30	548	3.70e-150	442
g934.t1	VFG038140(gb|YP_005796987)	43.810	525	279	5	29	543	30	548	2.14e-149	440
g934.t1	VFG038127(gb|WP_000045503)	43.810	525	279	5	29	543	30	548	2.14e-149	440
g934.t1	VFG038141(gb|WP_000045498)	43.810	525	279	5	29	543	30	548	2.69e-149	440
g934.t1	VFG037866(gb|WP_000045515)	43.536	526	279	6	29	543	30	548	3.41e-149	439
g934.t1	VFG037889(gb|WP_000045514)	43.619	525	280	5	29	543	30	548	3.64e-149	439
g934.t1	VFG038163(gb|WP_000045509)	43.429	525	281	5	29	543	30	548	2.85e-148	437
g934.t1	VFG038149(gb|WP_000045516)	43.048	525	283	5	29	543	30	548	1.51e-147	435
g934.t1	VFG038078(gb|YP_001083161)	45.495	455	232	5	99	543	1	449	1.03e-131	391
g934.t1	VFG045307(gb|WP_025862603)	36.770	514	292	8	10	520	5	488	1.40e-110	338
g4823.t1	VFG013535(gb|WP_011609092)	49.358	545	273	3	8	550	4	547	0.0	566
g4823.t1	VFG013186(gb|WP_012340561)	49.081	544	274	3	8	549	4	546	0.0	565
g4823.t1	VFG013531(gb|WP_011272485)	49.541	545	272	3	8	550	4	547	0.0	562
g4823.t1	VFG013532(gb|WP_012054417)	49.358	545	273	3	8	550	4	547	0.0	561
g4823.t1	VFG013533(gb|WP_011961981)	49.449	544	272	3	8	549	4	546	0.0	559
g4823.t1	VFG013530(gb|WP_010869249)	49.174	545	274	3	8	550	4	547	0.0	557
g4823.t1	VFG013534(gb|WP_010944436)	47.059	544	284	3	8	550	4	544	0.0	532
g4823.t1	VFG038108(gb|WP_000045491)	43.486	545	274	7	28	554	28	556	3.87e-156	457
g4823.t1	VFG037889(gb|WP_000045514)	44.118	544	270	7	29	554	29	556	1.71e-155	456
g4823.t1	VFG038149(gb|WP_000045516)	43.750	544	272	7	29	554	29	556	2.22e-155	455
g4823.t1	VFG037866(gb|WP_000045515)	43.808	541	270	7	29	551	29	553	3.47e-155	455
g4823.t1	VFG038163(gb|WP_000045509)	43.382	544	274	7	29	554	29	556	8.05e-154	451
g4823.t1	VFG038127(gb|WP_000045503)	43.382	544	274	7	29	554	29	556	2.16e-153	450
g4823.t1	VFG038142(gb|WP_000045499)	43.199	544	275	7	29	554	29	556	4.82e-153	449
g4823.t1	VFG038140(gb|YP_005796987)	43.199	544	275	7	29	554	29	556	7.04e-153	449
g4823.t1	VFG038141(gb|WP_000045498)	43.199	544	275	7	29	554	29	556	1.71e-152	448
g4823.t1	VFG038132(gb|WP_000045495)	43.015	544	276	7	29	554	29	556	2.76e-152	447
g4823.t1	VFG038078(gb|YP_001083161)	46.089	473	221	7	100	554	1	457	9.53e-140	412
g4823.t1	VFG045307(gb|WP_025862603)	38.462	520	280	9	1	518	1	482	1.50e-119	362
g3927.t1	VFG013531(gb|WP_011272485)	75.956	549	131	1	1	548	1	549	0.0	893
g3927.t1	VFG013532(gb|WP_012054417)	75.592	549	133	1	1	548	1	549	0.0	889
g3927.t1	VFG013530(gb|WP_010869249)	75.410	549	134	1	1	548	1	549	0.0	888
g3927.t1	VFG013533(gb|WP_011961981)	75.228	549	135	1	1	548	1	549	0.0	886
g3927.t1	VFG013186(gb|WP_012340561)	75.410	549	134	1	1	548	1	549	0.0	884
g3927.t1	VFG013535(gb|WP_011609092)	75.410	549	134	1	1	548	1	549	0.0	882
g3927.t1	VFG013534(gb|WP_010944436)	74.453	548	138	1	1	548	1	546	0.0	874
g3927.t1	VFG038142(gb|WP_000045499)	47.932	532	245	7	27	541	31	547	2.44e-171	496
g3927.t1	VFG038108(gb|WP_000045491)	47.290	535	250	7	24	541	28	547	3.14e-171	496
g3927.t1	VFG038127(gb|WP_000045503)	47.932	532	245	7	27	541	31	547	3.42e-171	496
g3927.t1	VFG038140(gb|YP_005796987)	47.932	532	245	7	27	541	31	547	3.46e-171	496
g3927.t1	VFG038141(gb|WP_000045498)	47.932	532	245	7	27	541	31	547	7.24e-171	495
g3927.t1	VFG038132(gb|WP_000045495)	47.932	532	245	7	27	541	31	547	1.16e-170	494
g3927.t1	VFG038163(gb|WP_000045509)	47.368	532	248	7	27	541	31	547	8.10e-169	489
g3927.t1	VFG037866(gb|WP_000045515)	46.691	544	258	7	15	541	19	547	2.32e-168	488
g3927.t1	VFG037889(gb|WP_000045514)	46.691	544	258	7	15	541	19	547	6.05e-168	487
g3927.t1	VFG038149(gb|WP_000045516)	46.140	544	261	7	15	541	19	547	1.87e-166	483
g3927.t1	VFG038078(gb|YP_001083161)	48.874	444	199	5	115	541	16	448	1.21e-149	437
g3927.t1	VFG045307(gb|WP_025862603)	39.216	510	276	8	7	514	5	482	3.12e-122	368
