g2660.t1	VFG000530(gb|NP_461787)	100.000	206	0	0	1	206	46	251	2.24e-155	429
g2660.t1	VFG020333(gb|WP_001246656)	99.515	206	1	0	1	206	46	251	8.91e-155	428
g2660.t1	VFG020332(gb|WP_001246658)	99.029	206	2	0	1	206	46	251	3.21e-154	426
g2660.t1	VFG020338(gb|WP_001246665)	99.029	206	2	0	1	206	46	251	7.00e-154	426
g2660.t1	VFG003626(gb|WP_001246664)	99.029	206	2	0	1	206	46	251	1.11e-153	425
g2660.t1	VFG003628(gb|WP_001246660)	98.058	206	4	0	1	206	46	251	1.49e-152	422
g2660.t1	VFG018564(gb|WP_000800041)	89.320	206	22	0	1	206	46	251	3.60e-139	389
g2811.t1	VFG003626(gb|WP_001246664)	27.386	241	160	6	11	248	3	231	1.25e-15	73.9
g2811.t1	VFG020338(gb|WP_001246665)	27.386	241	160	6	11	248	3	231	1.79e-15	73.6
g2811.t1	VFG000530(gb|NP_461787)	27.386	241	160	6	11	248	3	231	4.27e-15	72.4
g2811.t1	VFG020332(gb|WP_001246658)	27.386	241	160	6	11	248	3	231	5.11e-15	72.4
g2811.t1	VFG020333(gb|WP_001246656)	27.386	241	160	6	11	248	3	231	6.00e-15	72.0
g2811.t1	VFG003628(gb|WP_001246660)	26.971	241	161	6	11	248	3	231	6.49e-15	72.0
g2811.t1	VFG018564(gb|WP_000800041)	27.197	239	159	6	11	246	3	229	4.51e-14	69.7
