g445.t1	VFG009575(gb|WP_003873186)	29.956	227	126	8	17	231	633	838	2.69e-13	68.9
g445.t1	VFG009576(gb|WP_024637120)	31.364	220	132	9	17	231	633	838	3.67e-13	68.6
g445.t1	VFG026722(gb|YP_007957462)	30.455	220	134	8	17	231	626	831	5.73e-13	68.2
g445.t1	VFG026710(gb|WP_015302951)	30.415	217	138	7	17	231	623	828	7.29e-13	67.8
g445.t1	VFG022783(gb|WP_014000720)	30.415	217	138	7	17	231	623	828	8.95e-13	67.4
g445.t1	VFG022782(gb|WP_003910332)	30.415	217	138	7	17	231	623	828	9.65e-13	67.4
g445.t1	VFG009570(gb|NP_215864)	30.415	217	138	7	17	231	623	828	1.11e-12	67.4
g445.t1	VFG026712(gb|WP_015292876)	30.415	217	138	7	17	231	624	829	1.13e-12	67.4
g445.t1	VFG026719(gb|WP_025202597)	30.415	217	138	7	17	231	623	828	1.14e-12	67.4
g445.t1	VFG026726(gb|YP_005922613)	30.415	217	138	7	17	231	623	828	1.17e-12	67.0
g445.t1	VFG026711(gb|WP_015289786)	30.415	217	138	7	17	231	623	828	1.21e-12	67.0
g445.t1	VFG009585(gb|WP_011724227)	30.453	243	135	13	15	246	343	562	5.67e-12	65.1
g445.t1	VFG009578(gb|WP_011731355)	30.876	217	137	7	17	231	622	827	1.45e-11	63.9
g445.t1	VFG009584(gb|WP_003873185)	30.833	240	132	13	18	246	346	562	1.62e-11	63.5
g445.t1	VFG009587(gb|WP_011731354)	29.864	221	127	10	18	228	345	547	1.81e-11	63.5
g445.t1	VFG022788(gb|YP_001702996)	29.680	219	128	10	19	228	349	550	5.39e-11	62.0
g445.t1	VFG026731(gb|WP_005058854)	29.787	235	139	11	19	246	349	564	6.92e-11	61.6
g445.t1	VFG044077(gb|YP_002344985)	29.480	173	99	6	16	178	13	172	1.00e-10	60.1
g445.t1	VFG024070(gb|WP_014711102)	30.252	238	123	13	19	240	350	560	1.07e-10	61.2
g445.t1	VFG009586(gb|WP_011741578)	30.275	218	130	9	18	228	347	549	1.33e-10	60.8
g445.t1	VFG026736(gb|WP_015356663)	30.275	218	130	9	18	228	347	549	1.50e-10	60.8
g445.t1	VFG022787(gb|WP_012395627)	30.275	218	130	9	18	228	347	549	1.52e-10	60.8
g445.t1	VFG026714(gb|WP_005058852)	29.741	232	140	10	18	243	629	843	1.60e-10	60.8
g445.t1	VFG026708(gb|WP_016342533)	29.741	232	140	10	18	243	629	843	1.74e-10	60.8
g445.t1	VFG022781(gb|YP_001702997)	29.185	233	142	10	17	243	628	843	1.84e-10	60.5
g445.t1	VFG024071(gb|WP_009952859)	30.252	238	123	13	19	240	350	560	2.44e-10	60.1
g445.t1	VFG022793(gb|WP_013828472)	28.755	233	135	11	18	240	347	558	2.50e-10	60.1
g445.t1	VFG024072(gb|WP_014384095)	30.252	238	123	13	19	240	350	560	2.53e-10	60.1
g445.t1	VFG024069(gb|WP_014941520)	30.252	238	123	13	19	240	350	560	2.91e-10	60.1
g445.t1	VFG044189(gb|WP_011179200)	30.049	203	106	11	19	203	16	200	4.64e-10	58.5
g445.t1	VFG026750(gb|WP_020822015)	29.707	239	125	13	18	240	346	557	8.40e-10	58.5
g445.t1	VFG044147(gb|NP_461701)	28.378	222	132	8	19	228	356	562	1.16e-09	58.2
g445.t1	VFG007023(gb|WP_149591715)	27.434	226	132	8	18	231	470	675	1.38e-09	57.8
g445.t1	VFG022786(gb|WP_013828471)	29.032	217	135	9	17	228	629	831	1.97e-09	57.4
g445.t1	VFG046673(gb|WP_003039938)	26.500	200	117	7	3	192	357	536	2.30e-09	57.0
g445.t1	VFG044336(gb|WP_050767835)	27.928	222	133	8	19	228	356	562	2.84e-09	57.0
g445.t1	VFG024068(gb|WP_014379607)	29.907	214	137	8	17	228	635	837	3.43e-09	57.0
g445.t1	VFG046684(gb|WP_014549988)	26.500	200	117	7	3	192	357	536	3.85e-09	56.6
g445.t1	VFG007025(gb|WP_086016961)	26.106	226	135	8	18	231	470	675	5.60e-09	56.2
g445.t1	VFG016167(gb|WP_004665393)	29.949	197	110	8	19	203	18	198	6.53e-09	55.1
g445.t1	VFG046675(gb|WP_010031959)	26.000	200	118	7	3	192	357	536	8.40e-09	55.5
g445.t1	VFG048551(gb|WP_011251260)	27.928	222	133	8	19	228	356	562	8.46e-09	55.8
g445.t1	VFG046677(gb|WP_011648738)	26.000	200	118	7	3	192	360	539	8.81e-09	55.5
g445.t1	VFG046680(gb|WP_003020700)	26.000	200	118	7	3	192	357	536	9.30e-09	55.5
g445.t1	VFG026729(gb|WP_020822014)	29.439	214	138	8	17	228	635	837	9.87e-09	55.5
g445.t1	VFG007026(gb|WP_155116723)	26.106	226	135	8	18	231	470	675	1.26e-08	55.1
g445.t1	VFG024066(gb|WP_026071504)	29.907	214	137	8	17	228	635	837	1.59e-08	54.7
g445.t1	VFG024065(gb|WP_014711101)	29.907	214	137	8	17	228	635	837	1.61e-08	54.7
g445.t1	VFG048486(gb|WP_004223579)	31.892	185	97	11	19	189	22	191	1.69e-08	53.9
g445.t1	VFG016166(gb|WP_003372869)	29.381	194	115	8	19	203	18	198	1.71e-08	53.9
g445.t1	VFG024064(gb|WP_043955645)	29.907	214	137	8	17	228	635	837	1.82e-08	54.7
g445.t1	VFG013731(gb|WP_005291888)	30.357	168	95	8	19	177	39	193	1.95e-08	53.9
g445.t1	VFG013732(gb|WP_006769637)	30.303	165	99	7	19	177	21	175	2.05e-08	53.5
g445.t1	VFG013192(gb|WP_012340414)	24.651	215	145	7	19	231	18	217	2.39e-08	53.9
g445.t1	VFG046678(gb|WP_012429567)	24.876	201	119	7	3	192	357	536	2.42e-08	53.9
g445.t1	VFG013573(gb|WP_011608934)	24.651	215	145	8	19	231	18	217	2.59e-08	53.5
g445.t1	VFG013727(gb|WP_004566911)	42.857	84	45	3	19	102	28	108	2.85e-08	53.1
g445.t1	VFG044358(gb|WP_013317301)	26.872	227	142	10	19	235	18	230	3.76e-08	52.8
g445.t1	VFG024067(gb|WP_036458564)	29.439	214	138	8	17	228	635	837	4.44e-08	53.5
g445.t1	VFG026735(gb|WP_015292877)	30.252	238	136	13	18	246	347	563	4.65e-08	53.1
g445.t1	VFG000841(gb|WP_000987091)	26.178	191	123	8	19	203	484	662	4.80e-08	53.1
g445.t1	VFG026734(gb|WP_015289787)	30.252	238	136	13	18	246	347	563	5.58e-08	53.1
g445.t1	VFG009579(gb|NP_215865)	30.769	169	97	8	18	178	347	503	5.79e-08	53.1
g445.t1	VFG048488(gb|WP_002893737)	31.892	185	97	11	19	189	22	191	8.11e-08	52.0
g445.t1	VFG048483(gb|WP_012542491)	31.892	185	97	11	19	189	22	191	8.57e-08	51.6
g445.t1	VFG033884(gb|WP_000376541)	26.991	226	144	9	19	237	484	695	9.20e-08	52.4
g445.t1	VFG033882(gb|WP_000987096)	26.178	191	123	8	19	203	484	662	1.01e-07	52.4
g445.t1	VFG012478(gb|WP_000376544)	26.991	226	144	9	19	237	484	695	1.04e-07	52.4
g445.t1	VFG044250(gb|WP_005311724)	29.143	175	94	7	18	177	21	180	1.09e-07	51.2
g445.t1	VFG044173(gb|WP_005477430)	25.909	220	137	7	19	228	16	219	1.26e-07	51.2
g445.t1	VFG000907(gb|WP_000376545)	26.549	226	145	9	19	237	484	695	1.31e-07	52.0
g445.t1	VFG012480(gb|WP_000376543)	26.549	226	145	9	19	237	484	695	1.34e-07	52.0
g445.t1	VFG001269(gb|WP_010929996)	25.957	235	140	9	7	231	481	691	1.39e-07	52.0
g445.t1	VFG021855(gb|WP_011726608)	28.070	228	131	12	19	232	27	235	1.51e-07	51.2
g445.t1	VFG044281(gb|WP_012367516)	29.353	201	129	8	30	228	35	224	1.56e-07	50.8
g445.t1	VFG044228(gb|WP_044488032)	27.928	222	140	7	13	228	345	552	1.81e-07	51.6
g445.t1	VFG021792(gb|WP_013241846)	26.291	213	151	5	19	231	31	237	2.04e-07	50.8
g445.t1	VFG046688(gb|WP_041263713)	24.742	194	128	6	3	192	357	536	2.11e-07	51.2
g445.t1	VFG033885(gb|WP_000376538)	26.609	233	136	8	19	237	484	695	2.63e-07	51.2
g445.t1	VFG048489(gb|WP_012968728)	31.351	185	98	11	19	189	22	191	3.86e-07	49.7
g445.t1	VFG013253(gb|WP_011609176)	26.267	217	147	7	18	231	357	563	3.92e-07	50.4
g445.t1	VFG013149(gb|WP_041605303)	26.267	217	147	7	18	231	357	563	4.18e-07	50.4
g445.t1	VFG020177(gb|WP_000140632)	32.418	182	92	12	24	189	25	191	5.08e-07	49.3
g445.t1	VFG048564(gb|WP_014838498)	23.853	218	144	6	18	228	359	561	5.35e-07	50.1
g445.t1	VFG044310(gb|WP_006486076)	30.114	176	106	7	19	184	22	190	5.48e-07	49.3
g445.t1	VFG048565(gb|WP_014229380)	23.853	218	144	6	18	228	359	561	5.60e-07	50.1
g445.t1	VFG022780(gb|WP_012395628)	27.679	224	129	8	17	228	638	840	5.88e-07	50.1
g445.t1	VFG013025(gb|WP_000140630)	32.418	182	92	12	24	189	25	191	6.24e-07	49.3
g445.t1	VFG013717(gb|WP_006769628)	30.189	159	98	5	23	177	23	172	6.32e-07	49.3
g445.t1	VFG026713(gb|WP_015356664)	27.876	226	126	8	17	228	638	840	9.09e-07	49.3
g445.t1	VFG046674(gb|WP_012280806)	24.138	203	118	8	3	192	357	536	1.42e-06	48.9
g445.t1	VFG005775(gb|WP_000403526)	23.923	209	148	5	20	228	18	215	1.52e-06	48.1
g445.t1	VFG050113(gb|WP_000590108)	26.540	211	129	9	23	228	20	209	1.76e-06	48.1
g445.t1	VFG009577(gb|WP_011741579)	27.679	224	129	8	17	228	638	840	1.92e-06	48.5
g445.t1	VFG007915(gb|WP_011560224)	26.636	214	139	6	23	232	31	230	2.00e-06	48.1
g445.t1	VFG007911(gb|WP_010908851)	26.244	221	145	6	16	232	21	227	2.06e-06	47.8
g445.t1	VFG013252(gb|WP_010945439)	26.364	220	139	7	20	231	359	563	2.16e-06	48.1
g445.t1	VFG012511(gb|WP_001442133)	27.928	222	133	9	19	228	357	563	2.65e-06	48.1
g445.t1	VFG012512(gb|WP_001111199)	27.928	222	133	9	19	228	357	563	2.77e-06	48.1
g445.t1	VFG023850(gb|WP_043955033)	27.830	212	142	6	20	231	22	222	2.79e-06	47.4
g445.t1	VFG033929(gb|WP_001111198)	27.928	222	133	9	19	228	357	563	2.80e-06	48.1
g445.t1	VFG013250(gb|WP_005687513)	26.201	229	144	8	20	240	364	575	3.00e-06	47.8
g445.t1	VFG013249(gb|WP_011271803)	26.201	229	144	8	20	240	364	575	3.25e-06	47.8
g445.t1	VFG007238(gb|WP_000379797)	26.506	166	104	7	19	177	35	189	3.35e-06	47.0
g445.t1	VFG012509(gb|WP_001111200)	27.928	222	133	9	19	228	357	563	3.51e-06	47.8
g445.t1	VFG048481(gb|WP_014228352)	30.387	181	98	10	19	185	22	188	3.55e-06	47.0
g445.t1	VFG012510(gb|WP_001298170)	27.928	222	133	9	19	228	357	563	3.64e-06	47.8
g445.t1	VFG012971(gb|WP_011378643)	27.928	222	133	9	19	228	357	563	3.87e-06	47.8
g445.t1	VFG022453(gb|WP_012393578)	26.455	189	121	6	20	204	23	197	4.37e-06	47.0
g445.t1	VFG013719(gb|WP_011013622)	28.916	166	98	6	19	177	18	170	4.48e-06	46.6
g445.t1	VFG013251(gb|WP_012054790)	26.201	229	144	8	20	240	364	575	4.63e-06	47.4
g445.t1	VFG013248(gb|WP_010868928)	26.201	229	144	8	20	240	364	575	4.85e-06	47.0
g445.t1	VFG048480(gb|WP_014837773)	30.387	181	98	10	19	185	22	188	6.13e-06	46.2
g445.t1	VFG013718(gb|WP_011896674)	28.916	166	98	6	19	177	18	170	6.98e-06	46.2
g445.t1	VFG008825(gb|WP_015355163)	26.455	189	121	6	20	204	23	197	7.92e-06	46.2
g445.t1	VFG044153(gb|WP_011063599)	33.824	68	43	1	3	70	332	397	7.96e-06	46.6
g445.t1	VFG013715(gb|WP_010934432)	29.341	167	102	5	16	177	18	173	8.50e-06	45.8
g445.t1	VFG023851(gb|WP_036428980)	27.700	213	141	8	20	231	22	222	8.68e-06	45.8
g445.t1	VFG044091(gb|NP_252096)	36.111	72	44	1	3	74	332	401	9.55e-06	46.2
g445.t1	VFG008835(gb|WP_009939128)	26.442	208	135	6	1	204	6	199	9.86e-06	45.8
g1453.t1	VFG009575(gb|WP_003873186)	30.131	229	125	8	22	237	632	838	6.50e-15	74.3
g1453.t1	VFG009576(gb|WP_024637120)	30.568	229	124	8	22	237	632	838	9.62e-15	73.6
g1453.t1	VFG026722(gb|YP_007957462)	30.137	219	136	9	23	237	626	831	6.08e-14	71.2
g1453.t1	VFG009578(gb|WP_011731355)	28.870	239	155	8	22	258	621	846	8.99e-14	70.9
g1453.t1	VFG026710(gb|WP_015302951)	30.137	219	136	9	23	237	623	828	1.05e-13	70.5
g1453.t1	VFG026712(gb|WP_015292876)	30.137	219	136	9	23	237	624	829	1.13e-13	70.5
g1453.t1	VFG022783(gb|WP_014000720)	30.137	219	136	9	23	237	623	828	1.14e-13	70.5
g1453.t1	VFG022782(gb|WP_003910332)	30.137	219	136	9	23	237	623	828	1.26e-13	70.5
g1453.t1	VFG009570(gb|NP_215864)	30.137	219	136	9	23	237	623	828	1.46e-13	70.1
g1453.t1	VFG026719(gb|WP_025202597)	30.137	219	136	9	23	237	623	828	1.50e-13	70.1
g1453.t1	VFG026726(gb|YP_005922613)	30.137	219	136	9	23	237	623	828	1.61e-13	70.1
g1453.t1	VFG026731(gb|WP_005058854)	30.909	220	124	10	25	234	349	550	1.61e-13	70.1
g1453.t1	VFG022788(gb|YP_001702996)	30.909	220	124	10	25	234	349	550	1.74e-13	69.7
g1453.t1	VFG026711(gb|WP_015289786)	30.137	219	136	9	23	237	623	828	2.08e-13	69.7
g1453.t1	VFG009587(gb|WP_011731354)	30.357	224	128	9	20	234	343	547	1.72e-12	67.0
g1453.t1	VFG044077(gb|YP_002344985)	28.571	182	111	5	11	184	2	172	6.14e-12	63.9
g1453.t1	VFG044281(gb|WP_012367516)	31.841	201	124	8	36	234	35	224	7.81e-12	63.5
g1453.t1	VFG009585(gb|WP_011724227)	30.638	235	132	11	22	246	344	557	8.25e-12	64.7
g1453.t1	VFG009584(gb|WP_003873185)	30.901	233	130	11	24	246	346	557	1.53e-11	63.9
g1453.t1	VFG022786(gb|WP_013828471)	28.372	215	139	8	23	234	629	831	2.28e-11	63.5
g1453.t1	VFG024070(gb|WP_014711102)	29.646	226	119	10	25	234	350	551	2.51e-11	63.5
g1453.t1	VFG009586(gb|WP_011741578)	31.193	218	128	9	24	234	347	549	3.34e-11	63.2
g1453.t1	VFG026736(gb|WP_015356663)	31.193	218	128	9	24	234	347	549	3.37e-11	63.2
g1453.t1	VFG022787(gb|WP_012395627)	31.193	218	128	9	24	234	347	549	3.40e-11	62.8
g1453.t1	VFG024072(gb|WP_014384095)	29.832	238	124	11	25	246	350	560	5.11e-11	62.4
g1453.t1	VFG022793(gb|WP_013828472)	29.911	224	129	10	24	237	347	552	5.20e-11	62.4
g1453.t1	VFG024068(gb|WP_014379607)	30.233	215	135	8	23	234	635	837	5.44e-11	62.4
g1453.t1	VFG024071(gb|WP_009952859)	29.832	238	124	11	25	246	350	560	5.55e-11	62.4
g1453.t1	VFG024069(gb|WP_014941520)	29.832	238	124	11	25	246	350	560	5.81e-11	62.4
g1453.t1	VFG026708(gb|WP_016342533)	28.270	237	153	9	24	257	629	851	7.02e-11	62.0
g1453.t1	VFG026714(gb|WP_005058852)	28.270	237	153	9	24	257	629	851	7.15e-11	62.0
g1453.t1	VFG022781(gb|YP_001702997)	28.139	231	147	10	23	249	628	843	7.22e-11	62.0
g1453.t1	VFG044228(gb|WP_044488032)	29.333	225	133	7	19	234	345	552	1.58e-10	60.8
g1453.t1	VFG022780(gb|WP_012395628)	28.889	225	125	8	23	234	638	840	1.75e-10	60.8
g1453.t1	VFG026750(gb|WP_020822015)	29.289	239	126	11	24	246	346	557	2.15e-10	60.5
g1453.t1	VFG024066(gb|WP_026071504)	30.233	215	135	8	23	234	635	837	2.51e-10	60.5
g1453.t1	VFG024065(gb|WP_014711101)	30.233	215	135	8	23	234	635	837	2.55e-10	60.5
g1453.t1	VFG024064(gb|WP_043955645)	30.233	215	135	8	23	234	635	837	2.58e-10	60.5
g1453.t1	VFG026713(gb|WP_015356664)	28.889	225	125	8	23	234	638	840	2.91e-10	60.5
g1453.t1	VFG026729(gb|WP_020822014)	29.302	215	137	8	23	234	635	837	3.52e-10	60.1
g1453.t1	VFG009577(gb|WP_011741579)	28.889	225	125	8	23	234	638	840	5.63e-10	59.3
g1453.t1	VFG013192(gb|WP_012340414)	24.299	214	147	7	25	237	18	217	8.16e-10	58.5
g1453.t1	VFG013573(gb|WP_011608934)	24.299	214	147	7	25	237	18	217	8.62e-10	58.2
g1453.t1	VFG024067(gb|WP_036458564)	29.767	215	136	8	23	234	635	837	8.66e-10	58.9
g1453.t1	VFG013732(gb|WP_006769637)	31.515	165	97	7	25	183	21	175	2.00e-09	56.6
g1453.t1	VFG013717(gb|WP_006769628)	32.927	164	93	6	26	183	20	172	4.38e-09	55.8
g1453.t1	VFG013731(gb|WP_005291888)	25.806	217	142	9	25	234	39	243	4.83e-09	55.8
g1453.t1	VFG026735(gb|WP_015292877)	28.936	235	141	11	24	251	347	562	5.01e-09	56.6
g1453.t1	VFG026734(gb|WP_015289787)	28.936	235	141	11	24	251	347	562	5.25e-09	56.2
g1453.t1	VFG009579(gb|NP_215865)	29.148	223	135	10	24	238	347	554	8.76e-09	55.8
g1453.t1	VFG044189(gb|WP_011179200)	29.703	202	108	11	25	209	16	200	9.67e-09	54.7
g1453.t1	VFG007023(gb|WP_149591715)	26.991	226	133	9	24	237	470	675	1.15e-08	55.5
g1453.t1	VFG046673(gb|WP_003039938)	29.381	194	110	7	26	209	368	544	1.66e-08	54.7
g1453.t1	VFG044362(gb|WP_033111968)	29.825	171	101	8	20	183	15	173	1.77e-08	53.9
g1453.t1	VFG033884(gb|WP_000376541)	26.222	225	143	10	25	241	484	693	2.44e-08	54.3
g1453.t1	VFG046684(gb|WP_014549988)	29.381	194	110	7	26	209	368	544	2.57e-08	54.3
g1453.t1	VFG012478(gb|WP_000376544)	26.222	225	143	10	25	241	484	693	2.77e-08	54.3
g1453.t1	VFG013702(gb|WP_010934023)	32.487	197	110	9	4	194	3	182	2.83e-08	53.1
g1453.t1	VFG044250(gb|WP_005311724)	30.058	173	95	7	24	183	21	180	2.97e-08	53.1
g1453.t1	VFG021792(gb|WP_013241846)	26.291	213	151	4	25	237	31	237	3.00e-08	53.1
g1453.t1	VFG012480(gb|WP_000376543)	25.778	225	144	10	25	241	484	693	3.24e-08	53.9
g1453.t1	VFG044143(gb|WP_002209483)	23.684	228	124	7	9	214	336	535	3.34e-08	53.9
g1453.t1	VFG000907(gb|WP_000376545)	25.778	225	144	10	25	241	484	693	3.55e-08	53.9
g1453.t1	VFG046680(gb|WP_003020700)	28.866	194	111	7	26	209	368	544	4.12e-08	53.5
g1453.t1	VFG016167(gb|WP_004665393)	30.539	167	96	7	25	183	18	172	4.15e-08	52.8
g1453.t1	VFG046677(gb|WP_011648738)	28.866	194	111	7	26	209	371	547	4.17e-08	53.5
g1453.t1	VFG048486(gb|WP_004223579)	31.148	183	101	10	25	195	22	191	4.21e-08	52.8
g1453.t1	VFG000841(gb|WP_000987091)	24.242	198	118	8	25	209	484	662	4.37e-08	53.5
g1453.t1	VFG046675(gb|WP_010031959)	28.866	194	111	7	26	209	368	544	4.86e-08	53.5
g1453.t1	VFG044336(gb|WP_050767835)	26.941	219	139	7	25	234	356	562	6.84e-08	53.1
g1453.t1	VFG048551(gb|WP_011251260)	25.652	230	128	10	25	234	356	562	7.35e-08	53.1
g1453.t1	VFG013727(gb|WP_004566911)	32.738	168	89	5	25	182	28	181	7.84e-08	52.0
g1453.t1	VFG033882(gb|WP_000987096)	24.242	198	118	8	25	209	484	662	1.22e-07	52.4
g1453.t1	VFG016166(gb|WP_003372869)	28.916	166	100	6	25	183	18	172	1.50e-07	51.2
g1453.t1	VFG007915(gb|WP_011560224)	25.957	235	156	8	8	238	10	230	1.85e-07	51.2
g1453.t1	VFG001269(gb|WP_010929996)	25.112	223	137	8	26	237	488	691	1.96e-07	51.6
g1453.t1	VFG013715(gb|WP_010934432)	28.877	187	110	8	2	183	5	173	1.98e-07	50.8
g1453.t1	VFG048483(gb|WP_012542491)	31.148	183	101	10	25	195	22	191	2.04e-07	50.8
g1453.t1	VFG048488(gb|WP_002893737)	31.148	183	101	10	25	195	22	191	2.07e-07	50.8
g1453.t1	VFG007025(gb|WP_086016961)	26.549	226	134	9	24	237	470	675	2.08e-07	51.6
g1453.t1	VFG046678(gb|WP_012429567)	28.351	194	112	7	26	209	368	544	2.59e-07	51.2
g1453.t1	VFG007026(gb|WP_155116723)	26.549	226	134	9	24	237	470	675	3.16e-07	51.2
g1453.t1	VFG044225(gb|WP_011533698)	26.667	195	119	9	24	209	15	194	4.04e-07	50.1
g1453.t1	VFG046688(gb|WP_041263713)	26.943	193	116	6	26	209	368	544	4.06e-07	50.4
g1453.t1	VFG044147(gb|NP_461701)	26.484	219	140	7	25	234	356	562	4.30e-07	50.8
g1453.t1	VFG044173(gb|WP_005477430)	26.122	245	154	10	25	255	16	247	6.57e-07	49.3
g1453.t1	VFG013728(gb|WP_011273788)	31.098	164	97	5	25	182	20	173	6.75e-07	49.3
g1453.t1	VFG005775(gb|WP_000403526)	23.009	226	163	5	9	234	1	215	7.36e-07	49.3
g1453.t1	VFG048489(gb|WP_012968728)	30.556	180	106	9	25	195	22	191	8.82e-07	48.9
g1453.t1	VFG007914(gb|WP_011780329)	27.727	220	139	9	26	240	23	227	9.72e-07	48.9
g1453.t1	VFG007913(gb|WP_011894249)	26.180	233	158	5	8	238	5	225	1.23e-06	48.9
g1453.t1	VFG023849(gb|WP_013471676)	25.506	247	169	6	8	252	5	238	1.28e-06	48.9
g1453.t1	VFG013070(gb|WP_001626196)	29.630	162	98	6	28	183	19	170	1.41e-06	48.1
g1453.t1	VFG044172(gb|WP_000622316)	29.630	162	98	6	28	183	19	170	1.52e-06	48.1
g1453.t1	VFG013734(gb|WP_011013698)	26.455	189	110	9	4	183	5	173	1.54e-06	48.1
g1453.t1	VFG030675(gb|WP_003875535)	25.896	251	156	9	26	265	20	251	1.55e-06	48.5
g1453.t1	VFG030676(gb|WP_011724098)	25.896	251	156	9	26	265	20	251	1.58e-06	48.5
g1453.t1	VFG044310(gb|WP_006486076)	30.899	178	104	8	25	191	22	191	1.63e-06	48.1
g1453.t1	VFG022453(gb|WP_012393578)	25.243	206	140	5	7	210	4	197	1.72e-06	48.1
g1453.t1	VFG037278(gb|WP_139161447)	27.184	206	129	6	7	209	316	503	1.78e-06	48.5
g1453.t1	VFG007909(gb|WP_003876146)	26.638	229	157	6	26	254	22	239	1.91e-06	48.1
g1453.t1	VFG044303(gb|WP_001044024)	25.229	218	141	9	24	234	352	554	1.95e-06	48.5
g1453.t1	VFG013733(gb|WP_003854229)	26.455	189	110	9	4	183	5	173	2.16e-06	47.8
g1453.t1	VFG013716(gb|WP_041626280)	27.907	172	92	7	25	183	22	174	2.17e-06	47.8
g1453.t1	VFG048481(gb|WP_014228352)	30.168	179	101	9	25	191	22	188	2.29e-06	47.8
g1453.t1	VFG020177(gb|WP_000140632)	31.844	179	97	11	30	195	25	191	2.34e-06	47.8
g1453.t1	VFG030692(gb|WP_013828150)	28.804	184	116	8	5	188	3	171	2.42e-06	48.1
g1453.t1	VFG016185(gb|WP_011168851)	26.484	219	147	7	19	234	345	552	2.44e-06	48.1
g1453.t1	VFG013719(gb|WP_011013622)	25.946	185	120	6	1	183	1	170	2.59e-06	47.4
g1453.t1	VFG012511(gb|WP_001442133)	27.854	219	137	7	25	234	357	563	2.66e-06	48.5
g1453.t1	VFG012512(gb|WP_001111199)	27.854	219	137	7	25	234	357	563	2.69e-06	48.1
g1453.t1	VFG033929(gb|WP_001111198)	27.854	219	137	7	25	234	357	563	2.79e-06	48.1
g1453.t1	VFG013025(gb|WP_000140630)	31.844	179	97	11	30	195	25	191	2.84e-06	47.4
g1453.t1	VFG038918(gb|WP_164927583)	26.291	213	143	7	25	234	488	689	2.87e-06	48.1
g1453.t1	VFG008825(gb|WP_015355163)	25.243	206	140	5	7	210	4	197	3.13e-06	47.4
g1453.t1	VFG013253(gb|WP_011609176)	25.000	196	122	5	24	209	357	537	3.44e-06	47.8
g1453.t1	VFG013149(gb|WP_041605303)	25.000	196	122	5	24	209	357	537	4.05e-06	47.8
g1453.t1	VFG012510(gb|WP_001298170)	27.854	219	137	7	25	234	357	563	4.18e-06	47.8
g1453.t1	VFG048480(gb|WP_014837773)	30.168	179	101	9	25	191	22	188	4.24e-06	47.0
g1453.t1	VFG012971(gb|WP_011378643)	27.854	219	137	7	25	234	357	563	4.37e-06	47.8
g1453.t1	VFG012509(gb|WP_001111200)	27.854	219	137	7	25	234	357	563	4.37e-06	47.8
g1453.t1	VFG007912(gb|WP_011740072)	25.243	206	140	5	7	210	4	197	4.51e-06	47.0
g1453.t1	VFG044229(gb|WP_011533702)	26.360	239	160	8	20	255	364	589	5.17e-06	47.4
g1453.t1	VFG013718(gb|WP_011896674)	26.702	191	111	8	1	183	1	170	5.35e-06	46.6
g1453.t1	VFG044358(gb|WP_013317301)	27.551	196	116	11	25	209	18	198	7.53e-06	46.2
g1453.t1	VFG034207(gb|WP_000983720)	29.834	181	110	6	6	183	9	175	9.26e-06	45.8
g1453.t1	VFG037274(gb|WP_001281538)	27.184	206	129	6	7	209	325	512	9.36e-06	46.6
g1453.t1	VFG037277(gb|WP_031967279)	27.184	206	129	6	7	209	316	503	9.47e-06	46.2
g1453.t1	VFG013047(gb|WP_000983717)	29.570	186	104	7	6	183	9	175	9.97e-06	45.8
g1273.t1	VFG026731(gb|WP_005058854)	29.583	240	144	8	16	243	349	575	7.99e-17	79.3
g1273.t1	VFG022788(gb|YP_001702996)	30.837	227	139	8	16	240	349	559	1.19e-16	78.6
g1273.t1	VFG009576(gb|WP_024637120)	29.108	213	139	5	16	228	635	835	4.22e-16	77.4
g1273.t1	VFG009575(gb|WP_003873186)	28.638	213	140	5	16	228	635	835	8.31e-16	76.3
g1273.t1	VFG013715(gb|WP_010934432)	30.769	247	155	8	1	243	6	240	1.35e-15	74.3
g1273.t1	VFG022793(gb|WP_013828472)	32.558	215	130	8	16	228	348	549	2.31e-15	75.1
g1273.t1	VFG026712(gb|WP_015292876)	29.032	217	134	8	16	228	626	826	6.56e-15	73.9
g1273.t1	VFG022782(gb|WP_003910332)	29.032	217	134	8	16	228	625	825	7.84e-15	73.6
g1273.t1	VFG026726(gb|YP_005922613)	29.032	217	134	8	16	228	625	825	7.99e-15	73.6
g1273.t1	VFG009570(gb|NP_215864)	29.032	217	134	8	16	228	625	825	8.53e-15	73.6
g1273.t1	VFG026719(gb|WP_025202597)	29.493	217	133	9	16	228	625	825	9.55e-15	73.2
g1273.t1	VFG026711(gb|WP_015289786)	29.032	217	134	8	16	228	625	825	1.07e-14	73.2
g1273.t1	VFG022783(gb|WP_014000720)	29.032	217	134	8	16	228	625	825	1.34e-14	72.8
g1273.t1	VFG026710(gb|WP_015302951)	29.032	217	134	8	16	228	625	825	1.72e-14	72.4
g1273.t1	VFG026714(gb|WP_005058852)	29.493	217	139	7	16	231	630	833	1.99e-14	72.4
g1273.t1	VFG026708(gb|WP_016342533)	29.493	217	139	7	16	231	630	833	1.99e-14	72.4
g1273.t1	VFG009585(gb|WP_011724227)	32.719	217	127	9	16	228	347	548	3.26e-14	71.6
g1273.t1	VFG009584(gb|WP_003873185)	31.628	215	132	7	16	228	347	548	4.79e-14	70.9
g1273.t1	VFG022781(gb|YP_001702997)	29.032	217	140	7	16	231	630	833	2.40e-13	69.3
g1273.t1	VFG009578(gb|WP_011731355)	27.189	217	138	7	16	228	624	824	3.46e-13	68.6
g1273.t1	VFG026722(gb|YP_007957462)	28.704	216	136	8	16	228	628	828	3.52e-13	68.6
g1273.t1	VFG024069(gb|WP_014941520)	33.028	218	125	10	16	228	350	551	3.84e-13	68.6
g1273.t1	VFG024070(gb|WP_014711102)	33.028	218	125	10	16	228	350	551	4.10e-13	68.2
g1273.t1	VFG024072(gb|WP_014384095)	33.028	218	125	10	16	228	350	551	6.73e-13	67.8
g1273.t1	VFG024071(gb|WP_009952859)	33.028	218	125	10	16	228	350	551	7.12e-13	67.4
g1273.t1	VFG022786(gb|WP_013828471)	28.000	225	126	5	16	228	631	831	7.51e-13	67.8
g1273.t1	VFG009586(gb|WP_011741578)	30.275	218	135	7	16	230	348	551	2.35e-12	65.9
g1273.t1	VFG022787(gb|WP_012395627)	30.275	218	135	7	16	230	348	551	2.49e-12	65.9
g1273.t1	VFG026736(gb|WP_015356663)	30.275	218	135	7	16	230	348	551	2.68e-12	65.9
g1273.t1	VFG013703(gb|WP_011273220)	27.778	252	156	10	1	243	1	235	5.28e-12	63.9
g1273.t1	VFG026750(gb|WP_020822015)	32.569	218	126	10	16	228	347	548	6.38e-12	64.7
g1273.t1	VFG013719(gb|WP_011013622)	27.236	246	164	8	1	243	3	236	7.95e-12	63.5
g1273.t1	VFG044228(gb|WP_044488032)	27.149	221	134	9	16	228	351	552	1.27e-11	63.9
g1273.t1	VFG022780(gb|WP_012395628)	28.169	213	141	6	16	228	640	840	1.54e-11	63.9
g1273.t1	VFG044281(gb|WP_012367516)	28.390	236	140	9	2	228	9	224	1.81e-11	62.4
g1273.t1	VFG013718(gb|WP_011896674)	26.829	246	165	8	1	243	3	236	3.25e-11	61.6
g1273.t1	VFG021788(gb|WP_013241313)	27.049	244	162	8	4	243	9	240	3.45e-11	61.6
g1273.t1	VFG026713(gb|WP_015356664)	27.700	213	142	5	16	228	640	840	4.50e-11	62.4
g1273.t1	VFG009577(gb|WP_011741579)	28.638	213	140	6	16	228	640	840	4.93e-11	62.4
g1273.t1	VFG009579(gb|NP_215865)	27.511	229	129	8	16	231	348	552	8.32e-11	61.6
g1273.t1	VFG026734(gb|WP_015289787)	27.632	228	128	8	16	230	348	551	8.80e-11	61.2
g1273.t1	VFG016167(gb|WP_004665393)	29.327	208	128	9	2	203	4	198	1.01e-10	60.1
g1273.t1	VFG013573(gb|WP_011608934)	24.675	231	150	8	2	228	4	214	1.51e-10	60.1
g1273.t1	VFG013192(gb|WP_012340414)	24.675	231	150	8	2	228	4	214	1.54e-10	60.1
g1273.t1	VFG012480(gb|WP_000376543)	25.630	238	164	5	12	248	480	705	1.81e-10	60.5
g1273.t1	VFG000907(gb|WP_000376545)	25.630	238	164	5	12	248	480	705	2.01e-10	60.5
g1273.t1	VFG044143(gb|WP_002209483)	26.364	220	129	8	16	224	352	549	2.28e-10	60.1
g1273.t1	VFG033884(gb|WP_000376541)	25.210	238	165	5	12	248	480	705	2.94e-10	59.7
g1273.t1	VFG012478(gb|WP_000376544)	25.210	238	165	5	12	248	480	705	3.02e-10	59.7
g1273.t1	VFG033885(gb|WP_000376538)	25.210	238	165	5	12	248	480	705	3.80e-10	59.7
g1273.t1	VFG026735(gb|WP_015292877)	27.193	228	129	8	16	230	348	551	4.03e-10	59.3
g1273.t1	VFG044077(gb|YP_002344985)	23.902	205	146	6	1	203	1	197	4.21e-10	58.5
g1273.t1	VFG033882(gb|WP_000987096)	28.205	195	129	4	10	203	478	662	5.16e-10	59.3
g1273.t1	VFG007023(gb|WP_149591715)	26.636	214	138	6	20	229	475	673	5.50e-10	58.9
g1273.t1	VFG044135(gb|WP_002209058)	28.085	235	147	8	1	228	11	230	6.30e-10	57.8
g1273.t1	VFG024068(gb|WP_014379607)	28.037	214	140	7	16	228	637	837	6.91e-10	58.9
g1273.t1	VFG000841(gb|WP_000987091)	28.205	195	129	4	10	203	478	662	7.61e-10	58.5
g1273.t1	VFG009587(gb|WP_011731354)	29.258	229	125	8	13	228	343	547	8.83e-10	58.5
g1273.t1	VFG013702(gb|WP_010934023)	27.668	253	151	9	2	243	3	234	8.89e-10	57.4
g1273.t1	VFG013716(gb|WP_041626280)	27.586	261	149	12	2	246	8	244	9.10e-10	57.8
g1273.t1	VFG007909(gb|WP_003876146)	24.681	235	151	6	17	245	22	236	1.09e-09	57.8
g1273.t1	VFG026729(gb|WP_020822014)	28.037	214	140	5	16	228	637	837	1.28e-09	58.2
g1273.t1	VFG013727(gb|WP_004566911)	29.915	234	149	10	16	245	28	250	1.31e-09	57.0
g1273.t1	VFG023851(gb|WP_036428980)	24.255	235	152	6	17	245	22	236	3.14e-09	56.2
g1273.t1	VFG024065(gb|WP_014711101)	26.636	214	143	6	16	228	637	837	3.48e-09	56.6
g1273.t1	VFG024066(gb|WP_026071504)	26.636	214	143	6	16	228	637	837	3.61e-09	56.6
g1273.t1	VFG024064(gb|WP_043955645)	27.103	214	142	7	16	228	637	837	3.95e-09	56.6
g1273.t1	VFG016108(gb|WP_011061774)	27.586	203	132	7	4	203	333	523	4.05e-09	56.2
g1273.t1	VFG044310(gb|WP_006486076)	28.384	229	152	9	2	228	8	226	4.18e-09	55.8
g1273.t1	VFG050113(gb|WP_000590108)	25.561	223	141	7	20	239	20	220	4.50e-09	55.5
g1273.t1	VFG016112(gb|WP_171053477)	24.895	237	157	9	16	247	350	570	4.54e-09	56.2
g1273.t1	VFG007025(gb|WP_086016961)	26.636	214	138	6	20	229	475	673	4.55e-09	56.2
g1273.t1	VFG007914(gb|WP_011780329)	25.000	236	148	7	17	246	23	235	7.32e-09	55.1
g1273.t1	VFG007915(gb|WP_011560224)	24.900	249	158	7	4	246	15	240	7.83e-09	55.1
g1273.t1	VFG037278(gb|WP_139161447)	28.431	204	124	6	2	203	320	503	9.86e-09	55.1
g1273.t1	VFG016166(gb|WP_003372869)	27.885	208	131	9	2	203	4	198	1.04e-08	54.3
g1273.t1	VFG007026(gb|WP_155116723)	26.636	214	138	6	20	229	475	673	1.11e-08	55.1
g1273.t1	VFG044173(gb|WP_005477430)	23.707	232	160	7	1	228	1	219	1.14e-08	54.3
g1273.t1	VFG021792(gb|WP_013241846)	28.169	213	144	6	16	228	31	234	1.68e-08	53.9
g1273.t1	VFG023853(gb|WP_026071342)	24.681	235	151	6	17	245	22	236	1.85e-08	53.9
g1273.t1	VFG044100(gb|NP_253394)	35.789	95	53	2	1	89	1	93	1.89e-08	53.5
g1273.t1	VFG007913(gb|WP_011894249)	25.000	236	148	7	17	246	23	235	1.96e-08	53.9
g1273.t1	VFG023849(gb|WP_013471676)	25.000	236	148	7	17	246	23	235	2.11e-08	53.9
g1273.t1	VFG018924(gb|WP_012229555)	25.116	215	144	7	17	228	361	561	2.16e-08	54.3
g1273.t1	VFG034056(gb|WP_001608389)	25.116	215	144	7	17	228	361	561	2.32e-08	54.3
g1273.t1	VFG034041(gb|WP_000654453)	25.116	215	144	7	17	228	361	561	2.32e-08	54.3
g1273.t1	VFG012537(gb|WP_001304269)	25.116	215	144	7	17	228	361	561	2.32e-08	54.3
g1273.t1	VFG035923(gb|WP_000621745)	24.424	217	137	4	1	209	1	198	2.43e-08	52.8
g1273.t1	VFG048567(gb|YP_005227763)	25.116	215	144	7	17	228	361	561	2.48e-08	53.9
g1273.t1	VFG034051(gb|WP_014639938)	25.116	215	144	7	17	228	361	561	2.48e-08	53.9
g1273.t1	VFG034050(gb|WP_001446633)	25.116	215	144	7	17	228	361	561	2.48e-08	53.9
g1273.t1	VFG012538(gb|WP_001350678)	25.116	215	144	7	17	228	361	561	2.50e-08	53.9
g1273.t1	VFG000366(gb|WP_002212761)	25.116	215	144	7	17	228	361	561	2.57e-08	53.9
g1273.t1	VFG044325(gb|WP_002212761)	25.116	215	144	7	17	228	361	561	2.57e-08	53.9
g1273.t1	VFG003507(gb|WP_005168689)	25.116	215	144	7	17	228	361	561	2.62e-08	53.9
g1273.t1	VFG048565(gb|WP_014229380)	25.581	215	143	7	17	228	361	561	2.82e-08	53.9
g1273.t1	VFG030686(gb|YP_001702115)	28.049	164	104	4	14	177	17	166	2.85e-08	53.5
g1273.t1	VFG030706(gb|WP_005059672)	28.049	164	104	4	14	177	17	166	2.93e-08	53.5
g1273.t1	VFG008678(gb|WP_041321021)	23.830	235	153	6	17	245	22	236	3.55e-08	53.1
g1273.t1	VFG024067(gb|WP_036458564)	27.103	214	142	6	16	228	637	837	3.59e-08	53.5
g1273.t1	VFG048566(gb|WP_014907271)	25.116	215	144	7	17	228	361	561	3.68e-08	53.5
g1273.t1	VFG035919(gb|WP_000621743)	24.424	217	137	4	1	209	1	198	3.97e-08	52.0
g1273.t1	VFG034049(gb|WP_000654452)	25.116	215	144	7	17	228	361	561	4.71e-08	53.1
g1273.t1	VFG012535(gb|WP_001327263)	25.116	215	144	7	17	228	361	561	4.71e-08	53.1
g1273.t1	VFG012536(gb|WP_001295637)	25.116	215	144	7	17	228	361	561	4.84e-08	53.1
g1273.t1	VFG034048(gb|WP_024256148)	25.116	215	144	7	17	228	361	561	4.89e-08	53.1
g1273.t1	VFG023850(gb|WP_043955033)	24.681	235	151	6	17	245	22	236	5.34e-08	52.4
g1273.t1	VFG048564(gb|WP_014838498)	25.581	215	143	7	17	228	361	561	5.77e-08	52.8
g1273.t1	VFG013728(gb|WP_011273788)	28.641	206	123	8	16	211	20	211	6.50e-08	52.0
g1273.t1	VFG044236(gb|WP_011815405)	25.641	234	154	6	1	228	11	230	7.08e-08	52.0
g1273.t1	VFG013732(gb|WP_006769637)	28.652	178	117	5	2	178	7	175	8.73e-08	51.6
g1273.t1	VFG030704(gb|WP_015292799)	28.571	161	101	5	17	177	20	166	1.10e-07	52.0
g1273.t1	VFG037274(gb|WP_001281538)	27.586	203	127	4	2	203	329	512	1.15e-07	52.0
g1273.t1	VFG030689(gb|WP_014000675)	28.571	161	101	5	17	177	20	166	1.16e-07	51.6
g1273.t1	VFG037277(gb|WP_031967279)	27.586	203	127	4	2	203	320	503	1.19e-07	52.0
g1273.t1	VFG030671(gb|NP_215754)	28.571	161	101	5	17	177	20	166	1.19e-07	51.6
g1273.t1	VFG030700(gb|WP_005098896)	27.439	164	105	4	14	177	17	166	1.33e-07	51.6
g1273.t1	VFG008680(gb|WP_015309619)	24.424	217	134	7	20	228	26	220	1.52e-07	51.2
g1273.t1	VFG022453(gb|WP_012393578)	26.432	227	137	8	17	235	23	227	1.91e-07	50.8
g1273.t1	VFG044105(gb|WP_010922614)	26.562	192	123	6	2	186	8	188	2.10e-07	50.4
g1273.t1	VFG007912(gb|WP_011740072)	26.432	227	137	8	17	235	23	227	3.41e-07	50.1
g1273.t1	VFG044091(gb|NP_252096)	25.366	205	118	4	12	203	344	526	3.57e-07	50.4
g1273.t1	VFG037273(gb|WP_001281554)	27.586	203	127	6	2	203	329	512	3.73e-07	50.4
g1273.t1	VFG037390(gb|WP_000582116)	23.913	230	161	7	1	228	1	218	3.76e-07	49.7
g1273.t1	VFG016110(gb|WP_012074239)	27.897	233	150	7	2	231	330	547	3.88e-07	50.4
g1273.t1	VFG008825(gb|WP_015355163)	26.432	227	137	8	17	235	23	227	4.42e-07	49.7
g1273.t1	VFG044172(gb|WP_000622316)	25.214	234	155	5	1	228	1	220	4.62e-07	49.3
g1273.t1	VFG044225(gb|WP_011533698)	23.039	204	146	5	1	203	1	194	5.28e-07	49.3
g1273.t1	VFG007257(gb|WP_005482130)	26.667	240	142	9	1	228	1	218	5.37e-07	49.3
g1273.t1	VFG037272(gb|WP_001281555)	27.586	203	127	6	2	203	329	512	6.23e-07	49.7
g1273.t1	VFG016107(gb|WP_003137474)	27.848	237	141	11	2	228	328	544	6.49e-07	49.7
g1273.t1	VFG048481(gb|WP_014228352)	30.851	188	110	9	7	186	13	188	6.79e-07	48.9
g1273.t1	VFG013070(gb|WP_001626196)	24.786	234	156	5	1	228	1	220	6.90e-07	48.9
g1273.t1	VFG030676(gb|WP_011724098)	27.950	161	102	5	17	177	20	166	1.09e-06	48.9
g1273.t1	VFG037280(gb|WP_001281545)	27.586	203	127	6	2	203	329	512	1.10e-06	48.9
g1273.t1	VFG037386(gb|WP_000582115)	23.478	230	162	7	1	228	1	218	1.15e-06	48.1
g1273.t1	VFG030675(gb|WP_003875535)	27.950	161	102	5	17	177	20	166	1.16e-06	48.9
g1273.t1	VFG038918(gb|WP_164927583)	24.885	217	146	6	16	229	488	690	1.21e-06	48.9
g1273.t1	VFG030684(gb|WP_011781637)	28.834	163	102	5	15	177	18	166	1.39e-06	48.5
g1273.t1	VFG013252(gb|WP_010945439)	25.229	218	152	5	12	229	355	561	1.86e-06	48.5
g1273.t1	VFG002176(gb|AAM75252)	28.821	229	134	10	9	228	480	688	1.97e-06	48.5
g1273.t1	VFG037384(gb|WP_000582117)	23.478	230	162	7	1	228	1	218	1.98e-06	47.8
g1273.t1	VFG044189(gb|WP_011179200)	25.301	249	150	11	1	233	1	229	2.13e-06	47.4
g1273.t1	VFG007911(gb|WP_010908851)	26.106	226	133	10	20	235	28	229	2.38e-06	47.8
g1273.t1	VFG044153(gb|WP_011063599)	25.630	238	144	10	2	230	332	545	2.47e-06	48.1
g1273.t1	VFG044358(gb|WP_013317301)	25.728	206	138	6	2	203	4	198	2.48e-06	47.4
g1273.t1	VFG030679(gb|WP_011730288)	27.439	164	105	5	14	177	21	170	2.74e-06	47.8
g1273.t1	VFG008835(gb|WP_009939128)	25.389	193	115	4	20	204	28	199	2.78e-06	47.4
g1273.t1	VFG030715(gb|YP_007957369)	27.950	161	102	5	17	177	20	166	2.83e-06	47.8
g1273.t1	VFG030691(gb|WP_012395776)	27.329	161	103	5	17	177	20	166	2.88e-06	47.4
g1273.t1	VFG030705(gb|WP_015356778)	27.329	161	103	5	17	177	20	166	3.01e-06	47.4
g1273.t1	VFG007904(gb|NP_217452)	25.389	193	115	4	20	204	28	199	3.34e-06	47.4
g1273.t1	VFG008823(gb|WP_015291060)	25.389	193	115	4	20	204	28	199	3.56e-06	47.0
g1273.t1	VFG007907(gb|WP_003414846)	25.389	193	115	4	20	204	28	199	3.56e-06	47.0
g1273.t1	VFG048480(gb|WP_014837773)	30.319	188	111	9	7	186	13	188	3.65e-06	47.0
g1273.t1	VFG030680(gb|WP_011856409)	28.571	161	101	5	17	177	20	166	3.76e-06	47.4
g1273.t1	VFG030681(gb|WP_011561359)	28.571	161	101	5	17	177	20	166	3.83e-06	47.4
g1273.t1	VFG013734(gb|WP_011013698)	25.641	234	137	9	2	217	5	219	4.12e-06	46.6
g1273.t1	VFG013731(gb|WP_005291888)	22.845	232	161	6	2	228	25	243	4.16e-06	46.6
g1273.t1	VFG016184(gb|WP_005762826)	24.091	220	150	6	12	228	347	552	4.22e-06	47.4
g1273.t1	VFG016106(gb|WP_012074240)	26.860	242	143	11	2	231	328	547	4.24e-06	47.4
g1273.t1	VFG013733(gb|WP_003854229)	25.641	234	137	9	2	217	5	219	4.39e-06	46.6
g1273.t1	VFG037392(gb|WP_000582124)	22.609	230	164	7	1	228	1	218	6.87e-06	45.8
g1273.t1	VFG044295(gb|WP_004243181)	25.217	230	152	6	5	228	13	228	7.38e-06	45.8
g1273.t1	VFG016187(gb|WP_011168850)	24.569	232	146	9	2	224	345	556	7.53e-06	46.6
g1273.t1	VFG030692(gb|WP_013828150)	26.087	161	105	3	17	177	20	166	8.90e-06	46.2
