g1071.t1	VFG016239(gb|WP_001099551)	33.333	186	123	1	53	238	27	211	8.96e-30	110
g1071.t1	VFG050097(gb|WP_001977287)	33.333	186	123	1	53	238	27	211	9.34e-30	110
g1071.t1	VFG016244(gb|WP_001099550)	33.333	186	123	1	53	238	27	211	1.01e-29	110
g1071.t1	VFG050098(gb|WP_001099729)	31.720	186	126	1	53	238	27	211	1.19e-28	107
g1071.t1	VFG016243(gb|WP_000995364)	31.720	186	126	1	53	238	27	211	1.29e-28	107
g1071.t1	VFG016242(gb|WP_000995363)	31.183	186	127	1	53	238	27	211	1.94e-28	107
g1071.t1	VFG016245(gb|WP_000995319)	31.720	186	126	1	53	238	27	211	2.53e-28	107
g1071.t1	VFG038905(gb|WP_016351856)	30.000	180	115	4	60	238	38	207	1.98e-15	72.4
g1071.t1	VFG038906(gb|WP_005318058)	29.444	180	116	4	60	238	38	207	4.51e-15	71.6
g1071.t1	VFG038904(gb|WP_011707242)	29.444	180	116	4	60	238	38	207	3.49e-14	68.9
g1071.t1	VFG016235(gb|WP_003182805)	31.298	131	88	1	74	204	47	175	1.43e-13	67.4
g1071.t1	VFG038907(gb|WP_005354346)	32.323	99	65	1	74	172	51	147	5.59e-13	65.9
g1071.t1	VFG016234(gb|NP_390062)	35.849	106	68	0	99	204	70	175	9.87e-13	65.1
g1071.t1	VFG016238(gb|WP_011247375)	25.000	168	118	2	74	241	52	211	1.78e-12	64.3
g1071.t1	VFG016226(gb|WP_000136894)	28.873	142	99	1	63	204	44	183	3.39e-12	63.5
g1071.t1	VFG016230(gb|WP_000136895)	28.873	142	99	1	63	204	44	183	3.95e-12	63.5
g1071.t1	VFG050094(gb|WP_000136887)	28.873	142	99	1	63	204	44	183	5.46e-12	63.2
g1071.t1	VFG016229(gb|WP_000136889)	28.873	142	99	1	63	204	44	183	7.58e-12	62.8
g1071.t1	VFG050095(gb|WP_000136884)	28.873	142	99	1	63	204	44	183	9.14e-12	62.4
g1071.t1	VFG016237(gb|WP_010899012)	25.556	180	124	3	63	241	41	211	1.07e-10	59.3
g4927.t1	VFG016237(gb|WP_010899012)	45.545	202	108	2	5	205	12	212	1.73e-49	160
g4927.t1	VFG050094(gb|WP_000136887)	43.564	202	112	2	5	205	15	215	6.88e-49	158
g4927.t1	VFG016229(gb|WP_000136889)	43.564	202	112	2	5	205	15	215	1.05e-48	158
g4927.t1	VFG016230(gb|WP_000136895)	43.564	202	112	2	5	205	15	215	1.31e-48	157
g4927.t1	VFG016226(gb|WP_000136894)	43.564	202	112	2	5	205	15	215	1.45e-48	157
g4927.t1	VFG050095(gb|WP_000136884)	43.564	202	112	2	5	205	15	215	1.85e-48	157
g4927.t1	VFG016238(gb|WP_011247375)	43.564	202	112	2	5	205	12	212	4.75e-47	154
g4927.t1	VFG016235(gb|WP_003182805)	39.801	201	119	2	5	204	7	206	3.38e-42	141
g4927.t1	VFG016244(gb|WP_001099550)	37.736	212	124	4	2	205	4	215	3.40e-39	133
g4927.t1	VFG016245(gb|WP_000995319)	37.264	212	125	3	2	205	4	215	4.13e-39	133
g4927.t1	VFG050097(gb|WP_001977287)	37.736	212	124	4	2	205	4	215	7.48e-39	132
g4927.t1	VFG016234(gb|NP_390062)	44.000	200	110	2	5	203	7	205	1.44e-38	132
g4927.t1	VFG016239(gb|WP_001099551)	36.792	212	126	3	2	205	4	215	1.91e-38	131
g4927.t1	VFG050098(gb|WP_001099729)	35.849	212	128	3	2	205	4	215	4.07e-38	130
g4927.t1	VFG016243(gb|WP_000995364)	35.849	212	128	3	2	205	4	215	4.11e-38	130
g4927.t1	VFG016242(gb|WP_000995363)	35.849	212	128	3	2	205	4	215	4.48e-38	130
g4927.t1	VFG038905(gb|WP_016351856)	41.765	170	97	2	36	204	42	210	7.99e-30	109
g4927.t1	VFG038904(gb|WP_011707242)	41.176	170	98	2	36	204	42	210	1.77e-28	105
g4927.t1	VFG038906(gb|WP_005318058)	40.120	167	98	2	39	204	45	210	6.10e-28	104
g4927.t1	VFG038907(gb|WP_005354346)	41.317	167	96	2	39	204	45	210	1.46e-25	98.6
g2833.t1	VFG038906(gb|WP_005318058)	66.990	206	66	1	11	216	7	210	2.55e-81	241
g2833.t1	VFG038904(gb|WP_011707242)	67.788	208	65	1	10	217	6	211	5.24e-77	230
g2833.t1	VFG038905(gb|WP_016351856)	67.788	208	65	1	10	217	6	211	5.54e-77	230
g2833.t1	VFG038907(gb|WP_005354346)	68.932	206	62	1	11	216	7	210	1.34e-75	226
g2833.t1	VFG016235(gb|WP_003182805)	45.192	208	113	1	11	218	2	208	5.75e-59	184
g2833.t1	VFG016230(gb|WP_000136895)	45.714	210	111	2	7	216	8	214	2.92e-56	177
g2833.t1	VFG016226(gb|WP_000136894)	45.714	210	111	2	7	216	8	214	3.16e-56	177
g2833.t1	VFG050094(gb|WP_000136887)	45.714	210	111	2	7	216	8	214	3.64e-56	177
g2833.t1	VFG016229(gb|WP_000136889)	45.714	210	111	2	7	216	8	214	5.50e-56	177
g2833.t1	VFG050095(gb|WP_000136884)	45.714	210	111	2	7	216	8	214	2.33e-55	175
g2833.t1	VFG016234(gb|NP_390062)	50.000	206	100	2	11	215	2	205	3.34e-52	167
g2833.t1	VFG016237(gb|WP_010899012)	43.541	209	117	1	8	216	4	211	1.30e-51	166
g2833.t1	VFG016238(gb|WP_011247375)	42.584	209	119	1	8	216	4	211	1.70e-46	152
g2833.t1	VFG050097(gb|WP_001977287)	35.885	209	127	3	15	216	6	214	3.11e-32	116
g2833.t1	VFG050098(gb|WP_001099729)	34.928	209	129	3	15	216	6	214	3.78e-32	115
g2833.t1	VFG016243(gb|WP_000995364)	34.928	209	129	3	15	216	6	214	3.86e-32	115
g2833.t1	VFG016242(gb|WP_000995363)	34.928	209	129	3	15	216	6	214	4.99e-32	115
g2833.t1	VFG016239(gb|WP_001099551)	35.885	209	127	3	15	216	6	214	6.66e-32	115
g2833.t1	VFG016244(gb|WP_001099550)	35.407	209	128	2	15	216	6	214	1.92e-31	114
g2833.t1	VFG016245(gb|WP_000995319)	35.885	209	127	3	15	216	6	214	3.49e-31	113
