g51.t1	VFG030211(gb|WP_014001572)	49.897	485	234	5	8	485	3	485	6.35e-171	490
g51.t1	VFG030214(gb|WP_015303735)	49.691	485	235	5	8	485	3	485	2.32e-170	489
g51.t1	VFG030213(gb|WP_015288449)	49.691	485	235	5	8	485	3	485	2.48e-170	489
g51.t1	VFG030216(gb|WP_015294164)	49.691	485	235	5	8	485	3	485	3.22e-170	489
g51.t1	VFG030205(gb|WP_003416069)	49.691	485	235	5	8	485	3	485	1.72e-169	487
g51.t1	VFG030227(gb|YP_005924210)	49.485	485	236	5	8	485	3	485	2.31e-169	486
g51.t1	VFG030220(gb|YP_007962956)	49.485	485	236	5	8	485	3	485	2.61e-169	486
g51.t1	VFG030203(gb|NP_217599)	49.485	485	236	5	8	485	3	485	2.85e-169	486
g51.t1	VFG030206(gb|WP_011799317)	49.485	485	236	5	8	485	3	485	1.51e-168	484
g51.t1	VFG030215(gb|WP_015291170)	49.278	485	237	5	8	485	3	485	3.37e-168	483
g560.t1	VFG030216(gb|WP_015294164)	44.468	479	258	4	11	482	6	483	3.35e-143	419
g560.t1	VFG030211(gb|WP_014001572)	44.468	479	258	4	11	482	6	483	5.01e-143	419
g560.t1	VFG030214(gb|WP_015303735)	44.468	479	258	4	11	482	6	483	6.79e-143	419
g560.t1	VFG030227(gb|YP_005924210)	44.468	479	258	4	11	482	6	483	8.53e-143	419
g560.t1	VFG030213(gb|WP_015288449)	44.468	479	258	4	11	482	6	483	8.53e-143	419
g560.t1	VFG030205(gb|WP_003416069)	44.676	479	257	4	11	482	6	483	8.63e-143	419
g560.t1	VFG030203(gb|NP_217599)	44.468	479	258	4	11	482	6	483	1.29e-142	418
g560.t1	VFG030215(gb|WP_015291170)	44.259	479	259	4	11	482	6	483	6.29e-142	416
g560.t1	VFG030206(gb|WP_011799317)	44.468	479	258	4	11	482	6	483	7.49e-142	416
g560.t1	VFG030220(gb|YP_007962956)	44.259	479	259	4	11	482	6	483	1.93e-141	415
g880.t1	VFG030211(gb|WP_014001572)	26.131	398	256	14	22	396	7	389	1.97e-28	118
g880.t1	VFG030213(gb|WP_015288449)	26.131	398	256	14	22	396	7	389	2.22e-28	117
g880.t1	VFG030214(gb|WP_015303735)	26.131	398	256	14	22	396	7	389	2.31e-28	117
g880.t1	VFG030215(gb|WP_015291170)	26.566	399	253	15	22	396	7	389	9.31e-28	116
g880.t1	VFG030205(gb|WP_003416069)	26.316	399	254	15	22	396	7	389	1.09e-27	115
g880.t1	VFG030227(gb|YP_005924210)	26.131	398	256	14	22	396	7	389	1.23e-27	115
g880.t1	VFG030203(gb|NP_217599)	26.316	399	254	15	22	396	7	389	1.50e-27	115
g880.t1	VFG030216(gb|WP_015294164)	26.316	399	254	15	22	396	7	389	4.68e-27	114
g880.t1	VFG030206(gb|WP_011799317)	26.065	399	255	15	22	396	7	389	9.17e-27	113
g880.t1	VFG030220(gb|YP_007962956)	26.065	399	255	15	22	396	7	389	1.36e-26	112
g1383.t1	VFG030216(gb|WP_015294164)	27.293	447	264	17	4	421	5	419	3.36e-29	120
g1383.t1	VFG030214(gb|WP_015303735)	26.608	451	262	16	4	421	5	419	7.61e-29	119
g1383.t1	VFG030227(gb|YP_005924210)	26.608	451	262	16	4	421	5	419	2.16e-28	117
g1383.t1	VFG030213(gb|WP_015288449)	26.386	451	263	16	4	421	5	419	8.51e-28	115
g1383.t1	VFG030211(gb|WP_014001572)	26.386	451	263	16	4	421	5	419	1.09e-27	115
g1383.t1	VFG030205(gb|WP_003416069)	26.608	451	262	16	4	421	5	419	1.49e-27	115
g1383.t1	VFG030203(gb|NP_217599)	26.386	451	263	16	4	421	5	419	2.43e-27	114
g1383.t1	VFG030215(gb|WP_015291170)	26.697	442	273	16	4	421	5	419	2.87e-27	114
g1383.t1	VFG030220(gb|YP_007962956)	26.711	453	259	18	4	421	5	419	3.37e-27	114
g1383.t1	VFG030206(gb|WP_011799317)	26.608	451	262	16	4	421	5	419	5.55e-27	113
g3033.t1	VFG030203(gb|NP_217599)	100.000	495	0	0	1	495	1	495	0.0	1031
g3033.t1	VFG030205(gb|WP_003416069)	99.798	495	1	0	1	495	1	495	0.0	1031
g3033.t1	VFG030227(gb|YP_005924210)	99.798	495	1	0	1	495	1	495	0.0	1029
g3033.t1	VFG030220(gb|YP_007962956)	99.798	495	1	0	1	495	1	495	0.0	1028
g3033.t1	VFG030206(gb|WP_011799317)	99.596	495	2	0	1	495	1	495	0.0	1028
g3033.t1	VFG030213(gb|WP_015288449)	98.990	495	5	0	1	495	1	495	0.0	1022
g3033.t1	VFG030211(gb|WP_014001572)	98.788	495	6	0	1	495	1	495	0.0	1021
g3033.t1	VFG030215(gb|WP_015291170)	98.182	495	9	0	1	495	1	495	0.0	1019
g3033.t1	VFG030214(gb|WP_015303735)	98.788	495	6	0	1	495	1	495	0.0	1019
g3033.t1	VFG030216(gb|WP_015294164)	98.586	495	7	0	1	495	1	495	0.0	1018
g1223.t1	VFG030213(gb|WP_015288449)	52.174	483	226	2	4	481	3	485	0.0	520
g1223.t1	VFG030211(gb|WP_014001572)	51.967	483	227	2	4	481	3	485	0.0	518
g1223.t1	VFG030205(gb|WP_003416069)	52.381	483	225	2	4	481	3	485	0.0	518
g1223.t1	VFG030216(gb|WP_015294164)	52.174	483	226	2	4	481	3	485	0.0	518
g1223.t1	VFG030203(gb|NP_217599)	52.174	483	226	2	4	481	3	485	0.0	518
g1223.t1	VFG030220(gb|YP_007962956)	52.174	483	226	2	4	481	3	485	0.0	517
g1223.t1	VFG030214(gb|WP_015303735)	51.967	483	227	2	4	481	3	485	0.0	517
g1223.t1	VFG030206(gb|WP_011799317)	52.174	483	226	2	4	481	3	485	0.0	516
g1223.t1	VFG030215(gb|WP_015291170)	52.174	483	226	2	4	481	3	485	0.0	516
g1223.t1	VFG030227(gb|YP_005924210)	51.967	483	227	2	4	481	3	485	1.35e-180	515
