g1680.t1	VFG041017(gb|NP_250350)	100.000	135	0	0	1	135	1	135	2.16e-96	273
g1680.t1	VFG051530(gb|WP_003140089.1)	99.259	135	1	0	1	135	1	135	7.39e-96	271
g1680.t1	VFG051527(gb|WP_003120359.1)	99.259	135	1	0	1	135	1	135	3.80e-95	270
g1680.t1	VFG051533(gb|WP_011105491.1)	89.630	135	14	0	1	135	1	135	1.92e-86	248
g1680.t1	VFG051528(gb|WP_003154521.1)	87.407	135	17	0	1	135	1	135	9.54e-84	241
g1680.t1	VFG051532(gb|WP_007954373.1)	88.148	135	16	0	1	135	1	135	7.04e-82	236
g1680.t1	VFG051531(gb|WP_011531907.1)	80.741	135	26	0	1	135	1	135	1.23e-76	223
g1680.t1	VFG051534(gb|WP_011104073.1)	48.485	132	68	0	1	132	1	132	3.05e-35	118
g1680.t1	VFG002094(gb|WP_000221000)	32.824	131	84	2	7	134	15	144	2.57e-12	60.1
g1680.t1	VFG038381(gb|WP_011705714)	29.231	130	92	0	5	134	13	142	6.48e-12	58.9
g1680.t1	VFG035737(gb|WP_001189667)	32.000	125	84	1	5	128	10	134	8.94e-12	58.5
g1680.t1	VFG035738(gb|WP_000946068)	30.534	131	90	1	5	134	10	140	1.81e-11	57.8
g1680.t1	VFG035755(gb|WP_000946067)	30.534	131	90	1	5	134	10	140	2.27e-11	57.4
g1680.t1	VFG038382(gb|WP_011898822)	28.462	130	93	0	5	134	13	142	2.94e-11	57.0
g1680.t1	VFG025267(gb|WP_009896194)	30.657	137	88	3	2	134	21	154	6.44e-11	56.6
g1680.t1	VFG051959(gb|WP_010953542.1)	29.688	128	87	1	7	131	4	131	1.56e-10	55.1
g1680.t1	VFG035751(gb|WP_001189669)	29.771	131	91	1	5	134	10	140	3.44e-10	54.3
g1680.t1	VFG025261(gb|WP_011857826)	29.104	134	86	3	7	134	19	149	7.53e-10	53.5
g1680.t1	VFG051957(gb|WP_012052036.1)	29.688	128	87	1	7	131	4	131	7.83e-10	53.1
g1680.t1	VFG025259(gb|WP_004184744)	28.358	134	87	3	7	134	19	149	4.96e-09	51.6
g1680.t1	VFG002477(gb|WP_004530572)	29.245	106	74	1	30	134	44	149	6.78e-09	51.2
g1680.t1	VFG025265(gb|WP_004525343)	29.245	106	74	1	30	134	44	149	6.85e-09	51.2
g1680.t1	VFG025264(gb|WP_004528791)	29.245	106	74	1	30	134	44	149	7.14e-09	51.2
g1680.t1	VFG051926(gb|WP_010954867.1)	26.866	134	92	2	1	131	1	131	1.50e-08	49.7
g1680.t1	VFG041182(gb|WP_015461951)	38.554	83	50	1	51	132	71	153	2.53e-08	49.7
g1680.t1	VFG051958(gb|WP_012272847.1)	27.344	128	90	1	7	131	4	131	5.54e-08	48.5
g1680.t1	VFG035317(gb|WP_001137932)	32.967	91	54	2	6	91	5	93	1.13e-07	47.8
g1680.t1	VFG049295(gb|WP_004152261)	36.923	65	41	0	30	94	32	96	2.92e-07	46.6
g1680.t1	VFG035321(gb|WP_000106968)	29.524	105	70	2	28	132	30	130	3.13e-07	46.6
g1680.t1	VFG049300(gb|WP_004145445)	36.923	65	41	0	30	94	32	96	3.34e-07	46.6
g1680.t1	VFG035312(gb|WP_000106967)	29.524	105	70	2	28	132	30	130	3.40e-07	46.2
g1680.t1	VFG049293(gb|WP_014229088)	30.435	92	61	1	6	94	9	100	3.42e-07	46.6
g1680.t1	VFG049294(gb|WP_004175538)	36.923	65	41	0	30	94	32	96	3.62e-07	46.2
g1680.t1	VFG049292(gb|WP_014838282)	30.435	92	61	1	6	94	9	100	3.64e-07	46.6
g1680.t1	VFG035316(gb|WP_000106970)	34.783	69	45	0	28	96	30	98	4.84e-07	45.8
g1680.t1	VFG035313(gb|WP_000235155)	28.571	105	71	2	28	132	30	130	4.84e-07	45.8
g1680.t1	VFG049165(gb|WP_012540695)	34.783	69	45	0	28	96	30	98	7.43e-07	45.4
g1680.t1	VFG049166(gb|WP_004181152)	34.783	69	45	0	28	96	30	98	1.04e-06	45.1
g1680.t1	VFG035747(gb|WP_000611748)	27.481	131	90	3	5	134	10	136	8.10e-06	42.7
g2408.t1	VFG041040(gb|NP_251058)	100.000	141	0	0	1	141	1	141	3.07e-97	275
g2408.t1	VFG051636(gb|WP_012614150.1)	98.582	141	2	0	1	141	1	141	1.76e-95	271
g2408.t1	VFG051637(gb|WP_012075688.1)	98.582	141	2	0	1	141	1	141	2.39e-95	271
g2408.t1	VFG051639(gb|WP_003089496.1)	97.163	141	4	0	1	141	1	141	4.64e-93	265
g2408.t1	VFG051640(gb|WP_011334779.1)	56.944	144	58	3	2	141	4	147	1.66e-45	145
