g2675.t1	VFG000543(gb|NP_461803)	100.000	685	0	0	1	685	1	685	0.0	1412
g2675.t1	VFG020612(gb|WP_000258819)	99.854	685	1	0	1	685	1	685	0.0	1410
g2675.t1	VFG020610(gb|WP_000258808)	99.708	685	2	0	1	685	1	685	0.0	1407
g2675.t1	VFG003784(gb|WP_001540781)	99.562	685	3	0	1	685	1	685	0.0	1405
g2675.t1	VFG018503(gb|WP_000258818)	99.416	685	4	0	1	685	1	685	0.0	1402
g2675.t1	VFG020614(gb|WP_000258805)	99.124	685	6	0	1	685	1	685	0.0	1399
g2675.t1	VFG020617(gb|WP_000258807)	97.956	685	14	0	1	685	1	685	0.0	1385
g2675.t1	VFG003781(gb|WP_000258814)	97.810	685	15	0	1	685	1	685	0.0	1383
g2675.t1	VFG003783(gb|WP_000258813)	97.664	685	16	0	1	685	1	685	0.0	1381
g2675.t1	VFG020611(gb|WP_000258824)	97.664	685	16	0	1	685	1	685	0.0	1379
g2675.t1	VFG018502(gb|WP_024131770)	78.655	684	132	1	1	684	1	670	0.0	1097
g2675.t1	VFG041861(gb|WP_011136163)	27.027	666	410	21	51	683	51	673	4.44e-41	159
g2675.t1	VFG020123(gb|WP_012421748)	28.402	338	212	5	7	331	7	327	1.55e-29	124
g2675.t1	VFG012741(gb|WP_005063225)	28.402	338	212	5	7	331	7	327	1.59e-29	124
g2675.t1	VFG000984(gb|NP_858258)	28.402	338	212	5	7	331	7	327	1.63e-29	124
g2675.t1	VFG012742(gb|WP_005142044)	28.402	338	212	5	7	331	7	327	2.85e-29	123
g2675.t1	VFG012739(gb|WP_011379000)	28.107	338	213	5	7	331	7	327	7.31e-28	119
