g954.t1	VFG047489(gb|WP_012281077)	29.494	356	234	6	13	360	4	350	3.20e-46	162
g954.t1	VFG047497(gb|WP_014548272)	28.652	356	237	6	13	360	4	350	6.87e-46	161
g954.t1	VFG047504(gb|WP_013923076)	28.933	356	236	6	13	360	4	350	1.64e-45	160
g954.t1	VFG047496(gb|WP_003030504)	27.838	370	250	6	13	374	4	364	1.46e-44	157
g954.t1	VFG047493(gb|WP_012429462)	27.838	370	250	6	13	374	4	364	2.49e-44	157
g954.t1	VFG047495(gb|WP_003020974)	27.446	368	254	4	13	374	4	364	2.57e-44	157
g954.t1	VFG047490(gb|WP_003016409)	28.198	344	230	6	39	374	30	364	1.77e-42	152
g954.t1	VFG047500(gb|WP_014549693)	27.568	370	251	6	13	374	4	364	2.82e-42	151
g954.t1	VFG047488(gb|WP_003039021)	27.568	370	251	6	13	374	4	364	4.70e-42	151
g954.t1	VFG026064(gb|WP_012327966)	37.879	330	187	9	39	355	92	416	6.14e-42	152
g954.t1	VFG026061(gb|WP_011544666)	37.879	330	187	9	39	355	92	416	8.53e-42	152
g954.t1	VFG026063(gb|WP_006484929)	37.273	330	189	9	39	355	92	416	7.53e-41	149
g954.t1	VFG026071(gb|WP_004522173)	34.218	339	211	5	39	367	92	428	3.53e-36	136
g954.t1	VFG002546(gb|WP_004194209)	34.218	339	211	5	39	367	92	428	3.75e-36	136
g954.t1	VFG026073(gb|WP_009889319)	31.959	388	233	8	9	367	44	429	6.64e-36	135
g954.t1	VFG018240(gb|WP_005481314)	28.352	261	183	3	41	300	48	305	4.82e-26	107
g954.t1	VFG018238(gb|WP_001039912)	24.860	358	248	8	32	378	35	382	1.47e-24	103
g954.t1	VFG018239(gb|WP_001039913)	24.860	358	248	8	32	378	35	382	3.71e-24	102
g31.t1	VFG026064(gb|WP_012327966)	36.261	353	213	5	391	735	90	438	5.97e-53	189
g31.t1	VFG026061(gb|WP_011544666)	36.261	353	213	5	391	735	90	438	1.07e-52	189
g31.t1	VFG026063(gb|WP_006484929)	35.244	349	222	3	391	735	90	438	2.10e-52	188
g31.t1	VFG026073(gb|WP_009889319)	36.364	341	213	3	399	735	99	439	2.43e-49	179
g31.t1	VFG002546(gb|WP_004194209)	36.657	341	212	3	399	735	98	438	5.46e-49	178
g31.t1	VFG026071(gb|WP_004522173)	36.657	341	212	3	399	735	98	438	6.33e-49	178
g31.t1	VFG018240(gb|WP_005481314)	29.520	271	189	1	393	663	46	314	8.68e-33	130
g31.t1	VFG047488(gb|WP_003039021)	24.198	343	251	5	392	732	29	364	2.41e-32	129
g31.t1	VFG047500(gb|WP_014549693)	24.198	343	251	5	392	732	29	364	7.62e-32	127
g31.t1	VFG047493(gb|WP_012429462)	25.073	343	248	5	392	732	29	364	1.16e-31	127
g31.t1	VFG047496(gb|WP_003030504)	25.073	343	248	5	392	732	29	364	1.27e-31	127
g31.t1	VFG047495(gb|WP_003020974)	25.291	344	246	6	392	732	29	364	1.32e-31	127
g31.t1	VFG018238(gb|WP_001039912)	26.549	339	244	4	393	730	42	376	2.60e-31	126
g31.t1	VFG047490(gb|WP_003016409)	24.781	343	249	5	392	732	29	364	4.94e-31	125
g31.t1	VFG018239(gb|WP_001039913)	26.549	339	244	4	393	730	42	376	5.12e-31	125
g31.t1	VFG047497(gb|WP_014548272)	24.107	336	246	5	397	730	34	362	4.75e-30	122
g31.t1	VFG047489(gb|WP_012281077)	24.260	338	247	5	397	732	34	364	6.24e-30	122
g31.t1	VFG047504(gb|WP_013923076)	23.964	338	248	5	397	732	34	364	1.47e-29	120
g1559.t1	VFG026064(gb|WP_012327966)	36.391	327	196	7	43	359	92	416	7.31e-44	157
g1559.t1	VFG026061(gb|WP_011544666)	36.391	327	196	7	43	359	92	416	7.62e-44	157
g1559.t1	VFG047497(gb|WP_014548272)	28.532	361	245	5	23	377	10	363	1.83e-43	154
g1559.t1	VFG026063(gb|WP_006484929)	35.780	327	198	7	43	359	92	416	9.55e-43	154
g1559.t1	VFG026071(gb|WP_004522173)	35.015	337	211	5	43	371	92	428	1.45e-42	154
g1559.t1	VFG047495(gb|WP_003020974)	28.177	362	247	5	23	378	10	364	6.78e-42	150
g1559.t1	VFG047496(gb|WP_003030504)	28.571	364	243	7	23	378	10	364	1.14e-41	150
g1559.t1	VFG002546(gb|WP_004194209)	35.692	325	201	5	43	359	92	416	1.49e-41	151
g1559.t1	VFG047493(gb|WP_012429462)	28.571	364	243	7	23	378	10	364	1.57e-41	149
g1559.t1	VFG047489(gb|WP_012281077)	29.121	364	241	8	23	378	10	364	4.35e-41	148
g1559.t1	VFG026073(gb|WP_009889319)	34.769	325	204	5	43	359	93	417	8.60e-41	149
g1559.t1	VFG047500(gb|WP_014549693)	27.624	362	249	4	23	378	10	364	1.21e-40	147
g1559.t1	VFG047504(gb|WP_013923076)	27.198	364	248	6	23	378	10	364	2.36e-40	146
g1559.t1	VFG047490(gb|WP_003016409)	28.779	344	228	7	43	378	30	364	2.53e-40	146
g1559.t1	VFG047488(gb|WP_003039021)	27.747	364	246	6	23	378	10	364	3.08e-40	146
g1559.t1	VFG018240(gb|WP_005481314)	27.327	333	231	5	45	371	48	375	1.86e-30	120
g1559.t1	VFG018238(gb|WP_001039912)	24.607	382	267	6	6	379	11	379	3.31e-27	111
g1559.t1	VFG018239(gb|WP_001039913)	24.346	382	268	6	6	379	11	379	4.10e-26	108
g508.t1	VFG047490(gb|WP_003016409)	33.144	353	229	3	32	383	22	368	2.95e-68	220
g508.t1	VFG047500(gb|WP_014549693)	32.637	383	238	7	4	383	3	368	6.58e-68	219
g508.t1	VFG047496(gb|WP_003030504)	34.393	346	217	4	34	378	24	360	1.11e-67	219
g508.t1	VFG047488(gb|WP_003039021)	32.376	383	239	7	4	383	3	368	1.17e-67	218
g508.t1	VFG047493(gb|WP_012429462)	33.048	351	228	3	34	383	24	368	2.05e-67	218
g508.t1	VFG047504(gb|WP_013923076)	33.618	351	226	3	34	383	24	368	1.02e-66	216
g508.t1	VFG047495(gb|WP_003020974)	33.048	351	228	3	34	383	24	368	1.18e-66	216
g508.t1	VFG047489(gb|WP_012281077)	33.618	351	226	3	34	383	24	368	1.28e-66	216
g508.t1	VFG047497(gb|WP_014548272)	34.085	355	222	5	34	386	24	368	1.48e-66	216
g508.t1	VFG026063(gb|WP_006484929)	33.333	378	245	3	8	378	57	434	5.49e-57	192
g508.t1	VFG026064(gb|WP_012327966)	33.333	378	245	3	8	378	57	434	2.99e-56	191
g508.t1	VFG026061(gb|WP_011544666)	33.333	378	245	3	8	378	57	434	3.43e-56	191
g508.t1	VFG026073(gb|WP_009889319)	34.232	371	237	3	15	378	65	435	3.90e-52	180
g508.t1	VFG026071(gb|WP_004522173)	34.181	354	229	2	29	378	81	434	2.10e-51	178
g508.t1	VFG002546(gb|WP_004194209)	34.181	354	229	2	29	378	81	434	2.85e-51	177
g508.t1	VFG018239(gb|WP_001039913)	27.059	340	241	5	44	381	46	380	2.40e-34	131
g508.t1	VFG018238(gb|WP_001039912)	27.059	340	241	5	44	381	46	380	2.66e-34	130
g508.t1	VFG018240(gb|WP_005481314)	26.979	341	242	6	44	382	50	385	4.76e-27	110
g731.t1	VFG047493(gb|WP_012429462)	34.012	344	212	7	42	380	30	363	2.63e-60	199
g731.t1	VFG047495(gb|WP_003020974)	34.302	344	211	8	42	380	30	363	2.82e-59	196
g731.t1	VFG047490(gb|WP_003016409)	33.721	344	213	7	42	380	30	363	1.47e-58	194
g731.t1	VFG047489(gb|WP_012281077)	32.945	343	209	7	42	373	30	362	4.28e-58	193
g731.t1	VFG047496(gb|WP_003030504)	33.430	344	214	7	42	380	30	363	4.48e-58	193
g731.t1	VFG047497(gb|WP_014548272)	33.239	352	213	9	42	382	30	370	1.50e-57	192
g731.t1	VFG047504(gb|WP_013923076)	32.267	344	218	6	42	380	30	363	7.00e-57	190
g731.t1	VFG047500(gb|WP_014549693)	32.267	344	218	7	42	380	30	363	1.12e-55	187
g731.t1	VFG047488(gb|WP_003039021)	32.267	344	218	7	42	380	30	363	1.55e-55	186
g731.t1	VFG026061(gb|WP_011544666)	33.425	362	223	5	30	380	80	434	1.12e-46	165
g731.t1	VFG026064(gb|WP_012327966)	33.616	354	217	5	38	380	88	434	1.74e-46	164
g731.t1	VFG026063(gb|WP_006484929)	33.149	362	224	5	30	380	80	434	5.55e-46	163
g731.t1	VFG026073(gb|WP_009889319)	32.479	351	225	4	38	380	89	435	4.92e-42	152
g731.t1	VFG026071(gb|WP_004522173)	32.410	361	228	5	30	380	80	434	6.93e-42	152
g731.t1	VFG002546(gb|WP_004194209)	32.410	361	228	5	30	380	80	434	9.64e-42	151
g731.t1	VFG018238(gb|WP_001039912)	26.765	340	242	4	46	383	46	380	3.98e-33	127
g731.t1	VFG018239(gb|WP_001039913)	26.765	340	242	4	46	383	46	380	4.92e-33	127
g731.t1	VFG018240(gb|WP_005481314)	26.647	334	238	4	46	377	50	378	2.24e-27	111
g3468.t1	VFG026063(gb|WP_006484929)	36.080	352	221	4	41	390	88	437	1.24e-68	223
g3468.t1	VFG026061(gb|WP_011544666)	36.080	352	221	4	41	390	88	437	5.85e-68	221
g3468.t1	VFG026064(gb|WP_012327966)	36.080	352	221	4	41	390	88	437	8.23e-68	221
g3468.t1	VFG026073(gb|WP_009889319)	35.311	354	225	4	41	392	89	440	4.39e-63	208
g3468.t1	VFG002546(gb|WP_004194209)	35.311	354	225	4	41	392	88	439	3.21e-62	206
g3468.t1	VFG026071(gb|WP_004522173)	35.028	354	226	4	41	392	88	439	5.04e-61	203
g3468.t1	VFG047488(gb|WP_003039021)	31.034	348	227	6	44	389	29	365	1.79e-52	179
g3468.t1	VFG047500(gb|WP_014549693)	31.034	348	227	6	44	389	29	365	2.51e-52	178
g3468.t1	VFG047490(gb|WP_003016409)	31.322	348	226	5	44	389	29	365	3.86e-52	178
g3468.t1	VFG047496(gb|WP_003030504)	31.322	348	226	5	44	389	29	365	5.42e-52	177
g3468.t1	VFG047495(gb|WP_003020974)	31.322	348	226	5	44	389	29	365	7.51e-52	177
g3468.t1	VFG047493(gb|WP_012429462)	31.034	348	227	5	44	389	29	365	1.96e-51	176
g3468.t1	VFG047497(gb|WP_014548272)	31.429	350	226	6	38	385	24	361	2.43e-50	173
g3468.t1	VFG047489(gb|WP_012281077)	31.073	354	230	7	38	389	24	365	1.47e-49	171
g3468.t1	VFG047504(gb|WP_013923076)	31.073	354	230	6	38	389	24	365	2.65e-49	170
g3468.t1	VFG018239(gb|WP_001039913)	27.859	341	231	7	49	385	46	375	2.13e-32	125
g3468.t1	VFG018238(gb|WP_001039912)	27.566	341	232	7	49	385	46	375	1.18e-31	123
g3468.t1	VFG018240(gb|WP_005481314)	27.353	340	236	7	49	386	50	380	3.75e-29	117
