g1149.t1	VFG014917(gb|WP_003245473)	33.143	175	89	5	19	173	16	182	1.48e-19	81.6
g1149.t1	VFG014918(gb|WP_003282114)	33.526	173	91	5	19	173	16	182	1.71e-19	81.3
g1149.t1	VFG000121(gb|NP_249453)	32.335	167	101	4	19	173	16	182	2.45e-19	80.9
g1149.t1	VFG014915(gb|WP_007930230)	31.737	167	102	4	19	173	16	182	1.11e-18	79.3
g1149.t1	VFG014916(gb|WP_003172477)	31.737	167	102	4	19	173	16	182	1.18e-18	79.3
g1149.t1	VFG014914(gb|WP_011535354)	31.138	167	103	4	19	173	16	182	3.64e-18	77.8
g1149.t1	VFG014912(gb|WP_003252049)	31.138	167	103	4	19	173	16	182	4.00e-18	77.8
g1149.t1	VFG014909(gb|WP_003378493)	30.890	191	105	6	1	173	1	182	1.27e-17	76.6
g1149.t1	VFG014910(gb|WP_002554912)	32.370	173	93	5	19	173	16	182	4.80e-17	75.1
g1149.t1	VFG011072(gb|WP_003809919)	30.460	174	111	4	7	173	17	187	1.54e-14	68.6
g1149.t1	VFG015241(gb|WP_004656240)	30.469	128	84	2	48	170	46	173	4.01e-12	61.6
g1149.t1	VFG027014(gb|WP_015356785)	28.649	185	113	6	14	183	67	247	7.76e-12	62.0
g1149.t1	VFG024139(gb|WP_013471130)	28.814	177	111	5	8	173	81	253	1.27e-11	61.6
g1149.t1	VFG009749(gb|WP_011781649)	28.814	177	111	5	8	173	77	249	1.56e-11	61.2
g1149.t1	VFG009743(gb|WP_003875522)	28.655	171	107	5	14	173	67	233	1.57e-11	60.8
g1149.t1	VFG009748(gb|WP_011893086)	29.379	177	110	5	8	173	90	262	1.64e-11	61.2
g1149.t1	VFG022874(gb|WP_012395788)	28.649	185	113	6	14	183	67	247	1.69e-11	60.8
g1149.t1	VFG009746(gb|WP_011742081)	28.649	185	113	6	14	183	67	247	1.83e-11	60.8
g1149.t1	VFG001392(gb|NP_215737)	28.655	171	107	5	14	173	70	236	3.76e-11	60.1
g1149.t1	VFG027024(gb|YP_007957357)	28.655	171	107	5	14	173	70	236	4.11e-11	60.1
g1149.t1	VFG024141(gb|WP_036428615)	29.651	172	104	6	14	173	67	233	6.29e-11	59.3
g1149.t1	VFG024140(gb|WP_014384063)	29.651	172	104	6	14	173	67	233	6.36e-11	59.3
g1149.t1	VFG024142(gb|WP_014382013)	29.651	172	104	6	14	173	67	233	6.75e-11	59.3
g1149.t1	VFG024144(gb|WP_014379464)	29.651	172	104	6	14	173	67	233	7.60e-11	58.9
g1149.t1	VFG009750(gb|WP_011856415)	29.379	177	110	7	8	173	66	238	8.19e-11	58.9
g1149.t1	VFG015240(gb|WP_011266895)	27.820	133	91	2	43	170	41	173	8.28e-11	58.2
g1149.t1	VFG041504(gb|WP_004155352)	32.061	131	82	3	48	173	48	176	1.08e-10	57.8
g1149.t1	VFG009751(gb|WP_011561373)	27.684	177	113	5	8	173	73	245	1.18e-10	58.5
g1149.t1	VFG044116(gb|WP_003815434)	31.538	130	84	2	43	168	31	159	2.36e-10	56.6
g1149.t1	VFG015239(gb|WP_011103538)	26.667	135	86	2	48	173	46	176	2.67e-10	56.6
g1149.t1	VFG042240(gb|AAG01453)	32.061	131	82	4	48	173	48	176	4.67e-10	55.8
g1149.t1	VFG009745(gb|WP_041323761)	29.213	178	109	7	8	173	62	234	4.78e-10	57.0
g1149.t1	VFG022880(gb|WP_010908113)	29.213	178	109	7	8	173	68	240	5.17e-10	57.0
g1149.t1	VFG027033(gb|WP_015308655)	27.119	177	114	5	8	173	64	236	6.73e-10	56.6
g1149.t1	VFG027015(gb|WP_041924368)	28.729	181	113	8	3	173	63	237	3.63e-09	54.3
g1149.t1	VFG027009(gb|WP_005059659)	28.962	183	112	9	3	173	63	239	9.08e-09	53.1
g1149.t1	VFG022875(gb|YP_001702102)	28.962	183	112	9	3	173	63	239	1.10e-08	53.1
g1149.t1	VFG022895(gb|WP_013831256)	33.333	123	78	2	48	170	47	165	1.56e-08	52.0
g1149.t1	VFG022885(gb|WP_014001626)	26.174	149	86	4	48	176	53	197	1.98e-08	52.0
g1149.t1	VFG001412(gb|NP_217739)	26.174	149	86	4	48	176	53	197	2.04e-08	52.0
g1149.t1	VFG027052(gb|YP_005361776)	26.174	149	86	4	48	176	53	197	2.15e-08	52.0
g1149.t1	VFG009759(gb|WP_162151408)	26.974	152	87	5	45	176	52	199	2.16e-08	52.0
g1149.t1	VFG027049(gb|YP_007959217)	26.174	149	86	4	48	176	53	197	2.19e-08	52.0
g1149.t1	VFG009758(gb|WP_003878913)	26.974	152	87	5	45	176	52	199	2.29e-08	52.0
g1149.t1	VFG024146(gb|WP_008259701)	26.974	152	87	5	45	176	54	201	2.40e-08	51.6
g1149.t1	VFG009765(gb|WP_167535197)	25.342	146	88	4	45	173	43	184	3.08e-08	51.2
g1149.t1	VFG009775(gb|WP_011731635)	31.098	164	98	6	20	173	25	183	3.11e-08	51.2
g1149.t1	VFG009764(gb|WP_011558790)	25.874	143	85	4	48	173	74	212	5.78e-08	50.8
g1149.t1	VFG022884(gb|WP_003910720)	28.000	150	82	5	48	176	53	197	5.91e-08	50.4
g1149.t1	VFG022882(gb|WP_161628269)	26.174	149	86	4	48	176	53	197	6.21e-08	50.4
g1149.t1	VFG009772(gb|WP_003874356)	28.571	168	113	4	5	170	8	170	6.42e-08	50.4
g1149.t1	VFG009760(gb|WP_011740503)	26.174	149	86	4	48	176	53	197	7.05e-08	50.4
g1149.t1	VFG022888(gb|WP_193374473)	26.846	149	85	5	48	176	53	197	7.07e-08	50.4
g1149.t1	VFG022889(gb|WP_012396973)	28.659	164	108	5	11	170	17	175	7.98e-08	50.1
g1149.t1	VFG009761(gb|WP_003893296)	25.175	143	86	3	48	173	50	188	8.19e-08	50.1
g1149.t1	VFG027064(gb|WP_015357723)	28.659	164	108	5	11	170	17	175	8.39e-08	50.1
g1149.t1	VFG009763(gb|WP_105386987)	25.874	143	85	4	48	173	55	193	8.94e-08	50.1
g1149.t1	VFG031610(gb|WP_012392967)	32.168	143	90	5	36	173	26	166	1.04e-07	49.3
g1149.t1	VFG027034(gb|WP_005070157)	25.175	143	86	3	48	173	47	185	1.08e-07	49.7
g1149.t1	VFG027058(gb|WP_198345055)	24.658	146	89	3	45	173	50	191	1.24e-07	49.7
g1149.t1	VFG031594(gb|WP_009979039)	30.588	170	97	6	18	173	5	167	1.39e-07	49.3
g1149.t1	VFG022883(gb|YP_001704273)	24.658	146	89	3	45	173	70	211	2.00e-07	49.3
g1149.t1	VFG024153(gb|WP_008262466)	32.283	127	80	3	48	173	52	173	2.19e-07	48.9
g1149.t1	VFG024152(gb|WP_014943205)	32.283	127	80	3	48	173	52	173	2.25e-07	48.9
g1149.t1	VFG027053(gb|YP_005924344)	24.306	144	88	3	45	171	89	228	2.73e-07	48.9
g1149.t1	VFG027061(gb|WP_041179797)	28.378	148	99	4	20	165	21	163	2.85e-07	48.5
g1149.t1	VFG027081(gb|WP_020824034)	31.496	127	81	3	48	173	52	173	3.37e-07	48.1
g1149.t1	VFG024155(gb|WP_009957433)	32.283	127	80	3	48	173	52	173	3.41e-07	48.1
g1149.t1	VFG024154(gb|WP_014383555)	32.283	127	80	3	48	173	52	173	3.58e-07	48.1
g1149.t1	VFG031622(gb|WP_015289247)	30.769	143	92	4	36	173	26	166	3.95e-07	47.8
g1149.t1	VFG009768(gb|WP_003917992)	28.378	148	99	4	20	165	21	163	3.99e-07	48.1
g1149.t1	VFG009769(gb|WP_023641644)	28.378	148	99	4	20	165	21	163	4.03e-07	47.8
g1149.t1	VFG022892(gb|WP_041180197)	28.378	148	99	4	20	165	21	163	4.07e-07	47.8
g1149.t1	VFG027063(gb|WP_041180696)	28.378	148	99	4	20	165	21	163	4.44e-07	47.8
g1149.t1	VFG027083(gb|WP_015310215)	26.627	169	120	3	12	179	13	178	4.94e-07	47.8
g1149.t1	VFG009762(gb|WP_085978071)	24.658	146	89	4	45	173	52	193	5.17e-07	48.1
g1149.t1	VFG027068(gb|WP_003400144)	28.205	156	105	4	12	165	23	173	6.26e-07	47.4
g1149.t1	VFG031614(gb|WP_026071196)	29.730	148	87	5	36	173	30	170	6.38e-07	47.4
g1149.t1	VFG022881(gb|WP_193374447)	28.462	130	88	2	48	173	65	193	6.68e-07	47.8
g1149.t1	VFG031606(gb|YP_001702898)	28.082	146	97	4	25	166	1	142	8.60e-07	46.6
g1149.t1	VFG031633(gb|YP_007956905)	30.070	143	93	4	36	173	26	166	8.73e-07	47.0
g1149.t1	VFG009770(gb|WP_038438792)	27.703	148	100	4	20	165	21	163	9.12e-07	47.0
g1149.t1	VFG031619(gb|WP_016342497)	28.082	146	97	4	25	166	42	183	1.07e-06	47.0
g1149.t1	VFG031591(gb|NP_215249)	30.070	143	93	4	36	173	26	166	1.27e-06	46.6
g1149.t1	VFG027060(gb|WP_041181350)	27.703	148	100	4	20	165	21	163	1.61e-06	46.2
g1149.t1	VFG031623(gb|WP_015292393)	30.070	143	93	4	36	173	26	166	1.78e-06	45.8
g1149.t1	VFG031598(gb|WP_003892873)	29.221	154	89	6	36	173	20	169	6.37e-06	44.7
g1149.t1	VFG009776(gb|WP_011891745)	31.776	107	58	2	75	175	83	180	8.31e-06	44.3
g723.t1	VFG031591(gb|NP_215249)	100.000	177	0	0	1	177	1	177	7.69e-126	350
g723.t1	VFG031623(gb|WP_015292393)	99.435	177	1	0	1	177	1	177	3.78e-125	349
g723.t1	VFG031622(gb|WP_015289247)	98.870	177	2	0	1	177	1	177	3.54e-124	347
g723.t1	VFG031633(gb|YP_007956905)	97.740	177	4	0	1	177	1	177	3.80e-122	341
g723.t1	VFG031594(gb|WP_009979039)	89.831	177	16	1	1	177	4	178	2.20e-113	319
g723.t1	VFG031614(gb|WP_026071196)	86.740	181	20	1	1	177	1	181	1.37e-107	305
g723.t1	VFG031610(gb|WP_012392967)	84.181	177	28	0	1	177	1	177	8.51e-100	285
g723.t1	VFG031603(gb|WP_011739094)	83.051	177	30	0	1	177	1	177	4.81e-98	280
g723.t1	VFG031642(gb|WP_015305063)	75.449	167	41	0	11	177	5	171	1.27e-88	256
g723.t1	VFG031604(gb|WP_011778613)	72.455	167	46	0	11	177	5	171	2.14e-86	251
g723.t1	VFG031597(gb|WP_011895847)	72.024	168	47	0	10	177	4	171	5.49e-85	247
g723.t1	VFG031613(gb|WP_013472698)	71.429	168	48	0	10	177	4	171	1.98e-84	246
g723.t1	VFG031600(gb|WP_011558464)	67.647	170	44	2	11	177	5	166	9.08e-77	226
g723.t1	VFG031599(gb|WP_011854827)	67.647	170	44	2	11	177	5	166	2.02e-76	225
g723.t1	VFG031598(gb|WP_003892873)	66.477	176	50	2	11	177	5	180	4.85e-75	222
g723.t1	VFG031611(gb|WP_013828702)	70.659	167	47	1	11	177	5	169	5.39e-75	222
g723.t1	VFG031619(gb|WP_016342497)	57.714	175	69	2	3	177	32	201	8.29e-66	199
g723.t1	VFG031606(gb|YP_001702898)	59.509	163	63	1	15	177	1	160	1.28e-64	195
g723.t1	VFG001392(gb|NP_215737)	34.437	151	92	5	21	167	90	237	6.98e-14	67.4
g723.t1	VFG009743(gb|WP_003875522)	32.895	152	93	5	21	167	87	234	5.30e-13	64.7
g723.t1	VFG009748(gb|WP_011893086)	32.903	155	95	5	18	167	113	263	9.40e-13	64.7
g723.t1	VFG024141(gb|WP_036428615)	32.903	155	95	5	18	167	84	234	1.01e-12	63.9
g723.t1	VFG024144(gb|WP_014379464)	32.903	155	95	5	18	167	84	234	1.12e-12	63.9
g723.t1	VFG024140(gb|WP_014384063)	32.903	155	95	5	18	167	84	234	1.14e-12	63.9
g723.t1	VFG024142(gb|WP_014382013)	32.903	155	95	5	18	167	84	234	1.16e-12	63.9
g723.t1	VFG009749(gb|WP_011781649)	32.258	155	96	5	21	170	103	253	2.28e-12	63.2
g723.t1	VFG009746(gb|WP_011742081)	32.237	152	94	5	21	167	87	234	2.39e-12	63.2
g723.t1	VFG024139(gb|WP_013471130)	32.484	157	99	5	18	170	104	257	2.54e-12	63.2
g723.t1	VFG027033(gb|WP_015308655)	32.450	151	95	5	21	167	90	237	2.68e-12	62.8
g723.t1	VFG022874(gb|WP_012395788)	32.237	152	94	5	21	167	87	234	2.70e-12	63.2
g723.t1	VFG027024(gb|YP_007957357)	33.113	151	94	5	21	167	90	237	2.83e-12	62.8
g723.t1	VFG009750(gb|WP_011856415)	32.468	154	97	5	21	170	92	242	3.30e-12	62.8
g723.t1	VFG009745(gb|WP_041323761)	33.113	151	94	5	21	167	88	235	3.82e-12	62.8
g723.t1	VFG009751(gb|WP_011561373)	32.450	151	95	5	21	167	99	246	3.92e-12	62.8
g723.t1	VFG022880(gb|WP_010908113)	33.113	151	94	5	21	167	94	241	4.10e-12	62.4
g723.t1	VFG027014(gb|WP_015356785)	32.468	154	97	5	18	167	84	234	4.87e-12	62.4
g723.t1	VFG027009(gb|WP_005059659)	32.680	153	92	5	21	167	93	240	5.16e-12	62.4
g723.t1	VFG022875(gb|YP_001702102)	32.680	153	92	5	21	167	93	240	5.76e-12	62.0
g723.t1	VFG022888(gb|WP_193374473)	31.707	164	99	4	26	177	40	202	3.00e-11	59.7
g723.t1	VFG027015(gb|WP_041924368)	32.237	152	92	6	21	167	93	238	6.43e-11	59.3
g723.t1	VFG015828(gb|WP_012273397)	28.000	175	116	6	1	169	1	171	1.43e-10	57.0
g723.t1	VFG016083(gb|WP_011533064)	26.875	160	111	4	1	156	1	158	2.54e-10	56.6
g723.t1	VFG022881(gb|WP_193374447)	31.126	151	97	5	21	167	47	194	2.70e-10	57.0
g723.t1	VFG016082(gb|WP_003254275)	27.429	175	117	6	1	169	1	171	2.72e-10	56.2
g723.t1	VFG016081(gb|WP_010954997)	28.652	178	111	7	1	169	1	171	5.55e-10	55.5
g723.t1	VFG015829(gb|WP_012315396)	28.652	178	111	7	1	169	1	171	5.96e-10	55.5
g723.t1	VFG000162(gb|NP_251116)	28.205	156	96	6	10	156	10	158	1.08e-09	55.1
g723.t1	VFG016076(gb|WP_003156700)	28.205	156	96	6	10	156	10	158	1.20e-09	54.7
g723.t1	VFG016084(gb|WP_011062465)	26.490	151	105	4	10	156	10	158	1.46e-09	54.3
g723.t1	VFG027034(gb|WP_005070157)	28.659	164	104	3	26	177	34	196	1.65e-09	54.7
g723.t1	VFG022883(gb|YP_001704273)	28.659	164	104	3	26	177	60	222	1.66e-09	55.1
g723.t1	VFG009760(gb|WP_011740503)	29.268	164	103	2	26	177	40	202	2.32e-09	54.3
g723.t1	VFG022882(gb|WP_161628269)	29.268	164	103	2	26	177	40	202	2.59e-09	54.3
g723.t1	VFG016085(gb|WP_011335256)	26.490	151	105	4	10	156	10	158	3.62e-09	53.5
g723.t1	VFG020081(gb|WP_005789991)	27.152	151	104	4	10	156	10	158	3.91e-09	53.1
g723.t1	VFG027058(gb|WP_198345055)	29.268	164	103	3	26	177	40	202	4.39e-09	53.5
g723.t1	VFG022885(gb|WP_014001626)	30.357	168	100	3	26	177	40	206	9.53e-09	52.8
g723.t1	VFG022889(gb|WP_012396973)	30.921	152	97	4	9	159	27	171	1.27e-08	52.0
g723.t1	VFG027064(gb|WP_015357723)	30.921	152	97	4	9	159	27	171	1.48e-08	52.0
g723.t1	VFG024146(gb|WP_008259701)	28.659	164	104	3	26	177	44	206	2.42e-08	51.6
g723.t1	VFG009779(gb|WP_011562771)	31.875	160	102	4	18	176	29	182	2.57e-08	51.6
g723.t1	VFG001412(gb|NP_217739)	29.268	164	103	2	26	177	40	202	2.61e-08	51.6
g723.t1	VFG027052(gb|YP_005361776)	29.268	164	103	2	26	177	40	202	2.64e-08	51.6
g723.t1	VFG009758(gb|WP_003878913)	28.659	164	104	3	26	177	42	204	2.85e-08	51.2
g723.t1	VFG027049(gb|YP_007959217)	29.870	154	95	2	26	167	40	192	2.97e-08	51.2
g723.t1	VFG009759(gb|WP_162151408)	28.659	164	104	3	26	177	42	204	3.14e-08	51.2
g723.t1	VFG009761(gb|WP_003893296)	29.870	154	95	2	26	167	37	189	5.32e-08	50.4
g723.t1	VFG009772(gb|WP_003874356)	30.405	148	85	3	18	159	31	166	5.40e-08	50.4
g723.t1	VFG027083(gb|WP_015310215)	30.070	143	93	4	18	159	29	165	6.78e-08	50.1
g723.t1	VFG009778(gb|WP_011857610)	31.250	160	103	4	18	176	29	182	7.42e-08	50.4
g723.t1	VFG022884(gb|WP_003910720)	28.659	164	104	2	26	177	40	202	8.86e-08	50.1
g723.t1	VFG009763(gb|WP_105386987)	29.268	164	101	4	26	177	42	202	1.29e-07	49.7
g723.t1	VFG027081(gb|WP_020824034)	29.730	148	86	3	18	159	31	166	1.46e-07	49.3
g723.t1	VFG011072(gb|WP_003809919)	30.952	168	105	6	14	174	32	195	1.60e-07	48.9
g723.t1	VFG024152(gb|WP_014943205)	29.054	148	87	3	18	159	31	166	1.81e-07	48.9
g723.t1	VFG024153(gb|WP_008262466)	29.054	148	87	3	18	159	31	166	1.83e-07	48.9
g723.t1	VFG009777(gb|WP_011783161)	35.484	93	56	2	67	159	84	172	2.30e-07	48.5
g723.t1	VFG009775(gb|WP_011731635)	30.573	157	97	4	22	171	37	188	2.50e-07	48.5
g723.t1	VFG024154(gb|WP_014383555)	29.054	148	87	3	18	159	31	166	2.69e-07	48.5
g723.t1	VFG024155(gb|WP_009957433)	29.054	148	87	3	18	159	31	166	2.88e-07	48.1
g723.t1	VFG044157(gb|WP_011063603)	25.281	178	100	5	15	176	6	166	3.43e-07	47.8
g723.t1	VFG037482(gb|WP_004748062)	24.183	153	105	3	14	159	7	155	4.19e-07	47.8
g723.t1	VFG022895(gb|WP_013831256)	31.081	148	84	4	18	159	26	161	6.69e-07	47.4
g723.t1	VFG016086(gb|WP_012019062)	27.273	154	104	4	7	155	31	181	7.31e-07	47.4
g723.t1	VFG009762(gb|WP_085978071)	28.049	164	103	4	26	177	42	202	7.46e-07	47.4
g723.t1	VFG009765(gb|WP_167535197)	26.220	164	108	2	26	177	33	195	1.13e-06	46.6
g723.t1	VFG037481(gb|WP_014538316)	24.183	153	105	3	14	159	7	155	1.18e-06	46.2
g723.t1	VFG009764(gb|WP_011558790)	26.220	164	108	2	26	177	61	223	1.56e-06	46.6
g723.t1	VFG044095(gb|NP_252100)	32.051	156	86	7	15	159	10	156	4.70e-06	44.7
g723.t1	VFG027053(gb|YP_005924344)	28.767	146	91	2	26	159	79	223	4.77e-06	45.1
g723.t1	VFG037483(gb|WP_002036559)	25.000	152	105	5	14	159	7	155	5.05e-06	44.7
g2040.t1	VFG014917(gb|WP_003245473)	31.472	197	104	6	41	217	3	188	1.18e-20	85.5
g2040.t1	VFG000121(gb|NP_249453)	31.522	184	114	4	46	217	5	188	1.33e-19	82.8
g2040.t1	VFG014915(gb|WP_007930230)	30.729	192	105	5	46	217	5	188	2.79e-19	82.0
g2040.t1	VFG014916(gb|WP_003172477)	30.729	192	105	5	46	217	5	188	2.82e-19	82.0
g2040.t1	VFG014914(gb|WP_011535354)	30.729	192	105	5	46	217	5	188	4.46e-19	81.3
g2040.t1	VFG014909(gb|WP_003378493)	31.250	192	104	5	46	217	5	188	4.50e-19	81.3
g2040.t1	VFG014912(gb|WP_003252049)	30.729	192	105	5	46	217	5	188	4.75e-19	81.3
g2040.t1	VFG014918(gb|WP_003282114)	30.729	192	105	5	46	217	5	188	1.02e-18	80.5
g2040.t1	VFG014910(gb|WP_002554912)	30.729	192	105	5	46	217	5	188	1.61e-18	80.1
g2040.t1	VFG015240(gb|WP_011266895)	28.169	142	97	2	81	217	41	182	6.19e-12	62.0
g2040.t1	VFG015241(gb|WP_004656240)	29.412	136	91	2	87	217	47	182	6.45e-12	62.0
g2040.t1	VFG041504(gb|WP_004155352)	31.646	158	95	4	57	211	29	176	1.82e-11	60.8
g2040.t1	VFG011072(gb|WP_003809919)	32.237	152	83	4	71	211	45	187	2.23e-11	60.8
g2040.t1	VFG015239(gb|WP_011103538)	27.941	136	93	1	87	217	47	182	2.81e-11	60.1
g2040.t1	VFG042240(gb|AAG01453)	30.303	165	88	6	57	211	29	176	3.35e-10	57.0
g2040.t1	VFG009748(gb|WP_011893086)	30.556	180	104	7	46	211	90	262	5.83e-10	57.8
g2040.t1	VFG024139(gb|WP_013471130)	28.814	177	111	6	46	211	81	253	9.83e-10	57.0
g2040.t1	VFG009750(gb|WP_011856415)	29.412	187	114	7	46	218	66	248	1.37e-09	56.2
g2040.t1	VFG009743(gb|WP_003875522)	28.177	181	115	5	42	211	57	233	1.39e-09	56.2
g2040.t1	VFG001392(gb|NP_215737)	31.507	146	88	5	74	211	95	236	1.69e-09	56.2
g2040.t1	VFG027033(gb|WP_015308655)	27.556	225	135	9	1	211	26	236	1.78e-09	56.2
g2040.t1	VFG027024(gb|YP_007957357)	31.507	146	88	5	74	211	95	236	1.97e-09	55.8
g2040.t1	VFG009749(gb|WP_011781649)	30.000	180	105	7	46	211	77	249	2.21e-09	55.8
g2040.t1	VFG027014(gb|WP_015356785)	28.177	181	115	6	42	211	57	233	2.27e-09	55.8
g2040.t1	VFG009751(gb|WP_011561373)	28.877	187	115	7	46	218	73	255	2.84e-09	55.5
g2040.t1	VFG024141(gb|WP_036428615)	27.979	193	117	7	30	211	52	233	3.71e-09	55.1
g2040.t1	VFG022874(gb|WP_012395788)	28.177	181	115	6	42	211	57	233	3.77e-09	55.1
g2040.t1	VFG009746(gb|WP_011742081)	28.177	181	115	6	42	211	57	233	4.00e-09	55.1
g2040.t1	VFG024144(gb|WP_014379464)	27.979	193	117	7	30	211	52	233	4.00e-09	55.1
g2040.t1	VFG024142(gb|WP_014382013)	29.240	171	106	6	52	211	67	233	4.95e-09	54.7
g2040.t1	VFG024140(gb|WP_014384063)	29.240	171	106	6	52	211	67	233	5.39e-09	54.7
g2040.t1	VFG031599(gb|WP_011854827)	30.556	144	86	5	74	211	20	155	1.11e-08	52.8
g2040.t1	VFG031619(gb|WP_016342497)	31.034	145	94	4	63	204	42	183	1.12e-08	53.1
g2040.t1	VFG009775(gb|WP_011731635)	30.488	164	99	5	58	211	25	183	1.31e-08	53.1
g2040.t1	VFG031606(gb|YP_001702898)	31.034	145	94	4	63	204	1	142	1.50e-08	52.0
g2040.t1	VFG031600(gb|WP_011558464)	30.556	144	86	5	74	211	20	155	1.55e-08	52.4
g2040.t1	VFG022880(gb|WP_010908113)	28.249	177	112	7	46	211	68	240	4.40e-08	52.0
g2040.t1	VFG027015(gb|WP_041924368)	29.121	182	110	7	42	211	63	237	5.36e-08	52.0
g2040.t1	VFG009745(gb|WP_041323761)	28.249	177	112	7	46	211	62	234	5.50e-08	51.6
g2040.t1	VFG044116(gb|WP_003815434)	29.143	175	104	5	36	206	1	159	6.53e-08	50.4
g2040.t1	VFG031590(gb|NP_217931)	30.052	193	109	9	28	201	6	191	1.10e-07	50.4
g2040.t1	VFG027009(gb|WP_005059659)	27.174	184	113	7	42	211	63	239	3.71e-07	49.3
g2040.t1	VFG022895(gb|WP_013831256)	32.787	122	78	2	87	208	48	165	4.16e-07	48.9
g2040.t1	VFG009764(gb|WP_011558790)	26.812	138	88	3	87	211	75	212	4.65e-07	48.9
g2040.t1	VFG009765(gb|WP_167535197)	26.812	138	88	3	87	211	47	184	4.71e-07	48.5
g2040.t1	VFG022875(gb|YP_001702102)	27.174	184	113	7	42	211	63	239	4.92e-07	48.9
g2040.t1	VFG031598(gb|WP_003892873)	29.870	154	88	5	74	211	20	169	5.70e-07	48.1
g2040.t1	VFG031633(gb|YP_007956905)	30.405	148	86	5	74	211	26	166	1.09e-06	47.4
g2040.t1	VFG031591(gb|NP_215249)	30.405	148	86	5	74	211	26	166	1.28e-06	47.0
g2040.t1	VFG031594(gb|WP_009979039)	28.824	170	100	6	56	211	5	167	1.31e-06	47.0
g2040.t1	VFG031623(gb|WP_015292393)	30.405	148	86	5	74	211	26	166	1.44e-06	47.0
g2040.t1	VFG024146(gb|WP_008259701)	27.778	144	88	4	87	214	58	201	1.60e-06	47.4
g2040.t1	VFG031622(gb|WP_015289247)	30.405	148	86	5	74	211	26	166	2.38e-06	46.2
g2040.t1	VFG027083(gb|WP_015310215)	28.736	174	115	5	43	215	10	175	2.41e-06	46.6
g2040.t1	VFG022888(gb|WP_193374473)	27.083	144	89	4	87	214	54	197	2.84e-06	46.6
g2040.t1	VFG031614(gb|WP_026071196)	29.730	148	87	5	74	211	30	170	3.14e-06	45.8
g2040.t1	VFG009762(gb|WP_085978071)	26.812	138	88	3	87	211	56	193	3.23e-06	46.2
g2040.t1	VFG027034(gb|WP_005070157)	25.899	139	88	3	87	211	48	185	4.01e-06	45.8
g2040.t1	VFG009759(gb|WP_162151408)	27.083	144	89	4	87	214	56	199	5.03e-06	45.8
g2040.t1	VFG009758(gb|WP_003878913)	27.083	144	89	4	87	214	56	199	5.03e-06	45.8
g2040.t1	VFG022883(gb|YP_001704273)	25.899	139	88	3	87	211	74	211	5.32e-06	45.8
g2040.t1	VFG022881(gb|WP_193374447)	27.778	180	109	6	46	211	21	193	6.48e-06	45.4
g3183.t1	VFG001412(gb|NP_217739)	100.000	216	0	0	25	240	1	216	4.52e-161	444
g3183.t1	VFG022884(gb|WP_003910720)	99.537	216	1	0	25	240	1	216	1.86e-160	442
g3183.t1	VFG027052(gb|YP_005361776)	99.537	216	1	0	25	240	1	216	8.64e-160	441
g3183.t1	VFG022885(gb|WP_014001626)	98.611	216	3	0	25	240	1	216	2.79e-159	439
g3183.t1	VFG027049(gb|YP_007959217)	99.539	217	0	1	25	240	1	217	4.40e-159	439
g3183.t1	VFG027053(gb|YP_005924344)	100.000	208	0	0	1	208	16	223	7.89e-155	429
g3183.t1	VFG009764(gb|WP_011558790)	82.500	240	35	1	1	240	5	237	1.45e-140	393
g3183.t1	VFG024146(gb|WP_008259701)	88.182	220	22	2	25	240	1	220	2.35e-140	392
g3183.t1	VFG022882(gb|WP_161628269)	91.667	216	18	0	25	240	1	216	1.23e-139	390
g3183.t1	VFG009760(gb|WP_011740503)	91.204	216	19	0	25	240	1	216	1.16e-138	387
g3183.t1	VFG009759(gb|WP_162151408)	93.939	198	12	0	43	240	21	218	4.55e-138	386
g3183.t1	VFG009758(gb|WP_003878913)	93.939	198	12	0	43	240	21	218	5.14e-138	386
g3183.t1	VFG009765(gb|WP_167535197)	87.037	216	21	1	25	240	1	209	1.19e-135	379
g3183.t1	VFG027058(gb|WP_198345055)	92.157	204	14	1	39	240	15	218	7.53e-135	378
g3183.t1	VFG022888(gb|WP_193374473)	86.111	216	29	1	25	240	1	215	1.47e-134	377
g3183.t1	VFG009763(gb|WP_105386987)	86.364	220	26	2	25	240	1	220	2.07e-133	374
g3183.t1	VFG009762(gb|WP_085978071)	83.929	224	24	3	25	240	1	220	2.26e-132	372
g3183.t1	VFG009761(gb|WP_003893296)	93.194	191	13	0	46	236	19	209	2.43e-129	363
g3183.t1	VFG022883(gb|YP_001704273)	74.262	237	53	2	2	237	4	233	4.19e-124	351
g3183.t1	VFG027034(gb|WP_005070157)	84.021	194	31	0	44	237	14	207	9.33e-121	342
g3183.t1	VFG001392(gb|NP_215737)	34.731	167	83	5	62	220	93	241	3.47e-23	94.4
g3183.t1	VFG009743(gb|WP_003875522)	34.591	159	94	2	62	220	90	238	3.70e-23	94.0
g3183.t1	VFG009746(gb|WP_011742081)	35.366	164	86	4	62	220	90	238	4.38e-23	94.0
g3183.t1	VFG024142(gb|WP_014382013)	34.591	159	94	2	62	220	90	238	4.60e-23	94.0
g3183.t1	VFG022874(gb|WP_012395788)	35.366	164	86	4	62	220	90	238	4.86e-23	94.0
g3183.t1	VFG024140(gb|WP_014384063)	34.591	159	94	2	62	220	90	238	4.90e-23	93.6
g3183.t1	VFG024144(gb|WP_014379464)	34.591	159	94	2	62	220	90	238	5.00e-23	93.6
g3183.t1	VFG024141(gb|WP_036428615)	34.591	159	94	2	62	220	90	238	5.16e-23	93.6
g3183.t1	VFG027014(gb|WP_015356785)	35.366	164	86	4	62	220	90	238	6.17e-23	93.6
g3183.t1	VFG009750(gb|WP_011856415)	35.503	169	89	4	62	225	95	248	7.24e-23	93.2
g3183.t1	VFG027033(gb|WP_015308655)	33.721	172	88	5	62	225	93	246	7.50e-23	93.2
g3183.t1	VFG009751(gb|WP_011561373)	35.503	169	89	4	62	225	102	255	8.41e-23	93.2
g3183.t1	VFG027024(gb|YP_007957357)	34.132	167	84	5	62	220	93	241	8.56e-23	93.2
g3183.t1	VFG009749(gb|WP_011781649)	31.604	212	111	7	25	220	61	254	5.53e-22	91.3
g3183.t1	VFG024139(gb|WP_013471130)	29.911	224	123	6	13	220	53	258	6.22e-22	91.3
g3183.t1	VFG027015(gb|WP_041924368)	31.737	167	78	3	62	216	96	238	9.53e-22	90.5
g3183.t1	VFG000121(gb|NP_249453)	31.522	184	106	5	42	212	3	179	1.92e-21	88.2
g3183.t1	VFG009745(gb|WP_041323761)	33.333	165	84	5	63	219	92	238	2.03e-21	89.7
g3183.t1	VFG022880(gb|WP_010908113)	33.333	165	84	5	63	219	98	244	2.05e-21	89.7
g3183.t1	VFG009748(gb|WP_011893086)	33.526	173	77	5	62	220	119	267	2.88e-21	89.7
g3183.t1	VFG027009(gb|WP_005059659)	32.500	160	88	3	62	216	96	240	3.34e-21	89.0
g3183.t1	VFG022875(gb|YP_001702102)	32.500	160	88	3	62	216	96	240	3.34e-21	89.0
g3183.t1	VFG022881(gb|WP_193374447)	33.125	160	97	2	62	221	50	199	4.22e-20	85.1
g3183.t1	VFG014918(gb|WP_003282114)	29.282	181	114	4	42	212	3	179	4.50e-20	84.3
g3183.t1	VFG014914(gb|WP_011535354)	30.387	181	112	5	42	212	3	179	4.65e-20	84.3
g3183.t1	VFG014912(gb|WP_003252049)	30.387	181	112	5	42	212	3	179	4.95e-20	84.3
g3183.t1	VFG014916(gb|WP_003172477)	30.387	181	112	5	42	212	3	179	6.83e-20	84.0
g3183.t1	VFG014915(gb|WP_007930230)	30.387	181	112	5	42	212	3	179	7.05e-20	84.0
g3183.t1	VFG014917(gb|WP_003245473)	29.609	179	116	3	42	212	3	179	7.91e-20	84.0
g3183.t1	VFG014910(gb|WP_002554912)	28.492	179	118	3	42	212	3	179	2.02e-19	82.8
g3183.t1	VFG027081(gb|WP_020824034)	35.135	148	79	4	72	219	47	177	3.40e-19	82.4
g3183.t1	VFG014909(gb|WP_003378493)	28.492	179	118	3	42	212	3	179	4.99e-19	81.6
g3183.t1	VFG024152(gb|WP_014943205)	34.459	148	80	4	72	219	47	177	5.25e-19	81.6
g3183.t1	VFG024153(gb|WP_008262466)	34.459	148	80	4	72	219	47	177	5.47e-19	81.6
g3183.t1	VFG024155(gb|WP_009957433)	34.459	148	80	4	72	219	47	177	6.27e-19	81.6
g3183.t1	VFG024154(gb|WP_014383555)	34.459	148	80	4	72	219	47	177	7.17e-19	81.3
g3183.t1	VFG009772(gb|WP_003874356)	34.459	148	80	4	72	219	47	177	3.88e-18	79.3
g3183.t1	VFG027083(gb|WP_015310215)	32.948	173	85	4	47	215	27	172	1.25e-17	78.2
g3183.t1	VFG022895(gb|WP_013831256)	32.979	188	101	4	40	219	2	172	1.44e-17	78.2
g3183.t1	VFG027064(gb|WP_015357723)	31.034	174	96	4	47	220	34	183	7.19e-16	73.2
g3183.t1	VFG022889(gb|WP_012396973)	31.214	173	95	4	47	219	34	182	9.57e-16	72.8
g3183.t1	VFG022890(gb|YP_001705660)	34.815	135	72	3	72	206	47	165	8.11e-15	70.5
g3183.t1	VFG027059(gb|WP_005064565)	34.815	135	72	3	72	206	47	165	1.10e-14	70.1
g3183.t1	VFG011072(gb|WP_003809919)	29.747	158	89	3	76	228	56	196	1.82e-14	69.7
g3183.t1	VFG009774(gb|WP_011742517)	30.460	174	97	4	47	220	34	183	3.53e-14	68.6
g3183.t1	VFG009768(gb|WP_003917992)	29.944	177	99	5	40	208	5	164	4.71e-14	68.2
g3183.t1	VFG027063(gb|WP_041180696)	29.944	177	99	5	40	208	5	164	4.72e-14	68.2
g3183.t1	VFG009778(gb|WP_011857610)	33.557	149	79	4	74	218	47	179	4.85e-14	68.9
g3183.t1	VFG022892(gb|WP_041180197)	31.507	146	83	4	63	208	36	164	5.89e-14	67.8
g3183.t1	VFG009769(gb|WP_023641644)	31.507	146	83	4	63	208	36	164	6.45e-14	67.8
g3183.t1	VFG027060(gb|WP_041181350)	29.944	177	99	5	40	208	5	164	6.60e-14	67.8
g3183.t1	VFG027068(gb|WP_003400144)	31.507	146	83	4	63	208	46	174	9.70e-14	67.4
g3183.t1	VFG009770(gb|WP_038438792)	29.379	177	100	5	40	208	5	164	1.20e-13	67.0
g3183.t1	VFG015239(gb|WP_011103538)	30.769	143	91	2	74	216	43	177	1.40e-13	67.0
g3183.t1	VFG009779(gb|WP_011562771)	32.215	149	81	4	74	218	47	179	2.05e-13	67.0
g3183.t1	VFG015240(gb|WP_011266895)	31.126	151	88	5	70	216	39	177	2.55e-13	66.2
g3183.t1	VFG027061(gb|WP_041179797)	29.379	177	100	5	40	208	5	164	3.77e-13	65.9
g3183.t1	VFG009775(gb|WP_011731635)	28.824	170	103	4	47	215	31	183	3.26e-12	63.5
g3183.t1	VFG015241(gb|WP_004656240)	27.778	162	101	3	63	216	24	177	4.39e-12	62.8
g3183.t1	VFG031600(gb|WP_011558464)	32.484	157	86	4	62	216	18	156	4.53e-11	59.7
g3183.t1	VFG009776(gb|WP_011891745)	31.214	173	96	3	47	219	33	182	5.68e-11	59.7
g3183.t1	VFG031599(gb|WP_011854827)	32.484	157	86	4	62	216	18	156	8.87e-11	58.9
g3183.t1	VFG027074(gb|YP_007959872)	30.952	126	70	3	63	188	36	144	1.04e-10	59.3
g3183.t1	VFG009767(gb|NP_218428)	30.952	126	70	3	63	188	46	154	1.13e-10	59.3
g3183.t1	VFG031598(gb|WP_003892873)	30.303	165	89	6	64	216	20	170	4.68e-10	57.0
g3183.t1	VFG031642(gb|WP_015305063)	31.481	162	82	5	64	216	20	161	1.32e-09	55.5
g3183.t1	VFG031604(gb|WP_011778613)	29.814	161	86	5	64	216	20	161	3.36e-09	54.3
g3183.t1	VFG009777(gb|WP_011783161)	29.839	124	67	2	94	215	74	179	5.86e-09	54.3
g3183.t1	VFG031633(gb|YP_007956905)	29.268	164	103	2	64	226	26	177	1.54e-08	52.8
g3183.t1	VFG031623(gb|WP_015292393)	29.870	154	95	2	64	216	26	167	3.28e-08	51.6
g3183.t1	VFG031622(gb|WP_015289247)	31.818	154	92	4	64	216	26	167	4.48e-08	51.2
g3183.t1	VFG031591(gb|NP_215249)	29.268	164	103	2	64	226	26	177	4.70e-08	51.2
g3183.t1	VFG031611(gb|WP_013828702)	28.105	153	95	3	68	219	24	162	1.14e-07	50.1
g3183.t1	VFG031613(gb|WP_013472698)	29.762	168	77	5	64	216	20	161	1.22e-07	50.1
g3183.t1	VFG031610(gb|WP_012392967)	29.870	154	95	4	64	216	26	167	1.48e-07	50.1
g3183.t1	VFG031597(gb|WP_011895847)	29.167	168	78	5	64	216	20	161	2.68e-07	48.9
g3183.t1	VFG031603(gb|WP_011739094)	29.221	154	96	4	64	216	26	167	8.16e-07	47.8
g3183.t1	VFG031619(gb|WP_016342497)	27.500	160	88	5	64	216	53	191	1.91e-06	47.0
g3183.t1	VFG031606(gb|YP_001702898)	27.500	160	88	5	64	216	12	150	4.24e-06	45.4
g3183.t1	VFG031594(gb|WP_009979039)	28.571	154	97	4	64	216	27	168	6.84e-06	45.1
g3183.t1	VFG044157(gb|WP_011063603)	26.846	149	98	4	64	211	17	155	8.79e-06	44.7
g3183.t1	VFG042240(gb|AAG01453)	27.143	140	92	3	77	216	48	177	9.24e-06	44.7
g774.t1	VFG000121(gb|NP_249453)	100.000	193	0	0	1	193	1	193	3.52e-142	393
g774.t1	VFG014918(gb|WP_003282114)	91.710	193	16	0	1	193	1	193	9.79e-133	369
g774.t1	VFG014916(gb|WP_003172477)	91.146	192	17	0	1	192	1	192	6.05e-132	367
g774.t1	VFG014915(gb|WP_007930230)	90.674	193	18	0	1	193	1	193	7.79e-132	367
g774.t1	VFG014917(gb|WP_003245473)	90.674	193	18	0	1	193	1	193	9.92e-132	367
g774.t1	VFG014914(gb|WP_011535354)	89.637	193	20	0	1	193	1	193	2.41e-131	366
g774.t1	VFG014912(gb|WP_003252049)	89.637	193	20	0	1	193	1	193	5.20e-131	365
g774.t1	VFG014910(gb|WP_002554912)	90.155	193	19	0	1	193	1	193	6.20e-130	362
g774.t1	VFG014909(gb|WP_003378493)	89.637	193	20	0	1	193	1	193	6.78e-129	360
g774.t1	VFG011072(gb|WP_003809919)	33.708	178	104	3	14	187	25	192	5.58e-26	99.0
g774.t1	VFG009765(gb|WP_167535197)	31.633	196	114	5	4	192	12	194	5.31e-23	91.3
g774.t1	VFG022888(gb|WP_193374473)	30.964	197	116	5	3	192	18	201	5.72e-23	91.3
g774.t1	VFG009764(gb|WP_011558790)	31.633	196	114	5	4	192	40	222	1.08e-22	91.3
g774.t1	VFG022884(gb|WP_003910720)	30.964	197	116	5	3	192	18	201	1.51e-22	90.1
g774.t1	VFG009762(gb|WP_085978071)	31.122	196	115	5	4	192	21	203	1.81e-22	90.1
g774.t1	VFG022885(gb|WP_014001626)	30.964	197	116	5	3	192	18	201	2.41e-22	89.7
g774.t1	VFG027034(gb|WP_005070157)	31.818	176	103	4	11	179	17	182	3.07e-22	89.4
g774.t1	VFG009759(gb|WP_162151408)	31.694	183	105	5	4	179	21	190	5.09e-22	89.0
g774.t1	VFG009758(gb|WP_003878913)	31.694	183	105	5	4	179	21	190	5.36e-22	89.0
g774.t1	VFG022883(gb|YP_001704273)	32.000	175	102	4	12	179	44	208	5.82e-22	89.4
g774.t1	VFG024146(gb|WP_008259701)	30.612	196	116	5	4	192	23	205	7.50e-22	88.6
g774.t1	VFG001412(gb|NP_217739)	30.457	197	117	5	3	192	18	201	7.60e-22	88.6
g774.t1	VFG027049(gb|YP_007959217)	31.522	184	106	5	3	179	18	188	7.84e-22	88.6
g774.t1	VFG027052(gb|YP_005361776)	31.522	184	106	5	3	179	18	188	8.63e-22	88.2
g774.t1	VFG027058(gb|WP_198345055)	30.612	196	116	5	4	192	19	201	3.18e-21	86.7
g774.t1	VFG009760(gb|WP_011740503)	30.952	168	104	3	32	192	39	201	4.37e-21	86.3
g774.t1	VFG022882(gb|WP_161628269)	30.952	168	104	3	32	192	39	201	4.46e-21	86.3
g774.t1	VFG009761(gb|WP_003893296)	30.952	168	104	3	32	192	36	198	6.87e-21	85.9
g774.t1	VFG009763(gb|WP_105386987)	30.102	196	117	5	4	192	21	203	1.15e-20	85.5
g774.t1	VFG027053(gb|YP_005924344)	31.148	183	106	5	3	178	57	226	1.47e-20	85.5
g774.t1	VFG009750(gb|WP_011856415)	31.285	179	100	5	17	186	78	242	5.05e-19	81.6
g774.t1	VFG022874(gb|WP_012395788)	32.000	175	96	5	17	182	73	233	5.60e-19	81.6
g774.t1	VFG027014(gb|WP_015356785)	32.000	175	96	5	17	182	73	233	5.90e-19	81.6
g774.t1	VFG009746(gb|WP_011742081)	32.000	175	96	5	17	182	73	233	6.21e-19	81.6
g774.t1	VFG022875(gb|YP_001702102)	32.738	168	93	4	21	182	86	239	6.37e-19	81.6
g774.t1	VFG027009(gb|WP_005059659)	32.738	168	93	4	21	182	86	239	6.71e-19	81.3
g774.t1	VFG009751(gb|WP_011561373)	31.429	175	97	5	17	182	85	245	8.67e-19	81.3
g774.t1	VFG027015(gb|WP_041924368)	33.143	175	92	5	17	182	79	237	1.46e-18	80.5
g774.t1	VFG024141(gb|WP_036428615)	31.361	169	105	4	17	182	73	233	1.59e-18	80.5
g774.t1	VFG024142(gb|WP_014382013)	31.361	169	105	4	17	182	73	233	1.61e-18	80.5
g774.t1	VFG024140(gb|WP_014384063)	31.361	169	105	4	17	182	73	233	1.62e-18	80.5
g774.t1	VFG024144(gb|WP_014379464)	31.361	169	105	4	17	182	73	233	1.76e-18	80.1
g774.t1	VFG027033(gb|WP_015308655)	30.864	162	104	3	21	182	83	236	2.33e-18	79.7
g774.t1	VFG009743(gb|WP_003875522)	31.361	169	105	4	17	182	73	233	3.15e-18	79.7
g774.t1	VFG009775(gb|WP_011731635)	30.769	182	119	3	6	187	14	188	3.86e-18	78.6
g774.t1	VFG009745(gb|WP_041323761)	30.178	169	107	3	17	182	74	234	6.12e-18	79.0
g774.t1	VFG022880(gb|WP_010908113)	30.178	169	107	3	17	182	80	240	7.46e-18	78.6
g774.t1	VFG009748(gb|WP_011893086)	31.953	169	104	4	17	182	102	262	8.71e-18	79.0
g774.t1	VFG024139(gb|WP_013471130)	31.214	173	108	4	17	186	93	257	2.10e-17	77.8
g774.t1	VFG027024(gb|YP_007957357)	30.178	169	107	3	17	182	76	236	2.10e-17	77.4
g774.t1	VFG009749(gb|WP_011781649)	31.214	173	108	4	17	186	89	253	2.14e-17	77.4
g774.t1	VFG001392(gb|NP_215737)	30.769	169	106	4	17	182	76	236	2.58e-17	77.0
g774.t1	VFG042240(gb|AAG01453)	28.387	155	103	1	32	186	34	180	4.40e-16	72.4
g774.t1	VFG027083(gb|WP_015310215)	29.508	183	113	3	6	187	10	177	5.44e-16	72.4
g774.t1	VFG022881(gb|WP_193374447)	30.247	162	105	3	21	182	40	193	1.91e-15	71.2
g774.t1	VFG027064(gb|WP_015357723)	26.882	186	121	1	4	189	15	185	8.61e-15	69.3
g774.t1	VFG022889(gb|WP_012396973)	26.776	183	119	1	4	186	15	182	1.41e-14	68.6
g774.t1	VFG022895(gb|WP_013831256)	28.652	178	108	3	4	179	5	165	2.70e-14	68.2
g774.t1	VFG009779(gb|WP_011562771)	27.174	184	120	2	6	189	10	179	7.47e-14	67.4
g774.t1	VFG009778(gb|WP_011857610)	27.174	184	120	2	6	189	10	179	7.63e-14	67.4
g774.t1	VFG009772(gb|WP_003874356)	28.161	174	110	2	6	179	12	170	8.34e-14	66.6
g774.t1	VFG041504(gb|WP_004155352)	27.673	159	107	2	28	186	30	180	1.46e-13	65.9
g774.t1	VFG027081(gb|WP_020824034)	28.814	177	105	4	6	179	12	170	1.64e-13	65.9
g774.t1	VFG024153(gb|WP_008262466)	28.249	177	106	4	6	179	12	170	2.24e-13	65.5
g774.t1	VFG024152(gb|WP_014943205)	28.249	177	106	4	6	179	12	170	2.31e-13	65.5
g774.t1	VFG024155(gb|WP_009957433)	28.249	177	106	4	6	179	12	170	2.83e-13	65.1
g774.t1	VFG024154(gb|WP_014383555)	28.249	177	106	4	6	179	12	170	2.95e-13	65.1
g774.t1	VFG009774(gb|WP_011742517)	26.344	186	122	1	4	189	15	185	5.35e-13	64.3
g774.t1	VFG027061(gb|WP_041179797)	26.163	172	112	2	4	175	8	164	1.25e-12	63.2
g774.t1	VFG022892(gb|WP_041180197)	26.744	172	111	2	4	175	8	164	1.30e-12	63.2
g774.t1	VFG009768(gb|WP_003917992)	26.744	172	111	2	4	175	8	164	1.54e-12	63.2
g774.t1	VFG027063(gb|WP_041180696)	27.168	173	109	4	4	175	8	164	1.70e-12	63.2
g774.t1	VFG027068(gb|WP_003400144)	26.163	172	112	2	4	175	18	174	2.04e-12	62.8
g774.t1	VFG009769(gb|WP_023641644)	27.673	159	100	2	17	175	21	164	2.79e-12	62.4
g774.t1	VFG027060(gb|WP_041181350)	27.746	173	108	4	4	175	8	164	2.96e-12	62.4
g774.t1	VFG009770(gb|WP_038438792)	26.163	172	112	2	4	175	8	164	3.87e-12	62.0
g774.t1	VFG027059(gb|WP_005064565)	25.882	170	112	2	4	173	10	165	4.03e-12	62.0
g774.t1	VFG015239(gb|WP_011103538)	28.846	156	103	3	35	189	35	183	8.84e-12	60.8
g774.t1	VFG022890(gb|YP_001705660)	25.882	170	112	2	4	173	10	165	9.40e-12	61.2
g774.t1	VFG015240(gb|WP_011266895)	28.205	156	104	3	35	189	35	183	3.61e-11	59.3
g774.t1	VFG015241(gb|WP_004656240)	27.564	156	105	3	35	189	35	183	1.81e-10	57.4
g774.t1	VFG009776(gb|WP_011891745)	29.444	180	113	2	7	186	17	182	3.39e-09	53.9
g774.t1	VFG031606(gb|YP_001702898)	28.750	160	88	6	37	189	16	156	1.48e-08	51.6
g774.t1	VFG027074(gb|YP_007959872)	25.478	157	102	2	4	160	8	149	1.51e-08	52.4
g774.t1	VFG031600(gb|WP_011558464)	28.205	156	90	4	38	189	25	162	1.56e-08	51.6
g774.t1	VFG009767(gb|NP_218428)	25.641	156	101	2	4	159	18	158	1.89e-08	52.4
g774.t1	VFG031619(gb|WP_016342497)	27.811	169	96	6	28	189	48	197	5.89e-08	50.8
g774.t1	VFG031599(gb|WP_011854827)	27.564	156	91	4	38	189	25	162	1.29e-07	49.3
g774.t1	VFG031598(gb|WP_003892873)	27.711	166	92	5	38	189	25	176	2.54e-06	45.8
g774.t1	VFG009777(gb|WP_011783161)	27.778	180	116	3	7	186	18	183	2.85e-06	45.8
g774.t1	VFG031597(gb|WP_011895847)	27.389	157	95	4	38	189	25	167	8.16e-06	44.3
g1799.t1	VFG014910(gb|WP_002554912)	30.726	179	109	5	9	176	4	178	2.52e-13	65.1
g1799.t1	VFG014909(gb|WP_003378493)	30.726	179	109	5	9	176	4	178	5.85e-13	64.3
g1799.t1	VFG014917(gb|WP_003245473)	28.492	179	113	3	9	176	4	178	1.12e-12	63.5
g1799.t1	VFG014915(gb|WP_007930230)	28.492	179	113	3	9	176	4	178	1.66e-12	63.2
g1799.t1	VFG014916(gb|WP_003172477)	28.492	179	113	3	9	176	4	178	1.73e-12	62.8
g1799.t1	VFG014912(gb|WP_003252049)	28.492	179	113	3	9	176	4	178	1.96e-12	62.8
g1799.t1	VFG014914(gb|WP_011535354)	28.492	179	113	3	9	176	4	178	2.13e-12	62.8
g1799.t1	VFG001392(gb|NP_215737)	26.768	198	127	6	7	189	51	245	4.02e-12	62.8
g1799.t1	VFG014918(gb|WP_003282114)	29.213	178	113	4	9	176	4	178	7.48e-12	61.2
g1799.t1	VFG024139(gb|WP_013471130)	28.395	162	108	4	29	185	100	258	1.06e-11	62.0
g1799.t1	VFG009745(gb|WP_041323761)	29.560	159	104	4	29	182	81	236	1.38e-11	61.2
g1799.t1	VFG022880(gb|WP_010908113)	29.560	159	104	4	29	182	87	242	1.39e-11	61.6
g1799.t1	VFG000121(gb|NP_249453)	29.775	178	112	5	9	176	4	178	1.93e-11	60.1
g1799.t1	VFG009749(gb|WP_011781649)	29.341	167	107	5	29	187	96	259	2.20e-11	60.8
g1799.t1	VFG009748(gb|WP_011893086)	27.778	162	109	4	29	185	109	267	3.20e-11	60.5
g1799.t1	VFG027014(gb|WP_015356785)	27.108	166	113	4	29	189	80	242	3.91e-11	60.1
g1799.t1	VFG009750(gb|WP_011856415)	27.513	189	119	6	9	182	55	240	4.88e-11	59.7
g1799.t1	VFG027033(gb|WP_015308655)	27.108	166	113	4	29	189	83	245	7.63e-11	59.3
g1799.t1	VFG024144(gb|WP_014379464)	27.778	162	109	4	29	185	80	238	7.86e-11	59.3
g1799.t1	VFG024140(gb|WP_014384063)	27.778	162	109	4	29	185	80	238	7.86e-11	59.3
g1799.t1	VFG024141(gb|WP_036428615)	27.778	162	109	4	29	185	80	238	8.26e-11	59.3
g1799.t1	VFG009751(gb|WP_011561373)	26.562	192	123	6	9	185	62	250	8.27e-11	59.3
g1799.t1	VFG024142(gb|WP_014382013)	27.778	162	109	4	29	185	80	238	8.59e-11	58.9
g1799.t1	VFG009743(gb|WP_003875522)	27.778	162	109	4	29	185	80	238	8.77e-11	58.9
g1799.t1	VFG022874(gb|WP_012395788)	27.108	166	113	4	29	189	80	242	1.20e-10	58.5
g1799.t1	VFG009746(gb|WP_011742081)	27.108	166	113	4	29	189	80	242	1.24e-10	58.5
g1799.t1	VFG027024(gb|YP_007957357)	26.263	198	128	6	7	189	51	245	1.42e-10	58.5
g1799.t1	VFG027034(gb|WP_005070157)	27.848	158	102	4	41	186	34	191	3.81e-10	56.6
g1799.t1	VFG022883(gb|YP_001704273)	27.848	158	102	4	41	186	60	217	5.36e-10	56.6
g1799.t1	VFG027009(gb|WP_005059659)	27.673	159	107	4	29	182	86	241	7.32e-10	56.6
g1799.t1	VFG022875(gb|YP_001702102)	27.673	159	107	4	29	182	86	241	8.15e-10	56.2
g1799.t1	VFG009765(gb|WP_167535197)	27.841	176	104	6	32	186	17	190	1.51e-09	55.1
g1799.t1	VFG027052(gb|YP_005361776)	26.857	175	109	5	31	186	23	197	2.21e-09	54.7
g1799.t1	VFG001412(gb|NP_217739)	26.857	175	109	5	31	186	23	197	2.23e-09	54.7
g1799.t1	VFG027049(gb|YP_007959217)	26.857	175	109	5	31	186	23	197	2.32e-09	54.7
g1799.t1	VFG022885(gb|WP_014001626)	26.857	175	109	5	31	186	23	197	2.39e-09	54.7
g1799.t1	VFG009764(gb|WP_011558790)	27.841	176	104	6	32	186	45	218	2.59e-09	54.7
g1799.t1	VFG009758(gb|WP_003878913)	35.556	90	49	2	19	101	15	102	2.86e-09	54.3
g1799.t1	VFG027058(gb|WP_198345055)	27.011	174	108	5	32	186	24	197	2.89e-09	54.3
g1799.t1	VFG009759(gb|WP_162151408)	35.556	90	49	2	19	101	15	102	2.89e-09	54.3
g1799.t1	VFG022888(gb|WP_193374473)	35.897	78	43	1	31	101	23	100	3.56e-09	54.3
g1799.t1	VFG022884(gb|WP_003910720)	27.684	177	105	6	31	186	23	197	3.63e-09	54.3
g1799.t1	VFG027015(gb|WP_041924368)	27.215	158	107	4	29	182	86	239	5.88e-09	53.9
g1799.t1	VFG024146(gb|WP_008259701)	35.065	77	43	1	32	101	28	104	5.93e-09	53.5
g1799.t1	VFG027053(gb|YP_005924344)	35.897	78	43	1	31	101	62	139	6.74e-09	53.5
g1799.t1	VFG009769(gb|WP_023641644)	26.452	155	97	6	17	164	8	152	9.99e-09	52.4
g1799.t1	VFG009775(gb|WP_011731635)	26.582	158	107	5	29	180	29	183	1.13e-08	52.8
g1799.t1	VFG009762(gb|WP_085978071)	35.065	77	43	1	32	101	26	102	1.88e-08	52.4
g1799.t1	VFG009768(gb|WP_003917992)	26.452	155	97	6	17	164	8	152	2.13e-08	51.6
g1799.t1	VFG009763(gb|WP_105386987)	35.065	77	43	1	32	101	26	102	2.26e-08	52.0
g1799.t1	VFG011072(gb|WP_003809919)	26.573	143	101	3	46	184	49	191	2.33e-08	51.6
g1799.t1	VFG009761(gb|WP_003893296)	35.065	77	43	1	32	101	21	97	2.53e-08	51.6
g1799.t1	VFG009770(gb|WP_038438792)	26.452	155	97	6	17	164	8	152	2.96e-08	51.2
g1799.t1	VFG022882(gb|WP_161628269)	26.582	158	104	4	41	186	40	197	3.08e-08	51.6
g1799.t1	VFG009760(gb|WP_011740503)	26.582	158	104	4	41	186	40	197	3.33e-08	51.6
g1799.t1	VFG027063(gb|WP_041180696)	26.452	155	97	6	17	164	8	152	3.47e-08	51.2
g1799.t1	VFG022892(gb|WP_041180197)	25.362	138	91	4	29	164	25	152	4.32e-08	50.8
g1799.t1	VFG027068(gb|WP_003400144)	26.452	155	97	6	17	164	18	162	4.69e-08	50.8
g1799.t1	VFG027060(gb|WP_041181350)	26.452	155	97	6	17	164	8	152	6.48e-08	50.4
g1799.t1	VFG027074(gb|YP_007959872)	26.316	152	95	6	17	161	8	149	1.01e-07	50.1
g1799.t1	VFG027064(gb|WP_015357723)	26.178	191	118	8	3	185	8	183	1.69e-07	49.3
g1799.t1	VFG009767(gb|NP_218428)	26.490	151	94	6	17	160	18	158	1.82e-07	49.3
g1799.t1	VFG027083(gb|WP_015310215)	26.136	176	121	3	14	184	5	176	1.94e-07	48.9
g1799.t1	VFG027061(gb|WP_041179797)	25.806	155	98	6	17	164	8	152	2.05e-07	48.9
g1799.t1	VFG022889(gb|WP_012396973)	26.344	186	114	8	3	180	8	178	2.10e-07	48.9
g1799.t1	VFG009774(gb|WP_011742517)	30.928	97	60	2	3	97	9	100	2.93e-07	48.5
g1799.t1	VFG024153(gb|WP_008262466)	24.528	159	105	5	29	182	27	175	1.38e-06	46.6
g1799.t1	VFG024152(gb|WP_014943205)	24.528	159	105	5	29	182	27	175	1.39e-06	46.6
g1799.t1	VFG009772(gb|WP_003874356)	25.000	156	108	2	29	182	27	175	1.56e-06	46.6
g1799.t1	VFG009779(gb|WP_011562771)	26.829	164	114	3	29	190	25	184	1.62e-06	46.6
g1799.t1	VFG027081(gb|WP_020824034)	24.528	159	105	5	29	182	27	175	1.79e-06	46.2
g1799.t1	VFG024155(gb|WP_009957433)	24.528	159	105	5	29	182	27	175	2.30e-06	45.8
g1799.t1	VFG024154(gb|WP_014383555)	24.528	159	105	5	29	182	27	175	2.35e-06	45.8
g1799.t1	VFG009778(gb|WP_011857610)	35.211	71	46	0	29	99	25	95	2.80e-06	46.2
g1799.t1	VFG042240(gb|AAG01453)	22.000	150	113	2	30	176	24	172	4.64e-06	45.1
g1799.t1	VFG022895(gb|WP_013831256)	32.759	116	61	5	17	127	5	108	6.74e-06	44.7
g1799.t1	VFG022881(gb|WP_193374447)	25.153	163	114	4	29	186	40	199	7.95e-06	44.7
g1799.t1	VFG031590(gb|NP_217931)	29.577	142	89	6	55	189	73	210	8.26e-06	44.7
g2954.t1	VFG014918(gb|WP_003282114)	28.877	187	122	4	31	207	7	192	1.37e-16	74.3
g2954.t1	VFG000121(gb|NP_249453)	28.877	187	122	4	31	207	7	192	1.48e-15	71.6
g2954.t1	VFG014909(gb|WP_003378493)	28.877	187	122	5	31	207	7	192	1.92e-15	71.2
g2954.t1	VFG014910(gb|WP_002554912)	28.877	187	122	5	31	207	7	192	3.42e-15	70.9
g2954.t1	VFG014915(gb|WP_007930230)	28.877	187	122	5	31	207	7	192	6.49e-15	70.1
g2954.t1	VFG014916(gb|WP_003172477)	28.723	188	123	5	31	208	7	193	6.55e-15	70.1
g2954.t1	VFG014914(gb|WP_011535354)	28.877	187	122	5	31	207	7	192	8.65e-15	69.7
g2954.t1	VFG014912(gb|WP_003252049)	28.877	187	122	5	31	207	7	192	9.02e-15	69.7
g2954.t1	VFG014917(gb|WP_003245473)	28.723	188	123	5	30	207	6	192	3.84e-14	67.8
g2954.t1	VFG009750(gb|WP_011856415)	31.707	164	105	3	45	206	85	243	5.68e-14	68.6
g2954.t1	VFG027033(gb|WP_015308655)	31.707	164	105	3	45	206	83	241	8.64e-14	67.8
g2954.t1	VFG027014(gb|WP_015356785)	32.164	171	106	4	41	206	73	238	1.78e-13	67.0
g2954.t1	VFG009751(gb|WP_011561373)	31.707	164	105	3	45	206	92	250	2.54e-13	66.6
g2954.t1	VFG009746(gb|WP_011742081)	32.164	171	106	4	41	206	73	238	2.58e-13	66.6
g2954.t1	VFG009749(gb|WP_011781649)	33.721	172	102	6	41	206	89	254	2.59e-13	67.0
g2954.t1	VFG022874(gb|WP_012395788)	32.164	171	106	4	41	206	73	238	2.77e-13	66.6
g2954.t1	VFG031600(gb|WP_011558464)	33.333	162	99	4	46	207	9	161	3.69e-13	64.7
g2954.t1	VFG031599(gb|WP_011854827)	33.333	162	99	4	46	207	9	161	4.09e-13	64.7
g2954.t1	VFG024139(gb|WP_013471130)	29.778	225	127	7	12	211	45	263	5.87e-13	65.9
g2954.t1	VFG009748(gb|WP_011893086)	33.333	177	106	6	41	211	102	272	7.34e-13	65.9
g2954.t1	VFG024144(gb|WP_014379464)	31.361	169	110	3	41	206	73	238	1.15e-12	64.7
g2954.t1	VFG024141(gb|WP_036428615)	31.361	169	110	3	41	206	73	238	1.15e-12	64.7
g2954.t1	VFG024140(gb|WP_014384063)	31.361	169	110	3	41	206	73	238	1.19e-12	64.7
g2954.t1	VFG011072(gb|WP_003809919)	28.497	193	133	2	15	207	6	193	1.27e-12	63.9
g2954.t1	VFG024142(gb|WP_014382013)	31.361	169	110	3	41	206	73	238	1.36e-12	64.7
g2954.t1	VFG031604(gb|WP_011778613)	31.515	165	101	5	42	202	5	161	2.34e-12	62.8
g2954.t1	VFG001392(gb|NP_215737)	30.994	171	108	4	41	206	76	241	3.77e-12	63.5
g2954.t1	VFG031642(gb|WP_015305063)	34.731	167	103	3	42	207	5	166	3.79e-12	62.0
g2954.t1	VFG031613(gb|WP_013472698)	32.941	170	94	6	41	202	4	161	4.60e-12	62.0
g2954.t1	VFG022880(gb|WP_010908113)	31.765	170	106	4	41	205	80	244	4.81e-12	63.2
g2954.t1	VFG009745(gb|WP_041323761)	31.765	170	106	4	41	205	74	238	5.49e-12	63.2
g2954.t1	VFG009775(gb|WP_011731635)	32.022	178	115	3	30	205	14	187	9.73e-12	61.6
g2954.t1	VFG009743(gb|WP_003875522)	30.178	169	112	3	41	206	73	238	1.17e-11	62.0
g2954.t1	VFG027009(gb|WP_005059659)	32.353	170	99	7	41	202	79	240	1.30e-11	62.0
g2954.t1	VFG022875(gb|YP_001702102)	32.353	170	99	7	41	202	79	240	1.39e-11	62.0
g2954.t1	VFG031597(gb|WP_011895847)	32.353	170	95	6	41	202	4	161	1.56e-11	60.5
g2954.t1	VFG031598(gb|WP_003892873)	31.667	180	100	4	42	207	5	175	1.78e-11	60.5
g2954.t1	VFG027064(gb|WP_015357723)	31.667	180	107	5	30	206	17	183	2.97e-11	60.1
g2954.t1	VFG022889(gb|WP_012396973)	31.844	179	106	5	30	205	17	182	3.38e-11	60.1
g2954.t1	VFG027024(gb|YP_007957357)	30.409	171	109	4	41	206	76	241	4.21e-11	60.5
g2954.t1	VFG027061(gb|WP_041179797)	31.325	166	100	3	30	193	10	163	4.95e-11	59.3
g2954.t1	VFG031603(gb|WP_011739094)	32.934	167	98	6	46	207	15	172	7.36e-11	58.5
g2954.t1	VFG031610(gb|WP_012392967)	32.934	167	98	6	46	207	15	172	7.82e-11	58.5
g2954.t1	VFG031594(gb|WP_009979039)	30.409	171	107	5	41	207	11	173	9.82e-11	58.5
g2954.t1	VFG042240(gb|AAG01453)	29.801	151	99	4	46	194	24	169	1.10e-10	58.2
g2954.t1	VFG015240(gb|WP_011266895)	27.329	161	116	1	43	203	19	178	1.66e-10	57.8
g2954.t1	VFG009768(gb|WP_003917992)	30.723	166	101	3	30	193	10	163	2.18e-10	57.4
g2954.t1	VFG027060(gb|WP_041181350)	30.723	166	101	3	30	193	10	163	2.33e-10	57.8
g2954.t1	VFG027063(gb|WP_041180696)	30.723	166	101	3	30	193	10	163	2.42e-10	57.4
g2954.t1	VFG031591(gb|NP_215249)	31.902	163	99	5	49	207	18	172	2.93e-10	57.0
g2954.t1	VFG015241(gb|WP_004656240)	26.708	161	117	1	43	203	19	178	3.56e-10	57.0
g2954.t1	VFG031633(gb|YP_007956905)	31.481	162	99	5	50	207	19	172	3.77e-10	56.6
g2954.t1	VFG027068(gb|WP_003400144)	30.723	166	101	3	30	193	20	173	3.96e-10	57.0
g2954.t1	VFG015239(gb|WP_011103538)	27.517	149	107	1	55	203	31	178	5.82e-10	56.2
g2954.t1	VFG009770(gb|WP_038438792)	30.120	166	102	3	30	193	10	163	6.75e-10	56.2
g2954.t1	VFG031622(gb|WP_015289247)	30.539	167	96	4	49	207	18	172	8.09e-10	55.8
g2954.t1	VFG027015(gb|WP_041924368)	31.176	170	99	7	41	202	79	238	8.65e-10	56.6
g2954.t1	VFG009769(gb|WP_023641644)	30.120	166	102	3	30	193	10	163	9.39e-10	55.8
g2954.t1	VFG009774(gb|WP_011742517)	30.556	180	109	5	30	206	17	183	9.58e-10	55.8
g2954.t1	VFG022892(gb|WP_041180197)	30.303	165	101	3	31	193	11	163	9.77e-10	55.8
g2954.t1	VFG031619(gb|WP_016342497)	27.885	208	124	6	4	207	11	196	1.03e-09	55.8
g2954.t1	VFG027083(gb|WP_015310215)	30.233	172	111	3	30	201	10	172	1.23e-09	55.5
g2954.t1	VFG031623(gb|WP_015292393)	31.288	163	100	5	49	207	18	172	1.23e-09	55.5
g2954.t1	VFG031606(gb|YP_001702898)	29.448	163	100	4	49	207	4	155	1.28e-09	55.1
g2954.t1	VFG022881(gb|WP_193374447)	31.792	173	106	6	41	207	33	199	1.31e-09	55.8
g2954.t1	VFG027059(gb|WP_005064565)	30.952	168	107	2	25	192	7	165	1.57e-09	55.5
g2954.t1	VFG022890(gb|YP_001705660)	30.952	168	107	2	25	192	7	165	2.93e-09	54.7
g2954.t1	VFG009772(gb|WP_003874356)	31.461	178	108	3	30	205	12	177	3.52e-09	54.3
g2954.t1	VFG031614(gb|WP_026071196)	28.916	166	106	5	46	207	19	176	4.41e-09	53.9
g2954.t1	VFG000162(gb|NP_251116)	29.480	173	112	6	39	207	8	174	4.97e-09	53.9
g2954.t1	VFG009776(gb|WP_011891745)	29.070	172	113	2	30	201	16	178	9.61e-09	53.1
g2954.t1	VFG041504(gb|WP_004155352)	24.841	157	115	2	46	202	24	177	1.31e-08	52.4
g2954.t1	VFG016076(gb|WP_003156700)	29.480	173	112	6	39	207	8	174	1.55e-08	52.4
g2954.t1	VFG024153(gb|WP_008262466)	29.775	178	111	3	30	205	12	177	1.96e-08	52.4
g2954.t1	VFG037481(gb|WP_014538316)	29.167	120	84	1	49	168	11	129	1.98e-08	52.0
g2954.t1	VFG027081(gb|WP_020824034)	30.337	178	110	3	30	205	12	177	2.00e-08	52.4
g2954.t1	VFG024152(gb|WP_014943205)	29.775	178	111	3	30	205	12	177	2.16e-08	52.0
g2954.t1	VFG037482(gb|WP_004748062)	29.167	120	84	1	49	168	11	129	2.34e-08	51.6
g2954.t1	VFG024155(gb|WP_009957433)	29.775	178	111	3	30	205	12	177	3.02e-08	51.6
g2954.t1	VFG024154(gb|WP_014383555)	29.775	178	111	3	30	205	12	177	3.11e-08	51.6
g2954.t1	VFG016084(gb|WP_011062465)	31.452	124	77	4	53	172	21	140	3.15e-08	51.6
g2954.t1	VFG022895(gb|WP_013831256)	32.418	182	107	5	30	208	7	175	3.36e-08	51.6
g2954.t1	VFG027074(gb|YP_007959872)	31.429	140	82	3	30	167	10	137	4.12e-08	51.6
g2954.t1	VFG009767(gb|NP_218428)	31.429	140	82	3	30	167	20	147	5.10e-08	51.2
g2954.t1	VFG016080(gb|WP_002552913)	31.667	120	74	4	57	172	25	140	5.92e-08	50.8
g2954.t1	VFG037483(gb|WP_002036559)	28.333	120	85	1	49	168	11	129	7.46e-08	50.4
g2954.t1	VFG016078(gb|WP_007246342)	31.667	120	74	4	57	172	25	140	8.11e-08	50.4
g2954.t1	VFG031590(gb|NP_217931)	27.119	177	119	4	32	202	30	202	1.05e-07	50.4
g2954.t1	VFG016079(gb|WP_003319375)	31.667	120	74	4	57	172	25	140	1.08e-07	50.1
g2954.t1	VFG016083(gb|WP_011533064)	29.927	137	87	5	40	172	9	140	1.15e-07	49.7
g2954.t1	VFG022888(gb|WP_193374473)	28.877	187	114	7	30	207	21	197	1.88e-07	49.7
g2954.t1	VFG009762(gb|WP_085978071)	28.641	206	122	9	15	206	4	198	2.67e-07	49.3
g2954.t1	VFG009778(gb|WP_011857610)	28.488	172	114	2	30	201	10	172	3.11e-07	49.3
g2954.t1	VFG015829(gb|WP_012315396)	29.927	137	87	5	40	172	9	140	3.78e-07	48.5
g2954.t1	VFG024146(gb|WP_008259701)	28.708	209	123	9	11	207	7	201	4.07e-07	48.9
g2954.t1	VFG020081(gb|WP_005789991)	29.839	124	79	4	53	172	21	140	4.47e-07	48.1
g2954.t1	VFG009763(gb|WP_105386987)	30.822	146	88	6	71	206	56	198	5.38e-07	48.5
g2954.t1	VFG009779(gb|WP_011562771)	27.907	172	115	2	30	201	10	172	7.36e-07	48.1
g2954.t1	VFG031611(gb|WP_013828702)	28.235	170	108	3	42	207	5	164	7.37e-07	47.4
g2954.t1	VFG009760(gb|WP_011740503)	31.293	147	88	6	71	207	54	197	7.45e-07	48.1
g2954.t1	VFG022882(gb|WP_161628269)	31.293	147	88	6	71	207	54	197	8.77e-07	47.8
g2954.t1	VFG009761(gb|WP_003893296)	31.507	146	87	6	71	206	51	193	9.13e-07	47.8
g2954.t1	VFG037486(gb|WP_134815916)	27.500	120	86	1	49	168	11	129	1.02e-06	47.0
g2954.t1	VFG009764(gb|WP_011558790)	29.452	146	92	5	71	207	75	218	1.10e-06	47.8
g2954.t1	VFG015828(gb|WP_012273397)	28.986	138	87	7	40	172	9	140	1.23e-06	47.0
g2954.t1	VFG009765(gb|WP_167535197)	29.452	146	92	5	71	207	47	190	1.38e-06	47.0
g2954.t1	VFG016085(gb|WP_011335256)	30.645	124	78	4	53	172	21	140	1.41e-06	47.0
g2954.t1	VFG016082(gb|WP_003254275)	29.710	138	86	7	40	172	9	140	2.13e-06	46.2
g2954.t1	VFG027058(gb|WP_198345055)	33.065	124	70	6	94	207	77	197	2.65e-06	46.6
g2954.t1	VFG009759(gb|WP_162151408)	29.452	146	92	5	71	207	56	199	2.83e-06	46.2
g2954.t1	VFG009758(gb|WP_003878913)	29.452	146	92	5	71	207	56	199	2.89e-06	46.2
g2954.t1	VFG009777(gb|WP_011783161)	29.651	172	112	2	30	201	17	179	4.14e-06	45.4
g3351.t1	VFG014918(gb|WP_003282114)	33.152	184	110	4	6	187	7	179	1.41e-20	84.7
g3351.t1	VFG014917(gb|WP_003245473)	32.292	192	117	5	6	195	7	187	4.41e-19	80.9
g3351.t1	VFG014915(gb|WP_007930230)	31.522	184	113	4	6	187	7	179	2.48e-18	79.0
g3351.t1	VFG014916(gb|WP_003172477)	31.522	184	113	4	6	187	7	179	2.56e-18	79.0
g3351.t1	VFG014914(gb|WP_011535354)	31.522	184	113	4	6	187	7	179	4.95e-18	78.2
g3351.t1	VFG014912(gb|WP_003252049)	31.522	184	113	4	6	187	7	179	5.06e-18	78.2
g3351.t1	VFG000121(gb|NP_249453)	31.522	184	113	4	6	187	7	179	6.57e-18	77.8
g3351.t1	VFG014910(gb|WP_002554912)	32.609	184	111	5	6	187	7	179	1.41e-17	77.0
g3351.t1	VFG014909(gb|WP_003378493)	32.609	184	111	5	6	187	7	179	4.53e-17	75.5
g3351.t1	VFG009775(gb|WP_011731635)	26.768	198	121	5	5	198	14	191	3.33e-09	54.3
g3351.t1	VFG027083(gb|WP_015310215)	27.041	196	116	5	5	198	10	180	1.92e-08	52.0
g3351.t1	VFG024146(gb|WP_008259701)	27.895	190	116	6	2	187	20	192	6.27e-08	50.8
g3351.t1	VFG001392(gb|NP_215737)	26.374	182	115	5	23	203	86	249	1.29e-07	50.4
g3351.t1	VFG027058(gb|WP_198345055)	27.027	185	116	5	5	187	21	188	2.13e-07	49.3
g3351.t1	VFG009745(gb|WP_041323761)	26.627	169	105	5	20	187	81	231	2.49e-07	49.7
g3351.t1	VFG022880(gb|WP_010908113)	26.627	169	105	5	20	187	87	237	2.76e-07	49.3
g3351.t1	VFG009763(gb|WP_105386987)	26.486	185	117	5	5	187	23	190	2.84e-07	48.9
g3351.t1	VFG009759(gb|WP_162151408)	26.486	185	117	5	5	187	23	190	3.33e-07	48.9
g3351.t1	VFG009758(gb|WP_003878913)	26.486	185	117	5	5	187	23	190	3.43e-07	48.9
g3351.t1	VFG011072(gb|WP_003809919)	26.012	173	111	3	16	187	28	184	3.65e-07	48.5
g3351.t1	VFG022895(gb|WP_013831256)	36.047	86	54	1	5	89	7	92	4.08e-07	48.5
g3351.t1	VFG009743(gb|WP_003875522)	26.506	166	103	5	23	187	83	230	1.08e-06	47.8
g3351.t1	VFG024142(gb|WP_014382013)	26.036	169	106	5	20	187	80	230	1.25e-06	47.4
g3351.t1	VFG009762(gb|WP_085978071)	25.946	185	118	5	5	187	23	190	1.32e-06	47.0
g3351.t1	VFG024140(gb|WP_014384063)	26.506	166	103	5	23	187	83	230	1.35e-06	47.4
g3351.t1	VFG024141(gb|WP_036428615)	26.506	166	103	5	23	187	83	230	1.42e-06	47.4
g3351.t1	VFG024144(gb|WP_014379464)	26.506	166	103	5	23	187	83	230	1.47e-06	47.4
g3351.t1	VFG024139(gb|WP_013471130)	26.506	166	103	5	23	187	103	250	1.99e-06	47.0
g3351.t1	VFG009749(gb|WP_011781649)	25.556	180	115	5	23	201	99	260	2.51e-06	46.6
g3351.t1	VFG027033(gb|WP_015308655)	26.506	166	103	5	23	187	86	233	3.23e-06	46.2
g3351.t1	VFG009778(gb|WP_011857610)	26.500	200	116	5	5	200	10	182	3.46e-06	45.8
g3351.t1	VFG009748(gb|WP_011893086)	26.506	166	103	5	23	187	112	259	3.80e-06	46.2
g3351.t1	VFG022883(gb|YP_001704273)	27.083	144	93	4	46	187	75	208	3.91e-06	45.8
g3351.t1	VFG009764(gb|WP_011558790)	26.486	185	117	5	5	187	42	209	4.06e-06	45.8
g3351.t1	VFG027034(gb|WP_005070157)	26.531	147	96	4	43	187	46	182	4.07e-06	45.8
g3351.t1	VFG009765(gb|WP_167535197)	26.486	185	117	5	5	187	14	181	4.93e-06	45.4
g3351.t1	VFG027024(gb|YP_007957357)	26.582	158	98	4	46	203	110	249	5.06e-06	45.8
g3351.t1	VFG009750(gb|WP_011856415)	25.904	166	104	5	23	187	88	235	7.98e-06	45.1
g3351.t1	VFG009751(gb|WP_011561373)	25.904	166	104	5	23	187	95	242	8.83e-06	45.1
g3351.t1	VFG022888(gb|WP_193374473)	25.946	185	118	5	5	187	21	188	9.10e-06	44.7
g2463.t1	VFG000121(gb|NP_249453)	65.445	191	65	1	1	190	1	191	7.54e-90	261
g2463.t1	VFG014918(gb|WP_003282114)	64.921	191	66	1	1	190	1	191	6.96e-89	258
g2463.t1	VFG014915(gb|WP_007930230)	62.827	191	70	1	1	190	1	191	1.88e-87	255
g2463.t1	VFG014916(gb|WP_003172477)	62.827	191	70	1	1	190	1	191	2.05e-87	254
g2463.t1	VFG014909(gb|WP_003378493)	63.351	191	69	1	1	190	1	191	3.75e-87	254
g2463.t1	VFG014914(gb|WP_011535354)	62.827	191	70	1	1	190	1	191	3.96e-87	254
g2463.t1	VFG014912(gb|WP_003252049)	62.827	191	70	1	1	190	1	191	4.00e-87	254
g2463.t1	VFG014910(gb|WP_002554912)	63.351	191	69	1	1	190	1	191	6.99e-87	253
g2463.t1	VFG014917(gb|WP_003245473)	62.304	191	71	1	1	190	1	191	1.00e-86	253
g2463.t1	VFG011072(gb|WP_003809919)	34.682	173	98	4	14	181	25	187	1.68e-26	100
g2463.t1	VFG009765(gb|WP_167535197)	35.862	145	81	3	44	181	45	184	1.61e-22	90.1
g2463.t1	VFG009758(gb|WP_003878913)	36.620	142	78	3	44	178	54	190	2.75e-22	89.7
g2463.t1	VFG009759(gb|WP_162151408)	36.620	142	78	3	44	178	54	190	2.81e-22	89.7
g2463.t1	VFG024146(gb|WP_008259701)	36.879	141	77	3	45	178	57	192	4.06e-22	89.4
g2463.t1	VFG009764(gb|WP_011558790)	35.862	145	81	3	44	181	73	212	5.72e-22	89.4
g2463.t1	VFG022884(gb|WP_003910720)	36.879	141	77	3	45	178	53	188	9.26e-22	88.2
g2463.t1	VFG022882(gb|WP_161628269)	35.915	142	79	2	44	178	52	188	1.04e-21	88.2
g2463.t1	VFG009760(gb|WP_011740503)	35.915	142	79	2	44	178	52	188	1.19e-21	87.8
g2463.t1	VFG022888(gb|WP_193374473)	36.170	141	78	2	45	178	53	188	1.34e-21	87.8
g2463.t1	VFG009762(gb|WP_085978071)	36.620	142	78	3	44	178	54	190	1.61e-21	87.4
g2463.t1	VFG027049(gb|YP_007959217)	34.416	154	89	3	45	191	53	201	1.65e-21	87.4
g2463.t1	VFG027058(gb|WP_198345055)	36.620	142	78	3	44	178	52	188	2.80e-21	87.0
g2463.t1	VFG022885(gb|WP_014001626)	36.170	141	78	3	45	178	53	188	4.09e-21	86.3
g2463.t1	VFG027052(gb|YP_005361776)	36.170	141	78	3	45	178	53	188	4.13e-21	86.3
g2463.t1	VFG001412(gb|NP_217739)	36.170	141	78	3	45	178	53	188	4.36e-21	86.3
g2463.t1	VFG027034(gb|WP_005070157)	34.286	175	99	5	11	178	17	182	4.62e-21	86.3
g2463.t1	VFG022883(gb|YP_001704273)	34.286	175	99	5	11	178	43	208	7.42e-21	86.3
g2463.t1	VFG009763(gb|WP_105386987)	35.211	142	80	4	44	178	54	190	1.11e-20	85.5
g2463.t1	VFG009761(gb|WP_003893296)	35.211	142	80	2	44	178	49	185	1.43e-20	85.1
g2463.t1	VFG027053(gb|YP_005924344)	35.461	141	79	3	44	177	91	226	2.06e-19	82.4
g2463.t1	VFG027015(gb|WP_041924368)	33.140	172	95	5	17	181	79	237	1.17e-18	80.9
g2463.t1	VFG022875(gb|YP_001702102)	33.140	172	97	5	17	181	79	239	1.22e-18	80.5
g2463.t1	VFG027009(gb|WP_005059659)	33.140	172	97	5	17	181	79	239	1.43e-18	80.5
g2463.t1	VFG027014(gb|WP_015356785)	32.184	174	96	6	17	181	73	233	5.71e-18	79.0
g2463.t1	VFG009750(gb|WP_011856415)	30.909	165	99	4	21	181	85	238	6.34e-18	78.6
g2463.t1	VFG009751(gb|WP_011561373)	31.737	167	95	5	21	181	92	245	1.02e-17	78.2
g2463.t1	VFG027033(gb|WP_015308655)	31.737	167	95	5	21	181	83	236	1.87e-17	77.4
g2463.t1	VFG009749(gb|WP_011781649)	30.102	196	109	6	3	181	65	249	3.53e-17	77.0
g2463.t1	VFG022874(gb|WP_012395788)	31.609	174	97	6	17	181	73	233	4.55e-17	76.3
g2463.t1	VFG009746(gb|WP_011742081)	31.609	174	97	6	17	181	73	233	4.69e-17	76.3
g2463.t1	VFG024140(gb|WP_014384063)	33.333	171	98	7	17	181	73	233	4.86e-17	76.3
g2463.t1	VFG024144(gb|WP_014379464)	33.333	171	98	7	17	181	73	233	5.12e-17	76.3
g2463.t1	VFG024141(gb|WP_036428615)	33.333	171	98	7	17	181	73	233	5.17e-17	76.3
g2463.t1	VFG024142(gb|WP_014382013)	33.333	171	98	7	17	181	73	233	5.23e-17	76.3
g2463.t1	VFG009743(gb|WP_003875522)	33.333	171	98	7	17	181	73	233	7.41e-17	75.9
g2463.t1	VFG009775(gb|WP_011731635)	32.184	174	104	5	17	186	25	188	1.01e-16	74.7
g2463.t1	VFG009748(gb|WP_011893086)	30.114	176	105	5	17	185	102	266	1.97e-16	75.1
g2463.t1	VFG024139(gb|WP_013471130)	31.609	174	97	6	17	181	93	253	2.14e-16	74.7
g2463.t1	VFG001392(gb|NP_215737)	30.814	172	100	5	16	181	78	236	2.63e-16	74.3
g2463.t1	VFG009745(gb|WP_041323761)	31.953	169	102	6	16	181	76	234	2.86e-16	74.3
g2463.t1	VFG022880(gb|WP_010908113)	31.953	169	102	6	16	181	82	240	2.90e-16	74.3
g2463.t1	VFG027024(gb|YP_007957357)	30.000	170	104	4	16	181	78	236	3.88e-16	73.9
g2463.t1	VFG041504(gb|WP_004155352)	33.099	142	85	3	45	185	48	180	4.33e-16	72.4
g2463.t1	VFG009779(gb|WP_011562771)	32.240	183	106	5	8	188	13	179	1.14e-15	72.0
g2463.t1	VFG042240(gb|AAG01453)	30.986	142	88	3	45	185	48	180	3.60e-15	70.1
g2463.t1	VFG009778(gb|WP_011857610)	31.148	183	108	5	8	188	13	179	5.43e-15	70.5
g2463.t1	VFG027083(gb|WP_015310215)	29.545	176	105	5	6	178	10	169	2.61e-14	67.8
g2463.t1	VFG022881(gb|WP_193374447)	29.697	165	101	4	21	181	40	193	6.39e-14	67.4
g2463.t1	VFG009772(gb|WP_003874356)	30.909	165	94	4	17	178	23	170	6.70e-14	67.0
g2463.t1	VFG015239(gb|WP_011103538)	30.189	159	97	5	34	188	35	183	1.06e-13	66.2
g2463.t1	VFG027081(gb|WP_020824034)	28.409	176	106	5	6	178	12	170	2.92e-13	65.1
g2463.t1	VFG009776(gb|WP_011891745)	31.250	176	102	5	6	178	16	175	3.68e-13	64.7
g2463.t1	VFG024153(gb|WP_008262466)	28.652	178	103	6	6	178	12	170	4.14e-13	64.7
g2463.t1	VFG024155(gb|WP_009957433)	29.341	167	94	6	17	178	23	170	4.87e-13	64.3
g2463.t1	VFG024152(gb|WP_014943205)	29.341	167	94	6	17	178	23	170	4.92e-13	64.3
g2463.t1	VFG024154(gb|WP_014383555)	28.652	178	103	6	6	178	12	170	5.40e-13	64.3
g2463.t1	VFG015241(gb|WP_004656240)	28.662	157	102	4	34	188	35	183	6.27e-13	63.9
g2463.t1	VFG015240(gb|WP_011266895)	28.662	157	102	4	34	188	35	183	9.27e-13	63.5
g2463.t1	VFG009768(gb|WP_003917992)	28.571	161	95	3	17	174	21	164	4.74e-12	61.6
g2463.t1	VFG027061(gb|WP_041179797)	28.571	161	95	3	17	174	21	164	4.89e-12	61.6
g2463.t1	VFG022892(gb|WP_041180197)	28.571	161	95	3	17	174	21	164	5.10e-12	61.6
g2463.t1	VFG009769(gb|WP_023641644)	28.571	161	95	3	17	174	21	164	5.59e-12	61.6
g2463.t1	VFG022889(gb|WP_012396973)	28.177	181	108	4	2	178	13	175	5.67e-12	61.6
g2463.t1	VFG027064(gb|WP_015357723)	28.177	181	108	4	2	178	13	175	6.16e-12	61.6
g2463.t1	VFG027063(gb|WP_041180696)	27.907	172	104	3	6	174	10	164	6.82e-12	61.2
g2463.t1	VFG027068(gb|WP_003400144)	27.326	172	105	3	6	174	20	174	8.92e-12	61.2
g2463.t1	VFG027060(gb|WP_041181350)	27.907	172	104	3	6	174	10	164	1.16e-11	60.8
g2463.t1	VFG009770(gb|WP_038438792)	27.950	161	96	3	17	174	21	164	1.63e-11	60.1
g2463.t1	VFG022895(gb|WP_013831256)	28.814	177	104	5	6	178	7	165	2.86e-10	57.0
g2463.t1	VFG009774(gb|WP_011742517)	27.624	181	109	4	2	178	13	175	3.11e-10	57.0
g2463.t1	VFG027074(gb|YP_007959872)	35.632	87	51	2	3	86	7	91	5.12e-09	53.5
g2463.t1	VFG009767(gb|NP_218428)	35.632	87	51	2	3	86	17	101	5.36e-09	53.9
g2463.t1	VFG027059(gb|WP_005064565)	26.562	128	80	2	45	172	52	165	5.79e-09	53.1
g2463.t1	VFG009777(gb|WP_011783161)	30.682	176	103	5	6	178	17	176	7.24e-09	53.1
g2463.t1	VFG022890(gb|YP_001705660)	26.562	128	80	2	45	172	52	165	1.21e-08	52.4
