g1702.t1	VFG049118(gb|WP_012737529)	26.724	232	166	3	3	230	11	242	1.69e-16	77.0
g1753.t1	VFG049118(gb|WP_012737529)	27.897	233	155	5	17	237	11	242	2.95e-14	70.5
g2938.t1	VFG049118(gb|WP_012737529)	26.549	226	146	5	4	210	18	242	3.12e-12	64.3
g159.t1	VFG049118(gb|WP_012737529)	24.701	251	173	6	35	277	23	265	2.27e-12	65.5
g240.t1	VFG049118(gb|WP_012737529)	23.171	246	184	3	6	251	24	264	1.14e-12	66.2
g1650.t1	VFG049118(gb|WP_012737529)	20.816	245	181	5	30	268	10	247	1.58e-06	48.5
g3578.t1	VFG049118(gb|WP_012737529)	25.714	245	180	1	16	258	24	268	7.54e-21	89.4
g482.t1	VFG049118(gb|WP_012737529)	85.874	269	38	0	1	269	1	269	7.18e-176	485
g1723.t1	VFG049118(gb|WP_012737529)	28.571	224	160	0	34	257	43	266	2.10e-27	106
g2137.t1	VFG049118(gb|WP_012737529)	27.273	253	176	3	9	256	23	272	2.98e-16	76.3
g3296.t1	VFG049118(gb|WP_012737529)	27.386	241	171	3	10	247	23	262	8.72e-24	96.7
g3426.t1	VFG049118(gb|WP_012737529)	30.588	255	166	3	12	262	20	267	8.24e-26	102
g3896.t1	VFG049118(gb|WP_012737529)	39.773	264	156	2	8	271	6	266	5.93e-67	209
