g1248.t1	VFG015005(gb|WP_011169295)	25.482	467	235	16	11	395	12	447	1.33e-20	93.2
g1248.t1	VFG015003(gb|WP_011103593)	25.268	467	236	17	11	395	12	447	1.14e-19	90.5
g1248.t1	VFG015009(gb|WP_011059531)	30.303	231	129	9	11	236	12	215	9.01e-19	87.8
g1248.t1	VFG015009(gb|WP_011059531)	29.200	250	146	10	149	395	226	447	2.27e-06	49.3
g1248.t1	VFG019925(gb|WP_012722600)	26.682	431	214	17	11	359	12	422	2.23e-17	83.6
g1248.t1	VFG015004(gb|WP_004406254)	28.740	254	147	9	11	257	12	238	1.91e-16	80.5
g1248.t1	VFG015007(gb|WP_012053542)	24.943	437	214	16	11	359	12	422	3.07e-16	80.1
g1248.t1	VFG015008(gb|WP_011535273)	24.476	429	226	14	11	359	12	422	4.04e-16	79.7
g1248.t1	VFG015010(gb|WP_011332688)	27.706	231	135	7	11	236	12	215	8.06e-16	78.6
g1248.t1	VFG015012(gb|WP_011912707)	29.004	231	132	11	11	236	12	215	2.95e-15	77.0
g1248.t1	VFG015775(gb|WP_012315895)	29.437	231	131	11	11	236	12	215	5.99e-15	76.3
g1248.t1	VFG015775(gb|WP_012315895)	30.047	213	117	8	156	359	233	422	1.28e-06	50.1
g1248.t1	VFG019924(gb|WP_012613725)	28.139	231	134	9	11	236	12	215	1.65e-14	74.7
g1248.t1	VFG015001(gb|WP_012074695)	28.139	231	134	9	11	236	12	215	1.87e-14	74.7
g1248.t1	VFG015000(gb|NP_252339)	28.139	231	134	9	11	236	12	215	1.96e-14	74.3
g1248.t1	VFG015002(gb|WP_003138017)	28.139	231	134	9	11	236	12	215	3.75e-14	73.6
g1248.t1	VFG015006(gb|WP_049587451)	28.139	231	134	11	11	236	12	215	1.07e-13	72.4
g1248.t1	VFG015006(gb|WP_049587451)	29.577	213	118	8	156	359	233	422	3.29e-07	52.0
g1248.t1	VFG015774(gb|WP_012270841)	27.706	231	135	10	11	236	12	215	1.41e-13	72.0
g1248.t1	VFG015774(gb|WP_012270841)	29.108	213	119	8	156	359	233	422	5.46e-06	48.1
g1248.t1	VFG015011(gb|WP_012019182)	36.842	95	56	3	11	103	12	104	5.21e-11	63.9
g2818.t1	VFG015775(gb|WP_012315895)	26.860	484	211	21	8	395	11	447	3.99e-19	88.6
g2818.t1	VFG015003(gb|WP_011103593)	30.252	238	124	13	8	236	11	215	8.14e-19	87.8
g2818.t1	VFG015003(gb|WP_011103593)	27.344	256	143	9	149	395	226	447	3.53e-08	55.1
g2818.t1	VFG015005(gb|WP_011169295)	34.078	179	84	8	8	180	11	161	1.04e-18	87.4
g2818.t1	VFG015005(gb|WP_011169295)	26.908	249	153	7	149	395	226	447	6.21e-08	54.3
g2818.t1	VFG019925(gb|WP_012722600)	34.031	191	107	9	8	184	11	196	1.88e-18	86.7
g2818.t1	VFG015004(gb|WP_004406254)	29.832	238	125	11	8	236	11	215	2.14e-18	86.7
g2818.t1	VFG015004(gb|WP_004406254)	26.908	249	153	7	149	395	226	447	1.01e-07	53.5
g2818.t1	VFG015009(gb|WP_011059531)	29.915	234	130	12	8	236	11	215	3.21e-18	85.9
g2818.t1	VFG015009(gb|WP_011059531)	29.880	251	143	10	149	395	226	447	4.60e-08	54.7
g2818.t1	VFG015001(gb|WP_012074695)	25.157	477	228	18	8	395	11	447	2.00e-17	83.6
g2818.t1	VFG015012(gb|WP_011912707)	31.780	236	123	12	8	236	11	215	3.56e-17	82.8
g2818.t1	VFG015012(gb|WP_011912707)	27.165	254	142	9	151	395	228	447	1.04e-06	50.4
g2818.t1	VFG015010(gb|WP_011332688)	28.826	281	159	15	1	270	4	254	6.06e-17	82.0
g2818.t1	VFG015010(gb|WP_011332688)	28.000	250	149	10	149	395	226	447	2.23e-06	49.3
g2818.t1	VFG015008(gb|WP_011535273)	28.094	299	171	14	8	297	11	274	5.16e-16	79.3
g2818.t1	VFG015008(gb|WP_011535273)	28.916	249	148	8	149	395	226	447	2.13e-08	55.8
g2818.t1	VFG019924(gb|WP_012613725)	29.787	235	129	12	8	236	11	215	1.26e-15	78.2
g2818.t1	VFG019924(gb|WP_012613725)	27.734	256	142	10	149	395	226	447	6.52e-06	48.1
g2818.t1	VFG015000(gb|NP_252339)	29.787	235	129	12	8	236	11	215	1.50e-15	77.8
g2818.t1	VFG015000(gb|NP_252339)	27.734	256	142	10	149	395	226	447	6.93e-06	47.8
g2818.t1	VFG015002(gb|WP_003138017)	29.787	235	129	12	8	236	11	215	3.01e-15	77.0
g2818.t1	VFG015002(gb|WP_003138017)	27.734	256	142	10	149	395	226	447	5.66e-06	48.1
g2818.t1	VFG015007(gb|WP_012053542)	29.461	241	122	12	8	236	11	215	3.88e-15	76.6
g2818.t1	VFG015007(gb|WP_012053542)	28.125	256	141	10	149	395	226	447	1.09e-08	56.6
g2818.t1	VFG015006(gb|WP_049587451)	32.057	209	99	11	8	204	11	188	4.77e-15	76.3
g2818.t1	VFG015006(gb|WP_049587451)	28.125	256	141	10	149	395	226	447	9.95e-09	57.0
g2818.t1	VFG015774(gb|WP_012270841)	35.664	143	69	7	8	141	11	139	2.26e-14	74.3
g2818.t1	VFG015774(gb|WP_012270841)	28.516	256	140	10	149	395	226	447	5.07e-08	54.7
g2818.t1	VFG015011(gb|WP_012019182)	41.000	100	49	5	8	103	11	104	1.06e-12	69.3
g2818.t1	VFG015011(gb|WP_012019182)	25.781	256	147	12	149	395	226	447	5.46e-06	48.1
g3721.t1	VFG015000(gb|NP_252339)	100.000	450	0	0	1	450	1	450	0.0	887
g3721.t1	VFG019924(gb|WP_012613725)	99.778	450	1	0	1	450	1	450	0.0	886
g3721.t1	VFG015002(gb|WP_003138017)	99.556	450	2	0	1	450	1	450	0.0	884
g3721.t1	VFG015001(gb|WP_012074695)	97.556	450	11	0	1	450	1	450	0.0	873
g3721.t1	VFG015010(gb|WP_011332688)	78.889	450	95	0	1	450	1	450	0.0	724
g3721.t1	VFG019925(gb|WP_012722600)	78.889	450	95	0	1	450	1	450	0.0	719
g3721.t1	VFG015008(gb|WP_011535273)	78.000	450	99	0	1	450	1	450	0.0	719
g3721.t1	VFG015007(gb|WP_012053542)	78.222	450	98	0	1	450	1	450	0.0	719
g3721.t1	VFG015775(gb|WP_012315895)	78.667	450	96	0	1	450	1	450	0.0	718
g3721.t1	VFG015006(gb|WP_049587451)	78.000	450	99	0	1	450	1	450	0.0	717
g3721.t1	VFG015774(gb|WP_012270841)	78.667	450	96	0	1	450	1	450	0.0	717
g3721.t1	VFG015009(gb|WP_011059531)	78.889	450	95	0	1	450	1	450	0.0	716
g3721.t1	VFG015003(gb|WP_011103593)	76.444	450	106	0	1	450	1	450	0.0	701
g3721.t1	VFG015012(gb|WP_011912707)	76.444	450	106	0	1	450	1	450	0.0	695
g3721.t1	VFG015004(gb|WP_004406254)	76.000	450	108	0	1	450	1	450	0.0	685
g3721.t1	VFG015005(gb|WP_011169295)	76.000	450	108	0	1	450	1	450	0.0	683
g3721.t1	VFG015011(gb|WP_012019182)	78.000	450	99	0	1	450	1	450	0.0	661
g3721.t1	VFG014995(gb|WP_011921011)	37.333	75	44	2	219	292	302	374	5.61e-07	51.2
g3721.t1	VFG014996(gb|WP_011912236)	38.667	75	43	2	219	292	305	377	1.04e-06	50.4
g3721.t1	VFG014994(gb|WP_011332484)	35.577	104	60	4	193	292	274	374	1.25e-06	50.4
g3721.t1	VFG015773(gb|WP_012312836)	33.654	104	62	4	193	292	274	374	2.03e-06	49.7
g3721.t1	VFG015772(gb|WP_012274088)	32.692	104	63	4	193	292	274	374	3.67e-06	48.9
g3721.t1	VFG014989(gb|WP_004656566)	32.692	104	63	4	193	292	274	374	5.70e-06	48.1
g3721.t1	VFG014988(gb|WP_003340656)	32.692	104	63	4	193	292	274	374	5.75e-06	48.1
g3721.t1	VFG014993(gb|WP_011059287)	34.615	104	61	4	193	292	274	374	7.01e-06	48.1
g3721.t1	VFG014991(gb|WP_003251794)	32.692	104	63	4	193	292	274	374	7.10e-06	48.1
g218.t1	VFG015003(gb|WP_011103593)	47.778	450	234	1	2	450	1	450	8.96e-141	410
g218.t1	VFG015004(gb|WP_004406254)	48.889	450	229	1	2	450	1	450	2.94e-139	406
g218.t1	VFG015005(gb|WP_011169295)	48.222	450	232	1	2	450	1	450	1.55e-138	405
g218.t1	VFG015009(gb|WP_011059531)	46.667	450	239	1	2	450	1	450	1.34e-136	400
g218.t1	VFG015000(gb|NP_252339)	46.889	450	238	1	2	450	1	450	5.56e-136	398
g218.t1	VFG015008(gb|WP_011535273)	46.000	450	242	1	2	450	1	450	7.71e-136	398
g218.t1	VFG015002(gb|WP_003138017)	46.889	450	238	1	2	450	1	450	9.17e-136	397
g218.t1	VFG015001(gb|WP_012074695)	46.667	450	239	1	2	450	1	450	1.65e-135	397
g218.t1	VFG019924(gb|WP_012613725)	46.667	450	239	1	2	450	1	450	1.90e-135	397
g218.t1	VFG015774(gb|WP_012270841)	45.778	450	243	1	2	450	1	450	2.58e-135	396
g218.t1	VFG019925(gb|WP_012722600)	46.444	450	240	1	2	450	1	450	8.89e-135	395
g218.t1	VFG015775(gb|WP_012315895)	46.000	450	242	1	2	450	1	450	9.09e-135	395
g218.t1	VFG015010(gb|WP_011332688)	46.444	450	240	1	2	450	1	450	7.09e-134	393
g218.t1	VFG015007(gb|WP_012053542)	45.111	450	246	1	2	450	1	450	8.26e-133	390
g218.t1	VFG015006(gb|WP_049587451)	45.111	450	246	1	2	450	1	450	1.08e-132	390
g218.t1	VFG015012(gb|WP_011912707)	45.333	450	245	1	2	450	1	450	1.91e-132	389
g218.t1	VFG015011(gb|WP_012019182)	48.000	450	233	1	2	450	1	450	6.85e-127	375
