g834.t1	VFG030636(gb|WP_010908120)	100.000	287	0	0	1	287	1	287	0.0	554
g834.t1	VFG030618(gb|WP_162618319)	99.635	274	1	0	14	287	1	274	0.0	528
g834.t1	VFG030616(gb|NP_215753)	89.416	274	29	0	14	287	1	274	1.04e-165	460
g834.t1	VFG030649(gb|WP_015289686)	89.416	274	29	0	14	287	1	274	1.31e-165	460
g834.t1	VFG030650(gb|WP_015292798)	89.416	274	29	0	14	287	1	274	3.59e-165	459
g834.t1	VFG030637(gb|WP_049785257)	86.738	279	37	0	9	287	5	283	9.87e-162	450
g834.t1	VFG030651(gb|WP_015356779)	86.738	279	37	0	9	287	5	283	4.05e-161	449
g834.t1	VFG030629(gb|WP_094987104)	84.588	279	43	0	9	287	5	283	4.44e-156	436
g834.t1	VFG030645(gb|WP_014379470)	84.892	278	42	0	10	287	2	279	1.16e-155	435
g834.t1	VFG030642(gb|WP_014711072)	84.892	278	42	0	10	287	2	279	1.45e-155	434
g834.t1	VFG030620(gb|WP_003875534)	83.273	275	46	0	13	287	5	279	2.58e-154	431
g834.t1	VFG030641(gb|WP_014941455)	84.532	278	43	0	10	287	2	279	2.75e-154	431
g834.t1	VFG030621(gb|WP_031351550)	82.909	275	47	0	13	287	5	279	4.46e-154	431
g834.t1	VFG030638(gb|WP_013828149)	84.502	271	42	0	17	287	5	275	8.51e-154	430
g834.t1	VFG030625(gb|WP_011856410)	82.182	275	49	0	13	287	4	278	3.76e-152	426
g834.t1	VFG030627(gb|WP_011561360)	82.182	275	49	0	13	287	4	278	4.68e-152	426
g834.t1	VFG030643(gb|WP_014382018)	85.252	278	41	0	10	287	2	279	2.43e-151	424
g834.t1	VFG030670(gb|WP_198345115)	81.387	274	51	0	14	287	1	274	4.51e-151	423
g834.t1	VFG030626(gb|WP_179967821)	82.353	272	48	0	16	287	3	274	9.72e-151	422
g834.t1	VFG030646(gb|WP_016342137)	76.364	275	65	0	13	287	3	277	2.29e-147	414
g834.t1	VFG030632(gb|YP_001702114)	76.000	275	66	0	13	287	3	277	1.17e-146	412
g834.t1	VFG030624(gb|WP_175048396)	79.044	272	57	0	16	287	3	274	2.71e-138	390
g834.t1	VFG030661(gb|YP_007957368)	89.593	221	23	0	37	257	1	221	7.67e-132	373
g834.t1	VFG030623(gb|WP_011894705)	55.678	273	119	1	17	287	3	275	5.61e-105	306
g834.t1	VFG030630(gb|WP_011779762)	55.678	273	119	1	17	287	3	275	8.31e-105	306
g1121.t1	VFG030623(gb|WP_011894705)	33.858	254	163	3	35	283	22	275	3.87e-39	137
g1121.t1	VFG030630(gb|WP_011779762)	33.858	254	163	3	35	283	22	275	5.55e-39	137
g1121.t1	VFG030670(gb|WP_198345115)	32.549	255	169	2	32	283	20	274	4.86e-33	122
g1121.t1	VFG030624(gb|WP_175048396)	32.157	255	170	2	32	283	20	274	5.28e-33	122
g1121.t1	VFG030646(gb|WP_016342137)	30.980	255	173	2	32	283	23	277	8.32e-32	119
g1121.t1	VFG030625(gb|WP_011856410)	31.373	255	172	2	32	283	24	278	8.32e-32	119
g1121.t1	VFG030632(gb|YP_001702114)	30.980	255	173	2	32	283	23	277	9.24e-32	118
g1121.t1	VFG030627(gb|WP_011561360)	31.373	255	172	2	32	283	24	278	1.09e-31	118
g1121.t1	VFG030626(gb|WP_179967821)	31.373	255	172	2	32	283	20	274	1.15e-31	118
g1121.t1	VFG030641(gb|WP_014941455)	32.549	255	169	2	32	283	25	279	1.31e-31	118
g1121.t1	VFG030645(gb|WP_014379470)	32.549	255	169	2	32	283	25	279	1.51e-31	118
g1121.t1	VFG030642(gb|WP_014711072)	32.549	255	169	2	32	283	25	279	1.74e-31	118
g1121.t1	VFG030637(gb|WP_049785257)	31.765	255	171	2	32	283	29	283	2.01e-31	117
g1121.t1	VFG030651(gb|WP_015356779)	31.765	255	171	2	32	283	29	283	2.06e-31	117
g1121.t1	VFG030643(gb|WP_014382018)	32.157	255	170	2	32	283	25	279	4.90e-31	116
g1121.t1	VFG030616(gb|NP_215753)	30.588	255	174	2	32	283	20	274	2.30e-30	115
g1121.t1	VFG030650(gb|WP_015292798)	30.588	255	174	2	32	283	20	274	2.58e-30	114
g1121.t1	VFG030620(gb|WP_003875534)	31.636	275	181	3	12	283	9	279	4.01e-30	114
g1121.t1	VFG030621(gb|WP_031351550)	31.636	275	181	3	12	283	9	279	4.79e-30	114
g1121.t1	VFG030638(gb|WP_013828149)	31.227	269	173	3	18	283	16	275	5.31e-30	114
g1121.t1	VFG030649(gb|WP_015289686)	30.196	255	175	2	32	283	20	274	8.68e-30	113
g1121.t1	VFG030636(gb|WP_010908120)	29.617	287	198	3	1	283	1	287	1.21e-28	110
g1121.t1	VFG030618(gb|WP_162618319)	30.370	270	185	2	17	283	5	274	2.18e-28	109
g1121.t1	VFG030629(gb|WP_094987104)	30.588	255	174	2	32	283	29	283	6.19e-28	108
g1121.t1	VFG030661(gb|YP_007957368)	32.418	182	122	1	36	216	1	182	5.09e-24	97.1
g1409.t1	VFG030623(gb|WP_011894705)	27.755	245	173	3	28	268	30	274	2.16e-24	98.6
g1409.t1	VFG030630(gb|WP_011779762)	27.347	245	174	3	28	268	30	274	2.83e-24	98.2
g1409.t1	VFG030646(gb|WP_016342137)	29.130	230	159	3	43	268	47	276	2.08e-22	93.2
g1409.t1	VFG030632(gb|YP_001702114)	29.130	230	159	3	43	268	47	276	2.26e-22	93.2
g1409.t1	VFG030637(gb|WP_049785257)	31.489	235	147	5	43	268	53	282	1.52e-21	91.3
g1409.t1	VFG030651(gb|WP_015356779)	31.489	235	147	5	43	268	53	282	1.62e-21	90.9
g1409.t1	VFG030643(gb|WP_014382018)	29.130	230	159	3	43	268	49	278	4.69e-21	89.7
g1409.t1	VFG030641(gb|WP_014941455)	29.130	230	159	3	43	268	49	278	9.76e-21	89.0
g1409.t1	VFG030642(gb|WP_014711072)	29.130	230	159	3	43	268	49	278	1.34e-20	88.6
g1409.t1	VFG030645(gb|WP_014379470)	29.130	230	159	3	43	268	49	278	1.36e-20	88.6
g1409.t1	VFG030649(gb|WP_015289686)	28.696	230	160	3	43	268	44	273	1.47e-20	88.2
g1409.t1	VFG030650(gb|WP_015292798)	29.185	233	155	4	43	268	44	273	1.95e-20	87.8
g1409.t1	VFG030616(gb|NP_215753)	29.185	233	155	4	43	268	44	273	2.93e-20	87.4
g1409.t1	VFG030670(gb|WP_198345115)	29.185	233	155	4	43	268	44	273	5.39e-20	86.7
g1409.t1	VFG030624(gb|WP_175048396)	28.261	230	161	3	43	268	44	273	1.59e-19	85.5
g1409.t1	VFG030629(gb|WP_094987104)	30.213	235	150	5	43	268	53	282	6.79e-19	84.0
g1409.t1	VFG030620(gb|WP_003875534)	29.787	235	151	5	43	268	49	278	8.26e-19	83.6
g1409.t1	VFG030626(gb|WP_179967821)	28.085	235	155	4	43	268	44	273	1.02e-18	83.2
g1409.t1	VFG030621(gb|WP_031351550)	29.787	235	151	5	43	268	49	278	1.15e-18	83.2
g1409.t1	VFG030625(gb|WP_011856410)	28.085	235	155	4	43	268	48	277	1.49e-18	82.8
g1409.t1	VFG030627(gb|WP_011561360)	28.085	235	155	4	43	268	48	277	1.61e-18	82.8
g1409.t1	VFG030618(gb|WP_162618319)	29.614	233	154	4	43	268	44	273	2.60e-18	82.0
g1409.t1	VFG030636(gb|WP_010908120)	29.614	233	154	4	43	268	57	286	3.64e-18	82.0
g1409.t1	VFG030638(gb|WP_013828149)	29.060	234	154	5	43	268	45	274	4.81e-18	81.3
g1409.t1	VFG030661(gb|YP_007957368)	30.909	165	106	3	43	202	21	182	9.16e-17	77.0
g1226.t1	VFG030616(gb|NP_215753)	99.612	258	1	0	1	258	17	274	7.03e-180	494
g1226.t1	VFG030650(gb|WP_015292798)	99.225	258	2	0	1	258	17	274	4.74e-179	493
g1226.t1	VFG030649(gb|WP_015289686)	98.450	258	4	0	1	258	17	274	1.53e-178	491
g1226.t1	VFG030638(gb|WP_013828149)	92.188	256	20	0	3	258	20	275	4.81e-161	447
g1226.t1	VFG030637(gb|WP_049785257)	92.578	256	19	0	3	258	28	283	4.32e-160	445
g1226.t1	VFG030651(gb|WP_015356779)	92.188	256	20	0	3	258	28	283	2.44e-159	443
g1226.t1	VFG030625(gb|WP_011856410)	90.234	256	25	0	3	258	23	278	3.19e-157	437
g1226.t1	VFG030626(gb|WP_179967821)	90.234	256	25	0	3	258	19	274	3.84e-157	437
g1226.t1	VFG030627(gb|WP_011561360)	90.234	256	25	0	3	258	23	278	4.10e-157	437
g1226.t1	VFG030618(gb|WP_162618319)	90.698	258	24	0	1	258	17	274	6.15e-157	437
g1226.t1	VFG030636(gb|WP_010908120)	90.698	258	24	0	1	258	30	287	7.13e-157	437
g1226.t1	VFG030645(gb|WP_014379470)	90.234	256	25	0	3	258	24	279	1.03e-156	436
g1226.t1	VFG030642(gb|WP_014711072)	90.234	256	25	0	3	258	24	279	1.08e-156	436
g1226.t1	VFG030620(gb|WP_003875534)	90.234	256	25	0	3	258	24	279	3.45e-156	435
g1226.t1	VFG030621(gb|WP_031351550)	89.844	256	26	0	3	258	24	279	6.88e-156	434
g1226.t1	VFG030643(gb|WP_014382018)	89.844	256	26	0	3	258	24	279	9.15e-156	434
g1226.t1	VFG030641(gb|WP_014941455)	89.844	256	26	0	3	258	24	279	3.19e-155	432
g1226.t1	VFG030632(gb|YP_001702114)	83.333	258	43	0	1	258	20	277	2.18e-154	430
g1226.t1	VFG030629(gb|WP_094987104)	90.234	256	25	0	3	258	28	283	2.30e-154	431
g1226.t1	VFG030646(gb|WP_016342137)	83.333	258	43	0	1	258	20	277	2.60e-154	430
g1226.t1	VFG030670(gb|WP_198345115)	88.281	256	30	0	3	258	19	274	4.00e-154	429
g1226.t1	VFG030661(gb|YP_007957368)	99.095	221	2	0	8	228	1	221	2.04e-153	426
g1226.t1	VFG030624(gb|WP_175048396)	87.109	256	33	0	3	258	19	274	2.01e-143	402
g1226.t1	VFG030623(gb|WP_011894705)	60.078	258	101	1	3	258	18	275	1.30e-110	319
g1226.t1	VFG030630(gb|WP_011779762)	60.078	258	101	1	3	258	18	275	3.43e-110	318
g1226.t1	VFG013568(gb|WP_005687630)	29.839	124	86	1	99	222	361	483	8.30e-07	49.7
g1226.t1	VFG000343(gb|WP_164927854)	29.839	124	86	1	99	222	361	483	1.16e-06	48.9
g2014.t1	VFG030623(gb|WP_011894705)	31.890	254	168	3	32	280	22	275	3.83e-35	127
g2014.t1	VFG030630(gb|WP_011779762)	31.102	254	170	3	32	280	22	275	8.11e-35	126
g2014.t1	VFG030643(gb|WP_014382018)	32.157	255	170	2	29	280	25	279	1.04e-31	118
g2014.t1	VFG030624(gb|WP_175048396)	29.804	255	176	2	29	280	20	274	2.22e-31	117
g2014.t1	VFG030641(gb|WP_014941455)	31.765	255	171	2	29	280	25	279	2.45e-31	117
g2014.t1	VFG030645(gb|WP_014379470)	31.765	255	171	2	29	280	25	279	3.02e-31	117
g2014.t1	VFG030642(gb|WP_014711072)	31.765	255	171	2	29	280	25	279	3.18e-31	117
g2014.t1	VFG030632(gb|YP_001702114)	29.412	255	177	2	29	280	23	277	3.39e-31	117
g2014.t1	VFG030646(gb|WP_016342137)	29.412	255	177	2	29	280	23	277	3.61e-31	117
g2014.t1	VFG030670(gb|WP_198345115)	30.588	255	174	2	29	280	20	274	4.17e-31	116
g2014.t1	VFG030651(gb|WP_015356779)	30.196	255	175	2	29	280	29	283	2.53e-30	115
g2014.t1	VFG030637(gb|WP_049785257)	30.196	255	175	2	29	280	29	283	2.90e-30	114
g2014.t1	VFG030649(gb|WP_015289686)	29.020	255	178	2	29	280	20	274	1.96e-29	112
g2014.t1	VFG030625(gb|WP_011856410)	28.627	255	179	2	29	280	24	278	2.05e-29	112
g2014.t1	VFG030627(gb|WP_011561360)	28.627	255	179	2	29	280	24	278	2.39e-29	112
g2014.t1	VFG030626(gb|WP_179967821)	28.627	255	179	2	29	280	20	274	2.39e-29	112
g2014.t1	VFG030620(gb|WP_003875534)	30.588	255	174	2	29	280	25	279	2.92e-29	112
g2014.t1	VFG030621(gb|WP_031351550)	30.588	255	174	2	29	280	25	279	3.78e-29	111
g2014.t1	VFG030638(gb|WP_013828149)	29.804	255	176	2	29	280	21	275	3.83e-29	111
g2014.t1	VFG030650(gb|WP_015292798)	28.627	255	179	2	29	280	20	274	9.10e-29	110
g2014.t1	VFG030616(gb|NP_215753)	28.627	255	179	2	29	280	20	274	9.49e-29	110
g2014.t1	VFG030618(gb|WP_162618319)	29.020	255	178	2	29	280	20	274	6.35e-27	105
g2014.t1	VFG030629(gb|WP_094987104)	29.020	255	178	2	29	280	29	283	6.47e-27	105
g2014.t1	VFG030636(gb|WP_010908120)	29.020	255	178	2	29	280	33	287	7.13e-27	105
g2014.t1	VFG030661(gb|YP_007957368)	31.868	182	123	1	33	213	1	182	2.69e-23	95.1
g2287.t1	VFG030623(gb|WP_011894705)	29.779	272	186	4	8	274	3	274	4.34e-29	111
g2287.t1	VFG030630(gb|WP_011779762)	29.779	272	186	4	8	274	3	274	6.00e-29	110
g2287.t1	VFG030632(gb|YP_001702114)	30.000	230	157	3	49	274	47	276	2.07e-23	96.3
g2287.t1	VFG030646(gb|WP_016342137)	30.000	230	157	3	49	274	47	276	2.13e-23	96.3
g2287.t1	VFG030651(gb|WP_015356779)	32.766	235	144	5	49	274	53	282	2.24e-22	93.6
g2287.t1	VFG030670(gb|WP_198345115)	31.330	233	150	4	49	274	44	273	2.46e-22	93.2
g2287.t1	VFG030637(gb|WP_049785257)	32.766	235	144	5	49	274	53	282	2.64e-22	93.2
g2287.t1	VFG030643(gb|WP_014382018)	30.870	230	155	3	49	274	49	278	3.49e-22	92.8
g2287.t1	VFG030641(gb|WP_014941455)	30.435	230	156	3	49	274	49	278	6.99e-22	92.0
g2287.t1	VFG030645(gb|WP_014379470)	30.435	230	156	3	49	274	49	278	1.11e-21	91.7
g2287.t1	VFG030650(gb|WP_015292798)	30.901	233	151	4	49	274	44	273	1.12e-21	91.3
g2287.t1	VFG030642(gb|WP_014711072)	30.435	230	156	3	49	274	49	278	1.18e-21	91.7
g2287.t1	VFG030616(gb|NP_215753)	30.901	233	151	4	49	274	44	273	1.38e-21	91.3
g2287.t1	VFG030649(gb|WP_015289686)	30.000	230	157	3	49	274	44	273	2.06e-21	90.9
g2287.t1	VFG030624(gb|WP_175048396)	30.435	230	156	3	49	274	44	273	2.12e-21	90.9
g2287.t1	VFG030626(gb|WP_179967821)	31.064	235	148	5	49	274	44	273	7.34e-21	89.4
g2287.t1	VFG030627(gb|WP_011561360)	31.064	235	148	5	49	274	48	277	9.88e-21	89.0
g2287.t1	VFG030625(gb|WP_011856410)	31.064	235	148	5	49	274	48	277	1.05e-20	89.0
g2287.t1	VFG030620(gb|WP_003875534)	31.915	235	146	5	49	274	49	278	1.43e-20	88.6
g2287.t1	VFG030621(gb|WP_031351550)	31.915	235	146	5	49	274	49	278	2.23e-20	88.2
g2287.t1	VFG030629(gb|WP_094987104)	31.489	235	147	5	49	274	53	282	1.15e-19	86.3
g2287.t1	VFG030618(gb|WP_162618319)	30.901	233	151	4	49	274	44	273	2.44e-19	85.1
g2287.t1	VFG030636(gb|WP_010908120)	30.901	233	151	4	49	274	57	286	3.71e-19	84.7
g2287.t1	VFG030638(gb|WP_013828149)	30.043	233	153	4	49	274	45	274	1.58e-18	82.8
g2287.t1	VFG030661(gb|YP_007957368)	32.727	165	103	3	49	208	21	182	9.14e-17	77.4
g2783.t1	VFG030630(gb|WP_011779762)	27.165	254	182	2	25	275	22	275	9.95e-28	107
g2783.t1	VFG030623(gb|WP_011894705)	27.165	254	182	2	25	275	22	275	5.14e-27	105
g2783.t1	VFG030632(gb|YP_001702114)	27.798	277	193	5	3	275	4	277	1.58e-23	96.7
g2783.t1	VFG030646(gb|WP_016342137)	27.798	277	193	5	3	275	4	277	1.70e-23	96.3
g2783.t1	VFG030616(gb|NP_215753)	27.444	266	178	6	20	275	14	274	4.65e-20	87.0
g2783.t1	VFG030650(gb|WP_015292798)	27.444	266	178	6	20	275	14	274	5.41e-20	87.0
g2783.t1	VFG030649(gb|WP_015289686)	27.068	266	179	6	20	275	14	274	2.83e-19	84.7
g2783.t1	VFG030643(gb|WP_014382018)	26.378	254	182	3	25	275	28	279	4.80e-19	84.3
g2783.t1	VFG030651(gb|WP_015356779)	26.786	224	161	2	55	275	60	283	4.92e-19	84.3
g2783.t1	VFG030618(gb|WP_162618319)	26.786	224	161	2	55	275	51	274	5.56e-19	84.0
g2783.t1	VFG030670(gb|WP_198345115)	25.475	263	191	3	16	275	14	274	5.62e-19	84.0
g2783.t1	VFG030637(gb|WP_049785257)	26.786	224	161	2	55	275	60	283	6.02e-19	84.3
g2783.t1	VFG030636(gb|WP_010908120)	26.786	224	161	2	55	275	64	287	9.03e-19	83.6
g2783.t1	VFG030641(gb|WP_014941455)	25.984	254	183	3	25	275	28	279	1.36e-18	83.2
g2783.t1	VFG030642(gb|WP_014711072)	25.984	254	183	3	25	275	28	279	1.39e-18	83.2
g2783.t1	VFG030645(gb|WP_014379470)	25.984	254	183	3	25	275	28	279	1.67e-18	82.8
g2783.t1	VFG030638(gb|WP_013828149)	26.070	257	179	6	25	275	24	275	1.71e-18	82.8
g2783.t1	VFG030625(gb|WP_011856410)	25.095	263	192	3	16	275	18	278	3.18e-18	82.0
g2783.t1	VFG030626(gb|WP_179967821)	25.095	263	192	3	16	275	14	274	4.67e-18	81.6
g2783.t1	VFG030627(gb|WP_011561360)	25.095	263	192	3	16	275	18	278	4.89e-18	81.6
g2783.t1	VFG030620(gb|WP_003875534)	26.378	254	182	3	25	275	28	279	6.37e-18	81.3
g2783.t1	VFG030621(gb|WP_031351550)	25.984	254	183	3	25	275	28	279	9.88e-18	80.9
g2783.t1	VFG030624(gb|WP_175048396)	25.112	223	164	2	56	275	52	274	2.61e-17	79.3
g2783.t1	VFG030629(gb|WP_094987104)	26.339	224	162	2	55	275	60	283	2.64e-16	76.6
g2783.t1	VFG030661(gb|YP_007957368)	28.481	158	105	3	55	207	28	182	3.27e-12	64.7
g2380.t1	VFG030630(gb|WP_011779762)	29.278	263	180	3	21	277	12	274	2.68e-33	122
g2380.t1	VFG030623(gb|WP_011894705)	28.897	263	181	3	21	277	12	274	8.26e-33	121
g2380.t1	VFG030618(gb|WP_162618319)	32.463	268	158	8	21	277	18	273	4.40e-28	108
g2380.t1	VFG030636(gb|WP_010908120)	32.463	268	158	8	21	277	31	286	5.46e-28	108
g2380.t1	VFG030632(gb|YP_001702114)	28.253	269	174	5	17	277	19	276	1.03e-25	102
g2380.t1	VFG030646(gb|WP_016342137)	28.253	269	174	5	17	277	19	276	1.05e-25	102
g2380.t1	VFG030616(gb|NP_215753)	31.159	276	167	8	13	277	10	273	3.36e-25	100
g2380.t1	VFG030650(gb|WP_015292798)	31.159	276	167	8	13	277	10	273	4.26e-25	100
g2380.t1	VFG030649(gb|WP_015289686)	31.159	276	167	8	13	277	10	273	5.03e-25	100
g2380.t1	VFG030651(gb|WP_015356779)	30.000	260	162	7	29	277	32	282	2.04e-24	99.0
g2380.t1	VFG030637(gb|WP_049785257)	30.000	260	162	7	29	277	32	282	2.38e-24	99.0
g2380.t1	VFG030627(gb|WP_011561360)	30.651	261	159	7	29	277	27	277	1.36e-23	96.7
g2380.t1	VFG030626(gb|WP_179967821)	30.651	261	159	7	29	277	23	273	1.52e-23	96.7
g2380.t1	VFG030625(gb|WP_011856410)	30.268	261	160	7	29	277	27	277	2.72e-23	95.9
g2380.t1	VFG030638(gb|WP_013828149)	30.000	230	148	3	56	277	50	274	5.29e-23	95.1
g2380.t1	VFG030670(gb|WP_198345115)	29.502	261	164	6	28	277	22	273	1.69e-22	93.6
g2380.t1	VFG030620(gb|WP_003875534)	29.804	255	169	5	29	277	28	278	2.35e-22	93.6
g2380.t1	VFG030621(gb|WP_031351550)	29.412	255	170	5	29	277	28	278	3.91e-22	92.8
g2380.t1	VFG030629(gb|WP_094987104)	29.130	230	150	5	56	277	58	282	1.49e-21	91.3
g2380.t1	VFG030624(gb|WP_175048396)	28.846	260	165	5	29	277	23	273	1.05e-20	89.0
g2380.t1	VFG030645(gb|WP_014379470)	27.778	288	187	8	1	277	1	278	1.70e-20	88.6
g2380.t1	VFG030642(gb|WP_014711072)	27.778	288	187	8	1	277	1	278	1.70e-20	88.6
g2380.t1	VFG030641(gb|WP_014941455)	27.778	288	187	8	1	277	1	278	5.37e-20	87.0
g2380.t1	VFG030643(gb|WP_014382018)	28.761	226	156	3	56	277	54	278	1.46e-19	85.9
g2380.t1	VFG030661(gb|YP_007957368)	30.380	158	108	2	56	212	26	182	1.43e-18	82.4
g3250.t1	VFG030630(gb|WP_011779762)	27.843	255	181	2	30	281	21	275	4.34e-22	92.8
g3250.t1	VFG030623(gb|WP_011894705)	27.843	255	181	2	30	281	21	275	7.01e-22	92.0
g3250.t1	VFG030638(gb|WP_013828149)	28.832	274	191	3	11	281	3	275	3.00e-20	87.8
g3250.t1	VFG030632(gb|YP_001702114)	25.984	254	187	1	29	281	24	277	7.22e-20	86.7
g3250.t1	VFG030646(gb|WP_016342137)	25.984	254	187	1	29	281	24	277	7.60e-20	86.7
g3250.t1	VFG030624(gb|WP_175048396)	27.059	255	183	2	29	281	21	274	2.07e-19	85.5
g3250.t1	VFG030651(gb|WP_015356779)	27.237	257	180	4	29	281	30	283	9.15e-19	84.0
g3250.t1	VFG030637(gb|WP_049785257)	27.237	257	180	4	29	281	30	283	9.71e-19	83.6
g3250.t1	VFG030625(gb|WP_011856410)	26.667	255	184	2	29	281	25	278	9.97e-18	80.9
g3250.t1	VFG030650(gb|WP_015292798)	27.059	255	183	2	29	281	21	274	1.06e-17	80.9
g3250.t1	VFG030670(gb|WP_198345115)	27.059	255	183	2	29	281	21	274	1.10e-17	80.5
g3250.t1	VFG030616(gb|NP_215753)	27.059	255	183	2	29	281	21	274	1.55e-17	80.1
g3250.t1	VFG030627(gb|WP_011561360)	26.275	255	185	2	29	281	25	278	1.69e-17	80.1
g3250.t1	VFG030626(gb|WP_179967821)	26.275	255	185	2	29	281	21	274	1.80e-17	80.1
g3250.t1	VFG030649(gb|WP_015289686)	27.451	255	182	2	29	281	21	274	1.84e-17	80.1
g3250.t1	VFG030618(gb|WP_162618319)	27.451	255	182	2	29	281	21	274	2.94e-17	79.3
g3250.t1	VFG030636(gb|WP_010908120)	27.451	255	182	3	29	281	34	287	3.83e-17	79.3
g3250.t1	VFG030643(gb|WP_014382018)	27.519	258	178	6	29	281	26	279	2.54e-15	73.9
g3250.t1	VFG030629(gb|WP_094987104)	25.969	258	182	4	29	281	30	283	3.39e-15	73.9
g3250.t1	VFG030645(gb|WP_014379470)	27.132	258	179	6	29	281	26	279	6.95e-15	72.8
g3250.t1	VFG030642(gb|WP_014711072)	27.132	258	179	6	29	281	26	279	7.51e-15	72.8
g3250.t1	VFG030641(gb|WP_014941455)	27.132	258	179	6	29	281	26	279	2.38e-14	71.2
g3250.t1	VFG030621(gb|WP_031351550)	26.846	298	171	10	11	281	2	279	3.68e-14	70.9
g3250.t1	VFG030620(gb|WP_003875534)	27.007	274	159	8	29	281	26	279	4.88e-14	70.5
g3250.t1	VFG030661(gb|YP_007957368)	26.857	175	128	0	39	213	8	182	1.28e-12	65.9
g3317.t1	VFG030623(gb|WP_011894705)	25.532	235	167	2	33	265	43	271	6.39e-19	84.0
g3317.t1	VFG030651(gb|WP_015356779)	24.786	234	168	2	34	265	52	279	1.21e-17	80.5
g3317.t1	VFG030650(gb|WP_015292798)	25.641	234	166	2	34	265	43	270	1.22e-17	80.1
g3317.t1	VFG030637(gb|WP_049785257)	24.786	234	168	2	34	265	52	279	1.35e-17	80.1
g3317.t1	VFG030616(gb|NP_215753)	25.641	234	166	2	34	265	43	270	1.58e-17	80.1
g3317.t1	VFG030630(gb|WP_011779762)	25.000	240	177	2	28	264	31	270	2.98e-17	79.3
g3317.t1	VFG030638(gb|WP_013828149)	24.786	234	168	2	34	265	44	271	3.20e-17	79.0
g3317.t1	VFG030649(gb|WP_015289686)	25.214	234	167	2	34	265	43	270	3.49e-17	79.0
g3317.t1	VFG030646(gb|WP_016342137)	25.296	253	164	6	20	265	39	273	4.01e-17	79.0
g3317.t1	VFG030632(gb|YP_001702114)	25.296	253	164	6	20	265	39	273	4.52e-17	78.6
g3317.t1	VFG030626(gb|WP_179967821)	26.068	234	165	3	34	265	43	270	5.80e-17	78.2
g3317.t1	VFG030627(gb|WP_011561360)	26.068	234	165	3	34	265	47	274	6.62e-17	78.2
g3317.t1	VFG030625(gb|WP_011856410)	25.641	234	166	3	34	265	47	274	9.75e-17	77.8
g3317.t1	VFG030621(gb|WP_031351550)	26.068	234	165	3	34	265	48	275	3.48e-16	76.3
g3317.t1	VFG030620(gb|WP_003875534)	26.068	234	165	3	34	265	48	275	3.48e-16	76.3
g3317.t1	VFG030643(gb|WP_014382018)	24.786	234	168	2	34	265	48	275	3.92e-16	76.3
g3317.t1	VFG030641(gb|WP_014941455)	24.359	234	169	2	34	265	48	275	9.65e-16	75.1
g3317.t1	VFG030642(gb|WP_014711072)	24.359	234	169	2	34	265	48	275	1.14e-15	74.7
g3317.t1	VFG030645(gb|WP_014379470)	24.359	234	169	2	34	265	48	275	1.16e-15	74.7
g3317.t1	VFG030624(gb|WP_175048396)	24.786	234	168	3	34	265	43	270	1.61e-15	74.3
g3317.t1	VFG030636(gb|WP_010908120)	25.214	234	167	2	34	265	56	283	3.61e-15	73.6
g3317.t1	VFG030618(gb|WP_162618319)	25.214	234	167	2	34	265	43	270	3.85e-15	73.2
g3317.t1	VFG030670(gb|WP_198345115)	23.932	234	170	2	34	265	43	270	5.32e-15	72.8
g3317.t1	VFG030629(gb|WP_094987104)	23.932	234	170	2	34	265	52	279	1.83e-14	71.6
g3317.t1	VFG030661(gb|YP_007957368)	26.036	169	117	2	34	200	20	182	1.93e-14	70.9
g3933.t1	VFG030651(gb|WP_015356779)	32.234	273	162	5	28	296	30	283	9.19e-31	116
g3933.t1	VFG030637(gb|WP_049785257)	32.234	273	162	5	28	296	30	283	1.24e-30	116
g3933.t1	VFG030670(gb|WP_198345115)	31.579	285	171	7	16	296	10	274	4.16e-30	114
g3933.t1	VFG030620(gb|WP_003875534)	34.657	277	150	7	28	296	26	279	9.78e-30	113
g3933.t1	VFG030621(gb|WP_031351550)	34.296	277	151	7	28	296	26	279	1.44e-29	113
g3933.t1	VFG030616(gb|NP_215753)	31.868	273	163	6	28	296	21	274	1.81e-29	112
g3933.t1	VFG030650(gb|WP_015292798)	31.868	273	163	6	28	296	21	274	1.94e-29	112
g3933.t1	VFG030649(gb|WP_015289686)	32.234	273	162	6	28	296	21	274	4.47e-29	112
g3933.t1	VFG030643(gb|WP_014382018)	33.453	278	152	8	28	296	26	279	2.53e-28	110
g3933.t1	VFG030641(gb|WP_014941455)	33.094	278	153	8	28	296	26	279	4.67e-28	109
g3933.t1	VFG030645(gb|WP_014379470)	33.094	278	153	8	28	296	26	279	7.07e-28	108
g3933.t1	VFG030642(gb|WP_014711072)	33.094	278	153	8	28	296	26	279	7.22e-28	108
g3933.t1	VFG030638(gb|WP_013828149)	31.010	287	172	7	14	296	11	275	1.20e-27	108
g3933.t1	VFG030625(gb|WP_011856410)	31.338	284	169	7	18	296	16	278	1.54e-27	107
g3933.t1	VFG030626(gb|WP_179967821)	31.338	284	169	7	18	296	12	274	1.68e-27	107
g3933.t1	VFG030627(gb|WP_011561360)	31.338	284	169	7	18	296	16	278	1.97e-27	107
g3933.t1	VFG030632(gb|YP_001702114)	30.403	273	167	5	28	296	24	277	3.02e-26	104
g3933.t1	VFG030618(gb|WP_162618319)	30.769	273	166	6	28	296	21	274	3.13e-26	104
g3933.t1	VFG030646(gb|WP_016342137)	30.403	273	167	5	28	296	24	277	3.35e-26	104
g3933.t1	VFG030636(gb|WP_010908120)	30.769	273	166	6	28	296	34	287	4.62e-26	103
g3933.t1	VFG030629(gb|WP_094987104)	30.403	273	167	5	28	296	30	283	4.66e-26	103
g3933.t1	VFG030630(gb|WP_011779762)	35.023	217	124	4	87	296	69	275	4.82e-26	103
g3933.t1	VFG030624(gb|WP_175048396)	31.136	273	165	6	28	296	21	274	6.64e-26	103
g3933.t1	VFG030623(gb|WP_011894705)	34.562	217	125	4	87	296	69	275	1.31e-25	102
g3933.t1	VFG030661(gb|YP_007957368)	33.702	181	100	4	47	226	18	179	7.85e-20	86.3
g3933.t1	VFG013568(gb|WP_005687630)	25.510	196	130	3	85	280	52	231	1.95e-06	48.9
