g122.t1	VFG038845(gb|WP_016351249)	48.790	248	121	4	4	247	5	250	1.18e-72	222
g122.t1	VFG013236(gb|WP_005693864)	44.490	245	130	3	4	244	5	247	1.75e-65	204
g122.t1	VFG013237(gb|WP_005663240)	44.490	245	130	3	4	244	5	247	3.62e-65	203
g122.t1	VFG013147(gb|WP_012341796)	44.400	250	131	3	4	247	5	252	6.01e-65	202
g122.t1	VFG013238(gb|WP_005687509)	44.490	245	130	3	4	244	5	247	6.66e-65	202
g122.t1	VFG013241(gb|WP_011608814)	44.400	250	131	3	4	247	5	252	7.23e-65	202
g122.t1	VFG013239(gb|WP_012054788)	44.082	245	131	3	4	244	5	247	4.21e-64	200
g122.t1	VFG013240(gb|WP_010944364)	44.715	246	132	4	4	247	5	248	2.56e-63	198
g122.t1	VFG050160(gb|WP_000030755)	43.265	245	125	6	4	247	6	237	5.71e-53	171
g122.t1	VFG011424(gb|WP_002971781)	40.408	245	126	7	5	243	10	240	4.64e-45	151
g122.t1	VFG011428(gb|WP_005977566)	40.408	245	126	7	5	243	10	240	4.74e-45	151
g122.t1	VFG011427(gb|WP_006133051)	39.184	245	129	6	5	243	10	240	2.13e-44	149
g122.t1	VFG052320(gb|WP_011180187.1)	36.800	250	137	7	4	247	7	241	4.31e-41	141
g122.t1	VFG052321(gb|WP_011179039.1)	38.800	250	132	9	4	247	7	241	4.51e-40	138
g122.t1	VFG052322(gb|WP_012230672.1)	36.800	250	137	9	4	247	7	241	6.15e-39	135
g122.t1	VFG052319(gb|WP_005767945.1)	38.057	247	132	8	4	244	7	238	7.86e-39	135
g122.t1	VFG001335(gb|WP_000802362)	33.333	105	62	3	5	103	6	108	9.13e-09	55.1
g122.t1	VFG037980(gb|WP_000580205)	28.148	135	91	2	5	133	10	144	9.92e-09	54.3
g122.t1	VFG005834(gb|WP_000802346)	33.333	105	62	3	5	103	6	108	1.38e-08	54.7
g122.t1	VFG037939(gb|WP_001175207)	27.215	158	102	4	1	146	1	157	2.63e-08	52.8
g122.t1	VFG037942(gb|WP_001175206)	27.215	158	102	4	1	146	1	157	3.28e-08	52.8
g122.t1	VFG038011(gb|WP_000580206)	27.407	135	92	2	5	133	10	144	2.14e-07	50.4
g122.t1	VFG038012(gb|YP_005796978)	27.407	135	92	2	5	133	10	144	2.18e-07	50.4
g122.t1	VFG006056(gb|YP_001200143)	27.320	194	115	7	5	178	7	194	5.08e-07	50.1
g122.t1	VFG006050(gb|YP_001197947)	27.320	194	115	7	5	178	7	194	5.62e-07	49.7
g122.t1	VFG050182(gb|WP_001971576)	36.066	61	39	0	5	65	10	70	6.94e-07	48.9
g122.t1	VFG001944(gb|YP_002344536)	35.484	62	40	0	5	66	321	382	7.51e-07	49.7
g3038.t1	VFG013147(gb|WP_012341796)	56.917	253	104	2	5	253	3	254	2.34e-98	287
g3038.t1	VFG013241(gb|WP_011608814)	56.522	253	105	2	5	253	3	254	3.08e-98	287
g3038.t1	VFG038845(gb|WP_016351249)	58.039	255	100	4	4	254	2	253	6.08e-95	279
g3038.t1	VFG013237(gb|WP_005663240)	53.755	253	114	2	4	254	2	253	2.90e-94	277
g3038.t1	VFG013236(gb|WP_005693864)	53.755	253	114	2	4	254	2	253	3.49e-94	277
g3038.t1	VFG013238(gb|WP_005687509)	53.968	252	113	2	4	253	2	252	4.03e-94	276
g3038.t1	VFG013239(gb|WP_012054788)	53.571	252	114	2	4	253	2	252	3.28e-93	274
g3038.t1	VFG013240(gb|WP_010944364)	53.815	249	114	1	5	253	3	250	3.14e-92	272
g3038.t1	VFG050160(gb|WP_000030755)	42.913	254	129	6	1	253	1	239	6.39e-57	182
g3038.t1	VFG011428(gb|WP_005977566)	43.701	254	122	7	2	249	4	242	4.34e-48	159
g3038.t1	VFG011424(gb|WP_002971781)	43.701	254	122	7	2	249	4	242	6.89e-48	159
g3038.t1	VFG011427(gb|WP_006133051)	43.307	254	123	7	2	249	4	242	2.05e-47	157
g3038.t1	VFG052322(gb|WP_012230672.1)	42.105	247	131	6	7	252	7	242	1.11e-46	155
g3038.t1	VFG052321(gb|WP_011179039.1)	42.460	252	125	7	7	253	7	243	2.10e-46	154
g3038.t1	VFG052320(gb|WP_011180187.1)	41.270	252	128	7	7	253	7	243	5.60e-46	153
g3038.t1	VFG052319(gb|WP_005767945.1)	39.382	259	135	7	1	253	1	243	2.44e-44	149
g3038.t1	VFG037980(gb|WP_000580205)	28.676	136	90	3	6	134	8	143	3.98e-08	52.4
g3038.t1	VFG038012(gb|YP_005796978)	30.882	136	87	3	6	134	8	143	5.87e-08	52.0
g3038.t1	VFG038011(gb|WP_000580206)	30.882	136	87	3	6	134	8	143	5.98e-08	52.0
g3038.t1	VFG050182(gb|WP_001971576)	25.899	139	91	4	3	131	5	141	8.18e-08	51.6
g3038.t1	VFG038844(gb|WP_011707835)	32.090	134	79	5	8	131	5	136	2.56e-06	47.0
g3038.t1	VFG037942(gb|WP_001175206)	36.735	98	58	3	8	104	5	99	4.33e-06	46.6
g921.t1	VFG038845(gb|WP_016351249)	69.478	249	72	1	1	245	1	249	1.64e-124	353
g921.t1	VFG013236(gb|WP_005693864)	63.855	249	86	1	1	245	1	249	1.15e-119	341
g921.t1	VFG013237(gb|WP_005663240)	63.855	249	86	1	1	245	1	249	5.26e-119	339
g921.t1	VFG013238(gb|WP_005687509)	64.257	249	83	2	1	244	1	248	1.81e-118	338
g921.t1	VFG013239(gb|WP_012054788)	62.903	248	88	1	1	244	1	248	1.84e-117	335
g921.t1	VFG013147(gb|WP_012341796)	62.948	251	87	1	1	245	1	251	4.16e-117	335
g921.t1	VFG013241(gb|WP_011608814)	62.550	251	88	1	1	245	1	251	5.53e-117	334
g921.t1	VFG013240(gb|WP_010944364)	60.163	246	96	2	1	244	1	246	2.84e-109	315
g921.t1	VFG011428(gb|WP_005977566)	44.622	251	119	5	1	244	5	242	2.07e-57	183
g921.t1	VFG011424(gb|WP_002971781)	44.622	251	119	5	1	244	5	242	2.31e-57	182
g921.t1	VFG011427(gb|WP_006133051)	44.223	251	120	5	1	244	5	242	8.57e-57	181
g921.t1	VFG050160(gb|WP_000030755)	44.715	246	122	6	4	247	5	238	4.30e-54	174
g921.t1	VFG052320(gb|WP_011180187.1)	42.510	247	123	5	4	244	6	239	1.09e-52	171
g921.t1	VFG052321(gb|WP_011179039.1)	42.231	251	118	6	4	244	6	239	1.98e-52	170
g921.t1	VFG052322(gb|WP_012230672.1)	41.700	247	125	5	4	244	6	239	6.63e-52	168
g921.t1	VFG052319(gb|WP_005767945.1)	40.891	247	127	5	4	244	6	239	9.25e-50	163
g921.t1	VFG006050(gb|YP_001197947)	29.221	154	98	3	4	152	5	152	1.07e-09	57.8
g921.t1	VFG006056(gb|YP_001200143)	29.221	154	98	3	4	152	5	152	1.11e-09	57.8
g921.t1	VFG018069(gb|WP_002866280)	26.994	163	106	6	1	151	1	162	1.04e-08	53.9
g921.t1	VFG017817(gb|WP_011989733)	27.692	130	82	4	1	120	1	128	1.49e-08	53.5
g921.t1	VFG012011(gb|WP_002869384)	25.309	162	110	5	1	151	1	162	2.06e-08	53.1
g921.t1	VFG038844(gb|WP_011707835)	27.215	158	105	3	4	155	3	156	5.30e-08	52.0
g921.t1	VFG012009(gb|YP_002344701)	24.691	162	111	5	1	151	1	162	9.71e-08	51.2
g921.t1	VFG012010(gb|WP_002790572)	24.074	162	112	5	1	151	1	162	1.20e-07	50.8
g921.t1	VFG001335(gb|WP_000802362)	27.389	157	99	4	4	153	4	152	4.47e-07	50.1
g921.t1	VFG037980(gb|WP_000580205)	38.028	71	43	1	6	75	10	80	4.59e-07	49.3
g921.t1	VFG045299(gb|WP_010946488)	37.500	72	44	1	1	71	1	72	1.50e-06	47.8
g921.t1	VFG005834(gb|WP_000802346)	28.800	125	80	3	4	121	4	126	2.36e-06	47.8
g921.t1	VFG050182(gb|WP_001971576)	33.333	75	49	1	2	75	6	80	3.45e-06	46.6
g921.t1	VFG038012(gb|YP_005796978)	36.620	71	44	1	6	75	10	80	8.61e-06	45.4
g921.t1	VFG038011(gb|WP_000580206)	36.620	71	44	1	6	75	10	80	8.85e-06	45.4
