g1195.t1	VFG030405(gb|WP_015303741)	26.465	495	333	14	70	558	27	496	2.54e-26	112
g1195.t1	VFG030419(gb|WP_015345152)	26.667	495	332	14	70	558	27	496	5.44e-26	111
g1195.t1	VFG030406(gb|WP_015291176)	26.869	495	331	14	70	558	27	496	5.74e-26	111
g1195.t1	VFG030388(gb|NP_217605)	26.465	495	333	14	70	558	27	496	6.65e-26	111
g1195.t1	VFG030411(gb|WP_015575278)	26.667	495	332	14	70	558	27	496	1.42e-25	110
g1195.t1	VFG030398(gb|WP_014001578)	26.465	495	333	13	70	558	27	496	1.56e-25	110
g1195.t1	VFG030407(gb|WP_015294168)	26.667	495	332	14	70	558	27	496	1.82e-25	110
g1195.t1	VFG030404(gb|WP_015288454)	26.465	495	333	14	70	558	27	496	2.30e-25	109
g1195.t1	VFG030400(gb|WP_081465621)	25.800	531	338	14	48	556	2	498	4.96e-25	108
g1195.t1	VFG030402(gb|WP_013470644)	23.518	506	350	14	66	560	22	501	4.04e-23	103
g1195.t1	VFG030387(gb|WP_015304695)	23.629	529	361	13	47	560	7	507	1.29e-21	98.6
g1195.t1	VFG016037(gb|WP_011062375)	24.037	545	343	17	45	555	510	1017	3.18e-21	99.0
g1195.t1	VFG016037(gb|WP_011062375)	24.613	581	350	19	8	549	1537	2068	8.74e-16	81.3
g1195.t1	VFG009489(gb|WP_011724535)	24.138	551	325	17	47	565	491	980	4.79e-20	95.1
g1195.t1	VFG009489(gb|WP_011724535)	27.684	177	119	5	48	221	1553	1723	1.69e-07	54.7
g1195.t1	VFG024002(gb|WP_008255566)	23.364	535	355	15	47	567	494	987	3.74e-19	92.0
g1195.t1	VFG024002(gb|WP_008255566)	27.528	178	118	4	48	221	1556	1726	6.28e-09	59.3
g1195.t1	VFG024004(gb|WP_014382296)	23.364	535	355	15	47	567	494	987	4.01e-19	92.0
g1195.t1	VFG024004(gb|WP_014382296)	30.645	186	102	5	48	221	1556	1726	5.06e-11	65.9
g1195.t1	VFG009491(gb|WP_011729886)	24.000	500	325	17	47	533	486	943	5.00e-19	91.7
g1195.t1	VFG024006(gb|WP_014379795)	23.364	535	355	15	47	567	494	987	6.08e-19	91.7
g1195.t1	VFG024006(gb|WP_014379795)	28.495	186	106	4	48	221	1556	1726	1.02e-09	61.6
g1195.t1	VFG030408(gb|WP_015355418)	25.859	495	334	14	72	557	29	499	8.07e-19	89.7
g1195.t1	VFG026573(gb|WP_020822197)	23.364	535	355	15	47	567	494	987	2.25e-18	89.7
g1195.t1	VFG026573(gb|WP_020822197)	29.032	186	105	4	48	221	1556	1726	5.45e-10	62.8
g1195.t1	VFG009494(gb|WP_011856106)	24.517	518	328	17	56	555	500	972	2.52e-18	89.4
g1195.t1	VFG029699(gb|WP_014385156)	25.520	529	341	17	39	549	1937	2430	2.55e-18	89.7
g1195.t1	VFG029699(gb|WP_014385156)	24.209	537	332	21	48	562	456	939	1.00e-13	74.7
g1195.t1	VFG029698(gb|WP_014382789)	25.235	531	343	17	39	549	1937	2433	3.31e-18	89.4
g1195.t1	VFG029698(gb|WP_014382789)	24.209	537	332	21	48	562	456	939	1.08e-13	74.7
g1195.t1	VFG030392(gb|WP_011725596)	24.615	520	320	14	58	563	46	507	4.52e-18	87.4
g1195.t1	VFG030399(gb|WP_012394321)	25.455	495	336	14	72	557	29	499	4.53e-18	87.4
g1195.t1	VFG029721(gb|WP_015304389)	26.679	521	327	20	48	549	1945	2429	5.90e-18	88.6
g1195.t1	VFG029721(gb|WP_015304389)	31.330	233	134	7	33	263	448	656	2.73e-13	73.6
g1195.t1	VFG029700(gb|WP_014380392)	25.376	532	341	17	39	549	1937	2433	6.27e-18	88.2
g1195.t1	VFG029700(gb|WP_014380392)	24.209	537	332	21	48	562	456	939	1.00e-13	74.7
g1195.t1	VFG026555(gb|WP_041179693)	24.345	534	341	17	52	565	493	983	7.23e-18	88.2
g1195.t1	VFG029696(gb|WP_014942395)	25.376	532	341	17	39	549	1937	2433	8.48e-18	87.8
g1195.t1	VFG029696(gb|WP_014942395)	24.209	537	332	21	48	562	456	939	1.12e-13	74.7
g1195.t1	VFG030391(gb|WP_003875182)	24.808	520	319	14	58	563	46	507	9.02e-18	86.7
g1195.t1	VFG050115(gb|WP_002081542)	22.954	562	352	23	44	574	1771	2282	2.86e-17	86.3
g1195.t1	VFG024001(gb|WP_013471370)	24.248	499	324	17	47	533	482	938	2.90e-17	86.3
g1195.t1	VFG009492(gb|WP_011893576)	24.248	499	324	17	47	533	482	938	3.18e-17	85.9
g1195.t1	VFG015822(gb|WP_190273339)	24.209	537	341	19	40	549	1071	1568	3.65e-17	85.9
g1195.t1	VFG015822(gb|WP_190273339)	29.885	174	113	2	48	221	39	203	2.52e-12	70.1
g1195.t1	VFG009493(gb|WP_083767360)	24.190	525	336	16	47	555	467	945	4.74e-17	85.5
g1195.t1	VFG009495(gb|WP_011560849)	24.023	512	326	17	62	555	506	972	4.98e-17	85.5
g1195.t1	VFG026556(gb|WP_041181197)	24.157	534	342	17	52	565	493	983	5.61e-17	85.1
g1195.t1	VFG029705(gb|WP_016893944)	24.717	530	349	18	39	549	1959	2457	8.94e-17	84.7
g1195.t1	VFG029705(gb|WP_016893944)	30.483	269	158	10	33	293	450	697	7.06e-15	78.6
g1195.t1	VFG029685(gb|WP_011725354)	27.307	531	329	21	39	549	1933	2426	1.76e-16	83.6
g1195.t1	VFG029685(gb|WP_011725354)	24.528	583	357	22	16	562	404	939	3.46e-15	79.7
g1195.t1	VFG029690(gb|YP_001704826)	24.717	530	349	18	39	549	1959	2457	1.94e-16	83.6
g1195.t1	VFG029690(gb|YP_001704826)	30.855	269	157	10	33	293	450	697	3.64e-15	79.3
g1195.t1	VFG026557(gb|WP_041180561)	23.596	534	344	16	52	565	493	982	2.27e-16	83.2
g1195.t1	VFG029731(gb|WP_016342994)	25.806	465	280	18	45	489	1535	1954	2.46e-16	83.2
g1195.t1	VFG029731(gb|WP_016342994)	25.046	547	347	21	39	567	32	533	3.50e-13	73.2
g1195.t1	VFG022709(gb|YP_001702857)	24.288	527	350	19	38	552	480	969	2.77e-16	82.8
g1195.t1	VFG022711(gb|WP_041180111)	23.596	534	344	16	52	565	493	982	2.82e-16	82.8
g1195.t1	VFG050114(gb|WP_000953496)	21.869	503	332	14	48	533	1832	2290	3.18e-16	82.8
g1195.t1	VFG029728(gb|WP_014382788)	23.956	551	329	18	39	560	1527	2016	3.82e-16	82.4
g1195.t1	VFG029728(gb|WP_014382788)	29.730	185	115	5	39	221	31	202	5.30e-12	69.3
g1195.t1	VFG016044(gb|WP_011534374)	24.545	550	302	24	52	549	517	1005	4.23e-16	82.4
g1195.t1	VFG016044(gb|WP_011534374)	23.222	478	330	18	66	533	1591	2041	1.42e-08	58.2
g1195.t1	VFG016044(gb|WP_011534374)	27.358	212	131	4	23	221	3043	3244	1.77e-07	54.7
g1195.t1	VFG029730(gb|WP_009953336)	23.956	551	329	18	39	560	1527	2016	4.42e-16	82.4
g1195.t1	VFG029730(gb|WP_009953336)	29.730	185	115	5	39	221	31	202	4.99e-12	69.3
g1195.t1	VFG029725(gb|WP_012392102)	34.043	188	106	6	39	222	3053	3226	4.45e-16	82.4
g1195.t1	VFG029725(gb|WP_012392102)	34.043	188	106	6	39	222	467	640	5.02e-16	82.4
g1195.t1	VFG029725(gb|WP_012392102)	33.511	188	107	6	39	222	1534	1707	3.56e-15	79.7
g1195.t1	VFG029726(gb|WP_014942394)	23.956	551	329	18	39	560	1527	2016	4.54e-16	82.4
g1195.t1	VFG029726(gb|WP_014942394)	29.189	185	116	5	39	221	31	202	8.85e-12	68.6
g1195.t1	VFG030403(gb|WP_170320575)	24.706	510	321	12	59	558	47	503	4.68e-16	81.3
g1195.t1	VFG050040(gb|WP_001133940)	21.507	544	346	21	46	549	1518	2020	4.89e-16	82.4
g1195.t1	VFG050040(gb|WP_001133940)	20.390	461	316	14	48	489	460	888	2.54e-11	67.0
g1195.t1	VFG030421(gb|WP_179945037)	24.609	512	318	15	59	558	47	502	5.52e-16	80.9
g1195.t1	VFG009484(gb|WP_003899297)	23.408	534	345	16	52	565	493	982	5.86e-16	82.0
g1195.t1	VFG001821(gb|NP_216896)	23.408	534	345	16	52	565	444	933	6.29e-16	81.6
g1195.t1	VFG029722(gb|WP_011725353)	31.351	185	115	4	39	221	31	205	6.92e-16	81.6
g1195.t1	VFG029722(gb|WP_011725353)	29.891	184	115	4	39	221	1527	1697	8.81e-14	75.1
g1195.t1	VFG015904(gb|WP_164920479)	23.540	548	359	18	14	538	4727	5237	7.50e-16	81.6
g1195.t1	VFG015904(gb|WP_164920479)	32.386	176	107	4	48	223	462	625	1.70e-12	70.9
g1195.t1	VFG015904(gb|WP_164920479)	30.682	176	111	3	49	221	1552	1719	2.25e-11	67.4
g1195.t1	VFG015904(gb|WP_164920479)	24.951	513	326	18	44	538	3693	4164	3.24e-11	66.6
g1195.t1	VFG015904(gb|WP_164920479)	29.208	202	128	5	73	274	2673	2859	1.30e-10	64.7
g1195.t1	VFG016045(gb|WP_011062374)	24.476	572	362	18	8	549	458	989	8.14e-16	81.6
g1195.t1	VFG016045(gb|WP_011062374)	28.902	173	114	4	49	221	2012	2175	4.08e-10	63.2
g1195.t1	VFG016045(gb|WP_011062374)	27.429	175	119	2	48	222	3523	3689	4.34e-09	59.7
g1195.t1	VFG015823(gb|WP_012315380)	24.056	503	325	18	49	533	513	976	1.05e-15	81.3
g1195.t1	VFG015823(gb|WP_012315380)	23.288	438	287	12	70	489	2019	2425	3.81e-07	53.5
g1195.t1	VFG029729(gb|WP_014385155)	23.956	551	329	18	39	560	1527	2016	1.13e-15	81.3
g1195.t1	VFG029729(gb|WP_014385155)	29.730	185	115	5	39	221	31	202	5.39e-12	69.3
g1195.t1	VFG029727(gb|WP_014711949)	23.956	551	329	18	39	560	1527	2016	1.15e-15	80.9
g1195.t1	VFG029727(gb|WP_014711949)	30.270	185	114	5	39	221	31	202	4.62e-12	69.3
g1195.t1	VFG050044(gb|WP_001133941)	21.363	543	348	20	46	549	1518	2020	1.35e-15	80.9
g1195.t1	VFG050044(gb|WP_001133941)	21.656	471	298	19	48	489	460	888	1.01e-10	65.1
g1195.t1	VFG029684(gb|WP_010949130)	24.399	582	359	21	16	562	412	947	1.50e-15	80.9
g1195.t1	VFG029684(gb|WP_010949130)	25.564	532	334	19	40	549	2987	3478	1.13e-13	74.7
g1195.t1	VFG029684(gb|WP_010949130)	24.335	526	331	18	40	549	1944	2418	2.88e-12	70.1
g1195.t1	VFG050019(gb|WP_003185956)	23.864	528	356	16	48	556	26	526	1.79e-15	79.3
g1195.t1	VFG026568(gb|YP_007958419)	23.221	534	346	16	52	565	80	569	1.87e-15	80.1
g1195.t1	VFG029734(gb|WP_015304390)	24.265	544	339	20	40	561	32	524	2.19e-15	80.1
g1195.t1	VFG029734(gb|WP_015304390)	25.370	473	289	19	39	489	1523	1953	5.39e-12	69.3
g1195.t1	VFG050155(gb|WP_001972445)	21.835	545	343	20	46	549	1518	2020	2.32e-15	80.1
g1195.t1	VFG050155(gb|WP_001972445)	20.824	461	314	14	48	489	460	888	6.88e-10	62.4
g1195.t1	VFG050154(gb|WP_001133949)	21.179	543	349	20	46	549	1518	2020	2.78e-15	79.7
g1195.t1	VFG050154(gb|WP_001133949)	19.785	465	314	15	48	489	460	888	6.00e-10	62.4
g1195.t1	VFG020317(gb|WP_012614130)	22.530	506	339	15	46	534	510	979	3.04e-15	79.7
g1195.t1	VFG020317(gb|WP_012614130)	26.432	227	128	5	14	221	3029	3235	4.20e-11	66.2
g1195.t1	VFG016036(gb|WP_010954974)	24.340	530	337	19	49	549	1560	2054	3.35e-15	79.7
g1195.t1	VFG016036(gb|WP_010954974)	29.379	177	117	3	45	221	501	669	3.33e-12	70.1
g1195.t1	VFG016036(gb|WP_010954974)	29.940	167	103	3	57	221	2628	2782	1.85e-10	64.3
g1195.t1	VFG016032(gb|WP_011666646)	23.917	577	330	24	46	565	1562	2086	3.53e-15	79.3
g1195.t1	VFG016032(gb|WP_011666646)	23.744	577	331	24	46	565	501	1025	7.19e-14	75.1
g1195.t1	VFG016034(gb|WP_011267346)	24.092	523	325	21	56	549	507	986	3.64e-15	79.3
g1195.t1	VFG050045(gb|WP_001133952)	21.179	543	349	20	46	549	1518	2020	4.91e-15	79.0
g1195.t1	VFG050045(gb|WP_001133952)	20.792	505	348	15	48	533	460	931	6.66e-13	72.0
g1195.t1	VFG015906(gb|WP_011267825)	23.846	520	343	18	45	549	7039	7520	5.57e-15	79.0
g1195.t1	VFG015906(gb|WP_011267825)	23.633	512	328	16	49	533	3777	4252	1.29e-14	77.8
g1195.t1	VFG015906(gb|WP_011267825)	23.462	520	345	18	45	549	9199	9680	4.32e-13	72.8
g1195.t1	VFG015906(gb|WP_011267825)	24.165	509	336	18	40	533	2691	3164	2.06e-12	70.9
g1195.t1	VFG015906(gb|WP_011267825)	25.949	316	206	11	47	350	10250	10549	1.03e-11	68.6
g1195.t1	VFG015906(gb|WP_011267825)	26.667	315	203	11	48	350	11319	11617	1.69e-11	67.8
g1195.t1	VFG015906(gb|WP_011267825)	23.413	504	333	18	45	533	1622	2087	3.80e-11	66.6
g1195.t1	VFG015906(gb|WP_011267825)	23.495	515	332	18	45	533	8114	8592	5.92e-11	65.9
g1195.t1	VFG015906(gb|WP_011267825)	23.563	522	341	15	46	549	549	1030	3.10e-10	63.5
g1195.t1	VFG015906(gb|WP_011267825)	29.545	176	110	2	52	226	12391	12553	1.30e-09	61.6
g1195.t1	VFG015906(gb|WP_011267825)	22.388	469	304	15	47	489	4862	5296	1.66e-06	51.6
g1195.t1	VFG029732(gb|WP_020724413)	23.905	548	345	17	33	560	29	524	5.70e-15	79.0
g1195.t1	VFG029732(gb|WP_020724413)	29.808	208	112	6	30	228	1542	1724	1.44e-10	64.7
g1195.t1	VFG016042(gb|WP_161440564)	31.280	211	127	5	23	225	479	679	6.23e-15	79.0
g1195.t1	VFG016042(gb|WP_161440564)	28.161	174	113	3	49	221	3087	3249	3.32e-09	60.1
g1195.t1	VFG016042(gb|WP_161440564)	24.138	522	311	21	68	549	1589	2065	5.31e-09	59.7
g1195.t1	VFG016042(gb|WP_161440564)	27.607	163	108	2	59	221	4146	4298	1.05e-06	52.0
g1195.t1	VFG050035(gb|WP_001133943)	21.324	544	349	20	45	549	1517	2020	6.25e-15	78.6
g1195.t1	VFG050035(gb|WP_001133943)	21.019	471	301	19	48	489	460	888	1.16e-09	61.6
g1195.t1	VFG015827(gb|WP_012315395)	23.199	569	368	19	9	542	2133	2667	6.28e-15	78.6
g1195.t1	VFG015827(gb|WP_012315395)	21.522	460	320	11	43	489	1121	1552	1.26e-09	61.6
g1195.t1	VFG015827(gb|WP_012315395)	26.255	259	164	9	48	288	10	259	6.29e-08	56.2
g1195.t1	VFG020069(gb|WP_148235954)	23.469	490	298	16	31	489	487	930	8.13e-15	78.6
g1195.t1	VFG020069(gb|WP_148235954)	30.939	181	116	3	49	229	3526	3697	9.30e-13	71.6
g1195.t1	VFG020069(gb|WP_148235954)	26.728	217	121	4	23	221	1980	2176	2.97e-11	67.0
g1195.t1	VFG029724(gb|YP_001704825)	23.870	553	339	19	33	560	29	524	1.11e-14	77.8
g1195.t1	VFG029724(gb|YP_001704825)	29.808	208	112	6	30	228	1542	1724	1.34e-10	64.7
g1195.t1	VFG020070(gb|WP_012614131)	23.469	490	298	16	31	489	490	933	1.19e-14	77.4
g1195.t1	VFG050017(gb|WP_000960113)	22.562	523	371	14	48	557	26	527	1.43e-14	76.6
g1195.t1	VFG020071(gb|WP_012723748)	23.393	560	376	17	25	563	3056	3583	1.72e-14	77.4
g1195.t1	VFG020071(gb|WP_012723748)	30.168	179	114	2	44	221	1563	1731	6.33e-13	72.4
g1195.t1	VFG020071(gb|WP_012723748)	28.191	188	123	2	48	235	504	679	8.76e-12	68.6
g1195.t1	VFG050043(gb|NP_391076)	22.925	506	346	16	41	533	452	926	2.33e-14	76.6
g1195.t1	VFG050043(gb|NP_391076)	26.882	186	129	2	47	229	1514	1695	1.77e-11	67.4
g1195.t1	VFG000161(gb|NP_251089)	23.917	577	330	24	46	565	1562	2086	2.68e-14	76.6
g1195.t1	VFG000161(gb|NP_251089)	23.744	577	331	24	46	565	501	1025	4.37e-14	75.9
g1195.t1	VFG050156(gb|WP_001133891)	21.389	547	343	19	46	549	1518	2020	3.20e-14	76.3
g1195.t1	VFG050156(gb|WP_001133891)	20.198	505	351	16	48	533	460	931	2.77e-08	57.0
g1195.t1	VFG029697(gb|WP_014711950)	24.581	537	330	21	48	562	456	939	4.21e-14	75.9
g1195.t1	VFG029697(gb|WP_014711950)	24.670	531	343	17	39	549	1938	2431	9.18e-14	75.1
g1195.t1	VFG020073(gb|WP_043205221)	23.932	468	279	15	49	489	3039	3456	4.91e-14	75.9
g1195.t1	VFG020073(gb|WP_043205221)	22.830	530	354	17	20	533	484	974	7.59e-12	68.9
g1195.t1	VFG020073(gb|WP_043205221)	21.526	511	350	11	44	533	4068	4548	1.11e-11	68.2
g1195.t1	VFG020073(gb|WP_043205221)	33.333	168	88	3	62	221	2000	2151	6.65e-11	65.9
g1195.t1	VFG016063(gb|WP_166486371)	25.208	480	285	22	48	475	10	467	9.05e-14	75.1
g1195.t1	VFG016063(gb|WP_166486371)	28.902	173	116	2	49	221	2194	2359	2.41e-09	60.8
g1195.t1	VFG016063(gb|WP_166486371)	21.670	503	335	17	52	533	1140	1604	2.23e-08	57.4
g1195.t1	VFG037315(gb|WP_000744371)	20.548	511	358	14	69	557	50	534	9.22e-14	73.9
g1195.t1	VFG037322(gb|WP_000744367)	20.039	509	363	12	69	557	50	534	1.04e-13	73.9
g1195.t1	VFG016067(gb|WP_011062464)	23.784	555	365	17	49	573	2193	2719	1.07e-13	74.7
g1195.t1	VFG016067(gb|WP_011062464)	26.667	240	154	7	47	272	9	240	1.08e-09	61.6
g1195.t1	VFG016067(gb|WP_011062464)	22.551	439	303	11	62	489	1146	1558	2.80e-08	57.4
g1195.t1	VFG050038(gb|WP_001133934)	20.364	550	345	19	46	549	1518	2020	1.49e-13	74.3
g1195.t1	VFG050038(gb|WP_001133934)	21.542	506	343	17	48	533	460	931	7.20e-11	65.5
g1195.t1	VFG015905(gb|WP_164920559)	23.857	503	330	18	46	533	1627	2091	1.56e-13	74.3
g1195.t1	VFG015905(gb|WP_164920559)	25.283	530	329	23	26	533	4842	5326	1.97e-13	73.9
g1195.t1	VFG015905(gb|WP_164920559)	23.576	509	337	18	45	538	547	1018	6.87e-13	72.0
g1195.t1	VFG015905(gb|WP_164920559)	23.941	472	317	16	73	533	2727	3167	3.01e-11	67.0
g1195.t1	VFG015905(gb|WP_164920559)	23.393	560	358	19	9	533	3730	4253	6.16e-11	65.9
g1195.t1	VFG026553(gb|WP_016342474)	22.770	527	358	18	38	552	480	969	1.60e-13	73.9
g1195.t1	VFG026559(gb|WP_005061160)	22.960	527	357	18	38	552	480	969	1.75e-13	73.9
g1195.t1	VFG037317(gb|YP_001085402)	20.039	509	363	12	69	557	21	505	1.80e-13	73.2
g1195.t1	VFG021860(gb|WP_011726611)	26.642	533	297	24	38	533	4112	4587	1.83e-13	73.9
g1195.t1	VFG021860(gb|WP_011726611)	23.320	506	320	17	42	533	6694	7145	1.06e-11	68.2
g1195.t1	VFG021860(gb|WP_011726611)	30.978	184	112	5	42	215	2590	2768	4.26e-10	63.2
g1195.t1	VFG021860(gb|WP_011726611)	32.597	181	113	3	46	225	5639	5811	1.20e-09	61.6
g1195.t1	VFG021860(gb|WP_011726611)	24.390	492	294	20	43	499	21	469	8.89e-08	55.5
g1195.t1	VFG029733(gb|WP_020822858)	23.732	552	329	19	39	560	1527	2016	1.97e-13	73.9
g1195.t1	VFG029733(gb|WP_020822858)	29.730	185	115	5	39	221	31	202	3.45e-12	69.7
g1195.t1	VFG016033(gb|WP_011103872)	23.952	501	330	18	66	549	1569	2035	2.29e-13	73.6
g1195.t1	VFG016033(gb|WP_011103872)	23.197	513	316	18	53	533	504	970	7.11e-11	65.5
g1195.t1	VFG020077(gb|WP_015885148)	32.370	173	110	2	49	221	2169	2334	2.59e-13	73.6
g1195.t1	VFG020077(gb|WP_015885148)	27.350	234	141	7	53	272	15	233	7.29e-10	62.4
g1195.t1	VFG020077(gb|WP_015885148)	21.414	495	331	16	62	538	1131	1585	1.18e-08	58.5
g1195.t1	VFG037314(gb|WP_000744369)	20.352	511	359	14	69	557	50	534	3.17e-13	72.4
g1195.t1	VFG050148(gb|WP_000955352)	21.113	521	381	13	48	557	26	527	4.08e-13	72.0
g1195.t1	VFG009481(gb|WP_208856696)	34.637	179	90	4	43	221	448	599	4.78e-13	72.4
g1195.t1	VFG009482(gb|WP_011560848)	34.637	179	90	4	43	221	462	613	5.09e-13	72.4
g1195.t1	VFG050021(gb|NP_391078)	22.692	520	374	13	48	557	26	527	5.13e-13	71.6
g1195.t1	VFG037320(gb|WP_020753358)	19.843	509	364	12	69	557	50	534	5.21e-13	71.6
g1195.t1	VFG007221(gb|WP_000523394)	24.902	510	320	23	49	533	901	1372	5.67e-13	72.4
g1195.t1	VFG009480(gb|WP_011856105)	34.637	179	89	4	43	221	462	612	6.47e-13	72.0
g1195.t1	VFG015908(gb|WP_164920478)	31.818	176	106	2	52	226	5874	6036	7.03e-13	72.0
g1195.t1	VFG015908(gb|WP_164920478)	23.901	523	330	22	48	538	4803	5289	9.16e-13	71.6
g1195.t1	VFG015908(gb|WP_164920478)	25.714	315	206	10	49	351	3736	4034	4.99e-11	66.2
g1195.t1	VFG015908(gb|WP_164920478)	25.159	314	209	10	49	351	2649	2947	2.57e-09	60.5
g1195.t1	VFG015908(gb|WP_164920478)	28.824	170	116	2	53	221	6933	7098	3.55e-09	60.1
g1195.t1	VFG015908(gb|WP_164920478)	29.143	175	116	3	49	223	8027	8193	3.55e-09	60.1
g1195.t1	VFG029723(gb|WP_011726917)	24.618	524	327	21	45	549	39	513	7.08e-13	72.0
g1195.t1	VFG029723(gb|WP_011726917)	23.694	536	330	18	39	549	1526	2007	8.84e-11	65.1
g1195.t1	VFG020074(gb|WP_012614121)	24.587	484	312	15	66	527	2205	2657	7.83e-13	72.0
g1195.t1	VFG020074(gb|WP_012614121)	22.549	510	339	15	45	533	1126	1600	5.73e-11	65.9
g1195.t1	VFG037316(gb|WP_000744381)	19.843	509	364	12	69	557	50	534	8.50e-13	70.9
g1195.t1	VFG050041(gb|WP_011198384)	26.471	238	163	5	47	279	1516	1746	8.92e-13	71.6
g1195.t1	VFG050041(gb|WP_011198384)	24.268	239	159	7	46	271	459	688	1.03e-06	52.0
g1195.t1	VFG016058(gb|NP_251114)	24.587	484	312	15	66	527	2205	2657	9.06e-13	71.6
g1195.t1	VFG016058(gb|NP_251114)	22.353	510	340	15	45	533	1126	1600	1.57e-10	64.7
g1195.t1	VFG022708(gb|WP_012395307)	22.561	492	330	14	70	549	513	965	9.32e-13	71.6
g1195.t1	VFG037313(gb|WP_000744364)	19.843	509	364	12	69	557	50	534	9.60e-13	70.9
g1195.t1	VFG044367(gb|WP_013318791)	23.134	536	348	19	55	559	29	531	1.02e-12	70.9
g1195.t1	VFG009490(gb|WP_011741372)	22.561	492	330	14	70	549	513	965	1.17e-12	71.2
g1195.t1	VFG016066(gb|WP_011533065)	22.807	570	362	21	1	533	2128	2656	1.29e-12	71.2
g1195.t1	VFG016066(gb|WP_011533065)	22.453	481	315	15	48	484	10	476	1.18e-10	65.1
g1195.t1	VFG016066(gb|WP_011533065)	24.706	255	165	6	62	307	1138	1374	4.01e-09	60.1
g1195.t1	VFG050013(gb|WP_000955350)	21.113	521	381	13	48	557	26	527	1.61e-12	70.1
g1195.t1	VFG026558(gb|WP_015356483)	22.561	492	330	14	70	549	513	965	1.77e-12	70.5
g1195.t1	VFG050018(gb|WP_000955353)	21.113	521	381	13	48	557	26	527	1.83e-12	69.7
g1195.t1	VFG022714(gb|WP_013828478)	23.774	530	342	17	45	555	487	973	2.09e-12	70.5
g1195.t1	VFG022714(gb|WP_013828478)	23.596	445	281	16	58	478	1563	1972	7.96e-09	58.9
g1195.t1	VFG016060(gb|WP_003139218)	24.587	484	312	15	66	527	2205	2657	2.24e-12	70.5
g1195.t1	VFG016060(gb|WP_003139218)	22.126	461	312	12	45	489	1126	1555	4.75e-11	66.2
g1195.t1	VFG050022(gb|WP_000955347)	21.113	521	381	13	48	557	26	527	2.49e-12	69.3
g1195.t1	VFG049160(gb|WP_001327259)	22.201	527	364	16	40	557	441	930	2.86e-12	70.1
g1195.t1	VFG043681(gb|WP_001327259)	22.201	527	364	16	40	557	441	930	2.86e-12	70.1
g1195.t1	VFG050023(gb|WP_000955356)	21.113	521	381	13	48	557	26	527	3.21e-12	68.9
g1195.t1	VFG026534(gb|WP_041181523)	31.963	219	116	5	17	231	432	621	3.36e-12	69.7
g1195.t1	VFG016035(gb|WP_011168293)	23.048	525	312	19	64	549	515	986	3.46e-12	69.7
g1195.t1	VFG016035(gb|WP_011168293)	23.750	480	325	16	66	533	1569	2019	2.11e-11	67.4
g1195.t1	VFG026535(gb|WP_041180865)	31.963	219	116	5	17	231	432	621	3.76e-12	69.7
g1195.t1	VFG009470(gb|WP_023637453)	31.963	219	116	5	17	231	432	621	3.96e-12	69.3
g1195.t1	VFG016062(gb|WP_165446461)	28.692	237	151	7	48	272	10	240	4.12e-12	69.7
g1195.t1	VFG016062(gb|WP_165446461)	30.636	173	113	2	49	221	2194	2359	5.78e-11	65.9
g1195.t1	VFG016062(gb|WP_165446461)	22.068	503	333	16	52	533	1140	1604	3.16e-08	57.0
g1195.t1	VFG001820(gb|NP_216895)	31.963	219	116	5	17	231	437	626	4.58e-12	69.3
g1195.t1	VFG026532(gb|WP_041930680)	31.963	219	116	5	17	231	432	621	8.21e-12	68.6
g1195.t1	VFG017459(gb|WP_023641714)	31.963	219	116	5	17	231	432	621	8.57e-12	68.6
g1195.t1	VFG009472(gb|WP_031657277)	31.963	219	116	5	17	231	432	621	9.10e-12	68.2
g1195.t1	VFG026548(gb|YP_005923574)	31.963	219	116	5	17	231	437	626	9.26e-12	68.2
g1195.t1	VFG009471(gb|WP_003917623)	31.963	219	116	5	17	231	432	621	9.34e-12	68.2
g1195.t1	VFG022704(gb|WP_041180276)	31.963	219	116	5	17	231	432	621	9.74e-12	68.2
g1195.t1	VFG026540(gb|WP_015575196)	31.963	219	116	5	17	231	437	626	1.00e-11	68.2
g1195.t1	VFG022707(gb|WP_013828479)	26.104	521	310	18	52	549	467	935	1.14e-11	68.2
g1195.t1	VFG050016(gb|WP_000955358)	20.385	520	386	12	48	557	26	527	1.30e-11	67.0
g1195.t1	VFG009545(gb|WP_011724530)	23.120	532	364	15	48	558	36	543	2.35e-11	66.2
g1195.t1	VFG016068(gb|WP_011335255)	23.810	546	321	23	47	537	9	514	2.68e-11	67.0
g1195.t1	VFG016068(gb|WP_011335255)	30.636	173	113	2	49	221	2187	2352	1.15e-10	65.1
g1195.t1	VFG016068(gb|WP_011335255)	21.756	501	342	12	2	478	1067	1541	1.37e-09	61.6
g1195.t1	VFG016040(gb|WP_078463717)	24.336	452	275	14	66	487	494	908	2.82e-11	67.0
g1195.t1	VFG016040(gb|WP_078463717)	28.402	169	108	3	55	221	1543	1700	4.86e-08	56.2
g1195.t1	VFG050149(gb|WP_001972441)	21.442	527	372	15	48	557	26	527	3.10e-11	65.9
g1195.t1	VFG016038(gb|NP_251090)	24.336	452	275	14	66	487	494	908	3.24e-11	66.6
g1195.t1	VFG016038(gb|NP_251090)	28.994	169	107	3	55	221	1543	1700	7.43e-09	58.9
g1195.t1	VFG026533(gb|WP_041179918)	31.507	219	117	5	17	231	432	621	3.41e-11	66.6
g1195.t1	VFG029703(gb|WP_015288782)	30.144	209	130	4	39	247	1484	1676	4.41e-11	66.2
g1195.t1	VFG016061(gb|WP_162839071)	25.738	237	158	6	48	272	10	240	5.78e-11	65.9
g1195.t1	VFG016061(gb|WP_162839071)	21.782	505	332	18	52	533	1140	1604	1.09e-09	61.6
g1195.t1	VFG016061(gb|WP_162839071)	28.902	173	116	2	49	221	2194	2359	6.15e-09	59.3
g1195.t1	VFG016061(gb|WP_162839071)	25.551	227	138	7	31	244	3709	3917	1.31e-06	51.6
g1195.t1	VFG029702(gb|WP_015302405)	30.144	209	130	4	39	247	1484	1676	5.85e-11	65.9
g1195.t1	VFG016059(gb|WP_012075639)	31.210	157	99	2	66	221	2205	2353	6.91e-11	65.9
g1195.t1	VFG016059(gb|WP_012075639)	22.078	462	311	11	45	489	1126	1555	1.91e-10	64.3
g1195.t1	VFG016041(gb|NP_251092)	21.907	493	348	14	49	533	513	976	8.28e-11	65.5
g1195.t1	VFG016041(gb|NP_251092)	26.786	224	144	4	7	221	4490	4702	3.41e-10	63.5
g1195.t1	VFG016041(gb|NP_251092)	26.590	173	117	3	49	221	3040	3202	5.70e-10	62.8
g1195.t1	VFG050150(gb|WP_000955360)	20.192	520	387	12	48	557	26	527	8.50e-11	64.7
g1195.t1	VFG029701(gb|WP_015287763)	30.144	209	130	4	39	247	1484	1676	8.75e-11	65.1
g1195.t1	VFG029693(gb|WP_014000041)	30.144	209	130	4	39	247	1484	1676	9.61e-11	65.1
g1195.t1	VFG044315(gb|WP_012492605)	23.598	517	361	15	31	533	2595	3091	1.05e-10	65.1
g1195.t1	VFG015826(gb|WP_012273396)	28.497	193	126	4	48	237	2178	2361	1.13e-10	65.1
g1195.t1	VFG015826(gb|WP_012273396)	27.197	239	152	7	48	272	10	240	1.88e-10	64.3
g1195.t1	VFG015826(gb|WP_012273396)	24.590	244	157	6	73	307	1151	1376	2.61e-07	53.9
g1195.t1	VFG029710(gb|WP_014584624)	30.144	209	130	4	39	247	1484	1676	1.41e-10	64.7
g1195.t1	VFG029689(gb|WP_011961622)	30.144	209	130	4	39	247	1484	1676	1.41e-10	64.7
g1195.t1	VFG029681(gb|NP_214615)	30.144	209	130	4	39	247	1484	1676	1.42e-10	64.7
g1195.t1	VFG029686(gb|WP_011799075)	30.144	209	130	4	39	247	1484	1676	1.44e-10	64.7
g1195.t1	VFG029695(gb|WP_009938180)	30.144	209	130	4	39	247	1484	1676	1.45e-10	64.7
g1195.t1	VFG029704(gb|WP_015291886)	29.665	209	131	4	39	247	1485	1677	1.95e-10	64.3
g1195.t1	VFG029691(gb|WP_013988709)	30.144	209	130	4	39	247	1484	1676	2.38e-10	63.9
g1195.t1	VFG016043(gb|WP_011666644)	26.786	224	144	4	7	221	4490	4702	4.01e-10	63.2
g1195.t1	VFG016043(gb|WP_011666644)	26.012	173	118	3	49	221	513	675	8.73e-10	62.0
g1195.t1	VFG016043(gb|WP_011666644)	27.168	173	116	3	49	221	3040	3202	4.12e-09	60.1
g1195.t1	VFG016043(gb|WP_011666644)	28.729	181	109	4	46	221	1987	2152	1.72e-06	51.2
g1195.t1	VFG044432(gb|CAJ45639)	21.915	543	337	17	45	543	464	963	4.16e-10	63.2
g1195.t1	VFG044432(gb|CAJ45639)	20.204	490	340	18	69	533	2005	2468	1.55e-06	51.6
g1195.t1	VFG016065(gb|WP_012051699)	27.197	239	152	7	48	272	10	240	5.41e-10	62.8
g1195.t1	VFG016065(gb|WP_012051699)	27.979	193	127	4	48	237	2178	2361	2.25e-09	60.8
g1195.t1	VFG016065(gb|WP_012051699)	29.530	149	95	2	73	221	1151	1289	6.01e-07	52.8
g1195.t1	VFG044363(gb|WP_033112377)	24.008	529	320	19	62	549	487	974	5.42e-10	62.8
g1195.t1	VFG044363(gb|WP_033112377)	31.771	192	121	3	35	222	1981	2166	4.74e-08	56.2
g1195.t1	VFG012985(gb|WP_000026832)	22.706	436	296	14	62	478	38	451	6.16e-10	62.0
g1195.t1	VFG012990(gb|WP_000026810)	22.477	436	297	14	62	478	38	451	1.01e-09	61.2
g1195.t1	VFG009479(gb|WP_011781012)	25.657	495	301	16	73	549	491	936	1.04e-09	61.6
g1195.t1	VFG029716(gb|YP_005358845)	30.144	209	131	4	39	247	1485	1678	1.30e-09	61.6
g1195.t1	VFG026536(gb|WP_015356482)	23.598	517	329	16	4	489	402	883	1.53e-09	61.2
g1195.t1	VFG026649(gb|WP_015575197)	23.176	466	318	13	45	492	38	481	1.73e-09	60.5
g1195.t1	VFG020173(gb|WP_000077778)	23.077	507	341	17	46	530	454	933	2.12e-09	60.5
g1195.t1	VFG013001(gb|WP_000077777)	23.077	507	341	17	46	530	454	933	2.16e-09	60.5
g1195.t1	VFG012986(gb|NP_706449)	23.182	440	301	15	62	484	38	457	2.21e-09	60.1
g1195.t1	VFG022701(gb|WP_012395306)	23.598	517	329	16	4	489	402	883	2.55e-09	60.5
g1195.t1	VFG048491(gb|WP_014228351)	22.679	560	362	19	48	580	456	971	2.56e-09	60.5
g1195.t1	VFG012988(gb|WP_000026772)	23.182	440	301	15	62	484	38	457	2.82e-09	59.7
g1195.t1	VFG000932(gb|WP_000026784)	22.706	436	296	14	62	478	38	451	3.10e-09	59.7
g1195.t1	VFG024028(gb|WP_014382292)	22.709	502	341	16	48	526	36	513	3.25e-09	59.7
g1195.t1	VFG024026(gb|WP_014384379)	22.709	502	341	16	48	526	36	513	3.52e-09	59.3
g1195.t1	VFG024030(gb|WP_014379792)	22.709	502	341	16	48	526	36	513	4.00e-09	59.3
g1195.t1	VFG022702(gb|YP_001702858)	22.995	561	362	18	4	533	405	926	4.64e-09	59.7
g1195.t1	VFG024019(gb|WP_099961554)	23.503	451	293	15	70	506	566	978	4.73e-09	59.3
g1195.t1	VFG024748(gb|NP_217464)	24.632	544	335	15	34	559	4	490	5.39e-09	58.9
g1195.t1	VFG009534(gb|WP_041800014)	23.503	451	293	15	70	506	568	980	5.77e-09	59.3
g1195.t1	VFG009475(gb|WP_011724536)	23.853	545	314	17	43	549	466	947	5.98e-09	59.3
g1195.t1	VFG026660(gb|WP_020822192)	21.926	488	340	12	48	520	36	497	6.68e-09	58.5
g1195.t1	VFG000930(gb|WP_000077767)	22.682	507	343	17	46	530	454	933	7.21e-09	58.9
g1195.t1	VFG024027(gb|WP_014711360)	22.086	489	338	13	48	520	36	497	7.35e-09	58.5
g1195.t1	VFG029694(gb|WP_012394258)	27.363	201	127	6	33	231	460	643	7.57e-09	58.9
g1195.t1	VFG029694(gb|WP_012394258)	27.363	201	127	6	33	231	1971	2154	7.57e-09	58.9
g1195.t1	VFG020090(gb|WP_012613542)	25.451	554	315	24	13	523	519	1017	8.66e-09	58.5
g1195.t1	VFG000166(gb|NP_252916)	25.543	552	317	25	13	523	519	1017	8.81e-09	58.5
g1195.t1	VFG030416(gb|YP_007959092)	25.000	312	210	10	250	558	13	303	1.00e-08	57.4
g1195.t1	VFG029301(gb|YP_005924089)	24.632	544	335	15	34	559	4	490	1.36e-08	57.8
g1195.t1	VFG007222(gb|WP_052298478)	25.896	251	147	11	69	305	917	1142	1.38e-08	58.2
g1195.t1	VFG016064(gb|WP_010954996)	27.461	193	128	4	48	237	2178	2361	1.39e-08	58.2
g1195.t1	VFG016064(gb|WP_010954996)	28.270	237	152	8	48	272	10	240	5.88e-08	56.2
g1195.t1	VFG016064(gb|WP_010954996)	29.530	149	95	2	73	221	1151	1289	5.33e-07	53.1
g1195.t1	VFG013002(gb|WP_000077683)	22.485	507	344	16	46	530	454	933	1.39e-08	58.2
g1195.t1	VFG009549(gb|WP_011781018)	23.144	458	296	14	49	478	39	468	1.70e-08	57.4
g1195.t1	VFG029287(gb|WP_015294050)	25.000	544	333	16	34	559	4	490	1.79e-08	57.4
g1195.t1	VFG029297(gb|YP_007958950)	24.630	540	332	15	38	559	8	490	2.02e-08	57.0
g1195.t1	VFG023998(gb|WP_014379796)	23.574	526	336	13	44	549	467	946	2.21e-08	57.4
g1195.t1	VFG026642(gb|WP_015303464)	23.425	508	341	15	45	526	38	523	2.30e-08	57.0
g1195.t1	VFG048577(gb|WP_014229383)	24.605	443	272	18	72	492	591	993	2.79e-08	57.0
g1195.t1	VFG029286(gb|WP_015291069)	25.046	543	334	16	34	559	4	490	2.85e-08	56.6
g1195.t1	VFG023996(gb|WP_014941690)	23.384	526	337	13	44	549	467	946	2.88e-08	57.0
g1195.t1	VFG043685(gb|WP_001468003)	23.004	526	334	20	52	555	506	982	2.94e-08	57.0
g1195.t1	VFG007223(gb|WP_052281495)	25.806	248	151	10	69	305	917	1142	3.09e-08	57.0
g1195.t1	VFG023997(gb|WP_008255569)	23.384	526	337	13	44	549	467	946	3.11e-08	57.0
g1195.t1	VFG049156(gb|WP_077265119)	23.004	526	334	20	52	555	483	959	3.20e-08	57.0
g1195.t1	VFG013000(gb|WP_000077743)	22.682	507	343	17	46	530	458	937	3.45e-08	56.6
g1195.t1	VFG009476(gb|WP_011741371)	23.570	437	278	12	74	489	482	883	3.52e-08	56.6
g1195.t1	VFG024023(gb|WP_014384380)	25.092	546	350	20	22	549	529	1033	3.91e-08	56.6
g1195.t1	VFG012998(gb|NP_706441)	22.682	507	343	17	46	530	458	937	4.09e-08	56.6
g1195.t1	VFG026643(gb|WP_015290628)	23.183	509	341	15	45	526	38	523	4.24e-08	55.8
g1195.t1	VFG024020(gb|WP_014941687)	25.092	546	350	20	22	549	529	1033	4.80e-08	56.2
g1195.t1	VFG029285(gb|WP_015303654)	25.000	544	333	16	34	559	4	490	4.81e-08	55.8
g1195.t1	VFG023999(gb|WP_014384382)	23.384	526	337	13	44	549	467	946	4.98e-08	56.2
g1195.t1	VFG026638(gb|WP_020822193)	24.687	559	362	20	22	562	529	1046	5.45e-08	56.2
g1195.t1	VFG024024(gb|WP_014379793)	23.985	542	361	18	22	549	529	1033	5.55e-08	55.8
g1195.t1	VFG022739(gb|WP_014001248)	23.425	508	341	15	45	526	38	523	5.82e-08	55.5
g1195.t1	VFG001817(gb|NP_216900)	23.355	471	316	14	45	492	38	486	5.97e-08	55.5
g1195.t1	VFG024021(gb|WP_041297820)	25.092	546	350	20	22	549	529	1033	6.36e-08	55.8
g1195.t1	VFG043687(gb|WP_001304254)	27.184	206	130	4	43	246	11	198	7.10e-08	55.8
g1195.t1	VFG049154(gb|WP_014907257)	27.184	206	130	4	43	246	11	198	7.16e-08	55.8
g1195.t1	VFG024743(gb|WP_014001501)	25.000	544	333	16	34	559	4	490	7.80e-08	55.5
g1195.t1	VFG022742(gb|WP_049793010)	25.000	264	166	7	33	266	8	269	8.00e-08	55.1
g1195.t1	VFG048576(gb|WP_014838501)	24.490	441	271	18	74	492	593	993	8.05e-08	55.5
g1195.t1	VFG048490(gb|WP_014837772)	22.679	560	362	21	48	580	456	971	8.62e-08	55.5
g1195.t1	VFG012997(gb|WP_000077781)	22.353	510	341	18	46	530	454	933	1.16e-07	55.1
g1195.t1	VFG034174(gb|WP_001088834)	21.199	467	307	13	49	489	16	447	1.32e-07	54.3
g1195.t1	VFG026645(gb|WP_015356488)	21.915	470	322	13	48	498	38	481	1.38e-07	54.3
g1195.t1	VFG022736(gb|WP_012395312)	21.915	470	322	13	48	498	38	481	1.43e-07	54.3
g1195.t1	VFG012565(gb|WP_001088833)	21.199	467	307	13	49	489	16	447	1.57e-07	54.3
g1195.t1	VFG009546(gb|WP_071497738)	21.915	470	322	13	48	498	38	481	1.58e-07	54.3
g1195.t1	VFG016122(gb|WP_003137469)	25.000	552	320	25	13	523	519	1017	2.16e-07	54.3
g1195.t1	VFG026537(gb|WP_005061162)	22.776	562	362	19	4	533	405	926	2.27e-07	53.9
g1195.t1	VFG029963(gb|WP_005063591)	24.180	244	159	7	43	267	3	239	2.83e-07	53.5
g1195.t1	VFG026644(gb|WP_015293659)	23.142	471	317	14	45	492	38	486	4.07e-07	52.8
g1195.t1	VFG026531(gb|WP_016342475)	22.776	562	362	19	4	533	405	926	4.53e-07	53.1
g1195.t1	VFG009547(gb|WP_029104139)	23.830	235	161	3	49	266	27	260	4.71e-07	52.8
g1195.t1	VFG034168(gb|WP_001088830)	21.413	467	306	13	49	489	16	447	4.72e-07	52.8
g1195.t1	VFG037448(gb|WP_000910262)	20.152	526	354	18	44	545	18	501	5.85e-07	52.4
g1195.t1	VFG034160(gb|WP_001088819)	21.199	467	307	13	49	489	16	447	6.02e-07	52.4
g1195.t1	VFG048591(gb|WP_014229386)	21.162	482	339	11	49	514	16	472	6.07e-07	52.4
g1195.t1	VFG007774(gb|WP_011740078)	23.723	274	177	9	43	293	2	266	6.44e-07	52.4
g1195.t1	VFG048593(gb|WP_014907267)	22.175	469	300	15	49	489	16	447	6.45e-07	52.0
g1195.t1	VFG034165(gb|WP_001088818)	21.199	467	307	13	49	489	16	447	6.91e-07	52.0
g1195.t1	VFG011607(gb|WP_002969261)	20.342	526	373	15	53	557	31	531	7.27e-07	52.0
g1195.t1	VFG008957(gb|WP_015355169)	22.878	271	183	7	43	293	2	266	8.71e-07	52.0
g1195.t1	VFG009477(gb|WP_011729885)	29.775	178	100	3	51	225	468	623	8.94e-07	52.0
g1195.t1	VFG044332(gb|WP_015874967)	21.199	467	307	13	49	489	16	447	8.97e-07	51.6
g1195.t1	VFG015911(gb|WP_011267820)	25.424	177	117	3	47	221	21	184	9.00e-07	52.0
g1195.t1	VFG048421(gb|WP_014837778)	23.448	435	280	17	69	478	44	450	9.14e-07	51.6
g1195.t1	VFG022386(gb|WP_012393584)	24.364	275	174	9	43	293	2	266	9.50e-07	51.6
g1195.t1	VFG024746(gb|WP_010907553)	24.415	299	197	6	68	357	26	304	9.72e-07	51.6
g1195.t1	VFG034175(gb|WP_001089765)	21.199	467	307	13	49	489	16	447	1.07e-06	51.6
g1195.t1	VFG012566(gb|WP_001088828)	21.199	467	307	13	49	489	16	447	1.07e-06	51.6
g1195.t1	VFG000359(gb|WP_001088826)	21.199	467	307	13	49	489	16	447	1.12e-06	51.2
g1195.t1	VFG048594(gb|YP_005227770)	21.199	467	307	13	49	489	16	447	1.12e-06	51.2
g1195.t1	VFG012564(gb|WP_001088826)	21.199	467	307	13	49	489	16	447	1.12e-06	51.2
g1195.t1	VFG034164(gb|WP_001088823)	21.199	467	307	13	49	489	16	447	1.26e-06	51.2
g1195.t1	VFG011610(gb|WP_006014905)	20.229	524	376	16	53	557	31	531	1.32e-06	51.2
g1195.t1	VFG048422(gb|WP_014228360)	23.218	435	281	17	69	478	44	450	1.38e-06	51.2
g1195.t1	VFG029288(gb|WP_015355157)	23.636	330	213	6	36	357	6	304	1.46e-06	51.2
g1195.t1	VFG024754(gb|WP_011740062)	23.636	330	213	6	36	357	6	304	1.53e-06	51.2
g1195.t1	VFG024741(gb|WP_012393569)	23.636	330	213	6	36	357	6	304	1.65e-06	51.2
g1195.t1	VFG016117(gb|WP_012074237)	23.770	488	323	14	41	513	508	961	1.79e-06	51.2
g1195.t1	VFG009551(gb|WP_011560854)	24.092	303	176	8	51	306	40	335	2.30e-06	50.4
g1195.t1	VFG016131(gb|WP_011533708)	25.749	167	111	5	69	224	47	211	2.57e-06	50.4
g1195.t1	VFG019335(gb|WP_004686826)	20.342	526	373	15	53	557	31	531	2.93e-06	50.1
g1195.t1	VFG018292(gb|WP_004692639)	20.342	526	373	15	53	557	31	531	3.08e-06	50.1
g1195.t1	VFG011609(gb|WP_006191558)	20.342	526	373	15	53	557	31	531	3.08e-06	50.1
g1195.t1	VFG011606(gb|WP_011005507)	20.342	526	373	15	53	557	31	531	3.14e-06	50.1
g1195.t1	VFG009550(gb|WP_011856111)	24.172	302	175	8	51	305	40	334	3.17e-06	50.1
g1195.t1	VFG034170(gb|WP_001088812)	20.985	467	308	13	49	489	16	447	4.68e-06	49.3
g1195.t1	VFG003500(gb|WP_005168666)	21.245	466	310	14	48	489	15	447	5.81e-06	49.3
g1195.t1	VFG022735(gb|WP_013828465)	26.134	463	297	20	31	478	534	966	7.21e-06	49.3
g1195.t1	VFG048578(gb|WP_014907269)	23.409	440	281	17	72	492	591	993	7.65e-06	49.3
g2951.t1	VFG030406(gb|WP_015291176)	26.642	533	344	18	43	568	3	495	1.87e-29	122
g2951.t1	VFG030407(gb|WP_015294168)	26.642	533	344	18	43	568	3	495	7.05e-29	120
g2951.t1	VFG030404(gb|WP_015288454)	26.454	533	345	18	43	568	3	495	1.21e-28	119
g2951.t1	VFG030398(gb|WP_014001578)	25.800	531	351	16	43	568	3	495	1.64e-28	119
g2951.t1	VFG030419(gb|WP_015345152)	25.424	531	353	16	43	568	3	495	3.01e-28	118
g2951.t1	VFG030405(gb|WP_015303741)	26.079	533	347	17	43	568	3	495	3.07e-28	118
g2951.t1	VFG030388(gb|NP_217605)	25.612	531	352	16	43	568	3	495	3.33e-28	118
g2951.t1	VFG030411(gb|WP_015575278)	25.612	531	352	16	43	568	3	495	5.96e-28	117
g2951.t1	VFG030408(gb|WP_015355418)	25.214	468	309	14	43	503	3	436	2.08e-24	107
g2951.t1	VFG030399(gb|WP_012394321)	25.000	468	310	14	43	503	3	436	8.73e-24	105
g2951.t1	VFG030402(gb|WP_013470644)	25.966	466	287	17	53	503	14	436	6.79e-20	93.2
g2951.t1	VFG015827(gb|WP_012315395)	25.316	553	337	16	50	575	2186	2689	4.01e-19	92.4
g2951.t1	VFG015906(gb|WP_011267825)	24.815	540	354	17	49	572	10257	10760	2.75e-18	89.7
g2951.t1	VFG015906(gb|WP_011267825)	23.723	548	333	18	56	583	7055	7537	6.22e-18	88.6
g2951.t1	VFG015906(gb|WP_011267825)	23.489	579	355	21	26	583	9186	9697	7.94e-16	81.6
g2951.t1	VFG015906(gb|WP_011267825)	22.727	528	335	17	56	566	1638	2109	1.32e-15	81.3
g2951.t1	VFG015906(gb|WP_011267825)	22.710	524	344	17	56	566	2711	3186	1.68e-14	77.4
g2951.t1	VFG015906(gb|WP_011267825)	22.846	534	360	15	49	566	11325	11822	1.92e-11	67.4
g2951.t1	VFG015906(gb|WP_011267825)	22.878	542	331	17	56	566	3789	4274	1.86e-08	57.8
g2951.t1	VFG015906(gb|WP_011267825)	23.063	542	340	20	50	566	8125	8614	5.91e-07	53.1
g2951.t1	VFG000161(gb|NP_251089)	25.299	585	348	19	43	595	503	1030	5.03e-18	88.6
g2951.t1	VFG000161(gb|NP_251089)	24.361	587	351	19	43	595	1564	2091	5.57e-18	88.6
g2951.t1	VFG016032(gb|WP_011666646)	25.128	585	349	19	43	595	1564	2091	6.86e-18	88.2
g2951.t1	VFG016032(gb|WP_011666646)	25.299	585	348	19	43	595	503	1030	2.37e-17	86.7
g2951.t1	VFG022709(gb|YP_001702857)	22.735	563	366	14	35	585	481	986	3.08e-17	85.9
g2951.t1	VFG016034(gb|WP_011267346)	22.139	533	361	14	48	568	1556	2046	1.88e-16	83.6
g2951.t1	VFG015826(gb|WP_012273396)	24.314	547	350	18	50	575	2186	2689	2.57e-16	83.2
g2951.t1	VFG016066(gb|WP_011533065)	24.432	528	338	14	68	575	2201	2687	3.72e-16	82.8
g2951.t1	VFG016066(gb|WP_011533065)	24.691	486	324	18	70	545	3729	4182	4.73e-08	56.6
g2951.t1	VFG026553(gb|WP_016342474)	23.104	567	359	15	35	585	481	986	6.23e-16	82.0
g2951.t1	VFG026559(gb|WP_005061160)	22.438	566	364	13	35	585	481	986	8.28e-16	81.6
g2951.t1	VFG016062(gb|WP_165446461)	24.762	525	347	19	55	566	3737	4226	1.02e-15	81.3
g2951.t1	VFG016065(gb|WP_012051699)	23.993	546	353	17	50	575	2186	2689	1.07e-15	81.3
g2951.t1	VFG030400(gb|WP_081465621)	24.359	546	345	18	42	567	1	498	1.59e-15	79.3
g2951.t1	VFG015905(gb|WP_164920559)	23.290	541	344	18	56	583	563	1045	1.98e-15	80.5
g2951.t1	VFG015905(gb|WP_164920559)	22.306	529	337	15	56	566	4876	5348	4.92e-12	69.3
g2951.t1	VFG015905(gb|WP_164920559)	22.181	541	336	17	56	566	3790	4275	9.81e-09	58.9
g2951.t1	VFG015904(gb|WP_164920479)	23.946	522	317	19	49	549	4775	5237	2.96e-15	79.7
g2951.t1	VFG015904(gb|WP_164920479)	28.358	201	117	3	40	237	1548	1724	5.69e-11	65.9
g2951.t1	VFG015904(gb|WP_164920479)	21.818	495	290	14	42	500	461	894	4.74e-08	56.6
g2951.t1	VFG016064(gb|WP_010954996)	24.635	548	347	19	50	575	2186	2689	3.32e-15	79.7
g2951.t1	VFG034168(gb|WP_001088830)	23.400	547	358	19	46	577	23	523	3.42e-15	78.6
g2951.t1	VFG030387(gb|WP_015304695)	23.427	461	299	14	56	503	21	440	6.38e-15	77.8
g2951.t1	VFG016033(gb|WP_011103872)	21.915	543	359	11	40	566	1548	2041	6.40e-15	78.6
g2951.t1	VFG009493(gb|WP_083767360)	23.596	534	346	14	48	573	473	952	7.14e-15	78.6
g2951.t1	VFG016068(gb|WP_011335255)	24.404	545	333	19	57	573	2200	2693	1.00e-14	78.2
g2951.t1	VFG015908(gb|WP_164920478)	23.412	551	362	17	42	572	3734	4244	1.35e-14	77.8
g2951.t1	VFG015908(gb|WP_164920478)	24.105	531	344	18	35	549	5858	6345	1.05e-13	75.1
g2951.t1	VFG015908(gb|WP_164920478)	23.835	558	367	17	42	583	2647	3162	4.40e-13	72.8
g2951.t1	VFG015908(gb|WP_164920478)	25.455	275	172	5	49	321	6934	7177	1.07e-08	58.5
g2951.t1	VFG034175(gb|WP_001089765)	23.218	547	359	19	46	577	23	523	1.42e-14	76.6
g2951.t1	VFG034165(gb|WP_001088818)	23.218	547	359	19	46	577	23	523	1.47e-14	76.6
g2951.t1	VFG034160(gb|WP_001088819)	23.218	547	359	19	46	577	23	523	1.50e-14	76.6
g2951.t1	VFG016042(gb|WP_161440564)	25.788	539	331	19	49	566	517	1007	1.68e-14	77.4
g2951.t1	VFG016042(gb|WP_161440564)	23.583	547	341	19	48	566	1574	2071	1.46e-11	67.8
g2951.t1	VFG012565(gb|WP_001088833)	23.218	547	359	19	46	577	23	523	1.71e-14	76.3
g2951.t1	VFG044332(gb|WP_015874967)	23.218	547	359	19	46	577	23	523	1.88e-14	76.3
g2951.t1	VFG034164(gb|WP_001088823)	23.133	549	361	19	46	579	23	525	2.03e-14	76.3
g2951.t1	VFG009492(gb|WP_011893576)	22.388	536	348	10	43	567	483	961	2.05e-14	77.0
g2951.t1	VFG000359(gb|WP_001088826)	23.218	547	359	19	46	577	23	523	2.16e-14	75.9
g2951.t1	VFG048594(gb|YP_005227770)	23.218	547	359	19	46	577	23	523	2.16e-14	75.9
g2951.t1	VFG012564(gb|WP_001088826)	23.218	547	359	19	46	577	23	523	2.16e-14	75.9
g2951.t1	VFG012566(gb|WP_001088828)	23.218	547	359	19	46	577	23	523	2.20e-14	75.9
g2951.t1	VFG024001(gb|WP_013471370)	22.388	536	348	10	43	567	483	961	2.24e-14	77.0
g2951.t1	VFG016035(gb|WP_011168293)	21.723	534	355	12	48	566	1556	2041	3.14e-14	76.3
g2951.t1	VFG034174(gb|WP_001088834)	23.218	547	359	19	46	577	23	523	3.41e-14	75.5
g2951.t1	VFG044315(gb|WP_012492605)	23.150	527	341	16	66	572	2640	3122	3.86e-14	76.3
g2951.t1	VFG044315(gb|WP_012492605)	23.792	538	327	18	31	544	4	482	1.22e-11	68.2
g2951.t1	VFG050017(gb|WP_000960113)	22.993	548	354	15	43	568	26	527	4.05e-14	75.1
g2951.t1	VFG034170(gb|WP_001088812)	23.218	547	359	19	46	577	23	523	4.21e-14	75.1
g2951.t1	VFG048491(gb|WP_014228351)	21.631	564	370	15	27	566	442	957	4.81e-14	75.9
g2951.t1	VFG016067(gb|WP_011062464)	23.352	531	344	15	57	566	2206	2694	5.67e-14	75.9
g2951.t1	VFG016067(gb|WP_011062464)	24.847	491	325	19	66	545	3752	4209	1.97e-10	64.3
g2951.t1	VFG050016(gb|WP_000955358)	21.942	556	350	15	43	568	26	527	5.90e-14	74.7
g2951.t1	VFG016175(gb|WP_011168856)	23.077	468	312	16	46	503	26	455	6.42e-14	74.3
g2951.t1	VFG048490(gb|WP_014837772)	21.986	564	368	16	27	566	442	957	7.08e-14	75.1
g2951.t1	VFG020317(gb|WP_012614130)	23.158	570	364	16	49	601	518	1030	8.81e-14	75.1
g2951.t1	VFG020317(gb|WP_012614130)	30.851	188	101	6	52	237	3080	3240	5.70e-08	56.2
g2951.t1	VFG048593(gb|WP_014907267)	23.218	547	359	19	46	577	23	523	9.19e-14	73.9
g2951.t1	VFG009547(gb|WP_029104139)	22.669	547	354	17	48	568	31	534	9.55e-14	73.9
g2951.t1	VFG016061(gb|WP_162839071)	25.047	535	345	23	49	566	3731	4226	1.71e-13	74.3
g2951.t1	VFG016061(gb|WP_162839071)	22.407	540	348	18	52	566	2202	2695	2.53e-10	63.9
g2951.t1	VFG050149(gb|WP_001972441)	22.344	546	360	14	43	568	26	527	4.37e-13	72.0
g2951.t1	VFG016174(gb|WP_011104104)	24.051	474	317	15	43	506	18	458	5.40e-13	71.6
g2951.t1	VFG016044(gb|WP_011534374)	23.119	545	349	18	48	571	3086	3581	6.13e-13	72.4
g2951.t1	VFG016044(gb|WP_011534374)	25.831	391	234	15	213	573	655	1019	1.61e-11	67.8
g2951.t1	VFG016044(gb|WP_011534374)	22.920	589	370	20	36	601	1566	2093	4.80e-09	59.7
g2951.t1	VFG009491(gb|WP_011729886)	22.770	527	346	15	48	566	492	965	1.35e-12	71.2
g2951.t1	VFG048496(gb|WP_014599078)	21.933	538	352	14	52	566	465	957	1.72e-12	70.9
g2951.t1	VFG044393(gb|AAF33134)	24.862	543	347	19	52	572	54	557	2.06e-12	69.7
g2951.t1	VFG015823(gb|WP_012315380)	22.551	541	342	15	48	568	517	1000	2.40e-12	70.5
g2951.t1	VFG022714(gb|WP_013828478)	23.704	540	342	19	43	567	490	974	2.71e-12	70.1
g2951.t1	VFG003500(gb|WP_005168666)	22.852	547	361	19	46	577	23	523	3.29e-12	68.9
g2951.t1	VFG016060(gb|WP_003139218)	24.863	547	332	18	56	574	2200	2695	4.05e-12	69.7
g2951.t1	VFG016060(gb|WP_003139218)	23.660	541	348	19	55	566	3726	4230	1.05e-09	62.0
g2951.t1	VFG009545(gb|WP_011724530)	24.259	540	352	20	43	563	36	537	4.07e-12	68.9
g2951.t1	VFG050019(gb|WP_003185956)	21.402	542	368	14	43	567	26	526	4.28e-12	68.9
g2951.t1	VFG044316(gb|WP_012492606)	22.635	539	344	17	56	567	525	1017	7.12e-12	68.9
g2951.t1	VFG020074(gb|WP_012614121)	24.680	547	333	18	56	574	2200	2695	7.89e-12	68.9
g2951.t1	VFG020074(gb|WP_012614121)	23.660	541	348	19	55	566	3726	4230	1.24e-09	61.6
g2951.t1	VFG016058(gb|NP_251114)	24.680	547	333	18	56	574	2200	2695	8.60e-12	68.6
g2951.t1	VFG016058(gb|NP_251114)	23.670	545	343	19	55	566	3726	4230	2.48e-09	60.8
g2951.t1	VFG016037(gb|WP_011062375)	23.119	545	348	18	48	566	518	1017	1.20e-11	68.2
g2951.t1	VFG048494(gb|YP_005225740)	21.172	529	367	12	52	566	465	957	1.21e-11	67.8
g2951.t1	VFG048498(gb|WP_012737619)	21.172	529	367	12	52	566	465	957	1.21e-11	67.8
g2951.t1	VFG048497(gb|WP_041937591)	21.172	529	367	12	52	566	465	957	1.31e-11	67.8
g2951.t1	VFG048493(gb|WP_012542492)	20.983	529	368	12	52	566	465	957	2.33e-11	67.0
g2951.t1	VFG016063(gb|WP_166486371)	23.315	549	344	20	52	573	2202	2700	2.46e-11	67.0
g2951.t1	VFG016063(gb|WP_166486371)	23.389	543	344	19	49	566	3731	4226	3.18e-11	66.6
g2951.t1	VFG044432(gb|CAJ45639)	19.697	528	377	11	56	568	1997	2492	2.89e-11	67.0
g2951.t1	VFG050038(gb|WP_001133934)	21.140	544	385	14	30	566	447	953	3.54e-11	66.6
g2951.t1	VFG000168(gb|NP_252918)	23.256	516	331	16	43	525	35	518	3.66e-11	65.9
g2951.t1	VFG019335(gb|WP_004686826)	21.043	537	380	16	44	568	27	531	4.08e-11	65.5
g2951.t1	VFG011607(gb|WP_002969261)	21.043	537	380	16	44	568	27	531	4.27e-11	65.5
g2951.t1	VFG018292(gb|WP_004692639)	21.043	537	380	16	44	568	27	531	4.69e-11	65.5
g2951.t1	VFG020092(gb|WP_003118945)	23.214	504	322	16	55	525	47	518	6.39e-11	65.1
g2951.t1	VFG016130(gb|WP_003137468)	23.214	504	322	16	55	525	47	518	7.35e-11	64.7
g2951.t1	VFG048499(gb|WP_012968729)	20.794	529	369	12	52	566	465	957	7.35e-11	65.5
g2951.t1	VFG011610(gb|WP_006014905)	21.389	547	366	18	44	568	27	531	1.00e-10	64.3
g2951.t1	VFG011609(gb|WP_006191558)	20.857	537	381	16	44	568	27	531	1.64e-10	63.5
g2951.t1	VFG050045(gb|WP_001133952)	20.620	548	372	18	42	566	1519	2026	2.26e-10	63.9
g2951.t1	VFG015822(gb|WP_190273339)	24.000	550	353	18	40	570	1075	1578	3.19e-10	63.5
g2951.t1	VFG026649(gb|WP_015575197)	21.651	545	368	16	43	568	41	545	3.58e-10	62.8
g2951.t1	VFG022742(gb|WP_049793010)	22.462	463	301	17	48	489	40	465	3.64e-10	62.8
g2951.t1	VFG016059(gb|WP_012075639)	23.191	539	353	18	55	566	3726	4230	3.80e-10	63.2
g2951.t1	VFG016059(gb|WP_012075639)	25.785	605	346	23	16	574	2148	2695	9.08e-10	62.0
g2951.t1	VFG011606(gb|WP_011005507)	20.471	552	365	17	44	568	27	531	4.02e-10	62.4
g2951.t1	VFG050043(gb|NP_391076)	21.314	563	372	14	32	566	1504	2023	4.25e-10	63.2
g2951.t1	VFG029722(gb|WP_011725353)	23.783	534	323	17	56	571	1549	2016	6.35e-10	62.4
g2951.t1	VFG029722(gb|WP_011725353)	22.587	518	334	14	66	571	64	526	4.28e-07	53.1
g2951.t1	VFG021860(gb|WP_011726611)	22.628	548	336	19	32	563	6689	7164	7.71e-10	62.4
g2951.t1	VFG021860(gb|WP_011726611)	23.077	208	141	4	40	244	2593	2784	8.28e-06	49.3
g2951.t1	VFG050155(gb|WP_001972445)	20.293	547	375	17	42	566	1519	2026	1.04e-09	62.0
g2951.t1	VFG048591(gb|WP_014229386)	22.678	463	306	16	51	500	24	447	1.17e-09	60.8
g2951.t1	VFG009551(gb|WP_011560854)	21.729	451	313	14	51	489	45	467	1.49e-09	60.8
g2951.t1	VFG024026(gb|WP_014384379)	23.346	544	350	21	43	563	36	535	1.99e-09	60.1
g2951.t1	VFG024028(gb|WP_014382292)	23.346	544	350	21	43	563	36	535	2.29e-09	60.1
g2951.t1	VFG024030(gb|WP_014379792)	23.346	544	350	21	43	563	36	535	2.54e-09	60.1
g2951.t1	VFG022737(gb|YP_001702982)	20.474	464	317	13	56	503	55	482	2.79e-09	59.7
g2951.t1	VFG026660(gb|WP_020822192)	22.978	544	352	20	43	563	36	535	2.84e-09	59.7
g2951.t1	VFG026640(gb|WP_016342530)	20.851	470	308	15	56	503	55	482	3.20e-09	59.7
g2951.t1	VFG009532(gb|WP_011741370)	24.370	476	287	20	39	495	555	976	3.47e-09	60.1
g2951.t1	VFG044413(gb|AAR12528)	21.707	539	341	20	56	568	467	950	3.78e-09	59.7
g2951.t1	VFG024027(gb|WP_014711360)	22.978	544	352	20	43	563	36	535	4.16e-09	59.3
g2951.t1	VFG020077(gb|WP_015885148)	24.744	489	315	19	69	545	3716	4163	4.47e-09	59.7
g2951.t1	VFG026646(gb|WP_005058867)	20.851	470	308	15	56	503	55	482	4.49e-09	59.3
g2951.t1	VFG029724(gb|YP_001704825)	23.921	556	352	18	35	574	1544	2044	5.01e-09	59.7
g2951.t1	VFG009550(gb|WP_011856111)	21.652	448	317	13	51	489	45	467	6.51e-09	58.5
g2951.t1	VFG009549(gb|WP_011781018)	21.133	459	312	15	48	489	43	468	6.98e-09	58.5
g2951.t1	VFG030392(gb|WP_011725596)	23.471	507	304	17	56	550	48	482	7.08e-09	58.5
g2951.t1	VFG016041(gb|NP_251092)	23.091	537	328	20	56	568	3052	3527	7.98e-09	58.9
g2951.t1	VFG016041(gb|NP_251092)	23.782	513	306	20	56	544	525	976	2.00e-08	57.8
g2951.t1	VFG030391(gb|WP_003875182)	24.130	460	268	15	56	503	48	438	1.14e-08	57.8
g2951.t1	VFG029732(gb|WP_020724413)	23.971	559	348	19	35	574	1544	2044	1.56e-08	58.2
g2951.t1	VFG026624(gb|WP_015356481)	24.160	476	288	20	39	495	555	976	2.01e-08	57.4
g2951.t1	VFG029729(gb|WP_014385155)	23.596	534	324	17	56	571	1549	2016	2.44e-08	57.4
g2951.t1	VFG030421(gb|WP_179945037)	24.793	363	234	11	202	551	152	488	2.47e-08	56.6
g2951.t1	VFG009546(gb|WP_071497738)	21.063	489	313	18	43	506	38	478	2.47e-08	56.6
g2951.t1	VFG029728(gb|WP_014382788)	23.238	525	337	16	56	571	1549	2016	2.49e-08	57.4
g2951.t1	VFG015911(gb|WP_011267820)	23.035	547	339	17	52	570	31	523	2.67e-08	56.6
g2951.t1	VFG029733(gb|WP_020822858)	23.408	534	325	17	56	571	1549	2016	2.92e-08	57.0
g2951.t1	VFG022729(gb|WP_012395305)	24.160	476	288	20	39	495	555	976	3.03e-08	57.0
g2951.t1	VFG029727(gb|WP_014711949)	23.596	534	324	17	56	571	1549	2016	3.29e-08	57.0
g2951.t1	VFG029726(gb|WP_014942394)	23.448	580	339	20	10	571	1524	2016	3.74e-08	56.6
g2951.t1	VFG022736(gb|WP_012395312)	21.063	489	313	18	43	506	38	478	4.09e-08	56.2
g2951.t1	VFG026645(gb|WP_015356488)	20.825	485	319	17	43	506	38	478	4.42e-08	55.8
g2951.t1	VFG029730(gb|WP_009953336)	23.408	534	325	17	56	571	1549	2016	4.67e-08	56.6
g2951.t1	VFG020069(gb|WP_148235954)	30.851	188	101	6	52	237	2021	2181	6.11e-08	56.2
g2951.t1	VFG029699(gb|WP_014385156)	25.654	191	114	3	42	232	455	617	1.00e-07	55.5
g2951.t1	VFG029700(gb|WP_014380392)	25.654	191	114	3	42	232	455	617	1.07e-07	55.5
g2951.t1	VFG029698(gb|WP_014382789)	25.654	191	114	3	42	232	455	617	1.07e-07	55.5
g2951.t1	VFG029696(gb|WP_014942395)	25.654	191	114	3	42	232	455	617	1.10e-07	55.5
g2951.t1	VFG024025(gb|WP_013471365)	22.711	546	351	18	48	566	53	554	1.24e-07	54.7
g2951.t1	VFG009548(gb|WP_011893571)	22.711	546	351	18	48	566	48	549	1.35e-07	54.3
g2951.t1	VFG026642(gb|WP_015303464)	22.182	550	364	18	43	568	41	550	2.08e-07	53.9
g2951.t1	VFG001817(gb|NP_216900)	22.182	550	364	18	43	568	41	550	2.41e-07	53.5
g2951.t1	VFG044420(gb|AAR12562)	21.043	537	373	17	48	569	43	543	2.96e-07	53.1
g2951.t1	VFG030416(gb|YP_007959092)	24.272	309	210	11	262	567	14	301	3.19e-07	52.4
g2951.t1	VFG022739(gb|WP_014001248)	22.182	550	364	18	43	568	41	550	4.37e-07	52.8
g2951.t1	VFG030403(gb|WP_170320575)	22.461	512	311	16	56	551	48	489	1.05e-06	51.6
g2951.t1	VFG026644(gb|WP_015293659)	22.000	550	365	18	43	568	41	550	1.16e-06	51.6
g2951.t1	VFG029697(gb|WP_014711950)	25.131	191	115	3	42	232	455	617	1.35e-06	51.6
g2951.t1	VFG026628(gb|WP_003902259)	22.865	363	253	13	213	566	693	1037	6.12e-06	49.3
g2951.t1	VFG001403(gb|NP_216899)	22.865	363	253	13	213	566	693	1037	6.12e-06	49.3
g2951.t1	VFG009527(gb|WP_010924520)	22.865	363	253	13	213	566	693	1037	6.17e-06	49.3
g2951.t1	VFG009528(gb|WP_010950705)	22.865	363	253	13	213	566	693	1037	6.44e-06	49.3
g2951.t1	VFG009529(gb|WP_011799261)	22.865	363	253	13	213	566	693	1037	6.50e-06	49.3
