g1785.t1	VFG050298(gb|NP_250643)	36.478	159	99	2	46	204	35	191	1.96e-33	120
g1986.t1	VFG050298(gb|NP_250643)	100.000	226	0	0	1	226	1	226	1.20e-167	460
g4225.t1	VFG012480(gb|WP_000376543)	30.938	682	455	9	25	698	8	681	5.35e-99	320
g4225.t1	VFG000907(gb|WP_000376545)	30.792	682	456	9	25	698	8	681	8.76e-99	319
g4225.t1	VFG012478(gb|WP_000376544)	30.792	682	456	9	25	698	8	681	1.09e-98	319
g4225.t1	VFG033884(gb|WP_000376541)	30.792	682	456	9	25	698	8	681	1.53e-98	319
g4225.t1	VFG033885(gb|WP_000376538)	30.938	682	455	9	25	698	8	681	2.93e-98	318
g4225.t1	VFG033882(gb|WP_000987096)	28.940	698	478	10	23	711	6	694	2.61e-91	300
g4225.t1	VFG000841(gb|WP_000987091)	28.940	698	478	10	23	711	6	694	7.39e-91	298
g4225.t1	VFG001269(gb|WP_010929996)	30.479	689	467	7	16	699	4	685	3.24e-88	291
g4225.t1	VFG007023(gb|WP_149591715)	28.638	639	437	9	64	698	45	668	1.60e-83	278
g4225.t1	VFG007025(gb|WP_086016961)	28.660	642	433	9	64	698	45	668	8.03e-83	277
g4225.t1	VFG007026(gb|WP_155116723)	28.660	642	433	9	64	698	45	668	2.30e-82	275
g4225.t1	VFG038916(gb|WP_011705263)	30.269	707	456	8	21	716	2	682	1.30e-75	257
g4225.t1	VFG038918(gb|WP_164927583)	33.031	551	365	2	168	716	155	703	9.62e-69	239
g4225.t1	VFG002176(gb|AAM75252)	25.253	693	501	7	13	698	2	684	3.94e-57	206
g4225.t1	VFG044147(gb|NP_461701)	27.529	603	380	13	139	699	595	1182	5.39e-48	183
g4225.t1	VFG044147(gb|NP_461701)	26.539	471	317	11	244	698	101	558	5.57e-35	142
g4225.t1	VFG016185(gb|WP_011168851)	28.898	481	313	7	250	716	101	566	5.96e-43	164
g4225.t1	VFG044336(gb|WP_050767835)	25.336	596	400	10	138	699	594	1178	1.86e-42	166
g4225.t1	VFG044336(gb|WP_050767835)	30.159	315	209	5	406	713	263	573	1.53e-32	135
g4225.t1	VFG048551(gb|WP_011251260)	25.336	596	400	10	138	699	594	1178	5.42e-42	164
g4225.t1	VFG048551(gb|WP_011251260)	29.747	316	211	5	405	713	262	573	2.54e-32	134
g4225.t1	VFG009587(gb|WP_011731354)	31.658	398	266	5	306	701	153	546	5.61e-41	158
g4225.t1	VFG044143(gb|WP_002209483)	26.750	557	359	13	165	704	31	555	2.88e-40	156
g4225.t1	VFG044153(gb|WP_011063599)	29.247	571	359	14	165	719	27	568	4.05e-40	155
g4225.t1	VFG044304(gb|WP_000588838)	27.329	483	318	8	250	716	101	566	5.11e-40	155
g4225.t1	VFG009585(gb|WP_011724227)	38.589	241	142	3	464	701	310	547	6.12e-38	149
g4225.t1	VFG009584(gb|WP_003873185)	38.174	241	143	3	464	701	310	547	8.72e-38	149
g4225.t1	VFG026750(gb|WP_020822015)	29.352	494	313	13	230	701	68	547	1.05e-37	148
g4225.t1	VFG012510(gb|WP_001298170)	26.007	596	390	12	138	696	595	1176	1.25e-37	151
g4225.t1	VFG012510(gb|WP_001298170)	27.083	480	328	8	247	713	104	574	4.20e-35	143
g4225.t1	VFG012971(gb|WP_011378643)	26.007	596	390	12	138	696	595	1176	1.34e-37	151
g4225.t1	VFG012971(gb|WP_011378643)	27.083	480	328	8	247	713	104	574	1.84e-34	141
g4225.t1	VFG024069(gb|WP_014941520)	29.376	497	312	14	230	701	68	550	1.37e-37	148
g4225.t1	VFG012509(gb|WP_001111200)	26.007	596	390	12	138	696	595	1176	1.49e-37	150
g4225.t1	VFG012509(gb|WP_001111200)	26.915	483	331	8	244	713	101	574	1.28e-34	141
g4225.t1	VFG026736(gb|WP_015356663)	31.951	410	260	9	309	711	161	558	1.51e-37	148
g4225.t1	VFG022787(gb|WP_012395627)	31.951	410	260	9	309	711	161	558	1.56e-37	148
g4225.t1	VFG044228(gb|WP_044488032)	35.965	228	144	1	484	709	332	559	1.68e-37	148
g4225.t1	VFG033929(gb|WP_001111198)	26.007	596	390	12	138	696	595	1176	2.21e-37	150
g4225.t1	VFG033929(gb|WP_001111198)	27.083	480	328	8	247	713	104	574	1.29e-34	141
g4225.t1	VFG009586(gb|WP_011741578)	31.951	410	260	9	309	711	161	558	5.04e-37	146
g4225.t1	VFG024071(gb|WP_009952859)	29.175	497	313	14	230	701	68	550	5.29e-37	146
g4225.t1	VFG022788(gb|YP_001702996)	38.767	227	133	2	487	709	333	557	5.55e-37	146
g4225.t1	VFG024072(gb|WP_014384095)	28.398	493	322	11	230	701	68	550	6.20e-37	146
g4225.t1	VFG026731(gb|WP_005058854)	32.059	340	219	5	379	709	221	557	7.26e-37	146
g4225.t1	VFG034066(gb|WP_001296192)	38.075	239	140	4	464	698	292	526	7.36e-37	145
g4225.t1	VFG012511(gb|WP_001442133)	25.839	596	391	12	138	696	595	1176	9.06e-37	148
g4225.t1	VFG012511(gb|WP_001442133)	26.915	483	331	8	244	713	101	574	1.19e-34	142
g4225.t1	VFG003387(gb|WP_012413641)	38.075	239	140	4	464	698	292	526	1.05e-36	145
g4225.t1	VFG012541(gb|WP_001327954)	38.075	239	140	4	464	698	292	526	1.06e-36	145
g4225.t1	VFG046110(gb|WP_001317926)	38.075	239	140	4	464	698	292	526	1.07e-36	145
g4225.t1	VFG002747(gb|WP_001327262)	38.075	239	140	4	464	698	292	526	1.08e-36	145
g4225.t1	VFG044326(gb|WP_001327262)	38.075	239	140	4	464	698	292	526	1.08e-36	145
g4225.t1	VFG012539(gb|WP_001327262)	38.075	239	140	4	464	698	292	526	1.08e-36	145
g4225.t1	VFG024070(gb|WP_014711102)	29.175	497	313	14	230	701	68	550	1.08e-36	145
g4225.t1	VFG034064(gb|WP_001304268)	38.075	239	140	4	464	698	292	526	1.15e-36	145
g4225.t1	VFG034073(gb|WP_014640167)	38.075	239	140	4	464	698	292	526	1.17e-36	145
g4225.t1	VFG026734(gb|WP_015289787)	28.460	513	312	13	227	707	65	554	1.21e-36	145
g4225.t1	VFG000365(gb|WP_002214412)	38.075	239	140	4	464	698	292	526	1.22e-36	145
g4225.t1	VFG034058(gb|WP_001386872)	38.075	239	140	4	464	698	292	526	1.41e-36	145
g4225.t1	VFG021859(gb|WP_011726610)	26.362	569	378	18	159	707	24	571	1.43e-36	145
g4225.t1	VFG022793(gb|WP_013828472)	31.877	389	242	9	333	716	190	560	1.78e-36	145
g4225.t1	VFG012512(gb|WP_001111199)	26.131	597	388	13	138	696	595	1176	1.86e-36	147
g4225.t1	VFG012512(gb|WP_001111199)	26.915	483	331	8	244	713	101	574	1.10e-34	142
g4225.t1	VFG026735(gb|WP_015292877)	39.013	223	134	1	487	707	332	554	5.63e-36	143
g4225.t1	VFG009579(gb|NP_215865)	28.265	513	313	13	227	707	65	554	5.84e-36	143
g4225.t1	VFG048570(gb|WP_014907270)	37.657	239	141	4	464	698	292	526	6.01e-36	143
g4225.t1	VFG046674(gb|WP_012280806)	36.530	219	131	5	484	698	349	563	4.93e-35	140
g4225.t1	VFG048569(gb|WP_014229381)	36.546	249	148	4	464	707	292	535	1.30e-34	139
g4225.t1	VFG048568(gb|WP_014838499)	36.290	248	150	4	464	707	292	535	2.02e-34	138
g4225.t1	VFG016184(gb|WP_005762826)	28.632	468	295	10	250	698	101	548	2.50e-34	138
g4225.t1	VFG046688(gb|WP_041263713)	35.780	218	128	6	484	695	349	560	2.96e-34	138
g4225.t1	VFG034041(gb|WP_000654453)	31.250	304	201	3	407	707	268	566	8.61e-34	137
g4225.t1	VFG016186(gb|WP_005762824)	26.619	556	369	13	164	698	19	556	9.76e-34	137
g4225.t1	VFG016187(gb|WP_011168850)	26.776	549	377	13	164	698	19	556	1.43e-33	136
g4225.t1	VFG037258(gb|WP_001090101)	40.094	212	121	1	487	698	326	531	1.65e-33	135
g4225.t1	VFG034048(gb|WP_024256148)	31.250	304	201	3	407	707	268	566	1.89e-33	136
g4225.t1	VFG034049(gb|WP_000654452)	31.250	304	201	3	407	707	268	566	1.91e-33	136
g4225.t1	VFG012535(gb|WP_001327263)	31.250	304	201	3	407	707	268	566	1.91e-33	136
g4225.t1	VFG012536(gb|WP_001295637)	31.250	304	201	3	407	707	268	566	1.92e-33	136
g4225.t1	VFG034056(gb|WP_001608389)	31.250	304	201	3	407	707	268	566	3.32e-33	135
g4225.t1	VFG012538(gb|WP_001350678)	31.250	304	201	3	407	707	268	566	3.45e-33	135
g4225.t1	VFG048566(gb|WP_014907271)	31.250	304	201	3	407	707	268	566	3.48e-33	135
g4225.t1	VFG034051(gb|WP_014639938)	31.250	304	201	3	407	707	268	566	3.71e-33	135
g4225.t1	VFG012537(gb|WP_001304269)	31.250	304	201	3	407	707	268	566	3.78e-33	135
g4225.t1	VFG000366(gb|WP_002212761)	31.250	304	201	3	407	707	268	566	5.06e-33	134
g4225.t1	VFG044325(gb|WP_002212761)	31.250	304	201	3	407	707	268	566	5.06e-33	134
g4225.t1	VFG048567(gb|YP_005227763)	31.250	304	201	3	407	707	268	566	5.59e-33	134
g4225.t1	VFG034050(gb|WP_001446633)	31.250	304	201	3	407	707	268	566	5.59e-33	134
g4225.t1	VFG003507(gb|WP_005168689)	31.250	304	201	3	407	707	268	566	7.02e-33	134
g4225.t1	VFG018924(gb|WP_012229555)	31.250	304	201	3	407	707	268	566	9.74e-33	134
g4225.t1	VFG037261(gb|YP_001085396)	40.909	198	111	1	487	684	259	450	1.13e-32	132
g4225.t1	VFG044303(gb|WP_001044024)	25.424	472	320	12	242	698	96	550	1.62e-32	133
g4225.t1	VFG046680(gb|WP_003020700)	35.814	215	132	4	484	695	349	560	2.50e-32	132
g4225.t1	VFG037264(gb|WP_020753356)	39.151	212	123	1	487	698	326	531	2.65e-32	132
g4225.t1	VFG046673(gb|WP_003039938)	35.945	217	133	4	484	697	349	562	4.33e-32	131
g4225.t1	VFG046684(gb|WP_014549988)	35.945	217	133	4	484	697	349	562	4.62e-32	131
g4225.t1	VFG048564(gb|WP_014838498)	31.699	306	198	4	399	698	257	557	4.78e-32	132
g4225.t1	VFG048565(gb|WP_014229380)	31.429	315	205	4	399	707	257	566	5.18e-32	131
g4225.t1	VFG003506(gb|WP_042661463)	26.557	546	356	16	176	698	3	526	5.62e-32	131
g4225.t1	VFG046677(gb|WP_011648738)	35.814	215	132	4	484	695	352	563	6.41e-32	131
g4225.t1	VFG013249(gb|WP_011271803)	32.051	234	153	3	468	698	331	561	6.58e-32	131
g4225.t1	VFG046675(gb|WP_010031959)	35.814	215	132	4	484	695	349	560	7.16e-32	130
g4225.t1	VFG013251(gb|WP_012054790)	32.051	234	153	3	468	698	331	561	7.61e-32	131
g4225.t1	VFG013250(gb|WP_005687513)	32.051	234	153	3	468	698	331	561	8.80e-32	130
g4225.t1	VFG046678(gb|WP_012429567)	35.349	215	133	4	484	695	349	560	1.56e-31	129
g4225.t1	VFG009578(gb|WP_011731355)	37.838	222	130	4	481	698	603	820	3.15e-31	130
g4225.t1	VFG026714(gb|WP_005058852)	39.631	217	127	3	485	699	613	827	4.38e-31	130
g4225.t1	VFG026708(gb|WP_016342533)	39.631	217	127	3	485	699	613	827	4.38e-31	130
g4225.t1	VFG037260(gb|WP_001095752)	38.679	212	124	1	487	698	326	531	5.10e-31	127
g4225.t1	VFG044229(gb|WP_011533702)	38.983	236	140	3	483	716	350	583	5.65e-31	128
g4225.t1	VFG022781(gb|YP_001702997)	39.631	217	127	3	485	699	613	827	1.09e-30	129
g4225.t1	VFG013248(gb|WP_010868928)	31.651	218	146	2	484	698	344	561	1.87e-30	127
g4225.t1	VFG037266(gb|WP_001090102)	39.899	198	113	1	487	684	326	517	4.84e-30	125
g4225.t1	VFG013253(gb|WP_011609176)	32.569	218	144	2	484	698	339	556	1.34e-29	124
g4225.t1	VFG013149(gb|WP_041605303)	32.569	218	144	2	484	698	339	556	1.39e-29	124
g4225.t1	VFG013252(gb|WP_010945439)	34.404	218	140	2	484	698	339	556	1.69e-29	124
g4225.t1	VFG044091(gb|NP_252096)	33.813	278	176	3	407	681	256	528	2.90e-29	123
g4225.t1	VFG009576(gb|WP_024637120)	36.000	225	136	4	478	698	611	831	2.99e-28	121
g4225.t1	VFG022786(gb|WP_013828471)	36.744	215	132	3	486	698	615	827	3.07e-28	121
g4225.t1	VFG009575(gb|WP_003873186)	35.874	223	139	3	478	698	611	831	5.72e-28	120
g4225.t1	VFG026719(gb|WP_025202597)	35.747	221	134	4	482	698	605	821	3.16e-27	118
g4225.t1	VFG022783(gb|WP_014000720)	35.747	221	134	4	482	698	605	821	3.19e-27	118
g4225.t1	VFG022782(gb|WP_003910332)	35.747	221	134	4	482	698	605	821	3.30e-27	117
g4225.t1	VFG026726(gb|YP_005922613)	35.747	221	134	4	482	698	605	821	3.60e-27	117
g4225.t1	VFG022780(gb|WP_012395628)	37.688	199	121	2	503	699	640	837	3.68e-27	117
g4225.t1	VFG026710(gb|WP_015302951)	35.747	221	134	4	482	698	605	821	3.73e-27	117
g4225.t1	VFG009570(gb|NP_215864)	35.747	221	134	4	482	698	605	821	3.83e-27	117
g4225.t1	VFG026713(gb|WP_015356664)	37.688	199	121	2	503	699	640	837	5.95e-27	117
g4225.t1	VFG026712(gb|WP_015292876)	35.294	221	135	4	482	698	606	822	1.13e-26	116
g4225.t1	VFG009577(gb|WP_011741579)	37.688	199	121	2	503	699	640	837	1.24e-26	116
g4225.t1	VFG026711(gb|WP_015289786)	35.294	221	135	4	482	698	605	821	2.16e-26	115
g4225.t1	VFG026722(gb|YP_007957462)	34.842	221	136	4	482	698	608	824	1.71e-25	112
g4225.t1	VFG016110(gb|WP_012074239)	35.391	243	148	5	458	698	305	540	3.39e-25	110
g4225.t1	VFG016111(gb|WP_003137473)	37.407	270	149	9	458	718	305	563	4.89e-25	110
g4225.t1	VFG020087(gb|WP_012613544)	37.407	270	149	9	458	718	305	563	6.22e-25	109
g4225.t1	VFG016106(gb|WP_012074240)	34.545	220	141	2	481	698	322	540	7.65e-25	109
g4225.t1	VFG016107(gb|WP_003137474)	35.217	230	144	4	481	707	322	549	1.18e-24	108
g4225.t1	VFG001267(gb|NP_252913)	37.037	270	150	9	458	718	305	563	2.54e-24	107
g4225.t1	VFG016112(gb|WP_171053477)	37.879	198	120	2	503	698	350	546	2.78e-24	107
g4225.t1	VFG024067(gb|WP_036458564)	31.879	298	189	6	409	698	542	833	4.15e-24	108
g4225.t1	VFG044405(gb|CAA57069)	39.196	199	107	3	503	698	338	525	6.53e-24	106
g4225.t1	VFG026729(gb|WP_020822014)	31.667	300	187	7	409	698	542	833	8.39e-24	107
g4225.t1	VFG016108(gb|WP_011061774)	29.667	300	199	4	412	707	260	551	8.68e-24	106
g4225.t1	VFG024065(gb|WP_014711101)	31.544	298	190	6	409	698	542	833	1.47e-23	106
g4225.t1	VFG024068(gb|WP_014379607)	31.879	298	189	6	409	698	542	833	3.22e-23	105
g4225.t1	VFG024066(gb|WP_026071504)	31.544	298	190	6	409	698	542	833	4.81e-23	104
g4225.t1	VFG024064(gb|WP_043955645)	31.544	298	190	6	409	698	542	833	5.11e-23	104
g4225.t1	VFG001266(gb|NP_252912)	35.211	213	133	4	481	690	322	532	1.89e-22	102
g4225.t1	VFG020086(gb|WP_012613545)	35.211	213	133	4	481	690	322	532	1.98e-22	102
g4225.t1	VFG026747(gb|YP_005922614)	38.012	171	98	2	539	707	391	555	6.01e-22	100
g4225.t1	VFG013192(gb|WP_012340414)	32.432	222	127	9	486	698	3	210	5.06e-21	95.1
g4225.t1	VFG013573(gb|WP_011608934)	32.432	222	127	9	486	698	3	210	5.50e-21	95.1
g4225.t1	VFG036556(gb|WP_014581848)	34.286	210	121	7	499	698	15	217	6.47e-18	85.9
g4225.t1	VFG006259(gb|WP_003687540)	33.810	210	122	7	499	698	15	217	7.84e-18	85.5
g4225.t1	VFG013731(gb|WP_005291888)	29.204	226	137	6	486	698	24	239	1.09e-17	84.0
g4225.t1	VFG026717(gb|YP_007961261)	36.029	136	80	3	567	698	1	133	1.49e-17	80.9
g4225.t1	VFG036552(gb|WP_002214252)	34.286	210	121	7	499	698	15	217	1.68e-17	84.7
g4225.t1	VFG044135(gb|WP_002209058)	31.897	232	125	6	485	698	10	226	1.71e-17	83.2
g4225.t1	VFG001206(gb|WP_002219640)	34.286	210	121	7	499	698	15	217	1.79e-17	84.7
g4225.t1	VFG036553(gb|WP_014581175)	34.286	210	121	7	499	698	15	217	1.87e-17	84.3
g4225.t1	VFG044310(gb|WP_006486076)	30.769	221	142	6	485	698	6	222	1.96e-16	80.1
g4225.t1	VFG044077(gb|YP_002344985)	26.222	225	146	4	487	699	2	218	2.28e-16	79.7
g4225.t1	VFG030704(gb|WP_015292799)	30.085	236	147	8	485	712	2	227	2.69e-16	81.6
g4225.t1	VFG030689(gb|WP_014000675)	30.085	236	147	8	485	712	2	227	3.19e-16	81.3
g4225.t1	VFG036559(gb|WP_013449339)	32.143	224	135	7	499	712	15	231	3.32e-16	80.9
g4225.t1	VFG044105(gb|WP_010922614)	27.615	239	136	7	480	698	1	222	4.65e-16	79.0
g4225.t1	VFG044172(gb|WP_000622316)	34.259	216	121	7	496	698	9	216	4.68e-16	78.6
g4225.t1	VFG000344(gb|WP_005693820)	29.464	224	131	7	489	698	14	224	5.97e-16	80.1
g4225.t1	VFG030671(gb|NP_215754)	30.085	236	147	8	485	712	2	227	6.00e-16	80.5
g4225.t1	VFG030673(gb|WP_010908121)	29.487	234	147	8	485	710	2	225	6.06e-16	80.5
g4225.t1	VFG030691(gb|WP_012395776)	28.390	236	151	8	485	712	2	227	6.91e-16	80.1
g4225.t1	VFG030705(gb|WP_015356778)	28.390	236	151	8	485	712	2	227	7.23e-16	80.1
g4225.t1	VFG013070(gb|WP_001626196)	33.796	216	122	7	496	698	9	216	9.21e-16	77.8
g4225.t1	VFG044236(gb|WP_011815405)	33.186	226	130	6	485	698	10	226	1.19e-15	77.8
g4225.t1	VFG013572(gb|WP_080334646)	29.911	224	130	8	489	698	9	219	1.21e-15	79.0
g4225.t1	VFG013571(gb|WP_032821670)	29.464	224	131	7	489	698	14	224	1.23e-15	79.0
g4225.t1	VFG030706(gb|WP_005059672)	31.416	226	129	10	485	698	2	213	1.38e-15	79.3
g4225.t1	VFG030700(gb|WP_005098896)	31.416	226	129	10	485	698	2	213	1.40e-15	79.3
g4225.t1	VFG030724(gb|WP_015308640)	31.282	195	117	7	507	693	23	208	1.73e-15	79.0
g4225.t1	VFG015820(gb|WP_012273662)	25.132	378	230	14	346	698	194	543	1.85e-15	79.7
g4225.t1	VFG030692(gb|WP_013828150)	29.661	236	148	8	485	712	2	227	2.47e-15	78.6
g4225.t1	VFG016024(gb|WP_011267350)	28.319	226	139	6	486	702	335	546	3.80e-15	79.0
g4225.t1	VFG030686(gb|YP_001702115)	30.973	226	130	10	485	698	2	213	4.21e-15	77.8
g4225.t1	VFG015821(gb|WP_012315374)	25.442	452	273	19	284	705	132	549	4.53e-15	78.6
g4225.t1	VFG016025(gb|WP_005753277)	28.319	226	139	6	486	702	335	546	5.63e-15	78.2
g4225.t1	VFG030684(gb|WP_011781637)	29.730	222	138	8	485	698	2	213	5.72e-15	77.4
g4225.t1	VFG000160(gb|NP_251087)	29.289	239	144	5	480	705	323	549	6.06e-15	78.2
g4225.t1	VFG037278(gb|WP_139161447)	29.060	234	146	3	465	694	301	518	7.84e-15	77.8
g4225.t1	VFG030680(gb|WP_011856409)	30.808	198	114	7	507	693	23	208	1.03e-14	76.6
g4225.t1	VFG030681(gb|WP_011561359)	30.808	198	114	7	507	693	23	208	1.06e-14	76.6
g4225.t1	VFG030679(gb|WP_011730288)	30.808	198	120	7	509	698	29	217	1.26e-14	76.6
g4225.t1	VFG030715(gb|YP_007957369)	29.237	236	149	7	485	712	2	227	1.48e-14	76.3
g4225.t1	VFG044250(gb|WP_005311724)	31.222	221	128	6	503	707	22	234	2.67e-14	73.6
g4225.t1	VFG037280(gb|WP_001281545)	29.185	233	145	3	465	693	310	526	3.60e-14	75.9
g4225.t1	VFG016023(gb|WP_011103875)	28.000	225	139	6	486	701	335	545	3.76e-14	75.9
g4225.t1	VFG020065(gb|WP_012614134)	25.926	378	226	15	346	698	194	542	3.93e-14	75.5
g4225.t1	VFG037272(gb|WP_001281555)	29.185	233	145	3	465	693	310	526	4.68e-14	75.5
g4225.t1	VFG037277(gb|WP_031967279)	29.614	233	144	3	465	693	301	517	5.08e-14	75.1
g4225.t1	VFG037274(gb|WP_001281538)	29.614	233	144	3	465	693	310	526	5.38e-14	75.1
g4225.t1	VFG037273(gb|WP_001281554)	29.185	233	145	3	465	693	310	526	6.36e-14	75.1
g4225.t1	VFG030675(gb|WP_003875535)	28.636	220	139	8	485	696	2	211	1.05e-13	73.6
g4225.t1	VFG030676(gb|WP_011724098)	28.636	220	139	8	485	696	2	211	1.07e-13	73.6
g4225.t1	VFG007238(gb|WP_000379797)	32.020	203	129	5	503	698	35	235	1.30e-13	71.6
g4225.t1	VFG030697(gb|WP_014382019)	30.102	196	124	7	507	696	23	211	1.52e-13	73.2
g4225.t1	VFG030695(gb|WP_014941456)	30.102	196	124	7	507	696	23	211	1.55e-13	72.8
g4225.t1	VFG030696(gb|WP_014711073)	30.102	196	124	7	507	696	23	211	1.60e-13	72.8
g4225.t1	VFG030699(gb|WP_009957422)	30.102	196	124	7	507	696	23	211	1.68e-13	72.8
g4225.t1	VFG030722(gb|WP_020821925)	30.102	196	124	7	507	696	23	211	1.74e-13	72.8
g4225.t1	VFG015913(gb|WP_011267822)	26.693	251	168	5	468	710	323	565	1.93e-13	73.6
g4225.t1	VFG016027(gb|WP_041168379)	27.111	225	145	4	481	698	330	542	2.73e-13	72.8
g4225.t1	VFG013719(gb|WP_011013622)	30.693	202	128	7	504	698	19	215	4.20e-13	70.1
g4225.t1	VFG013718(gb|WP_011896674)	30.693	202	128	7	504	698	19	215	6.55e-13	69.7
g4225.t1	VFG016026(gb|WP_010954971)	22.743	576	356	24	169	705	24	549	9.04e-13	71.2
g4225.t1	VFG030694(gb|WP_013471930)	28.899	218	142	7	485	696	2	212	9.41e-13	70.5
g4225.t1	VFG030678(gb|WP_011894706)	28.899	218	142	7	485	696	2	212	1.11e-12	70.5
g4225.t1	VFG016029(gb|WP_011062372)	28.054	221	139	5	486	698	335	543	1.23e-12	70.9
g4225.t1	VFG035924(gb|WP_000593973)	30.542	203	115	8	503	691	16	206	1.84e-12	67.0
g4225.t1	VFG016021(gb|WP_003148545)	27.273	220	141	4	486	698	336	543	2.20e-12	70.1
g4225.t1	VFG044213(gb|WP_000403742)	26.484	219	151	5	487	698	1	216	2.30e-12	67.8
g4225.t1	VFG021792(gb|WP_013241846)	26.606	218	120	5	503	698	31	230	3.53e-12	67.4
g4225.t1	VFG021858(gb|WP_003891342)	30.000	210	139	4	504	706	352	560	3.91e-12	69.3
g4225.t1	VFG013730(gb|WP_010934773)	30.964	197	131	2	507	698	26	222	4.29e-12	67.0
g4225.t1	VFG021794(gb|WP_013240890)	29.612	206	130	5	503	698	39	239	5.39e-12	67.0
g4225.t1	VFG020068(gb|WP_012723750)	28.125	224	135	6	486	698	335	543	1.80e-11	67.0
g4225.t1	VFG016167(gb|WP_004665393)	28.643	199	136	2	485	679	2	198	2.24e-11	64.7
g4225.t1	VFG044295(gb|WP_004243181)	29.717	212	122	8	503	698	24	224	2.86e-11	64.7
g4225.t1	VFG021855(gb|WP_011726608)	28.387	155	111	0	503	657	27	181	3.68e-11	64.3
g4225.t1	VFG048486(gb|WP_004223579)	27.389	157	110	2	503	657	22	176	4.03e-11	63.9
g4225.t1	VFG044358(gb|WP_013317301)	27.660	188	130	2	496	679	13	198	4.35e-11	63.9
g4225.t1	VFG013716(gb|WP_041626280)	27.706	231	138	10	484	699	5	221	5.72e-11	63.9
g4225.t1	VFG007909(gb|WP_003876146)	26.364	220	146	6	486	698	5	215	6.04e-11	64.3
g4225.t1	VFG048489(gb|WP_012968728)	27.389	157	110	2	503	657	22	176	6.28e-11	63.5
g4225.t1	VFG048488(gb|WP_002893737)	27.389	157	110	2	503	657	22	176	8.28e-11	63.2
g4225.t1	VFG048483(gb|WP_012542491)	27.389	157	110	2	503	657	22	176	8.36e-11	63.2
g4225.t1	VFG016166(gb|WP_003372869)	29.500	200	133	4	485	679	2	198	8.41e-11	63.2
g4225.t1	VFG016028(gb|WP_011534370)	27.962	211	132	5	501	705	353	549	8.62e-11	65.1
g4225.t1	VFG013025(gb|WP_000140630)	28.025	157	109	2	503	657	22	176	1.12e-10	62.8
g4225.t1	VFG020177(gb|WP_000140632)	28.025	157	109	2	503	657	22	176	1.23e-10	62.8
g4225.t1	VFG013021(gb|WP_000140647)	28.025	157	109	2	503	657	22	176	1.40e-10	62.8
g4225.t1	VFG013022(gb|NP_706444)	28.025	157	109	2	503	657	22	176	1.53e-10	62.4
g4225.t1	VFG000925(gb|WP_000140634)	28.025	157	109	2	503	657	22	176	2.15e-10	62.0
g4225.t1	VFG013728(gb|WP_011273788)	28.829	222	141	7	501	709	18	235	2.43e-10	61.6
g4225.t1	VFG013026(gb|WP_000140653)	27.389	157	110	2	503	657	22	176	3.57e-10	61.2
g4225.t1	VFG013733(gb|WP_003854229)	28.293	205	133	5	503	698	19	218	7.37e-10	60.5
g4225.t1	VFG016030(gb|WP_011333314)	25.940	266	158	9	458	705	305	549	7.61e-10	62.0
g4225.t1	VFG048481(gb|WP_014228352)	26.752	157	111	2	503	657	22	176	8.30e-10	60.1
g4225.t1	VFG007911(gb|WP_010908851)	23.950	238	166	6	480	710	1	230	1.06e-09	60.5
g4225.t1	VFG019986(gb|WP_015886547)	34.804	204	101	8	479	669	3	187	1.14e-09	59.3
g4225.t1	VFG048480(gb|WP_014837773)	26.752	157	111	2	503	657	22	176	1.46e-09	59.3
g4225.t1	VFG044362(gb|WP_033111968)	29.114	158	98	3	507	657	23	173	1.61e-09	59.3
g4225.t1	VFG013734(gb|WP_011013698)	27.805	205	134	5	503	698	19	218	2.50e-09	58.5
g4225.t1	VFG015379(gb|WP_011979124)	33.161	193	85	9	493	663	16	186	2.56e-09	58.2
g4225.t1	VFG013715(gb|WP_010934432)	28.992	238	142	9	477	703	3	224	2.67e-09	58.9
g4225.t1	VFG007904(gb|NP_217452)	25.543	184	132	2	480	663	1	179	3.06e-09	59.3
g4225.t1	VFG008825(gb|WP_015355163)	23.207	237	167	5	480	710	1	228	3.14e-09	59.3
g4225.t1	VFG008835(gb|WP_009939128)	25.543	184	132	2	480	663	1	179	3.43e-09	58.9
g4225.t1	VFG007912(gb|WP_011740072)	23.207	237	167	5	480	710	1	228	3.66e-09	58.9
g4225.t1	VFG007915(gb|WP_011560224)	25.962	208	139	5	514	714	38	237	3.66e-09	59.3
g4225.t1	VFG011190(gb|WP_003807078)	29.187	209	122	9	500	701	41	230	3.72e-09	59.3
g4225.t1	VFG044100(gb|NP_253394)	30.660	212	124	7	503	700	16	218	3.77e-09	58.2
g4225.t1	VFG007907(gb|WP_003414846)	25.543	184	132	2	480	663	1	179	3.93e-09	58.9
g4225.t1	VFG008823(gb|WP_015291060)	25.543	184	132	2	480	663	1	179	4.03e-09	58.9
g4225.t1	VFG037056(gb|WP_180298705)	29.353	201	114	5	518	702	32	220	5.30e-09	57.4
g4225.t1	VFG022453(gb|WP_012393578)	23.207	237	167	5	480	710	1	228	5.98e-09	58.2
g4225.t1	VFG037053(gb|WP_173361995)	30.348	201	112	6	518	702	32	220	6.74e-09	57.0
g4225.t1	VFG002059(gb|NP_248763)	31.937	191	90	8	493	663	16	186	7.29e-09	57.0
g4225.t1	VFG015380(gb|WP_003136959)	33.505	194	83	10	493	663	16	186	8.22e-09	56.6
g4225.t1	VFG044173(gb|WP_005477430)	27.064	218	149	6	487	698	2	215	8.87e-09	57.0
g4225.t1	VFG013727(gb|WP_004566911)	29.851	201	127	6	507	698	32	227	1.02e-08	57.0
g4225.t1	VFG044314(gb|WP_012492604)	28.112	249	157	8	468	707	335	570	1.04e-08	58.5
g4225.t1	VFG012579(gb|WP_000983706)	29.412	170	101	4	511	671	30	189	1.10e-08	57.0
g4225.t1	VFG021788(gb|WP_013241313)	27.619	210	135	6	500	699	18	220	1.31e-08	56.6
g4225.t1	VFG005775(gb|WP_000403526)	27.523	218	143	6	487	698	3	211	2.77e-08	55.8
g4225.t1	VFG035919(gb|WP_000621743)	28.272	191	119	7	503	684	16	197	2.85e-08	54.7
g4225.t1	VFG008680(gb|WP_015309619)	23.830	235	162	7	486	713	7	231	2.88e-08	56.2
g4225.t1	VFG035923(gb|WP_000621745)	27.461	193	118	7	503	684	16	197	3.56e-08	54.3
g4225.t1	VFG012577(gb|WP_000983702)	28.824	170	102	4	511	671	30	189	5.96e-08	54.7
g4225.t1	VFG037047(gb|WP_010361246)	28.713	202	116	5	518	703	32	221	6.02e-08	54.3
g4225.t1	VFG012576(gb|WP_000983716)	28.824	170	102	4	511	671	30	189	6.29e-08	54.7
g4225.t1	VFG037050(gb|WP_169577348)	28.713	202	116	5	518	703	32	221	6.30e-08	54.3
g4225.t1	VFG037048(gb|WP_002255537)	28.358	201	116	5	518	702	32	220	6.36e-08	54.3
g4225.t1	VFG037046(gb|WP_176607322)	28.358	201	116	5	518	702	32	220	7.30e-08	53.9
g4225.t1	VFG045320(gb|WP_010946510)	24.757	206	131	7	502	701	78	265	7.76e-08	55.5
g4225.t1	VFG007913(gb|WP_011894249)	28.095	210	124	8	514	710	33	228	8.36e-08	54.7
g4225.t1	VFG023849(gb|WP_013471676)	28.095	210	124	8	514	710	33	228	9.30e-08	54.7
g4225.t1	VFG037052(gb|WP_002229142)	29.851	201	113	6	518	702	32	220	1.21e-07	53.1
g4225.t1	VFG013702(gb|WP_010934023)	31.073	177	106	6	486	657	2	167	1.24e-07	53.5
g4225.t1	VFG049050(gb|WP_015958690)	28.922	204	121	7	499	696	48	233	1.31e-07	54.7
g4225.t1	VFG037054(gb|WP_187287149)	29.064	203	112	7	518	702	32	220	1.51e-07	53.1
g4225.t1	VFG002181(gb|WP_002387127)	26.623	154	92	4	502	653	55	189	1.57e-07	54.3
g4225.t1	VFG049059(gb|WP_020956643)	28.070	228	138	9	489	710	27	234	1.76e-07	54.3
g4225.t1	VFG037045(gb|WP_173024114)	27.861	201	117	5	518	702	32	220	1.85e-07	52.8
g4225.t1	VFG037062(gb|WP_181778380)	28.358	201	116	5	518	702	32	220	2.07e-07	52.8
g4225.t1	VFG007914(gb|WP_011780329)	27.700	213	121	8	514	710	33	228	2.34e-07	53.1
g4225.t1	VFG044225(gb|WP_011533698)	24.299	214	155	3	503	711	16	227	3.02e-07	52.4
g4225.t1	VFG002563(gb|WP_004194035)	26.106	226	139	10	494	711	11	216	4.39e-07	51.2
g4225.t1	VFG044189(gb|WP_011179200)	24.893	233	136	7	503	711	16	233	6.75e-07	51.2
g4225.t1	VFG049057(gb|WP_012541096)	27.632	228	139	9	489	710	27	234	8.01e-07	52.0
g4225.t1	VFG013717(gb|WP_006769628)	25.116	215	136	6	507	707	23	226	8.02e-07	51.2
g4225.t1	VFG007255(gb|WP_000615308)	23.684	190	138	3	514	698	27	214	1.08e-06	50.4
g4225.t1	VFG026305(gb|WP_009889305)	27.488	211	107	8	503	698	20	199	1.46e-06	49.7
g4225.t1	VFG037390(gb|WP_000582116)	22.120	217	160	4	487	698	2	214	1.90e-06	50.1
g4225.t1	VFG037392(gb|WP_000582124)	22.581	217	159	4	487	698	2	214	2.66e-06	49.3
g4225.t1	VFG037386(gb|WP_000582115)	22.120	217	160	4	487	698	2	214	3.28e-06	49.3
g4225.t1	VFG000696(gb|AAP42188)	24.434	221	131	8	487	696	2	197	3.36e-06	48.5
g4225.t1	VFG037384(gb|WP_000582117)	22.120	217	160	4	487	698	2	214	3.56e-06	48.9
g4225.t1	VFG050298(gb|NP_250643)	25.532	141	94	3	8	137	38	178	4.01e-06	48.5
g4225.t1	VFG036716(gb|WP_002215285)	33.871	62	39	1	487	546	2	63	7.16e-06	47.8
g4225.t1	VFG006316(gb|WP_002218516)	33.871	62	39	1	487	546	2	63	7.16e-06	47.8
g4225.t1	VFG000258(gb|WP_002224750)	33.871	62	39	1	487	546	2	63	7.16e-06	47.8
g4225.t1	VFG015383(gb|WP_011064245)	33.684	190	88	9	493	663	15	185	7.37e-06	47.8
