g1095.t1	VFG001238(gb|NP_249771)	100.000	462	0	0	1	462	1	462	0.0	925
g1095.t1	VFG014189(gb|WP_003086405)	99.784	462	1	0	1	462	1	462	0.0	925
g1095.t1	VFG014188(gb|WP_012076727)	95.022	462	23	0	1	462	1	462	0.0	891
g1095.t1	VFG014198(gb|WP_012019040)	64.719	462	139	5	1	462	1	438	0.0	570
g1095.t1	VFG014199(gb|WP_011912563)	55.032	467	176	7	1	462	1	438	3.18e-170	485
g1095.t1	VFG015650(gb|WP_012273528)	49.244	463	209	5	1	461	1	439	1.72e-144	420
g1095.t1	VFG014193(gb|WP_010955102)	47.732	463	216	6	1	461	1	439	2.56e-139	407
g1095.t1	VFG015651(gb|WP_012315559)	47.368	475	211	7	1	461	1	450	1.99e-138	405
g1095.t1	VFG014195(gb|WP_011534931)	47.925	482	210	8	1	461	1	462	1.08e-135	398
g1095.t1	VFG014197(gb|WP_011335507)	47.992	473	203	9	1	461	1	442	3.71e-134	394
g1095.t1	VFG014191(gb|WP_011268459)	48.060	464	215	8	1	461	1	441	5.14e-131	385
g1095.t1	VFG014196(gb|WP_011062740)	48.305	472	207	12	1	461	1	446	2.22e-128	379
g1095.t1	VFG014190(gb|WP_005767033)	47.210	466	215	7	1	461	1	440	1.48e-126	374
g1095.t1	VFG014192(gb|WP_004664434)	47.009	468	213	9	1	461	1	440	2.31e-126	374
g1095.t1	VFG019798(gb|WP_015885454)	42.463	471	223	9	1	461	1	433	1.94e-108	328
g1095.t1	VFG001994(gb|WP_010946951)	43.158	475	219	9	1	462	1	437	2.69e-104	317
g1095.t1	VFG043130(gb|WP_005463978)	42.581	465	193	13	1	460	1	396	1.08e-102	311
g1095.t1	VFG038798(gb|WP_005350660)	39.095	486	236	11	1	462	1	450	1.56e-94	292
g1095.t1	VFG025654(gb|WP_009893444)	40.260	462	226	7	1	461	1	413	1.08e-93	289
g1095.t1	VFG002511(gb|WP_004197255)	39.610	462	229	6	1	461	1	413	1.09e-93	289
g1095.t1	VFG025652(gb|WP_011850940)	39.394	462	230	6	1	461	1	413	4.98e-93	287
g1095.t1	VFG038797(gb|WP_005320207)	38.750	480	242	14	1	462	1	446	7.47e-92	285
g1095.t1	VFG038795(gb|WP_011706641)	40.042	472	245	13	1	462	1	444	2.13e-91	284
g1095.t1	VFG025642(gb|WP_011546415)	40.173	463	225	7	1	461	1	413	1.06e-90	281
g1095.t1	VFG025645(gb|WP_006477562)	40.173	463	225	7	1	461	1	413	1.30e-90	281
g1095.t1	VFG038796(gb|WP_016351321)	38.413	479	243	13	1	462	1	444	8.40e-90	280
g1095.t1	VFG043186(gb|AAZ99748)	37.716	464	216	11	1	460	1	395	6.35e-88	273
g1095.t1	VFG038874(gb|WP_005314263)	37.179	468	213	9	1	460	1	395	5.01e-87	271
g1095.t1	VFG025644(gb|WP_006485700)	39.913	461	229	5	1	461	1	413	8.72e-86	269
g1095.t1	VFG011288(gb|WP_012417360)	37.849	465	227	12	1	462	1	406	4.62e-81	256
g1095.t1	VFG043230(gb|WP_002211432)	34.968	469	240	9	1	461	1	412	1.89e-76	244
g1095.t1	VFG011286(gb|WP_010928062)	37.014	489	265	14	1	462	1	473	3.22e-74	240
g1095.t1	VFG043077(gb|WP_000885860)	35.118	467	232	10	1	462	1	401	4.06e-74	238
g1095.t1	VFG011285(gb|WP_003817180)	36.179	492	265	13	1	462	1	473	2.15e-73	238
g1095.t1	VFG043025(gb|NP_460148)	35.546	467	232	10	1	462	1	403	4.21e-72	233
g1095.t1	VFG014194(gb|WP_012051598)	42.492	313	144	5	1	300	1	290	2.37e-70	233
g1095.t1	VFG014194(gb|WP_012051598)	44.828	290	134	5	173	461	319	583	4.43e-68	227
g1095.t1	VFG002348(gb|WP_005160443)	34.764	466	253	10	1	462	1	419	2.94e-70	228
g1095.t1	VFG011287(gb|WP_003811887)	35.992	489	270	15	1	462	1	473	6.60e-70	229
g1095.t1	VFG007343(gb|WP_011078338)	33.404	470	269	12	1	462	1	434	3.56e-67	221
g1095.t1	VFG007342(gb|WP_005462291)	33.263	475	266	12	1	462	1	437	9.77e-67	220
g1095.t1	VFG002677(gb|WP_002211113)	33.263	472	261	10	1	462	1	428	1.32e-66	219
g1095.t1	VFG007340(gb|WP_000122825)	33.475	469	270	13	1	462	1	434	8.81e-62	207
g1095.t1	VFG007345(gb|WP_005420399)	32.059	471	272	9	1	462	1	432	1.64e-59	201
g1095.t1	VFG043261(gb|NP_464224)	27.991	468	257	15	7	461	9	409	6.83e-35	134
g1095.t1	VFG016764(gb|WP_005767730)	28.696	460	257	16	7	462	11	403	1.89e-33	130
g1095.t1	VFG043424(gb|WP_000588316)	26.923	468	258	15	7	461	9	405	1.24e-30	122
g1095.t1	VFG011984(gb|WP_011732339)	44.444	126	70	0	337	462	785	910	5.05e-25	108
g1095.t1	VFG011984(gb|WP_011732339)	31.408	277	147	9	6	262	8	261	1.36e-21	98.2
g1095.t1	VFG006644(gb|WP_011578093)	41.463	123	72	0	340	462	595	717	7.90e-24	104
g1095.t1	VFG006644(gb|WP_011578093)	37.255	153	82	3	6	144	8	160	9.81e-16	79.7
g1095.t1	VFG019621(gb|WP_000946398)	41.463	123	72	0	340	462	595	717	8.42e-24	104
g1095.t1	VFG019621(gb|WP_000946398)	36.601	153	83	3	6	144	8	160	5.91e-15	77.4
g1095.t1	VFG006643(gb|WP_000946397)	41.463	123	72	0	340	462	595	717	8.57e-24	104
g1095.t1	VFG006643(gb|WP_000946397)	36.601	153	83	3	6	144	8	160	5.66e-15	77.4
g1095.t1	VFG019620(gb|WP_000946410)	41.463	123	72	0	340	462	595	717	8.81e-24	104
g1095.t1	VFG019620(gb|WP_000946410)	36.601	153	83	3	6	144	8	160	6.02e-15	77.4
g1095.t1	VFG006641(gb|WP_000946429)	41.463	123	72	0	340	462	595	717	8.81e-24	104
g1095.t1	VFG006641(gb|WP_000946429)	36.601	153	83	3	6	144	8	160	5.86e-15	77.4
g1095.t1	VFG000278(gb|WP_000946389)	41.463	123	72	0	340	462	595	717	8.89e-24	104
g1095.t1	VFG000278(gb|WP_000946389)	36.601	153	83	3	6	144	8	160	5.71e-15	77.4
g1095.t1	VFG019622(gb|WP_000946426)	41.463	123	72	0	340	462	595	717	8.97e-24	104
g1095.t1	VFG019622(gb|WP_000946426)	36.601	153	83	3	6	144	8	160	6.23e-15	77.0
g1095.t1	VFG018063(gb|WP_012006803)	31.071	280	152	8	185	462	611	851	3.05e-23	103
g1095.t1	VFG018063(gb|WP_012006803)	34.659	176	100	5	6	166	8	183	4.20e-18	87.4
g1095.t1	VFG011982(gb|WP_011050019)	31.071	280	152	8	185	462	604	844	3.09e-23	103
g1095.t1	VFG011982(gb|WP_011050019)	37.410	139	75	3	6	132	8	146	5.09e-18	87.0
g1095.t1	VFG001930(gb|YP_002345095)	30.389	283	150	8	185	462	624	864	4.76e-23	102
g1095.t1	VFG001930(gb|YP_002345095)	34.659	176	100	5	6	166	8	183	2.89e-18	87.8
g1095.t1	VFG006645(gb|WP_011116543)	43.089	123	70	0	340	462	595	717	5.59e-23	102
g1095.t1	VFG006645(gb|WP_011116543)	31.507	219	121	5	6	195	8	226	7.36e-17	83.2
g1095.t1	VFG017814(gb|WP_011991001)	31.071	280	152	8	185	462	634	874	1.31e-22	101
g1095.t1	VFG017814(gb|WP_011991001)	37.313	134	72	3	6	127	8	141	4.95e-17	84.0
g1095.t1	VFG011983(gb|WP_009883169)	30.714	280	153	8	185	462	597	837	2.39e-22	100
g1095.t1	VFG011983(gb|WP_009883169)	38.060	134	71	3	6	127	8	141	6.85e-18	86.7
g1095.t1	VFG001913(gb|YP_002344116)	40.789	152	77	4	2	140	4	155	5.12e-20	89.4
g1095.t1	VFG001913(gb|YP_002344116)	35.165	91	59	0	372	462	172	262	6.15e-10	59.7
g1095.t1	VFG017800(gb|WP_011990419)	40.789	152	77	4	2	140	4	155	1.23e-19	88.2
g1095.t1	VFG017800(gb|WP_011990419)	35.165	91	59	0	372	462	172	262	5.66e-10	59.7
g1095.t1	VFG006701(gb|WP_000946438)	47.368	95	50	0	368	462	167	261	8.69e-18	82.8
g1095.t1	VFG006701(gb|WP_000946438)	39.370	127	65	2	8	122	10	136	2.50e-17	81.6
g1095.t1	VFG006700(gb|WP_000946433)	39.370	127	65	2	8	122	10	136	1.90e-17	82.0
g1095.t1	VFG006700(gb|WP_000946433)	46.316	95	51	0	368	462	167	261	2.64e-17	81.6
g1095.t1	VFG006703(gb|WP_011577213)	46.316	95	51	0	368	462	167	261	2.60e-17	81.6
g1095.t1	VFG006703(gb|WP_011577213)	39.370	127	65	2	8	122	10	136	5.76e-17	80.5
g1095.t1	VFG006702(gb|WP_000946437)	39.370	127	65	2	8	122	10	136	2.62e-17	81.6
g1095.t1	VFG006702(gb|WP_000946437)	46.316	95	51	0	368	462	167	261	2.75e-17	81.6
g1095.t1	VFG014219(gb|WP_010955100)	37.410	139	73	3	5	130	7	144	2.68e-17	81.6
g1095.t1	VFG014219(gb|WP_010955100)	36.364	110	63	1	343	452	149	251	3.46e-10	60.5
g1095.t1	VFG015654(gb|WP_012273525)	37.410	139	73	3	5	130	7	144	6.24e-17	80.5
g1095.t1	VFG015654(gb|WP_012273525)	37.273	110	62	1	343	452	149	251	4.73e-11	63.2
g1095.t1	VFG014225(gb|WP_011912565)	37.313	134	72	3	8	129	10	143	1.08e-16	79.7
g1095.t1	VFG014225(gb|WP_011912565)	37.778	90	56	0	365	454	164	253	3.55e-11	63.5
g1095.t1	VFG006704(gb|WP_011115921)	39.098	133	69	2	20	140	22	154	1.20e-16	79.7
g1095.t1	VFG006704(gb|WP_011115921)	39.583	96	58	0	367	462	166	261	9.58e-16	77.0
g1095.t1	VFG014217(gb|WP_003412455)	36.842	171	88	6	5	157	7	175	1.37e-16	79.3
g1095.t1	VFG014217(gb|WP_003412455)	37.778	90	56	0	369	458	169	258	1.12e-10	62.0
g1095.t1	VFG001996(gb|WP_010946953)	39.062	128	66	3	8	123	10	137	2.16e-16	79.0
g1095.t1	VFG001996(gb|WP_010946953)	44.828	87	48	0	370	456	169	255	1.07e-14	73.9
g1095.t1	VFG017778(gb|WP_011989460)	36.508	126	76	2	340	462	420	544	2.24e-16	81.3
g1095.t1	VFG017778(gb|WP_011989460)	39.024	123	68	3	2	119	4	124	1.08e-14	76.3
g1095.t1	VFG014216(gb|WP_002554310)	36.257	171	89	6	5	157	7	175	2.37e-16	78.6
g1095.t1	VFG014216(gb|WP_002554310)	37.778	90	56	0	369	458	169	258	1.16e-10	62.0
g1095.t1	VFG011836(gb|WP_002866624)	36.508	126	76	2	340	462	420	544	2.58e-16	81.3
g1095.t1	VFG011836(gb|WP_002866624)	39.024	123	68	3	2	119	4	124	1.01e-14	76.3
g1095.t1	VFG001891(gb|YP_002343514)	36.508	126	76	2	340	462	420	544	2.90e-16	80.9
g1095.t1	VFG001891(gb|YP_002343514)	39.024	123	68	3	2	119	4	124	1.12e-14	76.3
g1095.t1	VFG015655(gb|WP_012315556)	36.691	139	74	3	5	130	7	144	3.06e-16	78.6
g1095.t1	VFG015655(gb|WP_012315556)	36.364	110	63	1	343	452	149	251	4.17e-10	60.1
g1095.t1	VFG001240(gb|NP_249773)	36.296	135	74	3	8	130	10	144	2.42e-15	75.9
g1095.t1	VFG001240(gb|NP_249773)	37.500	112	63	1	343	454	149	253	3.81e-13	69.3
g1095.t1	VFG014224(gb|WP_003247067)	35.556	135	75	3	8	130	10	144	3.16e-15	75.5
g1095.t1	VFG014224(gb|WP_003247067)	41.111	90	53	0	365	454	164	253	3.29e-12	66.6
g1095.t1	VFG043301(gb|WP_011860704)	35.211	142	69	2	6	124	8	149	3.61e-15	76.3
g1095.t1	VFG043301(gb|WP_011860704)	39.000	100	54	2	366	462	231	326	3.32e-12	67.4
g1095.t1	VFG014220(gb|WP_012051601)	35.252	139	76	3	5	130	7	144	3.85e-15	75.1
g1095.t1	VFG014220(gb|WP_012051601)	34.821	112	66	1	343	454	149	253	1.20e-09	58.9
g1095.t1	VFG019802(gb|WP_005790105)	36.957	138	73	3	5	129	7	143	5.40e-15	74.7
g1095.t1	VFG019802(gb|WP_005790105)	36.667	90	57	0	365	454	164	253	5.35e-10	59.7
g1095.t1	VFG038789(gb|WP_005320202)	38.947	95	58	0	365	459	165	259	6.19e-15	74.7
g1095.t1	VFG038789(gb|WP_005320202)	35.606	132	72	4	5	123	7	138	1.75e-12	67.4
g1095.t1	VFG014221(gb|WP_011534928)	35.507	138	75	3	5	129	7	143	9.67e-15	73.9
g1095.t1	VFG014221(gb|WP_011534928)	33.929	112	67	1	343	454	149	253	3.92e-09	57.4
g1095.t1	VFG011925(gb|WP_011731853)	35.433	127	70	2	8	122	10	136	1.20e-14	73.6
g1095.t1	VFG011925(gb|WP_011731853)	38.462	91	56	0	372	462	171	261	1.67e-13	70.5
g1095.t1	VFG038788(gb|WP_011706639)	36.220	127	66	2	334	459	147	259	1.69e-14	73.2
g1095.t1	VFG038788(gb|WP_011706639)	35.606	132	72	4	5	123	7	138	4.53e-13	68.9
g1095.t1	VFG014222(gb|WP_011059950)	34.058	138	79	2	5	130	7	144	1.78e-14	73.2
g1095.t1	VFG014222(gb|WP_011059950)	38.636	88	54	0	365	452	164	251	1.10e-09	58.9
g1095.t1	VFG006655(gb|WP_011115026)	34.586	133	77	2	340	462	612	744	2.12e-14	75.5
g1095.t1	VFG006655(gb|WP_011115026)	25.625	160	96	4	8	147	10	166	8.50e-06	48.1
g1095.t1	VFG006651(gb|WP_001000278)	25.510	294	156	10	185	462	358	604	2.17e-14	75.5
g1095.t1	VFG019626(gb|WP_001000298)	25.510	294	156	10	185	462	358	604	2.43e-14	75.1
g1095.t1	VFG019628(gb|WP_001000226)	25.510	294	156	10	185	462	358	604	2.52e-14	75.1
g1095.t1	VFG014223(gb|WP_011333017)	35.252	139	76	3	5	130	7	144	3.22e-14	72.4
g1095.t1	VFG014223(gb|WP_011333017)	37.500	88	55	0	365	452	164	251	8.03e-10	59.3
g1095.t1	VFG007333(gb|WP_011262374)	34.545	165	92	4	8	156	10	174	3.26e-14	72.4
g1095.t1	VFG007333(gb|WP_011262374)	39.080	87	53	0	368	454	168	254	3.42e-12	66.6
g1095.t1	VFG016772(gb|WP_005767770)	35.556	135	74	3	2	123	3	137	4.24e-14	72.0
g1095.t1	VFG016772(gb|WP_005767770)	35.185	108	68	2	357	462	155	262	1.06e-11	65.1
g1095.t1	VFG019627(gb|WP_001000257)	25.510	294	156	10	185	462	358	604	5.78e-14	73.9
g1095.t1	VFG006652(gb|WP_001000225)	25.510	294	156	10	185	462	358	604	5.78e-14	73.9
g1095.t1	VFG006653(gb|WP_001000248)	25.510	294	156	10	185	462	358	604	5.83e-14	73.9
g1095.t1	VFG002513(gb|WP_004197257)	35.338	133	74	2	2	122	4	136	7.24e-14	71.2
g1095.t1	VFG002513(gb|WP_004197257)	34.821	112	72	1	351	461	149	260	5.01e-11	63.2
g1095.t1	VFG025680(gb|WP_009893440)	35.338	133	74	2	2	122	4	136	9.23e-14	71.2
g1095.t1	VFG025680(gb|WP_009893440)	35.714	112	71	1	351	461	149	260	1.84e-11	64.3
g1095.t1	VFG011837(gb|WP_011731673)	36.364	143	79	3	6	136	8	150	9.89e-14	73.2
g1095.t1	VFG011837(gb|WP_011731673)	31.746	126	83	1	340	462	420	545	3.57e-13	71.2
g1095.t1	VFG002346(gb|WP_005160438)	34.328	134	76	3	2	123	4	137	1.15e-13	70.9
g1095.t1	VFG002346(gb|WP_005160438)	37.755	98	59	1	366	461	163	260	2.89e-11	63.5
g1095.t1	VFG007330(gb|WP_005382032)	40.698	86	51	0	369	454	169	254	1.46e-13	70.5
g1095.t1	VFG007330(gb|WP_005382032)	30.872	149	90	3	8	143	10	158	1.33e-10	61.6
g1095.t1	VFG025669(gb|WP_006477564)	34.586	133	75	2	2	122	4	136	2.10e-13	70.1
g1095.t1	VFG025669(gb|WP_006477564)	35.398	113	72	1	351	462	149	261	7.62e-12	65.5
g1095.t1	VFG043132(gb|WP_005481471)	33.594	128	73	2	8	123	10	137	2.32e-13	70.1
g1095.t1	VFG043132(gb|WP_005481471)	35.556	90	52	2	372	458	171	257	2.31e-08	55.1
g1095.t1	VFG025670(gb|WP_006485706)	34.586	133	75	2	2	122	4	136	2.38e-13	69.7
g1095.t1	VFG025670(gb|WP_006485706)	35.398	113	72	1	351	462	149	261	7.76e-12	65.5
g1095.t1	VFG025668(gb|WP_011546414)	34.586	133	75	2	2	122	4	136	2.44e-13	69.7
g1095.t1	VFG025668(gb|WP_011546414)	35.398	113	72	1	351	462	149	261	7.91e-12	65.5
g1095.t1	VFG043079(gb|WP_000625837)	34.328	134	76	3	2	123	4	137	2.54e-13	69.7
g1095.t1	VFG043079(gb|WP_000625837)	37.778	90	56	0	372	461	171	260	1.36e-10	61.6
g1095.t1	VFG043027(gb|NP_460150)	34.328	134	76	3	2	123	4	137	3.66e-13	69.3
g1095.t1	VFG043027(gb|NP_460150)	37.778	90	56	0	372	461	171	260	4.51e-11	63.2
g1095.t1	VFG038790(gb|WP_005334158)	35.606	132	72	3	5	123	7	138	4.48e-13	68.9
g1095.t1	VFG038790(gb|WP_005334158)	38.947	95	58	0	365	459	165	259	1.40e-12	67.8
g1095.t1	VFG007331(gb|WP_011078336)	39.535	86	52	0	369	454	169	254	4.70e-13	68.9
g1095.t1	VFG007331(gb|WP_011078336)	30.909	165	98	5	8	156	10	174	3.94e-11	63.2
g1095.t1	VFG043231(gb|WP_002211430)	41.975	81	47	0	372	452	171	251	4.77e-13	68.9
g1095.t1	VFG043231(gb|WP_002211430)	33.858	127	72	3	8	122	10	136	1.67e-11	64.3
g1095.t1	VFG003433(gb|WP_011192166)	34.328	134	76	3	2	123	4	137	6.47e-13	68.6
g1095.t1	VFG003433(gb|WP_011192166)	36.735	98	60	1	366	461	163	260	1.95e-10	61.2
g1095.t1	VFG020239(gb|WP_012413656)	34.328	134	76	3	2	123	4	137	7.38e-13	68.6
g1095.t1	VFG020239(gb|WP_012413656)	36.735	98	60	1	366	461	163	260	4.78e-10	60.1
g1095.t1	VFG006654(gb|WP_011578128)	25.170	294	157	10	185	462	358	604	9.47e-13	70.1
g1095.t1	VFG007328(gb|WP_001182097)	36.190	105	66	1	351	454	150	254	1.13e-12	67.8
g1095.t1	VFG007328(gb|WP_001182097)	31.852	135	79	3	8	129	10	144	1.32e-12	67.8
g1095.t1	VFG011295(gb|WP_003811883)	29.851	134	82	2	2	123	4	137	2.00e-11	64.3
g1095.t1	VFG011295(gb|WP_003811883)	32.222	90	61	0	372	461	172	261	3.86e-08	54.3
g1095.t1	VFG011293(gb|WP_010930325)	29.851	134	82	2	2	123	4	137	9.23e-11	62.0
g1095.t1	VFG011293(gb|WP_010930325)	32.222	90	61	0	372	461	172	261	4.19e-08	54.3
g1095.t1	VFG038876(gb|WP_005314259)	34.483	87	57	0	372	458	171	257	1.78e-10	61.2
g1095.t1	VFG038876(gb|WP_005314259)	29.600	125	76	2	8	120	10	134	5.01e-10	60.1
g1095.t1	VFG043188(gb|AAZ99750)	34.483	87	57	0	372	458	185	271	2.12e-10	61.2
g1095.t1	VFG043188(gb|AAZ99750)	29.600	125	76	2	8	120	24	148	5.48e-10	60.1
g1095.t1	VFG043315(gb|WP_009901767)	35.200	125	72	3	3	119	5	128	2.26e-10	60.8
g1095.t1	VFG011296(gb|WP_012417362)	28.358	134	84	2	2	123	4	137	1.41e-09	58.5
g1095.t1	VFG011296(gb|WP_012417362)	32.222	90	61	0	372	461	172	261	4.26e-09	57.0
g1095.t1	VFG019581(gb|WP_001179161)	29.697	165	78	7	17	150	19	176	9.88e-08	53.1
g1095.t1	VFG025667(gb|WP_009893442)	33.333	153	94	4	19	163	21	173	2.11e-07	52.0
g1095.t1	VFG002512(gb|WP_004185014)	32.680	153	95	4	19	163	21	173	4.69e-07	50.8
g1095.t1	VFG006573(gb|WP_001179244)	31.200	125	64	4	17	122	19	140	1.15e-06	50.1
g1095.t1	VFG025663(gb|WP_004525901)	35.714	126	73	4	19	136	21	146	1.22e-06	49.7
g1095.t1	VFG038875(gb|WP_005314261)	32.743	113	71	3	7	118	9	117	1.30e-06	49.3
g1095.t1	VFG006572(gb|WP_001179202)	31.200	125	64	4	17	122	19	140	1.31e-06	49.7
g1095.t1	VFG006571(gb|WP_001179185)	29.221	154	75	6	17	139	19	169	1.36e-06	49.7
g1095.t1	VFG014210(gb|WP_011333016)	27.389	157	93	5	22	167	24	170	1.63e-06	49.3
g1095.t1	VFG019580(gb|WP_001179199)	30.400	125	65	4	17	122	19	140	2.53e-06	48.9
g1095.t1	VFG038793(gb|WP_005320205)	32.673	101	63	3	5	104	7	103	4.51e-06	47.8
g1095.t1	VFG043187(gb|AAZ99749)	32.773	119	61	5	7	117	9	116	5.70e-06	47.4
g1095.t1	VFG043314(gb|WP_011860711)	31.200	125	70	3	18	130	20	140	7.63e-06	47.4
g1095.t1	VFG014209(gb|WP_011059949)	26.752	157	94	5	22	167	24	170	9.39e-06	47.0
g1095.t1	VFG019579(gb|WP_001179197)	29.600	125	66	4	17	122	19	140	9.58e-06	47.0
g1096.t1	VFG043025(gb|NP_460148)	100.000	403	0	0	1	403	1	403	0.0	805
g1096.t1	VFG043077(gb|WP_000885860)	87.841	403	47	1	1	403	1	401	0.0	701
g1096.t1	VFG002348(gb|WP_005160443)	63.183	421	135	5	1	403	1	419	1.83e-179	506
g1096.t1	VFG002677(gb|WP_002211113)	60.047	428	146	4	1	403	1	428	2.63e-175	495
g1096.t1	VFG011288(gb|WP_012417360)	42.512	414	219	7	1	403	1	406	6.09e-97	295
g1096.t1	VFG014199(gb|WP_011912563)	41.270	441	218	7	1	403	1	438	1.50e-94	290
g1096.t1	VFG025642(gb|WP_011546415)	42.689	424	210	8	1	402	1	413	8.85e-91	280
g1096.t1	VFG025645(gb|WP_006477562)	42.689	424	210	8	1	402	1	413	1.02e-90	279
g1096.t1	VFG025654(gb|WP_009893444)	41.475	434	201	10	1	402	1	413	1.07e-89	276
g1096.t1	VFG002511(gb|WP_004197255)	41.628	430	206	9	1	402	1	413	1.24e-87	271
g1096.t1	VFG025652(gb|WP_011850940)	41.628	430	206	9	1	402	1	413	1.48e-87	271
g1096.t1	VFG025644(gb|WP_006485700)	42.453	424	211	8	1	402	1	413	1.44e-85	266
g1096.t1	VFG014192(gb|WP_004664434)	40.583	446	215	11	1	402	1	440	7.26e-82	257
g1096.t1	VFG014191(gb|WP_011268459)	39.326	445	223	10	1	402	1	441	9.91e-81	254
g1096.t1	VFG015650(gb|WP_012273528)	39.062	448	218	11	1	402	1	439	3.51e-80	253
g1096.t1	VFG014190(gb|WP_005767033)	39.910	446	218	11	1	402	1	440	2.49e-79	251
g1096.t1	VFG014193(gb|WP_010955102)	38.427	445	225	11	1	402	1	439	5.08e-77	245
g1096.t1	VFG043230(gb|WP_002211432)	39.336	422	226	11	1	402	1	412	2.56e-75	239
g1096.t1	VFG043130(gb|WP_005463978)	38.810	420	214	11	1	401	1	396	2.80e-75	239
g1096.t1	VFG001238(gb|NP_249771)	35.608	469	229	11	1	403	1	462	1.56e-74	239
g1096.t1	VFG014189(gb|WP_003086405)	35.608	469	229	11	1	403	1	462	2.42e-74	238
g1096.t1	VFG014198(gb|WP_012019040)	37.246	443	233	8	1	403	1	438	3.82e-74	237
g1096.t1	VFG015651(gb|WP_012315559)	36.623	456	229	11	1	402	1	450	1.28e-73	236
g1096.t1	VFG014188(gb|WP_012076727)	35.394	469	230	11	1	403	1	462	3.55e-73	236
g1096.t1	VFG014197(gb|WP_011335507)	38.565	446	226	13	1	402	1	442	6.11e-73	234
g1096.t1	VFG043186(gb|AAZ99748)	38.765	405	234	8	1	401	1	395	3.21e-72	231
g1096.t1	VFG014196(gb|WP_011062740)	38.000	450	227	12	1	402	1	446	3.19e-70	227
g1096.t1	VFG014195(gb|WP_011534931)	36.034	469	226	13	1	402	1	462	7.46e-69	224
g1096.t1	VFG019798(gb|WP_015885454)	36.073	438	239	9	1	402	1	433	8.19e-68	221
g1096.t1	VFG038795(gb|WP_011706641)	34.831	445	247	10	1	403	1	444	7.60e-65	213
g1096.t1	VFG038796(gb|WP_016351321)	34.899	447	244	10	1	403	1	444	7.93e-65	213
g1096.t1	VFG038874(gb|WP_005314263)	35.784	408	242	8	1	401	1	395	8.03e-64	209
g1096.t1	VFG038797(gb|WP_005320207)	33.703	451	246	11	1	403	1	446	1.98e-62	207
g1096.t1	VFG001994(gb|WP_010946951)	34.305	446	241	11	1	403	1	437	2.45e-62	206
g1096.t1	VFG038798(gb|WP_005350660)	33.333	453	249	10	1	403	1	450	2.84e-61	204
g1096.t1	VFG007342(gb|WP_005462291)	30.839	441	254	12	6	403	5	437	2.23e-59	199
g1096.t1	VFG007340(gb|WP_000122825)	31.891	439	249	13	6	403	5	434	1.91e-58	196
g1096.t1	VFG007345(gb|WP_005420399)	32.494	437	247	14	6	403	5	432	9.23e-57	192
g1096.t1	VFG007343(gb|WP_011078338)	30.385	441	253	12	6	403	5	434	9.47e-57	192
g1096.t1	VFG011285(gb|WP_003817180)	55.233	172	68	3	1	169	1	166	1.01e-48	171
g1096.t1	VFG011285(gb|WP_003817180)	39.516	248	142	4	163	403	227	473	6.79e-42	153
g1096.t1	VFG011286(gb|WP_010928062)	55.233	172	68	3	1	169	1	166	1.05e-48	171
g1096.t1	VFG011286(gb|WP_010928062)	39.516	248	142	4	163	403	227	473	1.99e-42	154
g1096.t1	VFG011287(gb|WP_003811887)	53.488	172	71	3	1	169	1	166	1.98e-45	162
g1096.t1	VFG011287(gb|WP_003811887)	39.113	248	143	4	163	403	227	473	6.14e-41	150
g1096.t1	VFG016764(gb|WP_005767730)	30.170	411	257	8	6	403	10	403	6.77e-43	154
g1096.t1	VFG043261(gb|NP_464224)	30.569	422	248	15	6	402	8	409	1.26e-39	145
g1096.t1	VFG043424(gb|WP_000588316)	27.972	429	246	9	6	402	8	405	5.19e-39	144
g1096.t1	VFG014194(gb|WP_012051598)	36.918	279	144	8	1	255	1	271	2.79e-37	142
g1096.t1	VFG014194(gb|WP_012051598)	31.716	268	146	6	169	402	319	583	1.25e-32	129
g1096.t1	VFG006644(gb|WP_011578093)	34.363	259	156	4	158	403	460	717	3.38e-34	134
g1096.t1	VFG006644(gb|WP_011578093)	28.261	276	152	9	2	233	4	277	7.01e-14	73.2
g1096.t1	VFG019621(gb|WP_000946398)	36.052	233	137	4	183	403	485	717	1.11e-33	132
g1096.t1	VFG019621(gb|WP_000946398)	28.261	276	152	9	2	233	4	277	5.81e-14	73.6
g1096.t1	VFG019622(gb|WP_000946426)	36.052	233	137	4	183	403	485	717	1.13e-33	132
g1096.t1	VFG019622(gb|WP_000946426)	28.261	276	152	9	2	233	4	277	3.75e-14	74.3
g1096.t1	VFG006641(gb|WP_000946429)	36.052	233	137	4	183	403	485	717	2.85e-33	131
g1096.t1	VFG006641(gb|WP_000946429)	28.261	276	152	9	2	233	4	277	5.51e-14	73.6
g1096.t1	VFG000278(gb|WP_000946389)	36.052	233	137	4	183	403	485	717	2.85e-33	131
g1096.t1	VFG000278(gb|WP_000946389)	29.870	231	125	6	2	196	4	233	1.04e-13	72.8
g1096.t1	VFG006643(gb|WP_000946397)	36.052	233	137	4	183	403	485	717	3.02e-33	131
g1096.t1	VFG006643(gb|WP_000946397)	28.261	276	152	9	2	233	4	277	6.30e-14	73.6
g1096.t1	VFG019620(gb|WP_000946410)	36.052	233	137	4	183	403	485	717	3.19e-33	131
g1096.t1	VFG019620(gb|WP_000946410)	28.261	276	152	9	2	233	4	277	5.66e-14	73.6
g1096.t1	VFG006645(gb|WP_011116543)	33.333	240	134	4	183	403	485	717	3.08e-30	122
g1096.t1	VFG006645(gb|WP_011116543)	32.218	239	119	8	2	200	4	239	4.44e-19	89.4
g1096.t1	VFG011984(gb|WP_011732339)	34.855	241	133	7	183	403	674	910	2.15e-29	120
g1096.t1	VFG011984(gb|WP_011732339)	32.044	181	104	3	7	168	9	189	1.97e-15	78.2
g1096.t1	VFG011982(gb|WP_011050019)	34.016	244	131	9	184	403	607	844	8.67e-27	112
g1096.t1	VFG011982(gb|WP_011050019)	34.831	178	97	3	2	160	4	181	1.36e-17	84.7
g1096.t1	VFG001930(gb|YP_002345095)	33.891	239	138	7	184	403	627	864	1.60e-26	112
g1096.t1	VFG001930(gb|YP_002345095)	34.831	178	97	3	2	160	4	181	4.32e-17	83.6
g1096.t1	VFG018063(gb|WP_012006803)	34.016	244	131	9	184	403	614	851	2.14e-26	111
g1096.t1	VFG018063(gb|WP_012006803)	34.831	178	97	3	2	160	4	181	4.06e-17	83.6
g1096.t1	VFG011983(gb|WP_009883169)	33.054	239	140	7	184	403	600	837	2.50e-26	111
g1096.t1	VFG011983(gb|WP_009883169)	33.831	201	112	5	2	181	4	204	3.85e-18	86.7
g1096.t1	VFG017814(gb|WP_011991001)	33.054	239	140	7	184	403	637	874	8.28e-26	109
g1096.t1	VFG017814(gb|WP_011991001)	32.836	201	114	5	2	181	4	204	1.88e-16	81.3
g1096.t1	VFG017778(gb|WP_011989460)	33.990	203	117	4	213	403	347	544	3.29e-23	101
g1096.t1	VFG017778(gb|WP_011989460)	33.884	121	71	1	2	113	4	124	2.52e-11	65.1
g1096.t1	VFG001891(gb|YP_002343514)	33.990	203	117	4	213	403	347	544	5.92e-23	100
g1096.t1	VFG001891(gb|YP_002343514)	33.058	121	72	1	2	113	4	124	1.74e-10	62.4
g1096.t1	VFG011836(gb|WP_002866624)	33.498	203	118	4	213	403	347	544	1.18e-22	99.8
g1096.t1	VFG011836(gb|WP_002866624)	33.058	121	72	1	2	113	4	124	1.73e-10	62.4
g1096.t1	VFG006701(gb|WP_000946438)	44.538	119	65	1	286	403	143	261	5.02e-21	91.7
g1096.t1	VFG006701(gb|WP_000946438)	39.850	133	62	1	2	116	4	136	3.30e-19	86.7
g1096.t1	VFG006700(gb|WP_000946433)	44.538	119	65	1	286	403	143	261	6.94e-21	91.3
g1096.t1	VFG006700(gb|WP_000946433)	39.098	133	63	1	2	116	4	136	4.82e-19	85.9
g1096.t1	VFG006702(gb|WP_000946437)	44.538	119	65	1	286	403	143	261	7.08e-21	91.3
g1096.t1	VFG006702(gb|WP_000946437)	39.850	133	62	1	2	116	4	136	3.50e-19	86.7
g1096.t1	VFG006703(gb|WP_011577213)	44.538	119	65	1	286	403	143	261	7.65e-21	91.3
g1096.t1	VFG006703(gb|WP_011577213)	39.850	133	62	1	2	116	4	136	8.63e-19	85.5
g1096.t1	VFG016772(gb|WP_005767770)	39.695	131	60	1	2	113	3	133	5.38e-20	89.0
g1096.t1	VFG016772(gb|WP_005767770)	36.792	106	66	1	291	395	148	253	6.23e-14	71.2
g1096.t1	VFG014221(gb|WP_011534928)	38.028	142	68	2	6	129	8	147	1.18e-19	87.8
g1096.t1	VFG014221(gb|WP_011534928)	38.053	113	69	1	286	397	143	255	2.11e-14	72.8
g1096.t1	VFG011925(gb|WP_011731853)	38.571	140	76	3	272	403	124	261	4.92e-19	85.9
g1096.t1	VFG011925(gb|WP_011731853)	37.594	133	65	1	2	116	4	136	1.71e-17	81.6
g1096.t1	VFG001913(gb|YP_002344116)	38.806	134	63	2	2	116	4	137	8.78e-19	85.5
g1096.t1	VFG001913(gb|YP_002344116)	35.036	137	79	3	275	403	128	262	1.37e-16	79.0
g1096.t1	VFG006704(gb|WP_011115921)	39.552	134	73	2	278	403	128	261	1.25e-18	84.7
g1096.t1	VFG006704(gb|WP_011115921)	35.338	133	68	1	2	116	4	136	3.20e-16	77.8
g1096.t1	VFG014223(gb|WP_011333017)	36.957	138	67	2	6	125	8	143	1.26e-18	84.7
g1096.t1	VFG014223(gb|WP_011333017)	38.938	113	68	1	286	397	143	255	2.29e-15	75.5
g1096.t1	VFG043231(gb|WP_002211430)	44.340	106	58	1	293	397	150	255	1.29e-18	84.7
g1096.t1	VFG043231(gb|WP_002211430)	33.858	127	66	1	8	116	10	136	3.98e-12	65.9
g1096.t1	VFG014222(gb|WP_011059950)	41.593	113	65	1	286	397	143	255	6.43e-18	82.8
g1096.t1	VFG014222(gb|WP_011059950)	35.507	138	69	2	6	125	8	143	2.73e-17	80.9
g1096.t1	VFG014220(gb|WP_012051601)	35.507	138	69	2	6	125	8	143	6.88e-18	82.8
g1096.t1	VFG014220(gb|WP_012051601)	41.593	113	65	1	286	397	143	255	9.25e-17	79.3
g1096.t1	VFG043132(gb|WP_005481471)	36.220	127	63	1	8	116	10	136	7.50e-18	82.8
g1096.t1	VFG043132(gb|WP_005481471)	44.318	88	49	0	310	397	168	255	9.13e-14	70.9
g1096.t1	VFG014216(gb|WP_002554310)	36.957	138	67	2	6	125	8	143	9.70e-18	82.4
g1096.t1	VFG014216(gb|WP_002554310)	35.878	131	77	2	276	399	128	258	2.12e-13	69.7
g1096.t1	VFG017800(gb|WP_011990419)	38.060	134	64	2	2	116	4	137	1.04e-17	82.4
g1096.t1	VFG017800(gb|WP_011990419)	35.036	137	79	3	275	403	128	262	1.55e-16	79.0
g1096.t1	VFG019802(gb|WP_005790105)	35.507	138	69	2	6	125	8	143	1.24e-17	82.0
g1096.t1	VFG019802(gb|WP_005790105)	39.823	113	67	1	286	397	143	255	3.34e-17	80.9
g1096.t1	VFG014217(gb|WP_003412455)	36.232	138	68	2	6	125	8	143	1.40e-17	82.0
g1096.t1	VFG014217(gb|WP_003412455)	35.878	131	77	2	276	399	128	258	2.18e-13	69.7
g1096.t1	VFG014219(gb|WP_010955100)	42.478	113	64	1	286	397	143	255	2.46e-17	81.3
g1096.t1	VFG014219(gb|WP_010955100)	35.507	138	69	2	6	125	8	143	7.86e-17	79.7
g1096.t1	VFG015654(gb|WP_012273525)	42.478	113	64	1	286	397	143	255	2.55e-17	81.3
g1096.t1	VFG015654(gb|WP_012273525)	35.507	138	69	2	6	125	8	143	3.34e-17	80.9
g1096.t1	VFG015655(gb|WP_012315556)	42.478	113	64	1	286	397	143	255	2.81e-17	80.9
g1096.t1	VFG015655(gb|WP_012315556)	34.783	138	70	2	6	125	8	143	1.49e-16	79.0
g1096.t1	VFG038876(gb|WP_005314259)	41.071	112	65	1	286	396	143	254	5.05e-17	80.1
g1096.t1	VFG038876(gb|WP_005314259)	33.071	127	67	1	8	116	10	136	6.23e-12	65.5
g1096.t1	VFG043188(gb|AAZ99750)	41.071	112	65	1	286	396	157	268	5.70e-17	80.5
g1096.t1	VFG043188(gb|AAZ99750)	33.071	127	67	1	8	116	24	150	7.30e-12	65.5
g1096.t1	VFG014224(gb|WP_003247067)	36.029	136	67	2	8	125	10	143	6.81e-17	79.7
g1096.t1	VFG014224(gb|WP_003247067)	39.823	113	67	1	286	397	143	255	1.03e-16	79.3
g1096.t1	VFG014225(gb|WP_011912565)	38.710	124	68	2	282	397	132	255	8.09e-17	79.7
g1096.t1	VFG014225(gb|WP_011912565)	35.000	140	71	2	8	129	10	147	7.24e-16	77.0
g1096.t1	VFG001240(gb|NP_249773)	41.071	112	65	1	286	396	143	254	1.18e-16	79.3
g1096.t1	VFG001240(gb|NP_249773)	33.824	136	70	2	8	125	10	143	5.82e-15	74.3
g1096.t1	VFG007328(gb|WP_001182097)	38.281	128	71	2	277	396	128	255	1.70e-16	78.6
g1096.t1	VFG007328(gb|WP_001182097)	36.667	120	58	1	8	109	10	129	4.02e-16	77.8
g1096.t1	VFG043079(gb|WP_000625837)	34.868	152	73	3	6	139	8	151	2.20e-16	78.6
g1096.t1	VFG043079(gb|WP_000625837)	38.983	118	71	1	286	402	143	260	5.07e-15	74.3
g1096.t1	VFG038789(gb|WP_005320202)	38.739	111	59	1	290	400	158	259	2.29e-16	78.6
g1096.t1	VFG038789(gb|WP_005320202)	30.921	152	76	3	8	139	10	152	6.67e-13	68.2
g1096.t1	VFG007330(gb|WP_005382032)	38.393	112	68	1	286	396	144	255	3.87e-16	77.8
g1096.t1	VFG007330(gb|WP_005382032)	32.576	132	67	2	8	121	10	137	1.06e-12	67.8
g1096.t1	VFG001996(gb|WP_010946953)	39.844	128	69	2	280	399	130	257	4.04e-16	77.8
g1096.t1	VFG001996(gb|WP_010946953)	34.307	137	70	2	8	126	10	144	9.48e-14	70.9
g1096.t1	VFG043027(gb|NP_460150)	34.211	152	74	3	6	139	8	151	5.51e-16	77.4
g1096.t1	VFG043027(gb|NP_460150)	38.983	118	71	1	286	402	143	260	5.96e-15	74.3
g1096.t1	VFG011837(gb|WP_011731673)	27.509	269	160	8	153	403	294	545	6.75e-16	79.3
g1096.t1	VFG011837(gb|WP_011731673)	33.333	129	75	1	1	118	3	131	6.04e-14	73.2
g1096.t1	VFG007331(gb|WP_011078336)	36.434	129	74	2	276	396	127	255	1.06e-15	76.6
g1096.t1	VFG007331(gb|WP_011078336)	35.075	134	59	3	8	120	10	136	3.43e-14	72.0
g1096.t1	VFG038788(gb|WP_011706639)	37.838	111	60	1	290	400	158	259	1.47e-15	75.9
g1096.t1	VFG038788(gb|WP_011706639)	31.579	152	75	3	8	139	10	152	2.28e-13	69.7
g1096.t1	VFG002346(gb|WP_005160438)	38.843	121	67	2	286	402	143	260	1.50e-15	75.9
g1096.t1	VFG002346(gb|WP_005160438)	34.058	138	71	2	6	125	8	143	1.74e-14	72.8
g1096.t1	VFG007333(gb|WP_011262374)	40.541	111	65	1	286	395	144	254	2.49e-15	75.5
g1096.t1	VFG007333(gb|WP_011262374)	35.000	120	60	1	8	109	10	129	2.35e-14	72.4
g1096.t1	VFG011293(gb|WP_010930325)	34.400	125	64	1	2	108	4	128	4.30e-15	74.7
g1096.t1	VFG011293(gb|WP_010930325)	37.705	122	68	2	286	402	143	261	6.34e-13	68.2
g1096.t1	VFG003433(gb|WP_011192166)	33.333	138	72	2	6	125	8	143	7.42e-15	73.9
g1096.t1	VFG003433(gb|WP_011192166)	38.983	118	71	1	286	402	143	260	9.23e-15	73.6
g1096.t1	VFG020239(gb|WP_012413656)	33.333	138	72	2	6	125	8	143	8.47e-15	73.9
g1096.t1	VFG020239(gb|WP_012413656)	38.983	118	71	1	286	402	143	260	2.45e-14	72.4
g1096.t1	VFG011295(gb|WP_003811883)	34.711	121	61	1	6	108	8	128	9.72e-15	73.6
g1096.t1	VFG011295(gb|WP_003811883)	37.705	122	68	2	286	402	143	261	4.32e-13	68.9
g1096.t1	VFG011296(gb|WP_012417362)	40.164	122	65	3	286	402	143	261	1.17e-14	73.6
g1096.t1	VFG011296(gb|WP_012417362)	33.333	126	66	1	6	113	8	133	1.52e-12	67.0
g1096.t1	VFG025668(gb|WP_011546414)	33.099	142	75	2	6	129	8	147	1.45e-14	73.2
g1096.t1	VFG025668(gb|WP_011546414)	39.130	92	56	0	312	403	170	261	1.54e-13	70.1
g1096.t1	VFG025670(gb|WP_006485706)	33.099	142	75	2	6	129	8	147	1.48e-14	73.2
g1096.t1	VFG025670(gb|WP_006485706)	39.130	92	56	0	312	403	170	261	1.39e-13	70.1
g1096.t1	VFG025669(gb|WP_006477564)	33.099	142	75	2	6	129	8	147	1.54e-14	73.2
g1096.t1	VFG025669(gb|WP_006477564)	39.130	92	56	0	312	403	170	261	1.50e-13	70.1
g1096.t1	VFG025680(gb|WP_009893440)	33.333	138	72	2	6	125	8	143	1.86e-14	72.8
g1096.t1	VFG025680(gb|WP_009893440)	36.441	118	74	1	286	402	143	260	2.58e-13	69.3
g1096.t1	VFG038790(gb|WP_005334158)	31.579	152	75	3	8	139	10	152	5.94e-14	71.2
g1096.t1	VFG038790(gb|WP_005334158)	39.640	111	58	1	290	400	158	259	2.45e-12	66.6
g1096.t1	VFG002513(gb|WP_004197257)	32.609	138	73	2	6	125	8	143	8.03e-14	70.9
g1096.t1	VFG002513(gb|WP_004197257)	38.462	91	56	0	312	402	170	260	1.12e-12	67.4
g1096.t1	VFG043301(gb|WP_011860704)	30.769	182	88	5	7	151	9	189	1.14e-12	68.2
g1096.t1	VFG043301(gb|WP_011860704)	33.636	110	66	2	297	403	221	326	1.17e-11	65.5
g1096.t1	VFG006655(gb|WP_011115026)	31.159	138	85	2	276	403	607	744	1.37e-12	69.3
g1096.t1	VFG007336(gb|WP_005462290)	31.690	142	79	3	6	143	8	135	1.73e-10	60.8
g1096.t1	VFG006651(gb|WP_001000278)	24.299	321	181	11	124	403	305	604	2.22e-10	62.4
g1096.t1	VFG007338(gb|WP_011149747)	33.813	139	74	4	6	140	8	132	3.58e-10	60.1
g1096.t1	VFG019628(gb|WP_001000226)	24.062	320	183	11	124	403	305	604	5.87e-10	60.8
g1096.t1	VFG006653(gb|WP_001000248)	23.899	318	186	11	124	403	305	604	5.87e-10	60.8
g1096.t1	VFG006652(gb|WP_001000225)	23.899	318	186	11	124	403	305	604	6.35e-10	60.8
g1096.t1	VFG019627(gb|WP_001000257)	23.899	318	186	11	124	403	305	604	6.58e-10	60.8
g1096.t1	VFG019626(gb|WP_001000298)	24.062	320	183	11	124	403	305	604	6.70e-10	60.8
g1096.t1	VFG007337(gb|WP_011078337)	33.813	139	74	4	6	140	8	132	7.20e-10	58.9
g1096.t1	VFG006654(gb|WP_011578128)	23.962	313	190	11	125	403	306	604	7.71e-10	60.5
g1096.t1	VFG007334(gb|WP_000373284)	31.618	136	81	4	6	137	8	135	9.08e-10	58.9
g1096.t1	VFG025657(gb|WP_006485699)	30.400	125	71	3	8	118	7	129	1.63e-08	55.1
g1096.t1	VFG043315(gb|WP_009901767)	28.462	130	73	3	3	112	5	134	2.71e-08	54.3
g1096.t1	VFG043315(gb|WP_009901767)	31.522	92	57	1	312	403	166	251	1.37e-06	49.3
g1096.t1	VFG011919(gb|WP_002852052)	26.404	178	101	5	3	157	5	175	3.02e-08	54.3
g1096.t1	VFG043314(gb|WP_011860711)	31.847	157	88	5	6	143	8	164	3.49e-08	53.9
g1096.t1	VFG018047(gb|WP_002854829)	27.528	178	99	5	3	157	5	175	3.80e-08	54.3
g1096.t1	VFG001912(gb|YP_002344115)	27.528	178	99	5	3	157	5	175	3.90e-08	53.9
g1096.t1	VFG007339(gb|WP_011262375)	29.496	139	80	3	6	140	8	132	4.11e-08	53.9
g1096.t1	VFG017799(gb|WP_011990420)	27.528	178	99	5	3	157	5	175	4.60e-08	53.9
g1096.t1	VFG025667(gb|WP_009893442)	29.268	123	77	1	6	118	8	130	1.16e-07	52.4
g1096.t1	VFG003434(gb|WP_011192165)	31.967	122	71	4	8	123	7	122	1.34e-07	52.4
g1096.t1	VFG025655(gb|WP_006477563)	29.268	123	75	3	8	118	7	129	1.50e-07	52.0
g1096.t1	VFG020240(gb|WP_012413655)	31.967	122	71	4	8	123	7	122	1.50e-07	52.0
g1096.t1	VFG038793(gb|WP_005320205)	36.449	107	63	2	6	108	8	113	1.55e-07	52.0
g1096.t1	VFG011920(gb|WP_002868838)	27.528	178	99	5	3	157	5	175	1.76e-07	52.0
g1096.t1	VFG023672(gb|WP_005160440)	31.148	122	72	4	8	123	7	122	2.05e-07	51.6
g1096.t1	VFG014210(gb|WP_011333016)	34.951	103	58	2	22	118	24	123	2.84e-07	51.2
g1096.t1	VFG002512(gb|WP_004185014)	27.642	123	79	1	6	118	8	130	4.54e-07	50.8
g1096.t1	VFG025663(gb|WP_004525901)	27.642	123	79	1	6	118	8	130	4.89e-07	50.4
g1096.t1	VFG002347(gb|WP_011816608)	30.328	122	73	4	8	123	7	122	4.90e-07	50.4
g1096.t1	VFG011921(gb|WP_002848864)	26.708	161	94	2	3	139	5	165	7.49e-07	50.1
g1096.t1	VFG038792(gb|WP_011706640)	34.579	107	65	2	6	108	8	113	1.27e-06	49.3
g1096.t1	VFG001995(gb|WP_010946952)	30.282	142	78	3	6	140	8	135	1.29e-06	49.3
g1096.t1	VFG038794(gb|WP_005334159)	34.579	107	65	2	6	108	8	113	1.40e-06	49.3
g1096.t1	VFG043078(gb|WP_000349287)	30.000	160	82	7	19	170	21	158	1.97e-06	48.9
g1096.t1	VFG014209(gb|WP_011059949)	33.010	103	60	2	22	118	24	123	4.14e-06	47.8
g1096.t1	VFG014206(gb|WP_010955101)	30.400	125	64	3	22	140	24	131	7.77e-06	47.0
g1096.t1	VFG015652(gb|WP_012273526)	30.400	125	64	3	22	140	24	131	8.06e-06	47.0
g1096.t1	VFG015653(gb|WP_042111635)	30.400	125	64	3	22	140	24	131	8.51e-06	46.6
g1096.t1	VFG014207(gb|WP_012051600)	30.400	125	64	3	22	140	24	131	9.33e-06	46.6
g1096.t1	VFG014208(gb|WP_011534929)	31.200	125	63	3	22	140	24	131	9.59e-06	46.6
