g179.t1	VFG043040(gb|NP_460876)	58.006	331	132	1	349	679	230	553	1.50e-100	318
g179.t1	VFG043209(gb|WP_005168769)	57.018	342	140	3	339	679	222	557	1.38e-98	313
g179.t1	VFG043092(gb|WP_010904770)	56.325	332	136	3	349	679	230	553	3.87e-97	309
g179.t1	VFG025885(gb|WP_004525699)	62.021	287	109	0	349	635	231	517	3.89e-94	305
g179.t1	VFG025880(gb|WP_004199264)	62.021	287	109	0	349	635	231	517	4.18e-94	305
g179.t1	VFG002529(gb|WP_011205290)	62.021	287	109	0	349	635	231	517	4.23e-94	305
g179.t1	VFG025881(gb|WP_004202799)	62.021	287	109	0	349	635	231	517	4.70e-94	305
g179.t1	VFG025884(gb|WP_004535496)	62.021	287	109	0	349	635	231	517	5.44e-94	305
g179.t1	VFG025886(gb|WP_011852321)	62.021	287	109	0	349	635	231	517	1.19e-93	303
g179.t1	VFG025888(gb|WP_011402606)	62.369	287	108	0	349	635	231	517	1.47e-93	303
g179.t1	VFG025876(gb|WP_011546712)	64.062	256	92	0	349	604	231	486	7.04e-93	301
g179.t1	VFG025879(gb|WP_012327703)	63.672	256	93	0	349	604	231	486	1.59e-92	300
g179.t1	VFG025878(gb|WP_012492267)	63.672	256	93	0	349	604	231	486	1.68e-92	300
g179.t1	VFG042257(gb|ABB77417)	59.322	177	72	0	432	608	2	178	6.43e-58	194
g179.t1	VFG014052(gb|WP_011336363)	29.545	352	199	7	331	641	339	682	7.48e-29	122
g179.t1	VFG014045(gb|WP_005621029)	32.680	306	154	7	349	632	361	636	7.52e-28	119
g179.t1	VFG019769(gb|WP_015886334)	29.060	351	200	7	331	640	339	681	1.91e-27	117
g179.t1	VFG014051(gb|WP_011063998)	29.907	321	182	5	349	634	363	675	2.29e-27	117
g179.t1	VFG014046(gb|WP_011266434)	32.353	306	155	7	349	632	361	636	3.08e-27	117
g179.t1	VFG014047(gb|WP_011167501)	31.596	307	158	7	349	633	361	637	3.84e-26	114
g179.t1	VFG014049(gb|WP_012053913)	27.493	371	201	8	331	652	335	686	2.18e-25	111
g179.t1	VFG014048(gb|WP_010955558)	27.493	371	201	8	331	652	335	686	2.28e-25	111
g179.t1	VFG015638(gb|WP_012274549)	27.874	348	202	6	331	637	343	682	3.67e-25	110
g179.t1	VFG014050(gb|WP_086009465)	28.086	324	190	4	349	637	355	670	6.88e-25	110
g179.t1	VFG015639(gb|WP_012312417)	27.874	348	202	6	331	637	343	682	8.85e-25	109
g179.t1	VFG014043(gb|WP_012074000)	28.895	353	200	8	331	642	339	681	1.55e-24	108
g179.t1	VFG014044(gb|WP_003084592)	28.895	353	200	8	331	642	339	681	1.73e-24	108
g179.t1	VFG001228(gb|NP_249102)	28.895	353	200	8	331	642	339	681	1.95e-24	108
g179.t1	VFG014054(gb|WP_011914956)	28.696	345	197	8	331	634	339	675	4.96e-24	107
g179.t1	VFG050679(gb|WP_000505928.1)	29.000	300	178	5	370	634	391	690	6.11e-24	107
g179.t1	VFG050680(gb|YP_005800157.1)	29.000	300	178	5	370	634	403	702	6.62e-24	107
g179.t1	VFG050670(gb|WP_000505931.1)	29.000	300	178	5	370	634	391	690	7.03e-24	106
g179.t1	VFG050671(gb|YP_001085820.1)	28.313	332	202	7	336	634	295	623	7.99e-24	106
g179.t1	VFG050674(gb|WP_000505932.1)	29.000	300	178	5	370	634	391	690	8.16e-24	106
g179.t1	VFG014053(gb|WP_011920658)	27.826	345	200	7	331	634	339	675	8.92e-24	106
g179.t1	VFG006892(gb|WP_000672503)	30.970	268	157	3	353	592	317	584	3.17e-22	101
g179.t1	VFG000104(gb|WP_000672505)	30.970	268	157	3	353	592	317	584	3.37e-22	101
g179.t1	VFG042927(gb|WP_012031398)	27.692	325	190	8	346	634	117	432	1.16e-19	92.0
g179.t1	VFG000088(gb|WP_000591844)	26.519	362	212	10	315	635	269	617	2.41e-19	92.4
g179.t1	VFG006884(gb|WP_000591846)	26.243	362	213	10	315	635	269	617	4.45e-19	91.3
g179.t1	VFG043378(gb|WP_000467802)	55.128	78	35	0	461	538	173	250	4.32e-18	87.4
g179.t1	VFG043366(gb|WP_000033553)	27.692	325	190	7	288	603	385	673	5.61e-18	88.2
g179.t1	VFG042944(gb|WP_004572848)	29.289	239	149	4	348	571	365	598	8.51e-18	87.4
g179.t1	VFG043365(gb|WP_000843374)	27.907	258	136	5	289	535	384	602	2.19e-17	86.3
g179.t1	VFG043367(gb|WP_000971620)	41.071	112	63	1	466	574	383	494	1.77e-14	76.6
g1518.t1	VFG043040(gb|NP_460876)	46.756	524	261	6	15	529	1	515	2.63e-118	360
g1518.t1	VFG043092(gb|WP_010904770)	66.776	304	101	0	226	529	212	515	3.51e-114	349
g1518.t1	VFG043209(gb|WP_005168769)	46.109	514	246	7	28	529	23	517	4.29e-113	347
g1518.t1	VFG025886(gb|WP_011852321)	44.701	519	280	5	15	529	1	516	1.23e-107	336
g1518.t1	VFG025881(gb|WP_004202799)	44.701	519	280	5	15	529	1	516	1.41e-107	336
g1518.t1	VFG025884(gb|WP_004535496)	44.701	519	280	5	15	529	1	516	1.57e-107	336
g1518.t1	VFG025880(gb|WP_004199264)	44.701	519	280	5	15	529	1	516	2.21e-107	335
g1518.t1	VFG002529(gb|WP_011205290)	44.701	519	280	5	15	529	1	516	2.51e-107	335
g1518.t1	VFG025885(gb|WP_004525699)	44.701	519	280	5	15	529	1	516	2.73e-107	335
g1518.t1	VFG025888(gb|WP_011402606)	44.423	520	282	5	15	530	1	517	6.20e-104	326
g1518.t1	VFG025879(gb|WP_012327703)	43.568	482	246	10	33	499	16	486	1.19e-94	301
g1518.t1	VFG025876(gb|WP_011546712)	43.361	482	247	10	33	499	16	486	8.46e-94	300
g1518.t1	VFG025878(gb|WP_012492267)	43.361	482	247	10	33	499	16	486	3.05e-93	298
g1518.t1	VFG042257(gb|ABB77417)	52.542	177	84	0	327	503	2	178	3.85e-47	163
g1518.t1	VFG014047(gb|WP_011167501)	28.532	361	223	5	203	529	314	673	3.71e-27	115
g1518.t1	VFG006884(gb|WP_000591846)	28.962	366	221	10	196	529	258	616	3.95e-27	115
g1518.t1	VFG000088(gb|WP_000591844)	28.962	366	221	10	196	529	258	616	6.70e-27	114
g1518.t1	VFG014045(gb|WP_005621029)	29.189	370	214	7	206	529	306	673	1.42e-26	114
g1518.t1	VFG014053(gb|WP_011920658)	28.065	367	219	6	207	531	314	677	3.62e-26	112
g1518.t1	VFG006892(gb|WP_000672503)	27.964	329	210	6	212	521	277	597	4.63e-26	112
g1518.t1	VFG014052(gb|WP_011336363)	28.418	373	221	6	209	536	311	682	5.24e-26	112
g1518.t1	VFG000104(gb|WP_000672505)	27.964	329	210	6	212	521	277	597	5.50e-26	112
g1518.t1	VFG014054(gb|WP_011914956)	30.094	319	194	4	241	531	360	677	7.51e-26	112
g1518.t1	VFG014051(gb|WP_011063998)	28.378	370	217	7	209	532	311	678	1.16e-25	111
g1518.t1	VFG014046(gb|WP_011266434)	30.124	322	190	5	203	490	314	634	1.21e-25	111
g1518.t1	VFG014043(gb|WP_012074000)	27.793	367	220	6	207	531	314	677	1.37e-25	110
g1518.t1	VFG014044(gb|WP_003084592)	27.793	367	220	6	207	531	314	677	1.61e-25	110
g1518.t1	VFG001228(gb|NP_249102)	27.793	367	220	6	207	531	314	677	3.16e-25	110
g1518.t1	VFG019769(gb|WP_015886334)	28.142	366	217	6	209	529	311	675	5.05e-25	109
g1518.t1	VFG050674(gb|WP_000505932.1)	28.099	363	211	7	212	531	337	692	1.29e-24	108
g1518.t1	VFG050680(gb|YP_005800157.1)	30.175	285	171	3	275	531	420	704	1.70e-24	107
g1518.t1	VFG050679(gb|WP_000505928.1)	30.175	285	171	3	275	531	408	692	1.75e-24	107
g1518.t1	VFG050670(gb|WP_000505931.1)	30.175	285	171	3	275	531	408	692	1.90e-24	107
g1518.t1	VFG014050(gb|WP_086009465)	27.928	333	205	5	203	501	308	639	2.92e-24	107
g1518.t1	VFG050671(gb|YP_001085820.1)	30.175	285	171	3	275	531	341	625	3.08e-24	106
g1518.t1	VFG015638(gb|WP_012274549)	27.249	378	206	7	203	529	320	679	3.39e-24	106
g1518.t1	VFG014049(gb|WP_012053913)	27.249	378	206	7	203	529	320	679	3.65e-24	106
g1518.t1	VFG015639(gb|WP_012312417)	27.596	337	199	6	207	501	318	651	5.45e-24	106
g1518.t1	VFG014048(gb|WP_010955558)	27.147	361	228	5	203	529	320	679	6.02e-24	105
g1518.t1	VFG043366(gb|WP_000033553)	31.142	289	162	8	232	491	388	668	1.39e-18	89.4
g1518.t1	VFG043378(gb|WP_000467802)	39.837	123	63	2	347	462	157	275	6.33e-18	86.3
g1518.t1	VFG042944(gb|WP_004572848)	27.707	314	198	4	244	529	366	678	1.67e-17	85.9
g1518.t1	VFG042927(gb|WP_012031398)	24.921	317	207	6	244	531	120	434	4.52e-17	83.6
g1518.t1	VFG043367(gb|WP_000971620)	46.078	102	48	1	366	467	388	482	8.05e-16	80.1
g1518.t1	VFG043365(gb|WP_000843374)	43.443	122	66	1	373	491	545	666	6.58e-15	77.8
g1546.t1	VFG043040(gb|NP_460876)	41.776	304	176	1	5	307	216	519	4.73e-65	214
g1546.t1	VFG043092(gb|WP_010904770)	40.864	301	178	0	5	305	216	516	8.43e-64	211
g1546.t1	VFG043209(gb|WP_005168769)	40.288	278	166	0	1	278	214	491	9.02e-60	200
g1546.t1	VFG025880(gb|WP_004199264)	39.333	300	182	0	5	304	217	516	1.59e-57	196
g1546.t1	VFG025886(gb|WP_011852321)	39.333	300	182	0	5	304	217	516	1.61e-57	196
g1546.t1	VFG025885(gb|WP_004525699)	39.333	300	182	0	5	304	217	516	1.63e-57	196
g1546.t1	VFG002529(gb|WP_011205290)	39.333	300	182	0	5	304	217	516	1.81e-57	196
g1546.t1	VFG025881(gb|WP_004202799)	39.333	300	182	0	5	304	217	516	1.91e-57	196
g1546.t1	VFG025884(gb|WP_004535496)	41.481	270	158	0	5	274	217	486	2.30e-57	196
g1546.t1	VFG025876(gb|WP_011546712)	40.370	270	161	0	5	274	217	486	2.30e-57	196
g1546.t1	VFG025879(gb|WP_012327703)	40.370	270	161	0	5	274	217	486	2.58e-57	196
g1546.t1	VFG025888(gb|WP_011402606)	40.741	270	160	0	5	274	217	486	5.77e-57	195
g1546.t1	VFG025878(gb|WP_012492267)	39.630	270	163	0	5	274	217	486	1.68e-56	193
g1546.t1	VFG042257(gb|ABB77417)	39.908	218	120	3	102	312	2	215	1.36e-41	144
g1546.t1	VFG014051(gb|WP_011063998)	30.986	284	167	5	16	271	360	642	3.08e-24	103
g1546.t1	VFG014052(gb|WP_011336363)	30.634	284	168	5	16	271	360	642	9.39e-24	102
g1546.t1	VFG019769(gb|WP_015886334)	30.634	284	168	5	16	271	360	642	1.15e-23	101
g1546.t1	VFG014046(gb|WP_011266434)	29.927	274	163	4	16	261	358	630	4.52e-22	97.1
g1546.t1	VFG014045(gb|WP_005621029)	30.292	274	162	4	16	261	358	630	7.35e-22	96.3
g1546.t1	VFG014047(gb|WP_011167501)	30.657	274	161	4	16	261	358	630	1.05e-21	95.9
g1546.t1	VFG014043(gb|WP_012074000)	29.699	266	158	4	16	253	360	624	2.03e-21	95.1
g1546.t1	VFG001228(gb|NP_249102)	29.699	266	158	4	16	253	360	624	2.07e-21	95.1
g1546.t1	VFG014044(gb|WP_003084592)	29.699	266	158	4	16	253	360	624	2.23e-21	94.7
g1546.t1	VFG014054(gb|WP_011914956)	31.227	269	150	6	16	253	360	624	2.57e-21	94.7
g1546.t1	VFG014053(gb|WP_011920658)	30.075	266	157	4	16	253	360	624	2.83e-21	94.4
g1546.t1	VFG014048(gb|WP_010955558)	31.884	276	155	8	16	261	364	636	1.00e-19	90.1
g1546.t1	VFG015639(gb|WP_012312417)	31.119	286	164	8	16	271	364	646	1.27e-19	89.7
g1546.t1	VFG014049(gb|WP_012053913)	31.884	276	155	8	16	261	364	636	1.28e-19	89.7
g1546.t1	VFG015638(gb|WP_012274549)	31.884	276	155	8	16	261	364	636	1.33e-19	89.7
g1546.t1	VFG014050(gb|WP_086009465)	31.522	276	156	8	16	261	352	624	3.92e-19	88.2
g1546.t1	VFG050674(gb|WP_000505932.1)	29.851	268	155	4	16	253	375	639	4.83e-19	87.8
g1546.t1	VFG050670(gb|WP_000505931.1)	29.851	268	155	4	16	253	375	639	5.06e-19	87.8
g1546.t1	VFG050680(gb|YP_005800157.1)	29.851	268	155	4	16	253	387	651	5.25e-19	87.8
g1546.t1	VFG050671(gb|YP_001085820.1)	29.323	266	159	3	16	253	308	572	6.37e-19	87.4
g1546.t1	VFG050679(gb|WP_000505928.1)	29.851	268	155	4	16	253	375	639	1.30e-18	86.7
g1546.t1	VFG043378(gb|WP_000467802)	48.889	90	39	1	126	208	161	250	7.16e-18	84.0
g1546.t1	VFG042927(gb|WP_012031398)	26.687	326	197	11	18	309	119	436	2.06e-16	79.3
g1546.t1	VFG043367(gb|WP_000971620)	48.864	88	41	1	121	208	372	455	2.96e-15	76.3
g1546.t1	VFG006892(gb|WP_000672503)	25.974	231	139	6	8	214	300	522	5.81e-15	75.5
g1546.t1	VFG000104(gb|WP_000672505)	25.974	231	139	6	8	214	300	522	5.92e-15	75.5
g1546.t1	VFG043365(gb|WP_000843374)	36.434	129	68	2	118	232	501	629	1.24e-14	74.7
g1546.t1	VFG043366(gb|WP_000033553)	46.341	82	44	0	151	232	550	631	1.33e-14	74.3
g1546.t1	VFG042944(gb|WP_004572848)	28.270	237	144	6	11	236	372	593	2.14e-14	73.9
g1546.t1	VFG000088(gb|WP_000591844)	44.737	76	39	1	133	208	434	506	6.51e-13	69.3
g1546.t1	VFG006884(gb|WP_000591846)	44.737	76	39	1	133	208	434	506	6.57e-13	69.3
g1798.t1	VFG043040(gb|NP_460876)	100.000	553	0	0	1	553	1	553	0.0	1114
g1798.t1	VFG043092(gb|WP_010904770)	78.520	554	117	2	1	553	1	553	0.0	815
g1798.t1	VFG043209(gb|WP_005168769)	58.897	562	217	7	1	553	1	557	0.0	572
g1798.t1	VFG025880(gb|WP_004199264)	61.022	313	122	0	203	515	204	516	2.01e-107	336
g1798.t1	VFG025885(gb|WP_004525699)	61.022	313	122	0	203	515	204	516	2.10e-107	336
g1798.t1	VFG002529(gb|WP_011205290)	61.022	313	122	0	203	515	204	516	2.47e-107	335
g1798.t1	VFG025886(gb|WP_011852321)	61.022	313	122	0	203	515	204	516	3.16e-107	335
g1798.t1	VFG025881(gb|WP_004202799)	61.022	313	122	0	203	515	204	516	3.32e-107	335
g1798.t1	VFG025884(gb|WP_004535496)	61.022	313	122	0	203	515	204	516	4.20e-107	335
g1798.t1	VFG025878(gb|WP_012492267)	44.527	539	254	12	1	516	1	517	1.29e-105	330
g1798.t1	VFG025888(gb|WP_011402606)	61.661	313	120	0	203	515	204	516	1.59e-105	331
g1798.t1	VFG025879(gb|WP_012327703)	44.341	539	255	12	1	516	1	517	2.63e-105	330
g1798.t1	VFG025876(gb|WP_011546712)	44.156	539	256	11	1	516	1	517	8.13e-105	328
g1798.t1	VFG042257(gb|ABB77417)	59.322	177	72	0	313	489	2	178	3.91e-58	192
g1798.t1	VFG014052(gb|WP_011336363)	29.459	370	221	5	192	522	314	682	6.41e-34	136
g1798.t1	VFG014051(gb|WP_011063998)	30.448	335	203	4	218	523	351	684	4.84e-33	134
g1798.t1	VFG019769(gb|WP_015886334)	27.546	432	261	8	132	515	248	675	7.21e-33	133
g1798.t1	VFG015639(gb|WP_012312417)	26.835	436	259	8	132	515	252	679	2.29e-31	129
g1798.t1	VFG050680(gb|YP_005800157.1)	29.448	326	201	3	218	515	378	702	1.76e-30	126
g1798.t1	VFG050674(gb|WP_000505932.1)	29.448	326	201	3	218	515	366	690	1.84e-30	126
g1798.t1	VFG050670(gb|WP_000505931.1)	29.448	326	201	3	218	515	366	690	1.88e-30	126
g1798.t1	VFG014047(gb|WP_011167501)	28.046	435	259	9	132	517	246	675	2.31e-30	125
g1798.t1	VFG014049(gb|WP_012053913)	26.606	436	260	8	132	515	252	679	2.78e-30	125
g1798.t1	VFG050671(gb|YP_001085820.1)	29.448	326	201	3	218	515	299	623	3.08e-30	125
g1798.t1	VFG015638(gb|WP_012274549)	26.606	436	260	8	132	515	252	679	3.22e-30	125
g1798.t1	VFG014048(gb|WP_010955558)	26.606	436	260	8	132	515	252	679	5.03e-30	124
g1798.t1	VFG050679(gb|WP_000505928.1)	29.448	326	201	3	218	515	366	690	5.76e-30	124
g1798.t1	VFG014050(gb|WP_086009465)	26.304	441	264	9	132	520	240	671	2.04e-29	122
g1798.t1	VFG014044(gb|WP_003084592)	28.111	434	252	11	134	515	250	675	5.53e-29	121
g1798.t1	VFG001228(gb|NP_249102)	28.111	434	252	11	134	515	250	675	5.74e-29	121
g1798.t1	VFG014045(gb|WP_005621029)	28.406	433	256	9	132	515	246	673	5.81e-29	121
g1798.t1	VFG014046(gb|WP_011266434)	28.276	435	258	9	132	517	246	675	8.20e-29	120
g1798.t1	VFG014043(gb|WP_012074000)	28.997	369	216	7	189	515	311	675	2.16e-28	119
g1798.t1	VFG014053(gb|WP_011920658)	29.503	322	198	3	222	515	355	675	4.48e-28	119
g1798.t1	VFG014054(gb|WP_011914956)	28.571	322	201	3	222	515	355	675	8.74e-27	114
g1798.t1	VFG006892(gb|WP_000672503)	31.046	306	167	7	198	466	279	577	8.79e-24	105
g1798.t1	VFG000104(gb|WP_000672505)	31.046	306	167	7	198	466	279	577	1.21e-23	105
g1798.t1	VFG006884(gb|WP_000591846)	28.116	345	209	9	206	515	276	616	2.13e-23	104
g1798.t1	VFG000088(gb|WP_000591844)	28.116	345	209	9	206	515	276	616	2.55e-23	103
g1798.t1	VFG042927(gb|WP_012031398)	26.126	333	203	7	218	515	108	432	8.19e-22	98.2
g1798.t1	VFG042944(gb|WP_004572848)	29.365	252	149	3	220	443	356	606	3.63e-19	91.3
g1798.t1	VFG043366(gb|WP_000033553)	31.727	249	134	7	250	472	425	663	5.46e-18	87.4
g1798.t1	VFG043378(gb|WP_000467802)	60.274	73	25	1	352	420	179	251	1.65e-17	85.1
g1798.t1	VFG043367(gb|WP_000971620)	35.583	163	52	3	257	419	346	455	4.34e-16	81.3
g1798.t1	VFG043365(gb|WP_000843374)	40.000	130	75	2	351	477	537	666	1.59e-14	76.6
g2916.t1	VFG043378(gb|WP_000467802)	35.533	197	115	6	114	304	183	373	1.35e-29	117
g2916.t1	VFG006892(gb|WP_000672503)	34.483	116	62	1	113	214	448	563	1.36e-14	74.7
g2916.t1	VFG000104(gb|WP_000672505)	34.483	116	62	1	113	214	448	563	1.38e-14	74.7
g2916.t1	VFG025888(gb|WP_011402606)	28.652	178	109	5	80	253	318	481	3.31e-13	70.5
g2916.t1	VFG043365(gb|WP_000843374)	29.787	141	99	0	76	216	500	640	3.78e-13	70.5
g2916.t1	VFG025884(gb|WP_004535496)	28.090	178	110	5	80	253	318	481	7.64e-13	69.3
g2916.t1	VFG025880(gb|WP_004199264)	28.090	178	110	5	80	253	318	481	7.85e-13	69.3
g2916.t1	VFG025881(gb|WP_004202799)	28.090	178	110	5	80	253	318	481	8.06e-13	69.3
g2916.t1	VFG025885(gb|WP_004525699)	28.090	178	110	5	80	253	318	481	8.13e-13	69.3
g2916.t1	VFG002529(gb|WP_011205290)	28.090	178	110	5	80	253	318	481	8.59e-13	69.3
g2916.t1	VFG025886(gb|WP_011852321)	28.090	178	110	5	80	253	318	481	8.81e-13	69.3
g2916.t1	VFG043367(gb|WP_000971620)	33.333	120	77	1	65	184	339	455	1.97e-12	68.2
g2916.t1	VFG014045(gb|WP_005621029)	39.759	83	50	0	106	188	488	570	2.52e-12	67.8
g2916.t1	VFG014046(gb|WP_011266434)	39.759	83	50	0	106	188	488	570	2.83e-12	67.8
g2916.t1	VFG014047(gb|WP_011167501)	39.759	83	50	0	106	188	488	570	2.96e-12	67.8
g2916.t1	VFG043092(gb|WP_010904770)	35.135	111	65	2	111	221	349	452	3.34e-12	67.4
g2916.t1	VFG014052(gb|WP_011336363)	38.554	83	51	0	106	188	490	572	7.58e-12	66.2
g2916.t1	VFG014051(gb|WP_011063998)	38.554	83	51	0	106	188	490	572	7.72e-12	66.2
g2916.t1	VFG019769(gb|WP_015886334)	38.554	83	51	0	106	188	490	572	9.05e-12	66.2
g2916.t1	VFG025876(gb|WP_011546712)	27.684	177	110	5	80	252	318	480	1.21e-11	65.9
g2916.t1	VFG025879(gb|WP_012327703)	27.684	177	110	5	80	252	318	480	1.27e-11	65.9
g2916.t1	VFG043366(gb|WP_000033553)	37.079	89	56	0	121	209	547	635	1.72e-11	65.5
g2916.t1	VFG025878(gb|WP_012492267)	27.528	178	111	5	80	253	318	481	2.08e-11	65.1
g2916.t1	VFG014053(gb|WP_011920658)	38.554	83	51	0	106	188	490	572	3.23e-11	64.3
g2916.t1	VFG014054(gb|WP_011914956)	38.554	83	51	0	106	188	490	572	3.26e-11	64.3
g2916.t1	VFG014043(gb|WP_012074000)	38.554	83	51	0	106	188	490	572	3.47e-11	64.3
g2916.t1	VFG014044(gb|WP_003084592)	38.554	83	51	0	106	188	490	572	3.51e-11	64.3
g2916.t1	VFG001228(gb|NP_249102)	38.554	83	51	0	106	188	490	572	3.63e-11	64.3
g2916.t1	VFG043040(gb|NP_460876)	34.234	111	66	2	111	221	349	452	4.54e-11	63.9
g2916.t1	VFG050680(gb|YP_005800157.1)	28.667	150	99	3	110	255	521	666	6.47e-11	63.5
g2916.t1	VFG050670(gb|WP_000505931.1)	28.667	150	99	3	110	255	509	654	7.09e-11	63.5
g2916.t1	VFG050671(gb|YP_001085820.1)	39.241	79	48	0	110	188	442	520	7.20e-11	63.2
g2916.t1	VFG050674(gb|WP_000505932.1)	39.241	79	48	0	110	188	509	587	7.22e-11	63.5
g2916.t1	VFG043209(gb|WP_005168769)	31.469	143	90	3	80	221	319	454	1.17e-10	62.8
g2916.t1	VFG006884(gb|WP_000591846)	25.694	144	107	0	121	264	446	589	1.34e-10	62.4
g2916.t1	VFG000088(gb|WP_000591844)	25.694	144	107	0	121	264	446	589	1.38e-10	62.4
g2916.t1	VFG015639(gb|WP_012312417)	36.145	83	53	0	106	188	494	576	1.57e-10	62.4
g2916.t1	VFG014049(gb|WP_012053913)	36.145	83	53	0	106	188	494	576	1.71e-10	62.4
g2916.t1	VFG015638(gb|WP_012274549)	36.145	83	53	0	106	188	494	576	1.76e-10	62.0
g2916.t1	VFG014048(gb|WP_010955558)	36.145	83	53	0	106	188	494	576	1.76e-10	62.0
g2916.t1	VFG050679(gb|WP_000505928.1)	39.241	79	48	0	110	188	509	587	2.04e-10	62.0
g2916.t1	VFG014050(gb|WP_086009465)	36.145	83	53	0	106	188	482	564	2.83e-10	61.6
g2916.t1	VFG042927(gb|WP_012031398)	27.273	154	101	3	110	263	251	393	3.26e-10	60.8
g2916.t1	VFG042944(gb|WP_004572848)	26.984	126	75	1	110	218	497	622	4.85e-10	60.8
g2916.t1	VFG042257(gb|ABB77417)	38.333	60	34	1	128	187	55	111	9.03e-07	48.9
g2930.t1	VFG043209(gb|WP_005168769)	56.535	329	136	2	166	487	163	491	1.21e-109	338
g2930.t1	VFG043040(gb|NP_460876)	43.162	563	282	13	9	547	5	553	1.05e-105	327
g2930.t1	VFG043092(gb|WP_010904770)	56.047	339	145	1	213	547	215	553	4.75e-103	320
g2930.t1	VFG025886(gb|WP_011852321)	42.750	531	269	10	3	513	1	516	8.16e-96	305
g2930.t1	VFG002529(gb|WP_011205290)	42.750	531	269	10	3	513	1	516	8.75e-96	305
g2930.t1	VFG025885(gb|WP_004525699)	42.750	531	269	10	3	513	1	516	1.08e-95	305
g2930.t1	VFG025884(gb|WP_004535496)	42.750	531	269	10	3	513	1	516	1.29e-95	305
g2930.t1	VFG025881(gb|WP_004202799)	42.750	531	269	10	3	513	1	516	2.55e-95	304
g2930.t1	VFG025880(gb|WP_004199264)	42.750	531	269	10	3	513	1	516	2.69e-95	304
g2930.t1	VFG025888(gb|WP_011402606)	41.924	551	279	11	3	527	1	536	1.05e-94	302
g2930.t1	VFG025879(gb|WP_012327703)	40.644	497	268	7	3	483	1	486	7.72e-93	297
g2930.t1	VFG025878(gb|WP_012492267)	40.594	505	257	9	3	483	1	486	2.83e-92	295
g2930.t1	VFG025876(gb|WP_011546712)	40.443	497	269	7	3	483	1	486	8.29e-92	295
g2930.t1	VFG042257(gb|ABB77417)	55.367	177	79	0	311	487	2	178	1.07e-49	170
g2930.t1	VFG050674(gb|WP_000505932.1)	28.747	407	227	9	161	513	293	690	1.56e-31	129
g2930.t1	VFG050680(gb|YP_005800157.1)	28.501	407	228	9	161	513	305	702	7.48e-31	127
g2930.t1	VFG050670(gb|WP_000505931.1)	28.501	407	228	9	161	513	293	690	8.43e-31	127
g2930.t1	VFG050671(gb|YP_001085820.1)	28.501	407	228	9	161	513	226	623	1.03e-30	126
g2930.t1	VFG050679(gb|WP_000505928.1)	28.760	379	209	7	188	513	320	690	2.95e-30	125
g2930.t1	VFG014048(gb|WP_010955558)	27.098	417	253	10	152	519	272	686	2.97e-30	125
g2930.t1	VFG015638(gb|WP_012274549)	27.098	417	253	10	152	519	272	686	3.03e-30	125
g2930.t1	VFG015639(gb|WP_012312417)	27.033	418	253	10	152	521	272	685	3.41e-30	125
g2930.t1	VFG014049(gb|WP_012053913)	27.098	417	253	10	152	519	272	686	3.77e-30	125
g2930.t1	VFG014050(gb|WP_086009465)	26.794	418	254	10	152	521	260	673	9.55e-30	124
g2930.t1	VFG019769(gb|WP_015886334)	27.224	371	230	8	186	520	314	680	4.22e-29	122
g2930.t1	VFG014047(gb|WP_011167501)	27.642	369	229	7	186	518	312	678	7.75e-29	120
g2930.t1	VFG014051(gb|WP_011063998)	26.975	367	230	7	186	516	314	678	9.74e-29	120
g2930.t1	VFG014052(gb|WP_011336363)	27.132	387	239	9	163	513	296	675	1.08e-28	120
g2930.t1	VFG014045(gb|WP_005621029)	27.913	369	228	7	186	518	312	678	2.79e-28	119
g2930.t1	VFG014046(gb|WP_011266434)	28.184	369	227	7	186	518	312	678	3.28e-28	119
g2930.t1	VFG014043(gb|WP_012074000)	27.273	363	228	5	186	513	314	675	3.52e-28	119
g2930.t1	VFG014044(gb|WP_003084592)	27.273	363	228	5	186	513	314	675	3.88e-28	119
g2930.t1	VFG001228(gb|NP_249102)	27.273	363	228	5	186	513	314	675	4.41e-28	118
g2930.t1	VFG014053(gb|WP_011920658)	26.420	352	224	4	196	513	325	675	1.45e-27	117
g2930.t1	VFG014054(gb|WP_011914956)	27.439	328	209	3	220	519	355	681	2.92e-27	116
g2930.t1	VFG006892(gb|WP_000672503)	30.744	309	169	7	192	463	276	576	3.91e-25	109
g2930.t1	VFG000104(gb|WP_000672505)	30.744	309	169	7	192	463	276	576	4.27e-25	109
g2930.t1	VFG042927(gb|WP_012031398)	28.221	326	197	6	220	513	112	432	1.12e-22	100
g2930.t1	VFG042944(gb|WP_004572848)	28.070	342	206	7	205	515	348	680	5.23e-21	97.1
g2930.t1	VFG006884(gb|WP_000591846)	25.753	365	230	9	184	513	258	616	2.58e-20	94.7
g2930.t1	VFG000088(gb|WP_000591844)	25.753	365	230	9	184	513	258	616	4.09e-20	94.0
g2930.t1	VFG043366(gb|WP_000033553)	43.056	144	64	4	340	469	523	662	2.55e-18	88.6
g2930.t1	VFG043367(gb|WP_000971620)	30.702	228	123	4	235	445	291	500	5.50e-18	87.0
g2930.t1	VFG043378(gb|WP_000467802)	35.366	164	93	5	332	483	158	320	4.97e-17	83.6
g2930.t1	VFG043365(gb|WP_000843374)	45.455	99	50	1	338	432	522	620	6.15e-16	80.9
g2992.t1	VFG043092(gb|WP_010904770)	49.511	307	154	1	208	513	209	515	4.68e-77	252
g2992.t1	VFG043040(gb|NP_460876)	48.208	307	158	1	208	513	209	515	8.14e-76	249
g2992.t1	VFG025884(gb|WP_004535496)	48.333	300	155	0	214	513	217	516	1.10e-74	249
g2992.t1	VFG043209(gb|WP_005168769)	40.099	404	235	4	117	518	124	522	1.79e-74	245
g2992.t1	VFG025881(gb|WP_004202799)	48.000	300	156	0	214	513	217	516	1.86e-74	248
g2992.t1	VFG025880(gb|WP_004199264)	48.000	300	156	0	214	513	217	516	2.27e-74	248
g2992.t1	VFG002529(gb|WP_011205290)	48.000	300	156	0	214	513	217	516	2.39e-74	248
g2992.t1	VFG025885(gb|WP_004525699)	48.000	300	156	0	214	513	217	516	2.44e-74	248
g2992.t1	VFG025886(gb|WP_011852321)	47.667	300	157	0	214	513	217	516	1.12e-73	246
g2992.t1	VFG025888(gb|WP_011402606)	47.727	308	160	1	214	521	217	523	2.42e-72	242
g2992.t1	VFG025876(gb|WP_011546712)	47.386	306	160	1	209	513	211	516	2.92e-71	239
g2992.t1	VFG025879(gb|WP_012327703)	47.386	306	160	1	209	513	211	516	7.09e-71	238
g2992.t1	VFG025878(gb|WP_012492267)	48.333	300	155	0	214	513	217	516	1.72e-70	237
g2992.t1	VFG042257(gb|ABB77417)	42.778	180	103	0	311	490	2	181	1.46e-37	137
g2992.t1	VFG015639(gb|WP_012312417)	28.869	336	190	8	195	485	320	651	7.01e-26	111
g2992.t1	VFG014050(gb|WP_086009465)	28.274	336	192	8	195	485	308	639	4.34e-25	109
g2992.t1	VFG014048(gb|WP_010955558)	29.155	343	180	10	195	485	320	651	1.28e-24	107
g2992.t1	VFG015638(gb|WP_012274549)	29.155	343	180	10	195	485	320	651	1.33e-24	107
g2992.t1	VFG014049(gb|WP_012053913)	29.155	343	180	10	195	485	320	651	1.57e-24	107
g2992.t1	VFG050670(gb|WP_000505931.1)	26.586	331	210	5	213	515	367	692	1.05e-23	105
g2992.t1	VFG050680(gb|YP_005800157.1)	26.586	331	210	5	213	515	379	704	1.06e-23	105
g2992.t1	VFG050674(gb|WP_000505932.1)	26.586	331	210	5	213	515	367	692	1.16e-23	104
g2992.t1	VFG050671(gb|YP_001085820.1)	26.586	331	210	5	213	515	300	625	1.63e-23	104
g2992.t1	VFG014052(gb|WP_011336363)	26.146	371	224	8	195	521	316	680	2.25e-23	103
g2992.t1	VFG050679(gb|WP_000505928.1)	26.586	331	210	5	213	515	367	692	2.67e-23	103
g2992.t1	VFG014051(gb|WP_011063998)	26.039	361	220	7	195	511	316	673	3.76e-23	103
g2992.t1	VFG019769(gb|WP_015886334)	26.359	368	210	9	195	511	316	673	8.43e-23	102
g2992.t1	VFG014045(gb|WP_005621029)	27.829	327	184	9	195	476	317	636	1.01e-22	102
g2992.t1	VFG014046(gb|WP_011266434)	26.606	327	191	8	195	476	314	636	3.94e-22	100
g2992.t1	VFG014047(gb|WP_011167501)	26.243	362	215	9	195	511	317	671	1.47e-21	98.2
g2992.t1	VFG014053(gb|WP_011920658)	26.606	327	207	5	213	511	352	673	1.59e-21	98.2
g2992.t1	VFG014043(gb|WP_012074000)	25.886	367	226	7	191	515	315	677	5.47e-21	96.7
g2992.t1	VFG014044(gb|WP_003084592)	25.886	367	226	7	191	515	315	677	5.93e-21	96.7
g2992.t1	VFG001228(gb|NP_249102)	25.069	363	229	6	195	515	316	677	6.09e-21	96.3
g2992.t1	VFG014054(gb|WP_011914956)	25.970	335	215	5	213	519	352	681	1.08e-20	95.5
g2992.t1	VFG006892(gb|WP_000672503)	29.706	340	197	12	188	506	273	591	1.42e-20	95.1
g2992.t1	VFG000104(gb|WP_000672505)	29.706	340	197	12	188	506	273	591	1.69e-20	95.1
g2992.t1	VFG000088(gb|WP_000591844)	29.644	253	161	6	204	439	276	528	1.96e-19	91.7
g2992.t1	VFG006884(gb|WP_000591846)	29.412	255	159	7	204	439	276	528	4.90e-19	90.5
g2992.t1	VFG042944(gb|WP_004572848)	29.289	239	150	4	212	436	354	587	1.06e-18	89.4
g2992.t1	VFG043378(gb|WP_000467802)	39.695	131	75	1	287	413	116	246	2.05e-18	87.4
g2992.t1	VFG043365(gb|WP_000843374)	28.521	284	165	8	216	468	386	662	9.13e-18	86.7
g2992.t1	VFG043366(gb|WP_000033553)	39.456	147	58	4	285	428	503	621	1.46e-16	82.8
g2992.t1	VFG043367(gb|WP_000971620)	48.352	91	37	1	337	417	365	455	1.95e-16	82.0
g2992.t1	VFG042927(gb|WP_012031398)	25.311	241	153	6	213	435	109	340	9.30e-16	79.3
g2993.t1	VFG043209(gb|WP_005168769)	40.614	293	173	1	190	481	199	491	1.49e-62	213
g2993.t1	VFG043040(gb|NP_460876)	43.377	302	163	3	208	505	216	513	1.19e-61	211
g2993.t1	VFG025885(gb|WP_004525699)	43.333	270	153	0	208	477	217	486	3.79e-60	209
g2993.t1	VFG025880(gb|WP_004199264)	43.333	270	153	0	208	477	217	486	3.86e-60	209
g2993.t1	VFG025881(gb|WP_004202799)	43.333	270	153	0	208	477	217	486	4.02e-60	209
g2993.t1	VFG002529(gb|WP_011205290)	43.333	270	153	0	208	477	217	486	4.46e-60	209
g2993.t1	VFG025884(gb|WP_004535496)	43.333	270	153	0	208	477	217	486	4.84e-60	209
g2993.t1	VFG025886(gb|WP_011852321)	43.333	270	153	0	208	477	217	486	6.30e-60	209
g2993.t1	VFG025888(gb|WP_011402606)	42.963	270	154	0	208	477	217	486	1.72e-59	207
g2993.t1	VFG025876(gb|WP_011546712)	42.909	275	157	0	203	477	212	486	2.22e-59	207
g2993.t1	VFG025879(gb|WP_012327703)	42.909	275	157	0	203	477	212	486	2.41e-59	207
g2993.t1	VFG043092(gb|WP_010904770)	40.940	298	176	0	208	505	216	513	1.72e-58	202
g2993.t1	VFG025878(gb|WP_012492267)	42.593	270	155	0	208	477	217	486	1.96e-58	204
g2993.t1	VFG042257(gb|ABB77417)	42.051	195	111	1	305	499	2	194	8.78e-36	132
g2993.t1	VFG050680(gb|YP_005800157.1)	31.338	284	160	4	255	503	415	698	4.94e-24	105
g2993.t1	VFG050670(gb|WP_000505931.1)	30.822	292	167	4	247	503	395	686	5.07e-24	105
g2993.t1	VFG050674(gb|WP_000505932.1)	30.822	292	167	4	247	503	395	686	5.25e-24	105
g2993.t1	VFG050671(gb|YP_001085820.1)	30.822	292	167	4	247	503	328	619	9.43e-24	104
g2993.t1	VFG050679(gb|WP_000505928.1)	30.822	292	167	4	247	503	395	686	1.13e-23	104
g2993.t1	VFG014051(gb|WP_011063998)	30.677	251	146	2	281	503	421	671	8.44e-23	102
g2993.t1	VFG019769(gb|WP_015886334)	31.600	250	140	3	282	503	425	671	1.77e-22	100
g2993.t1	VFG015639(gb|WP_012312417)	32.258	248	133	4	260	479	411	651	7.43e-22	99.0
g2993.t1	VFG014052(gb|WP_011336363)	30.800	250	142	3	282	503	425	671	2.79e-21	97.4
g2993.t1	VFG015638(gb|WP_012274549)	32.258	248	133	4	260	479	411	651	5.49e-21	96.3
g2993.t1	VFG014048(gb|WP_010955558)	32.258	248	133	4	260	479	411	651	5.64e-21	96.3
g2993.t1	VFG014049(gb|WP_012053913)	32.258	248	133	4	260	479	411	651	6.51e-21	96.3
g2993.t1	VFG014050(gb|WP_086009465)	31.855	248	134	4	260	479	399	639	1.18e-20	95.5
g2993.t1	VFG014044(gb|WP_003084592)	30.472	233	134	2	299	503	439	671	7.49e-20	92.8
g2993.t1	VFG014043(gb|WP_012074000)	30.472	233	134	2	299	503	439	671	7.76e-20	92.8
g2993.t1	VFG001228(gb|NP_249102)	30.472	233	134	2	299	503	439	671	8.49e-20	92.8
g2993.t1	VFG014053(gb|WP_011920658)	28.685	251	151	2	281	503	421	671	5.17e-19	90.1
g2993.t1	VFG014054(gb|WP_011914956)	29.880	251	145	3	257	479	400	647	7.28e-19	89.7
g2993.t1	VFG014045(gb|WP_005621029)	36.667	180	90	3	297	452	435	614	1.04e-18	89.4
g2993.t1	VFG014046(gb|WP_011266434)	36.667	180	90	3	297	452	435	614	1.08e-18	89.4
g2993.t1	VFG014047(gb|WP_011167501)	36.667	180	90	3	297	452	435	614	1.42e-18	89.0
g2993.t1	VFG043365(gb|WP_000843374)	29.412	238	138	7	252	461	426	661	1.31e-17	85.9
g2993.t1	VFG000104(gb|WP_000672505)	30.035	283	139	9	256	505	340	596	1.50e-17	85.5
g2993.t1	VFG006892(gb|WP_000672503)	30.035	283	139	9	256	505	340	596	1.51e-17	85.5
g2993.t1	VFG000088(gb|WP_000591844)	29.204	226	136	4	301	505	392	614	1.59e-17	85.5
g2993.t1	VFG042927(gb|WP_012031398)	28.881	277	162	5	257	503	157	428	1.66e-17	84.7
g2993.t1	VFG006884(gb|WP_000591846)	29.204	226	136	4	301	505	392	614	1.76e-17	85.5
g2993.t1	VFG042944(gb|WP_004572848)	39.310	145	69	3	284	413	430	570	1.50e-16	82.4
g2993.t1	VFG043367(gb|WP_000971620)	30.897	301	151	10	216	472	219	506	1.63e-16	82.4
g2993.t1	VFG043366(gb|WP_000033553)	45.652	92	50	0	349	440	545	636	1.27e-15	79.7
g2993.t1	VFG043378(gb|WP_000467802)	37.209	129	71	3	286	407	121	246	2.68e-15	77.8
g3338.t1	VFG043040(gb|NP_460876)	53.763	558	235	7	4	547	5	553	2.70e-172	498
g3338.t1	VFG043209(gb|WP_005168769)	53.148	540	244	2	17	547	18	557	2.89e-172	498
g3338.t1	VFG043092(gb|WP_010904770)	52.973	555	250	4	1	547	2	553	3.60e-169	490
g3338.t1	VFG025876(gb|WP_011546712)	59.306	317	126	1	200	516	203	516	2.69e-102	322
g3338.t1	VFG025878(gb|WP_012492267)	59.621	317	125	1	200	516	203	516	2.85e-102	322
g3338.t1	VFG025879(gb|WP_012327703)	59.306	317	126	1	200	516	203	516	4.50e-102	321
g3338.t1	VFG025885(gb|WP_004525699)	58.730	315	130	0	203	517	203	517	9.54e-102	321
g3338.t1	VFG025880(gb|WP_004199264)	59.365	315	127	1	203	517	204	517	1.19e-101	320
g3338.t1	VFG002529(gb|WP_011205290)	58.730	315	130	0	203	517	203	517	1.22e-101	320
g3338.t1	VFG025881(gb|WP_004202799)	59.365	315	127	1	203	517	204	517	1.29e-101	320
g3338.t1	VFG025886(gb|WP_011852321)	59.365	315	127	1	203	517	204	517	1.59e-101	320
g3338.t1	VFG025884(gb|WP_004535496)	59.048	315	128	1	203	517	204	517	1.75e-101	320
g3338.t1	VFG025888(gb|WP_011402606)	59.365	315	127	1	203	517	204	517	5.50e-100	316
g3338.t1	VFG042257(gb|ABB77417)	56.497	177	77	0	314	490	2	178	8.87e-54	181
g3338.t1	VFG014052(gb|WP_011336363)	27.778	396	217	8	193	542	314	686	3.50e-31	128
g3338.t1	VFG019769(gb|WP_015886334)	28.457	376	206	7	194	516	310	675	1.01e-30	126
g3338.t1	VFG014047(gb|WP_011167501)	28.926	363	214	7	193	514	312	671	3.50e-30	125
g3338.t1	VFG014051(gb|WP_011063998)	27.838	370	213	6	193	516	314	675	5.25e-30	124
g3338.t1	VFG014045(gb|WP_005621029)	29.477	363	212	7	193	514	312	671	2.65e-29	122
g3338.t1	VFG014046(gb|WP_011266434)	29.477	363	212	7	193	514	312	671	1.04e-28	120
g3338.t1	VFG014054(gb|WP_011914956)	29.412	323	197	4	223	516	355	675	1.86e-28	119
g3338.t1	VFG014050(gb|WP_086009465)	26.486	370	232	4	193	523	306	674	4.99e-28	118
g3338.t1	VFG014048(gb|WP_010955558)	27.321	377	218	7	193	521	318	686	7.00e-28	118
g3338.t1	VFG014049(gb|WP_012053913)	27.321	377	218	7	193	521	318	686	7.81e-28	118
g3338.t1	VFG014053(gb|WP_011920658)	29.412	323	197	4	223	516	355	675	8.84e-28	117
g3338.t1	VFG015638(gb|WP_012274549)	27.446	368	213	6	193	514	318	677	1.47e-27	117
g3338.t1	VFG015639(gb|WP_012312417)	26.613	372	227	5	193	522	318	685	1.98e-27	116
g3338.t1	VFG014043(gb|WP_012074000)	28.793	323	199	4	223	516	355	675	1.26e-26	114
g3338.t1	VFG001228(gb|NP_249102)	28.793	323	199	4	223	516	355	675	1.30e-26	114
g3338.t1	VFG014044(gb|WP_003084592)	28.793	323	199	4	223	516	355	675	1.35e-26	114
g3338.t1	VFG050674(gb|WP_000505932.1)	27.864	323	202	4	223	516	370	690	1.02e-25	111
g3338.t1	VFG050670(gb|WP_000505931.1)	27.864	323	202	4	223	516	370	690	1.08e-25	111
g3338.t1	VFG050680(gb|YP_005800157.1)	27.864	323	202	4	223	516	382	702	1.17e-25	111
g3338.t1	VFG050679(gb|WP_000505928.1)	27.864	323	202	4	223	516	370	690	1.22e-25	111
g3338.t1	VFG050671(gb|YP_001085820.1)	27.864	323	202	4	223	516	303	623	2.35e-25	110
g3338.t1	VFG006884(gb|WP_000591846)	27.401	354	220	5	201	517	264	617	5.02e-25	109
g3338.t1	VFG000088(gb|WP_000591844)	27.401	354	220	5	201	517	264	617	7.60e-25	108
g3338.t1	VFG006892(gb|WP_000672503)	31.544	298	174	6	205	472	285	582	1.35e-24	107
g3338.t1	VFG000104(gb|WP_000672505)	31.544	298	174	6	205	472	285	582	1.43e-24	107
g3338.t1	VFG042944(gb|WP_004572848)	26.769	325	207	4	221	516	356	678	2.25e-20	94.7
g3338.t1	VFG042927(gb|WP_012031398)	25.077	323	211	4	223	516	112	432	4.11e-20	92.8
g3338.t1	VFG043378(gb|WP_000467802)	55.844	77	34	0	345	421	175	251	8.36e-18	85.9
g3338.t1	VFG043366(gb|WP_000033553)	33.898	177	104	3	312	478	495	668	2.77e-17	85.1
g3338.t1	VFG043365(gb|WP_000843374)	28.854	253	133	7	235	478	452	666	4.29e-16	81.3
g3338.t1	VFG043367(gb|WP_000971620)	44.330	97	54	0	348	444	383	479	9.69e-15	77.0
