g82.t1	VFG019993(gb|WP_024082388)	99.745	1176	3	0	1	1176	1	1176	0.0	2362
g82.t1	VFG015404(gb|WP_003111851)	99.575	1177	4	1	1	1176	1	1177	0.0	2354
g82.t1	VFG015403(gb|WP_011979127)	98.895	1176	13	0	1	1176	1	1176	0.0	2340
g82.t1	VFG002063(gb|NP_248767)	100.000	1101	0	0	76	1176	1	1101	0.0	2217
g82.t1	VFG015410(gb|WP_012018659)	77.995	1177	252	5	1	1176	1	1171	0.0	1861
g82.t1	VFG015409(gb|WP_011064249)	77.099	1179	256	6	1	1176	1	1168	0.0	1776
g82.t1	VFG019994(gb|WP_015886551)	76.105	1176	271	5	1	1176	1	1166	0.0	1768
g82.t1	VFG041054(gb|WP_010973755)	32.057	1201	730	21	1	1173	14	1156	0.0	570
g82.t1	VFG041109(gb|NP_459283)	31.456	1243	754	31	11	1175	65	1287	7.67e-144	467
g82.t1	VFG051588(gb|WP_011336584.1)	30.034	1182	763	28	26	1176	31	1179	4.95e-134	437
g82.t1	VFG051589(gb|WP_046464016.1)	30.622	1205	770	29	6	1176	3	1175	1.20e-133	437
g82.t1	VFG051587(gb|WP_011531917.1)	30.553	1211	770	29	1	1176	1	1175	5.29e-130	427
g82.t1	VFG051584(gb|WP_012076236.1)	29.992	1187	751	29	27	1176	32	1175	1.09e-128	423
g82.t1	VFG051583(gb|WP_012614302.1)	30.150	1204	777	30	6	1176	3	1175	1.25e-128	423
g82.t1	VFG041027(gb|NP_250360)	30.213	1175	764	29	27	1176	32	1175	1.25e-126	417
g82.t1	VFG051590(gb|WP_011104079.1)	29.825	1197	765	26	11	1176	16	1168	6.67e-126	416
g82.t1	VFG051586(gb|WP_003140078.1)	30.298	1175	763	29	27	1176	32	1175	8.26e-126	415
g82.t1	VFG002088(gb|WP_000225015)	26.546	1213	790	27	13	1176	5	1165	6.68e-118	394
g82.t1	VFG050963(gb|WP_000556919.1)	25.441	1246	786	37	1	1147	1	1202	1.09e-111	378
g82.t1	VFG050957(gb|WP_000556921.1)	25.441	1246	786	37	1	1147	1	1202	1.32e-111	378
g82.t1	VFG050967(gb|WP_000556905.1)	25.503	1243	789	36	1	1147	1	1202	2.46e-111	377
g82.t1	VFG050959(gb|WP_000556915.1)	25.361	1246	787	37	1	1147	1	1202	3.59e-111	377
g82.t1	VFG050962(gb|WP_000556914.1)	25.361	1246	787	37	1	1147	1	1202	3.81e-111	377
g82.t1	VFG051922(gb|WP_010954863.1)	26.383	1247	790	29	1	1176	1	1190	5.00e-105	358
g82.t1	VFG050960(gb|YP_001084332.1)	26.564	1039	652	30	47	1002	13	1023	1.61e-102	348
g82.t1	VFG015407(gb|WP_010953547)	27.492	1204	768	29	25	1176	38	1188	9.94e-101	346
g82.t1	VFG015408(gb|WP_012052041)	27.197	1206	769	29	25	1176	38	1188	8.07e-100	344
g82.t1	VFG041088(gb|WP_002214734)	25.347	1152	802	24	47	1176	31	1146	1.04e-98	340
g82.t1	VFG038402(gb|WP_011705725)	27.047	1209	761	33	15	1176	26	1160	1.79e-98	339
g82.t1	VFG015786(gb|WP_012272842)	27.492	1204	763	32	25	1176	38	1183	2.03e-96	334
g82.t1	VFG035506(gb|WP_122987846)	25.474	1213	792	39	9	1176	8	1153	2.60e-73	266
g82.t1	VFG035486(gb|WP_001298186)	25.453	1214	792	39	9	1176	8	1154	5.41e-73	265
g82.t1	VFG035488(gb|WP_001331531)	25.601	1207	799	39	9	1176	8	1154	5.61e-73	265
g82.t1	VFG035487(gb|WP_143702606)	25.601	1207	799	40	9	1176	8	1154	1.39e-72	263
g82.t1	VFG041156(gb|WP_012492310)	33.451	565	337	15	15	558	16	562	3.02e-72	264
g82.t1	VFG041156(gb|WP_012492310)	22.453	579	384	18	570	1102	638	1197	4.93e-21	100
g82.t1	VFG035494(gb|WP_063103658)	25.332	1204	794	41	15	1176	3	1143	6.83e-72	261
g82.t1	VFG041160(gb|WP_001137108)	25.441	1191	788	37	25	1176	23	1152	1.31e-71	261
g82.t1	VFG035501(gb|WP_122986593)	25.332	1204	794	41	15	1176	3	1143	1.98e-71	260
g82.t1	VFG035495(gb|WP_122987046)	25.332	1204	794	41	15	1176	3	1143	3.85e-71	259
g82.t1	VFG046083(gb|WP_123009675)	25.311	1205	793	42	15	1176	3	1143	1.62e-70	257
g82.t1	VFG035500(gb|WP_122134675)	25.414	1208	787	40	16	1176	4	1144	3.70e-70	256
g82.t1	VFG035499(gb|WP_122986661)	25.497	1208	786	41	16	1176	4	1144	7.46e-70	255
g82.t1	VFG035484(gb|WP_001303798)	25.042	1202	800	37	15	1176	3	1143	9.80e-69	252
g82.t1	VFG035493(gb|WP_122988827)	25.083	1204	797	40	15	1176	3	1143	7.20e-68	249
g82.t1	VFG039095(gb|WP_043881105)	25.797	659	406	13	525	1176	43	625	1.86e-66	236
g82.t1	VFG015406(gb|WP_011167349)	33.535	495	292	14	1	479	1	474	5.57e-65	236
g82.t1	VFG051852(gb|WP_010953988.1)	34.694	490	286	14	5	479	4	474	6.74e-65	236
g82.t1	VFG051850(gb|WP_012052416.1)	33.130	492	295	14	1	479	4	474	1.06e-64	236
g82.t1	VFG051851(gb|WP_012272408.1)	33.130	492	295	14	1	479	4	474	1.95e-64	235
g82.t1	VFG015405(gb|WP_011269333)	33.809	491	296	14	1	479	1	474	2.45e-64	234
g82.t1	VFG051853(gb|WP_012314359.1)	33.198	494	289	15	1	476	1	471	1.92e-63	232
g82.t1	VFG045746(gb|WP_003634648)	21.743	1090	719	34	103	1176	1	972	6.38e-52	198
g82.t1	VFG010604(gb|WP_011214711)	21.443	984	638	34	217	1176	100	972	1.23e-47	185
g82.t1	VFG010603(gb|WP_011213098)	21.363	983	640	34	217	1176	100	972	4.14e-47	183
g82.t1	VFG025369(gb|WP_198140106)	36.039	308	182	6	79	385	65	358	4.26e-37	152
g82.t1	VFG025363(gb|WP_174977041)	36.039	308	182	6	79	385	65	358	4.50e-37	152
g82.t1	VFG025365(gb|WP_196385799)	36.039	308	182	6	79	385	65	358	4.69e-37	152
g82.t1	VFG025364(gb|WP_181586220)	36.039	308	182	6	79	385	65	358	4.70e-37	152
g82.t1	VFG025366(gb|WP_182913211)	36.039	308	182	6	79	385	65	358	4.81e-37	152
g82.t1	VFG025367(gb|WP_174904940)	36.039	308	182	6	79	385	65	358	6.07e-37	151
g82.t1	VFG002489(gb|WP_181937968)	36.039	308	182	6	79	385	65	358	6.54e-37	151
g82.t1	VFG049902(gb|WP_011310140)	28.807	545	336	22	9	533	28	540	1.07e-35	144
g82.t1	VFG041192(gb|WP_012849272)	27.808	543	328	19	10	536	6	500	8.80e-34	141
g82.t1	VFG039093(gb|WP_012570665)	28.647	377	243	9	96	470	21	373	8.81e-34	134
g82.t1	VFG039094(gb|WP_043880954)	29.651	344	224	7	127	470	48	373	1.68e-32	130
g82.t1	VFG025371(gb|WP_009896173)	33.813	278	171	5	108	385	95	359	3.82e-30	129
g82.t1	VFG010605(gb|WP_011945630)	22.204	626	409	23	217	823	100	666	5.85e-26	115
g82.t1	VFG010605(gb|WP_011945630)	24.790	238	169	5	942	1176	742	972	9.67e-22	102
g82.t1	VFG001845(gb|WP_010946207)	22.169	627	408	23	217	823	100	666	1.81e-25	114
g82.t1	VFG001845(gb|WP_010946207)	24.790	238	169	5	942	1176	742	972	1.00e-21	102
g82.t1	VFG049253(gb|WP_014230191)	22.129	1071	670	42	173	1176	143	1116	3.56e-21	100
g82.t1	VFG049173(gb|WP_113705935)	23.262	791	492	28	456	1176	301	1046	4.02e-21	100
g82.t1	VFG039092(gb|WP_032138499)	31.707	205	131	5	127	331	48	243	1.21e-19	89.7
g82.t1	VFG048748(gb|WP_014838699)	22.481	645	434	18	570	1176	515	1131	4.53e-19	93.6
g82.t1	VFG048755(gb|WP_049127998)	22.102	647	434	19	570	1176	510	1126	4.52e-18	90.1
g82.t1	VFG048751(gb|YP_005226614)	22.102	647	434	19	570	1176	500	1116	5.61e-18	90.1
g82.t1	VFG051610(gb|WP_011334774.1)	25.500	400	222	14	124	493	55	408	1.16e-17	89.0
g82.t1	VFG048756(gb|WP_012968401)	22.102	647	434	19	570	1176	500	1116	1.22e-17	89.0
g82.t1	VFG048749(gb|WP_014229651)	21.473	801	544	24	430	1176	362	1131	1.62e-17	88.6
g82.t1	VFG048754(gb|WP_077250640)	21.947	647	435	19	570	1176	510	1126	3.41e-17	87.4
g82.t1	VFG049174(gb|WP_012540699)	22.390	795	507	29	445	1176	347	1094	4.48e-17	87.0
g82.t1	VFG049175(gb|WP_009485633)	21.706	797	537	28	431	1173	336	1099	6.16e-17	86.7
g82.t1	VFG048753(gb|WP_004224382)	21.947	647	435	19	570	1176	500	1116	6.26e-17	86.7
g82.t1	VFG049259(gb|WP_015958622)	22.441	762	504	25	468	1176	387	1114	2.52e-16	84.7
g82.t1	VFG035241(gb|WP_001299110)	20.882	771	535	20	451	1173	343	1086	2.53e-16	84.7
g82.t1	VFG035238(gb|WP_001298149)	20.694	778	535	21	445	1173	342	1086	2.97e-16	84.3
g82.t1	VFG049258(gb|WP_171773966)	22.430	642	436	20	570	1176	502	1116	6.74e-16	83.2
g82.t1	VFG035242(gb|WP_001037088)	21.688	770	520	26	455	1174	367	1103	1.26e-15	82.4
g82.t1	VFG049257(gb|YP_005227550)	22.274	642	437	20	570	1176	500	1114	2.06e-15	81.6
g82.t1	VFG035250(gb|WP_000832729)	20.924	779	526	22	451	1173	346	1090	2.08e-15	81.6
g82.t1	VFG035245(gb|WP_000832728)	20.743	781	532	22	445	1173	345	1090	2.36e-15	81.3
g82.t1	VFG049255(gb|WP_014907370)	21.693	756	517	23	468	1176	387	1114	2.85e-15	81.3
g82.t1	VFG035237(gb|WP_000832727)	20.743	781	532	22	445	1173	345	1090	2.87e-15	81.3
g82.t1	VFG049260(gb|WP_041937785)	21.693	756	517	23	468	1176	387	1114	3.29e-15	80.9
g82.t1	VFG049256(gb|WP_181446013)	21.964	774	531	21	449	1176	370	1116	6.84e-15	80.1
g82.t1	VFG049261(gb|WP_004145450)	22.586	642	432	21	570	1176	495	1106	6.87e-15	79.7
g82.t1	VFG035240(gb|WP_000557432)	20.769	780	534	21	445	1173	349	1095	3.10e-14	77.8
g82.t1	VFG035239(gb|WP_000557434)	20.258	775	544	20	445	1173	349	1095	9.40e-14	76.3
g82.t1	VFG035248(gb|WP_000557433)	20.972	782	530	22	445	1173	349	1095	1.15e-13	75.9
g82.t1	VFG035247(gb|WP_000557435)	20.641	780	535	21	445	1173	349	1095	1.23e-13	75.9
g82.t1	VFG051607(gb|WP_012075692.1)	26.611	481	292	16	124	593	55	485	2.06e-13	75.1
g82.t1	VFG041033(gb|NP_251051)	30.091	329	185	11	124	445	55	345	3.73e-13	74.3
g82.t1	VFG051606(gb|WP_012614151.1)	29.787	329	186	10	124	445	55	345	6.32e-13	73.6
g82.t1	VFG051609(gb|WP_003139320.1)	26.042	480	296	14	124	593	55	485	9.26e-12	69.7
g82.t1	VFG035246(gb|WP_015674982)	23.982	221	164	3	953	1173	894	1110	2.17e-08	58.5
g1691.t1	VFG041027(gb|NP_250360)	100.000	1175	0	0	1	1175	1	1175	0.0	2368
g1691.t1	VFG051586(gb|WP_003140078.1)	99.574	1175	5	0	1	1175	1	1175	0.0	2364
g1691.t1	VFG051583(gb|WP_012614302.1)	99.745	1175	3	0	1	1175	1	1175	0.0	2364
g1691.t1	VFG051584(gb|WP_012076236.1)	99.064	1175	11	0	1	1175	1	1175	0.0	2354
g1691.t1	VFG051589(gb|WP_046464016.1)	78.638	1175	251	0	1	1175	1	1175	0.0	1889
g1691.t1	VFG051588(gb|WP_011336584.1)	76.930	1179	268	1	1	1175	1	1179	0.0	1856
g1691.t1	VFG051587(gb|WP_011531917.1)	67.259	1182	373	4	1	1175	1	1175	0.0	1527
g1691.t1	VFG051590(gb|WP_011104079.1)	58.998	1178	470	3	1	1175	1	1168	0.0	1397
g1691.t1	VFG015404(gb|WP_003111851)	30.661	1210	764	33	3	1175	6	1177	3.21e-146	470
g1691.t1	VFG019993(gb|WP_024082388)	30.438	1209	767	32	3	1175	6	1176	1.61e-145	469
g1691.t1	VFG015403(gb|WP_011979127)	30.075	1207	774	29	3	1175	6	1176	1.19e-144	466
g1691.t1	VFG015410(gb|WP_012018659)	30.198	1212	768	28	1	1175	1	1171	2.95e-143	462
g1691.t1	VFG019994(gb|WP_015886551)	30.712	1208	762	34	1	1175	1	1166	1.01e-138	450
g1691.t1	VFG002063(gb|NP_248767)	30.214	1122	700	28	98	1175	19	1101	7.06e-134	435
g1691.t1	VFG015409(gb|WP_011064249)	29.378	1205	784	26	1	1175	1	1168	6.91e-133	434
g1691.t1	VFG041054(gb|WP_010973755)	28.655	1197	750	29	19	1175	27	1159	3.23e-118	394
g1691.t1	VFG002088(gb|WP_000225015)	25.969	1213	776	30	24	1175	14	1165	2.43e-104	356
g1691.t1	VFG038402(gb|WP_011705725)	26.183	1226	785	34	4	1175	1	1160	3.14e-91	318
g1691.t1	VFG015786(gb|WP_012272842)	27.322	1098	694	33	131	1172	131	1180	6.39e-84	298
g1691.t1	VFG041109(gb|NP_459283)	27.115	1265	774	42	16	1174	65	1287	8.46e-83	295
g1691.t1	VFG035494(gb|WP_063103658)	25.920	1196	778	31	18	1169	6	1137	1.10e-82	293
g1691.t1	VFG035501(gb|WP_122986593)	25.920	1196	778	31	18	1169	6	1137	1.38e-82	293
g1691.t1	VFG035495(gb|WP_122987046)	25.920	1196	778	31	18	1169	6	1137	3.00e-82	292
g1691.t1	VFG046083(gb|WP_123009675)	25.836	1196	779	32	18	1169	6	1137	2.14e-81	290
g1691.t1	VFG035493(gb|WP_122988827)	26.753	1084	699	28	130	1169	105	1137	6.43e-81	288
g1691.t1	VFG015407(gb|WP_010953547)	26.965	1094	708	29	131	1172	131	1185	1.03e-80	288
g1691.t1	VFG035484(gb|WP_001303798)	26.127	1198	773	34	18	1169	6	1137	2.69e-80	286
g1691.t1	VFG015408(gb|WP_012052041)	26.709	1097	707	30	131	1172	131	1185	2.80e-80	287
g1691.t1	VFG035506(gb|WP_122987846)	25.166	1208	800	29	7	1172	5	1150	8.68e-80	285
g1691.t1	VFG035486(gb|WP_001298186)	25.227	1209	799	30	7	1172	5	1151	1.21e-78	281
g1691.t1	VFG035488(gb|WP_001331531)	25.229	1201	797	30	15	1172	9	1151	2.29e-78	281
g1691.t1	VFG051922(gb|WP_010954863.1)	26.045	1244	770	38	14	1172	9	1187	2.98e-78	281
g1691.t1	VFG035487(gb|WP_143702606)	25.146	1201	798	30	15	1172	9	1151	8.54e-78	279
g1691.t1	VFG035499(gb|WP_122986661)	25.521	1199	786	32	18	1172	6	1141	1.48e-77	278
g1691.t1	VFG035500(gb|WP_122134675)	25.521	1199	786	32	18	1172	6	1141	2.03e-77	278
g1691.t1	VFG041160(gb|WP_001137108)	26.241	1189	769	35	30	1172	23	1149	1.12e-76	276
g1691.t1	VFG039095(gb|WP_043881105)	24.551	668	415	15	517	1175	38	625	5.30e-64	229
g1691.t1	VFG041088(gb|WP_002214734)	22.385	1157	774	31	52	1146	24	1118	3.52e-58	219
g1691.t1	VFG050959(gb|WP_000556915.1)	22.378	1211	801	37	23	1133	18	1189	3.66e-58	219
g1691.t1	VFG050962(gb|WP_000556914.1)	22.378	1211	801	37	23	1133	18	1189	3.69e-58	219
g1691.t1	VFG050963(gb|WP_000556919.1)	22.378	1211	801	37	23	1133	18	1189	3.86e-58	219
g1691.t1	VFG050957(gb|WP_000556921.1)	22.378	1211	801	37	23	1133	18	1189	3.93e-58	219
g1691.t1	VFG050967(gb|WP_000556905.1)	22.387	1215	796	39	23	1133	18	1189	6.81e-58	219
g1691.t1	VFG015405(gb|WP_011269333)	29.949	591	343	18	21	580	18	568	3.00e-54	204
g1691.t1	VFG045746(gb|WP_003634648)	22.948	1072	666	38	131	1171	26	968	1.38e-53	204
g1691.t1	VFG050960(gb|YP_001084332.1)	23.233	1033	668	33	63	1001	22	1023	6.19e-53	202
g1691.t1	VFG015406(gb|WP_011167349)	29.352	586	353	17	21	580	18	568	8.29e-53	200
g1691.t1	VFG001845(gb|WP_010946207)	22.118	1067	685	32	129	1171	24	968	4.61e-51	196
g1691.t1	VFG010604(gb|WP_011214711)	22.118	1067	685	32	129	1171	24	968	5.40e-51	196
g1691.t1	VFG010605(gb|WP_011945630)	21.837	1067	688	31	129	1171	24	968	6.56e-51	195
g1691.t1	VFG010603(gb|WP_011213098)	22.118	1067	685	32	129	1171	24	968	1.03e-50	194
g1691.t1	VFG051851(gb|WP_012272408.1)	30.018	563	333	18	24	556	21	552	4.51e-48	185
g1691.t1	VFG051853(gb|WP_012314359.1)	29.859	566	336	16	21	556	18	552	4.93e-48	185
g1691.t1	VFG041156(gb|WP_012492310)	28.631	482	330	8	103	578	102	575	1.71e-47	186
g1691.t1	VFG041156(gb|WP_012492310)	19.901	608	421	19	569	1127	633	1223	4.17e-13	74.3
g1691.t1	VFG051850(gb|WP_012052416.1)	29.084	557	346	13	24	556	21	552	6.88e-45	175
g1691.t1	VFG051852(gb|WP_010953988.1)	29.264	557	345	13	24	556	21	552	1.26e-44	174
g1691.t1	VFG049902(gb|WP_011310140)	27.808	543	354	14	7	537	25	541	4.34e-34	139
g1691.t1	VFG049256(gb|WP_181446013)	25.218	801	496	32	432	1172	356	1113	9.24e-32	134
g1691.t1	VFG049260(gb|WP_041937785)	24.306	757	488	26	468	1172	388	1111	8.43e-31	131
g1691.t1	VFG049255(gb|WP_014907370)	24.306	757	488	26	468	1172	388	1111	8.43e-31	131
g1691.t1	VFG049259(gb|WP_015958622)	24.436	753	492	28	468	1172	388	1111	2.28e-29	127
g1691.t1	VFG049258(gb|WP_171773966)	24.271	754	492	28	468	1172	390	1113	4.15e-29	126
g1691.t1	VFG049257(gb|YP_005227550)	24.242	726	452	26	489	1172	442	1111	1.74e-28	124
g1691.t1	VFG025365(gb|WP_196385799)	33.333	291	170	10	99	380	78	353	3.85e-28	123
g1691.t1	VFG025364(gb|WP_181586220)	33.333	291	170	10	99	380	78	353	3.85e-28	123
g1691.t1	VFG025366(gb|WP_182913211)	33.333	291	170	10	99	380	78	353	3.92e-28	123
g1691.t1	VFG025363(gb|WP_174977041)	33.333	291	170	10	99	380	78	353	4.03e-28	123
g1691.t1	VFG025367(gb|WP_174904940)	33.333	291	170	10	99	380	78	353	6.35e-28	122
g1691.t1	VFG002489(gb|WP_181937968)	33.333	291	170	10	99	380	78	353	7.80e-28	122
g1691.t1	VFG025369(gb|WP_198140106)	32.302	291	173	8	99	380	78	353	8.31e-28	122
g1691.t1	VFG049253(gb|WP_014230191)	25.031	795	505	31	432	1172	356	1113	9.93e-28	121
g1691.t1	VFG039093(gb|WP_012570665)	31.907	257	160	8	101	354	22	266	2.68e-27	115
g1691.t1	VFG039094(gb|WP_043880954)	27.596	337	223	10	101	433	22	341	2.95e-27	115
g1691.t1	VFG041192(gb|WP_012849272)	26.615	387	244	11	1	381	1	353	4.70e-27	119
g1691.t1	VFG025371(gb|WP_009896173)	28.463	397	249	9	95	479	74	447	6.45e-27	119
g1691.t1	VFG049261(gb|WP_004145450)	24.342	760	481	31	468	1172	383	1103	5.01e-25	112
g1691.t1	VFG048748(gb|WP_014838699)	22.385	1023	664	39	211	1175	181	1131	5.38e-23	106
g1691.t1	VFG039092(gb|WP_032138499)	31.330	233	147	8	101	331	22	243	3.38e-22	97.1
g1691.t1	VFG049174(gb|WP_012540699)	21.767	634	450	17	571	1175	478	1094	4.28e-22	103
g1691.t1	VFG048749(gb|WP_014229651)	22.266	1024	664	38	211	1175	181	1131	5.77e-22	102
g1691.t1	VFG049175(gb|WP_009485633)	21.978	637	436	19	577	1175	489	1102	7.12e-22	102
g1691.t1	VFG035242(gb|WP_001037088)	23.439	785	515	30	439	1172	353	1102	2.72e-21	100
g1691.t1	VFG048754(gb|WP_077250640)	22.300	574	385	16	637	1175	579	1126	1.56e-19	95.1
g1691.t1	VFG048756(gb|WP_012968401)	22.632	570	388	15	637	1175	569	1116	1.83e-19	94.7
g1691.t1	VFG048755(gb|WP_049127998)	22.474	574	384	16	637	1175	579	1126	2.37e-19	94.4
g1691.t1	VFG035238(gb|WP_001298149)	22.486	547	381	15	651	1175	564	1089	3.64e-19	94.0
g1691.t1	VFG048753(gb|WP_004224382)	22.300	574	385	16	637	1175	569	1116	6.76e-19	92.8
g1691.t1	VFG048751(gb|YP_005226614)	22.404	1098	686	41	144	1175	119	1116	1.08e-18	92.4
g1691.t1	VFG035237(gb|WP_000832727)	21.920	552	379	15	651	1175	567	1093	1.83e-18	91.7
g1691.t1	VFG035245(gb|WP_000832728)	21.920	552	379	15	651	1175	567	1093	2.17e-18	91.3
g1691.t1	VFG035250(gb|WP_000832729)	22.404	549	380	15	651	1175	567	1093	2.21e-18	91.3
g1691.t1	VFG035248(gb|WP_000557433)	22.404	549	381	15	651	1175	571	1098	3.47e-18	90.5
g1691.t1	VFG035240(gb|WP_000557432)	22.404	549	381	15	651	1175	571	1098	4.68e-18	90.1
g1691.t1	VFG035247(gb|WP_000557435)	22.404	549	381	15	651	1175	571	1098	6.04e-18	89.7
g1691.t1	VFG035239(gb|WP_000557434)	22.404	549	381	15	651	1175	571	1098	6.56e-18	89.7
g1691.t1	VFG035241(gb|WP_001299110)	21.795	546	386	14	651	1175	564	1089	8.23e-18	89.4
g1691.t1	VFG049173(gb|WP_113705935)	22.971	579	377	21	636	1175	498	1046	1.72e-17	88.2
g1691.t1	VFG035246(gb|WP_015674982)	21.284	545	388	13	651	1175	590	1113	4.24e-15	80.5
g1691.t1	VFG035428(gb|WP_001403210)	21.687	415	274	16	12	418	2	373	4.41e-12	70.9
g1691.t1	VFG035427(gb|WP_024174616)	21.687	415	274	16	12	418	2	373	5.06e-12	70.5
g1691.t1	VFG035424(gb|WP_000914956)	21.687	415	274	16	12	418	2	373	5.50e-12	70.5
g1691.t1	VFG051610(gb|WP_011334774.1)	27.586	319	201	9	128	444	54	344	4.47e-11	67.4
g1691.t1	VFG051607(gb|WP_012075692.1)	28.041	296	179	11	102	390	34	302	9.74e-11	66.2
g1691.t1	VFG051606(gb|WP_012614151.1)	27.003	337	202	11	102	432	34	332	1.01e-10	66.2
g1691.t1	VFG041033(gb|NP_251051)	27.003	337	202	11	102	432	34	332	1.31e-10	65.9
g1691.t1	VFG051609(gb|WP_003139320.1)	27.003	337	202	12	102	432	34	332	2.95e-08	58.2
g2401.t1	VFG041033(gb|NP_251051)	100.000	1271	0	0	1	1271	1	1271	0.0	2518
g2401.t1	VFG051606(gb|WP_012614151.1)	99.921	1271	1	0	1	1271	1	1271	0.0	2517
g2401.t1	VFG051607(gb|WP_012075692.1)	99.056	1271	12	0	1	1271	1	1271	0.0	2499
g2401.t1	VFG051609(gb|WP_003139320.1)	97.797	1271	28	0	1	1271	1	1271	0.0	2477
g2401.t1	VFG051610(gb|WP_011334774.1)	49.247	1261	631	7	1	1256	1	1257	0.0	1129
g2401.t1	VFG015403(gb|WP_011979127)	29.132	357	205	12	55	373	124	470	1.10e-19	95.9
g2401.t1	VFG002063(gb|NP_248767)	29.261	352	201	12	55	368	49	390	1.67e-19	95.1
g2401.t1	VFG019993(gb|WP_024082388)	29.132	357	205	12	55	373	124	470	2.45e-19	94.7
g2401.t1	VFG015404(gb|WP_003111851)	29.132	357	205	12	55	373	124	470	3.39e-19	94.0
g2401.t1	VFG019994(gb|WP_015886551)	26.687	326	200	8	55	345	119	440	1.78e-18	91.7
g2401.t1	VFG015409(gb|WP_011064249)	25.815	399	260	6	55	419	119	515	5.01e-18	90.5
g2401.t1	VFG015410(gb|WP_012018659)	25.882	340	213	9	55	359	123	458	5.31e-17	87.0
g2401.t1	VFG041156(gb|WP_012492310)	25.201	373	237	15	28	368	103	465	1.57e-15	82.4
g2401.t1	VFG025371(gb|WP_009896173)	30.699	329	198	10	58	365	114	433	6.31e-15	80.1
g2401.t1	VFG025369(gb|WP_198140106)	30.418	263	159	6	58	305	113	366	2.14e-14	78.6
g2401.t1	VFG002489(gb|WP_181937968)	30.418	263	159	6	58	305	113	366	2.66e-14	78.2
g2401.t1	VFG025367(gb|WP_174904940)	30.418	263	159	6	58	305	113	366	2.76e-14	78.2
g2401.t1	VFG025365(gb|WP_196385799)	30.418	263	159	6	58	305	113	366	4.77e-14	77.4
g2401.t1	VFG025364(gb|WP_181586220)	30.418	263	159	6	58	305	113	366	4.77e-14	77.4
g2401.t1	VFG025366(gb|WP_182913211)	30.418	263	159	6	58	305	113	366	4.81e-14	77.4
g2401.t1	VFG025363(gb|WP_174977041)	30.418	263	159	6	58	305	113	366	4.92e-14	77.4
g2401.t1	VFG015407(gb|WP_010953547)	26.361	349	198	12	43	349	117	448	5.56e-14	77.0
g2401.t1	VFG015408(gb|WP_012052041)	26.074	349	199	11	43	349	117	448	6.76e-14	77.0
g2401.t1	VFG051851(gb|WP_012272408.1)	25.360	347	212	13	55	361	122	461	1.19e-13	75.9
g2401.t1	VFG015786(gb|WP_012272842)	25.068	367	222	11	43	358	117	481	4.09e-13	74.3
g2401.t1	VFG051853(gb|WP_012314359.1)	25.072	347	213	14	55	361	122	461	6.19e-13	73.6
g2401.t1	VFG050962(gb|WP_000556914.1)	21.271	362	237	10	48	370	114	466	7.38e-13	73.6
g2401.t1	VFG050959(gb|WP_000556915.1)	20.994	362	238	9	48	370	114	466	7.83e-13	73.6
g2401.t1	VFG050960(gb|YP_001084332.1)	20.994	362	238	9	48	370	87	439	7.85e-13	73.2
g2401.t1	VFG050957(gb|WP_000556921.1)	21.271	362	237	10	48	370	114	466	7.96e-13	73.6
g2401.t1	VFG050963(gb|WP_000556919.1)	20.994	362	238	9	48	370	114	466	8.10e-13	73.2
g2401.t1	VFG050967(gb|WP_000556905.1)	20.787	356	246	7	48	370	114	466	1.09e-12	72.8
g2401.t1	VFG051852(gb|WP_010953988.1)	24.496	347	215	13	55	361	122	461	1.66e-12	72.0
g2401.t1	VFG051850(gb|WP_012052416.1)	24.207	347	216	13	55	361	122	461	2.59e-12	71.6
g2401.t1	VFG015405(gb|WP_011269333)	25.287	348	211	14	55	361	122	461	8.88e-12	69.7
g2401.t1	VFG015406(gb|WP_011167349)	24.294	354	207	13	55	361	122	461	1.78e-11	68.6
g2401.t1	VFG051922(gb|WP_010954863.1)	23.387	372	227	12	43	358	117	486	4.92e-11	67.4
g2401.t1	VFG051587(gb|WP_011531917.1)	27.597	308	196	9	47	332	123	425	9.93e-11	66.6
g2401.t1	VFG002088(gb|WP_000225015)	24.507	355	217	14	55	366	111	457	1.27e-10	66.2
g2401.t1	VFG051590(gb|WP_011104079.1)	25.959	339	225	9	48	363	122	457	2.35e-10	65.1
g2401.t1	VFG051586(gb|WP_003140078.1)	27.003	337	202	11	34	332	102	432	3.04e-10	64.7
g2401.t1	VFG041027(gb|NP_250360)	27.003	337	202	11	34	332	102	432	3.17e-10	64.7
g2401.t1	VFG051584(gb|WP_012076236.1)	27.003	337	202	11	34	332	102	432	3.72e-10	64.7
g2401.t1	VFG051583(gb|WP_012614302.1)	27.003	337	202	11	34	332	102	432	4.52e-10	64.3
g2401.t1	VFG038402(gb|WP_011705725)	27.797	295	181	10	94	364	175	461	5.24e-10	63.9
g2401.t1	VFG041109(gb|NP_459283)	25.969	258	157	7	49	274	180	435	1.32e-09	62.8
g2401.t1	VFG041054(gb|WP_010973755)	24.451	364	237	10	55	388	130	485	3.35e-09	61.6
g2401.t1	VFG051588(gb|WP_011336584.1)	24.931	361	232	12	38	363	107	463	8.11e-09	60.1
g2401.t1	VFG041192(gb|WP_012849272)	23.304	339	236	8	58	374	109	445	1.54e-07	56.2
g2401.t1	VFG051589(gb|WP_046464016.1)	26.400	250	155	10	136	363	221	463	2.83e-07	55.1
g271.t1	VFG041109(gb|NP_459283)	100.000	1289	0	0	1	1289	1	1289	0.0	2615
g271.t1	VFG015410(gb|WP_012018659)	30.665	1249	759	28	61	1287	7	1170	1.17e-158	506
g271.t1	VFG015403(gb|WP_011979127)	31.520	1250	752	33	61	1287	7	1175	1.84e-157	503
g271.t1	VFG019993(gb|WP_024082388)	31.440	1250	753	33	61	1287	7	1175	8.03e-157	502
g271.t1	VFG015404(gb|WP_003111851)	31.385	1249	756	32	61	1287	7	1176	1.11e-156	501
g271.t1	VFG002063(gb|NP_248767)	32.327	1126	672	29	182	1287	45	1100	3.19e-148	477
g271.t1	VFG019994(gb|WP_015886551)	30.689	1248	755	31	61	1287	7	1165	2.37e-146	473
g271.t1	VFG015409(gb|WP_011064249)	31.161	1258	738	33	61	1287	7	1167	3.98e-146	473
g271.t1	VFG041054(gb|WP_010973755)	27.965	1248	757	36	67	1287	26	1158	1.35e-117	395
g271.t1	VFG041088(gb|WP_002214734)	26.363	1119	723	35	189	1285	104	1143	1.06e-87	310
g271.t1	VFG051590(gb|WP_011104079.1)	25.434	1266	813	40	52	1287	3	1167	9.14e-80	286
g271.t1	VFG002088(gb|WP_000225015)	25.099	1263	774	39	74	1282	15	1159	1.21e-77	280
g271.t1	VFG051589(gb|WP_046464016.1)	26.570	1242	778	40	81	1287	32	1174	1.30e-77	280
g271.t1	VFG051584(gb|WP_012076236.1)	26.951	1243	772	41	81	1287	32	1174	2.04e-77	279
g271.t1	VFG051583(gb|WP_012614302.1)	27.053	1242	776	40	79	1287	30	1174	2.34e-77	279
g271.t1	VFG041027(gb|NP_250360)	27.097	1240	774	40	81	1287	32	1174	5.25e-77	278
g271.t1	VFG051588(gb|WP_011336584.1)	25.899	1251	779	42	81	1287	32	1178	1.72e-75	273
g271.t1	VFG051586(gb|WP_003140078.1)	26.935	1240	776	40	81	1287	32	1174	8.12e-75	271
g271.t1	VFG050957(gb|WP_000556921.1)	24.132	1268	763	46	76	1243	18	1186	1.41e-71	262
g271.t1	VFG050963(gb|WP_000556919.1)	24.132	1268	763	46	76	1243	18	1186	2.16e-71	262
g271.t1	VFG050962(gb|WP_000556914.1)	24.132	1268	763	46	76	1243	18	1186	2.80e-71	261
g271.t1	VFG050959(gb|WP_000556915.1)	24.132	1268	763	46	76	1243	18	1186	2.85e-71	261
g271.t1	VFG050967(gb|WP_000556905.1)	24.132	1268	763	46	76	1243	18	1186	5.37e-71	260
g271.t1	VFG050960(gb|YP_001084332.1)	25.433	1097	631	45	111	1113	19	1022	3.08e-68	250
g271.t1	VFG038402(gb|WP_011705725)	25.397	1260	779	42	66	1285	19	1157	4.20e-66	244
g271.t1	VFG051587(gb|WP_011531917.1)	24.840	1248	790	40	81	1286	32	1173	1.70e-62	233
g271.t1	VFG041156(gb|WP_012492310)	31.485	505	269	15	66	547	13	463	1.72e-54	208
g271.t1	VFG041156(gb|WP_012492310)	23.723	607	363	29	662	1214	637	1197	3.44e-10	64.7
g271.t1	VFG051922(gb|WP_010954863.1)	23.236	1162	737	37	181	1285	124	1187	7.42e-54	206
g271.t1	VFG046083(gb|WP_123009675)	25.529	1277	750	52	67	1282	1	1137	1.77e-53	204
g271.t1	VFG015407(gb|WP_010953547)	23.888	1147	746	38	181	1285	124	1185	1.10e-52	202
g271.t1	VFG035501(gb|WP_122986593)	25.333	1275	755	52	67	1282	1	1137	1.51e-52	202
g271.t1	VFG035495(gb|WP_122987046)	25.333	1275	755	52	67	1282	1	1137	4.60e-52	200
g271.t1	VFG035484(gb|WP_001303798)	26.031	1164	684	48	176	1282	94	1137	6.74e-52	199
g271.t1	VFG035494(gb|WP_063103658)	25.372	1277	752	52	67	1282	1	1137	7.74e-52	199
g271.t1	VFG015786(gb|WP_012272842)	22.997	1148	750	31	181	1285	124	1180	1.50e-51	199
g271.t1	VFG035493(gb|WP_122988827)	25.294	1277	753	52	67	1282	1	1137	3.94e-50	194
g271.t1	VFG015408(gb|WP_012052041)	23.211	1146	755	35	181	1285	124	1185	3.95e-50	194
g271.t1	VFG015406(gb|WP_011167349)	30.212	566	340	17	87	641	29	550	1.74e-49	190
g271.t1	VFG015405(gb|WP_011269333)	29.899	592	356	20	61	641	7	550	2.56e-49	189
g271.t1	VFG051853(gb|WP_012314359.1)	29.133	611	341	21	48	641	15	550	1.48e-48	187
g271.t1	VFG051852(gb|WP_010953988.1)	32.906	468	265	19	58	518	4	429	8.78e-47	181
g271.t1	VFG051850(gb|WP_012052416.1)	32.692	468	266	19	58	518	4	429	1.62e-46	181
g271.t1	VFG051851(gb|WP_012272408.1)	28.618	608	348	20	48	641	15	550	6.50e-46	179
g271.t1	VFG035486(gb|WP_001298186)	24.094	1270	787	50	65	1285	10	1151	9.07e-45	177
g271.t1	VFG035488(gb|WP_001331531)	24.200	1281	772	52	65	1285	10	1151	1.67e-44	176
g271.t1	VFG035487(gb|WP_143702606)	24.122	1281	773	52	65	1285	10	1151	6.40e-44	174
g271.t1	VFG035506(gb|WP_122987846)	24.016	1270	787	51	65	1285	10	1150	1.27e-43	173
g271.t1	VFG035499(gb|WP_122986661)	24.271	1269	767	51	75	1285	9	1141	1.25e-42	170
g271.t1	VFG035500(gb|WP_122134675)	24.271	1269	767	51	75	1285	9	1141	1.85e-42	169
g271.t1	VFG041160(gb|WP_001137108)	24.681	1252	742	51	93	1285	40	1149	8.54e-41	164
g271.t1	VFG049902(gb|WP_011310140)	28.738	515	285	20	69	566	33	482	1.80e-26	115
g271.t1	VFG041192(gb|WP_012849272)	27.621	391	239	8	70	459	8	355	2.50e-25	114
g271.t1	VFG045746(gb|WP_003634648)	20.833	1128	679	46	186	1283	24	967	1.39e-24	111
g271.t1	VFG039094(gb|WP_043880954)	27.222	360	224	12	189	548	48	369	7.01e-24	105
g271.t1	VFG039093(gb|WP_012570665)	27.222	360	224	12	189	548	48	369	7.77e-24	105
g271.t1	VFG039095(gb|WP_043881105)	20.981	591	365	20	705	1285	124	622	8.27e-24	107
g271.t1	VFG010604(gb|WP_011214711)	21.408	1037	606	43	287	1283	100	967	6.73e-21	99.8
g271.t1	VFG001845(gb|WP_010946207)	21.422	1027	618	42	287	1283	100	967	3.17e-20	97.4
g271.t1	VFG025365(gb|WP_196385799)	32.364	275	155	10	188	460	112	357	4.87e-20	97.1
g271.t1	VFG025364(gb|WP_181586220)	32.364	275	155	10	188	460	112	357	4.87e-20	97.1
g271.t1	VFG025366(gb|WP_182913211)	32.364	275	155	10	188	460	112	357	4.93e-20	97.1
g271.t1	VFG002489(gb|WP_181937968)	30.120	332	173	12	188	511	112	392	5.25e-20	97.1
g271.t1	VFG025363(gb|WP_174977041)	32.364	275	155	10	188	460	112	357	5.30e-20	97.1
g271.t1	VFG010603(gb|WP_011213098)	21.221	1032	614	43	287	1283	100	967	5.47e-20	96.7
g271.t1	VFG025367(gb|WP_174904940)	32.364	275	155	10	188	460	112	357	6.81e-20	96.7
g271.t1	VFG025369(gb|WP_198140106)	32.364	275	155	10	188	460	112	357	7.40e-20	96.3
g271.t1	VFG010605(gb|WP_011945630)	21.159	1035	611	44	287	1283	100	967	1.12e-19	95.5
g271.t1	VFG025371(gb|WP_009896173)	36.364	176	98	6	188	362	113	275	3.14e-19	94.4
g271.t1	VFG039092(gb|WP_032138499)	30.556	216	130	7	189	404	48	243	1.10e-16	80.9
g271.t1	VFG041033(gb|NP_251051)	26.357	258	156	7	180	435	49	274	1.85e-09	62.4
g271.t1	VFG051606(gb|WP_012614151.1)	26.357	258	156	7	180	435	49	274	2.17e-09	62.0
g271.t1	VFG049253(gb|WP_014230191)	21.339	717	457	24	613	1285	460	1113	3.06e-09	61.6
g271.t1	VFG049174(gb|WP_012540699)	21.455	536	338	20	790	1287	603	1093	3.79e-09	61.2
g271.t1	VFG051607(gb|WP_012075692.1)	26.357	258	156	7	180	435	49	274	3.86e-09	61.2
g271.t1	VFG049256(gb|WP_181446013)	21.875	672	418	27	613	1241	460	1067	6.40e-09	60.5
g271.t1	VFG035238(gb|WP_001298149)	21.481	540	336	19	790	1289	599	1090	1.25e-08	59.7
g271.t1	VFG049175(gb|WP_009485633)	20.708	565	357	19	766	1289	589	1103	1.95e-08	58.9
g271.t1	VFG051610(gb|WP_011334774.1)	26.300	327	190	12	180	495	49	335	2.26e-08	58.9
g271.t1	VFG049261(gb|WP_004145450)	22.057	671	418	28	613	1241	453	1060	3.56e-08	58.2
g271.t1	VFG049257(gb|YP_005227550)	21.810	674	416	27	613	1241	458	1065	4.83e-08	57.8
g271.t1	VFG049173(gb|WP_113705935)	21.862	741	460	29	606	1287	365	1045	7.20e-08	57.0
g271.t1	VFG035237(gb|WP_000832727)	21.442	541	336	19	790	1289	602	1094	8.77e-08	57.0
g271.t1	VFG035245(gb|WP_000832728)	21.442	541	336	19	790	1289	602	1094	9.30e-08	56.6
g271.t1	VFG049259(gb|WP_015958622)	21.958	674	415	28	613	1241	458	1065	2.05e-07	55.5
g271.t1	VFG035241(gb|WP_001299110)	21.111	540	338	19	790	1289	599	1090	2.32e-07	55.5
g271.t1	VFG048754(gb|WP_077250640)	21.443	499	316	20	774	1239	622	1077	4.45e-07	54.7
g271.t1	VFG035250(gb|WP_000832729)	21.442	541	336	19	790	1289	602	1094	4.57e-07	54.3
g271.t1	VFG051609(gb|WP_003139320.1)	25.436	287	173	8	180	462	49	298	6.94e-07	53.9
g271.t1	VFG049260(gb|WP_041937785)	21.123	677	417	27	613	1241	458	1065	7.19e-07	53.9
g271.t1	VFG049255(gb|WP_014907370)	21.123	677	417	27	613	1241	458	1065	7.31e-07	53.9
g271.t1	VFG048755(gb|WP_049127998)	21.584	505	308	21	774	1239	622	1077	9.29e-07	53.5
g271.t1	VFG048749(gb|WP_014229651)	20.495	727	483	27	606	1285	450	1128	1.04e-06	53.1
g271.t1	VFG048748(gb|WP_014838699)	21.443	485	309	20	793	1243	640	1086	1.82e-06	52.4
