g1510.t1	VFG012083(gb|WP_002868945)	35.849	106	65	1	17	119	2	107	5.61e-16	77.0
g1510.t1	VFG012081(gb|YP_002344521)	35.849	106	65	1	17	119	2	107	5.61e-16	77.0
g1510.t1	VFG017839(gb|WP_011989876)	35.849	106	65	1	17	119	2	107	5.83e-16	77.0
g1510.t1	VFG018086(gb|WP_002866141)	35.849	106	65	1	17	119	2	107	6.42e-16	77.0
g1510.t1	VFG012082(gb|WP_002867212)	35.849	106	65	1	17	119	2	107	6.60e-16	76.6
g1510.t1	VFG048860(gb|WP_032420445)	26.389	216	130	6	16	225	2	194	1.85e-13	69.3
g1510.t1	VFG048906(gb|WP_015958705)	22.951	244	151	7	16	255	4	214	2.32e-12	66.2
g1510.t1	VFG018007(gb|WP_002866155)	30.000	120	83	1	19	138	4	122	4.08e-12	66.2
g1510.t1	VFG046745(gb|WP_012429562)	29.915	117	81	1	16	131	7	123	8.71e-12	65.1
g1510.t1	VFG046734(gb|WP_015083854)	23.776	143	106	1	17	156	5	147	1.37e-11	64.3
g1510.t1	VFG020309(gb|WP_012413517)	25.581	215	142	5	13	212	11	222	1.40e-11	64.3
g1510.t1	VFG046748(gb|WP_003032069)	29.915	117	81	1	16	131	7	123	1.61e-11	64.3
g1510.t1	VFG046742(gb|WP_003016702)	29.915	117	81	1	16	131	7	123	1.75e-11	63.9
g1510.t1	VFG046741(gb|WP_003039924)	29.915	117	81	1	16	131	7	123	3.15e-11	63.2
g1510.t1	VFG005926(gb|WP_011227240)	31.373	102	69	1	16	116	4	105	3.76e-11	63.2
g1510.t1	VFG046747(gb|WP_003020709)	29.060	117	82	1	16	131	7	123	4.73e-11	62.8
g1510.t1	VFG002698(gb|WP_002215988)	24.889	225	150	7	13	221	11	232	5.91e-11	61.6
g1510.t1	VFG046749(gb|WP_014548569)	29.565	115	80	1	18	131	4	118	6.68e-11	62.4
g1510.t1	VFG046726(gb|WP_012280810)	28.926	121	85	1	18	137	3	123	8.10e-11	62.0
g1510.t1	VFG046752(gb|WP_014549985)	29.915	117	81	1	16	131	7	123	1.03e-10	61.6
g1510.t1	VFG006083(gb|WP_011681443)	31.915	94	61	2	15	106	2	94	1.42e-10	61.2
g1510.t1	VFG019026(gb|WP_042593185)	23.418	158	104	5	18	159	1	157	1.76e-10	60.8
g1510.t1	VFG003398(gb|WP_011191885)	24.651	215	144	6	13	212	11	222	2.65e-10	60.5
g1510.t1	VFG018008(gb|WP_041176357)	29.268	123	73	2	17	131	5	121	3.34e-10	60.5
g1510.t1	VFG006043(gb|WP_011837192)	33.333	90	58	1	19	106	3	92	4.18e-10	59.7
g1510.t1	VFG046725(gb|WP_003039928)	24.286	140	102	2	17	152	5	144	4.42e-10	59.7
g1510.t1	VFG046727(gb|WP_003016703)	23.611	144	106	2	17	156	5	148	4.59e-10	59.7
g1510.t1	VFG005941(gb|WP_000415346)	29.000	100	70	1	18	116	6	105	5.55e-10	59.3
g1510.t1	VFG046732(gb|WP_003020707)	23.776	143	105	2	17	155	5	147	5.83e-10	59.3
g1510.t1	VFG046730(gb|WP_012429563)	23.611	144	106	2	17	156	5	148	5.83e-10	59.3
g1510.t1	VFG013488(gb|WP_011272753)	22.944	231	150	7	18	238	1	213	8.67e-10	58.5
g1510.t1	VFG005942(gb|WP_000660895)	28.431	102	72	1	16	116	2	103	1.26e-09	58.5
g1510.t1	VFG049025(gb|YP_005227844)	32.323	99	65	1	10	106	1	99	1.33e-09	58.9
g1510.t1	VFG046740(gb|WP_013922877)	26.549	113	82	1	17	128	5	117	1.39e-09	58.2
g1510.t1	VFG005994(gb|WP_011837189)	37.895	95	57	1	16	108	2	96	1.56e-09	58.9
g1510.t1	VFG016398(gb|WP_000606280)	25.397	126	94	0	9	134	1	126	1.87e-09	57.4
g1510.t1	VFG023865(gb|WP_041785051)	24.898	245	161	7	15	257	2	225	1.98e-09	57.4
g1510.t1	VFG013489(gb|WP_005658221)	22.511	231	151	6	18	238	1	213	2.77e-09	57.0
g1510.t1	VFG038028(gb|WP_000898289)	18.705	278	183	10	16	278	6	255	2.83e-09	57.0
g1510.t1	VFG006036(gb|WP_011837191)	29.008	131	81	4	15	138	2	127	4.11e-09	57.0
g1510.t1	VFG047055(gb|WP_003022283)	33.000	100	63	2	19	114	4	103	6.35e-09	55.8
g1510.t1	VFG047050(gb|WP_011457399)	33.000	100	63	2	19	114	4	103	6.35e-09	55.8
g1510.t1	VFG011779(gb|WP_011049888)	31.452	124	79	2	17	134	2	125	6.91e-09	56.2
g1510.t1	VFG008744(gb|WP_020822867)	31.959	97	64	2	18	112	1	97	7.76e-09	55.5
g1510.t1	VFG050195(gb|WP_000272144)	25.455	110	77	2	17	121	4	113	7.77e-09	56.2
g1510.t1	VFG047053(gb|WP_012429803)	33.000	100	63	2	19	114	4	103	8.00e-09	55.8
g1510.t1	VFG046756(gb|WP_013922878)	31.111	90	61	1	18	106	5	94	8.10e-09	55.8
g1510.t1	VFG017767(gb|WP_011989867)	34.314	102	65	1	17	116	2	103	9.41e-09	55.5
g1510.t1	VFG005930(gb|WP_000591736)	28.448	116	80	2	16	128	7	122	1.16e-08	55.5
g1510.t1	VFG023862(gb|WP_014942402)	31.132	106	69	3	15	118	2	105	1.22e-08	54.7
g1510.t1	VFG005929(gb|WP_000591737)	28.448	116	80	2	16	128	7	122	1.22e-08	55.5
g1510.t1	VFG005021(gb|WP_011302065)	30.303	99	67	1	18	114	5	103	1.25e-08	54.7
g1510.t1	VFG001342(gb|WP_000420465)	33.636	110	52	3	18	116	3	102	1.27e-08	55.5
g1510.t1	VFG046736(gb|WP_014549986)	25.180	139	101	3	17	152	5	143	1.37e-08	55.1
g1510.t1	VFG005868(gb|WP_011681166)	24.060	133	95	2	19	145	7	139	1.37e-08	55.1
g1510.t1	VFG013487(gb|WP_005694185)	22.078	231	152	7	18	238	1	213	1.44e-08	55.1
g1510.t1	VFG023864(gb|WP_014380399)	31.481	108	72	2	15	120	2	109	1.69e-08	54.7
g1510.t1	VFG008738(gb|YP_007958959)	27.200	250	149	11	6	251	12	232	2.24e-08	54.3
g1510.t1	VFG007946(gb|NP_217473)	27.200	250	149	11	6	251	12	232	3.15e-08	53.9
g1510.t1	VFG026323(gb|WP_006484938)	35.185	108	63	2	16	119	387	491	3.26e-08	54.7
g1510.t1	VFG023790(gb|WP_013649463)	27.642	123	88	1	16	137	4	126	3.40e-08	53.9
g1510.t1	VFG008727(gb|WP_015303658)	27.200	250	149	11	6	251	12	232	3.58e-08	53.5
g1510.t1	VFG016374(gb|WP_000908873)	34.000	100	65	1	18	116	2	101	3.88e-08	53.9
g1510.t1	VFG047061(gb|WP_014367992)	32.000	100	64	2	19	114	4	103	3.96e-08	53.5
g1510.t1	VFG011812(gb|WP_002869015)	30.000	100	68	1	17	114	2	101	4.63e-08	53.1
g1510.t1	VFG008728(gb|WP_015291076)	32.759	116	72	4	6	118	12	124	5.47e-08	53.1
g1510.t1	VFG016393(gb|WP_001208782)	26.667	120	86	2	17	134	9	128	6.08e-08	53.5
g1510.t1	VFG019126(gb|WP_000389894)	27.660	94	67	1	16	108	2	95	6.73e-08	53.1
g1510.t1	VFG017347(gb|WP_012105562)	30.769	104	70	2	19	121	3	105	7.16e-08	52.4
g1510.t1	VFG002691(gb|WP_002208589)	30.769	104	70	2	19	121	3	105	7.22e-08	52.4
g1510.t1	VFG049060(gb|WP_004899398)	30.392	102	69	1	18	117	9	110	9.23e-08	53.1
g1510.t1	VFG049029(gb|WP_014907241)	30.392	102	69	1	18	117	9	110	9.57e-08	52.8
g1510.t1	VFG049096(gb|WP_004144144)	30.392	102	69	1	18	117	9	110	9.92e-08	52.8
g1510.t1	VFG019124(gb|WP_000573793)	28.571	98	70	0	19	116	4	101	1.19e-07	52.4
g1510.t1	VFG007951(gb|WP_003876142)	36.842	95	56	3	17	108	4	97	1.24e-07	52.0
g1510.t1	VFG018016(gb|WP_002866163)	29.000	100	69	1	17	114	2	101	1.65e-07	51.6
g1510.t1	VFG037945(gb|WP_000961495)	30.108	93	65	0	18	110	2	94	2.22e-07	51.6
g1510.t1	VFG049021(gb|WP_014838935)	29.464	112	77	1	10	119	1	112	4.16e-07	51.2
g1510.t1	VFG049022(gb|WP_014230049)	29.464	112	77	1	10	119	1	112	4.35e-07	50.8
g1510.t1	VFG048867(gb|WP_014230062)	27.451	102	69	3	16	114	7	106	4.38e-07	50.1
g1510.t1	VFG001940(gb|YP_002344532)	35.870	92	57	1	19	108	4	95	5.04e-07	50.4
g1510.t1	VFG005983(gb|YP_001197940)	26.549	113	82	1	19	130	4	116	6.71e-07	50.1
g1510.t1	VFG011787(gb|WP_011049890)	28.000	100	70	1	17	114	2	101	2.84e-06	47.8
g1510.t1	VFG001947(gb|YP_002344538)	28.000	100	70	1	17	114	2	101	3.13e-06	47.8
g1510.t1	VFG011775(gb|WP_011049887)	34.177	79	51	1	19	96	4	82	3.58e-06	48.1
g1510.t1	VFG023792(gb|WP_005158196)	27.000	100	71	1	19	116	4	103	6.51e-06	47.0
