g1715.t1	VFG000187(gb|NP_250383)	100.000	88	0	0	1	88	1	88	8.20e-57	169
g1715.t1	VFG042260(gb|AAS91805)	78.409	88	19	0	1	88	1	88	4.14e-46	142
g1715.t1	VFG038353(gb|WP_005320743)	77.273	88	20	0	1	88	1	88	4.02e-45	139
g1715.t1	VFG041815(gb|WP_011147913)	75.000	88	22	0	1	88	1	88	7.27e-45	139
g1715.t1	VFG041669(gb|WP_012777222)	73.864	88	23	0	1	88	1	88	1.81e-44	138
g1715.t1	VFG000395(gb|WP_002212945)	75.000	88	22	0	1	88	1	88	1.66e-43	135
g1715.t1	VFG007163(gb|WP_005464497)	65.909	88	30	0	1	88	1	88	1.89e-37	120
g1715.t1	VFG011058(gb|WP_033447679)	53.947	76	35	0	1	76	1	76	2.89e-23	84.7
g1715.t1	VFG000043(gb|WP_010930817)	52.632	76	36	0	1	76	1	76	1.68e-22	82.8
g1715.t1	VFG020905(gb|WP_000999979)	44.048	84	47	0	1	84	1	84	5.66e-20	76.3
g1715.t1	VFG041510(gb|WP_004155341)	46.429	84	45	0	5	88	2	85	1.93e-18	72.4
g1715.t1	VFG023604(gb|WP_005156602)	47.727	88	46	0	1	88	1	88	3.73e-18	71.6
g1715.t1	VFG041531(gb|WP_012907133)	38.636	88	54	0	1	88	1	88	4.64e-18	71.6
g1715.t1	VFG033654(gb|WP_000447503)	38.636	88	54	0	1	88	1	88	4.74e-18	71.6
g1715.t1	VFG000826(gb|WP_000379425)	38.636	88	54	0	1	88	1	88	5.06e-18	71.6
g1715.t1	VFG042085(gb|NP_311751)	44.048	84	46	1	5	88	3	85	7.82e-18	70.9
g1715.t1	VFG016915(gb|WP_006343598)	41.096	73	43	0	6	78	12	84	2.40e-17	69.7
g1715.t1	VFG016916(gb|WP_011006891)	41.096	73	43	0	6	78	12	84	2.71e-17	69.7
g1715.t1	VFG042231(gb|ABB77409)	44.444	81	45	0	5	85	2	82	3.20e-17	69.3
g1715.t1	VFG016917(gb|WP_011457632)	41.096	73	43	0	6	78	12	84	6.28e-17	68.9
g1715.t1	VFG041708(gb|WP_006480854)	49.398	83	42	0	1	83	1	83	6.37e-17	68.6
g1715.t1	VFG016758(gb|WP_005767719)	38.095	84	52	0	1	84	1	84	2.65e-16	67.0
g1715.t1	VFG020907(gb|WP_000999983)	46.429	84	45	0	1	84	1	84	3.55e-16	66.6
g1715.t1	VFG016911(gb|WP_010883461)	41.667	72	42	0	6	77	13	84	3.72e-16	67.0
g1715.t1	VFG000520(gb|NP_460385)	45.238	84	46	0	1	84	1	84	5.50e-16	66.2
g1715.t1	VFG003943(gb|WP_000999977)	45.238	84	46	0	1	84	1	84	6.20e-16	66.2
g1715.t1	VFG016910(gb|WP_010231754)	41.667	72	42	0	6	77	12	83	7.45e-16	66.2
g1715.t1	VFG018440(gb|WP_000999984)	45.238	84	46	0	1	84	1	84	1.36e-15	65.1
g1715.t1	VFG002132(gb|NP_220078)	41.667	72	42	0	6	77	12	83	1.45e-15	65.5
g1715.t1	VFG041855(gb|WP_011136170)	48.649	74	38	0	5	78	3	76	2.13e-15	64.7
g1715.t1	VFG003518(gb|WP_005173738)	43.836	73	41	0	5	77	3	75	3.05e-15	64.3
g1715.t1	VFG012711(gb|WP_001280546)	44.000	75	42	0	4	78	2	76	6.08e-15	63.5
g1715.t1	VFG001013(gb|NP_858287)	43.902	82	44	1	4	83	2	83	7.56e-15	63.2
g1715.t1	VFG000550(gb|NP_461810)	47.297	74	39	0	5	78	3	76	1.45e-14	62.4
g1715.t1	VFG015209(gb|WP_003375712)	49.275	69	35	0	11	79	8	76	3.31e-14	61.6
g1715.t1	VFG041580(gb|WP_012847746)	54.545	77	35	0	1	77	1	77	3.91e-14	61.6
g1715.t1	VFG015211(gb|WP_002552413)	50.725	69	34	0	11	79	8	76	4.30e-14	61.6
g1715.t1	VFG041765(gb|WP_004551832)	41.860	86	49	1	1	85	1	86	1.14e-13	60.5
g1715.t1	VFG041758(gb|WP_004187914)	41.892	74	43	0	5	78	5	78	1.82e-13	59.7
g1715.t1	VFG001764(gb|WP_002209051)	44.262	61	34	0	28	88	36	96	3.43e-12	57.0
g1715.t1	VFG006670(gb|WP_011115280)	40.260	77	46	0	3	79	2	78	2.00e-11	54.7
g1715.t1	VFG041864(gb|WP_011136155)	48.864	88	45	0	1	88	1	88	4.53e-11	53.9
g1715.t1	VFG041441(gb|WP_004157286)	40.541	74	44	0	5	78	3	76	3.13e-10	51.6
g1715.t1	VFG015210(gb|WP_004406535)	49.275	69	35	0	11	79	8	76	4.31e-10	51.2
g1715.t1	VFG041464(gb|WP_004155885)	38.356	73	45	0	5	77	3	75	6.99e-10	50.4
g1715.t1	VFG002454(gb|WP_004187417)	41.892	74	43	0	4	77	2	75	5.14e-09	48.5
g1715.t1	VFG041683(gb|WP_014331082)	42.254	71	41	0	11	81	11	81	1.08e-08	47.8
g1715.t1	VFG043216(gb|WP_002211449)	44.444	63	35	0	14	76	15	77	4.05e-08	46.2
g1715.t1	VFG043308(gb|WP_003435976)	46.429	56	29	1	24	78	23	78	4.14e-08	46.2
g1715.t1	VFG041951(gb|WP_005994479)	35.897	78	50	0	1	78	1	78	5.60e-08	45.8
g1715.t1	VFG006669(gb|WP_011577082)	39.506	81	48	1	3	83	2	81	2.18e-07	44.3
g1715.t1	VFG014562(gb|WP_003243215)	30.667	75	52	0	11	85	11	85	2.67e-07	43.9
g1715.t1	VFG042171(gb|WP_010875101)	28.235	85	61	0	1	85	1	85	2.81e-07	43.9
g1715.t1	VFG006668(gb|WP_000445742)	38.272	81	49	1	3	83	2	81	3.77e-07	43.5
g1715.t1	VFG017813(gb|WP_011990963)	40.741	54	32	0	32	85	32	85	3.81e-07	43.5
g1715.t1	VFG006667(gb|WP_000445741)	38.272	81	49	1	3	83	2	81	4.16e-07	43.5
g1715.t1	VFG001929(gb|YP_002345043)	40.741	54	32	0	32	85	32	85	4.20e-07	43.5
g1715.t1	VFG007406(gb|WP_000187051)	30.667	75	52	0	11	85	11	85	5.92e-07	43.1
g1715.t1	VFG014561(gb|WP_007951951)	33.766	77	51	0	11	87	11	87	7.58e-07	42.7
g1715.t1	VFG038671(gb|WP_011705282)	31.034	87	60	0	1	87	1	87	1.01e-06	42.7
g1715.t1	VFG011980(gb|WP_002848233)	33.735	83	55	0	3	85	2	84	1.03e-06	42.7
g1715.t1	VFG001260(gb|NP_250138)	30.233	86	60	0	1	86	1	86	1.26e-06	42.4
g1715.t1	VFG042113(gb|WP_044551339)	27.059	85	62	0	1	85	1	85	1.29e-06	42.4
g1715.t1	VFG038672(gb|WP_005319310)	31.034	87	60	0	1	87	1	87	1.33e-06	42.4
g1715.t1	VFG007408(gb|WP_005457784)	28.947	76	54	0	1	76	1	76	2.39e-06	41.6
g1715.t1	VFG014563(gb|WP_011913687)	36.842	57	36	0	30	86	30	86	2.42e-06	41.6
g1715.t1	VFG007409(gb|WP_011079845)	30.380	79	53	1	1	77	1	79	2.64e-06	41.6
g1715.t1	VFG019854(gb|WP_010208761)	40.678	59	35	0	11	69	11	69	3.56e-06	41.2
g1715.t1	VFG038858(gb|WP_005314303)	37.500	56	35	0	30	85	30	85	3.64e-06	41.2
g1715.t1	VFG014554(gb|WP_002554277)	42.373	59	34	0	11	69	11	69	4.05e-06	41.2
g1715.t1	VFG043169(gb|AAZ99731)	37.500	56	35	0	30	85	34	89	4.24e-06	41.2
g2682.t1	VFG000550(gb|NP_461810)	100.000	86	0	0	1	86	1	86	7.36e-56	166
g2682.t1	VFG041855(gb|WP_011136170)	83.721	86	14	0	1	86	1	86	8.61e-48	146
g2682.t1	VFG042085(gb|NP_311751)	68.605	86	27	0	1	86	1	86	7.78e-39	124
g2682.t1	VFG012711(gb|WP_001280546)	69.136	81	25	0	1	81	1	81	1.54e-35	115
g2682.t1	VFG001013(gb|NP_858287)	69.136	81	25	0	1	81	1	81	2.07e-35	115
g2682.t1	VFG003518(gb|WP_005173738)	52.326	86	41	0	1	86	1	86	2.25e-29	100
g2682.t1	VFG041464(gb|WP_004155885)	45.122	82	45	0	1	82	1	82	2.96e-23	84.3
g2682.t1	VFG041441(gb|WP_004157286)	44.578	83	46	0	1	83	1	83	2.92e-22	82.0
g2682.t1	VFG002454(gb|WP_004187417)	54.217	83	38	0	1	83	1	83	1.64e-21	80.1
g2682.t1	VFG038353(gb|WP_005320743)	46.154	78	42	0	3	80	5	82	7.99e-17	68.2
g2682.t1	VFG000395(gb|WP_002212945)	45.946	74	40	0	3	76	5	78	2.93e-16	67.0
g2682.t1	VFG042260(gb|AAS91805)	43.590	78	44	0	3	80	5	82	1.95e-15	64.7
g2682.t1	VFG042231(gb|ABB77409)	47.887	71	37	0	9	79	8	78	2.58e-15	64.3
g2682.t1	VFG041510(gb|WP_004155341)	49.275	69	35	0	9	77	8	76	3.50e-15	63.9
g2682.t1	VFG041669(gb|WP_012777222)	44.595	74	41	0	3	76	5	78	8.06e-15	63.2
g2682.t1	VFG041815(gb|WP_011147913)	44.595	74	41	0	3	76	5	78	3.36e-14	61.6
g2682.t1	VFG016910(gb|WP_010231754)	42.029	69	40	0	10	78	18	86	1.09e-13	60.5
g2682.t1	VFG016915(gb|WP_006343598)	39.130	69	42	0	10	78	18	86	1.69e-13	60.1
g2682.t1	VFG002132(gb|NP_220078)	40.580	69	41	0	10	78	18	86	2.15e-13	59.7
g2682.t1	VFG016916(gb|WP_011006891)	39.130	69	42	0	10	78	18	86	2.29e-13	59.7
g2682.t1	VFG016917(gb|WP_011457632)	39.130	69	42	0	10	78	18	86	3.66e-13	59.3
g2682.t1	VFG007163(gb|WP_005464497)	41.892	74	43	0	3	76	5	78	4.48e-13	58.9
g2682.t1	VFG016911(gb|WP_010883461)	39.130	69	42	0	10	78	19	87	6.38e-13	58.5
g2682.t1	VFG011058(gb|WP_033447679)	50.769	65	32	0	2	66	4	68	9.71e-13	57.8
g2682.t1	VFG000043(gb|WP_010930817)	49.231	65	33	0	2	66	4	68	5.97e-12	55.8
g2682.t1	VFG020905(gb|WP_000999979)	38.889	72	44	0	9	80	11	82	1.05e-11	55.5
g2682.t1	VFG015211(gb|WP_002552413)	42.424	66	38	0	9	74	8	73	3.99e-11	53.9
g2682.t1	VFG015209(gb|WP_003375712)	39.394	66	40	0	9	74	8	73	4.13e-11	53.9
g2682.t1	VFG041531(gb|WP_012907133)	36.842	76	47	1	10	85	12	86	7.26e-11	53.1
g2682.t1	VFG041580(gb|WP_012847746)	45.000	60	32	1	24	82	26	85	8.93e-11	52.8
g2682.t1	VFG033654(gb|WP_000447503)	35.526	76	48	1	10	85	12	86	1.20e-10	52.8
g2682.t1	VFG000826(gb|WP_000379425)	35.526	76	48	1	10	85	12	86	1.83e-10	52.0
g2682.t1	VFG041683(gb|WP_014331082)	37.079	89	52	2	1	85	1	89	4.54e-10	51.2
g2682.t1	VFG001764(gb|WP_002209051)	46.154	52	28	0	26	77	36	87	6.24e-10	50.8
g2682.t1	VFG041765(gb|WP_004551832)	32.941	85	57	0	1	85	3	87	3.22e-09	48.9
g2682.t1	VFG041708(gb|WP_006480854)	38.889	54	33	0	24	77	26	79	5.60e-09	48.5
g2682.t1	VFG000187(gb|NP_250383)	47.297	74	39	0	3	76	5	78	7.66e-09	48.1
g2682.t1	VFG041758(gb|WP_004187914)	28.916	83	59	0	1	83	3	85	1.27e-08	47.4
g2682.t1	VFG007411(gb|WP_005420339)	39.130	69	42	0	11	79	13	81	3.75e-08	46.2
g2682.t1	VFG011324(gb|WP_012417374)	41.429	70	41	0	10	79	12	81	4.18e-08	46.2
g2682.t1	VFG015210(gb|WP_004406535)	40.909	66	39	0	9	74	8	73	6.23e-08	45.4
g2682.t1	VFG023604(gb|WP_005156602)	42.466	73	42	0	5	77	7	79	6.94e-08	45.4
g2682.t1	VFG003943(gb|WP_000999977)	43.750	48	27	0	32	79	34	81	8.80e-08	45.1
g2682.t1	VFG043308(gb|WP_003435976)	38.182	55	34	0	24	78	26	80	9.09e-08	45.1
g2682.t1	VFG000520(gb|NP_460385)	43.750	48	27	0	32	79	34	81	9.09e-08	45.1
g2682.t1	VFG020907(gb|WP_000999983)	43.750	48	27	0	32	79	34	81	9.91e-08	45.1
g2682.t1	VFG041864(gb|WP_011136155)	47.727	44	23	0	32	75	34	77	1.03e-07	45.1
g2682.t1	VFG007408(gb|WP_005457784)	37.879	66	41	0	9	74	11	76	1.75e-07	44.7
g2682.t1	VFG007409(gb|WP_011079845)	36.364	66	42	0	9	74	11	76	2.15e-07	44.3
g2682.t1	VFG018440(gb|WP_000999984)	43.750	48	27	0	32	79	34	81	2.43e-07	44.3
g2682.t1	VFG001260(gb|NP_250138)	33.803	71	47	0	9	79	11	81	3.89e-07	43.5
g2682.t1	VFG014562(gb|WP_003243215)	30.986	71	49	0	9	79	11	81	8.27e-07	42.7
g2682.t1	VFG014560(gb|WP_011059988)	31.884	69	47	0	9	77	11	79	1.01e-06	42.4
g2682.t1	VFG007406(gb|WP_000187051)	32.394	71	48	0	9	79	11	81	3.42e-06	41.2
g2682.t1	VFG043216(gb|WP_002211449)	41.818	55	32	0	12	66	15	69	8.31e-06	40.0
g2682.t1	VFG016758(gb|WP_005767719)	36.667	60	38	0	9	68	11	70	8.62e-06	40.0
g2682.t1	VFG014561(gb|WP_007951951)	31.884	69	47	0	9	77	11	79	9.89e-06	40.0
