g882.t1	VFG018674(gb|WP_008809635)	35.179	307	178	8	49	352	25	313	8.58e-45	159
g882.t1	VFG005841(gb|WP_002262748)	31.288	326	196	10	49	369	23	325	1.23e-37	140
g882.t1	VFG013510(gb|WP_011961857)	28.383	303	181	10	55	351	21	293	5.62e-24	101
g882.t1	VFG013509(gb|WP_005688044)	28.383	303	181	10	55	351	21	293	7.32e-24	101
g882.t1	VFG013512(gb|WP_041603568)	28.395	324	180	9	43	353	10	294	9.59e-24	100
g882.t1	VFG013508(gb|WP_005694200)	28.383	303	181	10	55	351	21	293	1.76e-23	100
g882.t1	VFG045310(gb|WP_010946499)	29.412	306	175	10	49	349	17	286	2.68e-20	90.9
g882.t1	VFG014113(gb|NP_251835)	28.667	300	172	8	55	349	27	289	2.23e-19	88.2
g882.t1	VFG023798(gb|WP_005179818)	29.577	284	173	7	49	332	19	275	5.09e-19	87.4
g882.t1	VFG007632(gb|WP_005417117)	27.564	312	192	10	55	360	22	305	5.56e-18	84.7
g882.t1	VFG014146(gb|WP_003138482)	28.470	281	151	10	65	335	34	274	1.62e-17	82.8
g882.t1	VFG038060(gb|WP_000262379)	24.601	313	193	8	43	349	9	284	8.00e-17	80.9
g882.t1	VFG038134(gb|WP_020752682)	26.756	299	172	11	58	349	27	285	3.15e-16	79.0
g882.t1	VFG037949(gb|WP_001100755)	26.756	299	172	11	58	349	27	285	9.31e-16	77.8
g882.t1	VFG014134(gb|WP_003150897)	30.705	241	129	9	48	276	14	228	1.36e-12	68.2
g882.t1	VFG019789(gb|WP_003452706)	30.380	237	123	8	65	286	34	243	3.11e-08	55.1
g882.t1	VFG019316(gb|WP_004686563)	29.187	209	123	7	67	272	37	223	2.16e-06	49.3
g882.t1	VFG011519(gb|WP_002963669)	29.187	209	123	7	67	272	37	223	2.22e-06	48.9
g882.t1	VFG011521(gb|WP_002968712)	29.187	209	123	7	67	272	37	223	2.36e-06	48.9
g1290.t1	VFG018674(gb|WP_008809635)	35.514	321	183	9	52	369	28	327	3.47e-44	157
g1290.t1	VFG005841(gb|WP_002262748)	30.971	381	231	12	29	403	2	356	3.05e-41	149
g1290.t1	VFG013512(gb|WP_041603568)	29.206	315	171	9	52	353	19	294	1.46e-25	106
g1290.t1	VFG013510(gb|WP_011961857)	28.105	306	184	11	52	351	18	293	4.23e-24	102
g1290.t1	VFG013509(gb|WP_005688044)	28.105	306	184	11	52	351	18	293	5.66e-24	101
g1290.t1	VFG013508(gb|WP_005694200)	28.105	306	184	11	52	351	18	293	1.46e-23	100
g1290.t1	VFG007632(gb|WP_005417117)	27.329	322	204	9	43	360	10	305	4.82e-20	90.5
g1290.t1	VFG014113(gb|NP_251835)	28.165	316	187	8	39	349	9	289	6.83e-20	89.7
g1290.t1	VFG045310(gb|WP_010946499)	27.723	303	184	10	49	349	17	286	5.93e-18	84.3
g1290.t1	VFG023798(gb|WP_005179818)	29.617	287	163	10	52	332	22	275	9.93e-18	83.6
g1290.t1	VFG014146(gb|WP_003138482)	27.946	297	164	10	49	335	18	274	1.21e-17	83.2
g1290.t1	VFG038060(gb|WP_000262379)	25.225	333	204	10	43	366	9	305	2.25e-17	82.4
g1290.t1	VFG038134(gb|WP_020752682)	28.525	305	177	13	49	349	18	285	2.04e-16	79.7
g1290.t1	VFG037949(gb|WP_001100755)	28.197	305	178	13	49	349	18	285	3.61e-16	79.0
g1290.t1	VFG014134(gb|WP_003150897)	29.098	244	124	9	49	276	18	228	1.80e-11	64.7
g1290.t1	VFG019789(gb|WP_003452706)	29.958	237	124	8	65	286	34	243	5.83e-08	53.9
g1290.t1	VFG019316(gb|WP_004686563)	27.457	346	202	11	51	393	27	326	2.26e-06	49.3
g1290.t1	VFG011519(gb|WP_002963669)	27.457	346	202	11	51	393	27	326	2.92e-06	48.9
g1290.t1	VFG011521(gb|WP_002968712)	27.457	346	202	11	51	393	27	326	4.33e-06	48.1
g3206.t1	VFG014113(gb|NP_251835)	100.000	339	0	0	1	339	1	339	0.0	658
g3206.t1	VFG014146(gb|WP_003138482)	67.781	329	106	0	10	338	9	337	1.74e-151	429
g3206.t1	VFG014134(gb|WP_003150897)	62.130	338	127	1	1	338	1	337	1.33e-129	373
g3206.t1	VFG019789(gb|WP_003452706)	63.557	343	119	3	1	338	1	342	1.74e-122	355
g3206.t1	VFG023798(gb|WP_005179818)	53.918	319	144	2	19	334	19	337	3.76e-115	337
g3206.t1	VFG038060(gb|WP_000262379)	50.149	335	166	1	5	339	1	334	2.63e-110	324
g3206.t1	VFG037949(gb|WP_001100755)	50.000	324	157	3	17	339	16	335	8.15e-102	303
g3206.t1	VFG038134(gb|WP_020752682)	50.000	324	157	3	17	339	16	335	1.42e-101	302
g3206.t1	VFG045310(gb|WP_010946499)	36.328	256	152	6	25	275	23	272	1.19e-41	147
g3206.t1	VFG005841(gb|WP_002262748)	31.010	287	183	9	4	275	8	294	2.54e-28	113
g3206.t1	VFG018674(gb|WP_008809635)	29.836	305	173	10	1	275	3	296	1.98e-27	110
g3206.t1	VFG011519(gb|WP_002963669)	32.210	267	171	6	36	299	36	295	4.32e-22	95.1
g3206.t1	VFG011521(gb|WP_002968712)	32.210	267	171	6	36	299	36	295	4.36e-22	95.1
g3206.t1	VFG019316(gb|WP_004686563)	32.210	267	171	6	36	299	36	295	4.91e-22	94.7
g3206.t1	VFG007632(gb|WP_005417117)	23.649	296	188	9	7	279	4	284	1.92e-15	76.3
g3206.t1	VFG013510(gb|WP_011961857)	24.915	293	190	9	5	279	1	281	1.52e-11	64.7
g3206.t1	VFG013509(gb|WP_005688044)	24.915	293	190	9	5	279	1	281	1.61e-11	64.7
g3206.t1	VFG013512(gb|WP_041603568)	24.912	285	190	10	9	279	6	280	6.67e-11	62.8
g3206.t1	VFG013508(gb|WP_005694200)	24.573	293	191	9	5	279	1	281	6.82e-11	62.8
g3663.t1	VFG013508(gb|WP_005694200)	58.885	287	116	2	14	299	69	354	6.00e-119	345
g3663.t1	VFG013510(gb|WP_011961857)	58.885	287	116	2	14	299	69	354	6.54e-119	345
g3663.t1	VFG013509(gb|WP_005688044)	58.885	287	116	2	14	299	69	354	7.54e-119	345
g3663.t1	VFG013512(gb|WP_041603568)	54.380	274	123	2	14	287	70	341	1.19e-100	299
g3663.t1	VFG007632(gb|WP_005417117)	47.945	292	147	5	12	299	68	358	1.72e-82	253
g3663.t1	VFG005841(gb|WP_002262748)	29.487	234	156	4	8	237	82	310	4.19e-25	103
g3663.t1	VFG018674(gb|WP_008809635)	25.676	296	202	6	19	301	95	385	6.48e-22	94.7
g3663.t1	VFG045310(gb|WP_010946499)	27.119	236	151	7	25	256	86	304	4.02e-15	74.7
g3663.t1	VFG038060(gb|WP_000262379)	26.786	224	145	9	7	225	65	274	2.94e-08	54.3
g3663.t1	VFG023798(gb|WP_005179818)	25.847	236	135	10	8	225	69	282	2.56e-06	48.1
g3663.t1	VFG014146(gb|WP_003138482)	26.506	166	95	8	75	225	125	278	3.18e-06	48.1
