g4433.t1	VFG015600(gb|WP_003150817)	33.088	136	84	3	49	179	53	186	5.92e-09	55.1
g4433.t1	VFG019939(gb|WP_012613418)	31.013	158	93	5	36	179	31	186	1.48e-08	53.9
g4433.t1	VFG015608(gb|WP_011920370)	30.128	156	97	4	36	179	31	186	1.62e-08	53.9
g4433.t1	VFG015599(gb|NP_064725)	31.013	158	93	5	36	179	31	186	2.44e-08	53.5
g4433.t1	VFG019940(gb|WP_012721457)	27.374	179	123	4	4	179	12	186	3.67e-08	52.8
g4433.t1	VFG015602(gb|WP_005768204)	28.421	190	125	5	4	186	12	197	1.04e-07	51.6
g4433.t1	VFG015066(gb|WP_041475091)	27.374	179	123	4	4	179	12	186	7.43e-07	48.9
g4433.t1	VFG015609(gb|WP_011911258)	30.597	134	90	2	49	179	53	186	8.09e-07	48.9
g4433.t1	VFG015780(gb|WP_012269866)	26.816	179	124	4	4	179	17	191	1.03e-06	48.5
g4433.t1	VFG015781(gb|WP_012312029)	26.816	179	124	4	4	179	12	186	1.18e-06	48.5
g4433.t1	VFG015065(gb|WP_011058401)	27.933	179	122	4	4	179	12	186	1.57e-06	48.1
g4433.t1	VFG015605(gb|WP_010951467)	26.816	179	124	4	4	179	17	191	1.78e-06	47.8
g4433.t1	VFG015607(gb|WP_011531470)	26.257	179	125	4	4	179	12	186	8.07e-06	45.8
