g1574.t1	VFG030387(gb|WP_015304695)	31.507	365	222	9	14	371	159	502	5.33e-43	156
g1574.t1	VFG030402(gb|WP_013470644)	30.411	365	226	10	13	371	154	496	1.78e-39	147
g1574.t1	VFG030405(gb|WP_015303741)	27.747	364	234	8	13	371	154	493	1.76e-35	135
g1574.t1	VFG030407(gb|WP_015294168)	27.747	364	234	8	13	371	154	493	3.17e-35	135
g1574.t1	VFG030398(gb|WP_014001578)	27.747	364	234	8	13	371	154	493	3.33e-35	135
g1574.t1	VFG030404(gb|WP_015288454)	27.747	364	234	8	13	371	154	493	3.95e-35	134
g1574.t1	VFG030419(gb|WP_015345152)	27.473	364	235	8	13	371	154	493	4.24e-35	134
g1574.t1	VFG030408(gb|WP_015355418)	27.049	366	238	9	11	371	156	497	6.82e-35	134
g1574.t1	VFG030388(gb|NP_217605)	27.473	364	235	8	13	371	154	493	6.90e-35	134
g1574.t1	VFG030406(gb|WP_015291176)	27.473	364	235	8	13	371	154	493	9.03e-35	134
g1574.t1	VFG030411(gb|WP_015575278)	27.473	364	235	8	13	371	154	493	9.97e-35	134
g1574.t1	VFG030399(gb|WP_012394321)	26.776	366	239	9	11	371	156	497	5.24e-34	131
g1574.t1	VFG030400(gb|WP_081465621)	28.649	370	240	9	15	379	155	505	4.25e-30	120
g1574.t1	VFG030416(gb|YP_007959092)	26.073	303	205	6	71	371	15	300	8.14e-26	106
g1574.t1	VFG030392(gb|WP_011725596)	25.995	377	233	9	11	371	153	499	9.82e-21	93.6
g1574.t1	VFG044187(gb|WP_011152546)	25.275	364	235	12	15	366	193	531	4.99e-20	91.7
g1574.t1	VFG030391(gb|WP_003875182)	25.067	371	244	9	11	371	153	499	2.23e-19	89.7
g1574.t1	VFG030421(gb|WP_179945037)	26.190	378	231	11	11	371	153	499	6.38e-19	88.2
g1574.t1	VFG030403(gb|WP_170320575)	25.815	368	246	9	11	371	153	500	7.20e-19	88.2
g1574.t1	VFG022737(gb|YP_001702982)	27.536	276	182	8	105	377	290	550	1.15e-18	87.4
g1574.t1	VFG024746(gb|WP_010907553)	26.111	360	237	11	21	373	151	488	2.10e-18	87.0
g1574.t1	VFG016129(gb|WP_003157555)	26.039	361	236	13	15	366	192	530	2.80e-18	86.3
g1574.t1	VFG026646(gb|WP_005058867)	27.273	275	182	8	105	376	290	549	4.78e-18	85.5
g1574.t1	VFG026640(gb|WP_016342530)	26.909	275	183	8	105	376	290	549	2.98e-17	83.2
g1574.t1	VFG015863(gb|WP_005894383)	28.774	212	122	6	163	373	314	497	3.17e-17	83.2
g1574.t1	VFG020092(gb|WP_003118945)	25.485	361	238	13	15	366	192	530	4.51e-17	82.8
g1574.t1	VFG016130(gb|WP_003137468)	25.485	361	238	13	15	366	192	530	4.85e-17	82.4
g1574.t1	VFG016132(gb|WP_011061776)	27.368	285	189	7	100	381	273	542	5.01e-17	82.4
g1574.t1	VFG000168(gb|NP_252918)	25.620	363	235	14	15	366	192	530	2.75e-16	80.1
g1574.t1	VFG029288(gb|WP_015355157)	25.201	373	236	14	13	371	143	486	4.24e-16	80.1
g1574.t1	VFG024748(gb|NP_217464)	25.344	363	232	12	21	371	151	486	5.28e-16	79.7
g1574.t1	VFG029297(gb|YP_007958950)	25.344	363	232	12	21	371	151	486	5.63e-16	79.7
g1574.t1	VFG024743(gb|WP_014001501)	25.344	363	232	11	21	371	151	486	5.88e-16	79.3
g1574.t1	VFG029285(gb|WP_015303654)	25.069	363	233	11	21	371	151	486	1.00e-15	79.0
g1574.t1	VFG029301(gb|YP_005924089)	25.344	363	232	12	21	371	151	486	1.45e-15	78.2
g1574.t1	VFG024047(gb|WP_013472309)	27.318	399	221	19	17	377	155	522	1.46e-15	78.2
g1574.t1	VFG024741(gb|WP_012393569)	24.933	373	237	14	13	371	143	486	2.09e-15	77.8
g1574.t1	VFG021823(gb|WP_011559124)	27.132	387	210	16	23	368	154	509	2.92e-15	77.0
g1574.t1	VFG016042(gb|WP_161440564)	25.916	382	245	14	13	373	1709	2073	3.85e-15	77.4
g1574.t1	VFG009545(gb|WP_011724530)	24.932	369	238	13	17	372	199	541	4.25e-15	76.6
g1574.t1	VFG050019(gb|WP_003185956)	25.723	311	194	13	78	375	243	529	6.04e-15	76.3
g1574.t1	VFG029287(gb|WP_015294050)	25.069	363	233	11	21	371	151	486	7.53e-15	76.3
g1574.t1	VFG029286(gb|WP_015291069)	25.069	363	233	11	21	371	151	486	7.81e-15	76.3
g1574.t1	VFG015827(gb|WP_012315395)	26.667	405	229	22	15	369	166	552	3.67e-14	74.3
g1574.t1	VFG015827(gb|WP_012315395)	23.873	377	239	12	20	371	2327	2680	1.41e-10	63.2
g1574.t1	VFG048421(gb|WP_014837778)	24.267	375	256	12	15	381	181	535	4.28e-14	73.6
g1574.t1	VFG044393(gb|AAF33134)	24.451	364	250	12	15	371	206	551	4.95e-14	73.6
g1574.t1	VFG007200(gb|WP_000205544)	23.288	365	253	9	16	371	184	530	5.33e-14	73.2
g1574.t1	VFG016066(gb|WP_011533065)	26.603	421	241	22	15	385	166	568	5.44e-14	73.9
g1574.t1	VFG016066(gb|WP_011533065)	23.684	380	240	11	20	373	2325	2680	1.33e-10	63.5
g1574.t1	VFG026643(gb|WP_015290628)	27.306	271	167	9	105	366	294	543	5.46e-14	73.2
g1574.t1	VFG050021(gb|NP_391078)	23.056	373	264	9	14	381	181	535	6.06e-14	73.2
g1574.t1	VFG001817(gb|NP_216900)	26.199	271	176	8	102	366	291	543	6.52e-14	73.2
g1574.t1	VFG026644(gb|WP_015293659)	26.199	271	176	8	102	366	291	543	7.46e-14	72.8
g1574.t1	VFG024027(gb|WP_014711360)	24.665	373	242	15	17	376	197	543	9.58e-14	72.4
g1574.t1	VFG026649(gb|WP_015575197)	26.199	271	176	8	102	366	286	538	9.61e-14	72.4
g1574.t1	VFG026660(gb|WP_020822192)	24.665	373	242	15	17	376	197	543	9.93e-14	72.4
g1574.t1	VFG048422(gb|WP_014228360)	24.000	375	257	12	15	381	181	535	1.04e-13	72.4
g1574.t1	VFG026654(gb|YP_007958424)	25.357	280	185	8	102	375	142	403	1.15e-13	72.0
g1574.t1	VFG024026(gb|WP_014384379)	23.656	372	247	13	17	376	197	543	1.27e-13	72.0
g1574.t1	VFG026642(gb|WP_015303464)	25.267	281	186	8	102	376	291	553	1.29e-13	72.0
g1574.t1	VFG024030(gb|WP_014379792)	23.656	372	247	13	17	376	197	543	1.56e-13	72.0
g1574.t1	VFG048424(gb|WP_012542486)	23.670	376	257	10	15	381	181	535	1.92e-13	71.6
g1574.t1	VFG022739(gb|WP_014001248)	25.830	271	177	8	102	366	291	543	2.37e-13	71.2
g1574.t1	VFG007201(gb|WP_000205542)	23.377	308	216	7	66	371	241	530	2.76e-13	71.2
g1574.t1	VFG009547(gb|WP_029104139)	25.347	288	183	9	102	377	271	538	3.49e-13	70.9
g1574.t1	VFG048430(gb|WP_012968726)	24.202	376	255	10	15	381	181	535	3.69e-13	70.5
g1574.t1	VFG029166(gb|WP_020822587)	27.532	385	218	18	15	368	157	511	4.74e-13	70.5
g1574.t1	VFG024028(gb|WP_014382292)	23.387	372	248	13	17	376	197	543	5.00e-13	70.1
g1574.t1	VFG050017(gb|WP_000960113)	25.418	299	199	9	90	383	257	536	5.17e-13	70.1
g1574.t1	VFG016060(gb|WP_003139218)	26.545	275	144	12	137	369	293	551	5.36e-13	70.9
g1574.t1	VFG037320(gb|WP_020753358)	24.262	305	201	12	82	376	253	537	5.64e-13	70.1
g1574.t1	VFG050149(gb|WP_001972441)	25.436	287	191	8	90	371	257	525	6.36e-13	70.1
g1574.t1	VFG037313(gb|WP_000744364)	24.262	305	201	12	82	376	253	537	6.39e-13	70.1
g1574.t1	VFG021821(gb|WP_011895254)	26.817	399	223	18	17	377	155	522	6.91e-13	69.7
g1574.t1	VFG037316(gb|WP_000744381)	24.262	305	201	12	82	376	253	537	7.65e-13	69.7
g1574.t1	VFG048591(gb|WP_014229386)	25.205	365	238	13	20	373	174	514	7.87e-13	69.7
g1574.t1	VFG037315(gb|WP_000744371)	24.262	305	201	12	82	376	253	537	8.36e-13	69.7
g1574.t1	VFG020074(gb|WP_012614121)	26.545	275	144	12	137	369	293	551	8.44e-13	70.1
g1574.t1	VFG016059(gb|WP_012075639)	29.592	196	105	8	191	369	372	551	8.67e-13	70.1
g1574.t1	VFG037322(gb|WP_000744367)	24.590	305	200	12	82	376	253	537	8.83e-13	69.3
g1574.t1	VFG020077(gb|WP_015885148)	27.139	409	228	22	15	372	159	548	9.13e-13	70.1
g1574.t1	VFG050038(gb|WP_001133934)	26.357	387	232	14	22	386	614	969	1.26e-12	69.7
g1574.t1	VFG016061(gb|WP_162839071)	28.333	240	140	11	151	369	324	552	1.34e-12	69.7
g1574.t1	VFG016061(gb|WP_162839071)	23.056	373	251	13	20	373	2342	2697	1.99e-06	50.1
g1574.t1	VFG048425(gb|YP_005225747)	24.403	377	253	12	15	381	181	535	1.71e-12	68.6
g1574.t1	VFG048427(gb|WP_004223595)	24.403	377	253	12	15	381	181	535	1.76e-12	68.6
g1574.t1	VFG037314(gb|WP_000744369)	24.262	305	201	12	82	376	253	537	1.77e-12	68.6
g1574.t1	VFG016068(gb|WP_011335255)	28.000	275	140	13	137	369	289	547	2.07e-12	68.9
g1574.t1	VFG016068(gb|WP_011335255)	23.138	376	247	13	20	373	2335	2690	5.75e-08	55.1
g1574.t1	VFG050148(gb|WP_000955352)	26.087	299	201	9	90	385	257	538	2.69e-12	68.2
g1574.t1	VFG050156(gb|WP_001133891)	25.954	393	238	14	16	386	608	969	2.76e-12	68.6
g1574.t1	VFG050156(gb|WP_001133891)	21.716	373	253	10	22	373	1674	2028	3.56e-06	49.3
g1574.t1	VFG016058(gb|NP_251114)	27.551	196	109	7	191	369	372	551	3.08e-12	68.6
g1574.t1	VFG015826(gb|WP_012273396)	26.866	268	152	12	137	369	294	552	3.74e-12	68.2
g1574.t1	VFG015826(gb|WP_012273396)	22.933	375	245	9	20	371	2327	2680	7.47e-08	54.7
g1574.t1	VFG048428(gb|WP_012068426)	24.138	377	254	12	15	381	181	535	6.09e-12	67.0
g1574.t1	VFG009546(gb|WP_071497738)	26.573	286	179	10	101	375	279	544	6.10e-12	67.0
g1574.t1	VFG007776(gb|WP_011780336)	25.818	275	155	12	137	369	307	574	6.13e-12	67.0
g1574.t1	VFG050023(gb|WP_000955356)	25.753	299	202	9	90	385	257	538	6.39e-12	67.0
g1574.t1	VFG016062(gb|WP_165446461)	27.083	240	143	10	151	369	324	552	6.65e-12	67.4
g1574.t1	VFG016062(gb|WP_165446461)	24.548	387	241	16	7	371	1269	1626	1.17e-06	50.8
g1574.t1	VFG037317(gb|YP_001085402)	23.355	304	205	11	82	376	224	508	6.80e-12	66.6
g1574.t1	VFG048429(gb|WP_004183353)	24.138	377	254	12	15	381	181	535	7.02e-12	66.6
g1574.t1	VFG022399(gb|WP_013829512)	24.771	436	261	19	1	380	148	572	7.42e-12	66.6
g1574.t1	VFG024025(gb|WP_013471365)	25.524	286	185	10	101	376	292	559	1.03e-11	66.2
g1574.t1	VFG009548(gb|WP_011893571)	25.524	286	185	10	101	376	287	554	1.13e-11	66.2
g1574.t1	VFG024050(gb|WP_008256952)	27.013	385	220	18	15	368	157	511	1.14e-11	65.9
g1574.t1	VFG029158(gb|WP_014585515)	28.718	390	214	21	14	368	150	510	1.29e-11	65.9
g1574.t1	VFG022736(gb|WP_012395312)	26.573	286	179	10	101	375	279	544	1.31e-11	65.9
g1574.t1	VFG021822(gb|WP_011779183)	27.985	268	156	10	122	368	263	514	1.32e-11	65.9
g1574.t1	VFG022732(gb|WP_014001247)	26.042	384	242	15	13	378	685	1044	1.38e-11	66.2
g1574.t1	VFG026645(gb|WP_015356488)	26.573	286	179	10	101	375	279	544	1.39e-11	65.9
g1574.t1	VFG009528(gb|WP_010950705)	25.781	384	243	14	13	378	685	1044	1.49e-11	66.2
g1574.t1	VFG026628(gb|WP_003902259)	25.781	384	243	14	13	378	685	1044	1.50e-11	66.2
g1574.t1	VFG001403(gb|NP_216899)	25.781	384	243	14	13	378	685	1044	1.50e-11	66.2
g1574.t1	VFG009527(gb|WP_010924520)	25.781	384	243	14	13	378	685	1044	1.52e-11	66.2
g1574.t1	VFG009529(gb|WP_011799261)	25.781	384	243	14	13	378	685	1044	1.53e-11	66.2
g1574.t1	VFG024754(gb|WP_011740062)	24.211	380	246	14	7	371	134	486	1.54e-11	65.9
g1574.t1	VFG026623(gb|WP_015293658)	26.042	384	242	15	13	378	685	1044	1.54e-11	66.2
g1574.t1	VFG050045(gb|WP_001133952)	25.393	382	227	14	16	373	608	955	1.64e-11	66.2
g1574.t1	VFG024048(gb|WP_014942139)	27.013	385	220	18	15	368	157	511	1.70e-11	65.5
g1574.t1	VFG029149(gb|WP_015289783)	28.718	390	214	21	14	368	150	510	1.76e-11	65.5
g1574.t1	VFG001393(gb|NP_215861)	28.718	390	214	21	14	368	150	510	1.79e-11	65.5
g1574.t1	VFG050035(gb|WP_001133943)	25.393	382	227	14	16	373	608	955	1.83e-11	65.9
g1574.t1	VFG050040(gb|WP_001133940)	25.131	382	228	14	16	373	608	955	1.97e-11	65.9
g1574.t1	VFG050044(gb|WP_001133941)	25.654	382	226	14	16	373	608	955	2.00e-11	65.9
g1574.t1	VFG029160(gb|YP_007957460)	28.497	386	220	20	14	368	150	510	2.04e-11	65.5
g1574.t1	VFG022731(gb|WP_003910556)	25.781	384	243	14	13	378	685	1044	2.20e-11	65.5
g1574.t1	VFG009549(gb|WP_011781018)	25.442	283	189	8	101	376	282	549	2.30e-11	65.1
g1574.t1	VFG050022(gb|WP_000955347)	25.614	285	193	8	90	371	257	525	2.37e-11	65.1
g1574.t1	VFG050016(gb|WP_000955358)	24.390	287	194	8	90	371	257	525	2.39e-11	65.1
g1574.t1	VFG029150(gb|WP_015292873)	28.462	390	215	21	14	368	150	510	2.70e-11	64.7
g1574.t1	VFG050013(gb|WP_000955350)	25.753	299	202	9	90	385	257	538	2.96e-11	64.7
g1574.t1	VFG029155(gb|YP_007961258)	28.462	390	213	21	14	368	70	428	3.00e-11	64.3
g1574.t1	VFG050018(gb|WP_000955353)	25.263	285	194	8	90	371	257	525	4.31e-11	64.3
g1574.t1	VFG026622(gb|WP_015290627)	26.357	387	237	15	13	378	685	1044	4.70e-11	64.7
g1574.t1	VFG050150(gb|WP_000955360)	24.739	287	193	8	90	371	257	525	5.29e-11	63.9
g1574.t1	VFG050041(gb|WP_011198384)	23.469	392	246	14	17	377	1669	2037	5.78e-11	64.3
g1574.t1	VFG024049(gb|WP_014711686)	26.753	385	221	18	15	368	157	511	6.70e-11	63.5
g1574.t1	VFG012989(gb|WP_000026762)	22.131	366	257	12	15	372	182	527	8.68e-11	63.2
g1574.t1	VFG016063(gb|WP_166486371)	29.534	193	113	9	189	369	371	552	9.23e-11	63.9
g1574.t1	VFG016063(gb|WP_166486371)	22.821	390	243	16	12	373	3869	4228	2.29e-06	50.1
g1574.t1	VFG016063(gb|WP_166486371)	24.935	385	242	15	7	371	1269	1626	3.10e-06	49.7
g1574.t1	VFG044367(gb|WP_013318791)	23.288	365	242	14	20	371	188	527	9.48e-11	63.2
g1574.t1	VFG007775(gb|WP_011894256)	25.430	291	163	13	124	372	299	577	1.01e-10	63.2
g1574.t1	VFG012990(gb|WP_000026810)	22.740	365	254	12	15	371	182	526	1.42e-10	62.8
g1574.t1	VFG024769(gb|WP_085979885)	28.497	193	111	7	198	372	384	567	1.44e-10	62.8
g1574.t1	VFG009489(gb|WP_011724535)	25.750	400	239	16	2	371	1687	2058	1.44e-10	63.2
g1574.t1	VFG009489(gb|WP_011724535)	25.600	375	229	16	20	371	623	970	9.64e-10	60.5
g1574.t1	VFG012986(gb|NP_706449)	23.720	371	243	15	15	371	182	526	1.48e-10	62.4
g1574.t1	VFG012988(gb|WP_000026772)	23.181	371	245	14	15	371	182	526	1.52e-10	62.4
g1574.t1	VFG015906(gb|WP_011267825)	24.202	376	238	11	22	373	3924	4276	1.59e-10	63.2
g1574.t1	VFG015906(gb|WP_011267825)	22.680	388	247	10	8	371	8256	8614	3.02e-10	62.4
g1574.t1	VFG015906(gb|WP_011267825)	23.836	365	245	12	20	371	692	1036	4.08e-08	55.5
g1574.t1	VFG007203(gb|WP_011152543)	26.027	292	183	11	101	382	275	543	1.95e-10	62.4
g1574.t1	VFG011609(gb|WP_006191558)	22.712	295	208	9	82	371	250	529	2.01e-10	62.0
g1574.t1	VFG026621(gb|WP_015303463)	26.098	387	238	15	13	378	685	1044	2.03e-10	62.8
g1574.t1	VFG018292(gb|WP_004692639)	22.712	295	208	9	82	371	250	529	2.14e-10	62.0
g1574.t1	VFG016065(gb|WP_012051699)	25.000	404	237	20	15	369	166	552	2.22e-10	62.8
g1574.t1	VFG016065(gb|WP_012051699)	23.200	375	244	9	20	371	2327	2680	6.05e-09	58.2
g1574.t1	VFG050114(gb|WP_000953496)	27.461	193	116	8	190	372	551	729	2.54e-10	62.4
g1574.t1	VFG012985(gb|WP_000026832)	22.192	365	256	12	15	371	182	526	2.83e-10	61.6
g1574.t1	VFG044429(gb|CAJ45636)	25.850	294	191	12	82	366	255	530	3.09e-10	61.6
g1574.t1	VFG022742(gb|WP_049793010)	27.165	254	161	11	131	375	307	545	3.11e-10	61.6
g1574.t1	VFG007202(gb|WP_011081753)	25.517	290	187	11	101	382	275	543	3.27e-10	61.6
g1574.t1	VFG015911(gb|WP_011267820)	23.936	376	257	12	20	380	167	528	3.30e-10	61.6
g1574.t1	VFG024782(gb|WP_094987164)	28.272	191	110	7	198	370	384	565	3.32e-10	61.6
g1574.t1	VFG000932(gb|WP_000026784)	21.918	365	257	12	15	371	182	526	3.41e-10	61.6
g1574.t1	VFG029325(gb|WP_085981911)	28.272	191	110	7	198	370	384	565	3.53e-10	61.6
g1574.t1	VFG015823(gb|WP_012315380)	23.592	373	257	9	15	373	2136	2494	3.58e-10	62.0
g1574.t1	VFG044423(gb|AAW66009)	25.850	294	191	12	82	366	255	530	3.72e-10	61.2
g1574.t1	VFG021820(gb|WP_003893504)	27.297	381	216	19	23	368	160	514	4.25e-10	61.2
g1574.t1	VFG009477(gb|WP_011729885)	25.323	387	235	14	20	381	602	959	4.57e-10	61.6
g1574.t1	VFG016064(gb|WP_010954996)	23.866	419	223	19	15	369	166	552	5.03e-10	61.6
g1574.t1	VFG016064(gb|WP_010954996)	23.200	375	244	9	20	371	2327	2680	6.85e-08	54.7
g1574.t1	VFG016032(gb|WP_011666646)	22.165	388	260	9	12	371	1693	2066	6.02e-10	61.2
g1574.t1	VFG016032(gb|WP_011666646)	22.165	388	260	9	12	371	632	1005	2.15e-09	59.3
g1574.t1	VFG016175(gb|WP_011168856)	25.132	378	235	16	16	372	168	518	7.01e-10	60.5
g1574.t1	VFG024004(gb|WP_014382296)	25.600	375	229	16	20	371	626	973	8.76e-10	60.8
g1574.t1	VFG024004(gb|WP_014382296)	26.573	286	157	12	15	274	1704	1962	1.62e-07	53.5
g1574.t1	VFG016067(gb|WP_011062464)	25.818	275	146	11	137	369	294	552	9.22e-10	60.8
g1574.t1	VFG016067(gb|WP_011062464)	22.280	386	268	10	4	371	2323	2694	7.41e-08	54.7
g1574.t1	VFG024002(gb|WP_008255566)	25.600	375	229	16	20	371	626	973	9.31e-10	60.5
g1574.t1	VFG024002(gb|WP_008255566)	26.573	286	157	12	15	274	1704	1962	1.75e-07	53.5
g1574.t1	VFG026573(gb|WP_020822197)	25.600	375	229	16	20	371	626	973	9.82e-10	60.5
g1574.t1	VFG026573(gb|WP_020822197)	26.923	286	156	12	15	274	1704	1962	9.85e-08	54.3
g1574.t1	VFG016036(gb|WP_010954974)	24.397	373	236	11	22	373	2767	3114	1.03e-09	60.5
g1574.t1	VFG016036(gb|WP_010954974)	22.917	384	241	15	10	368	642	995	7.27e-07	51.6
g1574.t1	VFG016044(gb|WP_011534374)	24.479	384	247	13	13	373	650	1013	1.11e-09	60.5
g1574.t1	VFG011610(gb|WP_006014905)	22.373	295	209	9	82	371	250	529	1.25e-09	59.7
g1574.t1	VFG011606(gb|WP_011005507)	22.373	295	209	9	82	371	250	529	1.27e-09	59.7
g1574.t1	VFG019335(gb|WP_004686826)	22.373	295	209	9	82	371	250	529	1.28e-09	59.7
g1574.t1	VFG011607(gb|WP_002969261)	22.373	295	209	9	82	371	250	529	1.45e-09	59.3
g1574.t1	VFG023998(gb|WP_014379796)	25.840	387	235	14	20	381	603	962	1.66e-09	59.7
g1574.t1	VFG016183(gb|WP_011168852)	25.298	336	222	12	17	339	705	1024	1.77e-09	59.7
g1574.t1	VFG008956(gb|WP_015294037)	29.586	169	93	7	221	369	403	565	1.77e-09	59.3
g1574.t1	VFG023997(gb|WP_008255569)	25.840	387	235	14	20	381	603	962	1.90e-09	59.7
g1574.t1	VFG023999(gb|WP_014384382)	25.840	387	235	14	20	381	603	962	2.00e-09	59.7
g1574.t1	VFG008955(gb|WP_015291054)	30.178	169	92	7	221	369	403	565	2.13e-09	58.9
g1574.t1	VFG022387(gb|WP_003910673)	30.178	169	92	7	221	369	403	565	2.19e-09	58.9
g1574.t1	VFG008954(gb|WP_015303641)	30.178	169	92	7	221	369	403	565	2.21e-09	58.9
g1574.t1	VFG008953(gb|WP_014001491)	30.178	169	92	7	221	369	403	565	2.21e-09	58.9
g1574.t1	VFG007771(gb|WP_003904960)	30.178	169	92	7	221	369	403	565	2.29e-09	58.9
g1574.t1	VFG001407(gb|NP_217446)	30.178	169	92	7	221	369	403	565	2.29e-09	58.9
g1574.t1	VFG024006(gb|WP_014379795)	24.800	375	232	15	20	371	626	973	2.49e-09	59.3
g1574.t1	VFG024006(gb|WP_014379795)	26.573	286	157	12	15	274	1704	1962	1.60e-07	53.5
g1574.t1	VFG008969(gb|YP_005924074)	30.178	169	92	7	221	369	219	381	2.49e-09	58.5
g1574.t1	VFG009532(gb|WP_011741370)	27.178	287	183	11	22	296	704	976	2.79e-09	58.9
g1574.t1	VFG029977(gb|YP_007957326)	27.778	180	112	6	217	380	396	573	3.05e-09	58.5
g1574.t1	VFG026624(gb|WP_015356481)	27.178	287	183	11	22	296	704	976	3.18e-09	58.9
g1574.t1	VFG023996(gb|WP_014941690)	25.840	387	235	14	20	381	603	962	3.21e-09	58.9
g1574.t1	VFG044299(gb|WP_012368439)	24.359	312	194	10	9	299	684	974	3.24e-09	58.9
g1574.t1	VFG029936(gb|NP_215701)	27.778	180	112	6	217	380	396	573	3.30e-09	58.5
g1574.t1	VFG009478(gb|WP_193373624)	26.385	379	221	14	20	373	577	922	3.68e-09	58.5
g1574.t1	VFG029965(gb|WP_015302883)	28.090	178	110	6	219	380	398	573	3.77e-09	58.2
g1574.t1	VFG023995(gb|WP_216701262)	26.385	379	221	14	20	373	579	924	3.78e-09	58.5
g1574.t1	VFG009475(gb|WP_011724536)	25.131	382	238	11	20	378	604	960	4.52e-09	58.5
g1574.t1	VFG009494(gb|WP_011856106)	25.907	386	228	18	15	373	620	974	4.59e-09	58.5
g1574.t1	VFG012565(gb|WP_001088833)	23.098	368	242	11	20	373	174	514	4.60e-09	57.8
g1574.t1	VFG029954(gb|WP_014000650)	28.249	177	109	6	220	380	399	573	4.83e-09	57.8
g1574.t1	VFG034170(gb|WP_001088812)	23.098	368	242	11	20	373	174	514	4.85e-09	57.8
g1574.t1	VFG029967(gb|WP_015292753)	27.778	180	112	6	217	380	396	573	5.04e-09	57.8
g1574.t1	VFG012566(gb|WP_001088828)	23.098	368	242	11	20	373	174	514	5.07e-09	57.8
g1574.t1	VFG021818(gb|WP_003877914)	27.154	383	220	18	16	368	157	510	5.37e-09	57.8
g1574.t1	VFG050115(gb|WP_002081542)	24.556	338	177	16	14	296	252	566	5.47e-09	58.2
g1574.t1	VFG050115(gb|WP_002081542)	23.720	371	239	13	20	371	1920	2265	1.97e-07	53.1
g1574.t1	VFG032819(gb|WP_014092401)	22.251	382	258	15	14	376	148	509	5.95e-09	57.4
g1574.t1	VFG022729(gb|WP_012395305)	27.178	287	183	11	22	296	704	976	6.36e-09	57.8
g1574.t1	VFG044420(gb|AAR12562)	24.474	380	242	15	11	373	191	542	6.54e-09	57.4
g1574.t1	VFG009495(gb|WP_011560849)	25.984	381	224	18	20	373	625	974	6.81e-09	57.8
g1574.t1	VFG020071(gb|WP_012723748)	24.259	371	228	14	22	371	3236	3574	7.05e-09	57.8
g1574.t1	VFG008972(gb|WP_015309624)	27.811	169	96	5	221	369	403	565	9.24e-09	57.0
g1574.t1	VFG034174(gb|WP_001088834)	23.098	368	242	11	20	373	174	514	1.02e-08	57.0
g1574.t1	VFG029966(gb|WP_015289640)	27.222	180	113	6	217	380	396	573	1.07e-08	57.0
g1574.t1	VFG007777(gb|WP_011855824)	28.144	167	99	6	221	370	401	563	1.12e-08	56.6
g1574.t1	VFG007778(gb|WP_011560229)	28.144	167	99	6	221	370	401	563	1.13e-08	56.6
g1574.t1	VFG048593(gb|WP_014907267)	22.826	368	243	11	20	373	174	514	1.18e-08	56.6
g1574.t1	VFG029690(gb|YP_001704826)	24.093	386	238	12	15	373	2108	2465	1.42e-08	57.0
g1574.t1	VFG024771(gb|WP_010950805)	29.825	171	98	8	217	369	398	564	1.50e-08	56.2
g1574.t1	VFG044332(gb|WP_015874967)	22.826	368	243	11	20	373	174	514	1.52e-08	56.2
g1574.t1	VFG029322(gb|WP_015303655)	29.825	171	98	8	217	369	398	564	1.54e-08	56.2
g1574.t1	VFG022704(gb|WP_041180276)	24.282	383	223	12	22	373	600	946	1.55e-08	56.6
g1574.t1	VFG024776(gb|NP_217466)	30.178	169	96	8	219	369	437	601	1.56e-08	56.2
g1574.t1	VFG034175(gb|WP_001089765)	22.826	368	243	11	20	373	174	514	1.57e-08	56.2
g1574.t1	VFG029323(gb|WP_015291071)	29.825	171	98	8	217	369	398	564	1.58e-08	56.2
g1574.t1	VFG024770(gb|WP_003912041)	29.825	171	98	8	217	369	398	564	1.58e-08	56.2
g1574.t1	VFG026535(gb|WP_041180865)	24.282	383	223	12	22	373	600	946	1.60e-08	56.6
g1574.t1	VFG034160(gb|WP_001088819)	22.826	368	243	11	20	373	174	514	1.67e-08	56.2
g1574.t1	VFG026533(gb|WP_041179918)	24.282	383	223	12	22	373	600	946	1.68e-08	56.6
g1574.t1	VFG000359(gb|WP_001088826)	22.826	368	243	11	20	373	174	514	1.77e-08	56.2
g1574.t1	VFG048594(gb|YP_005227770)	22.826	368	243	11	20	373	174	514	1.77e-08	56.2
g1574.t1	VFG012564(gb|WP_001088826)	22.826	368	243	11	20	373	174	514	1.77e-08	56.2
g1574.t1	VFG034165(gb|WP_001088818)	22.826	368	243	11	20	373	174	514	1.80e-08	56.2
g1574.t1	VFG034164(gb|WP_001088823)	22.826	368	243	11	20	373	174	514	1.81e-08	55.8
g1574.t1	VFG034168(gb|WP_001088830)	22.826	368	243	11	20	373	174	514	1.96e-08	55.8
g1574.t1	VFG029724(gb|YP_001704825)	24.346	382	226	12	15	373	180	521	2.04e-08	56.2
g1574.t1	VFG029705(gb|WP_016893944)	24.211	380	231	12	15	366	2108	2458	2.09e-08	56.2
g1574.t1	VFG026532(gb|WP_041930680)	24.282	383	223	12	22	373	600	946	2.26e-08	56.2
g1574.t1	VFG024774(gb|WP_010907551)	29.070	172	100	7	216	369	397	564	2.37e-08	55.8
g1574.t1	VFG021819(gb|WP_011725106)	27.154	383	220	18	16	368	157	510	2.52e-08	55.5
g1574.t1	VFG029732(gb|WP_020724413)	24.346	382	226	12	15	373	180	521	2.59e-08	56.2
g1574.t1	VFG032791(gb|WP_011701785)	22.513	382	257	16	14	376	148	509	2.75e-08	55.5
g1574.t1	VFG032820(gb|WP_041176241)	22.251	382	258	15	14	376	148	509	2.82e-08	55.5
g1574.t1	VFG020069(gb|WP_148235954)	26.302	384	232	15	20	378	651	1008	2.84e-08	55.8
g1574.t1	VFG015908(gb|WP_164920478)	22.572	381	236	13	22	371	4953	5305	3.29e-08	55.8
g1574.t1	VFG016045(gb|WP_011062374)	23.604	394	245	14	13	383	646	1006	3.66e-08	55.5
g1574.t1	VFG003500(gb|WP_005168666)	23.611	360	250	11	20	373	174	514	3.71e-08	55.1
g1574.t1	VFG029151(gb|WP_005059131)	24.634	410	233	14	20	373	157	546	4.04e-08	55.1
g1574.t1	VFG022735(gb|WP_013828465)	26.854	391	239	17	16	381	686	1054	4.73e-08	55.1
g1574.t1	VFG015905(gb|WP_164920559)	24.740	384	241	15	15	373	3917	4277	4.75e-08	55.5
g1574.t1	VFG022767(gb|WP_013828468)	25.323	387	233	18	15	368	153	516	5.02e-08	54.7
g1574.t1	VFG007774(gb|WP_011740078)	28.022	182	87	7	217	369	400	566	5.11e-08	54.7
g1574.t1	VFG008957(gb|WP_015355169)	28.022	182	87	7	217	369	400	566	5.34e-08	54.7
g1574.t1	VFG009536(gb|WP_011856110)	27.957	372	225	16	22	376	693	1038	5.39e-08	55.1
g1574.t1	VFG050043(gb|NP_391076)	24.444	405	243	16	5	373	1648	2025	5.53e-08	55.1
g1574.t1	VFG050043(gb|NP_391076)	22.572	381	251	12	9	373	598	950	8.29e-07	51.2
g1574.t1	VFG007773(gb|WP_010908857)	26.667	165	103	5	221	369	403	565	5.73e-08	54.7
g1574.t1	VFG022386(gb|WP_012393584)	28.022	182	87	7	217	369	400	566	5.83e-08	54.7
g1574.t1	VFG009537(gb|WP_208856635)	28.226	372	224	16	22	376	744	1089	1.19e-07	53.9
g1574.t1	VFG029334(gb|YP_007958952)	28.994	169	98	8	219	369	437	601	1.33e-07	53.5
g1574.t1	VFG032815(gb|WP_003733784)	21.466	382	263	15	13	376	147	509	1.43e-07	53.1
g1574.t1	VFG044363(gb|WP_033112377)	23.232	396	240	15	20	379	626	993	1.45e-07	53.5
g1574.t1	VFG032789(gb|NP_464499)	21.466	382	263	15	13	376	147	509	1.47e-07	53.1
g1574.t1	VFG009538(gb|WP_011560853)	28.226	372	224	16	22	376	693	1038	1.58e-07	53.5
g1574.t1	VFG015904(gb|WP_164920479)	23.450	371	243	12	22	371	609	959	1.62e-07	53.5
g1574.t1	VFG015904(gb|WP_164920479)	23.822	382	214	15	22	371	3844	4180	3.38e-06	49.3
g1574.t1	VFG016040(gb|WP_078463717)	24.880	418	256	16	1	386	595	986	1.63e-07	53.5
g1574.t1	VFG026534(gb|WP_041181523)	23.834	386	221	13	22	373	600	946	1.82e-07	53.1
g1574.t1	VFG016038(gb|NP_251090)	24.882	422	251	17	1	386	595	986	2.48e-07	52.8
g1574.t1	VFG029723(gb|WP_011726917)	25.654	382	220	13	15	373	181	521	4.09e-07	52.4
g1574.t1	VFG044372(gb|AAL65279)	25.765	392	239	18	2	371	191	552	5.07e-07	51.6
g1574.t1	VFG021860(gb|WP_011726611)	23.784	370	242	13	15	366	5786	6133	7.29e-07	51.6
g1574.t1	VFG016037(gb|WP_011062375)	21.842	380	264	10	15	373	652	1019	8.02e-07	51.2
g1574.t1	VFG044432(gb|CAJ45639)	21.149	383	250	10	20	371	614	975	8.18e-07	51.2
g1574.t1	VFG043687(gb|WP_001304254)	24.679	389	220	19	20	371	157	509	9.64e-07	50.8
g1574.t1	VFG009533(gb|WP_011729889)	26.625	323	195	10	15	317	690	990	9.77e-07	50.8
g1574.t1	VFG049154(gb|WP_014907257)	24.679	389	220	19	20	371	157	509	1.01e-06	50.8
g1574.t1	VFG024024(gb|WP_014379793)	24.672	381	241	13	16	376	690	1044	1.14e-06	50.8
g1574.t1	VFG032788(gb|WP_010990699)	21.636	379	264	14	14	376	148	509	1.23e-06	50.1
g1574.t1	VFG016041(gb|NP_251092)	23.641	368	238	11	22	373	660	1000	1.23e-06	50.8
g1574.t1	VFG016041(gb|NP_251092)	24.267	375	223	14	22	371	3187	3525	8.98e-06	48.1
g1574.t1	VFG016033(gb|WP_011103872)	23.350	394	244	17	12	373	627	994	1.41e-06	50.4
g1574.t1	VFG044413(gb|AAR12528)	23.256	387	248	14	17	379	595	956	1.59e-06	50.1
g1574.t1	VFG024001(gb|WP_013471370)	25.199	377	225	19	20	371	616	960	2.04e-06	50.1
g1574.t1	VFG044315(gb|WP_012492605)	26.357	258	159	9	128	371	264	504	2.07e-06	50.1
g1574.t1	VFG009531(gb|WP_023870986)	25.085	295	178	13	22	296	697	968	2.14e-06	49.7
g1574.t1	VFG009492(gb|WP_011893576)	25.199	377	225	19	20	371	616	960	2.17e-06	50.1
g1574.t1	VFG016182(gb|WP_011104107)	23.148	324	202	11	17	317	705	1004	2.49e-06	49.7
g1574.t1	VFG009480(gb|WP_011856105)	23.037	382	227	14	22	372	597	942	3.08e-06	49.3
g1574.t1	VFG030798(gb|WP_014001985)	26.702	191	106	7	199	369	384	560	3.12e-06	48.9
g1574.t1	VFG032790(gb|WP_003727064)	21.260	381	263	15	14	376	148	509	3.91e-06	48.5
g1574.t1	VFG026548(gb|YP_005923574)	23.747	379	230	11	22	373	605	951	4.14e-06	48.9
g1574.t1	VFG030803(gb|WP_015294670)	27.513	189	107	8	199	369	384	560	4.33e-06	48.5
g1574.t1	VFG032792(gb|WP_012681203)	21.260	381	263	15	14	376	148	509	4.46e-06	48.5
g1574.t1	VFG026540(gb|WP_015575196)	23.747	379	230	11	22	373	605	951	4.47e-06	48.9
g1574.t1	VFG032793(gb|WP_012581621)	21.260	381	263	15	14	376	148	509	4.62e-06	48.5
g1574.t1	VFG009470(gb|WP_023637453)	23.747	379	230	11	22	373	600	946	4.67e-06	48.9
g1574.t1	VFG001820(gb|NP_216895)	23.747	379	230	11	22	373	605	951	4.71e-06	48.9
g1574.t1	VFG009471(gb|WP_003917623)	23.747	379	230	11	22	373	600	946	4.92e-06	48.9
g1574.t1	VFG030790(gb|NP_218343)	26.702	191	106	7	199	369	384	560	4.96e-06	48.5
g1574.t1	VFG017459(gb|WP_023641714)	23.747	379	230	11	22	373	600	946	5.05e-06	48.5
g1574.t1	VFG009472(gb|WP_031657277)	23.747	379	230	11	22	373	600	946	5.09e-06	48.5
g1574.t1	VFG030802(gb|WP_015291764)	26.702	191	106	7	199	369	384	560	5.21e-06	48.5
g1574.t1	VFG016174(gb|WP_011104104)	23.000	300	212	8	78	373	235	519	5.77e-06	48.1
g1574.t1	VFG026553(gb|WP_016342474)	24.868	189	125	3	190	371	794	972	6.38e-06	48.5
g1574.t1	VFG029728(gb|WP_014382788)	25.916	382	219	14	15	373	180	520	7.81e-06	48.1
g1574.t1	VFG048496(gb|WP_014599078)	22.963	405	262	13	10	381	581	968	8.58e-06	47.8
g1574.t1	VFG026638(gb|WP_020822193)	24.084	382	244	13	16	377	690	1045	9.79e-06	47.8
g98.t1	VFG030387(gb|WP_015304695)	30.740	527	319	16	6	517	7	502	1.78e-53	189
g98.t1	VFG030402(gb|WP_013470644)	29.868	529	335	16	10	529	7	508	3.38e-46	169
g98.t1	VFG030398(gb|WP_014001578)	27.236	492	322	11	34	517	30	493	1.54e-38	147
g98.t1	VFG030405(gb|WP_015303741)	27.236	492	322	11	34	517	30	493	1.75e-38	147
g98.t1	VFG030419(gb|WP_015345152)	27.033	492	323	11	34	517	30	493	2.05e-38	147
g98.t1	VFG030388(gb|NP_217605)	27.033	492	323	11	34	517	30	493	3.13e-38	146
g98.t1	VFG030411(gb|WP_015575278)	27.033	492	323	11	34	517	30	493	4.04e-38	146
g98.t1	VFG030407(gb|WP_015294168)	26.829	492	324	11	34	517	30	493	9.69e-38	145
g98.t1	VFG030406(gb|WP_015291176)	26.829	492	324	11	34	517	30	493	1.48e-37	144
g98.t1	VFG030404(gb|WP_015288454)	26.829	492	324	11	34	517	30	493	2.68e-37	144
g98.t1	VFG030400(gb|WP_081465621)	29.167	504	316	15	30	519	23	499	1.95e-36	141
g98.t1	VFG030408(gb|WP_015355418)	28.169	497	315	16	34	517	30	497	1.03e-35	139
g98.t1	VFG030399(gb|WP_012394321)	28.144	501	310	16	34	517	30	497	4.90e-35	137
g98.t1	VFG030421(gb|WP_179945037)	28.137	526	310	18	3	517	31	499	5.94e-32	129
g98.t1	VFG030403(gb|WP_170320575)	28.273	527	309	18	3	517	31	500	2.43e-31	127
g98.t1	VFG030392(gb|WP_011725596)	26.880	532	309	19	3	517	31	499	1.90e-29	121
g98.t1	VFG030391(gb|WP_003875182)	26.880	532	309	19	3	517	31	499	8.86e-28	116
g98.t1	VFG044187(gb|WP_011152546)	25.388	516	342	17	18	517	48	536	1.19e-25	110
g98.t1	VFG048421(gb|WP_014837778)	26.706	513	322	17	29	517	43	525	3.98e-25	108
g98.t1	VFG048422(gb|WP_014228360)	26.511	513	323	17	29	517	43	525	8.65e-25	107
g98.t1	VFG000168(gb|NP_252918)	26.754	456	299	13	16	456	44	479	2.48e-24	106
g98.t1	VFG048424(gb|WP_012542486)	25.641	507	335	16	29	517	43	525	3.34e-24	105
g98.t1	VFG030416(gb|YP_007959092)	27.063	303	202	6	217	517	15	300	6.07e-24	102
g98.t1	VFG016130(gb|WP_003137468)	26.652	454	298	13	18	456	46	479	6.44e-24	105
g98.t1	VFG020092(gb|WP_003118945)	26.652	454	298	13	18	456	46	479	6.56e-24	105
g98.t1	VFG016129(gb|WP_003157555)	26.744	516	330	17	18	514	46	532	1.22e-23	104
g98.t1	VFG044429(gb|CAJ45636)	24.861	539	344	17	7	517	30	535	1.97e-23	103
g98.t1	VFG012990(gb|WP_000026810)	26.386	523	327	21	29	523	44	536	4.80e-23	102
g98.t1	VFG007200(gb|WP_000205544)	23.208	530	365	16	6	517	25	530	1.28e-22	101
g98.t1	VFG044423(gb|AAW66009)	25.046	539	343	18	7	517	30	535	1.60e-22	100
g98.t1	VFG012989(gb|WP_000026762)	25.825	515	326	21	29	518	44	527	2.44e-22	100
g98.t1	VFG048427(gb|WP_004223595)	25.838	507	334	16	29	517	43	525	3.52e-22	99.8
g98.t1	VFG048425(gb|YP_005225747)	25.838	507	334	16	29	517	43	525	3.75e-22	99.8
g98.t1	VFG048430(gb|WP_012968726)	25.838	507	334	16	29	517	43	525	4.18e-22	99.8
g98.t1	VFG000932(gb|WP_000026784)	25.926	513	326	20	29	517	44	526	5.26e-22	99.4
g98.t1	VFG007201(gb|WP_000205542)	23.019	530	366	16	6	517	25	530	8.88e-22	98.6
g98.t1	VFG012986(gb|NP_706449)	25.434	519	337	19	29	523	44	536	1.23e-21	98.2
g98.t1	VFG048428(gb|WP_012068426)	25.641	507	335	16	29	517	43	525	1.29e-21	98.2
g98.t1	VFG012988(gb|WP_000026772)	25.434	519	337	19	29	523	44	536	1.29e-21	98.2
g98.t1	VFG020077(gb|WP_015885148)	26.298	578	329	27	3	518	6	548	1.30e-21	99.8
g98.t1	VFG020077(gb|WP_015885148)	22.817	504	337	16	34	517	2193	2664	1.07e-08	58.2
g98.t1	VFG020077(gb|WP_015885148)	23.866	507	318	23	33	517	1141	1601	2.80e-08	57.0
g98.t1	VFG048429(gb|WP_004183353)	25.641	507	335	16	29	517	43	525	1.40e-21	98.2
g98.t1	VFG012985(gb|WP_000026832)	25.813	523	330	21	29	523	44	536	6.24e-21	95.9
g98.t1	VFG050021(gb|NP_391078)	25.296	506	339	16	30	520	47	528	7.42e-21	95.9
g98.t1	VFG015906(gb|WP_011267825)	25.899	556	338	18	7	532	3775	4286	1.06e-20	96.7
g98.t1	VFG015906(gb|WP_011267825)	26.594	549	330	24	2	525	12383	12883	2.24e-19	92.4
g98.t1	VFG015906(gb|WP_011267825)	25.725	552	331	26	13	532	8122	8626	9.57e-18	87.4
g98.t1	VFG015906(gb|WP_011267825)	26.531	539	313	24	12	519	2702	3188	3.21e-17	85.9
g98.t1	VFG015906(gb|WP_011267825)	25.516	533	322	20	12	519	1629	2111	3.24e-17	85.9
g98.t1	VFG015906(gb|WP_011267825)	24.907	538	319	20	12	519	9206	9688	3.62e-16	82.4
g98.t1	VFG015906(gb|WP_011267825)	24.719	534	325	19	12	519	7046	7528	2.87e-15	79.3
g98.t1	VFG015906(gb|WP_011267825)	24.440	536	336	20	14	519	5957	6453	3.92e-15	79.0
g98.t1	VFG015906(gb|WP_011267825)	26.365	531	329	23	6	517	549	1036	5.70e-13	72.0
g98.t1	VFG015906(gb|WP_011267825)	24.030	541	354	19	6	521	10250	10758	3.08e-11	66.6
g98.t1	VFG015906(gb|WP_011267825)	23.035	547	350	19	3	519	4858	5363	1.49e-06	51.2
g98.t1	VFG016034(gb|WP_011267346)	25.704	533	331	22	11	519	503	994	3.94e-20	94.7
g98.t1	VFG016034(gb|WP_011267346)	23.247	542	347	21	15	530	1559	2057	3.35e-08	56.6
g98.t1	VFG050017(gb|WP_000960113)	23.664	524	349	16	14	517	33	525	5.21e-20	93.2
g98.t1	VFG050019(gb|WP_003185956)	25.094	534	335	17	14	520	33	528	5.54e-20	93.2
g98.t1	VFG015904(gb|WP_164920479)	26.654	529	321	20	12	519	4773	5255	6.63e-20	94.4
g98.t1	VFG015904(gb|WP_164920479)	24.248	532	336	17	17	517	464	959	9.00e-17	84.3
g98.t1	VFG015904(gb|WP_164920479)	26.754	456	267	17	20	453	3710	4120	1.96e-14	76.6
g98.t1	VFG015904(gb|WP_164920479)	25.664	452	283	19	12	445	2652	3068	1.15e-08	58.2
g98.t1	VFG050149(gb|WP_001972441)	23.372	522	353	15	14	517	33	525	1.26e-19	92.0
g98.t1	VFG044420(gb|AAR12562)	24.404	545	342	21	6	519	37	542	1.59e-19	91.7
g98.t1	VFG016036(gb|WP_010954974)	24.863	547	334	19	3	519	2615	3114	1.63e-19	92.8
g98.t1	VFG016036(gb|WP_010954974)	24.905	526	336	19	11	514	507	995	1.98e-14	76.6
g98.t1	VFG016036(gb|WP_010954974)	24.954	549	330	23	8	519	1559	2062	7.18e-13	71.6
g98.t1	VFG050013(gb|WP_000955350)	23.429	525	349	15	14	517	33	525	2.47e-19	91.3
g98.t1	VFG050148(gb|WP_000955352)	23.429	525	349	15	14	517	33	525	2.70e-19	90.9
g98.t1	VFG021823(gb|WP_011559124)	29.716	387	200	18	169	514	154	509	3.04e-19	90.9
g98.t1	VFG024030(gb|WP_014379792)	24.119	539	354	18	9	523	37	544	3.77e-19	90.5
g98.t1	VFG024026(gb|WP_014384379)	24.119	539	354	18	9	523	37	544	4.04e-19	90.5
g98.t1	VFG016033(gb|WP_011103872)	26.079	533	329	21	11	519	503	994	4.59e-19	91.3
g98.t1	VFG016068(gb|WP_011335255)	26.471	578	326	31	3	516	6	548	4.61e-19	91.7
g98.t1	VFG016068(gb|WP_011335255)	26.376	527	325	25	14	517	1133	1619	2.69e-13	73.2
g98.t1	VFG016068(gb|WP_011335255)	23.265	533	347	18	14	519	2193	2690	1.92e-08	57.4
g98.t1	VFG050016(gb|WP_000955358)	22.857	525	352	15	14	517	33	525	7.52e-19	89.7
g98.t1	VFG029297(gb|YP_007958950)	25.840	476	309	16	50	517	47	486	7.99e-19	90.1
g98.t1	VFG015905(gb|WP_164920559)	26.654	529	321	20	12	519	1633	2115	8.42e-19	90.9
g98.t1	VFG015905(gb|WP_164920559)	25.893	560	335	25	6	532	3775	4287	1.00e-18	90.5
g98.t1	VFG015905(gb|WP_164920559)	26.362	459	268	19	12	445	4867	5280	5.49e-16	81.6
g98.t1	VFG015905(gb|WP_164920559)	25.047	531	327	20	12	519	554	1036	4.19e-14	75.9
g98.t1	VFG015905(gb|WP_164920559)	24.769	541	342	25	12	532	2706	3201	3.77e-11	66.2
g98.t1	VFG015826(gb|WP_012273396)	26.481	574	336	28	3	516	6	553	9.44e-19	90.5
g98.t1	VFG015826(gb|WP_012273396)	22.222	522	360	13	15	517	2186	2680	1.30e-09	61.2
g98.t1	VFG015826(gb|WP_012273396)	23.020	543	350	19	8	528	1127	1623	5.56e-09	59.3
g98.t1	VFG024748(gb|NP_217464)	25.840	476	309	16	50	517	47	486	1.10e-18	89.7
g98.t1	VFG037320(gb|WP_020753358)	22.852	512	342	16	30	517	50	532	1.19e-18	89.0
g98.t1	VFG050155(gb|WP_001972445)	24.490	539	329	20	12	519	464	955	1.28e-18	90.1
g98.t1	VFG050155(gb|WP_001972445)	23.303	545	355	18	5	519	1517	2028	9.49e-13	71.2
g98.t1	VFG009545(gb|WP_011724530)	24.349	538	364	16	9	527	37	550	1.29e-18	89.0
g98.t1	VFG050150(gb|WP_000955360)	22.857	525	352	15	14	517	33	525	1.29e-18	89.0
g98.t1	VFG048591(gb|WP_014229386)	25.187	536	358	17	1	521	9	516	1.31e-18	89.0
g98.t1	VFG015908(gb|WP_164920478)	24.015	533	350	18	9	517	4804	5305	1.34e-18	90.1
g98.t1	VFG015908(gb|WP_164920478)	25.140	537	331	22	14	519	1570	2066	2.45e-16	82.8
g98.t1	VFG015908(gb|WP_164920478)	24.719	534	337	19	14	519	480	976	1.16e-14	77.4
g98.t1	VFG015908(gb|WP_164920478)	24.578	533	338	20	8	517	5870	6361	1.52e-14	77.0
g98.t1	VFG015908(gb|WP_164920478)	24.771	545	336	21	5	519	8023	8523	7.20e-14	75.1
g98.t1	VFG015908(gb|WP_164920478)	25.451	554	315	25	13	519	6933	7435	4.23e-12	69.3
g98.t1	VFG015908(gb|WP_164920478)	24.304	539	350	20	9	521	3736	4242	1.58e-10	64.3
g98.t1	VFG015908(gb|WP_164920478)	23.679	549	337	19	9	519	2649	3153	1.93e-08	57.4
g98.t1	VFG024028(gb|WP_014382292)	23.933	539	355	18	9	523	37	544	1.41e-18	89.0
g98.t1	VFG050022(gb|WP_000955347)	24.242	528	341	18	14	517	33	525	1.48e-18	88.6
g98.t1	VFG050154(gb|WP_001133949)	25.139	541	323	23	12	519	464	955	1.58e-18	89.7
g98.t1	VFG050154(gb|WP_001133949)	23.466	554	343	23	5	519	1517	2028	9.55e-12	68.2
g98.t1	VFG050156(gb|WP_001133891)	24.670	531	333	19	14	519	467	955	1.66e-18	89.7
g98.t1	VFG050156(gb|WP_001133891)	22.385	545	360	17	5	519	1517	2028	4.88e-12	68.9
g98.t1	VFG029285(gb|WP_015303654)	25.840	476	309	15	50	517	47	486	1.77e-18	89.0
g98.t1	VFG024741(gb|WP_012393569)	26.804	485	301	18	46	517	43	486	1.83e-18	89.0
g98.t1	VFG029288(gb|WP_015355157)	26.804	485	301	18	46	517	43	486	1.87e-18	89.0
g98.t1	VFG050044(gb|WP_001133941)	24.680	547	338	21	12	528	464	966	2.84e-18	89.0
g98.t1	VFG050044(gb|WP_001133941)	23.146	553	346	22	5	519	1517	2028	2.13e-11	67.0
g98.t1	VFG029301(gb|YP_005924089)	25.840	476	309	16	50	517	47	486	2.87e-18	88.2
g98.t1	VFG037322(gb|WP_000744367)	22.852	512	342	16	30	517	50	532	3.08e-18	87.8
g98.t1	VFG037313(gb|WP_000744364)	22.852	512	342	16	30	517	50	532	3.25e-18	87.8
g98.t1	VFG026660(gb|WP_020822192)	23.748	539	356	18	9	523	37	544	3.36e-18	87.4
g98.t1	VFG037316(gb|WP_000744381)	22.852	512	342	16	30	517	50	532	3.61e-18	87.4
g98.t1	VFG024027(gb|WP_014711360)	23.748	539	356	18	9	523	37	544	4.05e-18	87.4
g98.t1	VFG016064(gb|WP_010954996)	26.353	573	338	29	3	516	6	553	4.75e-18	88.2
g98.t1	VFG016064(gb|WP_010954996)	23.340	527	348	15	15	517	2186	2680	4.72e-10	62.8
g98.t1	VFG016064(gb|WP_010954996)	24.132	547	345	20	8	531	1127	1626	3.50e-09	59.7
g98.t1	VFG050023(gb|WP_000955356)	24.219	512	331	17	30	517	47	525	5.05e-18	87.0
g98.t1	VFG050018(gb|WP_000955353)	24.053	528	342	18	14	517	33	525	5.23e-18	87.0
g98.t1	VFG000161(gb|NP_251089)	24.254	536	348	15	7	517	1564	2066	5.25e-18	88.2
g98.t1	VFG000161(gb|NP_251089)	24.254	536	348	15	7	517	503	1005	5.78e-18	87.8
g98.t1	VFG016037(gb|WP_011062375)	25.281	534	342	17	15	530	1593	2087	5.73e-18	87.8
g98.t1	VFG016037(gb|WP_011062375)	23.684	532	346	20	15	519	521	1019	4.12e-10	62.8
g98.t1	VFG037315(gb|WP_000744371)	22.656	512	343	16	30	517	50	532	5.78e-18	87.0
g98.t1	VFG024746(gb|WP_010907553)	26.680	491	294	20	50	521	47	490	5.83e-18	87.4
g98.t1	VFG050038(gb|WP_001133934)	24.390	533	332	18	14	519	467	955	6.39e-18	87.8
g98.t1	VFG050038(gb|WP_001133934)	23.327	553	343	23	4	517	1516	2026	6.89e-12	68.6
g98.t1	VFG029287(gb|WP_015294050)	25.840	476	309	15	50	517	47	486	6.69e-18	87.0
g98.t1	VFG024743(gb|WP_014001501)	25.474	475	312	15	50	517	47	486	7.18e-18	87.0
g98.t1	VFG050035(gb|WP_001133943)	25.508	541	321	22	12	519	464	955	8.02e-18	87.4
g98.t1	VFG050035(gb|WP_001133943)	23.679	549	340	22	9	519	1521	2028	2.53e-11	66.6
g98.t1	VFG016061(gb|WP_162839071)	25.213	587	327	29	3	516	6	553	1.07e-17	87.0
g98.t1	VFG016061(gb|WP_162839071)	24.525	526	331	21	15	517	1144	1626	2.82e-12	69.7
g98.t1	VFG016061(gb|WP_162839071)	23.836	537	339	18	14	519	2200	2697	5.46e-10	62.4
g98.t1	VFG016061(gb|WP_162839071)	23.063	542	341	21	12	519	3729	4228	7.66e-07	52.4
g98.t1	VFG037314(gb|WP_000744369)	22.656	512	343	16	30	517	50	532	1.62e-17	85.5
g98.t1	VFG016065(gb|WP_012051699)	25.659	569	347	27	3	516	6	553	1.70e-17	86.7
g98.t1	VFG016065(gb|WP_012051699)	23.719	527	346	16	15	517	2186	2680	8.06e-12	68.6
g98.t1	VFG016065(gb|WP_012051699)	24.132	547	345	20	8	531	1127	1626	6.22e-09	58.9
g98.t1	VFG029286(gb|WP_015291069)	25.732	478	307	16	50	517	47	486	2.06e-17	85.5
g98.t1	VFG016175(gb|WP_011168856)	25.344	509	337	15	30	521	39	521	2.22e-17	85.1
g98.t1	VFG016045(gb|WP_011062374)	25.094	534	343	17	15	530	514	1008	2.63e-17	85.9
g98.t1	VFG016045(gb|WP_011062374)	23.352	531	345	16	14	517	2018	2513	4.34e-09	59.7
g98.t1	VFG016132(gb|WP_011061776)	23.471	507	357	12	29	523	51	538	2.98e-17	84.7
g98.t1	VFG037317(gb|YP_001085402)	22.656	512	343	16	30	517	21	503	3.13e-17	84.3
g98.t1	VFG009533(gb|WP_011729889)	26.515	528	325	15	10	518	556	1039	3.95e-17	85.1
g98.t1	VFG009546(gb|WP_071497738)	25.049	515	332	19	29	519	58	542	4.66e-17	84.0
g98.t1	VFG022737(gb|YP_001702982)	24.710	518	336	18	29	522	62	549	4.75e-17	84.0
g98.t1	VFG016032(gb|WP_011666646)	24.067	536	349	15	7	517	503	1005	7.63e-17	84.3
g98.t1	VFG016032(gb|WP_011666646)	23.881	536	350	15	7	517	1564	2066	1.57e-16	83.6
g98.t1	VFG001817(gb|NP_216900)	25.646	542	335	18	9	517	42	548	1.06e-16	82.8
g98.t1	VFG016042(gb|WP_161440564)	25.417	539	347	22	5	519	1566	2073	1.07e-16	84.0
g98.t1	VFG016042(gb|WP_161440564)	25.714	490	279	24	11	466	3089	3527	2.32e-09	60.5
g98.t1	VFG016042(gb|WP_161440564)	25.607	535	329	22	11	517	514	1007	1.45e-08	57.8
g98.t1	VFG016042(gb|WP_161440564)	24.067	536	340	18	8	517	4136	4630	2.36e-08	57.0
g98.t1	VFG050045(gb|WP_001133952)	24.584	541	326	21	12	519	464	955	1.25e-16	83.6
g98.t1	VFG050045(gb|WP_001133952)	22.966	553	347	22	5	519	1517	2028	6.67e-11	65.5
g98.t1	VFG007203(gb|WP_011152543)	24.016	508	339	16	32	517	52	534	1.32e-16	82.8
g98.t1	VFG015827(gb|WP_012315395)	26.072	583	327	31	3	516	6	553	1.48e-16	83.6
g98.t1	VFG015827(gb|WP_012315395)	26.460	548	325	25	8	528	1127	1623	3.30e-14	75.9
g98.t1	VFG015827(gb|WP_012315395)	23.315	549	342	17	5	517	2175	2680	2.85e-13	73.2
g98.t1	VFG022736(gb|WP_012395312)	25.000	496	320	17	47	519	76	542	1.64e-16	82.4
g98.t1	VFG026645(gb|WP_015356488)	25.000	496	320	17	47	519	76	542	1.68e-16	82.4
g98.t1	VFG026646(gb|WP_005058867)	24.663	519	337	18	29	523	62	550	1.92e-16	82.0
g98.t1	VFG026640(gb|WP_016342530)	24.663	519	337	18	29	523	62	550	2.01e-16	82.0
g98.t1	VFG015911(gb|WP_011267820)	25.357	560	350	22	2	532	16	536	2.24e-16	82.0
g98.t1	VFG026642(gb|WP_015303464)	25.414	543	335	19	9	517	42	548	2.41e-16	82.0
g98.t1	VFG022739(gb|WP_014001248)	25.688	545	331	19	9	517	42	548	2.66e-16	81.6
g98.t1	VFG015863(gb|WP_005894383)	25.047	535	318	18	18	519	13	497	3.03e-16	81.3
g98.t1	VFG018292(gb|WP_004692639)	24.144	526	348	19	14	517	33	529	3.63e-16	81.3
g98.t1	VFG050041(gb|WP_011198384)	26.852	540	335	22	4	523	457	956	3.87e-16	82.0
g98.t1	VFG050041(gb|WP_011198384)	24.453	548	346	21	4	517	1513	2026	1.63e-15	80.1
g98.t1	VFG050040(gb|WP_001133940)	23.364	535	340	21	12	519	464	955	4.07e-16	82.0
g98.t1	VFG050040(gb|WP_001133940)	22.966	553	347	22	5	519	1517	2028	2.48e-11	66.6
g98.t1	VFG026623(gb|WP_015293658)	26.190	546	333	17	5	527	549	1047	4.42e-16	81.6
g98.t1	VFG007202(gb|WP_011081753)	23.819	508	340	16	32	517	52	534	4.55e-16	80.9
g98.t1	VFG026644(gb|WP_015293659)	25.461	542	336	18	9	517	42	548	6.54e-16	80.5
g98.t1	VFG026622(gb|WP_015290627)	26.460	548	329	18	5	527	549	1047	7.99e-16	80.9
g98.t1	VFG050043(gb|NP_391076)	25.189	528	341	22	9	519	460	950	8.52e-16	80.9
g98.t1	VFG050043(gb|NP_391076)	22.913	563	341	21	3	519	1510	2025	4.18e-13	72.4
g98.t1	VFG011609(gb|WP_006191558)	23.954	526	349	19	14	517	33	529	8.62e-16	80.1
g98.t1	VFG016060(gb|WP_003139218)	25.376	599	310	32	3	516	6	552	9.25e-16	80.9
g98.t1	VFG016060(gb|WP_003139218)	24.248	532	331	18	20	519	2200	2691	3.43e-07	53.5
g98.t1	VFG016060(gb|WP_003139218)	25.624	441	270	21	15	433	1137	1541	6.14e-07	52.8
g98.t1	VFG044367(gb|WP_013318791)	23.518	506	346	15	30	517	45	527	1.21e-15	79.7
g98.t1	VFG011606(gb|WP_011005507)	24.340	530	342	21	14	517	33	529	1.23e-15	79.7
g98.t1	VFG009549(gb|WP_011781018)	24.615	520	340	18	29	523	58	550	1.30e-15	79.3
g98.t1	VFG026643(gb|WP_015290628)	25.321	545	333	19	9	517	42	548	1.33e-15	79.3
g98.t1	VFG016062(gb|WP_165446461)	24.269	581	340	25	3	516	6	553	1.50e-15	80.5
g98.t1	VFG016062(gb|WP_165446461)	24.335	526	334	21	14	517	1143	1626	8.41e-11	65.1
g98.t1	VFG016062(gb|WP_165446461)	22.593	540	342	16	14	519	2200	2697	5.37e-08	55.8
g98.t1	VFG016066(gb|WP_011533065)	25.997	577	335	30	3	516	6	553	1.79e-15	80.1
g98.t1	VFG016066(gb|WP_011533065)	24.294	531	342	17	15	519	2184	2680	1.15e-12	71.2
g98.t1	VFG016066(gb|WP_011533065)	24.314	547	344	20	5	528	1122	1621	6.12e-11	65.5
g98.t1	VFG020074(gb|WP_012614121)	25.376	599	310	32	3	516	6	552	1.95e-15	80.1
g98.t1	VFG020074(gb|WP_012614121)	24.665	523	327	22	15	512	1137	1617	7.40e-07	52.4
g98.t1	VFG020074(gb|WP_012614121)	24.288	527	337	18	20	519	2200	2691	1.20e-06	51.6
g98.t1	VFG011607(gb|WP_002969261)	23.764	526	350	18	14	517	33	529	2.30e-15	78.6
g98.t1	VFG019335(gb|WP_004686826)	23.954	526	349	19	14	517	33	529	2.69e-15	78.6
g98.t1	VFG024047(gb|WP_013472309)	28.645	391	208	19	163	514	155	513	4.26e-15	77.8
g98.t1	VFG016063(gb|WP_166486371)	25.779	578	335	27	3	516	6	553	4.59e-15	79.0
g98.t1	VFG016063(gb|WP_166486371)	25.143	525	329	20	15	517	1144	1626	9.96e-13	71.2
g98.t1	VFG016063(gb|WP_166486371)	22.407	540	343	16	14	519	2200	2697	8.90e-08	55.5
g98.t1	VFG016063(gb|WP_166486371)	23.421	380	236	14	166	519	3878	4228	4.11e-07	53.1
g98.t1	VFG016067(gb|WP_011062464)	26.554	531	327	24	10	517	1135	1625	4.63e-15	79.0
g98.t1	VFG016067(gb|WP_011062464)	25.650	577	337	26	3	516	6	553	5.28e-15	78.6
g98.t1	VFG016067(gb|WP_011062464)	21.923	520	366	13	14	517	2199	2694	4.23e-09	59.7
g98.t1	VFG049156(gb|WP_077265119)	23.562	539	352	15	5	528	477	970	5.27e-15	78.6
g98.t1	VFG049156(gb|WP_077265119)	21.881	553	365	18	5	529	1523	2036	1.46e-06	51.2
g98.t1	VFG043685(gb|WP_001468003)	23.562	539	352	15	5	528	500	993	6.22e-15	78.2
g98.t1	VFG043685(gb|WP_001468003)	26.316	209	136	6	5	211	1546	1738	6.03e-06	49.3
g98.t1	VFG016058(gb|NP_251114)	25.209	599	311	32	3	516	6	552	6.61e-15	78.2
g98.t1	VFG016058(gb|NP_251114)	24.665	523	327	22	15	512	1137	1617	5.98e-07	52.8
g98.t1	VFG016058(gb|NP_251114)	24.288	527	337	18	20	519	2200	2691	1.20e-06	51.6
g98.t1	VFG011610(gb|WP_006014905)	25.503	298	196	10	228	517	250	529	8.03e-15	77.0
g98.t1	VFG048490(gb|WP_014837772)	24.214	541	348	16	4	517	452	957	8.06e-15	77.8
g98.t1	VFG026649(gb|WP_015575197)	25.202	496	307	16	51	517	83	543	8.62e-15	77.0
g98.t1	VFG026621(gb|WP_015303463)	26.519	543	335	17	5	527	549	1047	9.34e-15	77.4
g98.t1	VFG026628(gb|WP_003902259)	25.824	546	335	17	5	527	549	1047	1.15e-14	77.4
g98.t1	VFG001403(gb|NP_216899)	26.007	546	334	17	5	527	549	1047	1.15e-14	77.4
g98.t1	VFG009527(gb|WP_010924520)	26.007	546	334	17	5	527	549	1047	1.16e-14	77.4
g98.t1	VFG016059(gb|WP_012075639)	24.667	600	313	29	3	516	6	552	1.18e-14	77.4
g98.t1	VFG016059(gb|WP_012075639)	25.624	441	270	21	15	433	1137	1541	1.49e-07	54.7
g98.t1	VFG022732(gb|WP_014001247)	26.007	546	334	17	5	527	549	1047	1.24e-14	77.0
g98.t1	VFG009528(gb|WP_010950705)	26.007	546	334	17	5	527	549	1047	1.24e-14	77.0
g98.t1	VFG009529(gb|WP_011799261)	26.007	546	334	17	5	527	549	1047	1.34e-14	77.0
g98.t1	VFG022731(gb|WP_003910556)	26.007	546	334	17	5	527	549	1047	1.49e-14	77.0
g98.t1	VFG048578(gb|WP_014907269)	25.482	467	283	16	12	454	572	997	1.53e-14	77.0
g98.t1	VFG024754(gb|WP_011740062)	26.186	485	304	17	46	517	43	486	2.14e-14	75.9
g98.t1	VFG015822(gb|WP_190273339)	25.139	541	343	18	11	527	1082	1584	2.34e-14	76.3
g98.t1	VFG015822(gb|WP_190273339)	25.333	525	326	22	16	517	48	529	2.58e-07	53.5
g98.t1	VFG026535(gb|WP_041180865)	24.624	532	328	16	8	519	468	946	2.44e-14	76.3
g98.t1	VFG029166(gb|WP_020822587)	28.871	381	218	18	161	514	157	511	2.72e-14	75.1
g98.t1	VFG048491(gb|WP_014228351)	24.030	541	349	16	4	517	452	957	2.96e-14	75.9
g98.t1	VFG044393(gb|AAF33134)	26.478	389	252	12	143	521	191	555	3.09e-14	75.1
g98.t1	VFG050114(gb|WP_000953496)	23.927	606	318	31	1	518	179	729	5.16e-14	75.5
g98.t1	VFG050114(gb|WP_000953496)	28.477	151	92	4	34	184	1857	1991	4.34e-07	53.1
g98.t1	VFG022704(gb|WP_041180276)	24.624	532	328	16	8	519	468	946	5.33e-14	75.1
g98.t1	VFG022742(gb|WP_049793010)	24.151	530	361	18	9	519	36	543	5.48e-14	74.3
g98.t1	VFG026533(gb|WP_041179918)	24.575	529	326	16	11	519	471	946	5.96e-14	75.1
g98.t1	VFG029705(gb|WP_016893944)	25.281	534	335	18	15	524	1977	2470	6.52e-14	75.1
g98.t1	VFG029705(gb|WP_016893944)	23.819	529	345	14	5	519	460	944	4.30e-12	69.3
g98.t1	VFG026532(gb|WP_041930680)	24.673	535	324	17	8	519	468	946	7.53e-14	74.7
g98.t1	VFG029722(gb|WP_011725353)	25.319	549	326	20	5	526	39	530	7.77e-14	74.7
g98.t1	VFG029722(gb|WP_011725353)	24.722	449	280	14	15	447	1544	1950	9.23e-10	61.6
g98.t1	VFG009475(gb|WP_011724536)	22.993	548	344	13	2	524	466	960	8.32e-14	74.7
g98.t1	VFG012565(gb|WP_001088833)	22.814	526	340	17	29	527	35	521	8.54e-14	73.6
g98.t1	VFG016182(gb|WP_011104107)	25.673	483	294	17	10	469	570	1010	1.04e-13	74.3
g98.t1	VFG009477(gb|WP_011729885)	25.047	527	327	19	14	519	472	951	1.11e-13	74.3
g98.t1	VFG034168(gb|WP_001088830)	22.814	526	340	17	29	527	35	521	1.64e-13	72.8
g98.t1	VFG029690(gb|YP_001704826)	25.094	534	336	18	15	524	1977	2470	1.69e-13	73.6
g98.t1	VFG029690(gb|YP_001704826)	23.719	527	348	12	5	519	460	944	4.86e-11	65.9
g98.t1	VFG026534(gb|WP_041181523)	24.575	529	326	16	11	519	471	946	1.97e-13	73.2
g98.t1	VFG012998(gb|NP_706441)	22.479	476	301	14	3	448	455	892	2.19e-13	73.2
g98.t1	VFG034174(gb|WP_001088834)	22.814	526	340	17	29	527	35	521	2.23e-13	72.4
g98.t1	VFG048577(gb|WP_014229383)	24.364	472	282	16	12	454	572	997	2.25e-13	73.2
g98.t1	VFG009480(gb|WP_011856105)	24.381	525	321	15	14	518	474	942	2.28e-13	73.2
g98.t1	VFG009547(gb|WP_029104139)	25.047	535	348	22	8	517	26	532	2.48e-13	72.4
g98.t1	VFG034165(gb|WP_001088818)	22.814	526	340	17	29	527	35	521	2.54e-13	72.4
g98.t1	VFG034160(gb|WP_001088819)	22.814	526	340	17	29	527	35	521	2.54e-13	72.4
g98.t1	VFG009495(gb|WP_011560849)	26.079	556	312	25	5	524	490	982	2.56e-13	73.2
g98.t1	VFG013000(gb|WP_000077743)	22.479	476	301	14	3	448	455	892	2.59e-13	72.8
g98.t1	VFG029160(gb|YP_007957460)	28.646	384	222	19	160	514	150	510	2.78e-13	72.4
g98.t1	VFG048576(gb|WP_014838501)	24.364	472	282	16	12	454	572	997	2.80e-13	72.8
g98.t1	VFG003500(gb|WP_005168666)	22.978	544	367	18	3	527	11	521	2.83e-13	72.0
g98.t1	VFG034164(gb|WP_001088823)	22.710	524	343	16	29	527	35	521	2.95e-13	72.0
g98.t1	VFG029158(gb|WP_014585515)	28.646	384	222	19	160	514	150	510	3.09e-13	72.0
g98.t1	VFG009548(gb|WP_011893571)	25.093	538	356	21	9	524	44	556	3.09e-13	72.0
g98.t1	VFG009494(gb|WP_011856106)	25.912	548	310	24	5	519	490	974	3.26e-13	72.8
g98.t1	VFG016044(gb|WP_011534374)	25.283	530	330	22	15	517	521	1011	3.46e-13	72.8
g98.t1	VFG016044(gb|WP_011534374)	22.631	517	320	19	34	519	1598	2065	3.86e-06	50.1
g98.t1	VFG034175(gb|WP_001089765)	22.814	526	340	17	29	527	35	521	3.46e-13	71.6
g98.t1	VFG024025(gb|WP_013471365)	25.093	538	356	21	9	524	49	561	3.61e-13	72.0
g98.t1	VFG048493(gb|WP_012542492)	23.333	540	354	15	4	517	452	957	3.69e-13	72.4
g98.t1	VFG044332(gb|WP_015874967)	22.814	526	340	17	29	527	35	521	3.84e-13	71.6
g98.t1	VFG029723(gb|WP_011726917)	23.949	547	319	18	5	519	40	521	3.87e-13	72.4
g98.t1	VFG029723(gb|WP_011726917)	23.738	535	335	16	5	519	1534	2015	8.28e-07	52.0
g98.t1	VFG029150(gb|WP_015292873)	28.385	384	223	19	160	514	150	510	3.98e-13	71.6
g98.t1	VFG029149(gb|WP_015289783)	28.646	384	222	19	160	514	150	510	4.24e-13	71.6
g98.t1	VFG000359(gb|WP_001088826)	22.814	526	340	17	29	527	35	521	4.39e-13	71.6
g98.t1	VFG048594(gb|YP_005227770)	22.814	526	340	17	29	527	35	521	4.39e-13	71.6
g98.t1	VFG012564(gb|WP_001088826)	22.814	526	340	17	29	527	35	521	4.39e-13	71.6
g98.t1	VFG001393(gb|NP_215861)	28.646	384	222	19	160	514	150	510	4.58e-13	71.2
g98.t1	VFG048593(gb|WP_014907267)	22.814	526	340	17	29	527	35	521	4.96e-13	71.2
g98.t1	VFG015823(gb|WP_012315380)	25.048	519	342	16	15	517	2005	2492	7.05e-13	71.6
g98.t1	VFG015823(gb|WP_012315380)	23.962	530	325	22	15	517	520	998	1.09e-09	61.6
g98.t1	VFG032791(gb|WP_011701785)	22.000	550	347	23	4	517	1	504	7.39e-13	70.9
g98.t1	VFG050115(gb|WP_002081542)	21.956	501	301	19	2	442	96	566	7.54e-13	71.6
g98.t1	VFG026654(gb|YP_007958424)	26.110	383	236	13	151	517	48	399	7.94e-13	70.1
g98.t1	VFG009534(gb|WP_041800014)	25.000	472	281	14	6	451	545	969	7.97e-13	71.2
g98.t1	VFG048497(gb|WP_041937591)	23.321	536	359	13	4	517	452	957	1.03e-12	70.9
g98.t1	VFG024019(gb|WP_099961554)	24.895	474	279	13	6	451	543	967	1.10e-12	70.9
g98.t1	VFG024050(gb|WP_008256952)	28.346	381	220	18	161	514	157	511	1.11e-12	70.1
g98.t1	VFG009536(gb|WP_011856110)	26.119	536	324	20	10	522	552	1038	1.12e-12	70.9
g98.t1	VFG043687(gb|WP_001304254)	26.452	465	273	17	7	445	985	1406	1.29e-12	70.9
g98.t1	VFG043687(gb|WP_001304254)	23.684	570	344	22	1	531	7	524	3.86e-10	62.8
g98.t1	VFG049154(gb|WP_014907257)	26.452	465	273	17	7	445	985	1406	1.31e-12	70.9
g98.t1	VFG049154(gb|WP_014907257)	23.684	570	344	22	1	531	7	524	4.00e-10	62.8
g98.t1	VFG012566(gb|WP_001088828)	22.624	526	341	17	29	527	35	521	1.37e-12	70.1
g98.t1	VFG024048(gb|WP_014942139)	28.346	381	220	18	161	514	157	511	1.38e-12	70.1
g98.t1	VFG021822(gb|WP_011779183)	31.197	234	129	10	309	528	311	526	1.49e-12	69.7
g98.t1	VFG048498(gb|WP_012737619)	23.321	536	359	13	4	517	452	957	1.53e-12	70.5
g98.t1	VFG016183(gb|WP_011168852)	25.052	483	297	17	10	469	570	1010	1.63e-12	70.5
g98.t1	VFG048494(gb|YP_005225740)	23.321	536	359	13	4	517	452	957	1.86e-12	70.1
g98.t1	VFG009482(gb|WP_011560848)	23.810	525	325	15	14	518	474	943	2.23e-12	70.1
g98.t1	VFG022735(gb|WP_013828465)	25.368	544	312	19	13	518	556	1043	2.32e-12	69.7
g98.t1	VFG009481(gb|WP_208856696)	23.810	525	325	15	14	518	460	929	2.39e-12	69.7
g98.t1	VFG029155(gb|YP_007961258)	28.497	386	218	20	160	514	70	428	2.47e-12	68.9
g98.t1	VFG024769(gb|WP_085979885)	24.207	599	345	24	6	524	4	573	2.49e-12	69.3
g98.t1	VFG029727(gb|WP_014711949)	24.590	549	331	18	3	526	37	527	2.72e-12	69.7
g98.t1	VFG029727(gb|WP_014711949)	24.944	449	279	14	15	447	1544	1950	1.28e-09	61.2
g98.t1	VFG029325(gb|WP_085981911)	24.196	591	339	24	6	516	4	565	2.72e-12	68.9
g98.t1	VFG009531(gb|WP_023870986)	25.991	454	281	14	10	445	555	971	3.00e-12	69.3
g98.t1	VFG024782(gb|WP_094987164)	23.639	588	346	22	6	516	4	565	3.10e-12	68.9
g98.t1	VFG020071(gb|WP_012723748)	26.306	555	322	26	5	517	496	1005	3.22e-12	69.7
g98.t1	VFG020071(gb|WP_012723748)	24.308	506	319	20	34	517	3111	3574	2.27e-09	60.5
g98.t1	VFG024024(gb|WP_014379793)	25.472	530	328	16	10	518	557	1040	3.76e-12	69.3
g98.t1	VFG044315(gb|WP_012492605)	24.584	541	335	22	11	519	2616	3115	3.79e-12	69.3
g98.t1	VFG044315(gb|WP_012492605)	24.909	550	334	22	1	517	1	504	3.40e-11	66.2
g98.t1	VFG016040(gb|WP_078463717)	25.370	540	340	21	4	517	473	975	4.34e-12	69.3
g98.t1	VFG016038(gb|NP_251090)	25.508	541	338	21	4	517	473	975	4.46e-12	68.9
g98.t1	VFG024049(gb|WP_014711686)	28.084	381	221	18	161	514	157	511	4.50e-12	68.2
g98.t1	VFG029733(gb|WP_020822858)	24.680	547	329	18	5	526	39	527	4.79e-12	68.9
g98.t1	VFG029733(gb|WP_020822858)	24.499	449	281	14	15	447	1544	1950	5.22e-08	55.8
g98.t1	VFG021860(gb|WP_011726611)	25.277	542	350	18	2	519	21	531	4.82e-12	68.9
g98.t1	VFG021860(gb|WP_011726611)	26.134	551	306	19	2	523	6695	7173	1.95e-11	67.0
g98.t1	VFG021860(gb|WP_011726611)	24.767	537	315	21	14	517	4129	4609	2.85e-11	66.6
g98.t1	VFG021860(gb|WP_011726611)	25.000	316	166	10	162	447	1681	1955	2.69e-07	53.9
g98.t1	VFG022399(gb|WP_013829512)	22.519	524	338	15	58	527	64	573	4.95e-12	68.2
g98.t1	VFG044432(gb|CAJ45639)	23.602	483	303	18	68	517	526	975	5.33e-12	68.9
g98.t1	VFG044432(gb|CAJ45639)	20.887	541	366	18	6	517	1983	2490	1.99e-08	57.4
g98.t1	VFG034170(gb|WP_001088812)	22.433	526	342	17	29	527	35	521	5.64e-12	68.2
g98.t1	VFG032819(gb|WP_014092401)	21.612	546	354	23	4	517	1	504	6.52e-12	67.8
g98.t1	VFG029717(gb|YP_005923762)	24.893	466	278	17	36	448	88	534	6.83e-12	68.2
g98.t1	VFG020317(gb|WP_012614130)	23.396	530	349	18	6	517	510	1000	8.39e-12	68.2
g98.t1	VFG007776(gb|WP_011780336)	22.781	597	358	22	1	516	1	575	9.95e-12	67.4
g98.t1	VFG012997(gb|WP_000077781)	21.941	474	303	13	4	448	453	888	1.05e-11	67.8
g98.t1	VFG044299(gb|WP_012368439)	22.075	453	317	12	4	445	547	974	1.10e-11	67.8
g98.t1	VFG029730(gb|WP_009953336)	24.497	547	330	18	5	526	39	527	1.17e-11	67.8
g98.t1	VFG029730(gb|WP_009953336)	24.944	449	279	14	15	447	1544	1950	1.17e-09	61.2
g98.t1	VFG029729(gb|WP_014385155)	24.497	547	330	18	5	526	39	527	1.20e-11	67.8
g98.t1	VFG029729(gb|WP_014385155)	24.944	449	279	14	15	447	1544	1950	1.25e-09	61.2
g98.t1	VFG009530(gb|WP_010949506)	26.211	454	280	14	10	445	555	971	1.24e-11	67.4
g98.t1	VFG029728(gb|WP_014382788)	24.497	547	330	18	5	526	39	527	1.34e-11	67.8
g98.t1	VFG029728(gb|WP_014382788)	24.944	449	279	14	15	447	1544	1950	8.04e-10	62.0
g98.t1	VFG016041(gb|NP_251092)	25.232	539	324	25	9	519	513	1000	1.34e-11	67.8
g98.t1	VFG016041(gb|NP_251092)	24.575	529	336	22	9	517	3040	3525	4.31e-11	65.9
g98.t1	VFG001820(gb|NP_216895)	24.242	528	335	15	8	519	473	951	1.45e-11	67.4
g98.t1	VFG009470(gb|WP_023637453)	24.432	528	334	15	8	519	468	946	1.46e-11	67.4
g98.t1	VFG026540(gb|WP_015575196)	24.242	528	335	15	8	519	473	951	1.56e-11	67.4
g98.t1	VFG026548(gb|YP_005923574)	24.242	528	335	15	8	519	473	951	1.70e-11	67.0
g98.t1	VFG007775(gb|WP_011894256)	26.702	191	119	5	353	528	398	582	1.80e-11	66.6
g98.t1	VFG009471(gb|WP_003917623)	24.432	528	334	15	8	519	468	946	1.82e-11	67.0
g98.t1	VFG009472(gb|WP_031657277)	24.432	528	334	15	8	519	468	946	1.85e-11	67.0
g98.t1	VFG009538(gb|WP_011560853)	25.331	529	337	17	10	522	552	1038	1.94e-11	67.0
g98.t1	VFG009537(gb|WP_208856635)	25.331	529	337	17	10	522	603	1089	2.14e-11	66.6
g98.t1	VFG029726(gb|WP_014942394)	24.314	547	331	18	5	526	39	527	2.38e-11	66.6
g98.t1	VFG029726(gb|WP_014942394)	24.944	449	279	14	15	447	1544	1950	1.98e-09	60.5
g98.t1	VFG022729(gb|WP_012395305)	24.499	449	289	12	13	444	563	978	3.04e-11	66.2
g98.t1	VFG029151(gb|WP_005059131)	24.455	413	247	12	158	519	148	546	3.50e-11	65.5
g98.t1	VFG034106(gb|WP_021565660)	25.482	467	283	16	12	454	239	664	3.83e-11	65.9
g98.t1	VFG023998(gb|WP_014379796)	23.475	541	347	15	5	526	469	961	3.89e-11	65.9
g98.t1	VFG023999(gb|WP_014384382)	23.475	541	347	15	5	526	469	961	4.13e-11	65.9
g98.t1	VFG020069(gb|WP_148235954)	24.860	535	350	17	15	528	509	1012	4.50e-11	65.9
g98.t1	VFG020069(gb|WP_148235954)	23.930	514	313	17	34	517	3550	4015	5.04e-07	52.8
g98.t1	VFG034108(gb|WP_000623037)	25.482	467	283	16	12	454	572	997	4.68e-11	65.9
g98.t1	VFG034107(gb|WP_000623036)	25.482	467	283	16	12	454	572	997	4.76e-11	65.9
g98.t1	VFG024021(gb|WP_041297820)	25.094	530	330	16	10	518	557	1040	4.76e-11	65.5
g98.t1	VFG034098(gb|WP_000623046)	25.482	467	283	16	12	454	572	997	5.18e-11	65.5
g98.t1	VFG044328(gb|WP_015874963)	25.322	466	285	15	12	454	572	997	5.65e-11	65.5
g98.t1	VFG034100(gb|WP_000623045)	25.322	466	285	15	12	454	572	997	6.05e-11	65.5
g98.t1	VFG034096(gb|WP_000623033)	25.482	467	283	16	12	454	572	997	6.21e-11	65.5
g98.t1	VFG012549(gb|WP_000623043)	25.322	466	285	15	12	454	572	997	6.37e-11	65.5
g98.t1	VFG017459(gb|WP_023641714)	24.157	534	328	15	8	519	468	946	6.50e-11	65.1
g98.t1	VFG018921(gb|WP_012229554)	25.322	466	285	15	12	454	572	997	6.54e-11	65.5
g98.t1	VFG034102(gb|WP_000623034)	25.322	466	285	15	12	454	572	997	6.77e-11	65.5
g98.t1	VFG000363(gb|WP_002212775)	25.322	466	285	15	12	454	572	997	6.83e-11	65.1
g98.t1	VFG020070(gb|WP_012614131)	24.449	544	361	16	5	528	502	1015	7.97e-11	64.7
g98.t1	VFG024002(gb|WP_008255566)	24.112	535	328	21	6	517	494	973	1.04e-10	64.7
g98.t1	VFG024002(gb|WP_008255566)	23.106	528	338	15	27	523	1575	2065	1.01e-08	58.2
g98.t1	VFG026638(gb|WP_020822193)	24.906	530	331	16	10	518	557	1040	1.06e-10	64.3
g98.t1	VFG029967(gb|WP_015292753)	24.074	594	334	24	6	516	4	563	1.13e-10	63.9
g98.t1	VFG024004(gb|WP_014382296)	24.112	535	328	21	6	517	494	973	1.16e-10	64.7
g98.t1	VFG024004(gb|WP_014382296)	23.251	529	336	16	27	523	1575	2065	6.36e-09	58.9
g98.t1	VFG048579(gb|YP_005227766)	24.893	466	287	14	12	454	572	997	1.19e-10	64.3
g98.t1	VFG034101(gb|WP_000623067)	24.893	466	287	14	12	454	572	997	1.20e-10	64.3
g98.t1	VFG009551(gb|WP_011560854)	24.170	542	345	21	12	522	42	548	1.30e-10	63.5
g98.t1	VFG024020(gb|WP_014941687)	24.952	525	337	15	10	518	557	1040	1.32e-10	64.3
g98.t1	VFG029721(gb|WP_015304389)	24.670	531	328	18	15	519	1953	2437	1.38e-10	64.3
g98.t1	VFG029721(gb|WP_015304389)	24.183	459	287	15	5	445	458	873	5.92e-09	58.9
g98.t1	VFG026624(gb|WP_015356481)	24.053	449	291	12	13	444	563	978	1.55e-10	63.9
g98.t1	VFG034097(gb|WP_000623050)	25.268	467	284	16	12	454	572	997	1.57e-10	63.9
g98.t1	VFG044316(gb|WP_012492606)	26.692	517	325	22	28	519	531	1018	1.66e-10	63.9
g98.t1	VFG012548(gb|WP_000623031)	25.268	467	284	16	12	454	572	997	1.74e-10	63.9
g98.t1	VFG044413(gb|AAR12528)	21.956	542	353	16	11	525	458	956	1.74e-10	63.9
g98.t1	VFG034099(gb|WP_000623032)	25.268	467	284	16	12	454	572	997	1.98e-10	63.9
g98.t1	VFG026536(gb|WP_015356482)	24.167	480	316	16	2	463	450	899	2.02e-10	63.5
g98.t1	VFG023997(gb|WP_008255569)	23.633	512	326	14	34	526	496	961	2.05e-10	63.5
g98.t1	VFG026573(gb|WP_020822197)	23.925	535	329	20	6	517	494	973	2.20e-10	63.5
g98.t1	VFG026573(gb|WP_020822197)	23.819	529	333	17	27	523	1575	2065	3.15e-09	60.1
g98.t1	VFG022701(gb|WP_012395306)	23.750	480	318	15	2	463	450	899	2.21e-10	63.5
g98.t1	VFG029966(gb|WP_015289640)	30.058	173	99	6	362	516	395	563	2.30e-10	63.2
g98.t1	VFG008956(gb|WP_015294037)	27.064	218	130	9	325	524	368	574	2.56e-10	62.8
g98.t1	VFG029697(gb|WP_014711950)	24.099	527	320	18	14	517	463	932	2.80e-10	63.5
g98.t1	VFG029697(gb|WP_014711950)	23.404	517	340	15	30	527	1968	2447	1.57e-09	60.8
g98.t1	VFG009492(gb|WP_011893576)	24.708	514	292	22	36	517	510	960	3.03e-10	63.2
g98.t1	VFG023996(gb|WP_014941690)	23.633	512	326	14	34	526	496	961	3.05e-10	63.2
g98.t1	VFG008955(gb|WP_015291054)	26.842	190	117	7	353	524	389	574	3.08e-10	62.8
g98.t1	VFG008954(gb|WP_015303641)	26.842	190	117	7	353	524	389	574	3.10e-10	62.8
g98.t1	VFG024001(gb|WP_013471370)	24.708	514	292	22	36	517	510	960	3.11e-10	63.2
g98.t1	VFG008953(gb|WP_014001491)	26.842	190	117	7	353	524	389	574	3.13e-10	62.4
g98.t1	VFG016043(gb|WP_011666644)	25.720	486	288	24	9	466	513	953	3.18e-10	63.2
g98.t1	VFG016043(gb|WP_011666644)	25.514	486	289	23	9	466	3040	3480	3.27e-09	60.1
g98.t1	VFG007771(gb|WP_003904960)	26.842	190	117	7	353	524	389	574	3.21e-10	62.4
g98.t1	VFG029936(gb|NP_215701)	30.058	173	99	6	362	516	395	563	3.28e-10	62.4
g98.t1	VFG029734(gb|WP_015304390)	24.037	545	321	18	5	519	39	520	3.30e-10	63.2
g98.t1	VFG029734(gb|WP_015304390)	25.093	538	324	17	15	527	1541	2024	4.76e-08	56.2
g98.t1	VFG022387(gb|WP_003910673)	26.842	190	117	7	353	524	389	574	3.33e-10	62.4
g98.t1	VFG008969(gb|YP_005924074)	26.842	190	117	7	353	524	205	390	3.35e-10	62.0
g98.t1	VFG009489(gb|WP_011724535)	23.606	538	327	20	6	517	491	970	3.38e-10	63.2
g98.t1	VFG009489(gb|WP_011724535)	25.505	396	238	12	161	527	1701	2068	4.53e-10	62.8
g98.t1	VFG001407(gb|NP_217446)	26.842	190	117	7	353	524	389	574	3.39e-10	62.4
g98.t1	VFG007773(gb|WP_010908857)	26.596	188	120	5	353	524	389	574	3.48e-10	62.4
g98.t1	VFG029977(gb|YP_007957326)	30.058	173	99	6	362	516	395	563	3.55e-10	62.4
g98.t1	VFG021821(gb|WP_011895254)	26.923	390	216	19	163	514	155	513	3.55e-10	62.4
g98.t1	VFG046112(gb|WP_046072848)	25.107	466	286	15	12	454	572	997	4.22e-10	62.8
g98.t1	VFG034092(gb|WP_000623021)	25.107	466	286	15	12	454	572	997	4.30e-10	62.8
g98.t1	VFG049970(gb|WP_000909608)	22.222	360	223	9	160	517	101	405	5.08e-10	61.6
g98.t1	VFG034095(gb|WP_000623054)	25.107	466	286	15	12	454	572	997	5.19e-10	62.4
g98.t1	VFG029965(gb|WP_015302883)	30.058	173	99	6	362	516	395	563	5.20e-10	62.0
g98.t1	VFG024023(gb|WP_014384380)	24.906	530	331	16	10	518	557	1040	5.32e-10	62.4
g98.t1	VFG016174(gb|WP_011104104)	24.466	515	334	17	30	521	39	521	5.40e-10	61.6
g98.t1	VFG009479(gb|WP_011781012)	23.288	511	320	17	34	524	491	949	5.43e-10	62.4
g98.t1	VFG021818(gb|WP_003877914)	28.052	385	214	19	162	514	157	510	5.49e-10	61.6
g98.t1	VFG009550(gb|WP_011856111)	24.022	537	342	21	12	517	42	543	5.57e-10	61.6
g98.t1	VFG022714(gb|WP_013828478)	24.828	435	262	16	27	433	1572	1969	6.06e-10	62.4
g98.t1	VFG044363(gb|WP_033112377)	23.315	549	365	16	2	521	1992	2513	6.18e-10	62.4
g98.t1	VFG029954(gb|WP_014000650)	30.058	173	99	6	362	516	395	563	6.93e-10	61.6
g98.t1	VFG029323(gb|WP_015291071)	26.111	180	115	5	353	516	388	565	7.21e-10	61.2
g98.t1	VFG020073(gb|WP_043205221)	25.049	515	308	22	30	517	533	996	7.40e-10	62.0
g98.t1	VFG020073(gb|WP_043205221)	24.863	547	330	18	8	519	1987	2487	7.79e-08	55.5
g98.t1	VFG024771(gb|WP_010950805)	26.111	180	115	5	353	516	388	565	7.73e-10	61.2
g98.t1	VFG009493(gb|WP_083767360)	23.162	544	323	20	5	517	466	945	7.77e-10	62.0
g98.t1	VFG029322(gb|WP_015303655)	26.111	180	115	5	353	516	388	565	7.80e-10	61.2
g98.t1	VFG009532(gb|WP_011741370)	23.632	457	283	13	13	444	563	978	7.84e-10	61.6
g98.t1	VFG024770(gb|WP_003912041)	26.111	180	115	5	353	516	388	565	8.01e-10	61.2
g98.t1	VFG024776(gb|NP_217466)	26.111	180	115	5	353	516	425	602	8.77e-10	61.2
g98.t1	VFG007774(gb|WP_011740078)	29.167	216	128	8	325	524	369	575	1.21e-09	60.8
g98.t1	VFG050134(gb|WP_000909609)	22.222	360	223	9	160	517	101	405	1.22e-09	60.1
g98.t1	VFG049972(gb|WP_000909604)	23.333	360	219	11	160	517	101	405	1.43e-09	60.1
g98.t1	VFG024006(gb|WP_014379795)	23.738	535	330	19	6	517	494	973	1.47e-09	60.8
g98.t1	VFG024006(gb|WP_014379795)	23.062	529	337	15	27	523	1575	2065	5.45e-09	59.3
g98.t1	VFG021819(gb|WP_011725106)	27.792	385	215	19	162	514	157	510	1.71e-09	60.1
g98.t1	VFG029731(gb|WP_016342994)	25.641	468	280	17	1	447	39	459	1.77e-09	60.8
g98.t1	VFG029731(gb|WP_016342994)	24.037	545	335	18	6	527	1537	2025	1.72e-07	54.3
g98.t1	VFG022386(gb|WP_012393584)	28.704	216	129	8	325	524	369	575	1.90e-09	60.1
g98.t1	VFG021820(gb|WP_003893504)	32.000	225	115	11	309	514	309	514	1.98e-09	60.1
g98.t1	VFG008957(gb|WP_015355169)	28.704	216	129	8	325	524	369	575	2.02e-09	60.1
g98.t1	VFG050135(gb|WP_001979574)	23.757	362	215	12	160	517	101	405	2.34e-09	59.3
g98.t1	VFG029732(gb|WP_020724413)	23.909	527	325	17	15	519	49	521	3.40e-09	59.7
g98.t1	VFG008972(gb|WP_015309624)	28.902	173	101	7	362	516	398	566	3.74e-09	59.3
g98.t1	VFG029724(gb|YP_001704825)	23.719	527	326	17	15	519	49	521	4.00e-09	59.7
g98.t1	VFG009478(gb|WP_193373624)	24.390	533	331	17	5	519	444	922	4.03e-09	59.3
g98.t1	VFG029685(gb|WP_011725354)	22.929	519	340	15	30	527	1963	2442	4.39e-09	59.7
g98.t1	VFG029685(gb|WP_011725354)	24.440	536	325	20	5	517	454	932	5.87e-08	55.8
g98.t1	VFG016119(gb|WP_011061772)	25.217	460	274	16	4	433	514	933	5.65e-09	58.9
g98.t1	VFG044233(gb|WP_011533706)	23.384	526	324	20	30	523	888	1366	5.83e-09	58.9
g98.t1	VFG029334(gb|YP_007958952)	25.000	180	117	5	353	516	425	602	6.03e-09	58.5
g98.t1	VFG007778(gb|WP_011560229)	27.933	179	112	4	353	516	387	563	6.17e-09	58.5
g98.t1	VFG007777(gb|WP_011855824)	27.933	179	112	4	353	516	387	563	6.22e-09	58.5
g98.t1	VFG023995(gb|WP_216701262)	24.390	533	331	17	5	519	446	924	6.58e-09	58.9
g98.t1	VFG009491(gb|WP_011729886)	23.230	452	269	16	6	432	486	884	7.44e-09	58.5
g98.t1	VFG044372(gb|AAL65279)	25.651	538	344	20	8	517	43	552	8.35e-09	58.2
g98.t1	VFG029699(gb|WP_014385156)	23.719	527	322	18	14	517	463	932	9.48e-09	58.5
g98.t1	VFG029699(gb|WP_014385156)	23.077	520	338	16	30	527	1967	2446	2.14e-07	53.9
g98.t1	VFG029700(gb|WP_014380392)	23.719	527	322	18	14	517	463	932	1.08e-08	58.2
g98.t1	VFG029700(gb|WP_014380392)	22.945	523	338	16	30	527	1967	2449	2.69e-07	53.5
g98.t1	VFG029696(gb|WP_014942395)	23.719	527	322	18	14	517	463	932	1.12e-08	58.2
g98.t1	VFG029696(gb|WP_014942395)	22.945	523	338	16	30	527	1967	2449	3.88e-07	53.1
g98.t1	VFG029698(gb|WP_014382789)	23.719	527	322	18	14	517	463	932	1.14e-08	58.2
g98.t1	VFG029698(gb|WP_014382789)	23.180	522	338	16	30	527	1967	2449	2.01e-07	54.3
g98.t1	VFG007223(gb|WP_052281495)	22.328	421	282	12	30	434	917	1308	1.14e-08	58.2
g98.t1	VFG029725(gb|WP_012392102)	24.654	434	271	13	30	445	3084	3479	1.26e-08	58.2
g98.t1	VFG029725(gb|WP_012392102)	25.277	451	265	16	28	445	1564	1975	4.74e-08	56.2
g98.t1	VFG029725(gb|WP_012392102)	24.944	449	266	15	30	445	498	908	1.05e-07	55.1
g98.t1	VFG003504(gb|WP_011816641)	24.839	467	286	16	12	454	572	997	1.86e-08	57.4
g98.t1	VFG009535(gb|WP_041306756)	24.528	530	319	16	13	517	543	1016	1.98e-08	57.0
g98.t1	VFG009490(gb|WP_011741372)	26.075	372	230	18	166	519	629	973	2.28e-08	57.0
g98.t1	VFG029684(gb|WP_010949130)	24.345	534	328	20	5	517	462	940	2.82e-08	57.0
g98.t1	VFG029684(gb|WP_010949130)	23.507	536	353	20	2	519	2990	3486	1.15e-07	55.1
g98.t1	VFG037448(gb|WP_000910262)	21.129	549	339	21	8	521	26	515	3.26e-08	56.2
g98.t1	VFG022708(gb|WP_012395307)	25.806	372	231	18	166	519	629	973	4.41e-08	56.2
g98.t1	VFG026558(gb|WP_015356483)	25.806	372	231	18	166	519	629	973	5.02e-08	55.8
g98.t1	VFG022767(gb|WP_013828468)	30.088	226	118	12	309	514	311	516	5.66e-08	55.5
g98.t1	VFG016123(gb|WP_011061773)	23.970	534	341	19	5	517	559	1048	5.82e-08	55.8
g98.t1	VFG037446(gb|WP_000910243)	21.140	544	345	19	8	521	26	515	6.81e-08	55.1
g98.t1	VFG043693(gb|WP_001518711)	24.294	531	332	19	6	517	497	976	8.96e-08	55.1
g98.t1	VFG049148(gb|WP_041168941)	24.294	531	332	19	6	517	497	976	9.04e-08	55.1
g98.t1	VFG029938(gb|WP_010908216)	28.655	171	104	6	362	516	396	564	9.32e-08	54.7
g98.t1	VFG007222(gb|WP_052298478)	21.798	445	298	13	6	434	898	1308	9.96e-08	55.1
g98.t1	VFG007822(gb|WP_011740066)	23.485	528	315	19	56	516	60	565	1.74e-07	53.9
g98.t1	VFG009476(gb|WP_011741371)	23.991	446	292	15	36	463	483	899	2.05e-07	53.9
g98.t1	VFG049160(gb|WP_001327259)	27.879	165	102	3	29	188	469	621	2.75e-07	53.5
g98.t1	VFG043681(gb|WP_001327259)	27.879	165	102	3	29	188	469	621	2.75e-07	53.5
g98.t1	VFG008977(gb|WP_041299017)	23.282	524	321	17	56	516	60	565	2.76e-07	53.1
g98.t1	VFG022702(gb|YP_001702858)	21.839	522	357	14	7	512	457	943	5.59e-07	52.8
g98.t1	VFG022393(gb|WP_012393572)	23.092	524	322	17	56	516	60	565	6.50e-07	52.0
g98.t1	VFG026537(gb|WP_005061162)	22.222	522	355	14	7	512	457	943	7.35e-07	52.4
g98.t1	VFG024774(gb|WP_010907551)	27.586	174	96	8	365	516	400	565	7.82e-07	51.6
g98.t1	VFG026531(gb|WP_016342475)	21.881	521	358	13	7	512	457	943	8.15e-07	52.0
g98.t1	VFG037442(gb|WP_000910253)	20.513	546	346	20	8	521	26	515	1.35e-06	50.8
g98.t1	VFG037440(gb|WP_000910246)	20.442	543	350	18	8	521	26	515	2.86e-06	50.1
g98.t1	VFG022707(gb|WP_013828479)	23.798	416	252	14	34	427	488	860	3.09e-06	50.1
g98.t1	VFG030798(gb|WP_014001985)	24.432	176	118	4	353	515	387	560	3.69e-06	49.7
g98.t1	VFG049157(gb|WP_014907259)	26.852	216	126	7	5	211	1260	1452	4.17e-06	49.7
g98.t1	VFG043684(gb|WP_000222467)	26.852	216	126	7	5	211	1260	1452	4.25e-06	49.7
g98.t1	VFG023839(gb|WP_008256254)	27.624	181	93	7	362	516	396	564	4.89e-06	49.3
g98.t1	VFG023838(gb|WP_041787058)	27.624	181	93	7	362	516	396	564	4.97e-06	49.3
g98.t1	VFG023840(gb|WP_026071588)	27.624	181	93	7	362	516	396	564	5.01e-06	49.3
g98.t1	VFG030805(gb|WP_003901740)	24.432	176	118	4	353	515	387	560	5.98e-06	48.9
g98.t1	VFG037443(gb|YP_001085412)	21.315	502	316	18	50	521	4	456	6.38e-06	48.9
g98.t1	VFG030790(gb|NP_218343)	24.432	176	118	4	353	515	387	560	7.62e-06	48.5
g98.t1	VFG026619(gb|WP_016342476)	24.412	340	209	13	134	445	651	970	8.09e-06	48.9
g98.t1	VFG030802(gb|WP_015291764)	24.432	176	118	4	353	515	387	560	9.28e-06	48.1
g98.t1	VFG029694(gb|WP_012394258)	22.303	547	343	19	15	527	480	978	9.60e-06	48.5
