g302.t1	VFG015349(gb|WP_004667332)	48.760	242	120	2	1	241	203	441	4.19e-71	224
g302.t1	VFG015347(gb|WP_005763248)	48.760	242	120	2	1	241	203	441	8.89e-71	223
g302.t1	VFG015348(gb|WP_011268984)	49.174	242	119	2	1	241	203	441	1.14e-70	223
g302.t1	VFG015345(gb|WP_011103312)	41.736	242	137	3	1	241	175	413	6.69e-55	181
g302.t1	VFG015346(gb|WP_011167682)	41.736	242	137	3	1	241	175	413	8.83e-55	181
g1186.t1	VFG015349(gb|WP_004667332)	46.447	394	202	4	8	394	49	440	1.10e-113	339
g1186.t1	VFG015348(gb|WP_011268984)	46.701	394	201	4	8	394	49	440	4.37e-113	337
g1186.t1	VFG015347(gb|WP_005763248)	45.939	394	204	4	8	394	49	440	4.74e-112	335
g1186.t1	VFG015345(gb|WP_011103312)	40.052	387	226	5	11	394	29	412	2.60e-93	286
g1186.t1	VFG015346(gb|WP_011167682)	40.052	387	226	5	11	394	29	412	2.28e-92	283
g4070.t1	VFG015347(gb|WP_005763248)	62.156	436	158	3	16	448	11	442	0.0	535
g4070.t1	VFG015349(gb|WP_004667332)	61.697	436	160	3	16	448	11	442	0.0	533
g4070.t1	VFG015348(gb|WP_011268984)	61.379	435	163	3	16	448	11	442	0.0	527
g4070.t1	VFG015345(gb|WP_011103312)	51.414	389	186	3	59	446	26	412	4.83e-138	402
g4070.t1	VFG015346(gb|WP_011167682)	51.671	389	185	3	59	446	26	412	6.80e-137	399
