g51.t1	VFG027137(gb|WP_015357321)	29.091	110	69	2	434	538	366	471	2.43e-07	53.1
g51.t1	VFG009816(gb|WP_165928405)	29.245	106	66	2	434	534	364	465	2.43e-07	53.1
g51.t1	VFG022911(gb|WP_012396470)	29.091	110	69	2	434	538	366	471	2.45e-07	53.1
g51.t1	VFG009815(gb|WP_162830471)	29.245	106	66	2	434	534	364	465	2.45e-07	53.1
g51.t1	VFG009817(gb|WP_011738793)	29.091	110	69	2	434	538	366	471	2.54e-07	53.1
g51.t1	VFG023574(gb|WP_013649086)	25.123	203	128	6	335	535	434	614	7.49e-07	52.0
g51.t1	VFG032686(gb|WP_014931051)	27.513	189	116	8	329	503	219	400	1.61e-06	50.4
g51.t1	VFG022917(gb|WP_013830538)	29.245	106	66	2	434	534	367	468	1.64e-06	50.4
g51.t1	VFG027132(gb|WP_005064129)	23.148	216	131	6	345	534	258	464	1.75e-06	50.4
g51.t1	VFG022912(gb|YP_001701426)	22.936	218	133	6	343	534	278	486	1.83e-06	50.4
g51.t1	VFG024171(gb|WP_014710887)	28.302	106	67	2	434	534	365	466	3.96e-06	49.3
g51.t1	VFG027154(gb|WP_020821555)	28.302	106	67	2	434	534	365	466	4.36e-06	49.3
g51.t1	VFG024170(gb|WP_014381773)	28.302	106	67	2	434	534	365	466	4.36e-06	49.3
g583.t1	VFG032692(gb|WP_014952514)	28.151	238	139	11	291	507	174	400	1.31e-10	63.5
g583.t1	VFG032694(gb|WP_003741323)	27.731	238	140	11	291	507	174	400	4.29e-10	62.0
g583.t1	VFG006838(gb|NP_463583)	27.731	238	140	11	291	507	174	400	4.33e-10	62.0
g583.t1	VFG019400(gb|WP_014588973)	27.731	238	140	11	291	507	174	400	4.69e-10	61.6
g583.t1	VFG032695(gb|WP_003728980)	27.731	238	140	11	291	507	174	400	5.16e-10	61.6
g583.t1	VFG032687(gb|WP_014929297)	27.731	238	140	11	291	507	179	405	5.52e-10	61.6
g583.t1	VFG006840(gb|WP_010990170)	27.731	238	140	11	291	507	174	400	5.89e-10	61.2
g583.t1	VFG032686(gb|WP_014931051)	26.407	231	143	9	291	501	174	397	9.99e-10	60.8
g583.t1	VFG027135(gb|WP_015289263)	28.859	149	93	5	407	551	341	480	2.19e-09	59.7
g583.t1	VFG027133(gb|WP_015287911)	28.859	149	93	5	407	551	341	480	3.70e-09	58.9
g583.t1	VFG022914(gb|WP_014000393)	28.859	149	93	5	407	551	341	480	4.11e-09	58.9
g583.t1	VFG009813(gb|WP_003403870)	28.859	149	93	5	407	551	341	480	4.15e-09	58.9
g583.t1	VFG009812(gb|WP_003898576)	28.859	149	93	5	407	551	341	480	4.19e-09	58.9
g583.t1	VFG009810(gb|NP_215272)	28.859	149	93	5	407	551	341	480	4.45e-09	58.9
g583.t1	VFG023574(gb|WP_013649086)	36.036	111	65	3	428	538	509	613	4.56e-09	59.3
g583.t1	VFG022913(gb|WP_013988770)	28.859	149	93	5	407	551	341	480	5.78e-09	58.5
g583.t1	VFG027142(gb|YP_007960665)	28.859	149	93	5	407	551	117	256	6.29e-09	57.0
g583.t1	VFG027151(gb|YP_005922066)	28.859	149	93	5	407	551	92	231	6.66e-09	56.6
g583.t1	VFG024171(gb|WP_014710887)	29.496	139	85	5	407	541	340	469	1.69e-08	57.0
g583.t1	VFG027154(gb|WP_020821555)	29.496	139	85	5	407	541	340	469	1.72e-08	57.0
g583.t1	VFG024170(gb|WP_014381773)	29.496	139	85	5	407	541	340	469	1.72e-08	57.0
g583.t1	VFG027136(gb|WP_015292432)	28.188	149	94	5	407	551	341	480	3.25e-08	56.2
g583.t1	VFG043346(gb|WP_010947489)	24.706	340	210	12	227	543	25	341	4.25e-08	55.1
g583.t1	VFG027132(gb|WP_005064129)	27.737	137	84	4	407	539	340	465	6.37e-08	55.1
g583.t1	VFG022912(gb|YP_001701426)	27.737	137	84	4	407	539	362	487	6.61e-08	55.1
g583.t1	VFG009817(gb|WP_011738793)	28.105	153	97	5	403	551	337	480	9.20e-08	54.7
g583.t1	VFG027137(gb|WP_015357321)	28.105	153	97	5	403	551	337	480	9.87e-08	54.7
g583.t1	VFG027147(gb|YP_007956930)	29.496	139	85	5	407	541	341	470	1.31e-07	54.3
g583.t1	VFG022911(gb|WP_012396470)	28.105	153	97	5	403	551	337	480	1.77e-07	53.5
g583.t1	VFG009815(gb|WP_162830471)	28.777	139	86	5	407	541	339	468	2.47e-07	53.1
g583.t1	VFG009816(gb|WP_165928405)	28.777	139	86	5	407	541	339	468	2.64e-07	53.1
g583.t1	VFG009818(gb|WP_014878477)	29.167	120	77	3	425	540	357	472	3.05e-07	53.1
g583.t1	VFG022933(gb|WP_013827764)	32.824	131	78	3	408	538	321	441	2.30e-06	50.1
g583.t1	VFG009819(gb|WP_041799901)	28.571	126	80	5	425	546	346	465	4.98e-06	49.3
g583.t1	VFG024169(gb|WP_099961986)	27.500	120	79	4	425	540	373	488	6.93e-06	48.9
g4006.t1	VFG038759(gb|WP_011706627)	25.284	352	206	13	212	535	10	332	2.18e-13	71.6
g4006.t1	VFG038760(gb|WP_016351312)	25.284	352	206	13	212	535	10	332	2.61e-13	71.2
g4006.t1	VFG038761(gb|WP_005320182)	24.716	352	208	13	212	535	10	332	5.48e-12	67.0
g4006.t1	VFG015679(gb|WP_012315527)	27.208	419	246	16	150	542	17	402	1.07e-11	66.6
g4006.t1	VFG015678(gb|WP_012273512)	27.684	354	207	13	213	539	69	400	2.13e-11	65.9
g4006.t1	VFG014375(gb|WP_010955092)	27.119	354	209	12	213	539	69	400	1.56e-10	63.2
g4006.t1	VFG038762(gb|WP_005350683)	24.069	349	214	12	212	535	10	332	2.07e-10	62.4
g4006.t1	VFG031683(gb|WP_011778104)	32.026	153	94	4	389	535	230	378	4.07e-10	61.6
g4006.t1	VFG014377(gb|WP_011534912)	26.456	412	244	17	150	535	17	395	2.71e-09	59.3
g4006.t1	VFG031669(gb|NP_215004)	38.532	109	59	3	433	535	271	377	2.85e-09	59.3
g4006.t1	VFG031675(gb|WP_011799109)	38.532	109	59	3	433	535	271	377	2.90e-09	59.3
g4006.t1	VFG031703(gb|WP_015292194)	38.532	109	59	3	433	535	271	377	2.98e-09	58.9
g4006.t1	VFG031686(gb|WP_003910136)	38.532	109	59	3	433	535	271	377	3.02e-09	58.9
g4006.t1	VFG014378(gb|WP_162470466)	25.189	397	243	14	165	535	20	388	5.21e-09	58.2
g4006.t1	VFG011635(gb|WP_006014486)	36.364	110	56	4	439	535	490	598	5.73e-09	58.5
g4006.t1	VFG018297(gb|WP_004691160)	36.364	110	56	4	439	535	490	598	5.93e-09	58.5
g4006.t1	VFG019282(gb|WP_006071786)	36.364	110	56	4	439	535	490	598	6.14e-09	58.5
g4006.t1	VFG011634(gb|WP_006191047)	36.364	110	56	4	439	535	490	598	6.25e-09	58.5
g4006.t1	VFG011631(gb|WP_004684547)	36.364	110	56	4	439	535	490	598	6.41e-09	58.5
g4006.t1	VFG011632(gb|WP_002965157)	36.364	110	56	4	439	535	490	598	7.11e-09	58.2
g4006.t1	VFG031699(gb|WP_005062022)	36.697	109	61	2	433	535	270	376	8.14e-09	57.8
g4006.t1	VFG031685(gb|YP_001704776)	36.697	109	61	2	433	535	270	376	8.72e-09	57.8
g4006.t1	VFG007495(gb|WP_011262362)	23.164	354	216	13	216	541	18	343	2.25e-08	56.2
g4006.t1	VFG009821(gb|WP_011857087)	36.893	103	57	3	439	535	363	463	3.82e-08	55.8
g4006.t1	VFG031713(gb|YP_007956676)	39.091	110	58	4	433	535	271	378	4.45e-08	55.5
g4006.t1	VFG031691(gb|WP_013827420)	35.185	108	62	3	434	535	275	380	5.47e-08	55.1
g4006.t1	VFG031690(gb|WP_012392756)	35.780	109	62	2	433	535	270	376	6.44e-08	54.7
g4006.t1	VFG031682(gb|WP_094987106)	35.780	109	62	2	433	535	270	376	6.97e-08	54.7
g4006.t1	VFG031674(gb|WP_085989560)	34.862	109	63	2	433	535	270	376	1.01e-07	54.3
g4006.t1	VFG031673(gb|WP_010950191)	34.862	109	63	2	433	535	270	376	1.01e-07	54.3
g4006.t1	VFG007490(gb|WP_001881834)	24.412	340	197	14	222	528	21	333	1.21e-07	53.9
g4006.t1	VFG031677(gb|WP_014876913)	32.407	108	65	2	434	535	273	378	1.44e-07	53.9
g4006.t1	VFG014381(gb|WP_011913655)	35.294	102	64	1	434	535	287	386	1.58e-07	53.5
g4006.t1	VFG009822(gb|WP_011561966)	35.922	103	58	3	439	535	363	463	1.85e-07	53.5
g4006.t1	VFG032654(gb|WP_003747594)	34.831	89	52	1	454	536	389	477	2.91e-07	53.1
g4006.t1	VFG031678(gb|WP_011854538)	34.862	109	63	3	433	535	272	378	3.29e-07	52.8
g4006.t1	VFG031679(gb|WP_011558086)	34.862	109	63	3	433	535	272	378	3.32e-07	52.8
g4006.t1	VFG031721(gb|WP_198345043)	33.333	108	64	2	434	535	261	366	3.33e-07	52.4
g4006.t1	VFG024169(gb|WP_099961986)	32.039	103	62	2	439	535	386	486	4.03e-07	52.8
g4006.t1	VFG032653(gb|WP_014092758)	33.708	89	53	1	454	536	389	477	4.23e-07	52.4
g4006.t1	VFG009819(gb|WP_041799901)	32.039	103	62	2	439	535	359	459	4.26e-07	52.4
g4006.t1	VFG031671(gb|WP_010908900)	35.455	110	61	3	433	535	269	375	4.31e-07	52.4
g4006.t1	VFG027156(gb|WP_085976583)	33.010	103	61	2	439	535	368	468	4.46e-07	52.4
g4006.t1	VFG009820(gb|WP_036377494)	33.333	105	58	3	439	535	367	467	5.26e-07	52.4
g4006.t1	VFG019396(gb|WP_003736550)	33.708	89	53	1	454	536	389	477	5.39e-07	52.0
g4006.t1	VFG032638(gb|WP_014654264)	33.708	89	53	1	454	536	389	477	5.44e-07	52.0
g4006.t1	VFG031694(gb|WP_008261206)	34.862	109	63	2	433	535	270	376	5.50e-07	52.0
g4006.t1	VFG006833(gb|WP_011702190)	33.708	89	53	1	454	536	389	477	5.68e-07	52.0
g4006.t1	VFG006832(gb|WP_003771747)	33.708	89	53	1	454	536	389	477	5.73e-07	52.0
g4006.t1	VFG006830(gb|NP_464903)	33.708	89	53	1	454	536	389	477	5.73e-07	52.0
g4006.t1	VFG014370(gb|WP_003152330)	32.381	105	63	2	434	535	291	390	3.53e-06	49.3
g4006.t1	VFG043346(gb|WP_010947489)	24.324	333	207	11	227	535	25	336	3.88e-06	48.9
g4006.t1	VFG027154(gb|WP_020821555)	33.010	103	61	2	439	535	366	466	5.16e-06	48.9
g4006.t1	VFG024170(gb|WP_014381773)	33.010	103	61	2	439	535	366	466	5.16e-06	48.9
g4006.t1	VFG024171(gb|WP_014710887)	33.010	103	61	2	439	535	366	466	5.34e-06	48.9
g4006.t1	VFG019826(gb|WP_162471079)	25.000	392	239	14	168	535	22	382	5.94e-06	48.5
g4006.t1	VFG007492(gb|WP_005457625)	30.841	107	68	2	433	537	234	336	6.42e-06	48.5
g4006.t1	VFG009875(gb|WP_019732008)	37.168	113	54	6	435	535	360	467	6.83e-06	48.5
g4006.t1	VFG042669(gb|WP_006485030)	37.383	107	52	4	441	535	457	560	6.96e-06	48.9
g4006.t1	VFG009878(gb|WP_014878346)	40.217	92	45	5	441	525	363	451	7.28e-06	48.5
g4006.t1	VFG014064(gb|WP_011266435)	28.846	156	78	4	413	535	1553	1708	8.12e-06	48.9
g4006.t1	VFG014065(gb|WP_011167502)	28.846	156	78	4	413	535	1548	1703	8.84e-06	48.9
g4006.t1	VFG015782(gb|WP_012270935)	29.524	105	64	3	439	534	406	509	9.85e-06	48.5
