g3463.t1	VFG030400(gb|WP_081465621)	38.636	132	78	1	16	147	363	491	5.51e-23	94.4
g3463.t1	VFG030387(gb|WP_015304695)	36.879	141	86	2	15	155	367	504	5.02e-20	85.9
g3463.t1	VFG030402(gb|WP_013470644)	39.716	141	80	2	15	155	363	498	1.67e-19	84.7
g3463.t1	VFG050016(gb|WP_000955358)	39.850	133	75	4	16	147	391	519	2.85e-19	84.0
g3463.t1	VFG050150(gb|WP_000955360)	39.850	133	75	4	16	147	391	519	3.20e-19	84.0
g3463.t1	VFG050019(gb|WP_003185956)	40.602	133	74	4	16	147	391	519	3.53e-19	83.6
g3463.t1	VFG050013(gb|WP_000955350)	39.098	133	76	3	16	147	391	519	5.88e-19	83.2
g3463.t1	VFG050022(gb|WP_000955347)	39.098	133	76	3	16	147	391	519	6.35e-19	82.8
g3463.t1	VFG050018(gb|WP_000955353)	39.098	133	76	3	16	147	391	519	6.48e-19	82.8
g3463.t1	VFG050148(gb|WP_000955352)	39.850	133	75	4	16	147	391	519	7.63e-19	82.8
g3463.t1	VFG050023(gb|WP_000955356)	39.850	133	75	4	16	147	391	519	7.78e-19	82.8
g3463.t1	VFG050149(gb|WP_001972441)	39.098	133	76	4	16	147	391	519	9.71e-19	82.4
g3463.t1	VFG007201(gb|WP_000205542)	32.593	135	87	2	16	149	395	526	1.93e-18	81.6
g3463.t1	VFG007200(gb|WP_000205544)	32.593	135	87	2	16	149	395	526	2.01e-18	81.6
g3463.t1	VFG050017(gb|WP_000960113)	39.098	133	76	4	16	147	391	519	2.27e-18	81.3
g3463.t1	VFG044423(gb|AAW66009)	33.803	142	90	3	16	156	400	538	7.02e-18	80.1
g3463.t1	VFG007203(gb|WP_011152543)	32.624	141	91	3	16	155	399	536	9.31e-18	79.7
g3463.t1	VFG007202(gb|WP_011081753)	32.624	141	91	3	16	155	399	536	1.45e-17	79.0
g3463.t1	VFG050021(gb|NP_391078)	38.346	133	77	4	16	147	391	519	2.32e-17	78.6
g3463.t1	VFG044429(gb|CAJ45636)	33.099	142	91	3	16	156	400	538	6.31e-17	77.0
g3463.t1	VFG030399(gb|WP_012394321)	35.345	116	74	1	40	155	385	499	1.72e-15	73.2
g3463.t1	VFG030408(gb|WP_015355418)	35.345	116	74	1	40	155	385	499	2.38e-15	72.8
g3463.t1	VFG030392(gb|WP_011725596)	34.756	164	90	5	7	168	358	506	8.50e-15	70.9
g3463.t1	VFG048421(gb|WP_014837778)	30.822	146	95	3	16	160	392	532	8.87e-15	70.9
g3463.t1	VFG048422(gb|WP_014228360)	30.822	146	95	3	16	160	392	532	1.04e-14	70.9
g3463.t1	VFG030398(gb|WP_014001578)	32.500	120	80	1	40	159	381	499	2.13e-14	69.7
g3463.t1	VFG030405(gb|WP_015303741)	32.500	120	80	1	40	159	381	499	2.15e-14	69.7
g3463.t1	VFG030388(gb|NP_217605)	32.500	120	80	1	40	159	381	499	2.15e-14	69.7
g3463.t1	VFG030419(gb|WP_015345152)	32.500	120	80	1	40	159	381	499	2.19e-14	69.7
g3463.t1	VFG016132(gb|WP_011061776)	33.103	145	92	4	16	159	398	538	2.27e-14	69.7
g3463.t1	VFG030404(gb|WP_015288454)	32.500	120	80	1	40	159	381	499	2.28e-14	69.7
g3463.t1	VFG030407(gb|WP_015294168)	32.500	120	80	1	40	159	381	499	4.05e-14	68.9
g3463.t1	VFG030411(gb|WP_015575278)	32.500	120	80	1	40	159	381	499	4.09e-14	68.9
g3463.t1	VFG030406(gb|WP_015291176)	32.500	120	80	1	40	159	381	499	4.46e-14	68.9
g3463.t1	VFG037317(gb|YP_001085402)	27.857	140	98	1	15	154	368	504	5.38e-14	68.6
g3463.t1	VFG037320(gb|WP_020753358)	28.676	136	94	1	16	151	398	530	5.84e-14	68.6
g3463.t1	VFG037315(gb|WP_000744371)	28.676	136	94	1	16	151	398	530	5.84e-14	68.6
g3463.t1	VFG030391(gb|WP_003875182)	34.146	164	91	5	7	168	358	506	6.63e-14	68.6
g3463.t1	VFG037316(gb|WP_000744381)	28.676	136	94	1	16	151	398	530	7.86e-14	68.2
g3463.t1	VFG037313(gb|WP_000744364)	28.676	136	94	1	16	151	398	530	7.93e-14	68.2
g3463.t1	VFG037322(gb|WP_000744367)	28.676	136	94	1	16	151	398	530	9.16e-14	68.2
g3463.t1	VFG037314(gb|WP_000744369)	28.676	136	94	1	16	151	398	530	1.52e-13	67.4
g3463.t1	VFG016130(gb|WP_003137468)	34.586	133	82	3	16	147	401	529	2.71e-13	66.6
g3463.t1	VFG000168(gb|NP_252918)	35.075	134	80	4	16	147	401	529	2.76e-13	66.6
g3463.t1	VFG024030(gb|WP_014379792)	29.452	146	98	3	16	160	404	545	2.98e-13	66.6
g3463.t1	VFG020092(gb|WP_003118945)	34.586	133	82	3	16	147	401	529	3.01e-13	66.6
g3463.t1	VFG024026(gb|WP_014384379)	29.452	146	98	3	16	160	404	545	3.07e-13	66.6
g3463.t1	VFG012990(gb|WP_000026810)	30.822	146	95	4	16	160	393	533	3.39e-13	66.2
g3463.t1	VFG000932(gb|WP_000026784)	30.822	146	95	4	16	160	393	533	3.63e-13	66.2
g3463.t1	VFG009545(gb|WP_011724530)	31.293	147	94	4	16	160	406	547	4.43e-13	66.2
g3463.t1	VFG026660(gb|WP_020822192)	29.452	146	98	3	16	160	404	545	4.50e-13	66.2
g3463.t1	VFG024027(gb|WP_014711360)	29.452	146	98	3	16	160	404	545	4.63e-13	65.9
g3463.t1	VFG012985(gb|WP_000026832)	30.822	146	95	4	16	160	393	533	4.98e-13	65.9
g3463.t1	VFG016129(gb|WP_003157555)	35.075	134	80	4	16	147	401	529	5.05e-13	65.9
g3463.t1	VFG012989(gb|WP_000026762)	30.822	146	95	4	16	160	393	533	6.21e-13	65.5
g3463.t1	VFG016131(gb|WP_011533708)	34.043	141	78	4	15	149	394	525	7.32e-13	65.5
g3463.t1	VFG044367(gb|WP_013318791)	29.193	161	108	3	3	162	381	536	9.40e-13	65.1
g3463.t1	VFG015863(gb|WP_005894383)	32.743	113	76	0	35	147	377	489	1.16e-12	64.7
g3463.t1	VFG024028(gb|WP_014382292)	28.767	146	99	3	16	160	404	545	1.27e-12	64.7
g3463.t1	VFG012986(gb|NP_706449)	29.452	146	97	4	16	160	393	533	1.70e-12	64.3
g3463.t1	VFG012988(gb|WP_000026772)	29.452	146	97	4	16	160	393	533	1.75e-12	64.3
g3463.t1	VFG018292(gb|WP_004692639)	29.167	144	97	4	15	157	394	533	2.24e-12	63.9
g3463.t1	VFG011609(gb|WP_006191558)	29.167	144	97	4	15	157	394	533	2.26e-12	63.9
g3463.t1	VFG011606(gb|WP_011005507)	29.167	144	97	4	15	157	394	533	4.22e-12	63.2
g3463.t1	VFG011610(gb|WP_006014905)	29.167	144	97	4	15	157	394	533	4.34e-12	63.2
g3463.t1	VFG019335(gb|WP_004686826)	29.167	144	97	4	15	157	394	533	4.38e-12	63.2
g3463.t1	VFG030421(gb|WP_179945037)	33.553	152	95	3	7	157	357	503	4.62e-12	63.2
g3463.t1	VFG011607(gb|WP_002969261)	29.167	144	97	4	15	157	394	533	4.68e-12	63.2
g3463.t1	VFG044420(gb|AAR12562)	30.827	133	88	4	16	147	405	534	4.79e-12	63.2
g3463.t1	VFG048424(gb|WP_012542486)	29.787	141	93	3	16	155	392	527	1.16e-11	62.0
g3463.t1	VFG048428(gb|WP_012068426)	29.787	141	93	3	16	155	392	527	1.31e-11	62.0
g3463.t1	VFG048429(gb|WP_004183353)	29.787	141	93	3	16	155	392	527	1.52e-11	61.6
g3463.t1	VFG048425(gb|YP_005225747)	29.787	141	93	3	16	155	392	527	1.83e-11	61.2
g3463.t1	VFG048427(gb|WP_004223595)	29.787	141	93	3	16	155	392	527	1.89e-11	61.2
g3463.t1	VFG048430(gb|WP_012968726)	29.787	141	93	3	16	155	392	527	1.98e-11	61.2
g3463.t1	VFG030416(gb|YP_007959092)	30.833	120	82	1	40	159	188	306	3.12e-11	60.5
g3463.t1	VFG030403(gb|WP_170320575)	34.000	150	93	4	9	157	360	504	4.58e-11	60.1
g3463.t1	VFG044393(gb|AAF33134)	31.092	119	80	2	40	156	436	554	8.71e-11	59.3
g3463.t1	VFG026649(gb|WP_015575197)	31.469	143	91	4	16	156	409	546	9.14e-11	59.3
g3463.t1	VFG001817(gb|NP_216900)	31.469	143	91	4	16	156	414	551	9.61e-11	59.3
g3463.t1	VFG026644(gb|WP_015293659)	31.469	143	91	4	16	156	414	551	9.89e-11	59.3
g3463.t1	VFG044233(gb|WP_011533706)	30.128	156	102	3	11	159	1207	1362	1.44e-10	58.9
g3463.t1	VFG026642(gb|WP_015303464)	30.189	159	98	5	16	172	414	561	1.62e-10	58.5
g3463.t1	VFG016174(gb|WP_011104104)	30.882	136	91	2	16	151	383	515	2.16e-10	58.2
g3463.t1	VFG048591(gb|WP_014229386)	29.851	134	91	1	16	149	378	508	2.45e-10	58.2
g3463.t1	VFG023996(gb|WP_014941690)	34.513	113	69	2	40	149	838	948	2.64e-10	58.2
g3463.t1	VFG003500(gb|WP_005168666)	28.676	136	94	1	16	151	378	510	3.52e-10	57.8
g3463.t1	VFG026643(gb|WP_015290628)	30.769	143	92	4	16	156	414	551	3.79e-10	57.8
g3463.t1	VFG022739(gb|WP_014001248)	30.769	143	92	4	16	156	414	551	3.98e-10	57.4
g3463.t1	VFG048593(gb|WP_014907267)	28.676	136	94	1	16	151	378	510	4.82e-10	57.4
g3463.t1	VFG044315(gb|WP_012492605)	32.117	137	85	3	16	149	2978	3109	5.94e-10	57.4
g3463.t1	VFG023997(gb|WP_008255569)	34.513	113	69	2	40	149	838	948	6.04e-10	57.0
g3463.t1	VFG023999(gb|WP_014384382)	34.513	113	69	2	40	149	838	948	6.22e-10	57.0
g3463.t1	VFG034165(gb|WP_001088818)	28.676	136	94	1	16	151	378	510	6.36e-10	57.0
g3463.t1	VFG044332(gb|WP_015874967)	28.676	136	94	1	16	151	378	510	6.42e-10	57.0
g3463.t1	VFG034175(gb|WP_001089765)	28.676	136	94	1	16	151	378	510	7.06e-10	56.6
g3463.t1	VFG034160(gb|WP_001088819)	28.676	136	94	1	16	151	378	510	7.13e-10	56.6
g3463.t1	VFG034168(gb|WP_001088830)	28.676	136	94	1	16	151	378	510	7.34e-10	56.6
g3463.t1	VFG034164(gb|WP_001088823)	28.676	136	94	1	16	151	378	510	7.34e-10	56.6
g3463.t1	VFG000359(gb|WP_001088826)	28.676	136	94	1	16	151	378	510	7.55e-10	56.6
g3463.t1	VFG048594(gb|YP_005227770)	28.676	136	94	1	16	151	378	510	7.55e-10	56.6
g3463.t1	VFG012564(gb|WP_001088826)	28.676	136	94	1	16	151	378	510	7.55e-10	56.6
g3463.t1	VFG023998(gb|WP_014379796)	34.513	113	69	2	40	149	838	948	1.20e-09	56.2
g3463.t1	VFG044187(gb|WP_011152546)	29.927	137	91	4	16	151	402	534	1.21e-09	56.2
g3463.t1	VFG026619(gb|WP_016342476)	28.873	142	92	2	12	151	896	1030	1.45e-09	56.2
g3463.t1	VFG021860(gb|WP_011726611)	33.333	147	82	4	16	151	386	527	1.49e-09	56.2
g3463.t1	VFG021860(gb|WP_011726611)	30.864	162	99	4	11	165	1877	2032	1.03e-08	53.5
g3463.t1	VFG026625(gb|WP_005061165)	28.873	142	92	2	12	151	896	1030	1.53e-09	55.8
g3463.t1	VFG044413(gb|AAR12528)	28.276	145	96	3	13	151	804	946	1.87e-09	55.8
g3463.t1	VFG012565(gb|WP_001088833)	27.941	136	95	1	16	151	378	510	2.28e-09	55.5
g3463.t1	VFG034174(gb|WP_001088834)	27.941	136	95	1	16	151	378	510	2.35e-09	55.5
g3463.t1	VFG034170(gb|WP_001088812)	27.941	136	95	1	16	151	378	510	2.35e-09	55.5
g3463.t1	VFG012566(gb|WP_001088828)	27.941	136	95	1	16	151	378	510	2.63e-09	55.1
g3463.t1	VFG016041(gb|NP_251092)	31.544	149	83	4	16	149	4892	5036	5.78e-09	54.3
g3463.t1	VFG016041(gb|NP_251092)	30.714	140	90	3	16	149	2337	2475	3.18e-06	46.2
g3463.t1	VFG016040(gb|WP_078463717)	31.757	148	84	3	16	149	1890	2034	7.26e-09	53.9
g3463.t1	VFG016043(gb|WP_011666644)	31.757	148	84	3	16	149	4892	5036	7.27e-09	53.9
g3463.t1	VFG016043(gb|WP_011666644)	30.714	140	90	3	16	149	2337	2475	2.82e-06	46.6
g3463.t1	VFG016038(gb|NP_251090)	31.757	148	84	3	16	149	1890	2034	7.47e-09	53.9
g3463.t1	VFG026654(gb|YP_007958424)	28.169	142	97	3	16	156	265	402	7.71e-09	53.5
g3463.t1	VFG023995(gb|WP_216701262)	30.986	142	90	3	11	149	782	918	1.14e-08	53.5
g3463.t1	VFG009478(gb|WP_193373624)	30.986	142	90	3	11	149	780	916	1.22e-08	53.5
g3463.t1	VFG050038(gb|WP_001133934)	26.429	140	99	1	16	151	812	951	2.32e-08	52.8
g3463.t1	VFG050038(gb|WP_001133934)	26.891	119	87	0	33	151	1906	2024	5.59e-07	48.5
g3463.t1	VFG050040(gb|WP_001133940)	25.767	163	108	3	16	165	812	974	3.18e-08	52.4
g3463.t1	VFG050040(gb|WP_001133940)	26.050	119	88	0	33	151	1906	2024	1.20e-06	47.8
g3463.t1	VFG050154(gb|WP_001133949)	25.767	163	108	3	16	165	812	974	3.53e-08	52.0
g3463.t1	VFG050154(gb|WP_001133949)	26.050	119	88	0	33	151	1906	2024	1.28e-06	47.4
g3463.t1	VFG015908(gb|WP_164920478)	26.582	158	111	1	10	167	4095	4247	3.64e-08	52.0
g3463.t1	VFG015908(gb|WP_164920478)	25.714	140	104	0	10	149	3008	3147	1.51e-07	50.1
g3463.t1	VFG015908(gb|WP_164920478)	28.682	129	92	0	21	149	7301	7429	6.84e-07	48.1
g3463.t1	VFG050044(gb|WP_001133941)	24.405	168	114	3	11	165	807	974	5.10e-08	51.6
g3463.t1	VFG050044(gb|WP_001133941)	26.050	119	88	0	33	151	1906	2024	1.54e-06	47.4
g3463.t1	VFG050156(gb|WP_001133891)	26.429	140	99	1	16	151	812	951	5.61e-08	51.6
g3463.t1	VFG050156(gb|WP_001133891)	26.891	119	87	0	33	151	1906	2024	4.72e-07	48.9
g3463.t1	VFG009475(gb|WP_011724536)	35.398	113	68	4	40	149	839	949	7.83e-08	50.8
g3463.t1	VFG015905(gb|WP_164920559)	30.000	140	92	2	16	149	4132	4271	9.24e-08	50.8
g3463.t1	VFG015905(gb|WP_164920559)	27.143	140	96	2	16	149	5205	5344	3.60e-06	46.2
g3463.t1	VFG049157(gb|WP_014907259)	34.091	88	56	1	16	101	1615	1702	1.03e-07	50.8
g3463.t1	VFG050043(gb|NP_391076)	30.435	138	90	2	16	149	809	944	1.05e-07	50.8
g3463.t1	VFG050043(gb|NP_391076)	29.412	136	88	2	33	168	1904	2031	2.28e-06	46.6
g3463.t1	VFG022730(gb|YP_001702859)	25.974	154	81	2	12	151	896	1030	1.07e-07	50.4
g3463.t1	VFG043684(gb|WP_000222467)	34.091	88	56	1	16	101	1615	1702	1.10e-07	50.4
g3463.t1	VFG016061(gb|WP_162839071)	31.429	140	91	2	16	151	1486	1624	1.16e-07	50.4
g3463.t1	VFG016061(gb|WP_162839071)	26.752	157	100	4	16	165	4083	4231	4.71e-06	45.8
g3463.t1	VFG016062(gb|WP_165446461)	30.714	140	92	2	16	151	1486	1624	1.34e-07	50.4
g3463.t1	VFG050035(gb|WP_001133943)	25.000	168	113	3	11	165	807	974	1.70e-07	50.1
g3463.t1	VFG050035(gb|WP_001133943)	26.891	119	87	0	33	151	1906	2024	8.72e-07	48.1
g3463.t1	VFG009477(gb|WP_011729885)	30.282	142	95	2	11	149	805	945	1.82e-07	50.1
g3463.t1	VFG016119(gb|WP_011061772)	32.292	96	63	1	13	106	870	965	2.16e-07	49.7
g3463.t1	VFG016044(gb|WP_011534374)	28.676	136	94	2	16	149	1925	2059	2.17e-07	49.7
g3463.t1	VFG016044(gb|WP_011534374)	31.159	138	88	4	16	149	3433	3567	2.28e-06	46.6
g3463.t1	VFG016175(gb|WP_011168856)	33.708	89	56	2	16	104	383	468	2.86e-07	49.3
g3463.t1	VFG050041(gb|WP_011198384)	28.481	158	102	3	16	168	809	960	2.94e-07	49.3
g3463.t1	VFG009533(gb|WP_011729889)	33.103	145	83	3	13	151	900	1036	3.03e-07	49.3
g3463.t1	VFG050045(gb|WP_001133952)	25.153	163	109	3	16	165	812	974	3.33e-07	49.3
g3463.t1	VFG050045(gb|WP_001133952)	26.050	119	88	0	33	151	1906	2024	1.20e-06	47.8
g3463.t1	VFG016063(gb|WP_166486371)	31.429	140	91	2	16	151	1486	1624	3.94e-07	48.9
g3463.t1	VFG016066(gb|WP_011533065)	28.571	161	100	4	16	169	4060	4212	4.81e-07	48.9
g3463.t1	VFG050155(gb|WP_001972445)	25.210	119	89	0	33	151	833	951	4.95e-07	48.5
g3463.t1	VFG050155(gb|WP_001972445)	25.210	119	89	0	33	151	1906	2024	2.48e-06	46.6
g3463.t1	VFG009492(gb|WP_011893576)	28.671	143	97	2	11	149	815	956	1.12e-06	47.8
g3463.t1	VFG024001(gb|WP_013471370)	28.671	143	97	2	11	149	815	956	1.21e-06	47.4
g3463.t1	VFG009548(gb|WP_011893571)	31.126	151	93	6	16	160	411	556	1.24e-06	47.4
g3463.t1	VFG024025(gb|WP_013471365)	31.126	151	93	6	16	160	416	561	1.25e-06	47.4
g3463.t1	VFG015823(gb|WP_012315380)	28.667	150	82	4	16	149	2348	2488	1.26e-06	47.4
g3463.t1	VFG026645(gb|WP_015356488)	27.586	145	97	5	16	156	403	543	1.66e-06	47.0
g3463.t1	VFG022736(gb|WP_012395312)	27.586	145	97	5	16	156	403	543	1.73e-06	47.0
g3463.t1	VFG009546(gb|WP_071497738)	27.586	145	97	5	16	156	403	543	1.73e-06	47.0
g3463.t1	VFG015906(gb|WP_011267825)	25.316	158	113	1	10	167	10611	10763	1.85e-06	47.0
g3463.t1	VFG015906(gb|WP_011267825)	29.078	141	92	3	16	149	8471	8610	6.78e-06	45.4
g3463.t1	VFG016035(gb|WP_011168293)	29.677	155	92	5	16	164	853	996	1.86e-06	47.0
g3463.t1	VFG009550(gb|WP_011856111)	30.573	157	96	4	7	156	396	546	2.25e-06	46.6
g3463.t1	VFG022729(gb|WP_012395305)	28.369	141	96	2	11	151	904	1039	2.26e-06	46.6
g3463.t1	VFG009479(gb|WP_011781012)	30.657	137	89	2	16	149	805	938	2.58e-06	46.6
g3463.t1	VFG020073(gb|WP_043205221)	28.395	162	95	6	16	170	3380	3527	2.76e-06	46.6
g3463.t1	VFG020077(gb|WP_015885148)	30.345	145	89	4	16	151	4041	4182	2.94e-06	46.6
g3463.t1	VFG009549(gb|WP_011781018)	31.081	148	89	4	16	156	406	547	2.99e-06	46.2
g3463.t1	VFG009532(gb|WP_011741370)	28.369	141	96	2	11	151	904	1039	3.00e-06	46.2
g3463.t1	VFG026624(gb|WP_015356481)	28.369	141	96	2	11	151	904	1039	3.09e-06	46.2
g3463.t1	VFG016033(gb|WP_011103872)	29.032	155	93	5	16	164	853	996	3.34e-06	46.2
g3463.t1	VFG016033(gb|WP_011103872)	29.677	155	93	5	16	164	1901	2045	4.78e-06	45.8
g3463.t1	VFG015822(gb|WP_190273339)	28.000	125	89	1	25	149	1447	1570	4.71e-06	45.8
g3463.t1	VFG016064(gb|WP_010954996)	27.586	174	98	5	16	167	2534	2701	4.98e-06	45.8
g3463.t1	VFG016067(gb|WP_011062464)	30.769	143	91	3	16	151	1482	1623	5.08e-06	45.8
g3463.t1	VFG016034(gb|WP_011267346)	27.660	141	96	2	16	151	1903	2042	5.88e-06	45.4
g3463.t1	VFG020071(gb|WP_012723748)	27.152	151	98	3	7	149	855	1001	5.89e-06	45.4
g3463.t1	VFG009551(gb|WP_011560854)	33.058	121	69	3	7	121	396	510	6.11e-06	45.4
g3463.t1	VFG015877(gb|WP_011105130)	27.815	151	105	3	3	151	349	497	7.16e-06	45.1
g3463.t1	VFG022737(gb|YP_001702982)	31.461	89	58	2	16	104	410	495	7.45e-06	45.1
g3463.t1	VFG016045(gb|WP_011062374)	28.472	144	92	4	16	149	849	991	7.47e-06	45.4
g3463.t1	VFG016037(gb|WP_011062375)	27.607	163	106	5	16	168	1928	2088	7.58e-06	45.1
g3463.t1	VFG016058(gb|NP_251114)	30.435	138	83	4	21	151	1489	1620	7.76e-06	45.1
g3463.t1	VFG015904(gb|WP_164920479)	26.923	130	94	1	21	149	5120	5249	8.48e-06	45.1
g3463.t1	VFG016117(gb|WP_012074237)	34.722	72	46	1	13	83	863	934	8.48e-06	45.1
g3463.t1	VFG000165(gb|NP_252915)	34.615	78	50	1	13	89	863	940	8.64e-06	45.1
g3463.t1	VFG016118(gb|WP_011666540)	34.615	78	50	1	13	89	863	940	8.73e-06	45.1
g3463.t1	VFG024020(gb|WP_014941687)	29.878	164	100	4	13	169	900	1055	8.78e-06	45.1
g3463.t1	VFG020089(gb|WP_012613543)	34.722	72	46	1	13	83	863	934	8.89e-06	45.1
g3463.t1	VFG020074(gb|WP_012614121)	30.435	138	83	4	21	151	1489	1620	9.10e-06	45.1
g3463.t1	VFG024024(gb|WP_014379793)	29.878	164	100	4	13	169	900	1055	9.11e-06	45.1
g3463.t1	VFG016060(gb|WP_003139218)	29.104	134	90	3	21	151	1489	1620	9.18e-06	45.1
g3463.t1	VFG024021(gb|WP_041297820)	29.878	164	100	4	13	169	900	1055	9.64e-06	44.7
g3465.t1	VFG030400(gb|WP_081465621)	28.435	524	311	13	15	519	13	491	2.62e-45	166
g3465.t1	VFG030402(gb|WP_013470644)	28.464	534	339	14	1	527	1	498	1.30e-42	159
g3465.t1	VFG030387(gb|WP_015304695)	27.290	524	338	14	4	519	8	496	9.17e-39	148
g3465.t1	VFG050016(gb|WP_000955358)	27.715	534	300	19	18	519	40	519	3.15e-37	144
g3465.t1	VFG050150(gb|WP_000955360)	27.528	534	301	18	18	519	40	519	3.43e-37	144
g3465.t1	VFG050017(gb|WP_000960113)	27.528	534	301	20	18	519	40	519	1.81e-36	142
g3465.t1	VFG050149(gb|WP_001972441)	26.966	534	304	20	18	519	40	519	5.71e-36	140
g3465.t1	VFG050023(gb|WP_000955356)	27.374	537	298	19	18	519	40	519	8.56e-36	140
g3465.t1	VFG050022(gb|WP_000955347)	27.188	537	299	18	18	519	40	519	8.65e-36	140
g3465.t1	VFG050013(gb|WP_000955350)	27.188	537	299	18	18	519	40	519	9.80e-36	140
g3465.t1	VFG050148(gb|WP_000955352)	27.374	537	298	20	18	519	40	519	3.20e-35	139
g3465.t1	VFG050018(gb|WP_000955353)	27.188	537	299	19	18	519	40	519	4.48e-35	138
g3465.t1	VFG030419(gb|WP_015345152)	26.386	523	318	17	26	531	27	499	7.49e-35	137
g3465.t1	VFG030388(gb|NP_217605)	26.386	523	318	17	26	531	27	499	9.91e-35	137
g3465.t1	VFG030411(gb|WP_015575278)	26.386	523	318	17	26	531	27	499	1.70e-34	136
g3465.t1	VFG030398(gb|WP_014001578)	26.386	523	318	17	26	531	27	499	4.46e-34	135
g3465.t1	VFG030405(gb|WP_015303741)	26.195	523	319	17	26	531	27	499	7.28e-34	134
g3465.t1	VFG030407(gb|WP_015294168)	26.054	522	321	16	26	531	27	499	1.40e-33	133
g3465.t1	VFG030404(gb|WP_015288454)	26.004	523	320	17	26	531	27	499	3.79e-33	132
g3465.t1	VFG050041(gb|WP_011198384)	25.414	543	344	15	10	540	467	960	1.55e-32	133
g3465.t1	VFG050041(gb|WP_011198384)	25.235	531	345	13	17	527	1530	2028	5.68e-21	97.4
g3465.t1	VFG030399(gb|WP_012394321)	25.581	516	323	15	28	527	29	499	2.04e-32	130
g3465.t1	VFG030406(gb|WP_015291176)	25.862	522	322	16	26	531	27	499	2.72e-32	129
g3465.t1	VFG050021(gb|NP_391078)	26.705	528	313	17	18	519	40	519	5.40e-32	129
g3465.t1	VFG030408(gb|WP_015355418)	25.094	534	303	15	28	527	29	499	7.03e-32	128
g3465.t1	VFG050019(gb|WP_003185956)	27.692	520	316	21	19	519	41	519	7.66e-32	129
g3465.t1	VFG007203(gb|WP_011152543)	24.767	537	350	16	10	527	35	536	4.19e-31	127
g3465.t1	VFG007202(gb|WP_011081753)	24.767	537	350	16	10	527	35	536	5.30e-31	126
g3465.t1	VFG037317(gb|YP_001085402)	23.473	524	363	13	13	526	9	504	3.24e-30	124
g3465.t1	VFG037320(gb|WP_020753358)	23.608	521	360	13	13	523	38	530	4.68e-30	124
g3465.t1	VFG037315(gb|WP_000744371)	23.608	521	360	13	13	523	38	530	9.09e-30	122
g3465.t1	VFG037322(gb|WP_000744367)	23.608	521	360	13	13	523	38	530	1.01e-29	122
g3465.t1	VFG037316(gb|WP_000744381)	23.417	521	361	13	13	523	38	530	1.08e-29	122
g3465.t1	VFG037313(gb|WP_000744364)	23.417	521	361	13	13	523	38	530	1.08e-29	122
g3465.t1	VFG037314(gb|WP_000744369)	23.664	524	356	14	13	523	38	530	1.68e-29	122
g3465.t1	VFG050043(gb|NP_391076)	25.898	529	344	15	3	523	458	946	2.11e-29	124
g3465.t1	VFG050043(gb|NP_391076)	24.584	541	354	15	17	540	1528	2031	4.62e-22	100
g3465.t1	VFG016044(gb|WP_011534374)	26.335	543	321	19	5	523	3082	3569	4.11e-29	123
g3465.t1	VFG016044(gb|WP_011534374)	24.909	550	360	15	1	539	1570	2077	1.93e-25	111
g3465.t1	VFG016044(gb|WP_011534374)	32.124	193	105	5	9	197	514	684	2.75e-17	85.9
g3465.t1	VFG007200(gb|WP_000205544)	23.396	530	365	15	4	521	26	526	4.72e-29	120
g3465.t1	VFG030403(gb|WP_170320575)	27.799	518	305	17	8	519	40	494	5.63e-29	120
g3465.t1	VFG000932(gb|WP_000026784)	25.094	534	349	16	15	532	35	533	6.33e-29	120
g3465.t1	VFG012985(gb|WP_000026832)	24.906	534	350	16	15	532	35	533	9.26e-29	119
g3465.t1	VFG007201(gb|WP_000205542)	23.208	530	366	15	4	521	26	526	3.88e-28	118
g3465.t1	VFG030392(gb|WP_011725596)	26.958	549	312	19	4	540	35	506	4.52e-28	117
g3465.t1	VFG015908(gb|WP_164920478)	25.952	578	339	17	3	546	3734	4256	6.08e-28	119
g3465.t1	VFG015908(gb|WP_164920478)	26.866	469	297	13	4	461	4803	5236	8.48e-28	119
g3465.t1	VFG015908(gb|WP_164920478)	25.139	541	321	15	15	521	6939	7429	5.78e-24	107
g3465.t1	VFG015908(gb|WP_164920478)	24.352	579	329	15	3	539	2647	3158	7.40e-24	106
g3465.t1	VFG015908(gb|WP_164920478)	23.650	537	354	14	2	523	8024	8519	4.70e-20	94.7
g3465.t1	VFG015908(gb|WP_164920478)	33.503	197	113	6	5	198	474	655	9.50e-17	84.3
g3465.t1	VFG015908(gb|WP_164920478)	32.487	197	115	5	5	198	1564	1745	1.48e-15	80.5
g3465.t1	VFG015908(gb|WP_164920478)	23.827	554	341	19	8	539	5874	6368	1.70e-14	77.0
g3465.t1	VFG044423(gb|AAW66009)	25.045	551	345	21	4	528	30	538	6.85e-28	117
g3465.t1	VFG012990(gb|WP_000026810)	25.331	529	354	15	15	532	35	533	8.42e-28	117
g3465.t1	VFG050154(gb|WP_001133949)	23.784	555	364	16	3	537	459	974	2.27e-27	117
g3465.t1	VFG050154(gb|WP_001133949)	23.933	539	359	11	3	523	1519	2024	4.89e-21	97.8
g3465.t1	VFG012989(gb|WP_000026762)	25.376	532	350	16	15	532	35	533	5.39e-27	114
g3465.t1	VFG012986(gb|NP_706449)	24.390	533	354	15	15	532	35	533	5.96e-27	114
g3465.t1	VFG012988(gb|WP_000026772)	24.719	534	351	16	15	532	35	533	6.07e-27	114
g3465.t1	VFG044429(gb|CAJ45636)	24.727	550	348	20	4	528	30	538	1.05e-26	114
g3465.t1	VFG048421(gb|WP_014837778)	23.933	539	360	13	8	532	30	532	2.07e-26	112
g3465.t1	VFG048422(gb|WP_014228360)	23.933	539	360	13	8	532	30	532	2.29e-26	112
g3465.t1	VFG050044(gb|WP_001133941)	24.281	556	360	16	3	537	459	974	2.50e-26	114
g3465.t1	VFG050044(gb|WP_001133941)	27.041	196	129	3	3	198	1519	1700	1.56e-13	73.9
g3465.t1	VFG050044(gb|WP_001133941)	26.744	172	121	2	356	523	1854	2024	4.28e-06	49.7
g3465.t1	VFG009550(gb|WP_011856111)	28.571	539	316	22	17	528	50	546	3.86e-26	112
g3465.t1	VFG050038(gb|WP_001133934)	23.855	524	351	13	10	523	466	951	4.46e-26	113
g3465.t1	VFG050038(gb|WP_001133934)	22.545	550	353	13	3	523	1519	2024	3.25e-20	95.1
g3465.t1	VFG050040(gb|WP_001133940)	24.231	553	364	15	3	537	459	974	8.10e-26	112
g3465.t1	VFG050040(gb|WP_001133940)	28.571	196	126	3	3	198	1519	1700	1.30e-14	77.4
g3465.t1	VFG050040(gb|WP_001133940)	26.744	172	121	2	356	523	1854	2024	1.55e-06	51.2
g3465.t1	VFG050035(gb|WP_001133943)	24.460	556	359	16	3	537	459	974	1.31e-25	112
g3465.t1	VFG050035(gb|WP_001133943)	28.141	199	123	4	3	198	1519	1700	6.66e-14	75.1
g3465.t1	VFG050035(gb|WP_001133943)	27.326	172	120	2	356	523	1854	2024	2.96e-06	50.4
g3465.t1	VFG030421(gb|WP_179945037)	27.220	518	307	18	8	519	40	493	1.81e-25	109
g3465.t1	VFG050156(gb|WP_001133891)	23.674	528	347	14	10	523	466	951	1.91e-25	111
g3465.t1	VFG050156(gb|WP_001133891)	23.389	543	357	12	3	523	1519	2024	3.84e-20	95.1
g3465.t1	VFG050114(gb|WP_000953496)	24.023	512	332	13	19	522	1847	2309	1.93e-25	111
g3465.t1	VFG015906(gb|WP_011267825)	24.957	577	344	17	4	546	10251	10772	2.23e-25	111
g3465.t1	VFG015906(gb|WP_011267825)	25.000	552	338	18	4	539	9202	9693	2.02e-24	108
g3465.t1	VFG015906(gb|WP_011267825)	24.769	541	328	17	4	523	7042	7524	2.09e-24	108
g3465.t1	VFG015906(gb|WP_011267825)	25.180	556	332	17	4	539	1625	2116	6.17e-24	107
g3465.t1	VFG015906(gb|WP_011267825)	25.093	538	334	17	4	523	2698	3184	2.66e-23	105
g3465.t1	VFG015906(gb|WP_011267825)	23.964	555	334	11	4	523	11319	11820	2.13e-22	102
g3465.t1	VFG015906(gb|WP_011267825)	25.524	525	331	17	17	523	8130	8612	3.00e-22	101
g3465.t1	VFG015906(gb|WP_011267825)	26.046	526	328	16	17	523	3789	4272	9.11e-22	100
g3465.t1	VFG015906(gb|WP_011267825)	23.308	532	348	10	4	523	551	1034	1.16e-20	96.7
g3465.t1	VFG015906(gb|WP_011267825)	24.682	551	343	14	10	539	4869	5368	1.58e-20	96.3
g3465.t1	VFG015906(gb|WP_011267825)	23.974	463	291	12	17	465	12400	12815	4.07e-17	85.5
g3465.t1	VFG015906(gb|WP_011267825)	32.487	197	115	5	5	198	5951	6132	8.96e-16	81.3
g3465.t1	VFG015904(gb|WP_164920479)	25.277	542	324	17	4	523	4769	5251	2.62e-25	111
g3465.t1	VFG015904(gb|WP_164920479)	25.000	524	335	14	17	523	475	957	8.07e-23	103
g3465.t1	VFG015904(gb|WP_164920479)	25.660	530	333	17	8	523	2652	3134	4.28e-21	98.2
g3465.t1	VFG015904(gb|WP_164920479)	23.962	530	323	14	15	523	3708	4178	6.76e-20	94.4
g3465.t1	VFG015904(gb|WP_164920479)	29.843	191	120	3	3	193	1550	1726	2.09e-15	80.1
g3465.t1	VFG030391(gb|WP_003875182)	26.958	549	312	19	4	540	35	506	2.64e-25	109
g3465.t1	VFG016067(gb|WP_011062464)	26.346	520	329	15	17	523	1145	1623	2.71e-25	111
g3465.t1	VFG016067(gb|WP_011062464)	25.275	546	328	19	8	523	2197	2692	8.80e-20	94.0
g3465.t1	VFG016067(gb|WP_011062464)	24.170	542	341	15	7	523	3732	4228	1.40e-14	77.4
g3465.t1	VFG016033(gb|WP_011103872)	25.424	531	345	14	3	523	1550	2039	4.30e-25	110
g3465.t1	VFG016033(gb|WP_011103872)	25.636	550	351	16	10	546	505	1009	2.88e-24	107
g3465.t1	VFG048424(gb|WP_012542486)	23.855	524	352	13	18	527	37	527	6.46e-25	108
g3465.t1	VFG009551(gb|WP_011560854)	28.827	503	290	21	17	493	50	510	8.04e-25	108
g3465.t1	VFG016061(gb|WP_162839071)	25.660	530	341	15	5	523	1137	1624	1.08e-24	109
g3465.t1	VFG016061(gb|WP_162839071)	25.237	527	335	17	17	523	2206	2693	2.13e-20	95.9
g3465.t1	VFG016061(gb|WP_162839071)	31.319	182	103	4	7	183	3728	3892	1.65e-12	70.5
g3465.t1	VFG016131(gb|WP_011533708)	24.719	534	354	16	5	523	27	527	1.17e-24	107
g3465.t1	VFG009545(gb|WP_011724530)	26.087	529	348	18	17	532	49	547	1.73e-24	107
g3465.t1	VFG011606(gb|WP_011005507)	24.762	525	349	16	17	527	39	531	2.23e-24	106
g3465.t1	VFG019335(gb|WP_004686826)	24.762	525	349	16	17	527	39	531	3.71e-24	105
g3465.t1	VFG024001(gb|WP_013471370)	24.813	536	327	15	2	521	481	956	4.02e-24	107
g3465.t1	VFG016035(gb|WP_011168293)	24.811	528	348	13	5	523	1552	2039	4.29e-24	107
g3465.t1	VFG016035(gb|WP_011168293)	30.542	203	115	5	10	211	505	682	4.38e-18	88.6
g3465.t1	VFG016035(gb|WP_011168293)	30.178	169	107	5	361	523	827	990	9.58e-07	52.0
g3465.t1	VFG009492(gb|WP_011893576)	24.813	536	327	15	2	521	481	956	4.88e-24	107
g3465.t1	VFG015905(gb|WP_164920559)	25.603	539	323	17	4	521	4863	5344	5.55e-24	107
g3465.t1	VFG015905(gb|WP_164920559)	25.000	528	331	15	17	523	3790	4273	1.01e-23	106
g3465.t1	VFG015905(gb|WP_164920559)	25.581	559	326	17	4	539	1629	2120	5.02e-23	104
g3465.t1	VFG015905(gb|WP_164920559)	25.139	541	318	16	4	519	550	1028	2.02e-22	102
g3465.t1	VFG015905(gb|WP_164920559)	23.120	532	343	14	8	523	2706	3187	2.21e-17	86.3
g3465.t1	VFG048593(gb|WP_014907267)	25.947	528	353	17	3	523	14	510	7.01e-24	105
g3465.t1	VFG011610(gb|WP_006014905)	24.760	521	346	16	17	523	39	527	7.14e-24	105
g3465.t1	VFG050155(gb|WP_001972445)	23.208	530	351	15	8	523	464	951	9.48e-24	106
g3465.t1	VFG050155(gb|WP_001972445)	23.273	550	349	12	3	523	1519	2024	2.00e-21	99.0
g3465.t1	VFG016034(gb|WP_011267346)	24.621	528	352	13	5	523	1552	2042	1.35e-23	105
g3465.t1	VFG016034(gb|WP_011267346)	32.787	183	100	5	17	198	512	672	3.46e-18	88.6
g3465.t1	VFG044315(gb|WP_012492605)	24.099	527	346	13	12	521	2620	3109	1.47e-23	105
g3465.t1	VFG044315(gb|WP_012492605)	25.277	451	280	15	17	451	1091	1500	2.72e-09	60.1
g3465.t1	VFG044315(gb|WP_012492605)	25.946	185	115	5	4	186	11	175	6.20e-06	49.3
g3465.t1	VFG016036(gb|WP_010954974)	25.370	540	333	18	17	527	1572	2070	1.59e-23	105
g3465.t1	VFG016036(gb|WP_010954974)	25.769	520	326	17	18	521	2633	3108	1.36e-19	93.2
g3465.t1	VFG016036(gb|WP_010954974)	25.974	539	336	21	3	523	503	996	8.04e-17	84.3
g3465.t1	VFG044367(gb|WP_013318791)	24.425	565	330	18	8	534	31	536	1.76e-23	103
g3465.t1	VFG016041(gb|NP_251092)	25.947	528	330	15	17	523	4551	5038	2.01e-23	105
g3465.t1	VFG016041(gb|NP_251092)	26.038	530	329	17	8	523	3043	3523	1.24e-22	102
g3465.t1	VFG016041(gb|NP_251092)	24.906	530	335	16	8	523	516	996	5.90e-22	100
g3465.t1	VFG016041(gb|NP_251092)	24.953	529	322	16	17	523	2002	2477	1.22e-18	90.5
g3465.t1	VFG034164(gb|WP_001088823)	25.665	526	357	16	3	523	14	510	2.06e-23	103
g3465.t1	VFG048591(gb|WP_014229386)	25.573	524	356	14	5	523	16	510	2.14e-23	103
g3465.t1	VFG015863(gb|WP_005894383)	23.417	521	335	14	17	519	15	489	2.23e-23	103
g3465.t1	VFG016043(gb|WP_011666644)	25.996	527	331	14	17	523	4551	5038	2.30e-23	105
g3465.t1	VFG016043(gb|WP_011666644)	25.000	464	301	12	8	463	3043	3467	2.37e-21	99.0
g3465.t1	VFG016043(gb|WP_011666644)	23.864	528	341	14	11	523	1996	2477	4.58e-21	97.8
g3465.t1	VFG016043(gb|WP_011666644)	24.625	467	299	12	8	463	516	940	1.30e-19	93.6
g3465.t1	VFG029725(gb|WP_012392102)	26.095	525	302	14	21	523	3080	3540	2.30e-23	105
g3465.t1	VFG029725(gb|WP_012392102)	34.483	174	92	3	21	193	494	646	6.53e-20	94.4
g3465.t1	VFG029725(gb|WP_012392102)	33.908	174	93	3	21	193	1561	1713	3.92e-19	92.0
g3465.t1	VFG000359(gb|WP_001088826)	25.665	526	357	16	3	523	14	510	3.49e-23	102
g3465.t1	VFG048594(gb|YP_005227770)	25.665	526	357	16	3	523	14	510	3.49e-23	102
g3465.t1	VFG012564(gb|WP_001088826)	25.665	526	357	16	3	523	14	510	3.49e-23	102
g3465.t1	VFG016063(gb|WP_166486371)	26.071	537	330	16	5	523	1137	1624	3.52e-23	104
g3465.t1	VFG016063(gb|WP_166486371)	25.141	533	326	18	18	523	2207	2693	4.28e-19	91.7
g3465.t1	VFG016063(gb|WP_166486371)	22.142	551	362	15	7	537	3728	4231	3.44e-17	85.5
g3465.t1	VFG034165(gb|WP_001088818)	25.141	533	351	15	3	523	14	510	3.65e-23	102
g3465.t1	VFG050045(gb|WP_001133952)	23.551	552	369	15	3	537	459	974	3.80e-23	104
g3465.t1	VFG050045(gb|WP_001133952)	28.571	196	126	3	3	198	1519	1700	3.82e-15	79.0
g3465.t1	VFG050045(gb|WP_001133952)	26.744	172	121	2	356	523	1854	2024	3.64e-06	50.1
g3465.t1	VFG034175(gb|WP_001089765)	25.665	526	357	16	3	523	14	510	3.96e-23	102
g3465.t1	VFG034160(gb|WP_001088819)	25.141	533	351	15	3	523	14	510	4.34e-23	102
g3465.t1	VFG016065(gb|WP_012051699)	24.596	557	342	16	16	539	2190	2701	4.59e-23	104
g3465.t1	VFG016065(gb|WP_012051699)	25.862	522	324	17	16	523	1138	1610	2.04e-18	89.7
g3465.t1	VFG016065(gb|WP_012051699)	21.795	546	364	14	10	537	3710	4210	1.14e-10	64.7
g3465.t1	VFG018292(gb|WP_004692639)	24.381	525	351	16	17	527	39	531	4.73e-23	102
g3465.t1	VFG003500(gb|WP_005168666)	25.328	533	350	17	3	523	14	510	4.93e-23	102
g3465.t1	VFG044332(gb|WP_015874967)	25.665	526	357	16	3	523	14	510	5.85e-23	102
g3465.t1	VFG034168(gb|WP_001088830)	25.665	526	357	16	3	523	14	510	6.01e-23	102
g3465.t1	VFG012565(gb|WP_001088833)	24.953	533	352	15	3	523	14	510	6.12e-23	102
g3465.t1	VFG016175(gb|WP_011168856)	26.947	475	291	17	19	476	33	468	6.31e-23	102
g3465.t1	VFG015826(gb|WP_012273396)	24.727	550	350	17	16	539	2190	2701	6.59e-23	103
g3465.t1	VFG015826(gb|WP_012273396)	25.434	519	322	19	16	519	1138	1606	1.16e-17	87.0
g3465.t1	VFG015826(gb|WP_012273396)	22.142	551	364	15	10	541	3710	4214	2.49e-12	70.1
g3465.t1	VFG016062(gb|WP_165446461)	24.535	538	341	12	3	523	1135	1624	7.14e-23	103
g3465.t1	VFG016062(gb|WP_165446461)	25.891	533	322	18	18	523	2207	2693	6.08e-21	97.4
g3465.t1	VFG016062(gb|WP_165446461)	30.435	184	102	5	7	183	3728	3892	3.03e-11	66.6
g3465.t1	VFG016045(gb|WP_011062374)	25.093	538	322	19	17	523	2024	2511	7.27e-23	103
g3465.t1	VFG016045(gb|WP_011062374)	26.306	536	329	19	5	523	507	993	9.65e-23	103
g3465.t1	VFG016045(gb|WP_011062374)	32.796	186	104	4	3	186	3522	3688	1.26e-19	93.6
g3465.t1	VFG016037(gb|WP_011062375)	26.316	551	339	20	5	538	1586	2086	8.22e-23	103
g3465.t1	VFG016037(gb|WP_011062375)	30.412	194	113	6	5	198	514	685	2.26e-15	79.7
g3465.t1	VFG016064(gb|WP_010954996)	24.596	557	342	16	16	539	2190	2701	8.29e-23	103
g3465.t1	VFG016064(gb|WP_010954996)	25.479	522	326	16	16	523	1138	1610	7.16e-19	90.9
g3465.t1	VFG034174(gb|WP_001088834)	25.094	534	350	16	3	523	14	510	8.40e-23	101
g3465.t1	VFG034170(gb|WP_001088812)	24.953	533	352	15	3	523	14	510	1.03e-22	101
g3465.t1	VFG012566(gb|WP_001088828)	25.475	526	358	16	3	523	14	510	1.06e-22	101
g3465.t1	VFG011607(gb|WP_002969261)	24.760	521	346	16	17	523	39	527	1.51e-22	101
g3465.t1	VFG011609(gb|WP_006191558)	24.190	525	352	16	17	527	39	531	1.57e-22	101
g3465.t1	VFG016066(gb|WP_011533065)	25.455	550	328	18	16	537	2188	2683	2.00e-22	102
g3465.t1	VFG016066(gb|WP_011533065)	25.385	520	329	13	16	523	1136	1608	6.24e-22	100
g3465.t1	VFG016066(gb|WP_011533065)	23.063	555	360	15	7	541	3705	4212	3.64e-15	79.3
g3465.t1	VFG020092(gb|WP_003118945)	26.245	522	326	19	17	519	48	529	2.05e-22	100
g3465.t1	VFG009547(gb|WP_029104139)	26.616	526	333	17	17	523	39	530	2.26e-22	100
g3465.t1	VFG016130(gb|WP_003137468)	26.245	522	326	19	17	519	48	529	2.50e-22	100
g3465.t1	VFG020317(gb|WP_012614130)	24.081	544	357	13	8	543	516	1011	3.88e-22	101
g3465.t1	VFG020317(gb|WP_012614130)	25.465	538	335	17	8	523	3076	3569	7.19e-21	97.4
g3465.t1	VFG020317(gb|WP_012614130)	22.963	540	349	15	8	523	2012	2508	4.58e-16	82.0
g3465.t1	VFG022742(gb|WP_049793010)	25.933	536	342	17	17	532	48	548	1.00e-21	98.6
g3465.t1	VFG024026(gb|WP_014384379)	24.482	531	352	18	17	532	49	545	1.09e-21	98.6
g3465.t1	VFG024030(gb|WP_014379792)	24.482	531	352	18	17	532	49	545	1.10e-21	98.6
g3465.t1	VFG020071(gb|WP_012723748)	24.908	546	362	14	1	539	3083	3587	1.38e-21	99.8
g3465.t1	VFG020071(gb|WP_012723748)	25.528	521	336	15	17	521	517	1001	4.94e-20	94.7
g3465.t1	VFG020071(gb|WP_012723748)	24.584	541	321	19	17	523	1580	2067	4.94e-20	94.7
g3465.t1	VFG050115(gb|WP_002081542)	22.761	536	349	15	5	523	1776	2263	1.43e-21	99.4
g3465.t1	VFG016040(gb|WP_078463717)	25.237	527	335	14	17	523	1549	2036	1.54e-21	99.4
g3465.t1	VFG016040(gb|WP_078463717)	24.112	535	328	18	17	523	489	973	5.19e-17	85.1
g3465.t1	VFG000168(gb|NP_252918)	26.054	522	327	19	17	519	48	529	1.59e-21	98.2
g3465.t1	VFG020073(gb|WP_043205221)	25.184	544	326	19	15	542	3049	3527	2.01e-21	99.0
g3465.t1	VFG020073(gb|WP_043205221)	24.505	555	324	12	17	538	1999	2491	9.12e-19	90.9
g3465.t1	VFG020073(gb|WP_043205221)	22.787	531	349	12	5	523	513	994	2.91e-18	89.0
g3465.t1	VFG020073(gb|WP_043205221)	23.596	534	331	17	17	523	4085	4568	3.91e-17	85.5
g3465.t1	VFG016068(gb|WP_011335255)	23.574	526	343	12	18	523	2200	2686	2.62e-21	98.6
g3465.t1	VFG016068(gb|WP_011335255)	25.000	532	345	14	5	523	1127	1617	4.39e-21	98.2
g3465.t1	VFG016068(gb|WP_011335255)	21.992	532	365	11	7	523	3722	4218	4.31e-17	85.5
g3465.t1	VFG048430(gb|WP_012968726)	23.855	524	352	13	18	527	37	527	2.62e-21	97.4
g3465.t1	VFG016042(gb|WP_161440564)	25.524	525	324	19	16	519	523	1001	2.94e-21	98.6
g3465.t1	VFG016042(gb|WP_161440564)	24.839	467	304	12	5	463	3087	3514	7.27e-21	97.4
g3465.t1	VFG016042(gb|WP_161440564)	25.758	528	331	16	17	523	1582	2069	2.05e-20	95.9
g3465.t1	VFG016042(gb|WP_161440564)	29.240	171	102	2	16	186	4147	4298	9.86e-13	71.2
g3465.t1	VFG024028(gb|WP_014382292)	24.294	531	353	18	17	532	49	545	3.51e-21	97.1
g3465.t1	VFG016129(gb|WP_003157555)	25.385	520	333	17	17	519	48	529	3.76e-21	97.1
g3465.t1	VFG020074(gb|WP_012614121)	24.860	535	342	14	5	523	1130	1620	3.79e-21	98.2
g3465.t1	VFG020074(gb|WP_012614121)	24.897	486	296	16	13	476	2196	2634	2.51e-15	79.7
g3465.t1	VFG020074(gb|WP_012614121)	22.547	479	301	12	8	460	3718	4152	1.81e-10	63.9
g3465.t1	VFG026660(gb|WP_020822192)	24.157	534	350	18	17	532	49	545	5.54e-21	96.3
g3465.t1	VFG020070(gb|WP_012614131)	27.191	559	339	22	8	543	508	1021	7.37e-21	97.1
g3465.t1	VFG024027(gb|WP_014711360)	24.157	534	350	18	17	532	49	545	8.14e-21	95.9
g3465.t1	VFG026555(gb|WP_041179693)	25.651	538	327	17	2	521	487	969	8.66e-21	97.1
g3465.t1	VFG048428(gb|WP_012068426)	23.417	521	358	11	18	527	37	527	8.96e-21	95.5
g3465.t1	VFG026556(gb|WP_041181197)	25.651	538	327	17	2	521	487	969	9.80e-21	96.7
g3465.t1	VFG020069(gb|WP_148235954)	27.191	559	339	22	8	543	505	1018	1.00e-20	97.1
g3465.t1	VFG020069(gb|WP_148235954)	25.465	538	335	17	8	523	2017	2510	1.16e-20	96.7
g3465.t1	VFG020069(gb|WP_148235954)	28.796	191	118	5	3	193	3524	3696	3.87e-12	69.3
g3465.t1	VFG048429(gb|WP_004183353)	23.417	521	358	11	18	527	37	527	1.18e-20	95.1
g3465.t1	VFG020077(gb|WP_015885148)	25.239	523	332	13	18	523	2182	2662	1.26e-20	96.7
g3465.t1	VFG020077(gb|WP_015885148)	25.617	527	313	16	18	523	1131	1599	7.99e-20	94.0
g3465.t1	VFG020077(gb|WP_015885148)	23.845	541	337	13	7	523	3693	4182	4.52e-16	82.0
g3465.t1	VFG026643(gb|WP_015290628)	26.208	538	331	22	17	528	54	551	1.27e-20	95.1
g3465.t1	VFG001817(gb|NP_216900)	26.729	535	332	22	17	528	54	551	1.36e-20	95.1
g3465.t1	VFG048425(gb|YP_005225747)	23.417	521	358	11	18	527	37	527	1.45e-20	95.1
g3465.t1	VFG048427(gb|WP_004223595)	23.664	524	353	13	18	527	37	527	1.56e-20	94.7
g3465.t1	VFG009549(gb|WP_011781018)	25.788	539	331	20	17	528	51	547	2.10e-20	94.7
g3465.t1	VFG021860(gb|WP_011726611)	25.516	533	327	17	17	523	39	527	2.14e-20	95.9
g3465.t1	VFG021860(gb|WP_011726611)	26.903	565	310	18	4	537	1540	2032	8.86e-17	84.3
g3465.t1	VFG021860(gb|WP_011726611)	23.845	541	337	16	8	523	5646	6136	1.53e-16	83.6
g3465.t1	VFG021860(gb|WP_011726611)	25.189	528	315	17	17	521	4135	4605	9.69e-14	74.7
g3465.t1	VFG021860(gb|WP_011726611)	25.000	196	135	3	3	194	2595	2782	6.13e-11	65.5
g3465.t1	VFG021860(gb|WP_011726611)	22.978	544	327	18	3	527	6699	7169	2.05e-07	54.3
g3465.t1	VFG016059(gb|WP_012075639)	24.432	528	347	13	8	523	1133	1620	2.31e-20	95.9
g3465.t1	VFG016059(gb|WP_012075639)	25.103	486	295	16	13	476	2196	2634	1.15e-15	80.9
g3465.t1	VFG016059(gb|WP_012075639)	22.921	541	338	16	8	522	3718	4205	5.63e-11	65.9
g3465.t1	VFG024006(gb|WP_014379795)	22.366	541	317	14	2	512	493	960	2.53e-20	95.5
g3465.t1	VFG024006(gb|WP_014379795)	25.740	439	265	16	18	437	1570	1966	1.06e-12	71.2
g3465.t1	VFG015827(gb|WP_012315395)	23.897	544	341	16	16	528	2190	2691	2.54e-20	95.5
g3465.t1	VFG015827(gb|WP_012315395)	25.660	530	340	16	3	523	1126	1610	5.49e-20	94.7
g3465.t1	VFG015827(gb|WP_012315395)	22.202	554	360	16	10	541	3710	4214	1.75e-11	67.4
g3465.t1	VFG016058(gb|NP_251114)	25.000	536	340	15	5	523	1130	1620	3.03e-20	95.5
g3465.t1	VFG016058(gb|NP_251114)	24.897	486	296	16	13	476	2196	2634	2.71e-15	79.7
g3465.t1	VFG016058(gb|NP_251114)	27.322	183	107	3	8	183	3718	3881	6.87e-10	62.4
g3465.t1	VFG016132(gb|WP_011061776)	25.445	562	331	21	4	531	31	538	3.08e-20	94.0
g3465.t1	VFG026642(gb|WP_015303464)	26.497	551	339	23	17	544	54	561	3.23e-20	94.0
g3465.t1	VFG044420(gb|AAR12562)	23.585	530	349	20	8	519	43	534	3.29e-20	94.0
g3465.t1	VFG016060(gb|WP_003139218)	24.105	531	351	13	5	523	1130	1620	4.49e-20	94.7
g3465.t1	VFG016060(gb|WP_003139218)	25.103	486	295	16	13	476	2196	2634	1.64e-15	80.5
g3465.t1	VFG016060(gb|WP_003139218)	22.921	541	338	16	8	522	3718	4205	7.73e-11	65.1
g3465.t1	VFG009489(gb|WP_011724535)	23.485	528	327	15	2	512	490	957	4.84e-20	94.7
g3465.t1	VFG009489(gb|WP_011724535)	27.715	534	306	22	18	519	1567	2052	1.45e-18	90.1
g3465.t1	VFG022739(gb|WP_014001248)	26.604	530	329	22	17	523	54	546	5.18e-20	93.6
g3465.t1	VFG009546(gb|WP_071497738)	24.818	548	347	22	4	528	38	543	5.26e-20	93.2
g3465.t1	VFG024002(gb|WP_008255566)	22.325	542	316	15	2	512	493	960	5.33e-20	94.4
g3465.t1	VFG024002(gb|WP_008255566)	24.711	433	277	15	18	437	1570	1966	5.29e-11	65.9
g3465.t1	VFG024004(gb|WP_014382296)	22.325	542	316	15	2	512	493	960	6.93e-20	94.0
g3465.t1	VFG024004(gb|WP_014382296)	26.424	439	262	16	18	437	1570	1966	4.09e-14	75.9
g3465.t1	VFG026644(gb|WP_015293659)	26.542	535	333	22	17	528	54	551	7.07e-20	93.2
g3465.t1	VFG026573(gb|WP_020822197)	22.684	529	330	15	2	512	493	960	1.29e-19	93.2
g3465.t1	VFG026573(gb|WP_020822197)	25.968	439	264	16	18	437	1570	1966	7.88e-13	71.6
g3465.t1	VFG026649(gb|WP_015575197)	25.714	525	335	20	17	523	54	541	1.35e-19	92.0
g3465.t1	VFG026645(gb|WP_015356488)	24.818	548	347	22	4	528	38	543	1.40e-19	92.0
g3465.t1	VFG022736(gb|WP_012395312)	24.818	548	347	22	4	528	38	543	1.45e-19	92.0
g3465.t1	VFG015823(gb|WP_012315380)	23.562	539	352	16	5	531	513	1003	1.67e-19	93.2
g3465.t1	VFG015823(gb|WP_012315380)	23.792	559	326	18	2	523	1995	2490	3.01e-17	85.9
g3465.t1	VFG026568(gb|YP_007958419)	25.234	535	328	17	4	521	76	555	2.75e-19	91.7
g3465.t1	VFG026557(gb|WP_041180561)	25.607	535	326	18	4	521	489	968	3.21e-19	92.0
g3465.t1	VFG022711(gb|WP_041180111)	25.421	535	327	17	4	521	489	968	3.24e-19	92.0
g3465.t1	VFG009491(gb|WP_011729886)	33.333	204	102	4	2	203	485	656	5.73e-19	91.3
g3465.t1	VFG016032(gb|WP_011666646)	25.746	536	331	18	10	521	1570	2062	6.98e-19	90.9
g3465.t1	VFG016032(gb|WP_011666646)	25.709	529	326	18	17	521	516	1001	4.36e-18	88.6
g3465.t1	VFG009484(gb|WP_003899297)	25.421	535	327	18	4	521	489	968	9.82e-19	90.5
g3465.t1	VFG001821(gb|NP_216896)	25.421	535	327	18	4	521	440	919	1.29e-18	90.1
g3465.t1	VFG044393(gb|AAF33134)	22.787	531	363	13	14	528	55	554	1.74e-18	88.6
g3465.t1	VFG022737(gb|YP_001702982)	25.462	487	290	16	17	476	55	495	1.91e-18	88.6
g3465.t1	VFG026646(gb|WP_005058867)	25.257	487	291	15	17	476	55	495	2.54e-18	88.2
g3465.t1	VFG026640(gb|WP_016342530)	25.257	487	291	15	17	476	55	495	2.61e-18	88.2
g3465.t1	VFG044363(gb|WP_033112377)	24.092	523	347	19	17	521	486	976	2.74e-18	89.0
g3465.t1	VFG044363(gb|WP_033112377)	23.256	473	290	16	16	460	2009	2436	2.12e-11	67.0
g3465.t1	VFG044233(gb|WP_011533706)	24.226	549	340	17	5	531	868	1362	2.98e-18	89.0
g3465.t1	VFG016174(gb|WP_011104104)	26.488	521	327	17	20	523	34	515	3.23e-18	87.8
g3465.t1	VFG000161(gb|NP_251089)	25.709	529	326	18	17	521	516	1001	4.67e-18	88.2
g3465.t1	VFG000161(gb|NP_251089)	25.709	529	326	18	17	521	1577	2062	5.47e-18	88.2
g3465.t1	VFG029722(gb|WP_011725353)	24.092	523	319	16	17	523	1549	2009	8.51e-18	87.4
g3465.t1	VFG029722(gb|WP_011725353)	23.120	532	335	18	20	538	57	527	1.46e-14	77.0
g3465.t1	VFG044187(gb|WP_011152546)	23.384	526	343	17	17	523	50	534	9.55e-18	86.3
g3465.t1	VFG009548(gb|WP_011893571)	27.523	545	320	25	17	531	56	555	9.61e-18	86.3
g3465.t1	VFG024025(gb|WP_013471365)	27.523	545	320	25	17	531	61	560	9.65e-18	86.3
g3465.t1	VFG022714(gb|WP_013828478)	26.840	462	254	19	18	450	1567	1973	1.86e-17	86.3
g3465.t1	VFG022714(gb|WP_013828478)	30.769	182	94	4	16	195	502	653	1.31e-14	77.4
g3465.t1	VFG009475(gb|WP_011724536)	25.376	532	304	18	17	521	484	949	2.12e-17	86.3
g3465.t1	VFG029729(gb|WP_014385155)	24.237	524	317	19	17	523	1549	2009	2.33e-17	86.3
g3465.t1	VFG029729(gb|WP_014385155)	23.175	548	344	18	4	538	41	524	2.41e-14	76.6
g3465.t1	VFG029728(gb|WP_014382788)	24.427	524	316	19	17	523	1549	2009	2.93e-17	85.9
g3465.t1	VFG029728(gb|WP_014382788)	23.175	548	344	18	4	538	41	524	2.84e-14	76.3
g3465.t1	VFG029727(gb|WP_014711949)	24.237	524	317	19	17	523	1549	2009	3.03e-17	85.9
g3465.t1	VFG029727(gb|WP_014711949)	23.358	548	343	18	4	538	41	524	1.50e-14	77.0
g3465.t1	VFG029726(gb|WP_014942394)	24.190	525	318	19	16	523	1548	2009	6.18e-17	84.7
g3465.t1	VFG029726(gb|WP_014942394)	23.175	548	344	18	4	538	41	524	4.22e-14	75.9
g3465.t1	VFG023999(gb|WP_014384382)	25.370	540	301	21	13	521	480	948	7.75e-17	84.3
g3465.t1	VFG016038(gb|NP_251090)	24.112	535	328	18	17	523	489	973	8.89e-17	84.3
g3465.t1	VFG016038(gb|NP_251090)	33.529	170	95	4	17	186	1549	1700	3.27e-15	79.3
g3465.t1	VFG016038(gb|NP_251090)	31.333	150	86	3	388	523	1890	2036	7.83e-08	55.5
g3465.t1	VFG029730(gb|WP_009953336)	24.237	524	317	19	17	523	1549	2009	1.02e-16	84.0
g3465.t1	VFG029730(gb|WP_009953336)	23.175	548	344	18	4	538	41	524	2.27e-14	76.6
g3465.t1	VFG023998(gb|WP_014379796)	25.370	540	301	21	13	521	480	948	1.35e-16	83.6
g3465.t1	VFG023996(gb|WP_014941690)	25.421	535	297	21	18	521	485	948	3.80e-16	82.0
g3465.t1	VFG023997(gb|WP_008255569)	25.421	535	297	21	18	521	485	948	7.55e-16	81.3
g3465.t1	VFG029734(gb|WP_015304390)	22.921	541	331	18	4	523	41	516	8.93e-16	81.3
g3465.t1	VFG029734(gb|WP_015304390)	23.840	474	301	13	4	465	1533	1958	1.38e-15	80.5
g3465.t1	VFG029733(gb|WP_020822858)	23.810	525	318	19	17	523	1549	2009	9.40e-16	80.9
g3465.t1	VFG029733(gb|WP_020822858)	23.218	547	345	18	4	538	41	524	1.21e-14	77.4
g3465.t1	VFG015822(gb|WP_190273339)	23.077	533	329	16	17	521	1091	1570	1.41e-15	80.5
g3465.t1	VFG015822(gb|WP_190273339)	27.545	167	103	4	20	186	55	203	6.13e-10	62.4
g3465.t1	VFG007221(gb|WP_000523394)	22.776	562	335	16	5	530	901	1399	2.07e-15	79.7
g3465.t1	VFG049154(gb|WP_014907257)	23.684	532	318	17	18	519	30	503	4.03e-15	79.0
g3465.t1	VFG049154(gb|WP_014907257)	24.670	454	289	15	17	460	998	1408	4.75e-14	75.5
g3465.t1	VFG043687(gb|WP_001304254)	23.684	532	318	17	18	519	30	503	4.29e-15	79.0
g3465.t1	VFG043687(gb|WP_001304254)	24.670	454	289	15	17	460	998	1408	4.96e-14	75.5
g3465.t1	VFG029704(gb|WP_015291886)	24.349	538	326	16	3	523	1493	1966	5.20e-15	78.6
g3465.t1	VFG029732(gb|WP_020724413)	23.062	529	328	16	13	523	50	517	7.51e-15	78.2
g3465.t1	VFG029732(gb|WP_020724413)	24.542	546	325	18	3	523	1551	2034	1.86e-13	73.6
g3465.t1	VFG029724(gb|YP_001704825)	23.062	529	328	16	13	523	50	517	7.98e-15	78.2
g3465.t1	VFG029724(gb|YP_001704825)	24.408	549	322	18	3	523	1551	2034	2.65e-13	73.2
g3465.t1	VFG029721(gb|WP_015304389)	28.426	197	119	4	17	212	1958	2133	8.60e-15	77.8
g3465.t1	VFG029721(gb|WP_015304389)	22.201	536	342	15	3	523	459	934	5.27e-14	75.5
g3465.t1	VFG029723(gb|WP_011726917)	22.263	539	332	14	6	523	45	517	1.02e-14	77.8
g3465.t1	VFG029723(gb|WP_011726917)	23.929	280	170	6	4	278	1536	1777	6.37e-10	62.4
g3465.t1	VFG009478(gb|WP_193373624)	25.676	518	287	18	29	521	472	916	1.84e-14	76.6
g3465.t1	VFG043693(gb|WP_001518711)	22.976	531	314	17	17	521	511	972	2.01e-14	76.6
g3465.t1	VFG009493(gb|WP_083767360)	29.231	195	104	3	4	196	468	630	2.14e-14	76.6
g3465.t1	VFG043685(gb|WP_001468003)	24.554	505	311	21	17	507	515	963	2.63e-14	76.3
g3465.t1	VFG043685(gb|WP_001468003)	23.303	545	308	21	17	521	1562	2036	1.86e-10	63.9
g3465.t1	VFG049156(gb|WP_077265119)	24.554	505	311	21	17	507	492	940	2.72e-14	76.3
g3465.t1	VFG049156(gb|WP_077265119)	23.729	531	323	21	17	521	1539	2013	2.79e-10	63.5
g3465.t1	VFG009494(gb|WP_011856106)	27.317	205	91	3	4	194	492	652	4.36e-14	75.5
g3465.t1	VFG009495(gb|WP_011560849)	29.534	193	102	5	4	194	492	652	7.52e-14	74.7
g3465.t1	VFG030416(gb|YP_007959092)	25.723	311	206	10	229	531	13	306	7.64e-14	72.8
g3465.t1	VFG049160(gb|WP_001327259)	21.910	534	341	15	6	523	456	929	8.08e-14	74.7
g3465.t1	VFG043681(gb|WP_001327259)	21.910	534	341	15	6	523	456	929	8.08e-14	74.7
g3465.t1	VFG009533(gb|WP_011729889)	26.779	534	301	17	17	523	566	1036	8.13e-14	74.7
g3465.t1	VFG022709(gb|YP_001702857)	29.474	190	103	4	2	189	487	647	8.63e-14	74.7
g3465.t1	VFG023995(gb|WP_216701262)	25.676	518	287	18	29	521	474	918	9.26e-14	74.3
g3465.t1	VFG016119(gb|WP_011061772)	28.324	173	105	3	15	187	529	682	1.10e-13	74.3
g3465.t1	VFG016119(gb|WP_011061772)	32.000	125	82	2	356	478	842	965	6.02e-09	58.9
g3465.t1	VFG007223(gb|WP_052281495)	22.423	553	348	16	5	534	897	1391	1.23e-13	73.9
g3465.t1	VFG043684(gb|WP_000222467)	25.052	479	287	19	16	473	1275	1702	1.40e-13	73.9
g3465.t1	VFG049157(gb|WP_014907259)	24.843	479	288	19	16	473	1275	1702	1.60e-13	73.9
g3465.t1	VFG049148(gb|WP_041168941)	22.787	531	315	17	17	521	511	972	1.69e-13	73.9
g3465.t1	VFG015911(gb|WP_011267820)	29.213	178	104	4	17	193	35	191	3.41e-13	72.0
g3465.t1	VFG029684(gb|WP_010949130)	29.670	182	106	4	8	189	469	628	3.46e-13	72.8
g3465.t1	VFG029684(gb|WP_010949130)	27.528	178	106	3	17	193	3009	3164	7.33e-12	68.6
g3465.t1	VFG029702(gb|WP_015302405)	24.349	538	330	17	3	523	1492	1969	3.54e-13	72.8
g3465.t1	VFG029703(gb|WP_015288782)	24.349	538	330	17	3	523	1492	1969	4.00e-13	72.4
g3465.t1	VFG009535(gb|WP_041306756)	26.283	487	271	18	14	467	547	978	4.32e-13	72.4
g3465.t1	VFG029731(gb|WP_016342994)	22.678	463	284	12	4	449	1538	1943	4.48e-13	72.4
g3465.t1	VFG029731(gb|WP_016342994)	22.788	452	281	14	13	449	50	448	2.73e-09	60.1
g3465.t1	VFG029701(gb|WP_015287763)	24.349	538	330	17	3	523	1492	1969	4.91e-13	72.4
g3465.t1	VFG029693(gb|WP_014000041)	24.349	538	330	17	3	523	1492	1969	4.96e-13	72.4
g3465.t1	VFG007222(gb|WP_052298478)	22.142	551	348	16	5	532	897	1389	6.51e-13	71.6
g3465.t1	VFG029695(gb|WP_009938180)	24.349	538	330	17	3	523	1492	1969	7.96e-13	71.6
g3465.t1	VFG029700(gb|WP_014380392)	29.121	182	96	4	18	193	1960	2114	8.44e-13	71.6
g3465.t1	VFG029700(gb|WP_014380392)	23.845	541	320	20	6	523	459	930	3.97e-12	69.3
g3465.t1	VFG029681(gb|NP_214615)	24.349	538	330	17	3	523	1492	1969	8.53e-13	71.6
g3465.t1	VFG029686(gb|WP_011799075)	24.349	538	330	17	3	523	1492	1969	8.60e-13	71.6
g3465.t1	VFG029710(gb|WP_014584624)	24.349	538	330	17	3	523	1492	1969	8.67e-13	71.6
g3465.t1	VFG029699(gb|WP_014385156)	29.121	182	96	4	18	193	1960	2114	8.73e-13	71.6
g3465.t1	VFG029699(gb|WP_014385156)	23.845	541	320	20	6	523	459	930	4.79e-12	69.3
g3465.t1	VFG029689(gb|WP_011961622)	24.349	538	330	17	3	523	1492	1969	8.90e-13	71.6
g3465.t1	VFG029696(gb|WP_014942395)	29.121	182	96	4	18	193	1960	2114	1.09e-12	71.2
g3465.t1	VFG029696(gb|WP_014942395)	23.845	541	320	20	6	523	459	930	4.63e-12	69.3
g3465.t1	VFG037448(gb|WP_000910262)	22.182	550	342	17	5	527	23	513	1.11e-12	70.5
g3465.t1	VFG037446(gb|WP_000910243)	22.545	550	340	17	5	527	23	513	1.11e-12	70.5
g3465.t1	VFG029698(gb|WP_014382789)	29.121	182	96	4	18	193	1960	2114	1.12e-12	71.2
g3465.t1	VFG029698(gb|WP_014382789)	23.845	541	320	20	6	523	459	930	5.18e-12	68.9
g3465.t1	VFG029716(gb|YP_005358845)	24.349	538	331	17	3	523	1493	1971	1.14e-12	71.2
g3465.t1	VFG029691(gb|WP_013988709)	24.349	538	330	17	3	523	1492	1969	1.28e-12	70.9
g3465.t1	VFG016117(gb|WP_012074237)	23.810	483	281	15	6	461	518	940	1.60e-12	70.5
g3465.t1	VFG000165(gb|NP_252915)	23.909	481	283	15	6	461	518	940	1.65e-12	70.5
g3465.t1	VFG029685(gb|WP_011725354)	29.121	182	107	4	8	189	461	620	1.91e-12	70.5
g3465.t1	VFG029685(gb|WP_011725354)	28.902	173	100	3	22	193	1960	2110	2.91e-12	69.7
g3465.t1	VFG026535(gb|WP_041180865)	24.953	529	309	17	15	521	478	940	2.34e-12	70.1
g3465.t1	VFG026654(gb|YP_007958424)	24.706	425	274	18	110	523	8	397	3.22e-12	68.6
g3465.t1	VFG016182(gb|WP_011104107)	23.760	484	288	15	16	476	579	1004	4.60e-12	68.9
g3465.t1	VFG022704(gb|WP_041180276)	24.953	529	309	17	15	521	478	940	6.09e-12	68.6
g3465.t1	VFG026553(gb|WP_016342474)	24.390	205	94	2	2	189	487	647	6.55e-12	68.6
g3465.t1	VFG020089(gb|WP_012613543)	23.701	481	284	15	6	461	518	940	6.64e-12	68.6
g3465.t1	VFG029697(gb|WP_014711950)	28.324	173	101	4	22	193	1965	2115	7.88e-12	68.6
g3465.t1	VFG029697(gb|WP_014711950)	23.475	541	322	20	6	523	459	930	5.03e-11	65.9
g3465.t1	VFG026532(gb|WP_041930680)	24.953	529	309	17	15	521	478	940	7.89e-12	68.2
g3465.t1	VFG026559(gb|WP_005061160)	24.390	205	94	2	2	189	487	647	8.05e-12	68.2
g3465.t1	VFG009479(gb|WP_011781012)	25.138	545	304	19	14	521	461	938	8.50e-12	68.2
g3465.t1	VFG026533(gb|WP_041179918)	24.953	529	309	17	15	521	478	940	8.60e-12	68.2
g3465.t1	VFG026534(gb|WP_041181523)	24.953	529	309	17	15	521	478	940	1.03e-11	67.8
g3465.t1	VFG022708(gb|WP_012395307)	30.000	170	88	3	22	189	509	649	1.03e-11	67.8
g3465.t1	VFG024020(gb|WP_014941687)	23.985	542	342	16	17	541	567	1055	1.78e-11	67.0
g3465.t1	VFG026536(gb|WP_015356482)	24.691	486	280	20	4	460	455	883	1.80e-11	67.0
g3465.t1	VFG026558(gb|WP_015356483)	30.000	170	88	3	22	189	509	649	1.97e-11	67.0
g3465.t1	VFG009490(gb|WP_011741372)	30.000	170	88	3	22	189	509	649	2.04e-11	67.0
g3465.t1	VFG029705(gb|WP_016893944)	28.272	191	119	3	3	193	461	633	2.17e-11	67.0
g3465.t1	VFG029705(gb|WP_016893944)	24.607	191	121	4	4	193	1969	2137	2.47e-11	67.0
g3465.t1	VFG029690(gb|YP_001704826)	28.272	191	119	3	3	193	461	633	2.19e-11	67.0
g3465.t1	VFG029690(gb|YP_001704826)	24.607	191	121	4	4	193	1969	2137	4.47e-11	65.9
g3465.t1	VFG037442(gb|WP_000910253)	22.182	550	342	18	5	527	23	513	2.76e-11	66.2
g3465.t1	VFG044299(gb|WP_012368439)	22.222	459	296	12	19	461	564	977	3.74e-11	66.2
g3465.t1	VFG022701(gb|WP_012395306)	24.380	484	284	19	4	460	455	883	4.57e-11	65.9
g3465.t1	VFG024023(gb|WP_014384380)	23.985	542	342	16	17	541	567	1055	4.84e-11	65.9
g3465.t1	VFG024021(gb|WP_041297820)	23.985	542	342	16	17	541	567	1055	5.51e-11	65.5
g3465.t1	VFG026638(gb|WP_020822193)	24.105	531	333	16	17	530	567	1044	8.05e-11	65.1
g3465.t1	VFG016118(gb|WP_011666540)	23.285	481	286	15	6	461	518	940	9.38e-11	64.7
g3465.t1	VFG037440(gb|WP_000910246)	21.636	550	345	18	5	527	23	513	2.00e-10	63.2
g3465.t1	VFG024024(gb|WP_014379793)	23.801	542	343	16	17	541	567	1055	3.83e-10	62.8
g3465.t1	VFG032819(gb|WP_014092401)	19.109	539	383	14	1	523	1	502	5.35e-10	61.6
g3465.t1	VFG032820(gb|WP_041176241)	21.622	407	239	13	154	523	139	502	6.90e-10	61.2
g3465.t1	VFG044432(gb|CAJ45639)	20.638	533	356	14	17	523	1997	2488	8.25e-10	62.0
g3465.t1	VFG044432(gb|CAJ45639)	20.727	550	363	16	4	523	467	973	3.88e-08	56.6
g3465.t1	VFG032800(gb|WP_014929461)	19.703	538	381	17	1	523	1	502	1.25e-09	60.5
g3465.t1	VFG032790(gb|WP_003727064)	19.888	538	380	17	1	523	1	502	2.40e-09	59.7
g3465.t1	VFG032792(gb|WP_012681203)	19.888	538	380	17	1	523	1	502	3.29e-09	59.3
g3465.t1	VFG024019(gb|WP_099961554)	24.088	548	345	16	15	544	555	1049	3.51e-09	59.7
g3465.t1	VFG037443(gb|YP_001085412)	23.023	430	270	16	125	527	59	454	6.16e-09	58.5
g3465.t1	VFG009476(gb|WP_011741371)	24.289	457	265	18	30	460	482	883	9.71e-09	58.2
g3465.t1	VFG032793(gb|WP_012581621)	19.553	537	383	15	1	523	1	502	1.03e-08	57.8
g3465.t1	VFG026621(gb|WP_015303463)	24.184	521	326	13	17	521	566	1033	1.10e-08	58.2
g3465.t1	VFG026622(gb|WP_015290627)	24.376	521	325	13	17	521	566	1033	1.22e-08	58.2
g3465.t1	VFG032788(gb|WP_010990699)	21.809	376	260	12	162	523	147	502	1.34e-08	57.4
g3465.t1	VFG048491(gb|WP_014228351)	22.269	476	299	16	6	459	459	885	1.72e-08	57.4
g3465.t1	VFG026624(gb|WP_015356481)	23.583	547	314	20	10	523	564	1039	2.25e-08	57.0
g3465.t1	VFG026619(gb|WP_016342476)	28.571	140	95	1	384	523	896	1030	2.30e-08	57.0
g3465.t1	VFG048490(gb|WP_014837772)	22.269	476	299	16	6	459	459	885	2.62e-08	57.0
g3465.t1	VFG026625(gb|WP_005061165)	28.571	140	95	1	384	523	896	1030	2.64e-08	57.0
g3465.t1	VFG026623(gb|WP_015293658)	24.330	522	324	14	17	521	566	1033	2.85e-08	56.6
g3465.t1	VFG044413(gb|AAR12528)	27.072	181	121	4	349	523	771	946	3.23e-08	56.6
g3465.t1	VFG044413(gb|AAR12528)	25.000	176	109	2	13	187	463	616	1.10e-07	54.7
g3465.t1	VFG044316(gb|WP_012492606)	25.294	170	108	3	17	186	525	675	3.27e-08	56.6
g3465.t1	VFG009534(gb|WP_041800014)	24.034	466	285	14	15	464	557	969	4.20e-08	56.2
g3465.t1	VFG026537(gb|WP_005061162)	24.644	491	282	21	3	463	456	888	5.39e-08	55.8
g3465.t1	VFG044372(gb|AAL65279)	24.046	524	349	17	17	521	55	548	7.20e-08	55.5
g3465.t1	VFG022702(gb|YP_001702858)	26.486	185	118	5	3	186	456	623	8.00e-08	55.5
g3465.t1	VFG009530(gb|WP_010949506)	24.000	525	327	17	17	523	565	1035	8.02e-08	55.5
g3465.t1	VFG026531(gb|WP_016342475)	27.568	185	116	5	3	186	456	623	8.06e-08	55.5
g3465.t1	VFG009532(gb|WP_011741370)	23.247	542	313	19	15	523	568	1039	8.59e-08	55.1
g3465.t1	VFG022735(gb|WP_013828465)	24.733	469	260	15	17	453	563	970	1.58e-07	54.3
g3465.t1	VFG022707(gb|WP_013828479)	24.953	533	301	21	17	521	476	937	1.71e-07	54.3
g3465.t1	VFG048493(gb|WP_012542492)	21.748	469	291	13	16	459	468	885	2.29e-07	53.9
g3465.t1	VFG016183(gb|WP_011168852)	27.485	171	100	3	17	187	580	726	5.15e-07	52.8
g3465.t1	VFG009529(gb|WP_011799261)	23.563	522	328	14	17	521	566	1033	5.53e-07	52.8
g3465.t1	VFG026628(gb|WP_003902259)	23.563	522	328	14	17	521	566	1033	5.97e-07	52.4
g3465.t1	VFG001403(gb|NP_216899)	23.563	522	328	14	17	521	566	1033	5.97e-07	52.4
g3465.t1	VFG009528(gb|WP_010950705)	23.563	522	328	14	17	521	566	1033	6.29e-07	52.4
g3465.t1	VFG009527(gb|WP_010924520)	23.563	522	328	14	17	521	566	1033	6.51e-07	52.4
g3465.t1	VFG022732(gb|WP_014001247)	23.755	522	327	14	17	521	566	1033	7.15e-07	52.4
g3465.t1	VFG048499(gb|WP_012968729)	21.983	464	296	15	16	459	468	885	8.22e-07	52.0
g3465.t1	VFG001820(gb|NP_216895)	29.379	177	87	5	15	189	483	623	9.21e-07	52.0
g3465.t1	VFG048578(gb|WP_014907269)	27.059	170	101	2	17	186	580	726	9.78e-07	52.0
g3465.t1	VFG009470(gb|WP_023637453)	29.379	177	87	5	15	189	478	618	1.01e-06	51.6
g3465.t1	VFG022731(gb|WP_003910556)	23.563	522	328	14	17	521	566	1033	1.11e-06	51.6
g3465.t1	VFG024741(gb|WP_012393569)	23.396	530	339	18	29	545	31	506	1.19e-06	51.2
g3465.t1	VFG048496(gb|WP_014599078)	22.366	465	293	16	16	459	468	885	1.29e-06	51.6
g3465.t1	VFG022730(gb|YP_001702859)	25.974	154	81	2	384	523	896	1030	1.44e-06	51.2
g3465.t1	VFG029288(gb|WP_015355157)	23.552	518	329	18	29	533	31	494	1.49e-06	50.8
g3465.t1	VFG024746(gb|WP_010907553)	24.065	428	261	15	29	446	31	404	1.75e-06	50.8
g3465.t1	VFG048494(gb|YP_005225740)	23.810	168	107	3	16	183	468	614	2.11e-06	50.8
g3465.t1	VFG048498(gb|WP_012737619)	23.810	168	107	3	16	183	468	614	2.20e-06	50.8
g3465.t1	VFG048497(gb|WP_041937591)	21.535	469	292	13	16	459	468	885	2.24e-06	50.8
g3465.t1	VFG024743(gb|WP_014001501)	23.364	535	351	16	8	533	10	494	3.67e-06	49.7
g3465.t1	VFG009477(gb|WP_011729885)	30.282	142	95	2	383	521	805	945	4.81e-06	49.7
g3465.t1	VFG009537(gb|WP_208856635)	24.203	533	317	18	16	523	612	1082	6.69e-06	48.9
g3465.t1	VFG009538(gb|WP_011560853)	24.203	533	317	18	16	523	561	1031	6.75e-06	48.9
g3465.t1	VFG048577(gb|WP_014229383)	27.059	170	101	3	17	186	580	726	9.09e-06	48.9
