g180.t1	VFG005553(gb|WP_002263425)	32.021	381	245	9	15	385	15	391	2.19e-50	176
g180.t1	VFG005543(gb|WP_002988145)	28.675	415	268	9	15	409	15	421	4.75e-49	172
g180.t1	VFG005534(gb|WP_011054989)	28.675	415	268	9	15	409	15	421	4.75e-49	172
g180.t1	VFG005536(gb|WP_021775465)	30.280	393	246	10	15	390	15	396	4.80e-49	172
g180.t1	VFG005544(gb|WP_011018213)	29.187	418	262	11	15	409	15	421	5.72e-49	172
g180.t1	VFG005552(gb|WP_011837486)	32.124	386	238	9	15	385	15	391	2.16e-48	171
g180.t1	VFG005556(gb|WP_011680653)	31.156	398	254	7	1	385	1	391	5.49e-48	169
g180.t1	VFG005554(gb|WP_011225339)	31.156	398	254	7	1	385	1	391	6.03e-48	169
g180.t1	VFG018661(gb|WP_011999924)	34.177	316	201	6	15	325	15	328	9.21e-48	169
g180.t1	VFG019091(gb|WP_000116474)	34.385	317	199	7	15	325	15	328	7.22e-47	167
g180.t1	VFG005546(gb|WP_000107753)	30.649	385	245	8	15	385	15	391	9.26e-47	166
g180.t1	VFG005548(gb|WP_000107750)	30.649	385	245	8	15	385	15	391	1.19e-46	166
g180.t1	VFG019092(gb|WP_000116465)	34.069	317	200	7	15	325	15	328	3.13e-46	165
g180.t1	VFG005547(gb|WP_000107749)	30.390	385	246	8	15	385	15	391	2.01e-45	162
g180.t1	VFG005549(gb|WP_000116477)	30.052	386	246	9	15	385	15	391	9.12e-45	161
g180.t1	VFG005550(gb|WP_000116479)	33.123	317	203	7	15	325	15	328	4.54e-44	159
g1176.t1	VFG005547(gb|WP_000107749)	26.573	429	304	5	1	422	1	425	5.46e-47	167
g1176.t1	VFG005546(gb|WP_000107753)	26.573	429	304	5	1	422	1	425	6.71e-47	167
g1176.t1	VFG005548(gb|WP_000107750)	26.573	429	304	5	1	422	1	425	7.21e-47	167
g1176.t1	VFG019091(gb|WP_000116474)	26.866	402	287	4	1	395	1	402	6.39e-46	165
g1176.t1	VFG005550(gb|WP_000116479)	26.617	402	288	4	1	395	1	402	3.45e-45	162
g1176.t1	VFG019092(gb|WP_000116465)	26.617	402	288	4	1	395	1	402	5.25e-45	162
g1176.t1	VFG005549(gb|WP_000116477)	26.617	402	288	4	1	395	1	402	6.25e-45	162
g1176.t1	VFG005553(gb|WP_002263425)	25.373	402	293	4	1	395	1	402	5.16e-44	159
g1176.t1	VFG018661(gb|WP_011999924)	26.902	368	262	4	1	361	1	368	3.64e-43	157
g1176.t1	VFG005534(gb|WP_011054989)	25.373	402	293	4	1	395	1	402	7.83e-43	156
g1176.t1	VFG005536(gb|WP_021775465)	25.373	402	293	4	1	395	1	402	9.03e-43	156
g1176.t1	VFG005543(gb|WP_002988145)	25.124	402	294	4	1	395	1	402	7.60e-42	154
g1176.t1	VFG005544(gb|WP_011018213)	25.124	402	294	4	1	395	1	402	2.50e-41	152
g1176.t1	VFG005554(gb|WP_011225339)	26.866	402	287	5	1	395	1	402	3.09e-41	152
g1176.t1	VFG005556(gb|WP_011680653)	26.866	402	287	5	1	395	1	402	4.33e-41	152
g1176.t1	VFG005552(gb|WP_011837486)	24.691	405	298	4	1	398	1	405	3.84e-38	144
g2429.t1	VFG005546(gb|WP_000107753)	26.977	430	297	6	1	422	1	421	1.00e-46	167
g2429.t1	VFG005548(gb|WP_000107750)	26.977	430	297	6	1	422	1	421	1.23e-46	166
g2429.t1	VFG005547(gb|WP_000107749)	26.977	430	297	6	1	422	1	421	3.02e-46	166
g2429.t1	VFG018661(gb|WP_011999924)	27.989	368	258	4	1	361	1	368	3.84e-44	160
g2429.t1	VFG019091(gb|WP_000116474)	26.389	432	301	6	1	424	1	423	5.96e-43	157
g2429.t1	VFG005554(gb|WP_011225339)	28.406	433	287	9	1	422	1	421	6.47e-43	156
g2429.t1	VFG005550(gb|WP_000116479)	26.620	432	300	6	1	424	1	423	7.62e-43	156
g2429.t1	VFG005556(gb|WP_011680653)	28.406	433	287	9	1	422	1	421	9.34e-43	156
g2429.t1	VFG005553(gb|WP_002263425)	25.858	437	299	9	1	426	1	423	1.30e-42	155
g2429.t1	VFG005549(gb|WP_000116477)	26.389	432	301	6	1	424	1	423	3.67e-42	154
g2429.t1	VFG019092(gb|WP_000116465)	25.926	432	303	6	1	424	1	423	1.30e-41	153
g2429.t1	VFG005534(gb|WP_011054989)	25.346	434	307	7	1	426	1	425	3.12e-40	149
g2429.t1	VFG005536(gb|WP_021775465)	25.115	434	308	7	1	426	1	425	1.04e-39	148
g2429.t1	VFG005543(gb|WP_002988145)	25.115	434	308	7	1	426	1	425	3.58e-39	146
g2429.t1	VFG005544(gb|WP_011018213)	25.115	434	308	7	1	426	1	425	8.71e-39	145
g2429.t1	VFG005552(gb|WP_011837486)	25.290	431	307	5	1	424	1	423	2.59e-38	144
g1826.t1	VFG005553(gb|WP_002263425)	32.178	404	247	8	1	383	1	398	8.70e-54	185
g1826.t1	VFG005556(gb|WP_011680653)	29.620	395	256	5	1	377	1	391	2.19e-49	173
g1826.t1	VFG005554(gb|WP_011225339)	29.620	395	256	5	1	377	1	391	2.86e-49	173
g1826.t1	VFG005543(gb|WP_002988145)	29.397	398	259	5	1	380	1	394	2.90e-47	167
g1826.t1	VFG005534(gb|WP_011054989)	29.397	398	259	5	1	380	1	394	2.96e-47	167
g1826.t1	VFG005544(gb|WP_011018213)	29.397	398	259	5	1	380	1	394	3.08e-47	167
g1826.t1	VFG005536(gb|WP_021775465)	29.397	398	259	5	1	380	1	394	3.15e-47	167
g1826.t1	VFG005550(gb|WP_000116479)	31.078	399	245	11	1	377	1	391	1.77e-46	165
g1826.t1	VFG005548(gb|WP_000107750)	28.736	435	282	7	1	416	1	426	2.65e-46	165
g1826.t1	VFG005546(gb|WP_000107753)	28.736	435	282	7	1	416	1	426	2.91e-46	165
g1826.t1	VFG005549(gb|WP_000116477)	30.693	404	240	11	1	377	1	391	2.97e-46	165
g1826.t1	VFG019091(gb|WP_000116474)	30.227	397	251	9	1	377	1	391	6.66e-46	164
g1826.t1	VFG019092(gb|WP_000116465)	29.873	395	255	7	1	377	1	391	1.74e-45	162
g1826.t1	VFG005547(gb|WP_000107749)	28.506	435	283	7	1	416	1	426	4.18e-45	162
g1826.t1	VFG018661(gb|WP_011999924)	31.606	386	238	10	1	376	1	370	4.54e-45	161
g1826.t1	VFG005552(gb|WP_011837486)	30.982	397	248	9	1	377	1	391	1.14e-43	158
g415.t1	VFG005556(gb|WP_011680653)	32.644	435	266	10	1	417	1	426	7.85e-55	187
g415.t1	VFG005554(gb|WP_011225339)	32.414	435	267	10	1	417	1	426	1.06e-54	187
g415.t1	VFG019092(gb|WP_000116465)	31.980	394	249	5	1	378	1	391	5.88e-53	182
g415.t1	VFG005536(gb|WP_021775465)	30.641	421	265	8	15	417	15	426	9.03e-53	182
g415.t1	VFG005543(gb|WP_002988145)	30.641	421	265	8	15	417	15	426	9.32e-53	182
g415.t1	VFG019091(gb|WP_000116474)	31.726	394	250	5	1	378	1	391	1.45e-52	181
g415.t1	VFG005534(gb|WP_011054989)	30.641	421	265	8	15	417	15	426	1.90e-52	181
g415.t1	VFG005544(gb|WP_011018213)	30.641	421	265	8	15	417	15	426	2.11e-52	181
g415.t1	VFG005552(gb|WP_011837486)	35.604	323	198	5	6	325	9	324	3.13e-52	181
g415.t1	VFG005549(gb|WP_000116477)	31.472	394	251	5	1	378	1	391	4.47e-52	180
g415.t1	VFG018661(gb|WP_011999924)	35.135	333	210	4	1	330	1	330	6.24e-52	180
g415.t1	VFG005550(gb|WP_000116479)	31.472	394	251	5	1	378	1	391	7.38e-52	179
g415.t1	VFG005553(gb|WP_002263425)	32.283	381	237	6	15	378	15	391	1.24e-51	179
g415.t1	VFG005546(gb|WP_000107753)	31.234	381	241	7	15	378	15	391	3.53e-49	172
g415.t1	VFG005548(gb|WP_000107750)	31.234	381	241	7	15	378	15	391	3.95e-49	172
g415.t1	VFG005547(gb|WP_000107749)	30.971	381	242	7	15	378	15	391	7.63e-48	169
