g1913.t1	VFG030992(gb|WP_011562052)	31.490	416	244	10	1	404	1	387	1.73e-50	174
g1913.t1	VFG030989(gb|WP_011892407)	31.873	411	249	10	1	404	1	387	7.15e-50	172
g1913.t1	VFG030991(gb|WP_011857155)	31.250	416	245	10	1	404	1	387	1.76e-49	172
g1913.t1	VFG030996(gb|WP_011782397)	30.508	413	252	10	1	404	1	387	4.81e-49	171
g1913.t1	VFG031014(gb|WP_015291531)	31.591	421	237	12	1	404	1	387	2.46e-48	169
g1913.t1	VFG030983(gb|NP_218060)	31.591	421	237	12	1	404	1	387	2.91e-48	168
g1913.t1	VFG030984(gb|WP_003917816)	31.354	421	238	12	1	404	1	387	3.06e-47	166
g1913.t1	VFG030986(gb|WP_003875682)	31.116	421	239	11	1	404	1	387	8.00e-47	164
g1913.t1	VFG031015(gb|WP_015294487)	31.116	421	239	12	1	404	1	387	2.39e-46	163
g1913.t1	VFG030990(gb|WP_011730958)	29.829	409	260	9	1	404	1	387	3.20e-46	163
g1913.t1	VFG031003(gb|WP_013830615)	36.290	248	152	2	1	248	1	242	4.61e-46	162
g1913.t1	VFG030998(gb|YP_001701367)	33.060	366	212	9	48	404	46	387	4.76e-46	162
g1913.t1	VFG031026(gb|YP_007959529)	37.500	256	138	5	1	248	1	242	5.23e-46	162
g1913.t1	VFG031034(gb|WP_015309552)	31.978	369	212	8	48	404	46	387	7.69e-46	162
g1913.t1	VFG031007(gb|WP_008263658)	31.220	410	253	10	1	404	1	387	1.41e-45	161
g1913.t1	VFG031016(gb|WP_015357393)	31.010	416	246	11	1	404	1	387	1.88e-45	161
g1913.t1	VFG031002(gb|WP_012396554)	31.010	416	246	11	1	404	1	387	2.13e-45	160
g1913.t1	VFG031006(gb|WP_009956911)	30.976	410	254	10	1	404	1	387	3.63e-45	160
g1913.t1	VFG030995(gb|WP_011741754)	30.769	416	247	11	1	404	1	387	8.55e-44	156
g1913.t1	VFG029172(gb|WP_005060526)	30.847	295	187	7	3	290	1	285	7.40e-33	127
g1913.t1	VFG044398(gb|AAF33139)	26.699	412	249	11	1	397	133	506	4.33e-25	107
g1913.t1	VFG029181(gb|YP_007957115)	29.063	320	205	6	1	309	1	309	1.29e-20	92.4
g1913.t1	VFG049152(gb|WP_000337350)	28.934	197	129	4	38	231	29	217	3.11e-17	82.4
g1913.t1	VFG043689(gb|WP_000337350)	28.934	197	129	4	38	231	29	217	3.11e-17	82.4
g1913.t1	VFG021832(gb|WP_003877913)	25.914	301	188	9	9	297	20	297	1.07e-06	50.4
g1913.t1	VFG021833(gb|WP_011725107)	25.581	301	189	9	9	297	20	297	2.30e-06	49.3
g3452.t1	VFG030989(gb|WP_011892407)	48.379	401	192	6	1	400	1	387	2.64e-119	351
g3452.t1	VFG030996(gb|WP_011782397)	46.883	401	198	6	1	400	1	387	5.99e-117	345
g3452.t1	VFG030990(gb|WP_011730958)	46.633	401	199	6	1	400	1	387	6.34e-116	343
g3452.t1	VFG030991(gb|WP_011857155)	46.384	401	200	6	1	400	1	387	1.99e-114	339
g3452.t1	VFG031003(gb|WP_013830615)	47.277	404	192	9	1	400	1	387	2.47e-113	336
g3452.t1	VFG030992(gb|WP_011562052)	46.135	401	201	6	1	400	1	387	2.64e-113	336
g3452.t1	VFG030998(gb|YP_001701367)	46.269	402	199	7	1	400	1	387	7.32e-111	330
g3452.t1	VFG030986(gb|WP_003875682)	45.885	401	202	6	1	400	1	387	1.04e-110	329
g3452.t1	VFG031002(gb|WP_012396554)	45.274	402	203	8	1	400	1	387	4.58e-110	328
g3452.t1	VFG030983(gb|NP_218060)	45.522	402	202	8	1	400	1	387	5.63e-110	328
g3452.t1	VFG031014(gb|WP_015291531)	45.522	402	202	8	1	400	1	387	7.31e-110	327
g3452.t1	VFG031016(gb|WP_015357393)	45.274	402	203	8	1	400	1	387	1.02e-109	327
g3452.t1	VFG030995(gb|WP_011741754)	45.025	402	204	8	1	400	1	387	3.89e-109	325
g3452.t1	VFG030984(gb|WP_003917816)	45.274	402	203	8	1	400	1	387	8.97e-109	325
g3452.t1	VFG031015(gb|WP_015294487)	45.522	402	202	8	1	400	1	387	2.36e-108	323
g3452.t1	VFG031026(gb|YP_007959529)	44.140	401	209	6	1	400	1	387	8.28e-107	320
g3452.t1	VFG031006(gb|WP_009956911)	44.140	401	209	6	1	400	1	387	8.28e-107	320
g3452.t1	VFG031007(gb|WP_008263658)	44.140	401	209	6	1	400	1	387	1.41e-106	319
g3452.t1	VFG031034(gb|WP_015309552)	44.665	403	204	9	1	400	1	387	4.22e-106	318
g3452.t1	VFG029172(gb|WP_005060526)	27.431	401	253	10	3	391	1	375	4.93e-38	140
g3452.t1	VFG029181(gb|YP_007957115)	30.612	392	240	9	1	383	1	369	3.91e-32	125
g3452.t1	VFG044398(gb|AAF33139)	25.424	354	225	12	47	388	175	501	2.89e-19	89.4
g3452.t1	VFG049152(gb|WP_000337350)	26.733	202	132	5	47	242	37	228	9.21e-19	87.0
g3452.t1	VFG043689(gb|WP_000337350)	26.733	202	132	5	47	242	37	228	9.21e-19	87.0
g3452.t1	VFG021832(gb|WP_003877913)	25.879	313	209	9	86	392	82	377	9.73e-14	72.0
g3452.t1	VFG021833(gb|WP_011725107)	26.198	313	208	9	86	392	82	377	1.06e-13	72.0
g3452.t1	VFG024055(gb|WP_009954826)	25.407	307	208	10	86	388	79	368	1.34e-10	62.4
g3452.t1	VFG029188(gb|WP_036455780)	25.407	307	208	10	86	388	79	368	1.36e-10	62.4
g3452.t1	VFG024053(gb|WP_193375497)	25.407	307	208	10	86	388	79	368	1.67e-10	62.0
g3452.t1	VFG024054(gb|WP_014384755)	25.081	307	209	10	86	388	82	371	3.51e-10	61.2
g3452.t1	VFG022772(gb|WP_041319723)	22.792	351	242	9	46	388	37	366	6.35e-09	57.4
g3452.t1	VFG021835(gb|WP_011779182)	22.801	307	216	8	86	388	81	370	1.84e-08	55.8
g3452.t1	VFG021836(gb|WP_011559123)	23.625	309	211	9	86	388	78	367	8.73e-08	53.5
g3452.t1	VFG021834(gb|WP_029104518)	22.034	354	241	10	46	388	38	367	2.96e-07	52.0
g3493.t1	VFG030983(gb|NP_218060)	100.000	387	0	0	1	387	1	387	0.0	795
g3493.t1	VFG030984(gb|WP_003917816)	99.742	387	1	0	1	387	1	387	0.0	792
g3493.t1	VFG031014(gb|WP_015291531)	99.225	387	3	0	1	387	1	387	0.0	790
g3493.t1	VFG031026(gb|YP_007959529)	98.191	387	7	0	1	387	1	387	0.0	775
g3493.t1	VFG031015(gb|WP_015294487)	96.382	387	14	0	1	387	1	387	0.0	769
g3493.t1	VFG031002(gb|WP_012396554)	90.439	387	37	0	1	387	1	387	0.0	725
g3493.t1	VFG031016(gb|WP_015357393)	90.181	387	38	0	1	387	1	387	0.0	723
g3493.t1	VFG030995(gb|WP_011741754)	89.922	387	39	0	1	387	1	387	0.0	720
g3493.t1	VFG031034(gb|WP_015309552)	88.114	387	46	0	1	387	1	387	0.0	712
g3493.t1	VFG031006(gb|WP_009956911)	88.372	387	45	0	1	387	1	387	0.0	712
g3493.t1	VFG031007(gb|WP_008263658)	88.114	387	46	0	1	387	1	387	0.0	710
g3493.t1	VFG030986(gb|WP_003875682)	87.597	387	48	0	1	387	1	387	0.0	709
g3493.t1	VFG031003(gb|WP_013830615)	86.047	387	54	0	1	387	1	387	0.0	694
g3493.t1	VFG030991(gb|WP_011857155)	85.271	387	57	0	1	387	1	387	0.0	691
g3493.t1	VFG030992(gb|WP_011562052)	85.271	387	57	0	1	387	1	387	0.0	690
g3493.t1	VFG030996(gb|WP_011782397)	82.429	387	68	0	1	387	1	387	0.0	675
g3493.t1	VFG030989(gb|WP_011892407)	79.328	387	80	0	1	387	1	387	0.0	652
g3493.t1	VFG030990(gb|WP_011730958)	77.519	387	87	0	1	387	1	387	0.0	647
g3493.t1	VFG030998(gb|YP_001701367)	75.194	387	96	0	1	387	1	387	0.0	627
g3493.t1	VFG029172(gb|WP_005060526)	29.974	387	244	12	3	376	1	373	7.23e-34	129
g3493.t1	VFG029181(gb|YP_007957115)	30.256	390	247	9	1	378	1	377	9.25e-29	115
g3493.t1	VFG044398(gb|AAF33139)	24.479	384	264	11	3	376	135	502	1.96e-22	98.6
g3493.t1	VFG049152(gb|WP_000337350)	28.440	218	131	7	44	253	38	238	1.67e-13	71.2
g3493.t1	VFG043689(gb|WP_000337350)	28.440	218	131	7	44	253	38	238	1.67e-13	71.2
g3493.t1	VFG021835(gb|WP_011779182)	26.351	296	186	11	97	378	96	373	3.13e-09	58.2
g3493.t1	VFG021832(gb|WP_003877913)	27.957	279	165	14	115	377	115	373	1.27e-08	56.2
g3493.t1	VFG021833(gb|WP_011725107)	28.315	279	164	14	115	377	115	373	1.39e-08	56.2
g3493.t1	VFG029188(gb|WP_036455780)	26.087	276	172	12	117	378	114	371	1.20e-06	50.1
g3493.t1	VFG024055(gb|WP_009954826)	26.087	276	172	12	117	378	114	371	1.26e-06	50.1
g3493.t1	VFG024053(gb|WP_193375497)	26.087	276	172	12	117	378	114	371	1.43e-06	49.7
g3493.t1	VFG024054(gb|WP_014384755)	25.725	276	173	12	117	378	117	374	2.40e-06	49.3
g3493.t1	VFG022772(gb|WP_041319723)	26.102	295	184	12	98	377	93	368	3.96e-06	48.5
g3510.t1	VFG030998(gb|YP_001701367)	31.304	345	221	6	47	381	46	384	1.01e-44	158
g3510.t1	VFG030991(gb|WP_011857155)	32.402	358	223	10	34	381	36	384	2.55e-42	152
g3510.t1	VFG030992(gb|WP_011562052)	32.402	358	223	10	34	381	36	384	2.57e-42	152
g3510.t1	VFG030996(gb|WP_011782397)	31.025	361	224	11	34	381	36	384	4.33e-42	151
g3510.t1	VFG030983(gb|NP_218060)	32.194	351	218	9	43	381	42	384	6.35e-42	151
g3510.t1	VFG031015(gb|WP_015294487)	32.102	352	217	11	43	381	42	384	6.90e-42	150
g3510.t1	VFG031014(gb|WP_015291531)	31.818	352	218	10	43	381	42	384	1.30e-41	150
g3510.t1	VFG031002(gb|WP_012396554)	31.831	355	214	10	43	381	42	384	1.38e-41	150
g3510.t1	VFG030984(gb|WP_003917816)	32.194	351	218	9	43	381	42	384	1.72e-41	150
g3510.t1	VFG031006(gb|WP_009956911)	31.844	358	225	8	34	381	36	384	1.83e-41	150
g3510.t1	VFG030989(gb|WP_011892407)	31.198	359	226	9	34	381	36	384	1.99e-41	149
g3510.t1	VFG031007(gb|WP_008263658)	31.844	358	225	8	34	381	36	384	2.50e-41	149
g3510.t1	VFG030990(gb|WP_011730958)	37.264	212	128	2	34	245	36	242	5.48e-41	148
g3510.t1	VFG030986(gb|WP_003875682)	32.500	360	220	11	34	381	36	384	5.48e-41	148
g3510.t1	VFG031016(gb|WP_015357393)	31.549	355	215	10	43	381	42	384	7.88e-41	148
g3510.t1	VFG030995(gb|WP_011741754)	31.549	355	215	10	43	381	42	384	4.86e-40	146
g3510.t1	VFG031026(gb|YP_007959529)	31.250	352	220	10	43	381	42	384	1.47e-39	144
g3510.t1	VFG031034(gb|WP_015309552)	31.339	351	221	10	43	381	42	384	6.29e-39	143
g3510.t1	VFG031003(gb|WP_013830615)	35.377	212	132	2	34	245	36	242	5.07e-37	138
g3510.t1	VFG029172(gb|WP_005060526)	27.566	341	222	11	49	374	44	374	3.95e-25	105
g3510.t1	VFG044398(gb|AAF33139)	25.217	345	229	9	46	377	178	506	9.26e-19	87.8
g3510.t1	VFG049152(gb|WP_000337350)	27.273	187	126	4	49	231	42	222	5.69e-13	69.3
g3510.t1	VFG043689(gb|WP_000337350)	27.273	187	126	4	49	231	42	222	5.69e-13	69.3
g3510.t1	VFG029181(gb|YP_007957115)	26.337	243	149	6	59	273	55	295	4.03e-10	60.8
g3512.t1	VFG031002(gb|WP_012396554)	29.847	392	249	7	1	374	1	384	1.75e-37	139
g3512.t1	VFG030995(gb|WP_011741754)	29.847	392	249	7	1	374	1	384	2.80e-37	138
g3512.t1	VFG031016(gb|WP_015357393)	29.592	392	250	7	1	374	1	384	1.05e-36	137
g3512.t1	VFG030983(gb|NP_218060)	29.082	392	252	7	1	374	1	384	1.41e-36	136
g3512.t1	VFG031015(gb|WP_015294487)	29.381	388	256	6	1	374	1	384	3.92e-36	135
g3512.t1	VFG030984(gb|WP_003917816)	29.082	392	252	7	1	374	1	384	4.04e-36	135
g3512.t1	VFG031014(gb|WP_015291531)	28.827	392	253	7	1	374	1	384	7.86e-36	134
g3512.t1	VFG031007(gb|WP_008263658)	29.771	393	248	8	1	374	1	384	8.77e-35	131
g3512.t1	VFG030986(gb|WP_003875682)	29.517	393	249	8	1	374	1	384	9.14e-35	131
g3512.t1	VFG030991(gb|WP_011857155)	28.827	392	253	7	1	374	1	384	9.23e-35	131
g3512.t1	VFG030992(gb|WP_011562052)	28.827	392	253	7	1	374	1	384	1.05e-34	131
g3512.t1	VFG031006(gb|WP_009956911)	29.517	393	249	8	1	374	1	384	2.20e-34	130
g3512.t1	VFG030996(gb|WP_011782397)	28.894	398	245	10	1	374	1	384	2.69e-34	130
g3512.t1	VFG030989(gb|WP_011892407)	29.873	395	245	10	1	374	1	384	2.26e-33	127
g3512.t1	VFG031003(gb|WP_013830615)	29.262	393	250	9	1	374	1	384	2.94e-33	127
g3512.t1	VFG031026(gb|YP_007959529)	27.877	391	258	7	1	374	1	384	6.49e-33	126
g3512.t1	VFG031034(gb|WP_015309552)	28.244	393	254	9	1	374	1	384	2.91e-31	122
g3512.t1	VFG030990(gb|WP_011730958)	29.000	400	242	12	1	374	1	384	5.23e-31	121
g3512.t1	VFG030998(gb|YP_001701367)	26.463	393	261	8	1	374	1	384	1.53e-29	117
g3512.t1	VFG029172(gb|WP_005060526)	26.409	337	217	10	52	367	48	374	7.02e-17	81.3
g3512.t1	VFG044398(gb|AAF33139)	26.036	338	219	9	50	370	183	506	4.65e-16	79.3
g3512.t1	VFG049152(gb|WP_000337350)	28.796	191	124	4	57	243	51	233	4.52e-13	69.7
g3512.t1	VFG043689(gb|WP_000337350)	28.796	191	124	4	57	243	51	233	4.52e-13	69.7
g3512.t1	VFG029181(gb|YP_007957115)	24.444	315	201	13	73	372	70	362	4.81e-10	60.5
g1035.t1	VFG030991(gb|WP_011857155)	34.203	345	207	6	47	380	48	383	1.39e-48	168
g1035.t1	VFG030992(gb|WP_011562052)	34.203	345	207	6	47	380	48	383	1.47e-48	168
g1035.t1	VFG030996(gb|WP_011782397)	34.795	342	209	7	47	380	48	383	7.80e-48	166
g1035.t1	VFG030995(gb|WP_011741754)	33.621	348	205	8	47	380	48	383	1.71e-47	166
g1035.t1	VFG030986(gb|WP_003875682)	33.333	345	210	7	47	380	48	383	4.13e-47	164
g1035.t1	VFG031016(gb|WP_015357393)	33.333	348	206	8	47	380	48	383	1.04e-46	163
g1035.t1	VFG030990(gb|WP_011730958)	32.853	347	209	7	47	380	48	383	1.27e-46	163
g1035.t1	VFG031002(gb|WP_012396554)	33.333	348	206	8	47	380	48	383	1.35e-46	163
g1035.t1	VFG031015(gb|WP_015294487)	32.647	340	219	5	47	380	48	383	1.94e-46	163
g1035.t1	VFG030983(gb|NP_218060)	32.754	345	212	6	47	380	48	383	3.11e-46	162
g1035.t1	VFG031006(gb|WP_009956911)	33.236	343	213	7	47	380	48	383	4.78e-46	162
g1035.t1	VFG030989(gb|WP_011892407)	33.429	347	207	8	47	380	48	383	5.77e-46	161
g1035.t1	VFG031014(gb|WP_015291531)	32.941	340	218	5	47	380	48	383	5.83e-46	161
g1035.t1	VFG031007(gb|WP_008263658)	33.236	343	213	7	47	380	48	383	7.27e-46	161
g1035.t1	VFG030998(gb|YP_001701367)	33.524	349	204	9	47	380	48	383	9.64e-46	161
g1035.t1	VFG031003(gb|WP_013830615)	32.258	372	212	10	24	380	37	383	1.59e-45	160
g1035.t1	VFG030984(gb|WP_003917816)	32.464	345	213	6	47	380	48	383	2.92e-45	159
g1035.t1	VFG031026(gb|YP_007959529)	32.464	345	213	6	47	380	48	383	1.12e-44	158
g1035.t1	VFG031034(gb|WP_015309552)	32.059	340	221	5	47	380	48	383	2.61e-44	157
g1035.t1	VFG029172(gb|WP_005060526)	27.105	380	257	7	6	374	4	374	2.71e-35	133
g1035.t1	VFG029181(gb|YP_007957115)	27.554	323	193	11	72	381	70	364	1.52e-22	97.8
g1035.t1	VFG049152(gb|WP_000337350)	29.843	191	125	4	47	234	42	226	7.01e-21	92.8
g1035.t1	VFG043689(gb|WP_000337350)	29.843	191	125	4	47	234	42	226	7.01e-21	92.8
g1035.t1	VFG044398(gb|AAF33139)	25.301	332	219	7	58	377	192	506	5.67e-20	91.3
g1035.t1	VFG021833(gb|WP_011725107)	24.883	213	143	6	86	296	90	287	4.16e-09	57.8
g1035.t1	VFG021832(gb|WP_003877913)	25.352	213	142	6	86	296	90	287	5.34e-09	57.4
g1035.t1	VFG029770(gb|WP_011854302)	24.746	295	183	10	3	261	29	320	3.02e-08	55.5
g1035.t1	VFG024055(gb|WP_009954826)	24.413	213	144	6	86	296	87	284	1.27e-07	53.1
g1035.t1	VFG029188(gb|WP_036455780)	24.413	213	144	6	86	296	87	284	1.32e-07	53.1
g1035.t1	VFG024053(gb|WP_193375497)	24.413	213	144	6	86	296	87	284	1.60e-07	52.8
g1035.t1	VFG021835(gb|WP_011779182)	25.822	213	141	7	86	296	89	286	3.38e-07	51.6
g1035.t1	VFG024054(gb|WP_014384755)	23.944	213	145	6	86	296	90	287	3.65e-07	51.6
