g23.t1	VFG018358(gb|WP_000701243)	99.701	335	1	0	1	335	1	335	0.0	685
g23.t1	VFG004160(gb|NP_459029)	100.000	335	0	0	1	335	1	335	0.0	685
g23.t1	VFG021303(gb|WP_000701246)	99.701	335	1	0	1	335	1	335	0.0	684
g23.t1	VFG021301(gb|WP_000701238)	99.403	335	2	0	1	335	1	335	0.0	682
g23.t1	VFG021302(gb|WP_000701234)	99.403	335	2	0	1	335	1	335	0.0	682
g23.t1	VFG004161(gb|WP_000701249)	99.403	335	2	0	1	335	1	335	0.0	681
g23.t1	VFG004164(gb|WP_000701252)	99.104	335	3	0	1	335	1	335	0.0	679
g23.t1	VFG004162(gb|WP_000701253)	99.104	335	3	0	1	335	1	335	0.0	677
g23.t1	VFG021307(gb|WP_000701257)	98.806	335	4	0	1	335	1	335	0.0	677
g23.t1	VFG018357(gb|WP_000690877)	88.060	335	40	0	1	335	1	335	0.0	595
g23.t1	VFG004088(gb|WP_000708651)	48.193	332	163	6	9	335	8	335	3.01e-96	288
g23.t1	VFG021167(gb|WP_000708660)	48.193	332	163	6	9	335	8	335	6.24e-96	287
g23.t1	VFG021170(gb|WP_000708650)	47.892	332	164	6	9	335	8	335	6.89e-96	287
g23.t1	VFG000447(gb|NP_459542)	48.193	332	163	6	9	335	8	335	9.23e-96	287
g23.t1	VFG021168(gb|WP_000708656)	47.892	332	164	6	9	335	8	335	2.92e-95	286
g23.t1	VFG021166(gb|WP_000708669)	47.892	332	164	6	9	335	8	335	4.77e-95	285
g23.t1	VFG018382(gb|WP_000708655)	47.892	332	164	6	9	335	8	335	5.73e-95	285
g23.t1	VFG021171(gb|WP_000708664)	47.590	332	165	6	9	335	8	335	1.15e-94	284
g23.t1	VFG004089(gb|WP_011264213)	47.590	332	165	6	9	335	8	335	1.46e-94	284
g23.t1	VFG021169(gb|WP_000708648)	47.590	332	165	6	9	335	8	335	1.76e-94	284
g23.t1	VFG021165(gb|WP_000708663)	47.590	332	165	6	9	335	8	335	2.09e-94	283
g23.t1	VFG004086(gb|WP_000708646)	47.289	332	166	6	9	335	8	335	3.37e-94	283
g23.t1	VFG021172(gb|WP_000708659)	47.289	332	166	6	9	335	8	335	1.43e-93	281
g23.t1	VFG042683(gb|CAD56974)	45.370	324	170	5	15	335	16	335	1.42e-89	271
g23.t1	VFG045933(gb|WP_001165671)	31.751	337	200	11	19	335	30	356	1.37e-36	134
g23.t1	VFG045931(gb|WP_001165658)	31.389	360	210	13	2	335	8	356	1.62e-36	134
g23.t1	VFG045924(gb|WP_001165657)	31.111	360	211	13	2	335	8	356	2.43e-36	134
g23.t1	VFG045923(gb|WP_001165655)	31.111	360	211	13	2	335	8	356	8.35e-36	132
g23.t1	VFG045916(gb|WP_001165668)	31.454	337	201	11	19	335	30	356	4.38e-35	130
g23.t1	VFG045918(gb|WP_001165678)	31.657	338	199	12	19	335	30	356	6.42e-35	130
g23.t1	VFG045930(gb|WP_001220301)	30.088	339	203	11	19	335	30	356	9.72e-33	124
g23.t1	VFG042401(gb|WP_001165677)	29.934	304	177	11	19	293	30	326	1.10e-26	107
g23.t1	VFG021343(gb|WP_000914404)	27.148	291	176	10	67	335	78	354	1.13e-26	108
g23.t1	VFG004183(gb|WP_001541094)	30.047	213	139	4	131	335	149	359	1.62e-26	107
g23.t1	VFG000453(gb|NP_462538)	30.047	213	139	4	131	335	149	359	2.26e-26	107
g23.t1	VFG018349(gb|WP_000914251)	30.047	213	139	4	131	335	149	359	2.68e-26	107
g23.t1	VFG021344(gb|WP_000914254)	29.577	213	140	4	131	335	149	359	3.48e-26	106
g23.t1	VFG021342(gb|WP_000914256)	30.047	213	139	4	131	335	149	359	7.30e-26	105
g23.t1	VFG018305(gb|WP_000794035)	27.123	365	215	12	6	332	4	355	5.41e-22	95.1
g23.t1	VFG004370(gb|NP_459179)	30.526	190	124	3	149	332	169	356	5.47e-22	95.1
g23.t1	VFG021652(gb|WP_000794029)	29.474	190	126	3	149	332	168	355	1.03e-21	94.4
g23.t1	VFG021647(gb|WP_000794039)	30.000	190	125	3	149	332	169	356	1.96e-21	93.6
g23.t1	VFG021649(gb|WP_000794038)	30.000	190	125	3	149	332	169	356	2.06e-21	93.6
g23.t1	VFG021648(gb|WP_000794041)	30.000	190	125	3	149	332	169	356	2.14e-21	93.2
g23.t1	VFG021646(gb|WP_000794031)	26.613	372	208	13	6	332	4	355	4.91e-21	92.4
g23.t1	VFG004371(gb|WP_000794044)	28.947	190	127	3	149	332	169	356	1.67e-19	87.8
g23.t1	VFG004343(gb|WP_001241930)	26.331	338	220	14	23	334	19	353	1.19e-15	76.6
g23.t1	VFG018318(gb|WP_000832394)	25.828	151	96	5	186	334	19	155	1.06e-07	50.8
g23.t1	VFG021544(gb|WP_000832395)	24.837	153	95	5	186	334	19	155	2.20e-07	49.7
g23.t1	VFG004314(gb|WP_000832396)	24.832	149	100	4	186	334	19	155	2.37e-07	49.7
g23.t1	VFG004311(gb|WP_000832400)	24.667	150	99	4	186	334	19	155	3.76e-07	49.3
g23.t1	VFG021541(gb|WP_000832393)	24.000	150	100	4	186	334	19	155	9.60e-07	48.1
g23.t1	VFG004331(gb|NP_459204)	26.744	172	100	5	170	334	5	157	2.27e-06	47.0
g23.t1	VFG018312(gb|WP_000725074)	26.744	172	100	5	170	334	5	157	2.38e-06	47.0
g23.t1	VFG042593(gb|AAS99232)	22.832	346	241	11	9	333	14	354	3.17e-06	48.1
g23.t1	VFG021589(gb|WP_000738037)	28.105	153	84	5	189	334	24	157	5.11e-06	45.8
g23.t1	VFG021592(gb|WP_000725076)	26.744	172	100	5	170	334	5	157	6.93e-06	45.4
g23.t1	VFG021587(gb|WP_000737993)	28.105	153	84	5	189	334	24	157	6.93e-06	45.4
g169.t1	VFG004370(gb|NP_459179)	100.000	359	0	0	1	359	1	359	0.0	743
g169.t1	VFG021648(gb|WP_000794041)	99.443	359	2	0	1	359	1	359	0.0	739
g169.t1	VFG021649(gb|WP_000794038)	99.164	359	3	0	1	359	1	359	0.0	738
g169.t1	VFG021647(gb|WP_000794039)	99.164	359	3	0	1	359	1	359	0.0	737
g169.t1	VFG004371(gb|WP_000794044)	99.164	359	3	0	1	359	1	359	0.0	737
g169.t1	VFG018305(gb|WP_000794035)	86.908	359	46	1	1	359	1	358	0.0	645
g169.t1	VFG021652(gb|WP_000794029)	86.072	359	49	1	1	359	1	358	0.0	642
g169.t1	VFG021646(gb|WP_000794031)	85.237	359	52	1	1	359	1	358	0.0	635
g169.t1	VFG021343(gb|WP_000914404)	29.491	373	229	12	1	359	2	354	4.12e-53	179
g169.t1	VFG000453(gb|NP_462538)	28.191	376	235	10	1	359	2	359	1.26e-45	159
g169.t1	VFG021344(gb|WP_000914254)	28.191	376	235	10	1	359	2	359	1.78e-45	159
g169.t1	VFG018349(gb|WP_000914251)	28.191	376	235	10	1	359	2	359	2.00e-45	159
g169.t1	VFG021342(gb|WP_000914256)	28.191	376	235	10	1	359	2	359	5.43e-45	157
g169.t1	VFG004183(gb|WP_001541094)	27.926	376	236	10	1	359	2	359	4.29e-44	155
g169.t1	VFG045930(gb|WP_001220301)	28.650	363	217	13	10	358	21	355	3.41e-29	115
g169.t1	VFG042593(gb|AAS99232)	29.235	366	229	14	5	358	8	355	2.45e-28	113
g169.t1	VFG045933(gb|WP_001165671)	27.405	343	219	10	27	358	32	355	3.80e-28	112
g169.t1	VFG004343(gb|WP_001241930)	27.297	370	237	13	3	358	2	353	1.50e-27	110
g169.t1	VFG045923(gb|WP_001165655)	26.810	373	225	11	6	358	11	355	1.67e-27	110
g169.t1	VFG045924(gb|WP_001165657)	26.344	372	228	11	6	358	11	355	2.37e-27	110
g169.t1	VFG045916(gb|WP_001165668)	27.114	343	220	10	27	358	32	355	8.21e-27	108
g169.t1	VFG045931(gb|WP_001165658)	26.542	373	226	11	6	358	11	355	3.07e-26	107
g169.t1	VFG045918(gb|WP_001165678)	26.705	352	210	11	27	358	32	355	6.76e-26	106
g169.t1	VFG021303(gb|WP_000701246)	30.526	190	124	3	169	356	149	332	2.49e-22	96.3
g169.t1	VFG021301(gb|WP_000701238)	30.526	190	124	3	169	356	149	332	2.49e-22	96.3
g169.t1	VFG021307(gb|WP_000701257)	30.526	190	124	3	169	356	149	332	2.52e-22	96.3
g169.t1	VFG021302(gb|WP_000701234)	30.526	190	124	3	169	356	149	332	2.59e-22	95.9
g169.t1	VFG004162(gb|WP_000701253)	30.526	190	124	3	169	356	149	332	5.32e-22	95.1
g169.t1	VFG004161(gb|WP_000701249)	30.526	190	124	3	169	356	149	332	5.81e-22	95.1
g169.t1	VFG004160(gb|NP_459029)	30.526	190	124	3	169	356	149	332	5.86e-22	95.1
g169.t1	VFG018358(gb|WP_000701243)	30.000	190	125	3	169	356	149	332	1.01e-21	94.4
g169.t1	VFG004164(gb|WP_000701252)	30.366	191	125	3	168	356	148	332	1.27e-21	94.0
g169.t1	VFG038423(gb|WP_005354940)	26.471	374	212	16	9	359	9	342	5.15e-21	92.4
g169.t1	VFG042401(gb|WP_001165677)	26.332	319	187	11	27	324	32	323	1.27e-19	88.2
g169.t1	VFG038422(gb|WP_005316019)	24.796	367	221	15	12	359	12	342	5.48e-18	84.0
g169.t1	VFG018357(gb|WP_000690877)	30.526	190	124	3	169	356	149	332	1.05e-17	82.8
g169.t1	VFG038420(gb|WP_011704496)	23.229	353	222	14	26	359	22	344	2.88e-17	81.6
g169.t1	VFG021167(gb|WP_000708660)	26.562	192	129	5	169	356	149	332	5.26e-16	77.8
g169.t1	VFG021169(gb|WP_000708648)	26.562	192	129	5	169	356	149	332	7.90e-16	77.4
g169.t1	VFG004089(gb|WP_011264213)	26.562	192	129	5	169	356	149	332	1.21e-15	77.0
g169.t1	VFG004088(gb|WP_000708651)	26.562	192	129	5	169	356	149	332	1.57e-15	76.6
g169.t1	VFG021168(gb|WP_000708656)	26.562	192	129	5	169	356	149	332	1.60e-15	76.6
g169.t1	VFG021166(gb|WP_000708669)	26.562	192	129	5	169	356	149	332	1.65e-15	76.6
g169.t1	VFG021170(gb|WP_000708650)	26.562	192	129	5	169	356	149	332	2.33e-15	75.9
g169.t1	VFG021165(gb|WP_000708663)	26.562	192	129	5	169	356	149	332	2.42e-15	75.9
g169.t1	VFG021171(gb|WP_000708664)	26.562	192	129	5	169	356	149	332	2.59e-15	75.9
g169.t1	VFG004086(gb|WP_000708646)	26.562	192	129	5	169	356	149	332	2.87e-15	75.9
g169.t1	VFG018382(gb|WP_000708655)	26.562	192	129	5	169	356	149	332	4.02e-15	75.5
g169.t1	VFG000447(gb|NP_459542)	26.562	192	129	5	169	356	149	332	4.14e-15	75.5
g169.t1	VFG021172(gb|WP_000708659)	26.042	192	130	5	169	356	149	332	1.08e-14	73.9
g169.t1	VFG042683(gb|CAD56974)	26.531	196	124	6	169	356	149	332	5.47e-14	72.0
g169.t1	VFG038421(gb|WP_043118352)	24.768	323	204	14	53	359	43	342	5.56e-11	63.2
g169.t1	VFG042613(gb|WP_004248451)	25.469	373	227	17	2	354	11	352	8.96e-10	59.3
g193.t1	VFG004328(gb|NP_459203)	100.000	170	0	0	1	170	1	170	5.66e-123	343
g193.t1	VFG021581(gb|WP_001250315)	99.412	170	1	0	1	170	1	170	2.93e-122	341
g193.t1	VFG021580(gb|WP_001250316)	99.412	170	1	0	1	170	1	170	3.27e-122	341
g193.t1	VFG018313(gb|WP_001250322)	99.412	170	1	0	1	170	1	170	3.27e-122	341
g193.t1	VFG021578(gb|WP_001250314)	98.824	170	2	0	1	170	1	170	3.90e-122	341
g193.t1	VFG004329(gb|WP_001250308)	98.235	170	3	0	1	170	1	170	3.82e-121	338
g193.t1	VFG021584(gb|WP_001250321)	98.824	170	2	0	1	170	1	170	4.09e-121	338
g193.t1	VFG021583(gb|WP_001250319)	97.647	170	4	0	1	170	1	170	2.91e-120	336
g193.t1	VFG004330(gb|WP_001539039)	98.235	170	3	0	1	170	1	170	2.91e-120	336
g193.t1	VFG021532(gb|WP_000178262)	54.217	166	73	1	5	170	6	168	2.55e-56	174
g193.t1	VFG004307(gb|WP_000178263)	54.217	166	73	1	5	170	6	168	3.31e-56	174
g193.t1	VFG021536(gb|WP_000178265)	53.614	166	74	1	5	170	6	168	8.02e-56	173
g193.t1	VFG021533(gb|WP_000178270)	53.614	166	74	1	5	170	6	168	1.28e-55	172
g193.t1	VFG018319(gb|WP_000178258)	53.012	166	75	1	5	170	6	168	2.31e-55	172
g193.t1	VFG004310(gb|WP_023235211)	52.410	166	76	1	5	170	6	168	1.37e-54	170
g193.t1	VFG021535(gb|WP_000178269)	53.614	166	73	2	5	170	6	167	7.14e-54	168
g193.t1	VFG042636(gb|AAK82428)	39.286	140	67	5	38	170	60	188	2.04e-25	96.3
g193.t1	VFG042625(gb|WP_004244923)	39.161	143	75	6	31	170	48	181	2.83e-24	93.2
g193.t1	VFG021591(gb|WP_000737995)	35.802	162	90	6	15	170	5	158	1.23e-21	85.5
g193.t1	VFG004333(gb|WP_000737997)	35.802	162	90	6	15	170	5	158	1.35e-21	85.5
g193.t1	VFG021587(gb|WP_000737993)	35.802	162	90	6	15	170	5	158	3.27e-19	79.3
g193.t1	VFG021592(gb|WP_000725076)	38.235	136	71	5	41	170	30	158	9.10e-19	78.2
g193.t1	VFG042626(gb|WP_004244922)	34.911	169	95	8	7	170	3	161	1.11e-18	78.2
g193.t1	VFG018312(gb|WP_000725074)	38.235	136	71	5	41	170	30	158	1.42e-18	77.8
g193.t1	VFG021589(gb|WP_000738037)	37.500	136	72	5	41	170	30	158	5.73e-18	76.3
g193.t1	VFG004331(gb|NP_459204)	37.500	136	72	5	41	170	30	158	6.51e-18	75.9
g193.t1	VFG004311(gb|WP_000832400)	35.862	145	80	5	32	170	19	156	2.97e-17	74.3
g193.t1	VFG042637(gb|AAK82429)	33.889	180	92	9	1	170	1	163	3.03e-16	71.6
g193.t1	VFG021541(gb|WP_000832393)	36.567	134	72	5	43	170	30	156	3.26e-16	71.6
g193.t1	VFG021544(gb|WP_000832395)	36.567	134	72	5	43	170	30	156	3.66e-16	71.2
g193.t1	VFG004314(gb|WP_000832396)	36.567	134	72	5	43	170	30	156	5.53e-16	70.9
g193.t1	VFG018318(gb|WP_000832394)	35.172	145	81	5	32	170	19	156	5.64e-16	70.9
g193.t1	VFG042588(gb|WP_001220140)	28.743	167	88	9	19	169	18	169	8.34e-08	49.3
g193.t1	VFG038420(gb|WP_011704496)	30.405	148	72	6	45	170	206	344	9.41e-07	47.4
g193.t1	VFG038423(gb|WP_005354940)	30.539	167	90	9	21	170	185	342	3.04e-06	45.8
g194.t1	VFG004331(gb|NP_459204)	100.000	158	0	0	1	158	1	158	1.11e-115	323
g194.t1	VFG018312(gb|WP_000725074)	99.367	158	1	0	1	158	1	158	4.98e-115	322
g194.t1	VFG021589(gb|WP_000738037)	98.734	158	2	0	1	158	1	158	1.37e-114	321
g194.t1	VFG021592(gb|WP_000725076)	97.468	158	4	0	1	158	1	158	4.54e-113	317
g194.t1	VFG021587(gb|WP_000737993)	93.038	158	11	0	1	158	1	158	1.69e-108	305
g194.t1	VFG004333(gb|WP_000737997)	84.177	158	25	0	1	158	1	158	1.69e-98	280
g194.t1	VFG021591(gb|WP_000737995)	84.177	158	25	0	1	158	1	158	2.06e-98	280
g194.t1	VFG004311(gb|WP_000832400)	48.101	158	80	1	1	158	1	156	1.36e-52	164
g194.t1	VFG021544(gb|WP_000832395)	48.101	158	80	1	1	158	1	156	4.32e-52	162
g194.t1	VFG021541(gb|WP_000832393)	47.468	158	81	1	1	158	1	156	2.56e-51	160
g194.t1	VFG018318(gb|WP_000832394)	46.835	158	82	1	1	158	1	156	1.21e-50	159
g194.t1	VFG004314(gb|WP_000832396)	46.835	158	82	1	1	158	1	156	1.38e-50	159
g194.t1	VFG042637(gb|AAK82429)	44.521	146	78	2	14	158	20	163	2.36e-39	130
g194.t1	VFG042626(gb|WP_004244922)	40.994	161	89	4	1	158	4	161	5.01e-38	127
g194.t1	VFG042636(gb|AAK82428)	38.356	146	85	2	13	158	48	188	5.78e-29	105
g194.t1	VFG042625(gb|WP_004244923)	35.338	133	83	1	26	158	52	181	3.62e-24	92.4
g194.t1	VFG021581(gb|WP_001250315)	37.500	136	72	5	30	158	41	170	2.67e-18	77.0
g194.t1	VFG004328(gb|NP_459203)	37.500	136	72	5	30	158	41	170	6.05e-18	75.9
g194.t1	VFG021580(gb|WP_001250316)	37.500	136	72	5	30	158	41	170	6.59e-18	75.9
g194.t1	VFG018313(gb|WP_001250322)	37.500	136	72	5	30	158	41	170	6.59e-18	75.9
g194.t1	VFG021578(gb|WP_001250314)	37.500	136	72	5	30	158	41	170	8.78e-18	75.5
g194.t1	VFG004329(gb|WP_001250308)	37.500	136	72	5	30	158	41	170	1.11e-17	75.5
g194.t1	VFG004330(gb|WP_001539039)	37.500	136	72	5	30	158	41	170	1.15e-17	75.1
g194.t1	VFG021584(gb|WP_001250321)	37.857	140	66	6	30	158	41	170	2.12e-17	74.7
g194.t1	VFG021536(gb|WP_000178265)	33.136	169	89	6	5	158	9	168	2.71e-17	74.3
g194.t1	VFG021583(gb|WP_001250319)	37.500	136	72	5	30	158	41	170	3.14e-17	73.9
g194.t1	VFG021535(gb|WP_000178269)	32.121	165	95	5	5	158	9	167	4.05e-17	73.9
g194.t1	VFG021532(gb|WP_000178262)	33.133	166	93	6	5	158	9	168	4.27e-17	73.6
g194.t1	VFG018319(gb|WP_000178258)	33.136	169	89	6	5	158	9	168	6.46e-17	73.2
g194.t1	VFG004310(gb|WP_023235211)	33.136	169	89	6	5	158	9	168	7.57e-17	73.2
g194.t1	VFG004307(gb|WP_000178263)	32.544	169	90	6	5	158	9	168	1.10e-16	72.8
g194.t1	VFG021533(gb|WP_000178270)	32.544	169	90	6	5	158	9	168	2.18e-16	72.0
g194.t1	VFG038420(gb|WP_011704496)	31.126	151	78	5	28	158	200	344	4.75e-13	65.1
g194.t1	VFG038422(gb|WP_005316019)	29.801	151	80	5	28	158	198	342	9.93e-12	61.2
g194.t1	VFG038421(gb|WP_043118352)	30.464	151	79	5	28	158	198	342	3.28e-11	60.1
g194.t1	VFG038423(gb|WP_005354940)	29.801	151	80	5	28	158	198	342	9.16e-11	58.5
g194.t1	VFG042656(gb|CAC85338)	27.517	149	86	5	26	157	58	201	1.38e-07	48.9
g194.t1	VFG033103(gb|WP_000723784)	29.282	181	97	7	1	157	1	174	2.82e-07	47.8
g194.t1	VFG033105(gb|WP_000723796)	32.418	182	88	11	1	157	1	172	5.86e-07	46.6
g194.t1	VFG000889(gb|WP_000113351)	27.848	158	97	6	13	158	14	166	6.42e-07	46.6
g194.t1	VFG033095(gb|WP_000113350)	27.848	158	97	6	13	158	14	166	7.17e-07	46.6
g194.t1	VFG012218(gb|WP_000620429)	27.848	158	97	6	13	158	14	166	8.01e-07	46.2
g194.t1	VFG042588(gb|WP_001220140)	28.859	149	83	5	26	157	27	169	8.56e-07	46.2
g194.t1	VFG004161(gb|WP_000701249)	26.744	172	100	5	5	157	170	334	1.04e-06	47.0
g194.t1	VFG004162(gb|WP_000701253)	26.744	172	100	5	5	157	170	334	1.07e-06	47.0
g194.t1	VFG004160(gb|NP_459029)	26.744	172	100	5	5	157	170	334	1.07e-06	47.0
g194.t1	VFG021302(gb|WP_000701234)	26.744	172	100	5	5	157	170	334	1.08e-06	47.0
g194.t1	VFG021301(gb|WP_000701238)	26.744	172	100	5	5	157	170	334	1.08e-06	47.0
g194.t1	VFG021303(gb|WP_000701246)	26.744	172	100	5	5	157	170	334	1.17e-06	47.0
g194.t1	VFG021307(gb|WP_000701257)	26.744	172	100	5	5	157	170	334	1.22e-06	46.6
g194.t1	VFG018358(gb|WP_000701243)	26.163	172	101	5	5	157	170	334	1.58e-06	46.6
g194.t1	VFG033100(gb|WP_000723793)	31.522	184	87	9	1	157	1	172	1.60e-06	45.4
g194.t1	VFG004164(gb|WP_000701252)	25.581	172	102	4	5	157	170	334	2.15e-06	46.2
g194.t1	VFG045933(gb|WP_001165671)	26.897	145	91	5	26	157	213	355	2.20e-06	46.2
g194.t1	VFG012221(gb|WP_021572378)	30.939	181	92	9	1	157	1	172	2.20e-06	45.1
g194.t1	VFG033102(gb|WP_000723798)	27.933	179	101	8	1	157	1	173	2.71e-06	45.1
g194.t1	VFG033094(gb|WP_000620432)	27.215	158	98	6	13	158	14	166	3.30e-06	44.7
g194.t1	VFG033101(gb|WP_001304639)	30.337	178	97	9	1	157	1	172	3.77e-06	44.7
g194.t1	VFG012222(gb|WP_001531938)	30.337	178	97	9	1	157	1	172	6.39e-06	43.9
g194.t1	VFG000888(gb|WP_000723799)	31.351	185	86	11	1	157	1	172	6.72e-06	43.9
g194.t1	VFG045930(gb|WP_001220301)	26.712	146	90	6	26	157	213	355	8.65e-06	44.3
g512.t1	VFG000447(gb|NP_459542)	100.000	335	0	0	1	335	1	335	0.0	688
g512.t1	VFG004088(gb|WP_000708651)	99.403	335	2	0	1	335	1	335	0.0	683
g512.t1	VFG018382(gb|WP_000708655)	99.104	335	3	0	1	335	1	335	0.0	681
g512.t1	VFG021170(gb|WP_000708650)	98.806	335	4	0	1	335	1	335	0.0	680
g512.t1	VFG021172(gb|WP_000708659)	98.806	335	4	0	1	335	1	335	0.0	679
g512.t1	VFG021168(gb|WP_000708656)	98.806	335	4	0	1	335	1	335	0.0	677
g512.t1	VFG021166(gb|WP_000708669)	98.507	335	5	0	1	335	1	335	0.0	676
g512.t1	VFG021171(gb|WP_000708664)	98.209	335	6	0	1	335	1	335	0.0	674
g512.t1	VFG021169(gb|WP_000708648)	98.209	335	6	0	1	335	1	335	0.0	674
g512.t1	VFG021165(gb|WP_000708663)	98.507	335	5	0	1	335	1	335	0.0	674
g512.t1	VFG021167(gb|WP_000708660)	98.209	335	6	0	1	335	1	335	0.0	673
g512.t1	VFG004089(gb|WP_011264213)	98.209	335	6	0	1	335	1	335	0.0	672
g512.t1	VFG004086(gb|WP_000708646)	97.015	335	10	0	1	335	1	335	0.0	664
g512.t1	VFG042683(gb|CAD56974)	85.849	318	45	0	18	335	18	335	0.0	577
g512.t1	VFG018358(gb|WP_000701243)	48.193	332	163	6	8	335	9	335	7.85e-96	287
g512.t1	VFG004160(gb|NP_459029)	48.193	332	163	6	8	335	9	335	9.23e-96	287
g512.t1	VFG021303(gb|WP_000701246)	48.193	332	163	6	8	335	9	335	2.09e-95	286
g512.t1	VFG004161(gb|WP_000701249)	48.193	332	163	6	8	335	9	335	2.62e-95	286
g512.t1	VFG021301(gb|WP_000701238)	48.193	332	163	6	8	335	9	335	3.67e-95	285
g512.t1	VFG004162(gb|WP_000701253)	48.193	332	163	6	8	335	9	335	5.49e-95	285
g512.t1	VFG021307(gb|WP_000701257)	47.892	332	164	6	8	335	9	335	7.05e-95	285
g512.t1	VFG021302(gb|WP_000701234)	47.892	332	164	6	8	335	9	335	1.11e-94	284
g512.t1	VFG004164(gb|WP_000701252)	47.892	332	164	6	8	335	9	335	1.17e-94	284
g512.t1	VFG018357(gb|WP_000690877)	45.588	340	175	7	1	335	1	335	3.44e-86	263
g512.t1	VFG021343(gb|WP_000914404)	27.143	280	188	5	69	335	78	354	4.61e-25	103
g512.t1	VFG004183(gb|WP_001541094)	29.384	211	141	3	132	335	150	359	2.40e-23	99.0
g512.t1	VFG000453(gb|NP_462538)	29.384	211	141	3	132	335	150	359	2.96e-23	98.6
g512.t1	VFG018349(gb|WP_000914251)	29.384	211	141	3	132	335	150	359	3.05e-23	98.6
g512.t1	VFG021344(gb|WP_000914254)	29.384	211	141	3	132	335	150	359	3.98e-23	98.2
g512.t1	VFG021342(gb|WP_000914256)	29.384	211	141	3	132	335	150	359	6.39e-23	97.8
g512.t1	VFG045933(gb|WP_001165671)	29.082	196	127	5	148	335	165	356	1.45e-20	90.9
g512.t1	VFG045916(gb|WP_001165668)	28.571	196	128	5	148	335	165	356	3.08e-19	87.0
g512.t1	VFG045923(gb|WP_001165655)	26.275	255	167	7	97	335	107	356	9.08e-19	85.9
g512.t1	VFG045924(gb|WP_001165657)	28.788	198	125	7	148	335	165	356	1.19e-18	85.5
g512.t1	VFG045918(gb|WP_001165678)	28.934	197	126	6	148	335	165	356	1.68e-18	85.1
g512.t1	VFG045930(gb|WP_001220301)	27.500	200	125	5	148	335	165	356	2.59e-18	84.7
g512.t1	VFG045931(gb|WP_001165658)	28.426	197	127	6	148	335	165	356	1.25e-17	82.4
g512.t1	VFG021646(gb|WP_000794031)	26.904	197	132	5	144	332	163	355	2.18e-16	79.0
g512.t1	VFG018305(gb|WP_000794035)	26.396	197	133	5	144	332	163	355	2.66e-16	78.6
g512.t1	VFG021652(gb|WP_000794029)	26.396	197	133	5	144	332	163	355	2.98e-16	78.6
g512.t1	VFG021647(gb|WP_000794039)	26.562	192	129	5	149	332	169	356	3.75e-15	75.5
g512.t1	VFG021649(gb|WP_000794038)	26.562	192	129	5	149	332	169	356	3.79e-15	75.5
g512.t1	VFG021648(gb|WP_000794041)	26.562	192	129	5	149	332	169	356	3.86e-15	75.5
g512.t1	VFG004370(gb|NP_459179)	26.562	192	129	5	149	332	169	356	3.86e-15	75.5
g512.t1	VFG004371(gb|WP_000794044)	26.562	192	129	5	149	332	169	356	5.31e-15	74.7
g512.t1	VFG042401(gb|WP_001165677)	28.834	163	102	6	148	301	165	322	1.42e-11	64.3
g512.t1	VFG004343(gb|WP_001241930)	24.468	282	189	9	63	326	70	345	5.30e-11	62.8
g512.t1	VFG042593(gb|AAS99232)	23.442	337	221	13	24	333	28	354	8.07e-11	62.4
g512.t1	VFG021541(gb|WP_000832393)	27.703	148	95	4	187	334	20	155	1.82e-06	47.0
g512.t1	VFG021544(gb|WP_000832395)	27.703	148	95	4	187	334	20	155	2.49e-06	46.6
g512.t1	VFG004311(gb|WP_000832400)	27.703	148	95	4	187	334	20	155	5.15e-06	45.8
g3398.t1	VFG000453(gb|NP_462538)	100.000	359	0	0	1	359	1	359	0.0	734
g3398.t1	VFG021344(gb|WP_000914254)	99.721	359	1	0	1	359	1	359	0.0	733
g3398.t1	VFG021342(gb|WP_000914256)	99.721	359	1	0	1	359	1	359	0.0	732
g3398.t1	VFG018349(gb|WP_000914251)	99.443	359	2	0	1	359	1	359	0.0	729
g3398.t1	VFG004183(gb|WP_001541094)	99.443	359	2	0	1	359	1	359	0.0	728
g3398.t1	VFG021343(gb|WP_000914404)	74.652	359	86	2	1	359	1	354	0.0	533
g3398.t1	VFG021652(gb|WP_000794029)	30.585	376	225	14	2	359	1	358	5.30e-49	168
g3398.t1	VFG018305(gb|WP_000794035)	30.585	376	225	14	2	359	1	358	1.04e-48	167
g3398.t1	VFG021646(gb|WP_000794031)	29.787	376	228	14	2	359	1	358	1.16e-46	162
g3398.t1	VFG004371(gb|WP_000794044)	28.457	376	234	10	2	359	1	359	2.00e-46	161
g3398.t1	VFG004370(gb|NP_459179)	28.191	376	235	10	2	359	1	359	1.26e-45	159
g3398.t1	VFG021647(gb|WP_000794039)	27.926	376	236	10	2	359	1	359	1.74e-45	159
g3398.t1	VFG021648(gb|WP_000794041)	27.926	376	236	10	2	359	1	359	2.29e-45	159
g3398.t1	VFG021649(gb|WP_000794038)	27.926	376	236	10	2	359	1	359	2.66e-45	158
g3398.t1	VFG004343(gb|WP_001241930)	27.624	362	246	10	2	358	3	353	6.99e-35	130
g3398.t1	VFG045924(gb|WP_001165657)	26.923	364	245	8	3	359	7	356	8.43e-30	117
g3398.t1	VFG045923(gb|WP_001165655)	26.923	364	245	8	3	359	7	356	3.69e-29	115
g3398.t1	VFG045933(gb|WP_001165671)	26.923	364	245	8	3	359	7	356	4.05e-29	115
g3398.t1	VFG045918(gb|WP_001165678)	27.198	364	244	8	3	359	7	356	4.76e-29	115
g3398.t1	VFG045931(gb|WP_001165658)	27.027	370	237	10	3	359	7	356	1.22e-28	114
g3398.t1	VFG045916(gb|WP_001165668)	26.648	364	246	8	3	359	7	356	1.22e-27	111
g3398.t1	VFG004164(gb|WP_000701252)	29.384	211	143	2	149	359	131	335	5.36e-27	108
g3398.t1	VFG021307(gb|WP_000701257)	30.516	213	138	4	149	359	131	335	6.55e-27	108
g3398.t1	VFG021303(gb|WP_000701246)	30.516	213	138	4	149	359	131	335	6.75e-27	108
g3398.t1	VFG021302(gb|WP_000701234)	30.516	213	138	4	149	359	131	335	7.39e-27	108
g3398.t1	VFG021301(gb|WP_000701238)	30.516	213	138	4	149	359	131	335	7.39e-27	108
g3398.t1	VFG018358(gb|WP_000701243)	30.516	213	138	4	149	359	131	335	1.72e-26	107
g3398.t1	VFG004160(gb|NP_459029)	30.047	213	139	4	149	359	131	335	2.42e-26	107
g3398.t1	VFG004161(gb|WP_000701249)	30.047	213	139	4	149	359	131	335	3.44e-26	106
g3398.t1	VFG004162(gb|WP_000701253)	30.047	213	139	4	149	359	131	335	3.47e-26	106
g3398.t1	VFG045930(gb|WP_001220301)	26.239	343	232	8	24	359	28	356	1.81e-25	105
g3398.t1	VFG021172(gb|WP_000708659)	29.493	217	145	3	144	359	126	335	2.85e-24	101
g3398.t1	VFG042593(gb|AAS99232)	30.939	362	206	17	18	358	17	355	2.93e-24	102
g3398.t1	VFG021167(gb|WP_000708660)	29.032	217	146	3	144	359	126	335	7.17e-24	100
g3398.t1	VFG004089(gb|WP_011264213)	29.032	217	146	3	144	359	126	335	9.10e-24	100
g3398.t1	VFG021168(gb|WP_000708656)	29.032	217	146	3	144	359	126	335	1.99e-23	99.4
g3398.t1	VFG021166(gb|WP_000708669)	29.032	217	146	3	144	359	126	335	2.01e-23	99.4
g3398.t1	VFG021169(gb|WP_000708648)	29.032	217	146	3	144	359	126	335	2.63e-23	99.0
g3398.t1	VFG000447(gb|NP_459542)	29.384	211	141	3	150	359	132	335	3.17e-23	98.6
g3398.t1	VFG018382(gb|WP_000708655)	29.032	217	146	3	144	359	126	335	4.31e-23	98.2
g3398.t1	VFG004088(gb|WP_000708651)	28.910	211	142	3	150	359	132	335	6.09e-23	97.8
g3398.t1	VFG021170(gb|WP_000708650)	28.910	211	142	3	150	359	132	335	6.46e-23	97.8
g3398.t1	VFG021171(gb|WP_000708664)	28.571	217	147	3	144	359	126	335	7.95e-23	97.4
g3398.t1	VFG021165(gb|WP_000708663)	28.571	217	147	3	144	359	126	335	1.29e-22	97.1
g3398.t1	VFG004086(gb|WP_000708646)	28.571	217	147	3	144	359	126	335	1.29e-22	97.1
g3398.t1	VFG042401(gb|WP_001165677)	26.129	310	215	6	3	305	7	309	2.71e-21	93.2
g3398.t1	VFG018357(gb|WP_000690877)	31.980	197	124	4	165	359	147	335	5.21e-21	92.4
g3398.t1	VFG042683(gb|CAD56974)	27.189	217	150	3	144	359	126	335	8.43e-20	89.0
g3398.t1	VFG038422(gb|WP_005316019)	26.124	356	221	14	14	354	9	337	1.27e-19	88.6
g3398.t1	VFG038423(gb|WP_005354940)	24.859	354	224	15	16	354	11	337	1.08e-14	74.3
g3398.t1	VFG038420(gb|WP_011704496)	23.478	345	216	12	29	354	24	339	5.16e-12	66.2
g3398.t1	VFG042613(gb|WP_004248451)	28.070	342	195	19	35	354	40	352	6.32e-12	65.9
g3398.t1	VFG038421(gb|WP_043118352)	23.442	337	211	12	37	354	29	337	3.66e-10	60.5
g3398.t1	VFG004314(gb|WP_000832396)	25.316	158	100	4	202	359	17	156	1.39e-07	50.4
g3398.t1	VFG018318(gb|WP_000832394)	25.316	158	100	4	202	359	17	156	1.47e-07	50.4
g3398.t1	VFG021544(gb|WP_000832395)	24.684	158	101	4	202	359	17	156	9.40e-07	48.1
g3398.t1	VFG004311(gb|WP_000832400)	24.684	158	101	4	202	359	17	156	2.54e-06	47.0
g3398.t1	VFG021541(gb|WP_000832393)	24.051	158	102	4	202	359	17	156	4.72e-06	46.2
