g1122.t1	VFG030565(gb|WP_003411940)	33.210	271	173	4	1	270	27	290	1.73e-39	139
g1122.t1	VFG030609(gb|YP_005360918)	33.210	271	173	4	1	270	27	290	3.49e-39	138
g1122.t1	VFG030576(gb|WP_011779763)	27.823	248	169	4	3	248	46	285	1.22e-29	113
g1122.t1	VFG030597(gb|WP_015356780)	27.574	272	186	5	3	272	34	296	1.43e-29	113
g1122.t1	VFG030569(gb|WP_011894704)	27.419	248	170	4	3	248	46	285	4.91e-29	112
g1122.t1	VFG030583(gb|WP_049785309)	27.206	272	187	5	3	272	30	292	7.54e-29	111
g1122.t1	VFG030610(gb|YP_005923515)	30.603	232	148	3	1	224	27	253	4.10e-27	106
g1122.t1	VFG030564(gb|WP_010908119)	29.070	258	170	6	3	257	40	287	8.37e-27	105
g1122.t1	VFG030596(gb|WP_015292797)	28.346	254	171	5	3	254	43	287	2.60e-26	104
g1122.t1	VFG030595(gb|WP_015289685)	28.629	248	166	5	3	248	43	281	2.67e-25	102
g1122.t1	VFG030589(gb|WP_014382017)	28.514	249	165	6	3	248	30	268	6.88e-25	100
g1122.t1	VFG030587(gb|WP_043955631)	28.514	249	165	6	3	248	30	268	6.95e-25	100
g1122.t1	VFG030566(gb|WP_003878455)	28.514	249	165	6	3	248	28	266	8.24e-25	100
g1122.t1	VFG030567(gb|WP_009975585)	28.514	249	165	6	3	248	28	266	8.59e-25	100
g1122.t1	VFG030584(gb|WP_013828148)	29.885	261	164	7	3	257	31	278	1.62e-24	99.4
g1122.t1	VFG030591(gb|WP_014379469)	28.112	249	166	6	3	248	30	268	5.99e-24	97.8
g1122.t1	VFG030562(gb|NP_215752)	27.165	254	174	5	3	254	43	287	1.02e-23	97.4
g1122.t1	VFG030588(gb|WP_041298172)	28.112	249	166	6	3	248	30	268	1.05e-23	97.4
g1122.t1	VFG030613(gb|WP_020821924)	28.112	249	166	6	3	248	30	268	1.37e-23	97.1
g1122.t1	VFG030602(gb|WP_014585152)	27.451	255	172	6	3	254	43	287	2.89e-23	96.3
g1122.t1	VFG030572(gb|WP_085975495)	26.613	248	171	5	3	248	32	270	4.59e-23	95.5
g1122.t1	VFG030571(gb|WP_085976307)	26.613	248	171	5	3	248	32	270	5.13e-23	95.5
g1122.t1	VFG030615(gb|WP_015308642)	27.309	249	168	6	3	248	44	282	4.94e-22	93.2
g1122.t1	VFG030570(gb|WP_003896467)	27.016	248	170	5	3	248	41	279	5.85e-22	92.8
g1122.t1	VFG030578(gb|YP_001702113)	27.626	257	175	5	3	257	34	281	1.84e-19	85.9
g1122.t1	VFG030592(gb|WP_005059670)	28.514	249	165	6	3	248	34	272	2.28e-18	82.8
g1122.t1	VFG030606(gb|YP_007957367)	27.429	175	119	3	80	254	2	168	2.50e-13	66.6
g1408.t1	VFG030565(gb|WP_003411940)	83.803	284	46	0	37	320	7	290	4.38e-162	453
g1408.t1	VFG030609(gb|YP_005360918)	83.451	284	47	0	37	320	7	290	1.16e-161	452
g1408.t1	VFG030610(gb|YP_005923515)	83.636	220	36	0	37	256	7	226	9.47e-119	343
g1408.t1	VFG030576(gb|WP_011779763)	28.283	297	208	3	23	316	10	304	9.68e-33	123
g1408.t1	VFG030597(gb|WP_015356780)	32.184	261	169	4	41	297	16	272	2.89e-32	121
g1408.t1	VFG030583(gb|WP_049785309)	31.801	261	170	4	41	297	12	268	1.91e-31	119
g1408.t1	VFG030569(gb|WP_011894704)	28.383	303	207	5	17	316	9	304	2.34e-31	119
g1408.t1	VFG030602(gb|WP_014585152)	30.584	291	186	3	9	297	5	281	3.71e-30	116
g1408.t1	VFG030564(gb|WP_010908119)	29.856	278	188	3	22	297	6	278	1.23e-29	114
g1408.t1	VFG030567(gb|WP_009975585)	32.950	261	167	4	41	297	10	266	2.79e-29	113
g1408.t1	VFG030595(gb|WP_015289685)	30.584	291	186	3	9	297	5	281	3.25e-29	113
g1408.t1	VFG030566(gb|WP_003878455)	32.950	261	167	4	41	297	10	266	3.25e-29	113
g1408.t1	VFG030562(gb|NP_215752)	30.241	291	187	3	9	297	5	281	5.14e-29	113
g1408.t1	VFG030596(gb|WP_015292797)	30.241	291	187	3	9	297	5	281	5.70e-29	112
g1408.t1	VFG030584(gb|WP_013828148)	31.636	275	181	3	28	300	3	272	7.35e-29	112
g1408.t1	VFG030615(gb|WP_015308642)	29.123	285	191	5	32	312	17	294	1.26e-28	112
g1408.t1	VFG030570(gb|WP_003896467)	30.797	276	180	5	41	312	23	291	1.30e-28	112
g1408.t1	VFG030572(gb|WP_085975495)	29.348	276	184	5	41	312	14	282	4.67e-28	110
g1408.t1	VFG030571(gb|WP_085976307)	29.348	276	184	5	41	312	14	282	7.90e-28	109
g1408.t1	VFG030589(gb|WP_014382017)	33.061	245	156	4	60	300	31	271	1.44e-27	108
g1408.t1	VFG030587(gb|WP_043955631)	33.061	245	156	4	60	300	31	271	2.19e-27	108
g1408.t1	VFG030613(gb|WP_020821924)	32.653	245	157	4	60	300	31	271	7.12e-27	107
g1408.t1	VFG030591(gb|WP_014379469)	32.653	245	157	4	60	300	31	271	8.65e-27	106
g1408.t1	VFG030588(gb|WP_041298172)	32.653	245	157	4	60	300	31	271	1.21e-26	106
g1408.t1	VFG030578(gb|YP_001702113)	30.120	249	170	2	60	306	35	281	5.03e-22	94.0
g1408.t1	VFG030592(gb|WP_005059670)	30.453	243	165	2	60	300	35	275	5.62e-22	94.0
g1408.t1	VFG030606(gb|YP_007957367)	30.061	163	112	1	135	297	2	162	4.78e-14	69.3
g2015.t1	VFG030565(gb|WP_003411940)	35.018	277	173	3	2	278	15	284	7.41e-42	145
g2015.t1	VFG030609(gb|YP_005360918)	35.018	277	173	3	2	278	15	284	9.87e-42	145
g2015.t1	VFG030576(gb|WP_011779763)	28.846	260	173	6	5	261	35	285	3.19e-30	115
g2015.t1	VFG030597(gb|WP_015356780)	28.671	286	193	7	2	285	20	296	8.22e-30	114
g2015.t1	VFG030569(gb|WP_011894704)	28.462	260	174	6	5	261	35	285	1.32e-29	114
g2015.t1	VFG030610(gb|YP_005923515)	33.796	216	138	2	2	217	15	225	1.56e-29	113
g2015.t1	VFG030583(gb|WP_049785309)	28.322	286	194	7	2	285	16	292	5.82e-29	112
g2015.t1	VFG030564(gb|WP_010908119)	28.881	277	184	6	1	274	25	291	8.84e-28	108
g2015.t1	VFG030596(gb|WP_015292797)	28.623	276	186	6	1	274	28	294	5.11e-27	107
g2015.t1	VFG030595(gb|WP_015289685)	29.545	264	175	6	1	262	28	282	6.44e-26	103
g2015.t1	VFG030572(gb|WP_085975495)	26.449	276	192	6	1	274	17	283	7.62e-25	100
g2015.t1	VFG030567(gb|WP_009975585)	30.303	264	173	8	1	262	13	267	8.64e-25	100
g2015.t1	VFG030566(gb|WP_003878455)	30.303	264	173	8	1	262	13	267	8.91e-25	100
g2015.t1	VFG030615(gb|WP_015308642)	28.788	264	175	6	1	261	29	282	8.93e-25	100
g2015.t1	VFG030571(gb|WP_085976307)	26.449	276	192	6	1	274	17	283	9.94e-25	100
g2015.t1	VFG030562(gb|NP_215752)	27.536	276	189	6	1	274	28	294	3.38e-24	99.4
g2015.t1	VFG030587(gb|WP_043955631)	28.736	261	175	7	16	274	30	281	1.08e-23	97.8
g2015.t1	VFG030584(gb|WP_013828148)	27.899	276	188	7	1	274	16	282	1.19e-23	97.4
g2015.t1	VFG030602(gb|WP_014585152)	27.536	276	189	7	1	274	28	294	1.48e-23	97.4
g2015.t1	VFG030589(gb|WP_014382017)	28.352	261	176	7	16	274	30	281	1.68e-23	97.1
g2015.t1	VFG030588(gb|WP_041298172)	28.352	261	176	7	16	274	30	281	1.28e-22	94.7
g2015.t1	VFG030591(gb|WP_014379469)	27.969	261	177	7	16	274	30	281	1.32e-22	94.7
g2015.t1	VFG030613(gb|WP_020821924)	28.352	261	176	7	16	274	30	281	1.48e-22	94.4
g2015.t1	VFG030570(gb|WP_003896467)	26.182	275	192	7	2	274	27	292	2.06e-21	91.7
g2015.t1	VFG030578(gb|YP_001702113)	28.462	260	175	6	16	273	34	284	1.15e-20	89.4
g2015.t1	VFG030592(gb|WP_005059670)	29.435	248	164	7	16	261	34	272	3.77e-19	85.1
g2015.t1	VFG030606(gb|YP_007957367)	28.022	182	123	4	93	274	2	175	1.11e-14	70.9
g2286.t1	VFG030609(gb|YP_005360918)	100.000	290	0	0	1	290	1	290	0.0	562
g2286.t1	VFG030565(gb|WP_003411940)	99.655	290	1	0	1	290	1	290	0.0	560
g2286.t1	VFG030610(gb|YP_005923515)	99.558	226	1	0	1	226	1	226	1.06e-154	433
g2286.t1	VFG030597(gb|WP_015356780)	33.205	259	169	2	11	267	16	272	9.50e-37	132
g2286.t1	VFG030583(gb|WP_049785309)	32.819	259	170	2	11	267	12	268	8.45e-36	130
g2286.t1	VFG030572(gb|WP_085975495)	32.168	286	179	5	3	282	6	282	6.84e-35	127
g2286.t1	VFG030571(gb|WP_085976307)	32.168	286	179	5	3	282	6	282	7.36e-35	127
g2286.t1	VFG030615(gb|WP_015308642)	32.714	269	175	3	3	268	18	283	1.44e-34	127
g2286.t1	VFG030570(gb|WP_003896467)	33.700	273	169	4	2	268	14	280	5.50e-34	125
g2286.t1	VFG030576(gb|WP_011779763)	29.670	273	187	3	3	272	20	290	3.66e-33	123
g2286.t1	VFG030595(gb|WP_015289685)	34.328	268	169	3	2	267	19	281	3.85e-33	123
g2286.t1	VFG030562(gb|NP_215752)	33.955	268	170	3	2	267	19	281	5.68e-33	122
g2286.t1	VFG030596(gb|WP_015292797)	33.582	268	171	3	2	267	19	281	2.64e-32	120
g2286.t1	VFG030567(gb|WP_009975585)	33.582	268	171	3	2	267	4	266	2.84e-32	120
g2286.t1	VFG030566(gb|WP_003878455)	33.582	268	171	3	2	267	4	266	3.15e-32	120
g2286.t1	VFG030602(gb|WP_014585152)	33.582	268	171	3	2	267	19	281	6.01e-32	120
g2286.t1	VFG030569(gb|WP_011894704)	29.167	288	197	4	2	286	21	304	9.19e-32	119
g2286.t1	VFG030584(gb|WP_013828148)	34.066	273	168	4	2	268	4	270	1.13e-30	116
g2286.t1	VFG030564(gb|WP_010908119)	31.321	265	176	3	5	267	18	278	2.21e-30	115
g2286.t1	VFG030587(gb|WP_043955631)	33.195	241	157	2	30	268	31	269	2.91e-28	110
g2286.t1	VFG030589(gb|WP_014382017)	32.510	243	160	2	30	270	31	271	3.43e-28	109
g2286.t1	VFG030613(gb|WP_020821924)	32.780	241	158	2	30	268	31	269	8.62e-28	108
g2286.t1	VFG030588(gb|WP_041298172)	32.780	241	158	2	30	268	31	269	1.62e-27	108
g2286.t1	VFG030591(gb|WP_014379469)	32.365	241	159	2	30	268	31	269	2.08e-27	107
g2286.t1	VFG030578(gb|YP_001702113)	31.687	243	162	2	30	270	35	275	2.36e-24	99.8
g2286.t1	VFG030592(gb|WP_005059670)	31.687	243	162	2	30	270	35	275	6.83e-24	98.2
g2286.t1	VFG030606(gb|YP_007957367)	31.288	163	110	1	105	267	2	162	2.56e-16	75.5
g2784.t1	VFG030565(gb|WP_003411940)	33.813	278	176	4	2	278	7	277	1.26e-35	129
g2784.t1	VFG030609(gb|YP_005360918)	33.813	278	176	4	2	278	7	277	1.62e-35	129
g2784.t1	VFG030597(gb|WP_015356780)	30.000	270	179	6	10	276	20	282	3.78e-28	109
g2784.t1	VFG030583(gb|WP_049785309)	30.000	270	179	6	10	276	16	278	1.34e-27	108
g2784.t1	VFG030572(gb|WP_085975495)	27.143	280	196	4	3	281	11	283	2.35e-26	104
g2784.t1	VFG030571(gb|WP_085976307)	27.143	280	196	4	3	281	11	283	4.05e-26	104
g2784.t1	VFG030584(gb|WP_013828148)	30.325	277	183	6	6	279	13	282	2.79e-25	102
g2784.t1	VFG030570(gb|WP_003896467)	27.106	273	191	4	10	281	27	292	2.97e-25	102
g2784.t1	VFG030567(gb|WP_009975585)	31.439	264	173	5	6	268	10	266	1.41e-24	100
g2784.t1	VFG030566(gb|WP_003878455)	31.439	264	173	5	6	268	10	266	1.57e-24	99.8
g2784.t1	VFG030610(gb|YP_005923515)	35.111	225	139	3	2	225	7	225	1.59e-24	99.8
g2784.t1	VFG030569(gb|WP_011894704)	26.259	278	196	5	13	288	35	305	2.38e-24	99.8
g2784.t1	VFG030576(gb|WP_011779763)	26.316	285	201	5	6	288	28	305	2.56e-24	99.8
g2784.t1	VFG030595(gb|WP_015289685)	29.368	269	182	5	1	268	20	281	3.72e-23	96.7
g2784.t1	VFG030562(gb|NP_215752)	29.740	269	181	5	1	268	20	281	8.20e-23	95.5
g2784.t1	VFG030596(gb|WP_015292797)	29.368	269	182	5	1	268	20	281	9.17e-23	95.5
g2784.t1	VFG030615(gb|WP_015308642)	26.277	274	194	4	9	281	29	295	1.62e-22	94.7
g2784.t1	VFG030564(gb|WP_010908119)	27.372	274	189	4	9	279	25	291	3.69e-22	93.6
g2784.t1	VFG030602(gb|WP_014585152)	29.368	269	182	5	1	268	20	281	5.77e-22	93.2
g2784.t1	VFG030613(gb|WP_020821924)	27.132	258	178	5	25	279	31	281	2.23e-17	80.1
g2784.t1	VFG030588(gb|WP_041298172)	27.132	258	178	5	25	279	31	281	2.69e-17	80.1
g2784.t1	VFG030591(gb|WP_014379469)	26.744	258	179	5	25	279	31	281	2.85e-17	80.1
g2784.t1	VFG030587(gb|WP_043955631)	27.132	258	178	5	25	279	31	281	4.35e-17	79.3
g2784.t1	VFG030589(gb|WP_014382017)	26.744	258	179	5	25	279	31	281	6.33e-17	79.0
g2784.t1	VFG030578(gb|YP_001702113)	29.839	248	166	5	25	271	35	275	7.03e-16	76.3
g2784.t1	VFG030592(gb|WP_005059670)	28.405	257	176	5	25	280	35	284	2.97e-15	74.3
g2784.t1	VFG030606(gb|YP_007957367)	26.203	187	121	4	100	281	1	175	1.21e-11	62.4
g2379.t1	VFG030569(gb|WP_011894704)	26.688	311	216	6	3	308	2	305	4.10e-26	105
g2379.t1	VFG030576(gb|WP_011779763)	27.333	300	209	5	11	308	13	305	5.13e-25	102
g2379.t1	VFG030570(gb|WP_003896467)	28.956	297	202	6	8	303	6	294	5.22e-25	102
g2379.t1	VFG030584(gb|WP_013828148)	28.125	288	199	5	17	303	4	284	5.05e-24	99.0
g2379.t1	VFG030572(gb|WP_085975495)	27.526	287	200	6	20	305	8	287	1.56e-23	97.8
g2379.t1	VFG030571(gb|WP_085976307)	27.526	287	200	6	20	305	8	287	1.87e-23	97.4
g2379.t1	VFG030615(gb|WP_015308642)	26.000	300	210	6	11	305	7	299	3.67e-22	94.4
g2379.t1	VFG030564(gb|WP_010908119)	30.072	276	180	7	29	302	25	289	7.64e-21	90.5
g2379.t1	VFG030589(gb|WP_014382017)	27.969	261	178	7	45	303	31	283	3.95e-20	88.2
g2379.t1	VFG030613(gb|WP_020821924)	27.969	261	178	7	45	303	31	283	6.01e-20	87.8
g2379.t1	VFG030596(gb|WP_015292797)	27.875	287	193	8	12	297	14	287	6.63e-20	87.8
g2379.t1	VFG030566(gb|WP_003878455)	28.520	277	188	7	29	303	13	281	1.18e-19	87.0
g2379.t1	VFG030565(gb|WP_003411940)	28.625	269	178	6	17	281	2	260	1.45e-19	86.7
g2379.t1	VFG030567(gb|WP_009975585)	28.520	277	188	7	29	303	13	281	1.63e-19	86.7
g2379.t1	VFG030609(gb|YP_005360918)	28.625	269	178	6	17	281	2	260	1.77e-19	86.7
g2379.t1	VFG030587(gb|WP_043955631)	27.586	261	179	7	45	303	31	283	1.89e-19	86.7
g2379.t1	VFG030591(gb|WP_014379469)	27.586	261	179	7	45	303	31	283	3.29e-19	85.9
g2379.t1	VFG030588(gb|WP_041298172)	27.586	261	179	7	45	303	31	283	4.89e-19	85.5
g2379.t1	VFG030583(gb|WP_049785309)	26.071	280	193	7	30	305	16	285	1.24e-18	84.3
g2379.t1	VFG030602(gb|WP_014585152)	27.148	291	198	7	8	297	10	287	1.40e-18	84.3
g2379.t1	VFG030595(gb|WP_015289685)	27.178	287	195	8	12	297	14	287	1.71e-18	84.0
g2379.t1	VFG030562(gb|NP_215752)	27.148	291	198	7	8	297	10	287	1.71e-18	84.0
g2379.t1	VFG030597(gb|WP_015356780)	26.071	280	193	7	30	305	20	289	4.65e-18	82.8
g2379.t1	VFG030610(gb|YP_005923515)	28.452	239	153	9	17	251	2	226	3.65e-13	68.6
g2379.t1	VFG030592(gb|WP_005059670)	24.046	262	191	5	45	305	35	289	1.19e-12	67.0
g2379.t1	VFG030578(gb|YP_001702113)	23.664	262	192	5	45	305	35	289	1.58e-12	66.6
g2379.t1	VFG013568(gb|WP_005687630)	24.424	217	129	5	88	304	54	235	1.72e-06	49.3
g2379.t1	VFG030606(gb|YP_007957367)	26.554	177	120	5	122	297	1	168	6.60e-06	45.8
g3251.t1	VFG030565(gb|WP_003411940)	36.979	192	109	4	118	305	101	284	4.89e-23	96.3
g3251.t1	VFG030609(gb|YP_005360918)	36.458	192	110	4	118	305	101	284	1.19e-22	95.1
g3251.t1	VFG030576(gb|WP_011779763)	26.623	308	208	5	9	308	13	310	2.53e-21	92.0
g3251.t1	VFG030569(gb|WP_011894704)	26.623	308	208	5	9	308	13	310	9.55e-21	90.5
g3251.t1	VFG030583(gb|WP_049785309)	28.413	271	185	4	32	300	16	279	2.32e-20	89.0
g3251.t1	VFG030597(gb|WP_015356780)	28.413	271	185	4	32	300	20	283	2.53e-20	89.0
g3251.t1	VFG030595(gb|WP_015289685)	27.758	281	192	4	31	309	28	299	6.54e-18	82.4
g3251.t1	VFG030615(gb|WP_015308642)	27.243	301	206	5	9	306	7	297	7.04e-18	82.4
g3251.t1	VFG030562(gb|NP_215752)	28.315	279	187	5	31	306	28	296	1.89e-17	80.9
g3251.t1	VFG030596(gb|WP_015292797)	27.698	278	190	4	31	306	28	296	1.92e-17	80.9
g3251.t1	VFG030602(gb|WP_014585152)	28.315	279	187	5	31	306	28	296	2.68e-17	80.5
g3251.t1	VFG030572(gb|WP_085975495)	27.957	279	188	6	31	306	17	285	3.93e-17	80.1
g3251.t1	VFG030571(gb|WP_085976307)	27.957	279	188	6	31	306	17	285	5.87e-17	79.3
g3251.t1	VFG030584(gb|WP_013828148)	28.369	282	191	4	22	300	7	280	1.52e-16	78.2
g3251.t1	VFG030570(gb|WP_003896467)	27.362	307	205	7	4	306	2	294	9.00e-16	76.3
g3251.t1	VFG030567(gb|WP_009975585)	28.090	267	183	4	28	292	10	269	1.35e-15	75.5
g3251.t1	VFG030566(gb|WP_003878455)	28.090	267	183	4	28	292	10	269	1.49e-15	75.5
g3251.t1	VFG030564(gb|WP_010908119)	26.207	290	201	5	13	300	11	289	2.34e-14	72.0
g3251.t1	VFG030610(gb|YP_005923515)	34.615	130	80	1	118	247	101	225	1.86e-13	69.3
g3251.t1	VFG030591(gb|WP_014379469)	27.572	243	168	3	46	288	33	267	5.48e-13	68.2
g3251.t1	VFG030588(gb|WP_041298172)	27.572	243	168	3	46	288	33	267	5.91e-13	67.8
g3251.t1	VFG030613(gb|WP_020821924)	27.572	243	168	3	46	288	33	267	7.93e-13	67.4
g3251.t1	VFG030589(gb|WP_014382017)	27.572	243	168	3	46	288	33	267	1.18e-12	67.0
g3251.t1	VFG030587(gb|WP_043955631)	27.572	243	168	3	46	288	33	267	1.72e-12	66.6
g3251.t1	VFG030606(gb|YP_007957367)	30.481	187	119	4	121	306	1	177	6.42e-10	57.8
g3251.t1	VFG030578(gb|YP_001702113)	27.234	235	164	2	66	300	56	283	1.50e-08	55.1
g3251.t1	VFG030592(gb|WP_005059670)	27.434	226	157	2	70	295	60	278	6.08e-08	53.1
g3318.t1	VFG030565(gb|WP_003411940)	33.564	289	183	5	9	295	7	288	7.72e-39	137
g3318.t1	VFG030609(gb|YP_005360918)	33.564	289	183	5	9	295	7	288	9.95e-39	137
g3318.t1	VFG030610(gb|YP_005923515)	35.000	220	137	4	13	230	11	226	1.15e-27	108
g3318.t1	VFG030572(gb|WP_085975495)	27.208	283	189	6	10	286	11	282	4.30e-26	104
g3318.t1	VFG030571(gb|WP_085976307)	27.208	283	189	6	10	286	11	282	5.28e-26	103
g3318.t1	VFG030576(gb|WP_011779763)	28.000	275	182	6	10	278	25	289	5.37e-26	104
g3318.t1	VFG030569(gb|WP_011894704)	27.575	301	199	7	2	293	17	307	8.09e-26	103
g3318.t1	VFG030583(gb|WP_049785309)	27.273	275	187	5	13	283	12	277	2.22e-24	99.8
g3318.t1	VFG030615(gb|WP_015308642)	27.465	284	190	7	10	289	23	294	4.39e-24	99.0
g3318.t1	VFG030567(gb|WP_009975585)	28.159	277	182	6	13	283	10	275	5.34e-24	98.6
g3318.t1	VFG030566(gb|WP_003878455)	28.159	277	182	6	13	283	10	275	6.10e-24	98.6
g3318.t1	VFG030597(gb|WP_015356780)	27.437	277	184	6	13	283	16	281	7.72e-24	98.2
g3318.t1	VFG030570(gb|WP_003896467)	29.004	231	148	5	10	235	20	239	2.60e-23	97.1
g3318.t1	VFG030596(gb|WP_015292797)	28.159	277	182	6	10	280	22	287	4.32e-23	96.3
g3318.t1	VFG030562(gb|NP_215752)	28.467	274	185	5	10	280	22	287	5.35e-23	96.3
g3318.t1	VFG030602(gb|WP_014585152)	28.000	275	185	5	10	280	22	287	1.14e-22	95.1
g3318.t1	VFG030595(gb|WP_015289685)	27.798	277	183	6	10	280	22	287	4.49e-22	93.6
g3318.t1	VFG030589(gb|WP_014382017)	28.063	253	165	6	31	277	30	271	1.15e-20	89.4
g3318.t1	VFG030587(gb|WP_043955631)	28.352	261	169	7	31	285	30	278	1.48e-20	89.4
g3318.t1	VFG030584(gb|WP_013828148)	28.082	292	187	8	3	285	2	279	1.99e-20	89.0
g3318.t1	VFG030591(gb|WP_014379469)	28.063	253	165	6	31	277	30	271	4.10e-20	88.2
g3318.t1	VFG030588(gb|WP_041298172)	28.063	253	165	6	31	277	30	271	5.43e-20	87.8
g3318.t1	VFG030564(gb|WP_010908119)	26.224	286	195	6	2	283	14	287	6.10e-20	87.8
g3318.t1	VFG030613(gb|WP_020821924)	28.063	253	165	6	31	277	30	271	6.25e-20	87.4
g3318.t1	VFG030578(gb|YP_001702113)	24.904	261	175	7	31	283	34	281	9.42e-14	70.1
g3318.t1	VFG030592(gb|WP_005059670)	24.324	259	173	7	31	280	34	278	4.73e-13	68.2
g3318.t1	VFG030606(gb|YP_007957367)	29.143	175	114	4	108	280	2	168	6.51e-12	63.2
