g42.t1	VFG008286(gb|WP_010907492)	100.000	481	0	0	1	481	1	481	0.0	964
g42.t1	VFG023147(gb|WP_012396944)	73.013	478	129	0	1	478	1	478	0.0	723
g42.t1	VFG017606(gb|WP_015357690)	72.803	478	130	0	1	478	1	478	0.0	719
g42.t1	VFG017605(gb|WP_015294698)	75.941	478	115	0	1	478	1	478	0.0	715
g42.t1	VFG002381(gb|NP_218386)	75.732	478	116	0	1	478	1	478	0.0	714
g42.t1	VFG017602(gb|WP_014002006)	75.523	478	117	0	1	478	1	478	0.0	711
g42.t1	VFG017614(gb|YP_007959835)	73.826	447	117	0	32	478	1	447	0.0	643
g42.t1	VFG008287(gb|WP_011726638)	63.445	476	171	2	2	475	3	477	0.0	624
g42.t1	VFG008291(gb|WP_011557493)	62.579	473	174	2	3	472	4	476	0.0	611
g42.t1	VFG008290(gb|WP_011854171)	62.579	473	174	2	3	472	4	476	0.0	611
g42.t1	VFG024419(gb|WP_013470301)	61.250	480	180	2	2	475	3	482	0.0	603
g42.t1	VFG008288(gb|WP_011891678)	61.042	480	181	2	2	475	3	482	0.0	600
g42.t1	VFG008289(gb|WP_011777398)	63.048	479	171	2	2	474	3	481	0.0	598
g42.t1	VFG017555(gb|YP_005362391)	77.219	338	77	0	1	338	1	338	1.22e-174	496
g42.t1	VFG023329(gb|WP_014000155)	36.706	504	290	12	5	480	36	538	2.52e-88	280
g42.t1	VFG028615(gb|WP_015302495)	36.706	504	290	12	5	480	36	538	2.77e-88	280
g42.t1	VFG028617(gb|WP_015292037)	36.706	504	290	12	5	480	36	538	3.12e-87	277
g42.t1	VFG023328(gb|WP_003910091)	36.471	510	283	14	5	480	36	538	4.44e-87	276
g42.t1	VFG028616(gb|WP_015288923)	36.939	490	284	12	5	471	36	523	1.16e-86	275
g42.t1	VFG022035(gb|NP_214797)	36.275	510	284	14	5	480	36	538	2.27e-86	275
g42.t1	VFG024504(gb|WP_008261687)	35.771	506	281	11	5	474	32	529	1.56e-84	270
g42.t1	VFG028635(gb|WP_020823735)	35.446	505	284	10	5	474	32	529	1.81e-84	270
g42.t1	VFG024506(gb|WP_009952519)	35.771	506	281	11	5	474	32	529	2.06e-84	270
g42.t1	VFG022046(gb|WP_011777733)	37.422	481	279	10	5	472	30	501	6.49e-82	262
g42.t1	VFG022044(gb|WP_003892036)	36.162	495	281	12	5	474	32	516	1.49e-80	259
g42.t1	VFG028954(gb|WP_005055984)	36.100	482	286	11	1	466	1	476	2.07e-80	258
g42.t1	VFG023439(gb|YP_001704487)	35.892	482	287	11	1	466	1	476	6.90e-80	256
g42.t1	VFG022040(gb|WP_003879179)	34.980	506	285	10	5	474	32	529	9.11e-80	258
g42.t1	VFG022041(gb|WP_011726301)	34.394	503	293	9	5	472	32	532	1.74e-78	254
g42.t1	VFG022045(gb|WP_011891329)	35.729	487	285	11	5	474	30	505	5.21e-78	252
g42.t1	VFG028222(gb|WP_015290141)	32.515	489	312	8	2	472	14	502	1.20e-76	248
g42.t1	VFG023444(gb|WP_012394381)	31.633	490	316	9	2	472	14	503	1.74e-75	245
g42.t1	VFG022043(gb|WP_011739402)	35.329	501	296	13	5	480	36	533	2.33e-75	246
g42.t1	VFG028618(gb|WP_015354279)	35.872	499	291	14	5	478	36	530	2.50e-75	246
g42.t1	VFG023326(gb|WP_012392509)	36.000	500	289	15	5	478	36	530	2.53e-75	246
g42.t1	VFG009083(gb|WP_003408797)	32.515	489	312	8	2	472	14	502	7.50e-75	244
g42.t1	VFG023446(gb|WP_014000945)	32.515	489	312	8	2	472	14	502	7.82e-75	244
g42.t1	VFG028224(gb|WP_015355465)	31.633	490	316	9	2	472	14	503	9.60e-75	243
g42.t1	VFG028223(gb|WP_015293195)	32.515	489	312	8	2	472	14	502	1.17e-74	243
g42.t1	VFG002397(gb|NP_216298)	32.515	489	312	8	2	472	14	502	1.17e-74	243
g42.t1	VFG008330(gb|WP_011740949)	31.633	490	316	9	2	472	14	503	3.42e-74	242
g42.t1	VFG022042(gb|WP_010908949)	34.286	525	288	15	5	480	36	552	3.42e-74	243
g42.t1	VFG023450(gb|WP_041317807)	34.012	491	302	10	2	472	11	499	4.63e-74	241
g42.t1	VFG028571(gb|WP_015304046)	35.510	490	277	14	1	463	1	478	1.80e-73	240
g42.t1	VFG028572(gb|WP_015291806)	35.510	490	277	14	1	463	1	478	1.92e-73	239
g42.t1	VFG022048(gb|WP_011557798)	34.917	484	294	10	5	472	29	507	2.55e-73	240
g42.t1	VFG028573(gb|WP_015294713)	35.510	490	277	14	1	463	1	478	2.66e-73	239
g42.t1	VFG022047(gb|WP_011854375)	34.711	484	295	10	5	472	29	507	6.59e-73	239
g42.t1	VFG023306(gb|WP_014002019)	35.102	490	279	14	1	463	1	478	8.18e-73	238
g42.t1	VFG022010(gb|WP_003400065)	35.102	490	279	14	1	463	1	478	1.18e-72	238
g42.t1	VFG023327(gb|YP_001702968)	34.783	483	271	11	5	463	35	497	3.33e-72	237
g42.t1	VFG028613(gb|WP_005058898)	34.576	483	272	11	5	463	35	497	4.33e-72	237
g42.t1	VFG008329(gb|WP_010908396)	32.515	489	312	8	2	472	14	502	8.87e-72	236
g42.t1	VFG022014(gb|WP_010950960)	34.898	490	280	14	1	463	1	478	1.44e-71	235
g42.t1	VFG028236(gb|YP_005360422)	32.449	490	312	9	2	472	14	503	1.51e-71	235
g42.t1	VFG023309(gb|WP_013827002)	34.568	486	287	13	1	463	1	478	4.86e-71	233
g42.t1	VFG022017(gb|WP_009979957)	35.378	489	283	15	1	465	1	480	5.16e-70	231
g42.t1	VFG023333(gb|WP_013827235)	34.615	494	289	12	5	469	35	523	1.29e-69	231
g42.t1	VFG024643(gb|WP_014942094)	30.864	486	317	9	2	469	14	498	3.29e-69	229
g42.t1	VFG024644(gb|WP_009954151)	30.864	486	317	9	2	469	14	498	4.92e-69	228
g42.t1	VFG028240(gb|WP_036455793)	30.864	486	317	9	2	469	14	498	6.33e-69	228
g42.t1	VFG008328(gb|WP_003876467)	30.470	489	321	9	2	472	14	501	7.90e-69	228
g42.t1	VFG008327(gb|WP_003877883)	30.470	489	321	9	2	472	14	501	9.45e-69	228
g42.t1	VFG028588(gb|WP_020824020)	34.216	491	286	13	1	465	1	480	8.15e-68	225
g42.t1	VFG024494(gb|WP_014712599)	33.947	489	286	13	1	463	1	478	1.50e-67	224
g42.t1	VFG024493(gb|WP_014381539)	34.497	487	286	15	1	463	1	478	1.52e-67	224
g42.t1	VFG028632(gb|YP_005921635)	35.476	420	230	14	95	480	1	413	4.47e-56	192
g42.t1	VFG028628(gb|YP_007956482)	40.078	257	151	3	5	258	36	292	2.83e-55	189
g42.t1	VFG022275(gb|WP_011778704)	31.064	470	292	10	6	461	5	456	5.31e-55	190
g42.t1	VFG022273(gb|WP_011727723)	30.737	475	296	14	1	463	1	454	1.09e-53	186
g42.t1	VFG022264(gb|WP_003418333)	32.708	480	290	15	6	467	6	470	9.67e-52	182
g42.t1	VFG028950(gb|WP_015303896)	32.708	480	290	15	6	467	6	470	1.60e-51	181
g42.t1	VFG023441(gb|WP_014001751)	32.500	480	291	15	6	467	6	470	3.90e-51	180
g42.t1	VFG028951(gb|WP_015291464)	32.708	480	290	15	6	467	6	470	1.33e-50	179
g42.t1	VFG022272(gb|WP_011739116)	31.276	486	291	14	4	467	13	477	3.76e-50	178
g42.t1	VFG028949(gb|WP_015288546)	32.500	480	291	15	6	467	6	470	5.08e-50	177
g42.t1	VFG028953(gb|WP_015354719)	31.276	486	291	14	4	467	13	477	8.12e-50	177
g42.t1	VFG023438(gb|WP_012392986)	31.481	486	290	14	4	467	13	477	5.13e-49	175
g42.t1	VFG022276(gb|WP_011768102)	31.237	477	282	15	4	463	3	450	1.87e-47	170
g42.t1	VFG028233(gb|YP_007957857)	31.169	308	206	3	54	355	23	330	5.92e-42	152
g42.t1	VFG022274(gb|WP_011895792)	31.343	469	279	16	7	456	6	450	9.75e-42	154
g42.t1	VFG024599(gb|WP_014712336)	28.986	483	291	14	6	467	6	457	9.93e-41	151
g42.t1	VFG024600(gb|WP_009952909)	28.392	479	299	13	6	467	6	457	1.28e-40	151
g42.t1	VFG024598(gb|WP_014385772)	28.571	476	302	13	6	467	6	457	1.84e-40	150
g42.t1	VFG024602(gb|WP_014381075)	28.392	479	299	13	6	467	6	457	3.64e-40	150
g42.t1	VFG028969(gb|WP_020823542)	28.361	476	303	13	6	467	6	457	1.84e-39	148
g42.t1	VFG028581(gb|YP_007959861)	32.131	305	174	9	184	463	21	317	5.89e-37	138
g42.t1	VFG028958(gb|YP_007963341)	33.213	277	169	8	6	278	6	270	4.16e-31	120
g42.t1	VFG022271(gb|WP_011726051)	27.651	481	310	14	1	467	1	457	1.06e-30	123
g42.t1	VFG022270(gb|WP_003879491)	28.189	486	297	16	1	467	1	453	1.58e-29	120
g42.t1	VFG028623(gb|YP_007960181)	32.683	205	128	6	181	376	20	223	1.56e-20	90.5
g42.t1	VFG028608(gb|YP_005921634)	40.244	82	49	0	5	86	656	737	1.10e-15	79.7
g1226.t1	VFG008329(gb|WP_010908396)	100.000	506	0	0	1	506	1	506	0.0	1011
g1226.t1	VFG028222(gb|WP_015290141)	82.806	506	87	0	1	506	1	506	0.0	860
g1226.t1	VFG002397(gb|NP_216298)	82.806	506	87	0	1	506	1	506	0.0	841
g1226.t1	VFG028223(gb|WP_015293195)	82.609	506	88	0	1	506	1	506	0.0	840
g1226.t1	VFG009083(gb|WP_003408797)	82.609	506	88	0	1	506	1	506	0.0	839
g1226.t1	VFG023446(gb|WP_014000945)	82.609	506	88	0	1	506	1	506	0.0	838
g1226.t1	VFG024643(gb|WP_014942094)	80.830	506	96	1	1	506	1	505	0.0	837
g1226.t1	VFG008328(gb|WP_003876467)	80.435	506	98	1	1	506	1	505	0.0	836
g1226.t1	VFG024644(gb|WP_009954151)	80.435	506	98	1	1	506	1	505	0.0	833
g1226.t1	VFG008327(gb|WP_003877883)	80.237	506	99	1	1	506	1	505	0.0	833
g1226.t1	VFG028236(gb|YP_005360422)	82.446	507	88	1	1	506	1	507	0.0	832
g1226.t1	VFG028240(gb|WP_036455793)	80.237	506	99	1	1	506	1	505	0.0	832
g1226.t1	VFG023444(gb|WP_012394381)	80.671	507	97	1	1	506	1	507	0.0	830
g1226.t1	VFG028224(gb|WP_015355465)	80.473	507	98	1	1	506	1	507	0.0	827
g1226.t1	VFG008330(gb|WP_011740949)	80.079	507	100	1	1	506	1	507	0.0	825
g1226.t1	VFG023450(gb|WP_041317807)	70.414	507	145	3	1	506	1	503	0.0	694
g1226.t1	VFG028233(gb|YP_007957857)	82.583	333	58	0	44	376	1	333	0.0	529
g1226.t1	VFG023326(gb|WP_012392509)	38.956	498	292	8	12	501	31	524	1.11e-102	318
g1226.t1	VFG022043(gb|WP_011739402)	38.833	497	294	7	12	501	31	524	2.61e-102	317
g1226.t1	VFG028616(gb|WP_015288923)	38.400	500	293	8	13	503	32	525	1.02e-101	315
g1226.t1	VFG028618(gb|WP_015354279)	38.755	498	293	8	12	501	31	524	1.22e-101	315
g1226.t1	VFG028617(gb|WP_015292037)	38.142	506	292	8	13	503	32	531	2.51e-101	314
g1226.t1	VFG023329(gb|WP_014000155)	38.142	506	292	8	13	503	32	531	1.12e-100	313
g1226.t1	VFG028615(gb|WP_015302495)	38.142	506	292	8	13	503	32	531	1.14e-100	313
g1226.t1	VFG024504(gb|WP_008261687)	36.561	506	301	8	12	502	27	527	5.25e-98	306
g1226.t1	VFG024506(gb|WP_009952519)	36.561	506	301	8	12	502	27	527	5.78e-98	306
g1226.t1	VFG022035(gb|NP_214797)	38.142	506	292	8	13	503	32	531	9.11e-98	305
g1226.t1	VFG023328(gb|WP_003910091)	37.945	506	293	8	13	503	32	531	2.10e-97	304
g1226.t1	VFG028635(gb|WP_020823735)	36.364	506	302	8	12	502	27	527	1.01e-96	302
g1226.t1	VFG022046(gb|WP_011777733)	37.778	495	284	8	13	502	26	501	3.03e-96	300
g1226.t1	VFG022042(gb|WP_010908949)	36.595	511	293	8	13	496	32	538	2.52e-95	299
g1226.t1	VFG028588(gb|WP_020824020)	39.337	483	284	6	15	494	3	479	2.38e-94	295
g1226.t1	VFG024494(gb|WP_014712599)	39.337	483	284	6	15	494	3	479	3.08e-94	295
g1226.t1	VFG024493(gb|WP_014381539)	38.923	483	286	6	15	494	3	479	1.27e-93	293
g1226.t1	VFG023306(gb|WP_014002019)	40.000	485	278	9	15	494	3	479	1.31e-92	290
g1226.t1	VFG022017(gb|WP_009979957)	39.588	485	280	8	15	494	3	479	1.94e-92	290
g1226.t1	VFG022041(gb|WP_011726301)	36.149	509	304	8	12	502	27	532	5.43e-92	290
g1226.t1	VFG022010(gb|WP_003400065)	39.794	485	279	9	15	494	3	479	7.01e-92	288
g1226.t1	VFG022040(gb|WP_003879179)	36.166	506	303	8	12	502	27	527	8.55e-92	290
g1226.t1	VFG022045(gb|WP_011891329)	37.045	494	285	8	16	502	29	503	1.10e-91	288
g1226.t1	VFG028572(gb|WP_015291806)	39.256	484	283	7	15	494	3	479	1.86e-91	287
g1226.t1	VFG028571(gb|WP_015304046)	39.256	484	283	7	15	494	3	479	2.07e-91	287
g1226.t1	VFG022014(gb|WP_010950960)	39.794	485	279	9	15	494	3	479	2.73e-91	287
g1226.t1	VFG028573(gb|WP_015294713)	39.256	484	283	7	15	494	3	479	2.79e-91	287
g1226.t1	VFG023309(gb|WP_013827002)	37.397	484	292	7	15	494	3	479	6.80e-91	286
g1226.t1	VFG022044(gb|WP_003892036)	36.179	492	295	9	10	493	25	505	1.07e-83	268
g1226.t1	VFG022048(gb|WP_011557798)	36.821	497	293	9	13	502	25	507	4.43e-81	261
g1226.t1	VFG023333(gb|WP_013827235)	36.436	505	293	10	12	499	30	523	7.39e-81	261
g1226.t1	VFG022047(gb|WP_011854375)	36.821	497	293	9	13	502	25	507	2.17e-80	259
g1226.t1	VFG008286(gb|WP_010907492)	32.515	489	312	8	14	502	2	472	1.51e-75	246
g1226.t1	VFG023439(gb|YP_001704487)	34.908	487	297	9	18	498	6	478	3.31e-75	245
g1226.t1	VFG028954(gb|WP_005055984)	34.702	487	298	9	18	498	6	478	2.11e-74	243
g1226.t1	VFG023147(gb|WP_012396944)	32.727	495	303	12	14	502	2	472	4.65e-71	234
g1226.t1	VFG017606(gb|WP_015357690)	32.525	495	304	12	14	502	2	472	2.60e-70	232
g1226.t1	VFG028632(gb|YP_005921635)	37.470	411	236	8	108	503	2	406	3.99e-70	229
g1226.t1	VFG002381(gb|NP_218386)	33.266	493	303	14	14	502	2	472	5.36e-70	231
g1226.t1	VFG017605(gb|WP_015294698)	33.266	493	303	14	14	502	2	472	7.51e-70	231
g1226.t1	VFG023327(gb|YP_001702968)	32.992	488	301	10	12	493	30	497	3.33e-69	230
g1226.t1	VFG017602(gb|WP_014002006)	33.266	493	303	14	14	502	2	472	4.32e-69	229
g1226.t1	VFG028613(gb|WP_005058898)	32.992	488	301	10	12	493	30	497	5.12e-69	229
g1226.t1	VFG008287(gb|WP_011726638)	32.860	493	306	13	14	502	3	474	1.90e-68	227
g1226.t1	VFG008291(gb|WP_011557493)	32.794	494	301	13	17	502	6	476	7.51e-67	223
g1226.t1	VFG008290(gb|WP_011854171)	32.794	494	301	13	17	502	6	476	1.08e-66	223
g1226.t1	VFG008288(gb|WP_011891678)	32.797	497	300	13	14	499	3	476	5.40e-65	218
g1226.t1	VFG024419(gb|WP_013470301)	32.193	497	303	12	14	499	3	476	9.41e-65	218
g1226.t1	VFG017614(gb|YP_007959835)	32.715	431	266	12	75	502	32	441	5.56e-61	206
g1226.t1	VFG008289(gb|WP_011777398)	31.526	498	305	14	14	499	3	476	7.10e-61	207
g1226.t1	VFG022275(gb|WP_011778704)	32.505	483	286	11	18	491	5	456	2.21e-60	205
g1226.t1	VFG028950(gb|WP_015303896)	33.128	486	290	14	18	493	6	466	9.74e-58	198
g1226.t1	VFG023441(gb|WP_014001751)	33.128	486	290	14	18	493	6	466	1.49e-57	198
g1226.t1	VFG022264(gb|WP_003418333)	33.128	486	290	14	18	493	6	466	2.24e-57	197
g1226.t1	VFG028949(gb|WP_015288546)	33.128	486	290	14	18	493	6	466	4.58e-57	196
g1226.t1	VFG028951(gb|WP_015291464)	33.128	486	290	14	18	493	6	466	5.14e-57	196
g1226.t1	VFG022272(gb|WP_011739116)	31.959	485	301	11	18	496	15	476	7.17e-57	197
g1226.t1	VFG028953(gb|WP_015354719)	31.959	485	301	11	18	496	15	476	1.54e-56	196
g1226.t1	VFG028628(gb|YP_007956482)	40.892	269	155	4	16	283	35	300	5.67e-56	191
g1226.t1	VFG023438(gb|WP_012392986)	31.546	485	303	12	18	496	15	476	1.12e-55	194
g1226.t1	VFG022276(gb|WP_011768102)	33.264	484	277	13	18	493	5	450	2.16e-53	186
g1226.t1	VFG022271(gb|WP_011726051)	32.712	483	283	16	18	493	6	453	3.80e-51	180
g1226.t1	VFG028581(gb|YP_007959861)	38.006	321	190	7	179	494	2	318	9.74e-51	176
g1226.t1	VFG022270(gb|WP_003879491)	32.780	482	280	17	18	493	6	449	4.74e-48	172
g1226.t1	VFG024600(gb|WP_009952909)	31.263	483	290	15	18	493	6	453	1.08e-45	166
g1226.t1	VFG024598(gb|WP_014385772)	30.849	483	292	15	18	493	6	453	4.53e-45	164
g1226.t1	VFG024602(gb|WP_014381075)	31.056	483	291	15	18	493	6	453	8.17e-45	163
g1226.t1	VFG022273(gb|WP_011727723)	29.072	485	299	13	19	494	7	455	2.59e-44	162
g1226.t1	VFG024599(gb|WP_014712336)	30.208	480	299	14	18	493	6	453	7.34e-43	158
g1226.t1	VFG028969(gb|WP_020823542)	30.435	483	294	15	18	493	6	453	1.30e-42	157
g1226.t1	VFG022274(gb|WP_011895792)	31.120	482	275	16	19	483	6	447	2.03e-42	156
g1226.t1	VFG017555(gb|YP_005362391)	31.750	400	249	12	14	409	2	381	8.04e-40	149
g1226.t1	VFG028958(gb|YP_007963341)	32.624	282	165	8	18	292	6	269	6.82e-30	117
g1226.t1	VFG028623(gb|YP_007960181)	33.191	235	145	5	179	405	3	233	1.32e-27	110
g1226.t1	VFG028608(gb|YP_005921634)	40.426	94	56	0	13	106	652	745	3.55e-14	75.1
g1226.t1	VFG028963(gb|YP_007959437)	37.755	98	58	2	396	493	8	102	1.34e-08	52.8
g283.t1	VFG022035(gb|NP_214797)	100.000	538	0	0	1	538	1	538	0.0	1063
g283.t1	VFG023328(gb|WP_003910091)	99.814	538	1	0	1	538	1	538	0.0	1062
g283.t1	VFG028615(gb|WP_015302495)	99.814	538	1	0	1	538	1	538	0.0	1061
g283.t1	VFG023329(gb|WP_014000155)	99.628	538	2	0	1	538	1	538	0.0	1061
g283.t1	VFG028617(gb|WP_015292037)	99.071	538	5	0	1	538	1	538	0.0	1052
g283.t1	VFG028616(gb|WP_015288923)	96.654	538	12	1	1	538	1	532	0.0	1021
g283.t1	VFG028632(gb|YP_005921635)	99.758	413	1	0	126	538	1	413	0.0	804
g283.t1	VFG028618(gb|WP_015354279)	75.646	542	119	4	1	538	1	533	0.0	766
g283.t1	VFG023326(gb|WP_012392509)	75.646	542	119	4	1	538	1	533	0.0	766
g283.t1	VFG022043(gb|WP_011739402)	75.277	542	121	4	1	538	1	533	0.0	763
g283.t1	VFG024506(gb|WP_009952519)	72.948	536	133	4	2	533	3	530	0.0	753
g283.t1	VFG028635(gb|WP_020823735)	72.761	536	134	4	2	533	3	530	0.0	750
g283.t1	VFG024504(gb|WP_008261687)	72.761	536	134	4	2	533	3	530	0.0	750
g283.t1	VFG022042(gb|WP_010908949)	70.833	552	147	4	1	538	1	552	0.0	746
g283.t1	VFG022040(gb|WP_003879179)	72.575	536	135	4	2	533	3	530	0.0	730
g283.t1	VFG022041(gb|WP_011726301)	74.144	526	124	5	13	529	9	531	0.0	703
g283.t1	VFG028628(gb|YP_007956482)	89.378	386	26	2	1	371	1	386	0.0	667
g283.t1	VFG023333(gb|WP_013827235)	64.391	542	177	7	1	536	1	532	0.0	638
g283.t1	VFG022044(gb|WP_003892036)	65.067	521	162	5	13	529	9	513	0.0	629
g283.t1	VFG022046(gb|WP_011777733)	64.943	522	154	6	11	529	5	500	0.0	628
g283.t1	VFG022047(gb|WP_011854375)	65.957	517	160	5	13	529	6	506	0.0	615
g283.t1	VFG022048(gb|WP_011557798)	65.957	517	160	5	13	529	6	506	0.0	615
g283.t1	VFG022045(gb|WP_011891329)	60.920	522	177	7	11	529	5	502	0.0	572
g283.t1	VFG028613(gb|WP_005058898)	57.116	534	202	7	3	534	2	510	0.0	561
g283.t1	VFG023327(gb|YP_001702968)	56.929	534	203	7	3	534	2	510	0.0	560
g283.t1	VFG028623(gb|YP_007960181)	95.510	245	11	0	195	439	1	245	2.39e-156	445
g283.t1	VFG028222(gb|WP_015290141)	38.735	506	289	8	32	531	13	503	1.15e-98	307
g283.t1	VFG023444(gb|WP_012394381)	38.067	507	292	8	32	531	13	504	5.02e-98	306
g283.t1	VFG023446(gb|WP_014000945)	38.735	506	289	8	32	531	13	503	1.11e-97	305
g283.t1	VFG008330(gb|WP_011740949)	37.870	507	293	8	32	531	13	504	1.48e-97	305
g283.t1	VFG008328(gb|WP_003876467)	38.690	504	287	9	32	529	13	500	1.56e-97	305
g283.t1	VFG009083(gb|WP_003408797)	38.735	506	289	8	32	531	13	503	1.60e-97	305
g283.t1	VFG028224(gb|WP_015355465)	37.870	507	293	8	32	531	13	504	2.37e-97	304
g283.t1	VFG002397(gb|NP_216298)	38.735	506	289	8	32	531	13	503	2.41e-97	304
g283.t1	VFG008327(gb|WP_003877883)	38.492	504	288	9	32	529	13	500	8.36e-97	303
g283.t1	VFG008329(gb|WP_010908396)	38.142	506	292	8	32	531	13	503	9.27e-97	303
g283.t1	VFG028223(gb|WP_015293195)	38.538	506	290	8	32	531	13	503	1.38e-96	302
g283.t1	VFG024643(gb|WP_014942094)	38.048	502	289	9	32	527	13	498	5.43e-96	300
g283.t1	VFG024644(gb|WP_009954151)	38.048	502	289	9	32	527	13	498	1.15e-95	300
g283.t1	VFG028240(gb|WP_036455793)	38.048	502	289	9	32	527	13	498	1.69e-95	299
g283.t1	VFG028236(gb|YP_005360422)	38.462	507	290	8	32	531	13	504	3.17e-94	296
g283.t1	VFG023450(gb|WP_041317807)	37.426	505	293	8	32	529	10	498	3.92e-90	285
g283.t1	VFG008286(gb|WP_010907492)	36.706	504	290	12	36	538	5	480	3.88e-88	279
g283.t1	VFG008287(gb|WP_011726638)	37.475	507	277	12	36	535	6	479	6.96e-87	276
g283.t1	VFG023147(gb|WP_012396944)	36.128	501	279	14	36	529	5	471	1.58e-84	270
g283.t1	VFG017606(gb|WP_015357690)	36.327	501	278	15	36	529	5	471	6.71e-84	268
g283.t1	VFG024419(gb|WP_013470301)	35.743	498	291	12	36	529	6	478	1.20e-83	268
g283.t1	VFG008288(gb|WP_011891678)	35.743	498	291	12	36	529	6	478	2.24e-83	267
g283.t1	VFG008291(gb|WP_011557493)	36.399	511	278	12	36	535	6	480	1.74e-82	265
g283.t1	VFG008290(gb|WP_011854171)	36.399	511	278	12	36	535	6	480	2.47e-82	265
g283.t1	VFG022014(gb|WP_010950960)	37.014	489	284	8	39	521	8	478	5.97e-82	264
g283.t1	VFG022010(gb|WP_003400065)	37.014	489	284	8	39	521	8	478	1.30e-81	263
g283.t1	VFG023306(gb|WP_014002019)	36.810	489	285	8	39	521	8	478	2.87e-81	262
g283.t1	VFG023309(gb|WP_013827002)	35.174	489	293	8	39	521	8	478	6.63e-81	261
g283.t1	VFG008289(gb|WP_011777398)	36.100	518	283	13	36	536	6	492	1.05e-80	260
g283.t1	VFG028573(gb|WP_015294713)	36.401	489	287	8	39	521	8	478	2.35e-80	259
g283.t1	VFG017605(gb|WP_015294698)	36.706	504	287	14	36	536	5	479	4.23e-80	258
g283.t1	VFG002381(gb|NP_218386)	36.634	505	286	14	36	536	5	479	4.75e-80	258
g283.t1	VFG017602(gb|WP_014002006)	36.634	505	286	14	36	536	5	479	2.10e-79	256
g283.t1	VFG028571(gb|WP_015304046)	36.401	489	287	8	39	521	8	478	2.66e-79	257
g283.t1	VFG028572(gb|WP_015291806)	36.401	489	287	8	39	521	8	478	3.28e-79	256
g283.t1	VFG024494(gb|WP_014712599)	35.845	491	291	8	39	523	8	480	4.32e-79	256
g283.t1	VFG024493(gb|WP_014381539)	35.992	489	289	9	39	521	8	478	6.61e-79	256
g283.t1	VFG022017(gb|WP_009979957)	35.787	489	290	8	39	521	8	478	1.09e-78	255
g283.t1	VFG028588(gb|WP_020824020)	35.583	489	291	8	39	521	8	478	1.90e-78	254
g283.t1	VFG023439(gb|YP_001704487)	36.874	499	284	11	34	525	3	477	2.88e-78	254
g283.t1	VFG028954(gb|WP_005055984)	36.874	499	284	11	34	525	3	477	1.90e-77	252
g283.t1	VFG028608(gb|YP_005921634)	97.600	125	3	0	1	125	621	745	2.93e-76	255
g283.t1	VFG028951(gb|WP_015291464)	36.089	496	273	16	38	523	7	468	7.34e-70	231
g283.t1	VFG028949(gb|WP_015288546)	36.089	496	273	16	38	523	7	468	1.12e-69	231
g283.t1	VFG023441(gb|WP_014001751)	35.887	496	274	16	38	523	7	468	2.54e-69	230
g283.t1	VFG028950(gb|WP_015303896)	36.089	496	273	16	38	523	7	468	2.91e-69	229
g283.t1	VFG022275(gb|WP_011778704)	35.174	489	272	12	38	519	6	456	5.33e-69	229
g283.t1	VFG022264(gb|WP_003418333)	35.685	496	275	16	38	523	7	468	3.37e-68	227
g283.t1	VFG017614(gb|YP_007959835)	35.774	478	273	14	63	536	1	448	2.28e-67	224
g283.t1	VFG022273(gb|WP_011727723)	35.425	494	271	16	34	521	3	454	3.69e-65	218
g283.t1	VFG028233(gb|YP_007957857)	39.583	336	192	5	63	395	1	328	4.86e-62	207
g283.t1	VFG017555(gb|YP_005362391)	38.968	349	190	8	36	378	5	336	4.75e-59	201
g283.t1	VFG022274(gb|WP_011895792)	35.258	485	262	16	37	511	5	447	1.27e-52	185
g283.t1	VFG023438(gb|WP_012392986)	33.936	498	275	19	41	524	19	476	3.68e-52	185
g283.t1	VFG024599(gb|WP_014712336)	33.058	484	281	12	41	521	10	453	3.94e-52	184
g283.t1	VFG022276(gb|WP_011768102)	34.292	487	269	11	41	521	9	450	4.54e-52	184
g283.t1	VFG024602(gb|WP_014381075)	32.851	484	282	12	41	521	10	453	6.00e-52	183
g283.t1	VFG024600(gb|WP_009952909)	32.851	484	282	12	41	521	10	453	6.19e-52	183
g283.t1	VFG024598(gb|WP_014385772)	32.784	485	281	14	41	521	10	453	1.38e-51	182
g283.t1	VFG022272(gb|WP_011739116)	33.735	498	276	19	41	524	19	476	1.76e-51	183
g283.t1	VFG028953(gb|WP_015354719)	33.735	498	276	19	41	524	19	476	2.75e-51	182
g283.t1	VFG028969(gb|WP_020823542)	32.577	485	282	14	41	521	10	453	4.10e-50	178
g283.t1	VFG022271(gb|WP_011726051)	33.130	492	270	14	41	521	10	453	1.16e-48	174
g283.t1	VFG022270(gb|WP_003879491)	33.740	492	265	15	41	522	10	450	6.30e-48	172
g283.t1	VFG028581(gb|YP_007959861)	36.858	331	188	6	197	521	2	317	6.92e-48	169
g283.t1	VFG028958(gb|YP_007963341)	38.610	259	143	6	38	293	7	252	2.60e-44	157
g283.t1	VFG028963(gb|YP_007959437)	39.437	71	35	1	453	523	42	104	2.49e-07	49.3
g1762.t1	VFG002397(gb|NP_216298)	100.000	506	0	0	1	506	1	506	0.0	1007
g1762.t1	VFG028222(gb|WP_015290141)	99.802	506	1	0	1	506	1	506	0.0	1006
g1762.t1	VFG009083(gb|WP_003408797)	99.802	506	1	0	1	506	1	506	0.0	1006
g1762.t1	VFG028223(gb|WP_015293195)	99.802	506	1	0	1	506	1	506	0.0	1005
g1762.t1	VFG023446(gb|WP_014000945)	99.802	506	1	0	1	506	1	506	0.0	1005
g1762.t1	VFG028236(gb|YP_005360422)	99.606	507	1	1	1	506	1	507	0.0	998
g1762.t1	VFG023444(gb|WP_012394381)	85.799	507	71	1	1	506	1	507	0.0	874
g1762.t1	VFG028224(gb|WP_015355465)	85.602	507	72	1	1	506	1	507	0.0	873
g1762.t1	VFG008330(gb|WP_011740949)	85.207	507	74	1	1	506	1	507	0.0	869
g1762.t1	VFG008328(gb|WP_003876467)	82.609	506	87	1	1	506	1	505	0.0	863
g1762.t1	VFG024643(gb|WP_014942094)	82.609	506	87	1	1	506	1	505	0.0	862
g1762.t1	VFG008327(gb|WP_003877883)	82.411	506	88	1	1	506	1	505	0.0	861
g1762.t1	VFG024644(gb|WP_009954151)	82.411	506	88	1	1	506	1	505	0.0	860
g1762.t1	VFG028240(gb|WP_036455793)	82.213	506	89	1	1	506	1	505	0.0	859
g1762.t1	VFG008329(gb|WP_010908396)	82.806	506	87	0	1	506	1	506	0.0	840
g1762.t1	VFG023450(gb|WP_041317807)	71.795	507	138	3	1	506	1	503	0.0	701
g1762.t1	VFG028233(gb|YP_007957857)	98.503	334	5	0	44	377	1	334	0.0	652
g1762.t1	VFG028617(gb|WP_015292037)	38.735	506	289	8	13	503	32	531	7.27e-100	310
g1762.t1	VFG028616(gb|WP_015288923)	39.000	500	290	8	13	503	32	525	8.30e-100	310
g1762.t1	VFG024504(gb|WP_008261687)	37.822	505	294	8	13	502	28	527	3.81e-99	308
g1762.t1	VFG023329(gb|WP_014000155)	38.735	506	289	8	13	503	32	531	4.08e-99	308
g1762.t1	VFG028615(gb|WP_015302495)	38.735	506	289	8	13	503	32	531	4.40e-99	308
g1762.t1	VFG024506(gb|WP_009952519)	37.822	505	294	8	13	502	28	527	5.20e-99	308
g1762.t1	VFG024494(gb|WP_014712599)	40.580	483	278	6	15	494	3	479	2.63e-98	305
g1762.t1	VFG028588(gb|WP_020824020)	40.373	483	279	6	15	494	3	479	2.93e-98	305
g1762.t1	VFG028635(gb|WP_020823735)	37.624	505	295	8	13	502	28	527	7.32e-98	305
g1762.t1	VFG024493(gb|WP_014381539)	40.166	483	280	6	15	494	3	479	7.44e-98	304
g1762.t1	VFG022046(gb|WP_011777733)	38.586	495	280	8	13	502	26	501	8.01e-98	304
g1762.t1	VFG023326(gb|WP_012392509)	38.833	497	292	8	13	501	32	524	8.10e-98	305
g1762.t1	VFG022043(gb|WP_011739402)	38.632	497	293	8	13	501	32	524	3.63e-97	303
g1762.t1	VFG028618(gb|WP_015354279)	38.632	497	293	8	13	501	32	524	8.82e-97	302
g1762.t1	VFG022035(gb|NP_214797)	38.735	506	289	8	13	503	32	531	4.02e-96	301
g1762.t1	VFG022017(gb|WP_009979957)	40.166	483	280	6	15	494	3	479	5.98e-96	299
g1762.t1	VFG023306(gb|WP_014002019)	40.702	484	276	7	15	494	3	479	8.16e-96	299
g1762.t1	VFG023328(gb|WP_003910091)	38.538	506	290	8	13	503	32	531	1.08e-95	300
g1762.t1	VFG022010(gb|WP_003400065)	40.702	484	276	7	15	494	3	479	2.46e-95	297
g1762.t1	VFG022014(gb|WP_010950960)	40.702	484	276	7	15	494	3	479	1.13e-94	296
g1762.t1	VFG023309(gb|WP_013827002)	38.636	484	286	7	15	494	3	479	2.35e-94	295
g1762.t1	VFG028573(gb|WP_015294713)	40.741	486	273	9	15	494	3	479	2.36e-94	295
g1762.t1	VFG022042(gb|WP_010908949)	37.622	513	285	10	13	496	32	538	2.79e-94	296
g1762.t1	VFG028572(gb|WP_015291806)	40.083	484	279	7	15	494	3	479	6.66e-94	294
g1762.t1	VFG028571(gb|WP_015304046)	40.083	484	279	7	15	494	3	479	7.99e-94	293
g1762.t1	VFG022045(gb|WP_011891329)	37.854	494	281	9	16	502	29	503	7.51e-93	291
g1762.t1	VFG022040(gb|WP_003879179)	37.426	505	296	8	13	502	28	527	2.73e-92	291
g1762.t1	VFG022041(gb|WP_011726301)	37.402	508	297	8	13	502	28	532	1.83e-91	289
g1762.t1	VFG022044(gb|WP_003892036)	37.251	502	294	8	10	502	25	514	1.39e-88	281
g1762.t1	VFG022048(gb|WP_011557798)	38.028	497	287	9	13	502	25	507	6.77e-84	268
g1762.t1	VFG022047(gb|WP_011854375)	38.028	497	287	9	13	502	25	507	9.46e-83	265
g1762.t1	VFG023333(gb|WP_013827235)	35.984	503	296	10	13	499	31	523	3.48e-81	262
g1762.t1	VFG023439(gb|YP_001704487)	35.524	487	294	8	18	498	6	478	8.28e-80	257
g1762.t1	VFG028954(gb|WP_005055984)	35.318	487	295	8	18	498	6	478	6.57e-79	254
g1762.t1	VFG008286(gb|WP_010907492)	32.515	489	312	8	14	502	2	472	1.39e-76	248
g1762.t1	VFG008287(gb|WP_011726638)	33.874	493	301	13	14	502	3	474	6.12e-75	244
g1762.t1	VFG008291(gb|WP_011557493)	34.286	490	299	11	17	502	6	476	1.14e-74	243
g1762.t1	VFG008290(gb|WP_011854171)	34.286	490	299	11	17	502	6	476	1.21e-74	243
g1762.t1	VFG002381(gb|NP_218386)	33.943	492	301	13	14	502	2	472	9.60e-72	236
g1762.t1	VFG017602(gb|WP_014002006)	33.943	492	301	13	14	502	2	472	3.71e-71	234
g1762.t1	VFG023147(gb|WP_012396944)	32.929	495	302	12	14	502	2	472	3.76e-71	234
g1762.t1	VFG017605(gb|WP_015294698)	33.740	492	302	13	14	502	2	472	6.36e-71	233
g1762.t1	VFG017606(gb|WP_015357690)	32.727	495	303	12	14	502	2	472	1.79e-70	232
g1762.t1	VFG023327(gb|YP_001702968)	32.854	487	301	9	13	493	31	497	2.45e-69	230
g1762.t1	VFG028613(gb|WP_005058898)	32.854	487	301	9	13	493	31	497	3.58e-69	230
g1762.t1	VFG028632(gb|YP_005921635)	38.443	411	232	8	108	503	2	406	6.75e-69	226
g1762.t1	VFG024419(gb|WP_013470301)	32.317	492	309	11	14	499	3	476	2.59e-67	224
g1762.t1	VFG008288(gb|WP_011891678)	32.454	493	307	12	14	499	3	476	5.23e-67	223
g1762.t1	VFG008289(gb|WP_011777398)	31.440	493	312	12	14	499	3	476	1.22e-63	214
g1762.t1	VFG017614(gb|YP_007959835)	33.875	431	261	13	75	502	32	441	1.70e-62	210
g1762.t1	VFG022272(gb|WP_011739116)	33.814	485	292	11	18	496	15	476	3.95e-61	208
g1762.t1	VFG028953(gb|WP_015354719)	33.814	485	292	11	18	496	15	476	8.82e-61	207
g1762.t1	VFG028950(gb|WP_015303896)	34.497	487	282	15	18	493	6	466	2.38e-60	205
g1762.t1	VFG022264(gb|WP_003418333)	34.497	487	282	15	18	493	6	466	2.70e-60	205
g1762.t1	VFG023441(gb|WP_014001751)	34.497	487	282	15	18	493	6	466	2.93e-60	205
g1762.t1	VFG023438(gb|WP_012392986)	33.402	485	294	12	18	496	15	476	7.00e-60	205
g1762.t1	VFG022275(gb|WP_011778704)	32.573	482	287	10	18	491	5	456	8.79e-60	203
g1762.t1	VFG028951(gb|WP_015291464)	34.497	487	282	15	18	493	6	466	1.19e-59	203
g1762.t1	VFG028949(gb|WP_015288546)	34.497	487	282	15	18	493	6	466	2.11e-59	202
g1762.t1	VFG022276(gb|WP_011768102)	35.685	482	268	12	18	493	5	450	2.14e-56	194
g1762.t1	VFG028628(gb|YP_007956482)	36.648	352	188	6	16	345	35	373	6.27e-55	189
g1762.t1	VFG028581(gb|YP_007959861)	40.187	321	183	7	179	494	2	318	8.34e-54	184
g1762.t1	VFG022271(gb|WP_011726051)	33.954	483	277	17	18	493	6	453	3.10e-50	178
g1762.t1	VFG022273(gb|WP_011727723)	30.083	482	298	11	19	494	7	455	2.61e-48	172
g1762.t1	VFG022270(gb|WP_003879491)	33.610	482	276	17	18	493	6	449	1.32e-47	171
g1762.t1	VFG024600(gb|WP_009952909)	32.444	487	279	18	18	493	6	453	1.51e-46	168
g1762.t1	VFG024598(gb|WP_014385772)	31.470	483	289	16	18	493	6	453	1.97e-46	167
g1762.t1	VFG024602(gb|WP_014381075)	31.470	483	289	16	18	493	6	453	1.42e-45	165
g1762.t1	VFG022274(gb|WP_011895792)	31.535	482	273	16	19	483	6	447	3.19e-45	164
g1762.t1	VFG028969(gb|WP_020823542)	31.056	483	291	16	18	493	6	453	1.43e-44	162
g1762.t1	VFG024599(gb|WP_014712336)	30.353	481	297	14	18	493	6	453	3.86e-44	161
g1762.t1	VFG017555(gb|YP_005362391)	32.331	399	248	10	14	409	2	381	4.06e-41	152
g1762.t1	VFG028958(gb|YP_007963341)	32.979	282	164	9	18	292	6	269	1.57e-29	117
g1762.t1	VFG028623(gb|YP_007960181)	34.468	235	142	5	179	405	3	233	1.33e-27	110
g1762.t1	VFG028608(gb|YP_005921634)	39.362	94	57	0	13	106	652	745	1.45e-13	73.2
g1762.t1	VFG028963(gb|YP_007959437)	40.816	98	55	2	396	493	8	102	9.48e-12	61.6
g3402.t1	VFG022264(gb|WP_003418333)	100.000	470	0	0	1	470	1	470	0.0	914
g3402.t1	VFG023441(gb|WP_014001751)	98.723	470	6	0	1	470	1	470	0.0	905
g3402.t1	VFG028951(gb|WP_015291464)	98.936	470	5	0	1	470	1	470	0.0	905
g3402.t1	VFG028950(gb|WP_015303896)	98.723	470	6	0	1	470	1	470	0.0	904
g3402.t1	VFG028949(gb|WP_015288546)	98.936	470	5	0	1	470	1	470	0.0	904
g3402.t1	VFG028958(gb|YP_007963341)	100.000	270	0	0	1	270	1	270	0.0	532
g3402.t1	VFG022272(gb|WP_011739116)	63.291	474	162	5	2	470	11	477	0.0	525
g3402.t1	VFG023438(gb|WP_012392986)	63.291	474	162	5	2	470	11	477	0.0	525
g3402.t1	VFG028953(gb|WP_015354719)	63.080	474	163	5	2	470	11	477	0.0	524
g3402.t1	VFG024598(gb|WP_014385772)	61.017	472	167	7	1	470	1	457	2.16e-174	497
g3402.t1	VFG024599(gb|WP_014712336)	60.381	472	170	7	1	470	1	457	4.33e-172	491
g3402.t1	VFG024602(gb|WP_014381075)	60.381	472	170	7	1	470	1	457	1.49e-171	489
g3402.t1	VFG024600(gb|WP_009952909)	59.873	471	174	6	1	470	1	457	2.27e-170	487
g3402.t1	VFG028969(gb|WP_020823542)	60.169	472	171	7	1	470	1	457	2.92e-170	486
g3402.t1	VFG022271(gb|WP_011726051)	58.174	471	182	5	1	470	1	457	1.40e-155	449
g3402.t1	VFG022270(gb|WP_003879491)	58.298	470	179	5	1	470	1	453	2.04e-155	448
g3402.t1	VFG028954(gb|WP_005055984)	47.269	476	232	9	6	468	6	475	2.30e-129	384
g3402.t1	VFG023439(gb|YP_001704487)	47.269	476	232	9	6	468	6	475	3.87e-129	383
g3402.t1	VFG022275(gb|WP_011778704)	47.558	471	216	11	6	464	5	456	1.46e-118	355
g3402.t1	VFG022276(gb|WP_011768102)	50.000	466	208	9	6	466	5	450	3.68e-111	336
g3402.t1	VFG022273(gb|WP_011727723)	43.041	467	240	7	7	466	7	454	5.08e-98	302
g3402.t1	VFG022274(gb|WP_011895792)	45.610	467	220	12	7	460	6	451	4.34e-95	294
g3402.t1	VFG022044(gb|WP_003892036)	37.630	481	278	11	7	470	34	509	3.46e-71	234
g3402.t1	VFG028616(gb|WP_015288923)	35.918	490	276	15	7	468	38	517	6.50e-69	228
g3402.t1	VFG028617(gb|WP_015292037)	35.685	496	275	16	7	468	38	523	6.48e-68	226
g3402.t1	VFG023329(gb|WP_014000155)	35.685	496	275	16	7	468	38	523	2.01e-67	224
g3402.t1	VFG028615(gb|WP_015302495)	35.484	496	276	16	7	468	38	523	3.51e-67	224
g3402.t1	VFG022040(gb|WP_003879179)	35.412	497	276	16	7	468	34	520	9.24e-67	223
g3402.t1	VFG024504(gb|WP_008261687)	35.081	496	279	15	7	468	34	520	5.49e-66	221
g3402.t1	VFG024506(gb|WP_009952519)	35.081	496	279	15	7	468	34	520	6.99e-66	221
g3402.t1	VFG028635(gb|WP_020823735)	34.476	496	282	14	7	468	34	520	8.71e-66	220
g3402.t1	VFG022041(gb|WP_011726301)	34.669	499	282	13	7	468	34	525	1.49e-65	220
g3402.t1	VFG023328(gb|WP_003910091)	35.223	494	280	14	7	468	38	523	1.95e-65	219
g3402.t1	VFG022035(gb|NP_214797)	35.425	494	279	15	7	468	38	523	2.70e-65	219
g3402.t1	VFG023333(gb|WP_013827235)	35.174	489	284	11	7	468	37	519	3.51e-65	219
g3402.t1	VFG028963(gb|YP_007959437)	99.057	106	1	0	365	470	1	106	8.57e-65	204
g3402.t1	VFG022045(gb|WP_011891329)	34.656	479	280	11	10	470	35	498	1.77e-63	214
g3402.t1	VFG022046(gb|WP_011777733)	34.519	478	286	10	7	470	32	496	2.61e-63	213
g3402.t1	VFG022042(gb|WP_010908949)	33.466	502	286	15	10	468	41	537	3.08e-63	214
g3402.t1	VFG022014(gb|WP_010950960)	36.214	486	282	15	1	466	1	478	4.18e-63	212
g3402.t1	VFG023306(gb|WP_014002019)	36.008	486	283	15	1	466	1	478	4.11e-62	209
g3402.t1	VFG022010(gb|WP_003400065)	36.008	486	283	15	1	466	1	478	4.20e-62	209
g3402.t1	VFG028573(gb|WP_015294713)	35.802	486	284	15	1	466	1	478	1.49e-60	205
g3402.t1	VFG028571(gb|WP_015304046)	35.597	486	285	15	1	466	1	478	2.38e-60	205
g3402.t1	VFG028613(gb|WP_005058898)	35.356	478	274	15	10	469	40	500	2.95e-60	205
g3402.t1	VFG028572(gb|WP_015291806)	35.597	486	285	15	1	466	1	478	3.06e-60	204
g3402.t1	VFG023327(gb|YP_001702968)	35.430	477	273	15	10	468	40	499	4.52e-60	205
g3402.t1	VFG028222(gb|WP_015290141)	34.497	487	282	15	6	466	18	493	5.90e-60	204
g3402.t1	VFG022017(gb|WP_009979957)	34.774	486	289	15	1	466	1	478	4.04e-59	202
g3402.t1	VFG008327(gb|WP_003877883)	34.161	483	288	15	6	466	18	492	6.56e-59	201
g3402.t1	VFG024643(gb|WP_014942094)	33.540	483	291	14	6	466	18	492	8.69e-59	201
g3402.t1	VFG008328(gb|WP_003876467)	33.954	483	289	15	6	466	18	492	1.26e-58	201
g3402.t1	VFG024644(gb|WP_009954151)	33.333	483	292	14	6	466	18	492	1.67e-58	200
g3402.t1	VFG028224(gb|WP_015355465)	33.740	492	280	14	6	466	18	494	2.00e-58	200
g3402.t1	VFG023446(gb|WP_014000945)	34.497	487	282	15	6	466	18	493	2.20e-58	200
g3402.t1	VFG028240(gb|WP_036455793)	33.333	483	292	14	6	466	18	492	3.10e-58	199
g3402.t1	VFG023326(gb|WP_012392509)	35.041	488	278	15	10	468	41	518	6.54e-58	199
g3402.t1	VFG028618(gb|WP_015354279)	35.041	488	278	15	10	468	41	518	6.96e-58	199
g3402.t1	VFG023444(gb|WP_012394381)	33.811	488	285	14	6	466	18	494	7.90e-58	198
g3402.t1	VFG022043(gb|WP_011739402)	34.836	488	279	15	10	468	41	518	1.61e-57	198
g3402.t1	VFG009083(gb|WP_003408797)	34.292	487	283	15	6	466	18	493	2.56e-57	197
g3402.t1	VFG024494(gb|WP_014712599)	33.676	487	297	14	1	468	1	480	3.02e-57	197
g3402.t1	VFG008330(gb|WP_011740949)	33.333	492	282	14	6	466	18	494	3.49e-57	197
g3402.t1	VFG002397(gb|NP_216298)	34.292	487	283	15	6	466	18	493	3.49e-57	197
g3402.t1	VFG028223(gb|WP_015293195)	34.292	487	283	15	6	466	18	493	3.96e-57	196
g3402.t1	VFG028588(gb|WP_020824020)	33.608	485	296	14	1	466	1	478	6.52e-57	196
g3402.t1	VFG024493(gb|WP_014381539)	33.608	485	296	14	1	466	1	478	1.41e-56	195
g3402.t1	VFG022047(gb|WP_011854375)	34.454	476	290	11	10	470	34	502	1.91e-56	195
g3402.t1	VFG022048(gb|WP_011557798)	34.244	476	291	11	10	470	34	502	1.61e-55	192
g3402.t1	VFG023309(gb|WP_013827002)	34.227	485	293	13	1	466	1	478	4.11e-55	191
g3402.t1	VFG028236(gb|YP_005360422)	34.086	487	285	14	6	466	18	494	9.08e-55	190
g3402.t1	VFG008329(gb|WP_010908396)	33.128	486	290	14	6	466	18	493	2.08e-54	189
g3402.t1	VFG008286(gb|WP_010907492)	32.708	480	290	15	6	470	6	467	9.45e-52	182
g3402.t1	VFG008287(gb|WP_011726638)	32.083	480	294	15	6	470	7	469	4.59e-51	180
g3402.t1	VFG023450(gb|WP_041317807)	32.505	483	297	14	6	466	15	490	6.80e-48	172
g3402.t1	VFG008291(gb|WP_011557493)	31.601	481	297	15	6	470	7	471	2.92e-46	167
g3402.t1	VFG008290(gb|WP_011854171)	31.601	481	297	15	6	470	7	471	4.30e-46	167
g3402.t1	VFG028632(gb|YP_005921635)	36.207	406	219	15	95	468	1	398	8.00e-46	164
g3402.t1	VFG008288(gb|WP_011891678)	31.884	483	296	15	6	470	7	474	1.20e-45	165
g3402.t1	VFG017602(gb|WP_014002006)	32.636	478	293	15	6	470	6	467	1.32e-45	165
g3402.t1	VFG017605(gb|WP_015294698)	32.568	479	292	16	6	470	6	467	5.96e-45	163
g3402.t1	VFG002381(gb|NP_218386)	32.568	479	292	16	6	470	6	467	6.46e-45	163
g3402.t1	VFG023147(gb|WP_012396944)	31.134	485	291	15	6	470	6	467	7.28e-45	163
g3402.t1	VFG024419(gb|WP_013470301)	31.677	483	297	15	6	470	7	474	8.68e-45	163
g3402.t1	VFG017606(gb|WP_015357690)	30.453	486	293	15	6	470	6	467	1.11e-43	160
g3402.t1	VFG028628(gb|YP_007956482)	38.672	256	141	6	10	252	41	293	4.50e-43	156
g3402.t1	VFG008289(gb|WP_011777398)	31.340	485	296	16	6	470	7	474	1.10e-42	157
g3402.t1	VFG017614(gb|YP_007959835)	31.473	448	276	16	37	470	6	436	5.60e-35	135
g3402.t1	VFG017555(gb|YP_005362391)	35.030	334	197	11	6	326	6	332	1.16e-34	134
g3402.t1	VFG028581(gb|YP_007959861)	37.124	299	170	11	181	466	24	317	4.41e-34	130
g3402.t1	VFG028233(gb|YP_007957857)	34.122	296	169	10	55	331	24	312	1.22e-31	124
g3402.t1	VFG028623(gb|YP_007960181)	33.772	228	117	11	160	366	4	218	1.06e-17	82.4
g3402.t1	VFG028608(gb|YP_005921634)	30.488	82	57	0	7	88	658	739	9.99e-07	51.2
