g1723.t1	VFG000195(gb|NP_250391)	100.000	123	0	0	1	123	1	123	1.13e-84	242
g1723.t1	VFG015114(gb|WP_003087694)	99.187	123	1	0	1	123	1	123	4.47e-84	241
g1723.t1	VFG023715(gb|WP_010891215)	47.541	122	64	0	1	122	1	122	2.03e-36	120
g1723.t1	VFG003464(gb|WP_005176811)	47.541	122	64	0	1	122	1	122	4.00e-36	119
g1723.t1	VFG000387(gb|WP_002229794)	47.541	122	64	0	1	122	1	122	5.73e-36	119
g1723.t1	VFG041824(gb|WP_011147905)	44.715	123	68	0	1	123	1	123	9.38e-36	119
g1723.t1	VFG041654(gb|WP_012777229)	45.528	123	67	0	1	123	1	123	1.83e-34	115
g1723.t1	VFG042268(gb|AAS91813)	46.721	122	65	0	1	122	1	122	2.13e-33	112
g1723.t1	VFG038345(gb|WP_005320764)	44.715	123	68	0	1	123	1	123	2.84e-32	110
g1723.t1	VFG007155(gb|WP_005477854)	35.537	121	77	1	1	120	1	121	1.71e-18	75.1
