g381.t1	VFG050670(gb|WP_000505931.1)	100.000	344	0	0	1	344	349	692	0.0	676
g381.t1	VFG050680(gb|YP_005800157.1)	100.000	344	0	0	1	344	361	704	0.0	676
g381.t1	VFG050674(gb|WP_000505932.1)	99.709	344	1	0	1	344	349	692	0.0	675
g381.t1	VFG050671(gb|YP_001085820.1)	100.000	344	0	0	1	344	282	625	0.0	674
g381.t1	VFG050679(gb|WP_000505928.1)	99.709	344	1	0	1	344	349	692	0.0	673
g381.t1	VFG014053(gb|WP_011920658)	73.314	341	91	0	4	344	337	677	2.24e-165	477
g381.t1	VFG001228(gb|NP_249102)	73.900	341	89	0	4	344	337	677	2.80e-164	474
g381.t1	VFG014044(gb|WP_003084592)	73.900	341	89	0	4	344	337	677	3.06e-164	474
g381.t1	VFG014043(gb|WP_012074000)	73.900	341	89	0	4	344	337	677	3.92e-164	474
g381.t1	VFG014054(gb|WP_011914956)	71.637	342	97	0	3	344	336	677	5.04e-163	471
g381.t1	VFG014051(gb|WP_011063998)	71.171	333	96	0	11	343	344	676	5.77e-157	456
g381.t1	VFG019769(gb|WP_015886334)	70.270	333	99	0	11	343	344	676	4.24e-155	451
g381.t1	VFG014052(gb|WP_011336363)	69.970	333	100	0	11	343	344	676	2.75e-154	449
g381.t1	VFG015639(gb|WP_012312417)	67.868	333	107	0	11	343	348	680	2.79e-149	436
g381.t1	VFG014049(gb|WP_012053913)	67.868	333	107	0	11	343	348	680	3.26e-148	433
g381.t1	VFG015638(gb|WP_012274549)	67.868	333	107	0	11	343	348	680	4.23e-148	433
g381.t1	VFG014050(gb|WP_086009465)	67.568	333	108	0	11	343	336	668	5.69e-148	432
g381.t1	VFG014048(gb|WP_010955558)	67.868	333	107	0	11	343	348	680	9.33e-148	432
g381.t1	VFG014047(gb|WP_011167501)	68.468	333	105	0	11	343	342	674	2.95e-146	428
g381.t1	VFG014045(gb|WP_005621029)	70.303	330	98	0	14	343	345	674	1.46e-142	419
g381.t1	VFG014046(gb|WP_011266434)	69.697	330	100	0	14	343	345	674	6.10e-141	414
g381.t1	VFG042944(gb|WP_004572848)	60.350	343	135	1	2	343	337	679	1.73e-123	370
g381.t1	VFG042927(gb|WP_012031398)	53.709	337	156	0	8	344	98	434	1.75e-114	338
g381.t1	VFG000104(gb|WP_000672505)	30.201	298	196	4	31	328	316	601	1.15e-28	116
g381.t1	VFG006892(gb|WP_000672503)	30.201	298	196	4	31	328	316	601	1.35e-28	116
g381.t1	VFG043040(gb|NP_460876)	29.448	326	201	3	18	342	218	515	2.64e-28	115
g381.t1	VFG043092(gb|WP_010904770)	28.308	325	204	4	19	342	219	515	3.58e-26	108
g381.t1	VFG043378(gb|WP_000467802)	48.571	105	54	0	137	241	155	259	1.37e-24	103
g381.t1	VFG043209(gb|WP_005168769)	29.492	295	179	3	18	311	220	486	3.19e-24	103
g381.t1	VFG025876(gb|WP_011546712)	31.818	264	151	4	30	292	231	466	5.95e-22	96.7
g381.t1	VFG025879(gb|WP_012327703)	31.439	264	152	4	30	292	231	466	1.52e-21	95.5
g381.t1	VFG025886(gb|WP_011852321)	28.114	281	174	3	62	342	264	516	9.68e-21	93.2
g381.t1	VFG025881(gb|WP_004202799)	32.035	231	129	3	62	292	264	466	1.06e-20	93.2
g381.t1	VFG025880(gb|WP_004199264)	32.035	231	129	3	62	292	264	466	1.07e-20	93.2
g381.t1	VFG025884(gb|WP_004535496)	32.035	231	129	3	62	292	264	466	1.08e-20	93.2
g381.t1	VFG025885(gb|WP_004525699)	32.035	231	129	3	62	292	264	466	1.15e-20	93.2
g381.t1	VFG002529(gb|WP_011205290)	32.035	231	129	3	62	292	264	466	1.15e-20	93.2
g381.t1	VFG025878(gb|WP_012492267)	31.061	264	153	4	30	292	231	466	1.20e-20	92.8
g381.t1	VFG025888(gb|WP_011402606)	32.035	231	129	3	62	292	264	466	3.10e-20	91.7
g381.t1	VFG043366(gb|WP_000033553)	37.097	186	95	5	62	243	454	621	3.12e-20	91.7
g381.t1	VFG043365(gb|WP_000843374)	34.737	190	95	5	47	229	435	602	3.96e-19	88.6
g381.t1	VFG043367(gb|WP_000971620)	28.136	295	176	9	19	289	231	513	1.77e-18	86.3
g381.t1	VFG000088(gb|WP_000591844)	36.429	140	86	1	97	236	374	510	1.20e-17	84.0
g381.t1	VFG006884(gb|WP_000591846)	36.429	140	86	1	97	236	374	510	1.25e-17	84.0
g381.t1	VFG042257(gb|ABB77417)	51.250	80	36	1	155	234	34	110	9.43e-15	72.4
g175.t1	VFG042072(gb|WP_010930809)	27.411	394	242	15	310	688	306	670	5.63e-16	81.6
g175.t1	VFG018487(gb|WP_001050783)	33.663	101	64	1	343	443	298	395	6.86e-08	55.8
g175.t1	VFG003823(gb|WP_001050754)	33.613	119	76	1	328	443	277	395	9.90e-08	55.5
g175.t1	VFG003824(gb|WP_001050755)	33.613	119	76	1	328	443	277	395	9.99e-08	55.5
g175.t1	VFG003825(gb|WP_001050780)	33.613	119	76	1	328	443	277	395	1.22e-07	55.1
g175.t1	VFG020700(gb|WP_001050758)	33.613	119	76	1	328	443	277	395	1.25e-07	55.1
g175.t1	VFG020694(gb|WP_001050767)	33.613	119	76	1	328	443	277	395	1.34e-07	55.1
g175.t1	VFG020697(gb|WP_001050770)	33.613	119	76	1	328	443	277	395	1.47e-07	54.7
g175.t1	VFG018488(gb|WP_001050778)	33.613	119	76	1	328	443	277	395	1.82e-07	54.7
g175.t1	VFG020698(gb|WP_001050776)	33.613	119	76	1	328	443	277	395	1.88e-07	54.7
g175.t1	VFG020695(gb|WP_001050774)	33.613	119	76	1	328	443	277	395	1.88e-07	54.7
g175.t1	VFG003826(gb|WP_001539908)	33.613	119	76	1	328	443	277	395	1.88e-07	54.7
g175.t1	VFG020693(gb|WP_001050764)	33.613	119	76	1	328	443	277	395	1.93e-07	54.3
g175.t1	VFG020699(gb|WP_001050765)	33.613	119	76	1	328	443	277	395	1.96e-07	54.3
g175.t1	VFG000493(gb|NP_460357)	33.613	119	76	1	328	443	277	395	1.96e-07	54.3
g183.t1	VFG000104(gb|WP_000672505)	30.631	222	99	7	80	284	371	554	1.45e-17	84.3
g183.t1	VFG006892(gb|WP_000672503)	30.631	222	99	7	80	284	371	554	1.73e-17	84.3
g183.t1	VFG043366(gb|WP_000033553)	31.111	180	105	3	142	314	493	660	1.12e-16	81.6
g183.t1	VFG043365(gb|WP_000843374)	34.146	164	98	3	151	313	514	668	3.50e-16	80.1
g183.t1	VFG043367(gb|WP_000971620)	33.951	162	94	1	103	264	322	470	2.00e-15	77.8
g183.t1	VFG043378(gb|WP_000467802)	44.000	100	53	1	162	261	166	262	3.81e-15	76.6
g183.t1	VFG025888(gb|WP_011402606)	35.115	131	84	1	174	304	345	474	4.30e-15	77.0
g183.t1	VFG025880(gb|WP_004199264)	34.351	131	85	1	174	304	345	474	1.25e-14	75.5
g183.t1	VFG025881(gb|WP_004202799)	34.351	131	85	1	174	304	345	474	1.28e-14	75.5
g183.t1	VFG025885(gb|WP_004525699)	34.351	131	85	1	174	304	345	474	1.39e-14	75.5
g183.t1	VFG025884(gb|WP_004535496)	34.351	131	85	1	174	304	345	474	1.49e-14	75.1
g183.t1	VFG002529(gb|WP_011205290)	34.351	131	85	1	174	304	345	474	1.59e-14	75.1
g183.t1	VFG025886(gb|WP_011852321)	34.351	131	85	1	174	304	345	474	1.63e-14	75.1
g183.t1	VFG000088(gb|WP_000591844)	41.441	111	54	2	172	282	432	531	5.91e-14	73.2
g183.t1	VFG006884(gb|WP_000591846)	41.441	111	54	2	172	282	432	531	6.24e-14	73.2
g183.t1	VFG050680(gb|YP_005800157.1)	37.500	136	62	3	176	288	505	640	2.13e-13	71.6
g183.t1	VFG050679(gb|WP_000505928.1)	37.500	136	62	3	176	288	493	628	2.27e-13	71.6
g183.t1	VFG050670(gb|WP_000505931.1)	37.500	136	62	3	176	288	493	628	2.40e-13	71.6
g183.t1	VFG025878(gb|WP_012492267)	34.058	138	87	2	174	311	345	478	2.49e-13	71.2
g183.t1	VFG050674(gb|WP_000505932.1)	37.500	136	62	3	176	288	493	628	2.53e-13	71.2
g183.t1	VFG050671(gb|YP_001085820.1)	37.500	136	62	3	176	288	426	561	2.75e-13	71.2
g183.t1	VFG025879(gb|WP_012327703)	34.058	138	87	2	174	311	345	478	4.51e-13	70.5
g183.t1	VFG025876(gb|WP_011546712)	34.058	138	87	2	174	311	345	478	4.81e-13	70.5
g183.t1	VFG043092(gb|WP_010904770)	37.008	127	72	2	169	288	332	457	7.33e-13	69.7
g183.t1	VFG043040(gb|NP_460876)	56.061	66	26	1	185	250	358	420	1.29e-12	68.9
g183.t1	VFG043209(gb|WP_005168769)	47.727	88	39	1	166	246	331	418	1.33e-12	68.9
g183.t1	VFG042257(gb|ABB77417)	33.766	154	87	3	175	328	34	172	2.43e-12	65.9
g183.t1	VFG042944(gb|WP_004572848)	37.383	107	53	2	173	265	478	584	6.84e-12	67.0
g183.t1	VFG014045(gb|WP_005621029)	38.318	107	52	2	173	265	473	579	1.74e-11	65.9
g183.t1	VFG014046(gb|WP_011266434)	39.604	101	47	2	173	259	473	573	1.95e-11	65.5
g183.t1	VFG014047(gb|WP_011167501)	51.562	64	31	0	196	259	510	573	2.37e-11	65.5
g183.t1	VFG014050(gb|WP_086009465)	50.000	70	35	0	196	265	504	573	4.13e-11	64.7
g183.t1	VFG014049(gb|WP_012053913)	50.000	70	35	0	196	265	516	585	5.48e-11	64.3
g183.t1	VFG015638(gb|WP_012274549)	50.000	70	35	0	196	265	516	585	5.73e-11	63.9
g183.t1	VFG014048(gb|WP_010955558)	50.000	70	35	0	196	265	516	585	5.83e-11	63.9
g183.t1	VFG015639(gb|WP_012312417)	50.000	70	35	0	196	265	516	585	6.37e-11	63.9
g183.t1	VFG042927(gb|WP_012031398)	41.935	93	47	2	167	259	247	332	7.09e-11	63.5
g183.t1	VFG001228(gb|NP_249102)	42.857	84	45	1	176	259	495	575	8.00e-11	63.5
g183.t1	VFG014051(gb|WP_011063998)	48.571	70	36	0	196	265	512	581	8.03e-11	63.5
g183.t1	VFG014053(gb|WP_011920658)	42.857	84	45	1	176	259	495	575	8.19e-11	63.5
g183.t1	VFG014044(gb|WP_003084592)	42.857	84	45	1	176	259	495	575	8.29e-11	63.5
g183.t1	VFG014043(gb|WP_012074000)	42.857	84	45	1	176	259	495	575	8.90e-11	63.5
g183.t1	VFG014052(gb|WP_011336363)	51.562	64	31	0	196	259	512	575	9.41e-11	63.5
g183.t1	VFG019769(gb|WP_015886334)	48.571	70	36	0	196	265	512	581	1.12e-10	63.2
g183.t1	VFG014054(gb|WP_011914956)	42.857	84	45	1	176	259	495	575	1.15e-10	63.2
g418.t1	VFG001228(gb|NP_249102)	100.000	682	0	0	1	682	1	682	0.0	1355
g418.t1	VFG014044(gb|WP_003084592)	99.853	682	1	0	1	682	1	682	0.0	1352
g418.t1	VFG014043(gb|WP_012074000)	99.560	682	3	0	1	682	1	682	0.0	1349
g418.t1	VFG014053(gb|WP_011920658)	87.592	677	84	0	1	677	1	677	0.0	1183
g418.t1	VFG014054(gb|WP_011914956)	83.138	682	115	0	1	682	1	682	0.0	1095
g418.t1	VFG014052(gb|WP_011336363)	78.846	676	143	0	1	676	1	676	0.0	1037
g418.t1	VFG014051(gb|WP_011063998)	79.290	676	140	0	1	676	1	676	0.0	1031
g418.t1	VFG014050(gb|WP_086009465)	77.096	668	153	0	14	681	6	673	0.0	1025
g418.t1	VFG019769(gb|WP_015886334)	79.429	666	137	0	11	676	11	676	0.0	1020
g418.t1	VFG014047(gb|WP_011167501)	76.488	672	158	0	5	676	3	674	0.0	1008
g418.t1	VFG014046(gb|WP_011266434)	77.744	665	148	0	12	676	10	674	0.0	991
g418.t1	VFG015639(gb|WP_012312417)	76.048	668	160	0	14	681	18	685	0.0	989
g418.t1	VFG014045(gb|WP_005621029)	77.444	665	150	0	12	676	10	674	0.0	987
g418.t1	VFG014048(gb|WP_010955558)	77.090	646	148	0	35	680	39	684	0.0	969
g418.t1	VFG014049(gb|WP_012053913)	77.090	646	148	0	35	680	39	684	0.0	969
g418.t1	VFG015638(gb|WP_012274549)	76.935	646	149	0	35	680	39	684	0.0	968
g418.t1	VFG050680(gb|YP_005800157.1)	52.000	675	289	12	14	677	54	704	0.0	601
g418.t1	VFG050670(gb|WP_000505931.1)	52.000	675	289	12	14	677	42	692	0.0	601
g418.t1	VFG050674(gb|WP_000505932.1)	51.852	675	290	13	14	677	42	692	0.0	600
g418.t1	VFG050679(gb|WP_000505928.1)	51.704	675	291	12	14	677	42	692	0.0	596
g418.t1	VFG050671(gb|YP_001085820.1)	53.906	640	264	11	49	677	6	625	0.0	594
g418.t1	VFG042944(gb|WP_004572848)	46.222	675	338	6	15	676	17	679	4.01e-168	497
g418.t1	VFG042927(gb|WP_012031398)	57.485	334	142	0	345	678	102	435	1.78e-118	361
g418.t1	VFG006892(gb|WP_000672503)	29.021	286	194	4	355	636	303	583	7.84e-26	112
g418.t1	VFG000104(gb|WP_000672505)	29.021	286	194	4	355	636	303	583	7.84e-26	112
g418.t1	VFG043040(gb|NP_460876)	28.571	322	201	3	355	675	222	515	2.99e-25	110
g418.t1	VFG043209(gb|WP_005168769)	29.592	294	178	3	355	647	224	489	1.14e-24	108
g418.t1	VFG025876(gb|WP_011546712)	28.616	318	198	4	363	679	231	520	7.20e-24	106
g418.t1	VFG025879(gb|WP_012327703)	28.302	318	199	4	363	679	231	520	1.82e-23	105
g418.t1	VFG025878(gb|WP_012492267)	28.616	318	198	4	363	679	231	520	1.83e-23	105
g418.t1	VFG043092(gb|WP_010904770)	28.704	324	198	5	355	675	222	515	2.01e-23	104
g418.t1	VFG025881(gb|WP_004202799)	28.344	314	196	3	363	675	231	516	3.97e-23	104
g418.t1	VFG025880(gb|WP_004199264)	28.344	314	196	3	363	675	231	516	4.04e-23	104
g418.t1	VFG025885(gb|WP_004525699)	28.344	314	196	3	363	675	231	516	4.41e-23	104
g418.t1	VFG025886(gb|WP_011852321)	28.344	314	196	3	363	675	231	516	4.79e-23	103
g418.t1	VFG002529(gb|WP_011205290)	28.344	314	196	3	363	675	231	516	5.17e-23	103
g418.t1	VFG025884(gb|WP_004535496)	28.344	314	196	3	363	675	231	516	6.43e-23	103
g418.t1	VFG025888(gb|WP_011402606)	28.349	321	201	3	363	682	231	523	1.02e-22	103
g418.t1	VFG043378(gb|WP_000467802)	51.020	98	46	1	479	574	162	259	4.44e-22	99.4
g418.t1	VFG043366(gb|WP_000033553)	35.981	214	100	7	409	607	472	663	4.31e-20	94.7
g418.t1	VFG043367(gb|WP_000971620)	38.028	142	84	3	489	630	379	516	6.64e-18	87.4
g418.t1	VFG043365(gb|WP_000843374)	32.243	214	120	6	365	563	400	603	4.71e-17	85.1
g418.t1	VFG006884(gb|WP_000591846)	25.506	247	179	3	430	675	374	616	2.19e-15	79.7
g418.t1	VFG000088(gb|WP_000591844)	25.506	247	179	3	430	675	374	616	2.39e-15	79.7
g418.t1	VFG042257(gb|ABB77417)	36.957	138	70	2	488	625	34	154	4.80e-14	71.6
g1266.t1	VFG000104(gb|WP_000672505)	31.429	385	222	10	169	538	259	616	3.57e-41	157
g1266.t1	VFG006892(gb|WP_000672503)	31.429	385	222	10	169	538	259	616	3.86e-41	157
g1266.t1	VFG014047(gb|WP_011167501)	32.476	311	193	4	232	539	375	671	1.59e-33	135
g1266.t1	VFG050679(gb|WP_000505928.1)	30.323	310	205	2	230	539	390	688	2.00e-32	132
g1266.t1	VFG050680(gb|YP_005800157.1)	30.323	310	205	2	230	539	402	700	2.21e-32	131
g1266.t1	VFG050674(gb|WP_000505932.1)	30.323	310	205	2	230	539	390	688	2.34e-32	131
g1266.t1	VFG050670(gb|WP_000505931.1)	30.323	310	205	2	230	539	390	688	2.52e-32	131
g1266.t1	VFG050671(gb|YP_001085820.1)	30.323	310	205	2	230	539	323	621	3.71e-32	130
g1266.t1	VFG014054(gb|WP_011914956)	31.310	313	198	4	232	541	377	675	3.03e-31	128
g1266.t1	VFG014053(gb|WP_011920658)	30.990	313	199	4	232	541	377	675	8.43e-31	127
g1266.t1	VFG014050(gb|WP_086009465)	31.615	291	192	2	258	541	377	667	2.36e-30	125
g1266.t1	VFG015639(gb|WP_012312417)	31.615	291	192	2	258	541	389	679	2.64e-30	125
g1266.t1	VFG006884(gb|WP_000591846)	32.950	261	166	3	286	541	360	616	5.63e-30	124
g1266.t1	VFG042944(gb|WP_004572848)	35.833	240	154	0	294	533	431	670	6.19e-30	124
g1266.t1	VFG000088(gb|WP_000591844)	32.950	261	166	3	286	541	360	616	6.34e-30	124
g1266.t1	VFG014051(gb|WP_011063998)	31.310	313	198	4	232	541	377	675	7.86e-30	124
g1266.t1	VFG014045(gb|WP_005621029)	34.058	276	165	4	232	504	375	636	8.06e-30	124
g1266.t1	VFG014043(gb|WP_012074000)	32.932	249	161	2	294	539	428	673	3.43e-29	122
g1266.t1	VFG014046(gb|WP_011266434)	33.948	271	162	4	232	499	375	631	3.63e-29	122
g1266.t1	VFG001228(gb|NP_249102)	32.932	249	161	2	294	539	428	673	3.68e-29	122
g1266.t1	VFG014044(gb|WP_003084592)	32.932	249	161	2	294	539	428	673	3.75e-29	122
g1266.t1	VFG042927(gb|WP_012031398)	27.273	308	213	2	232	539	134	430	3.93e-29	119
g1266.t1	VFG014048(gb|WP_010955558)	31.707	287	188	2	259	541	397	679	1.17e-28	120
g1266.t1	VFG019769(gb|WP_015886334)	30.671	313	200	4	232	541	377	675	1.37e-28	120
g1266.t1	VFG014049(gb|WP_012053913)	31.707	287	188	2	259	541	397	679	1.43e-28	120
g1266.t1	VFG014052(gb|WP_011336363)	31.119	286	191	2	259	541	393	675	1.73e-28	120
g1266.t1	VFG015638(gb|WP_012274549)	31.707	287	188	2	259	541	397	679	1.75e-28	120
g1266.t1	VFG043209(gb|WP_005168769)	32.039	309	167	8	191	491	194	467	9.95e-28	117
g1266.t1	VFG043040(gb|NP_460876)	32.526	289	158	7	208	491	209	465	1.00e-25	110
g1266.t1	VFG043092(gb|WP_010904770)	31.834	289	160	7	208	491	209	465	1.42e-25	110
g1266.t1	VFG043367(gb|WP_000971620)	29.856	278	164	4	208	461	215	485	5.31e-24	105
g1266.t1	VFG043366(gb|WP_000033553)	36.022	186	105	3	313	498	489	660	6.11e-23	102
g1266.t1	VFG025888(gb|WP_011402606)	32.883	222	127	3	214	431	217	420	3.36e-22	100
g1266.t1	VFG025886(gb|WP_011852321)	32.883	222	127	3	214	431	217	420	4.58e-22	100
g1266.t1	VFG025876(gb|WP_011546712)	31.557	244	139	4	204	440	207	429	5.12e-22	100
g1266.t1	VFG025879(gb|WP_012327703)	31.557	244	139	4	204	440	207	429	7.28e-22	99.4
g1266.t1	VFG043365(gb|WP_000843374)	47.692	130	58	2	302	431	486	605	1.18e-21	99.0
g1266.t1	VFG025884(gb|WP_004535496)	32.432	222	128	3	214	431	217	420	1.66e-21	98.2
g1266.t1	VFG002529(gb|WP_011205290)	32.432	222	128	3	214	431	217	420	1.82e-21	98.2
g1266.t1	VFG025885(gb|WP_004525699)	32.432	222	128	3	214	431	217	420	1.94e-21	98.2
g1266.t1	VFG025881(gb|WP_004202799)	32.432	222	128	3	214	431	217	420	2.12e-21	98.2
g1266.t1	VFG025880(gb|WP_004199264)	32.432	222	128	3	214	431	217	420	2.16e-21	98.2
g1266.t1	VFG025878(gb|WP_012492267)	31.148	244	140	4	204	440	207	429	1.23e-20	95.5
g1266.t1	VFG043378(gb|WP_000467802)	45.378	119	59	1	318	436	143	255	4.65e-20	92.8
g1266.t1	VFG042257(gb|ABB77417)	55.556	63	28	0	371	433	48	110	1.88e-11	63.9
g1439.t1	VFG050674(gb|WP_000505932.1)	41.611	149	87	0	267	415	467	615	2.12e-27	115
g1439.t1	VFG050670(gb|WP_000505931.1)	41.611	149	87	0	267	415	467	615	2.28e-27	115
g1439.t1	VFG050680(gb|YP_005800157.1)	41.611	149	87	0	267	415	479	627	2.35e-27	115
g1439.t1	VFG014044(gb|WP_003084592)	38.922	167	102	0	267	433	452	618	2.67e-27	114
g1439.t1	VFG014043(gb|WP_012074000)	38.922	167	102	0	267	433	452	618	2.74e-27	114
g1439.t1	VFG001228(gb|NP_249102)	38.922	167	102	0	267	433	452	618	2.87e-27	114
g1439.t1	VFG050671(gb|YP_001085820.1)	41.611	149	87	0	267	415	400	548	3.22e-27	114
g1439.t1	VFG014046(gb|WP_011266434)	39.759	166	97	1	267	429	450	615	3.78e-27	114
g1439.t1	VFG014053(gb|WP_011920658)	38.922	167	102	0	267	433	452	618	3.87e-27	114
g1439.t1	VFG050679(gb|WP_000505928.1)	41.611	149	87	0	267	415	467	615	4.47e-27	114
g1439.t1	VFG014045(gb|WP_005621029)	37.297	185	102	1	267	437	450	634	6.69e-27	113
g1439.t1	VFG042944(gb|WP_004572848)	34.946	186	117	1	252	433	436	621	7.20e-27	113
g1439.t1	VFG014054(gb|WP_011914956)	38.922	167	102	0	267	433	452	618	8.45e-27	113
g1439.t1	VFG014052(gb|WP_011336363)	34.574	188	123	0	246	433	431	618	6.33e-26	110
g1439.t1	VFG014047(gb|WP_011167501)	38.554	166	99	1	267	429	450	615	1.43e-25	109
g1439.t1	VFG014051(gb|WP_011063998)	37.725	167	104	0	267	433	452	618	1.86e-25	109
g1439.t1	VFG042927(gb|WP_012031398)	39.610	154	93	0	280	433	222	375	3.11e-25	107
g1439.t1	VFG019769(gb|WP_015886334)	37.126	167	105	0	267	433	452	618	1.46e-24	106
g1439.t1	VFG014050(gb|WP_086009465)	35.928	167	107	0	267	433	444	610	5.39e-24	104
g1439.t1	VFG015639(gb|WP_012312417)	35.928	167	107	0	267	433	456	622	6.23e-24	104
g1439.t1	VFG014049(gb|WP_012053913)	35.542	166	107	0	268	433	457	622	1.08e-23	103
g1439.t1	VFG014048(gb|WP_010955558)	35.542	166	107	0	268	433	457	622	1.14e-23	103
g1439.t1	VFG015638(gb|WP_012274549)	35.542	166	107	0	268	433	457	622	1.22e-23	103
g1439.t1	VFG043378(gb|WP_000467802)	50.427	117	46	2	268	384	150	254	4.34e-23	100
g1439.t1	VFG043365(gb|WP_000843374)	51.304	115	49	3	292	406	520	627	1.02e-22	100
g1439.t1	VFG006892(gb|WP_000672503)	36.420	162	103	0	270	431	406	567	6.72e-22	98.2
g1439.t1	VFG000104(gb|WP_000672505)	36.420	162	103	0	270	431	406	567	7.22e-22	98.2
g1439.t1	VFG043040(gb|NP_460876)	44.882	127	52	2	265	387	318	430	2.99e-21	96.3
g1439.t1	VFG043092(gb|WP_010904770)	44.094	127	53	2	265	387	318	430	3.68e-21	95.9
g1439.t1	VFG043366(gb|WP_000033553)	49.541	109	48	1	315	423	542	643	6.32e-21	95.5
g1439.t1	VFG025881(gb|WP_004202799)	34.872	195	102	4	204	387	251	431	7.03e-21	95.5
g1439.t1	VFG002529(gb|WP_011205290)	34.872	195	102	4	204	387	251	431	7.55e-21	95.1
g1439.t1	VFG025880(gb|WP_004199264)	34.872	195	102	4	204	387	251	431	7.69e-21	95.1
g1439.t1	VFG025885(gb|WP_004525699)	34.872	195	102	4	204	387	251	431	8.05e-21	95.1
g1439.t1	VFG025884(gb|WP_004535496)	34.872	195	102	4	204	387	251	431	8.05e-21	95.1
g1439.t1	VFG025886(gb|WP_011852321)	34.872	195	102	4	204	387	251	431	8.32e-21	95.1
g1439.t1	VFG025888(gb|WP_011402606)	43.307	127	54	2	265	387	319	431	1.90e-20	94.0
g1439.t1	VFG000088(gb|WP_000591844)	39.623	159	82	2	256	414	389	533	3.40e-20	93.2
g1439.t1	VFG006884(gb|WP_000591846)	39.623	159	82	2	256	414	389	533	3.53e-20	93.2
g1439.t1	VFG025876(gb|WP_011546712)	37.278	169	78	2	265	433	319	459	3.95e-20	92.8
g1439.t1	VFG025879(gb|WP_012327703)	37.278	169	78	2	265	433	319	459	4.94e-20	92.8
g1439.t1	VFG025878(gb|WP_012492267)	37.278	169	78	2	265	433	319	459	5.32e-20	92.4
g1439.t1	VFG043209(gb|WP_005168769)	45.690	116	49	1	265	380	320	421	1.80e-19	90.9
g1439.t1	VFG043367(gb|WP_000971620)	50.000	104	52	0	300	403	375	478	3.82e-19	89.7
g1439.t1	VFG042257(gb|ABB77417)	39.655	116	56	1	265	380	7	108	1.31e-13	69.7
g1578.t1	VFG050674(gb|WP_000505932.1)	29.381	388	247	4	157	519	303	688	8.62e-39	150
g1578.t1	VFG050680(gb|YP_005800157.1)	29.124	388	248	4	157	519	315	700	1.39e-38	149
g1578.t1	VFG050670(gb|WP_000505931.1)	29.124	388	248	4	157	519	303	688	1.47e-38	149
g1578.t1	VFG050671(gb|YP_001085820.1)	29.124	388	248	4	157	519	236	621	1.69e-38	149
g1578.t1	VFG050679(gb|WP_000505928.1)	29.124	388	248	4	157	519	303	688	1.93e-38	149
g1578.t1	VFG006892(gb|WP_000672503)	35.192	287	165	4	237	516	342	614	3.75e-37	145
g1578.t1	VFG000104(gb|WP_000672505)	35.192	287	165	4	237	516	342	614	4.17e-37	144
g1578.t1	VFG014053(gb|WP_011920658)	30.286	350	228	2	167	500	305	654	8.29e-37	144
g1578.t1	VFG014045(gb|WP_005621029)	31.268	339	201	7	170	484	306	636	4.54e-35	139
g1578.t1	VFG014043(gb|WP_012074000)	29.268	369	245	2	167	519	305	673	8.52e-35	138
g1578.t1	VFG014044(gb|WP_003084592)	29.268	369	245	2	167	519	305	673	9.98e-35	138
g1578.t1	VFG014054(gb|WP_011914956)	33.460	263	175	0	238	500	392	654	2.30e-34	137
g1578.t1	VFG014046(gb|WP_011266434)	30.973	339	202	7	170	484	306	636	2.50e-34	137
g1578.t1	VFG014051(gb|WP_011063998)	35.808	229	147	0	272	500	426	654	3.25e-34	137
g1578.t1	VFG014047(gb|WP_011167501)	30.548	347	209	7	170	492	306	644	4.42e-34	136
g1578.t1	VFG001228(gb|NP_249102)	29.268	369	245	2	167	519	305	673	4.94e-34	136
g1578.t1	VFG019769(gb|WP_015886334)	35.021	237	154	0	264	500	418	654	1.07e-33	135
g1578.t1	VFG014052(gb|WP_011336363)	32.319	263	178	0	238	500	392	654	1.25e-33	135
g1578.t1	VFG015639(gb|WP_012312417)	28.940	349	218	5	167	492	309	650	5.89e-32	130
g1578.t1	VFG006884(gb|WP_000591846)	37.917	240	139	4	272	506	367	601	1.99e-31	128
g1578.t1	VFG000088(gb|WP_000591844)	37.917	240	139	4	272	506	367	601	2.47e-31	127
g1578.t1	VFG014049(gb|WP_012053913)	34.842	221	144	0	272	492	430	650	4.16e-31	127
g1578.t1	VFG025884(gb|WP_004535496)	33.866	313	168	8	186	490	204	485	4.17e-31	127
g1578.t1	VFG025881(gb|WP_004202799)	33.866	313	168	8	186	490	204	485	4.71e-31	127
g1578.t1	VFG014048(gb|WP_010955558)	34.842	221	144	0	272	492	430	650	4.74e-31	127
g1578.t1	VFG025880(gb|WP_004199264)	33.866	313	168	8	186	490	204	485	4.75e-31	127
g1578.t1	VFG015638(gb|WP_012274549)	34.842	221	144	0	272	492	430	650	5.05e-31	127
g1578.t1	VFG025888(gb|WP_011402606)	33.546	313	169	8	186	490	204	485	5.13e-31	127
g1578.t1	VFG025886(gb|WP_011852321)	33.866	313	168	8	186	490	204	485	5.27e-31	127
g1578.t1	VFG002529(gb|WP_011205290)	33.866	313	168	8	186	490	204	485	5.56e-31	127
g1578.t1	VFG025885(gb|WP_004525699)	33.866	313	168	8	186	490	204	485	5.61e-31	127
g1578.t1	VFG042944(gb|WP_004572848)	28.691	359	217	5	172	500	308	657	6.18e-31	127
g1578.t1	VFG042927(gb|WP_012031398)	30.709	254	168	2	273	519	184	436	1.20e-29	120
g1578.t1	VFG014050(gb|WP_086009465)	27.507	349	223	5	167	492	297	638	7.03e-29	120
g1578.t1	VFG043209(gb|WP_005168769)	27.701	361	213	6	132	492	176	488	1.15e-28	119
g1578.t1	VFG025876(gb|WP_011546712)	33.463	257	146	5	238	490	250	485	8.60e-28	117
g1578.t1	VFG025879(gb|WP_012327703)	33.463	257	146	5	238	490	250	485	1.44e-27	116
g1578.t1	VFG025878(gb|WP_012492267)	33.463	257	146	5	238	490	250	485	2.54e-27	115
g1578.t1	VFG043092(gb|WP_010904770)	32.210	267	156	4	227	492	244	486	2.66e-26	112
g1578.t1	VFG043040(gb|NP_460876)	34.667	225	126	3	268	492	283	486	3.26e-24	106
g1578.t1	VFG043378(gb|WP_000467802)	49.074	108	55	0	313	420	152	259	2.35e-21	96.7
g1578.t1	VFG043367(gb|WP_000971620)	32.420	219	127	5	211	411	240	455	3.63e-21	96.7
g1578.t1	VFG043366(gb|WP_000033553)	37.342	158	85	3	322	479	518	661	1.45e-20	95.1
g1578.t1	VFG043365(gb|WP_000843374)	53.684	95	31	1	350	431	544	638	4.69e-19	90.5
g1578.t1	VFG042257(gb|ABB77417)	33.520	179	98	2	299	477	3	160	1.67e-17	81.3
g1628.t1	VFG006892(gb|WP_000672503)	33.333	360	229	4	186	541	274	626	8.05e-46	170
g1628.t1	VFG000104(gb|WP_000672505)	33.333	360	229	4	186	541	274	626	9.52e-46	169
g1628.t1	VFG050671(gb|YP_001085820.1)	33.654	312	206	1	228	539	311	621	5.62e-40	153
g1628.t1	VFG050679(gb|WP_000505928.1)	33.654	312	206	1	228	539	378	688	6.08e-40	154
g1628.t1	VFG050674(gb|WP_000505932.1)	33.654	312	206	1	228	539	378	688	6.08e-40	154
g1628.t1	VFG050680(gb|YP_005800157.1)	33.654	312	206	1	228	539	390	700	6.38e-40	154
g1628.t1	VFG050670(gb|WP_000505931.1)	33.654	312	206	1	228	539	378	688	7.79e-40	153
g1628.t1	VFG014053(gb|WP_011920658)	35.986	289	175	3	258	541	392	675	8.21e-38	147
g1628.t1	VFG014054(gb|WP_011914956)	35.294	289	177	3	258	541	392	675	1.68e-37	147
g1628.t1	VFG014051(gb|WP_011063998)	35.211	284	184	0	258	541	392	675	1.10e-36	144
g1628.t1	VFG014050(gb|WP_086009465)	33.438	317	208	3	226	541	353	667	3.62e-36	142
g1628.t1	VFG043209(gb|WP_005168769)	34.579	321	166	8	191	499	194	482	3.69e-36	141
g1628.t1	VFG015639(gb|WP_012312417)	33.438	317	208	3	226	541	365	679	1.17e-35	141
g1628.t1	VFG014043(gb|WP_012074000)	36.585	287	172	3	258	539	392	673	1.62e-35	140
g1628.t1	VFG014044(gb|WP_003084592)	36.585	287	172	3	258	539	392	673	1.83e-35	140
g1628.t1	VFG001228(gb|NP_249102)	36.585	287	172	3	258	539	392	673	2.06e-35	140
g1628.t1	VFG019769(gb|WP_015886334)	34.155	284	187	0	258	541	392	675	2.41e-35	140
g1628.t1	VFG014048(gb|WP_010955558)	33.648	318	206	4	226	541	365	679	2.76e-35	140
g1628.t1	VFG014052(gb|WP_011336363)	34.155	284	187	0	258	541	392	675	3.42e-35	140
g1628.t1	VFG014049(gb|WP_012053913)	33.648	318	206	4	226	541	365	679	3.55e-35	140
g1628.t1	VFG014047(gb|WP_011167501)	34.752	282	184	0	258	539	390	671	3.72e-35	140
g1628.t1	VFG015638(gb|WP_012274549)	33.648	318	206	4	226	541	365	679	5.02e-35	139
g1628.t1	VFG042944(gb|WP_004572848)	33.333	312	207	1	228	539	366	676	3.24e-34	137
g1628.t1	VFG042927(gb|WP_012031398)	30.605	281	195	0	259	539	150	430	8.83e-34	133
g1628.t1	VFG014045(gb|WP_005621029)	35.563	284	183	0	258	541	390	673	2.08e-33	134
g1628.t1	VFG014046(gb|WP_011266434)	37.083	240	151	0	258	497	390	629	2.37e-32	131
g1628.t1	VFG043040(gb|NP_460876)	35.738	305	150	11	208	499	209	480	3.96e-32	130
g1628.t1	VFG043092(gb|WP_010904770)	32.281	285	157	5	212	492	214	466	1.37e-29	122
g1628.t1	VFG006884(gb|WP_000591846)	29.494	356	229	8	198	541	271	616	1.81e-29	122
g1628.t1	VFG000088(gb|WP_000591844)	29.213	356	230	8	198	541	271	616	3.54e-29	121
g1628.t1	VFG025876(gb|WP_011546712)	32.886	298	148	8	214	499	217	474	6.15e-27	115
g1628.t1	VFG025879(gb|WP_012327703)	32.886	298	148	8	214	499	217	474	8.95e-27	114
g1628.t1	VFG025888(gb|WP_011402606)	32.765	293	155	6	214	499	217	474	1.05e-26	114
g1628.t1	VFG025886(gb|WP_011852321)	32.765	293	155	6	214	499	217	474	1.27e-26	114
g1628.t1	VFG025878(gb|WP_012492267)	32.886	298	148	8	214	499	217	474	1.43e-26	114
g1628.t1	VFG025884(gb|WP_004535496)	32.423	293	156	6	214	499	217	474	5.27e-26	112
g1628.t1	VFG025880(gb|WP_004199264)	32.423	293	156	6	214	499	217	474	5.46e-26	112
g1628.t1	VFG002529(gb|WP_011205290)	32.423	293	156	6	214	499	217	474	5.72e-26	112
g1628.t1	VFG025885(gb|WP_004525699)	32.423	293	156	6	214	499	217	474	5.77e-26	112
g1628.t1	VFG025881(gb|WP_004202799)	32.423	293	156	6	214	499	217	474	6.20e-26	112
g1628.t1	VFG043378(gb|WP_000467802)	33.884	242	132	6	250	473	75	306	7.80e-24	103
g1628.t1	VFG043366(gb|WP_000033553)	30.592	304	161	9	216	499	388	661	1.16e-23	105
g1628.t1	VFG043367(gb|WP_000971620)	32.353	272	152	7	196	449	216	473	1.31e-23	104
g1628.t1	VFG043365(gb|WP_000843374)	33.617	235	117	6	221	435	391	606	8.57e-22	99.4
g1628.t1	VFG042257(gb|ABB77417)	59.016	61	25	0	371	431	48	108	2.21e-13	69.3
g1667.t1	VFG006892(gb|WP_000672503)	33.432	338	200	6	295	620	270	594	2.36e-47	176
g1667.t1	VFG000104(gb|WP_000672505)	33.432	338	200	6	295	620	270	594	2.87e-47	176
g1667.t1	VFG014047(gb|WP_011167501)	32.153	367	229	4	304	652	309	673	2.33e-37	148
g1667.t1	VFG050679(gb|WP_000505928.1)	33.083	399	227	11	287	652	299	690	5.40e-37	147
g1667.t1	VFG043209(gb|WP_005168769)	33.742	326	180	6	302	623	195	488	1.53e-36	144
g1667.t1	VFG014051(gb|WP_011063998)	32.484	314	211	1	339	652	363	675	1.64e-36	145
g1667.t1	VFG050670(gb|WP_000505931.1)	32.832	399	228	11	287	652	299	690	1.66e-36	145
g1667.t1	VFG050680(gb|YP_005800157.1)	32.832	399	228	11	287	652	311	702	1.91e-36	145
g1667.t1	VFG050671(gb|YP_001085820.1)	32.581	399	229	10	287	652	232	623	2.11e-36	144
g1667.t1	VFG050674(gb|WP_000505932.1)	34.459	296	185	2	365	652	396	690	2.13e-36	145
g1667.t1	VFG019769(gb|WP_015886334)	31.536	371	234	4	300	652	307	675	2.39e-36	145
g1667.t1	VFG000088(gb|WP_000591844)	36.735	245	151	2	410	652	374	616	1.44e-35	142
g1667.t1	VFG006884(gb|WP_000591846)	36.735	245	151	2	410	652	374	616	1.62e-35	142
g1667.t1	VFG014053(gb|WP_011920658)	31.529	314	214	1	339	652	363	675	7.12e-35	140
g1667.t1	VFG014052(gb|WP_011336363)	31.847	314	213	1	339	652	363	675	1.95e-34	139
g1667.t1	VFG014045(gb|WP_005621029)	32.153	367	229	4	304	652	309	673	2.23e-34	139
g1667.t1	VFG014054(gb|WP_011914956)	31.210	314	215	1	339	652	363	675	2.71e-34	139
g1667.t1	VFG014046(gb|WP_011266434)	32.153	367	229	4	304	652	309	673	4.31e-34	138
g1667.t1	VFG014044(gb|WP_003084592)	35.294	238	154	0	415	652	438	675	2.10e-33	136
g1667.t1	VFG014043(gb|WP_012074000)	35.294	238	154	0	415	652	438	675	2.14e-33	136
g1667.t1	VFG001228(gb|NP_249102)	35.294	238	154	0	415	652	438	675	2.22e-33	136
g1667.t1	VFG025886(gb|WP_011852321)	32.081	346	199	6	311	652	203	516	3.09e-32	132
g1667.t1	VFG025880(gb|WP_004199264)	32.081	346	199	6	311	652	203	516	5.27e-32	131
g1667.t1	VFG025885(gb|WP_004525699)	32.081	346	199	6	311	652	203	516	5.41e-32	131
g1667.t1	VFG025881(gb|WP_004202799)	32.081	346	199	6	311	652	203	516	5.66e-32	131
g1667.t1	VFG002529(gb|WP_011205290)	32.081	346	199	6	311	652	203	516	5.82e-32	131
g1667.t1	VFG025884(gb|WP_004535496)	32.081	346	199	6	311	652	203	516	7.77e-32	131
g1667.t1	VFG043040(gb|NP_460876)	33.432	338	189	6	319	652	210	515	9.67e-32	130
g1667.t1	VFG025878(gb|WP_012492267)	30.946	391	234	5	266	652	158	516	1.00e-31	130
g1667.t1	VFG025876(gb|WP_011546712)	31.458	391	232	5	266	652	158	516	1.75e-31	130
g1667.t1	VFG025888(gb|WP_011402606)	31.792	346	200	6	311	652	203	516	2.00e-31	130
g1667.t1	VFG025879(gb|WP_012327703)	31.202	391	233	5	266	652	158	516	4.24e-31	129
g1667.t1	VFG043092(gb|WP_010904770)	33.136	338	190	6	319	652	210	515	4.67e-31	127
g1667.t1	VFG042944(gb|WP_004572848)	31.529	314	214	1	339	652	366	678	2.20e-30	127
g1667.t1	VFG014050(gb|WP_086009465)	29.380	371	242	4	300	652	299	667	1.48e-29	124
g1667.t1	VFG015639(gb|WP_012312417)	29.111	371	243	4	300	652	311	679	3.00e-29	123
g1667.t1	VFG014048(gb|WP_010955558)	29.380	371	242	4	300	652	311	679	3.16e-29	123
g1667.t1	VFG015638(gb|WP_012274549)	29.747	316	221	1	337	652	365	679	5.17e-29	122
g1667.t1	VFG014049(gb|WP_012053913)	29.747	316	221	1	337	652	365	679	6.35e-29	122
g1667.t1	VFG042927(gb|WP_012031398)	29.236	301	194	6	365	652	138	432	1.98e-26	112
g1667.t1	VFG043366(gb|WP_000033553)	36.245	229	126	6	329	545	390	610	2.97e-26	114
g1667.t1	VFG043378(gb|WP_000467802)	49.107	112	57	0	435	546	143	254	1.38e-23	103
g1667.t1	VFG043367(gb|WP_000971620)	30.522	249	132	4	321	542	221	455	2.23e-23	104
g1667.t1	VFG043365(gb|WP_000843374)	50.526	95	47	0	451	545	514	608	1.24e-20	96.3
g1667.t1	VFG042257(gb|ABB77417)	30.097	206	99	3	418	623	15	175	7.33e-15	73.9
g1962.t1	VFG043378(gb|WP_000467802)	40.876	137	74	2	279	415	152	281	7.13e-20	91.3
g1962.t1	VFG043367(gb|WP_000971620)	37.791	172	100	2	228	395	309	477	1.37e-19	90.9
g1962.t1	VFG043366(gb|WP_000033553)	41.958	143	69	3	273	411	499	631	1.90e-19	90.9
g1962.t1	VFG043092(gb|WP_010904770)	35.263	190	91	6	251	429	310	478	6.12e-19	89.0
g1962.t1	VFG006884(gb|WP_000591846)	42.969	128	59	3	263	386	395	512	2.25e-18	87.4
g1962.t1	VFG000088(gb|WP_000591844)	42.969	128	59	3	263	386	395	512	2.32e-18	87.4
g1962.t1	VFG043040(gb|NP_460876)	39.716	141	72	3	299	429	341	478	3.17e-18	86.7
g1962.t1	VFG043209(gb|WP_005168769)	35.263	190	91	6	251	429	312	480	2.26e-17	84.3
g1962.t1	VFG006892(gb|WP_000672503)	57.534	73	31	0	305	377	444	516	3.56e-17	83.6
g1962.t1	VFG000104(gb|WP_000672505)	57.534	73	31	0	305	377	444	516	3.86e-17	83.6
g1962.t1	VFG043365(gb|WP_000843374)	62.121	66	25	0	309	374	537	602	5.95e-17	83.2
g1962.t1	VFG025888(gb|WP_011402606)	37.427	171	88	5	251	420	311	463	6.40e-17	83.2
g1962.t1	VFG025878(gb|WP_012492267)	33.690	187	98	5	251	429	311	479	1.66e-16	81.6
g1962.t1	VFG050680(gb|YP_005800157.1)	33.333	174	110	3	259	429	474	644	2.04e-16	81.6
g1962.t1	VFG025880(gb|WP_004199264)	39.344	122	74	0	299	420	342	463	2.14e-16	81.3
g1962.t1	VFG025885(gb|WP_004525699)	39.344	122	74	0	299	420	342	463	2.32e-16	81.3
g1962.t1	VFG025881(gb|WP_004202799)	39.344	122	74	0	299	420	342	463	2.36e-16	81.3
g1962.t1	VFG002529(gb|WP_011205290)	39.344	122	74	0	299	420	342	463	2.36e-16	81.3
g1962.t1	VFG050670(gb|WP_000505931.1)	34.254	181	105	5	253	429	462	632	2.43e-16	81.3
g1962.t1	VFG025884(gb|WP_004535496)	39.344	122	74	0	299	420	342	463	2.45e-16	81.3
g1962.t1	VFG050674(gb|WP_000505932.1)	33.333	174	110	3	259	429	462	632	2.52e-16	81.3
g1962.t1	VFG025886(gb|WP_011852321)	39.344	122	74	0	299	420	342	463	2.79e-16	80.9
g1962.t1	VFG050671(gb|YP_001085820.1)	33.333	174	110	3	259	429	395	565	4.14e-16	80.5
g1962.t1	VFG025879(gb|WP_012327703)	32.086	187	101	4	251	429	311	479	4.83e-16	80.1
g1962.t1	VFG025876(gb|WP_011546712)	32.086	187	101	4	251	429	311	479	4.88e-16	80.1
g1962.t1	VFG014051(gb|WP_011063998)	37.795	127	79	0	251	377	439	565	5.85e-16	80.1
g1962.t1	VFG050679(gb|WP_000505928.1)	34.254	181	105	5	253	429	462	632	6.15e-16	80.1
g1962.t1	VFG042944(gb|WP_004572848)	42.063	126	65	2	253	377	450	568	6.76e-16	79.7
g1962.t1	VFG014045(gb|WP_005621029)	56.338	71	31	0	307	377	493	563	7.01e-16	79.7
g1962.t1	VFG014052(gb|WP_011336363)	56.338	71	31	0	307	377	495	565	7.37e-16	79.7
g1962.t1	VFG014043(gb|WP_012074000)	40.650	123	66	2	307	429	495	610	7.54e-16	79.7
g1962.t1	VFG014047(gb|WP_011167501)	56.338	71	31	0	307	377	493	563	7.94e-16	79.7
g1962.t1	VFG014046(gb|WP_011266434)	56.338	71	31	0	307	377	493	563	7.94e-16	79.7
g1962.t1	VFG014044(gb|WP_003084592)	40.650	123	66	2	307	429	495	610	8.17e-16	79.7
g1962.t1	VFG019769(gb|WP_015886334)	39.496	119	72	0	259	377	447	565	8.48e-16	79.7
g1962.t1	VFG014053(gb|WP_011920658)	40.650	123	66	2	307	429	495	610	9.06e-16	79.3
g1962.t1	VFG001228(gb|NP_249102)	40.650	123	66	2	307	429	495	610	9.26e-16	79.3
g1962.t1	VFG014054(gb|WP_011914956)	36.667	150	88	3	228	377	423	565	1.01e-15	79.3
g1962.t1	VFG042927(gb|WP_012031398)	39.837	123	67	2	307	429	252	367	1.60e-15	78.2
g1962.t1	VFG014050(gb|WP_086009465)	38.519	135	66	3	250	377	433	557	3.03e-15	77.8
g1962.t1	VFG015638(gb|WP_012274549)	37.778	135	67	3	250	377	445	569	7.74e-15	76.6
g1962.t1	VFG015639(gb|WP_012312417)	37.778	135	67	3	250	377	445	569	8.31e-15	76.6
g1962.t1	VFG014049(gb|WP_012053913)	37.778	135	67	3	250	377	445	569	8.85e-15	76.3
g1962.t1	VFG014048(gb|WP_010955558)	37.778	135	67	3	250	377	445	569	8.85e-15	76.3
g1962.t1	VFG042257(gb|ABB77417)	33.333	138	81	2	303	429	30	167	4.13e-12	65.1
g2601.t1	VFG043209(gb|WP_005168769)	29.781	366	224	5	145	508	153	487	1.64e-39	151
g2601.t1	VFG006892(gb|WP_000672503)	30.503	318	215	2	182	497	272	585	3.16e-39	151
g2601.t1	VFG000104(gb|WP_000672505)	30.503	318	215	2	182	497	272	585	3.38e-39	151
g2601.t1	VFG006884(gb|WP_000591846)	32.456	342	227	2	198	537	276	615	4.96e-38	147
g2601.t1	VFG000088(gb|WP_000591844)	32.456	342	227	2	198	537	276	615	5.84e-38	147
g2601.t1	VFG043040(gb|NP_460876)	30.164	305	184	3	205	508	209	485	1.42e-34	137
g2601.t1	VFG025876(gb|WP_011546712)	30.380	316	181	6	199	508	204	486	7.37e-34	135
g2601.t1	VFG043092(gb|WP_010904770)	30.164	305	184	3	205	508	209	485	7.70e-34	134
g2601.t1	VFG025879(gb|WP_012327703)	30.063	316	182	6	199	508	204	486	1.55e-33	135
g2601.t1	VFG025878(gb|WP_012492267)	30.033	303	174	5	211	508	217	486	1.08e-32	132
g2601.t1	VFG042927(gb|WP_012031398)	28.660	321	228	1	217	537	112	431	5.51e-32	127
g2601.t1	VFG014045(gb|WP_005621029)	31.933	357	224	6	160	501	284	636	8.48e-32	129
g2601.t1	VFG014052(gb|WP_011336363)	29.744	390	245	6	160	529	286	666	1.00e-31	129
g2601.t1	VFG050674(gb|WP_000505932.1)	26.327	452	293	7	104	537	253	682	1.39e-31	129
g2601.t1	VFG050679(gb|WP_000505928.1)	30.650	323	216	2	215	537	368	682	1.70e-31	129
g2601.t1	VFG014051(gb|WP_011063998)	30.159	315	219	1	215	529	353	666	1.78e-31	129
g2601.t1	VFG050680(gb|YP_005800157.1)	26.327	452	293	7	104	537	265	694	1.83e-31	129
g2601.t1	VFG050670(gb|WP_000505931.1)	26.327	452	293	7	104	537	253	682	2.02e-31	129
g2601.t1	VFG050671(gb|YP_001085820.1)	30.841	321	214	2	217	537	303	615	3.24e-31	127
g2601.t1	VFG014050(gb|WP_086009465)	31.379	290	198	1	215	504	345	633	6.46e-31	127
g2601.t1	VFG015638(gb|WP_012274549)	30.000	330	214	3	185	504	323	645	6.98e-31	127
g2601.t1	VFG014049(gb|WP_012053913)	29.819	332	216	3	185	506	323	647	7.79e-31	127
g2601.t1	VFG014053(gb|WP_011920658)	30.723	332	213	3	185	506	319	643	9.72e-31	126
g2601.t1	VFG014047(gb|WP_011167501)	31.373	357	226	6	160	501	284	636	1.26e-30	126
g2601.t1	VFG014048(gb|WP_010955558)	30.000	330	214	3	185	504	323	645	1.29e-30	126
g2601.t1	VFG014046(gb|WP_011266434)	31.653	357	225	6	160	501	284	636	3.90e-30	124
g2601.t1	VFG019769(gb|WP_015886334)	29.524	315	221	1	215	529	353	666	4.43e-30	124
g2601.t1	VFG015639(gb|WP_012312417)	30.690	290	200	1	215	504	357	645	7.81e-30	124
g2601.t1	VFG014044(gb|WP_003084592)	30.194	361	235	5	160	506	286	643	2.11e-29	122
g2601.t1	VFG025888(gb|WP_011402606)	28.523	298	185	3	211	508	217	486	2.57e-29	122
g2601.t1	VFG014043(gb|WP_012074000)	30.488	328	207	3	198	506	318	643	3.32e-29	122
g2601.t1	VFG001228(gb|NP_249102)	30.488	328	207	3	198	506	318	643	3.78e-29	122
g2601.t1	VFG014054(gb|WP_011914956)	30.690	290	200	1	217	506	355	643	1.20e-28	120
g2601.t1	VFG025885(gb|WP_004525699)	28.523	298	185	3	211	508	217	486	2.31e-28	119
g2601.t1	VFG025884(gb|WP_004535496)	28.523	298	185	3	211	508	217	486	2.40e-28	119
g2601.t1	VFG025880(gb|WP_004199264)	28.523	298	185	3	211	508	217	486	2.51e-28	119
g2601.t1	VFG002529(gb|WP_011205290)	28.523	298	185	3	211	508	217	486	2.51e-28	119
g2601.t1	VFG025881(gb|WP_004202799)	28.523	298	185	3	211	508	217	486	2.68e-28	119
g2601.t1	VFG025886(gb|WP_011852321)	28.523	298	185	3	211	508	217	486	3.83e-28	119
g2601.t1	VFG042944(gb|WP_004572848)	29.524	315	221	1	215	529	356	669	6.04e-27	115
g2601.t1	VFG043367(gb|WP_000971620)	31.641	256	144	5	190	428	214	455	1.75e-22	100
g2601.t1	VFG043366(gb|WP_000033553)	32.226	301	167	10	215	500	390	668	1.05e-21	99.0
g2601.t1	VFG043365(gb|WP_000843374)	28.571	294	191	6	213	496	386	670	1.47e-20	95.5
g2601.t1	VFG042257(gb|ABB77417)	36.601	153	83	1	356	508	36	174	1.27e-19	87.4
g2601.t1	VFG043378(gb|WP_000467802)	37.584	149	86	2	291	432	106	254	1.69e-18	87.8
g2614.t1	VFG043092(gb|WP_010904770)	36.474	329	181	2	177	505	185	485	5.23e-47	172
g2614.t1	VFG050674(gb|WP_000505932.1)	33.758	314	207	1	222	535	378	690	4.65e-45	168
g2614.t1	VFG050680(gb|YP_005800157.1)	33.758	314	207	1	222	535	390	702	5.86e-45	168
g2614.t1	VFG050679(gb|WP_000505928.1)	33.758	314	207	1	222	535	378	690	6.11e-45	168
g2614.t1	VFG050670(gb|WP_000505931.1)	33.758	314	207	1	222	535	378	690	6.11e-45	168
g2614.t1	VFG050671(gb|YP_001085820.1)	33.758	314	207	1	222	535	311	623	6.84e-45	167
g2614.t1	VFG043040(gb|NP_460876)	36.455	299	162	2	207	505	215	485	9.58e-44	163
g2614.t1	VFG014050(gb|WP_086009465)	31.461	356	237	2	186	535	313	667	1.75e-43	164
g2614.t1	VFG014044(gb|WP_003084592)	30.023	433	274	6	111	535	264	675	4.28e-43	162
g2614.t1	VFG015639(gb|WP_012312417)	31.180	356	238	2	186	535	325	679	6.71e-43	162
g2614.t1	VFG001228(gb|NP_249102)	31.476	359	239	2	183	535	318	675	1.39e-42	161
g2614.t1	VFG014043(gb|WP_012074000)	31.476	359	239	2	183	535	318	675	1.41e-42	161
g2614.t1	VFG043209(gb|WP_005168769)	31.407	398	234	7	113	505	124	487	8.75e-42	157
g2614.t1	VFG015638(gb|WP_012274549)	30.899	356	239	2	186	535	325	679	1.57e-41	158
g2614.t1	VFG014053(gb|WP_011920658)	32.484	314	211	1	222	535	363	675	1.67e-41	158
g2614.t1	VFG014054(gb|WP_011914956)	32.484	314	211	1	222	535	363	675	1.88e-41	158
g2614.t1	VFG014049(gb|WP_012053913)	30.899	356	239	2	186	535	325	679	2.01e-41	158
g2614.t1	VFG014048(gb|WP_010955558)	30.899	356	239	2	186	535	325	679	2.32e-41	158
g2614.t1	VFG014047(gb|WP_011167501)	30.682	352	237	2	190	535	323	673	1.02e-39	153
g2614.t1	VFG042944(gb|WP_004572848)	32.424	330	218	2	206	535	354	678	1.42e-39	152
g2614.t1	VFG014051(gb|WP_011063998)	30.056	356	242	2	186	535	321	675	2.02e-39	152
g2614.t1	VFG019769(gb|WP_015886334)	29.830	352	240	2	190	535	325	675	1.02e-38	150
g2614.t1	VFG014052(gb|WP_011336363)	29.775	356	243	2	186	535	321	675	1.15e-38	150
g2614.t1	VFG014046(gb|WP_011266434)	30.899	356	239	2	186	535	319	673	1.56e-38	149
g2614.t1	VFG014045(gb|WP_005621029)	30.682	352	237	2	190	535	323	673	2.54e-38	149
g2614.t1	VFG042927(gb|WP_012031398)	28.443	334	234	2	202	535	104	432	3.11e-35	137
g2614.t1	VFG025876(gb|WP_011546712)	32.459	305	177	4	202	505	210	486	1.53e-33	135
g2614.t1	VFG025879(gb|WP_012327703)	32.459	305	177	4	202	505	210	486	1.60e-33	134
g2614.t1	VFG025878(gb|WP_012492267)	32.215	298	174	3	208	505	217	486	1.43e-32	132
g2614.t1	VFG025888(gb|WP_011402606)	31.949	313	182	5	194	505	204	486	1.87e-31	128
g2614.t1	VFG025881(gb|WP_004202799)	31.195	343	205	5	194	535	204	516	2.41e-31	128
g2614.t1	VFG025880(gb|WP_004199264)	31.195	343	205	5	194	535	204	516	2.50e-31	128
g2614.t1	VFG025885(gb|WP_004525699)	31.195	343	205	5	194	535	204	516	2.57e-31	128
g2614.t1	VFG025884(gb|WP_004535496)	31.949	313	182	5	194	505	204	486	2.67e-31	128
g2614.t1	VFG002529(gb|WP_011205290)	31.195	343	205	5	194	535	204	516	2.69e-31	128
g2614.t1	VFG025886(gb|WP_011852321)	31.195	343	205	5	194	535	204	516	3.13e-31	128
g2614.t1	VFG000104(gb|WP_000672505)	26.708	322	233	2	172	491	262	582	2.85e-28	119
g2614.t1	VFG006892(gb|WP_000672503)	26.708	322	233	2	172	491	262	582	4.10e-28	118
g2614.t1	VFG000088(gb|WP_000591844)	27.990	393	258	9	152	535	240	616	1.64e-27	116
g2614.t1	VFG006884(gb|WP_000591846)	27.990	393	258	9	152	535	240	616	2.91e-27	115
g2614.t1	VFG043367(gb|WP_000971620)	32.542	295	174	10	142	425	175	455	6.68e-24	105
g2614.t1	VFG043378(gb|WP_000467802)	48.361	122	50	3	331	451	163	272	3.41e-21	96.3
g2614.t1	VFG043365(gb|WP_000843374)	27.964	329	181	9	168	483	381	666	1.89e-20	95.1
g2614.t1	VFG043366(gb|WP_000033553)	35.841	226	119	7	271	495	470	670	2.10e-20	94.7
g2614.t1	VFG042257(gb|ABB77417)	31.980	197	109	2	309	505	3	174	7.19e-19	85.5
g2693.t1	VFG006892(gb|WP_000672503)	30.228	483	304	11	93	560	162	626	1.43e-53	192
g2693.t1	VFG000104(gb|WP_000672505)	30.228	483	304	11	93	560	162	626	8.88e-53	189
g2693.t1	VFG000088(gb|WP_000591844)	32.888	374	233	7	193	560	255	616	3.06e-38	149
g2693.t1	VFG006884(gb|WP_000591846)	32.620	374	234	7	193	560	255	616	8.51e-38	147
g2693.t1	VFG050679(gb|WP_000505928.1)	32.448	339	208	5	229	560	366	690	4.96e-36	142
g2693.t1	VFG050674(gb|WP_000505932.1)	32.448	339	208	5	229	560	366	690	5.15e-36	142
g2693.t1	VFG050670(gb|WP_000505931.1)	32.448	339	208	5	229	560	366	690	5.24e-36	142
g2693.t1	VFG050680(gb|YP_005800157.1)	32.448	339	208	5	229	560	378	702	7.49e-36	142
g2693.t1	VFG050671(gb|YP_001085820.1)	32.448	339	208	5	229	560	299	623	1.05e-35	141
g2693.t1	VFG043367(gb|WP_000971620)	27.866	506	323	11	51	540	56	535	1.18e-34	137
g2693.t1	VFG014051(gb|WP_011063998)	32.229	332	218	3	229	560	351	675	1.46e-34	138
g2693.t1	VFG014052(gb|WP_011336363)	31.928	332	219	3	229	560	351	675	1.08e-33	135
g2693.t1	VFG019769(gb|WP_015886334)	31.492	362	234	5	212	560	315	675	1.44e-33	135
g2693.t1	VFG014053(gb|WP_011920658)	29.380	371	247	4	202	560	308	675	9.79e-31	127
g2693.t1	VFG042944(gb|WP_004572848)	32.836	335	210	5	230	560	355	678	3.09e-30	125
g2693.t1	VFG043040(gb|NP_460876)	31.529	314	178	6	225	538	210	486	4.50e-30	124
g2693.t1	VFG014043(gb|WP_012074000)	30.312	320	221	2	242	560	357	675	1.47e-29	123
g2693.t1	VFG001228(gb|NP_249102)	31.290	310	206	4	242	549	357	661	1.53e-29	123
g2693.t1	VFG014044(gb|WP_003084592)	30.312	320	221	2	242	560	357	675	1.54e-29	123
g2693.t1	VFG014054(gb|WP_011914956)	30.514	331	223	3	230	560	352	675	8.79e-29	120
g2693.t1	VFG014050(gb|WP_086009465)	29.365	378	235	6	202	560	303	667	2.66e-28	119
g2693.t1	VFG043209(gb|WP_005168769)	27.979	386	200	9	167	538	167	488	4.04e-28	118
g2693.t1	VFG014047(gb|WP_011167501)	28.726	369	248	4	202	558	306	671	4.42e-28	119
g2693.t1	VFG014045(gb|WP_005621029)	30.211	331	224	3	230	560	350	673	7.39e-28	118
g2693.t1	VFG015639(gb|WP_012312417)	28.836	378	237	6	202	560	315	679	1.66e-27	117
g2693.t1	VFG014046(gb|WP_011266434)	30.606	330	222	3	229	558	349	671	2.37e-27	116
g2693.t1	VFG043092(gb|WP_010904770)	31.366	322	156	8	231	538	216	486	7.03e-27	114
g2693.t1	VFG014048(gb|WP_010955558)	28.533	375	242	6	202	560	315	679	2.60e-26	113
g2693.t1	VFG043365(gb|WP_000843374)	27.830	424	220	14	124	479	229	634	4.06e-26	112
g2693.t1	VFG015638(gb|WP_012274549)	29.201	363	230	5	217	560	325	679	4.88e-26	112
g2693.t1	VFG014049(gb|WP_012053913)	29.201	363	230	5	217	560	325	679	5.53e-26	112
g2693.t1	VFG042927(gb|WP_012031398)	27.164	335	231	5	229	560	108	432	6.50e-26	110
g2693.t1	VFG025878(gb|WP_012492267)	30.124	322	165	7	217	523	203	479	1.02e-24	108
g2693.t1	VFG025876(gb|WP_011546712)	28.972	321	170	6	217	523	203	479	1.44e-24	108
g2693.t1	VFG025879(gb|WP_012327703)	28.972	321	170	6	217	523	203	479	2.32e-24	107
g2693.t1	VFG043378(gb|WP_000467802)	52.475	101	48	0	358	458	158	258	7.80e-23	101
g2693.t1	VFG043366(gb|WP_000033553)	33.796	216	119	5	308	523	475	666	2.59e-21	97.8
g2693.t1	VFG025884(gb|WP_004535496)	28.086	324	165	8	220	523	204	479	4.90e-20	94.0
g2693.t1	VFG025881(gb|WP_004202799)	28.086	324	165	8	220	523	204	479	5.03e-20	94.0
g2693.t1	VFG025880(gb|WP_004199264)	28.086	324	165	8	220	523	204	479	5.35e-20	94.0
g2693.t1	VFG025885(gb|WP_004525699)	28.086	324	165	8	220	523	204	479	5.50e-20	94.0
g2693.t1	VFG002529(gb|WP_011205290)	28.086	324	165	8	220	523	204	479	5.80e-20	93.6
g2693.t1	VFG025888(gb|WP_011402606)	28.395	324	164	8	220	523	204	479	7.02e-20	93.6
g2693.t1	VFG025886(gb|WP_011852321)	28.086	324	165	8	220	523	204	479	7.26e-20	93.6
g2693.t1	VFG042257(gb|ABB77417)	34.066	182	95	5	379	560	37	193	2.05e-13	69.7
g2695.t1	VFG000104(gb|WP_000672505)	29.524	525	339	11	191	712	128	624	7.66e-62	218
g2695.t1	VFG006892(gb|WP_000672503)	29.143	525	341	11	191	712	128	624	2.40e-60	214
g2695.t1	VFG006884(gb|WP_000591846)	26.095	525	352	10	192	713	124	615	3.77e-38	150
g2695.t1	VFG000088(gb|WP_000591844)	26.095	525	352	10	192	713	124	615	4.85e-38	150
g2695.t1	VFG043209(gb|WP_005168769)	34.277	318	177	8	371	686	202	489	5.48e-33	134
g2695.t1	VFG043040(gb|NP_460876)	34.754	305	168	6	379	682	209	483	1.25e-32	133
g2695.t1	VFG050680(gb|YP_005800157.1)	28.346	381	245	9	351	710	322	695	1.48e-31	131
g2695.t1	VFG050670(gb|WP_000505931.1)	28.346	381	245	9	351	710	310	683	1.67e-31	130
g2695.t1	VFG050674(gb|WP_000505932.1)	29.503	322	220	5	391	710	367	683	1.91e-31	130
g2695.t1	VFG050679(gb|WP_000505928.1)	28.346	381	245	9	351	710	310	683	3.15e-31	130
g2695.t1	VFG042944(gb|WP_004572848)	30.351	313	213	3	391	702	355	663	4.94e-31	129
g2695.t1	VFG050671(gb|YP_001085820.1)	29.503	322	220	5	391	710	300	616	4.96e-31	129
g2695.t1	VFG014051(gb|WP_011063998)	29.139	302	213	1	403	704	365	665	3.88e-30	126
g2695.t1	VFG014053(gb|WP_011920658)	27.978	361	250	4	361	712	314	673	6.86e-30	125
g2695.t1	VFG014047(gb|WP_011167501)	27.441	379	259	4	341	704	286	663	3.16e-29	123
g2695.t1	VFG014052(gb|WP_011336363)	28.383	303	216	1	402	704	364	665	8.14e-29	122
g2695.t1	VFG014054(gb|WP_011914956)	28.939	311	220	1	402	712	364	673	1.16e-28	122
g2695.t1	VFG014044(gb|WP_003084592)	27.778	324	232	2	391	713	352	674	2.11e-28	121
g2695.t1	VFG014045(gb|WP_005621029)	30.435	276	191	1	402	677	362	636	2.11e-28	121
g2695.t1	VFG001228(gb|NP_249102)	27.778	324	232	2	391	713	352	674	2.21e-28	121
g2695.t1	VFG014043(gb|WP_012074000)	27.778	324	232	2	391	713	352	674	2.43e-28	120
g2695.t1	VFG042927(gb|WP_012031398)	26.994	326	235	2	388	713	109	431	2.55e-28	118
g2695.t1	VFG019769(gb|WP_015886334)	28.383	303	216	1	402	704	364	665	4.26e-28	120
g2695.t1	VFG043092(gb|WP_010904770)	32.333	300	173	5	383	682	214	483	6.85e-28	118
g2695.t1	VFG014046(gb|WP_011266434)	30.072	276	192	1	402	677	362	636	1.66e-27	118
g2695.t1	VFG014050(gb|WP_086009465)	30.128	312	197	4	402	703	356	656	4.12e-27	117
g2695.t1	VFG043366(gb|WP_000033553)	36.702	188	105	3	485	672	488	661	9.07e-27	115
g2695.t1	VFG015638(gb|WP_012274549)	30.128	312	197	4	402	703	368	668	2.33e-26	114
g2695.t1	VFG014049(gb|WP_012053913)	30.128	312	197	4	402	703	368	668	2.33e-26	114
g2695.t1	VFG014048(gb|WP_010955558)	30.128	312	197	4	402	703	368	668	2.54e-26	114
g2695.t1	VFG043378(gb|WP_000467802)	47.154	123	65	0	497	619	143	265	3.19e-26	112
g2695.t1	VFG015639(gb|WP_012312417)	29.167	312	200	4	402	703	368	668	2.96e-25	111
g2695.t1	VFG043367(gb|WP_000971620)	30.952	252	157	4	363	604	211	455	1.62e-24	108
g2695.t1	VFG043365(gb|WP_000843374)	42.466	146	80	1	513	658	514	655	4.93e-24	107
g2695.t1	VFG025888(gb|WP_011402606)	31.802	283	157	6	404	682	234	484	3.30e-23	104
g2695.t1	VFG025884(gb|WP_004535496)	31.597	288	151	7	404	682	234	484	1.11e-22	103
g2695.t1	VFG025881(gb|WP_004202799)	31.597	288	151	7	404	682	234	484	1.11e-22	103
g2695.t1	VFG025876(gb|WP_011546712)	30.945	307	164	8	385	682	217	484	1.23e-22	102
g2695.t1	VFG025880(gb|WP_004199264)	31.597	288	151	7	404	682	234	484	1.37e-22	102
g2695.t1	VFG025886(gb|WP_011852321)	31.597	288	151	7	404	682	234	484	1.47e-22	102
g2695.t1	VFG025885(gb|WP_004525699)	31.597	288	151	7	404	682	234	484	1.67e-22	102
g2695.t1	VFG002529(gb|WP_011205290)	31.597	288	151	7	404	682	234	484	1.84e-22	102
g2695.t1	VFG025879(gb|WP_012327703)	30.945	307	164	8	385	682	217	484	2.09e-22	102
g2695.t1	VFG025878(gb|WP_012492267)	30.189	318	173	9	375	682	206	484	5.40e-22	100
g2695.t1	VFG042257(gb|ABB77417)	33.684	190	87	5	487	658	8	176	1.01e-12	67.8
g2847.t1	VFG006892(gb|WP_000672503)	33.731	335	214	4	161	490	254	585	1.30e-44	166
g2847.t1	VFG000104(gb|WP_000672505)	33.731	335	214	4	161	490	254	585	1.55e-44	166
g2847.t1	VFG000088(gb|WP_000591844)	29.825	399	261	7	141	530	227	615	1.16e-35	140
g2847.t1	VFG006884(gb|WP_000591846)	29.574	399	262	7	141	530	227	615	2.27e-35	140
g2847.t1	VFG043209(gb|WP_005168769)	31.515	330	183	8	178	500	193	486	1.06e-29	122
g2847.t1	VFG050674(gb|WP_000505932.1)	27.842	431	275	8	101	505	244	664	8.27e-29	120
g2847.t1	VFG050670(gb|WP_000505931.1)	27.842	431	275	8	101	505	244	664	1.67e-28	119
g2847.t1	VFG050680(gb|YP_005800157.1)	28.506	435	267	11	101	505	256	676	1.75e-28	119
g2847.t1	VFG050679(gb|WP_000505928.1)	28.506	435	267	11	101	505	244	664	3.23e-28	119
g2847.t1	VFG050671(gb|YP_001085820.1)	27.842	431	275	8	101	505	177	597	4.08e-28	118
g2847.t1	VFG014053(gb|WP_011920658)	33.036	224	150	0	284	507	428	651	5.24e-28	118
g2847.t1	VFG014047(gb|WP_011167501)	34.649	228	147	1	282	507	422	649	5.77e-28	118
g2847.t1	VFG014043(gb|WP_012074000)	33.036	224	150	0	284	507	428	651	6.65e-28	118
g2847.t1	VFG014044(gb|WP_003084592)	33.036	224	150	0	284	507	428	651	7.15e-28	117
g2847.t1	VFG014051(gb|WP_011063998)	30.859	256	177	0	252	507	396	651	2.03e-27	116
g2847.t1	VFG014045(gb|WP_005621029)	34.742	213	137	1	282	492	422	634	2.82e-27	116
g2847.t1	VFG014054(gb|WP_011914956)	30.469	256	178	0	252	507	396	651	6.76e-27	115
g2847.t1	VFG014046(gb|WP_011266434)	34.272	213	138	1	282	492	422	634	1.39e-26	114
g2847.t1	VFG025888(gb|WP_011402606)	31.746	315	177	7	191	500	204	485	3.60e-26	112
g2847.t1	VFG043040(gb|NP_460876)	32.180	289	151	7	200	482	217	466	4.45e-26	111
g2847.t1	VFG025880(gb|WP_004199264)	32.381	315	175	7	191	500	204	485	4.46e-26	112
g2847.t1	VFG025881(gb|WP_004202799)	32.381	315	175	7	191	500	204	485	4.58e-26	112
g2847.t1	VFG025886(gb|WP_011852321)	31.847	314	178	6	191	500	204	485	4.60e-26	112
g2847.t1	VFG025885(gb|WP_004525699)	32.381	315	175	7	191	500	204	485	4.88e-26	112
g2847.t1	VFG025884(gb|WP_004535496)	32.381	315	175	7	191	500	204	485	5.01e-26	112
g2847.t1	VFG002529(gb|WP_011205290)	32.381	315	175	7	191	500	204	485	5.15e-26	112
g2847.t1	VFG019769(gb|WP_015886334)	32.143	224	152	0	284	507	428	651	7.55e-26	111
g2847.t1	VFG014048(gb|WP_010955558)	31.538	260	170	3	252	507	400	655	7.81e-26	111
g2847.t1	VFG014052(gb|WP_011336363)	31.696	224	153	0	284	507	428	651	8.02e-26	111
g2847.t1	VFG014050(gb|WP_086009465)	31.923	260	169	3	252	507	388	643	8.25e-26	111
g2847.t1	VFG015639(gb|WP_012312417)	31.538	260	170	3	252	507	400	655	9.61e-26	111
g2847.t1	VFG014049(gb|WP_012053913)	31.538	260	170	3	252	507	400	655	1.01e-25	111
g2847.t1	VFG015638(gb|WP_012274549)	31.538	260	170	3	252	507	400	655	1.20e-25	111
g2847.t1	VFG001228(gb|NP_249102)	24.018	433	293	6	101	507	229	651	3.30e-25	109
g2847.t1	VFG042944(gb|WP_004572848)	29.588	267	184	1	238	504	389	651	6.69e-25	108
g2847.t1	VFG042927(gb|WP_012031398)	29.091	220	156	0	284	503	185	404	1.85e-24	105
g2847.t1	VFG043092(gb|WP_010904770)	30.717	293	158	7	196	482	213	466	8.32e-24	105
g2847.t1	VFG025876(gb|WP_011546712)	31.475	305	166	6	207	500	213	485	1.04e-23	105
g2847.t1	VFG043378(gb|WP_000467802)	38.636	176	82	4	310	467	147	314	1.31e-23	103
g2847.t1	VFG025879(gb|WP_012327703)	31.475	305	166	6	207	500	213	485	1.32e-23	104
g2847.t1	VFG025878(gb|WP_012492267)	31.126	302	171	6	207	500	213	485	1.86e-23	104
g2847.t1	VFG043367(gb|WP_000971620)	29.921	254	156	5	178	421	214	455	4.60e-20	93.6
g2847.t1	VFG043366(gb|WP_000033553)	40.310	129	63	1	361	489	547	661	3.22e-18	88.2
g2847.t1	VFG043365(gb|WP_000843374)	38.710	186	76	7	319	473	486	664	3.26e-18	87.8
g2847.t1	VFG042257(gb|ABB77417)	32.979	188	105	4	313	500	7	173	3.15e-15	74.7
g2925.t1	VFG000104(gb|WP_000672505)	32.958	355	223	4	116	455	237	591	2.79e-47	172
g2925.t1	VFG006892(gb|WP_000672503)	32.676	355	224	4	116	455	237	591	6.91e-47	172
g2925.t1	VFG050674(gb|WP_000505932.1)	31.541	279	182	2	220	490	413	690	5.04e-32	129
g2925.t1	VFG050670(gb|WP_000505931.1)	31.541	279	182	2	220	490	413	690	5.53e-32	129
g2925.t1	VFG050680(gb|YP_005800157.1)	31.541	279	182	2	220	490	425	702	6.00e-32	129
g2925.t1	VFG050671(gb|YP_001085820.1)	31.541	279	182	2	220	490	346	623	1.04e-31	128
g2925.t1	VFG043040(gb|NP_460876)	33.234	334	191	8	161	490	210	515	1.32e-31	127
g2925.t1	VFG050679(gb|WP_000505928.1)	31.541	279	182	2	220	490	413	690	1.41e-31	128
g2925.t1	VFG000088(gb|WP_000591844)	29.245	318	211	4	180	490	306	616	1.60e-30	125
g2925.t1	VFG006884(gb|WP_000591846)	29.245	318	211	4	180	490	306	616	1.85e-30	124
g2925.t1	VFG014051(gb|WP_011063998)	30.547	311	215	1	180	490	366	675	1.95e-30	125
g2925.t1	VFG043209(gb|WP_005168769)	31.420	331	191	8	134	458	185	485	4.82e-30	123
g2925.t1	VFG015639(gb|WP_012312417)	29.582	311	218	1	180	490	370	679	1.68e-29	122
g2925.t1	VFG014050(gb|WP_086009465)	29.582	311	218	1	180	490	358	667	1.84e-29	122
g2925.t1	VFG014048(gb|WP_010955558)	29.260	311	219	1	180	490	370	679	2.50e-29	121
g2925.t1	VFG014049(gb|WP_012053913)	29.260	311	219	1	180	490	370	679	2.95e-29	121
g2925.t1	VFG015638(gb|WP_012274549)	29.260	311	219	1	180	490	370	679	3.23e-29	121
g2925.t1	VFG019769(gb|WP_015886334)	30.968	310	206	3	180	489	366	667	4.04e-29	121
g2925.t1	VFG042944(gb|WP_004572848)	29.582	311	218	1	180	490	369	678	4.08e-29	121
g2925.t1	VFG014052(gb|WP_011336363)	29.904	311	217	1	180	490	366	675	4.15e-29	121
g2925.t1	VFG014054(gb|WP_011914956)	29.582	311	218	1	180	490	366	675	5.51e-29	120
g2925.t1	VFG014053(gb|WP_011920658)	29.260	311	219	1	180	490	366	675	7.32e-29	120
g2925.t1	VFG014047(gb|WP_011167501)	33.613	238	152	2	251	485	434	668	1.98e-28	119
g2925.t1	VFG001228(gb|NP_249102)	32.353	238	161	0	253	490	438	675	3.55e-28	118
g2925.t1	VFG014044(gb|WP_003084592)	32.353	238	161	0	253	490	438	675	4.07e-28	118
g2925.t1	VFG014043(gb|WP_012074000)	32.353	238	161	0	253	490	438	675	4.51e-28	117
g2925.t1	VFG042927(gb|WP_012031398)	28.221	326	205	7	179	490	122	432	8.39e-28	115
g2925.t1	VFG043092(gb|WP_010904770)	32.335	334	194	8	159	490	212	515	2.26e-27	115
g2925.t1	VFG014045(gb|WP_005621029)	33.333	243	156	2	251	490	434	673	3.33e-27	115
g2925.t1	VFG014046(gb|WP_011266434)	37.245	196	117	2	251	443	434	626	3.85e-27	115
g2925.t1	VFG025876(gb|WP_011546712)	30.872	298	174	4	157	450	207	476	3.76e-26	112
g2925.t1	VFG025879(gb|WP_012327703)	30.872	298	174	4	157	450	207	476	4.33e-26	112
g2925.t1	VFG025878(gb|WP_012492267)	31.208	298	173	4	157	450	207	476	2.33e-25	109
g2925.t1	VFG025888(gb|WP_011402606)	30.592	304	179	4	159	458	209	484	9.66e-24	104
g2925.t1	VFG025886(gb|WP_011852321)	30.592	304	179	4	159	458	209	484	1.08e-23	104
g2925.t1	VFG025880(gb|WP_004199264)	30.263	304	180	4	159	458	209	484	2.26e-23	103
g2925.t1	VFG025885(gb|WP_004525699)	30.263	304	180	4	159	458	209	484	2.35e-23	103
g2925.t1	VFG025881(gb|WP_004202799)	30.263	304	180	4	159	458	209	484	2.52e-23	103
g2925.t1	VFG025884(gb|WP_004535496)	30.263	304	180	4	159	458	209	484	2.81e-23	103
g2925.t1	VFG002529(gb|WP_011205290)	30.263	304	180	4	159	458	209	484	2.81e-23	103
g2925.t1	VFG043366(gb|WP_000033553)	29.210	291	165	6	178	451	401	667	1.22e-21	98.2
g2925.t1	VFG043378(gb|WP_000467802)	42.069	145	77	3	277	420	149	287	1.87e-21	96.7
g2925.t1	VFG043367(gb|WP_000971620)	32.547	212	126	4	181	383	255	458	5.58e-21	95.9
g2925.t1	VFG043365(gb|WP_000843374)	28.477	302	141	9	142	376	308	601	4.16e-18	87.4
g2925.t1	VFG042257(gb|ABB77417)	52.055	73	35	0	308	380	36	108	5.62e-15	73.9
g2978.t1	VFG006892(gb|WP_000672503)	32.248	307	208	0	204	510	285	591	1.51e-43	164
g2978.t1	VFG000104(gb|WP_000672505)	32.248	307	208	0	204	510	285	591	1.65e-43	163
g2978.t1	VFG000088(gb|WP_000591844)	30.508	354	242	4	194	545	265	616	4.35e-37	145
g2978.t1	VFG006884(gb|WP_000591846)	30.226	354	243	4	194	545	265	616	5.57e-37	144
g2978.t1	VFG043209(gb|WP_005168769)	34.043	329	177	10	195	516	193	488	7.90e-36	140
g2978.t1	VFG043040(gb|NP_460876)	33.779	299	166	6	219	516	219	486	4.17e-34	135
g2978.t1	VFG042944(gb|WP_004572848)	29.730	370	234	7	198	545	313	678	4.37e-34	136
g2978.t1	VFG050679(gb|WP_000505928.1)	31.818	330	211	7	223	545	368	690	9.15e-33	132
g2978.t1	VFG050670(gb|WP_000505931.1)	31.818	330	211	7	223	545	368	690	1.20e-32	132
g2978.t1	VFG050674(gb|WP_000505932.1)	31.818	330	211	7	223	545	368	690	1.24e-32	132
g2978.t1	VFG019769(gb|WP_015886334)	29.167	408	231	11	171	543	289	673	1.26e-32	132
g2978.t1	VFG050680(gb|YP_005800157.1)	31.818	330	211	7	223	545	380	702	1.51e-32	132
g2978.t1	VFG014049(gb|WP_012053913)	30.370	405	230	11	171	543	293	677	1.91e-32	132
g2978.t1	VFG015638(gb|WP_012274549)	30.370	405	230	11	171	543	293	677	2.00e-32	132
g2978.t1	VFG050671(gb|YP_001085820.1)	31.818	330	211	7	223	545	301	623	2.02e-32	131
g2978.t1	VFG014050(gb|WP_086009465)	30.585	376	211	10	200	543	308	665	3.05e-32	131
g2978.t1	VFG043092(gb|WP_010904770)	33.443	305	167	7	215	516	215	486	5.92e-32	129
g2978.t1	VFG014048(gb|WP_010955558)	31.751	337	201	8	220	543	357	677	7.45e-32	130
g2978.t1	VFG015639(gb|WP_012312417)	30.617	405	229	12	171	543	293	677	1.32e-31	129
g2978.t1	VFG014047(gb|WP_011167501)	29.381	388	228	10	186	543	300	671	2.00e-31	129
g2978.t1	VFG014051(gb|WP_011063998)	30.564	337	205	8	220	543	353	673	2.05e-31	129
g2978.t1	VFG042927(gb|WP_012031398)	28.916	332	217	8	222	545	112	432	4.48e-31	125
g2978.t1	VFG014052(gb|WP_011336363)	30.357	336	207	7	220	543	353	673	1.58e-30	126
g2978.t1	VFG025876(gb|WP_011546712)	31.210	314	184	6	202	514	203	485	1.17e-29	123
g2978.t1	VFG014045(gb|WP_005621029)	30.026	383	232	11	186	543	300	671	1.24e-29	123
g2978.t1	VFG025879(gb|WP_012327703)	31.210	314	184	6	202	514	203	485	1.54e-29	123
g2978.t1	VFG025884(gb|WP_004535496)	31.105	344	207	5	202	545	203	516	1.74e-29	122
g2978.t1	VFG002529(gb|WP_011205290)	30.814	344	208	5	202	545	203	516	2.30e-29	122
g2978.t1	VFG025885(gb|WP_004525699)	30.814	344	208	5	202	545	203	516	2.37e-29	122
g2978.t1	VFG025880(gb|WP_004199264)	30.814	344	208	5	202	545	203	516	2.52e-29	122
g2978.t1	VFG025881(gb|WP_004202799)	30.814	344	208	5	202	545	203	516	2.84e-29	122
g2978.t1	VFG025886(gb|WP_011852321)	30.814	344	208	5	202	545	203	516	3.01e-29	122
g2978.t1	VFG025888(gb|WP_011402606)	31.105	344	207	5	202	545	203	516	3.39e-29	122
g2978.t1	VFG014046(gb|WP_011266434)	30.636	346	201	9	186	501	300	636	5.53e-29	121
g2978.t1	VFG043367(gb|WP_000971620)	28.488	344	210	8	102	435	138	455	6.07e-29	120
g2978.t1	VFG025878(gb|WP_012492267)	31.210	314	184	6	202	514	203	485	9.67e-29	120
g2978.t1	VFG014053(gb|WP_011920658)	30.357	336	204	8	223	543	353	673	5.32e-28	118
g2978.t1	VFG001228(gb|NP_249102)	29.351	385	210	11	199	545	315	675	9.10e-28	117
g2978.t1	VFG014044(gb|WP_003084592)	30.259	347	194	10	223	545	353	675	9.26e-28	117
g2978.t1	VFG014043(gb|WP_012074000)	30.259	347	194	10	223	545	353	675	1.31e-27	117
g2978.t1	VFG014054(gb|WP_011914956)	28.994	338	206	8	223	543	353	673	1.26e-26	114
g2978.t1	VFG043378(gb|WP_000467802)	48.182	110	57	0	330	439	145	254	1.43e-21	97.4
g2978.t1	VFG043366(gb|WP_000033553)	45.517	145	53	4	347	469	522	662	4.36e-21	97.1
g2978.t1	VFG043365(gb|WP_000843374)	50.943	106	48	2	333	438	507	608	6.30e-20	93.6
g2978.t1	VFG042257(gb|ABB77417)	32.620	187	108	2	330	516	7	175	1.09e-15	76.3
g3780.t1	VFG014048(gb|WP_010955558)	31.118	331	213	4	217	540	355	677	3.22e-31	128
g3780.t1	VFG015638(gb|WP_012274549)	30.816	331	214	4	217	540	355	677	9.33e-31	126
g3780.t1	VFG014049(gb|WP_012053913)	30.631	333	216	4	217	542	355	679	1.10e-30	126
g3780.t1	VFG015639(gb|WP_012312417)	31.044	364	222	7	198	540	322	677	3.01e-30	125
g3780.t1	VFG014047(gb|WP_011167501)	31.003	329	212	3	219	540	351	671	3.78e-30	125
g3780.t1	VFG014050(gb|WP_086009465)	29.945	364	226	6	198	540	310	665	5.20e-30	124
g3780.t1	VFG014054(gb|WP_011914956)	31.307	329	208	4	222	540	353	673	1.64e-29	123
g3780.t1	VFG014046(gb|WP_011266434)	33.437	323	212	3	219	540	351	671	7.26e-29	121
g3780.t1	VFG050670(gb|WP_000505931.1)	31.818	330	209	5	222	542	368	690	7.49e-29	121
g3780.t1	VFG050671(gb|YP_001085820.1)	31.818	330	209	5	222	542	301	623	7.54e-29	120
g3780.t1	VFG050674(gb|WP_000505932.1)	31.818	330	209	5	222	542	368	690	7.56e-29	120
g3780.t1	VFG050680(gb|YP_005800157.1)	31.818	330	209	5	222	542	380	702	7.79e-29	120
g3780.t1	VFG014053(gb|WP_011920658)	27.805	410	259	7	161	542	275	675	1.01e-28	120
g3780.t1	VFG014045(gb|WP_005621029)	31.173	324	222	1	219	542	351	673	1.17e-28	120
g3780.t1	VFG014051(gb|WP_011063998)	30.514	331	215	3	219	542	353	675	1.44e-28	120
g3780.t1	VFG014052(gb|WP_011336363)	29.607	331	218	3	219	542	353	675	7.87e-28	117
g3780.t1	VFG014043(gb|WP_012074000)	31.420	331	209	4	222	542	353	675	7.94e-28	117
g3780.t1	VFG001228(gb|NP_249102)	31.420	331	209	4	222	542	353	675	7.94e-28	117
g3780.t1	VFG014044(gb|WP_003084592)	31.420	331	209	4	222	542	353	675	8.93e-28	117
g3780.t1	VFG050679(gb|WP_000505928.1)	31.515	330	210	5	222	542	368	690	1.02e-27	117
g3780.t1	VFG019769(gb|WP_015886334)	29.607	331	218	3	219	542	353	675	1.29e-26	114
g3780.t1	VFG043209(gb|WP_005168769)	29.487	312	181	5	191	477	193	490	1.33e-25	110
g3780.t1	VFG025876(gb|WP_011546712)	28.713	303	188	2	209	511	211	485	1.33e-25	110
g3780.t1	VFG006892(gb|WP_000672503)	27.838	370	236	8	170	511	239	605	1.38e-25	110
g3780.t1	VFG000104(gb|WP_000672505)	27.838	370	236	8	170	511	239	605	1.48e-25	110
g3780.t1	VFG025879(gb|WP_012327703)	28.713	303	188	2	209	511	211	485	2.52e-25	110
g3780.t1	VFG042927(gb|WP_012031398)	28.440	327	227	3	219	542	110	432	1.25e-24	106
g3780.t1	VFG025878(gb|WP_012492267)	28.383	303	189	2	209	511	211	485	1.96e-24	107
g3780.t1	VFG042944(gb|WP_004572848)	28.834	326	231	1	217	542	354	678	1.33e-22	101
g3780.t1	VFG043040(gb|NP_460876)	29.333	300	160	7	209	477	210	488	1.25e-21	98.2
g3780.t1	VFG025886(gb|WP_011852321)	27.063	303	193	2	209	511	211	485	6.45e-21	96.7
g3780.t1	VFG002529(gb|WP_011205290)	27.063	303	193	2	209	511	211	485	7.53e-21	96.3
g3780.t1	VFG025880(gb|WP_004199264)	27.063	303	193	2	209	511	211	485	7.66e-21	96.3
g3780.t1	VFG025885(gb|WP_004525699)	27.063	303	193	2	209	511	211	485	7.87e-21	96.3
g3780.t1	VFG025884(gb|WP_004535496)	27.063	303	193	2	209	511	211	485	7.87e-21	96.3
g3780.t1	VFG025881(gb|WP_004202799)	27.063	303	193	2	209	511	211	485	7.94e-21	96.3
g3780.t1	VFG025888(gb|WP_011402606)	27.063	303	193	2	209	511	211	485	9.71e-21	95.9
g3780.t1	VFG043092(gb|WP_010904770)	30.189	265	157	5	213	470	214	457	1.14e-20	95.5
g3780.t1	VFG043367(gb|WP_000971620)	26.061	330	218	9	183	498	201	518	4.72e-19	90.5
g3780.t1	VFG043378(gb|WP_000467802)	56.944	72	31	0	365	436	183	254	5.68e-17	83.2
g3780.t1	VFG042257(gb|ABB77417)	31.792	173	104	2	344	516	20	178	1.65e-16	78.6
g3780.t1	VFG000088(gb|WP_000591844)	32.751	229	112	9	212	436	320	510	8.49e-16	80.5
g3780.t1	VFG006884(gb|WP_000591846)	32.751	229	112	9	212	436	320	510	9.51e-16	80.1
g3780.t1	VFG043366(gb|WP_000033553)	25.296	253	176	4	217	464	388	632	1.03e-15	80.1
g3780.t1	VFG043365(gb|WP_000843374)	62.712	59	22	0	371	429	544	602	2.61e-13	72.4
g4372.t1	VFG043378(gb|WP_000467802)	44.203	138	77	0	129	266	142	279	2.65e-25	108
g4372.t1	VFG000104(gb|WP_000672505)	37.857	140	87	0	105	244	384	523	2.51e-23	103
g4372.t1	VFG006892(gb|WP_000672503)	37.857	140	87	0	105	244	384	523	2.58e-23	103
g4372.t1	VFG050680(gb|YP_005800157.1)	30.400	250	165	3	104	347	456	702	7.00e-23	102
g4372.t1	VFG050674(gb|WP_000505932.1)	30.400	250	165	3	104	347	444	690	8.50e-23	102
g4372.t1	VFG050670(gb|WP_000505931.1)	30.400	250	165	3	104	347	444	690	8.97e-23	102
g4372.t1	VFG050679(gb|WP_000505928.1)	30.400	250	165	3	104	347	444	690	1.12e-22	102
g4372.t1	VFG050671(gb|YP_001085820.1)	30.400	250	165	3	104	347	377	623	1.63e-22	101
g4372.t1	VFG014050(gb|WP_086009465)	31.373	255	166	3	68	316	388	639	6.51e-22	99.8
g4372.t1	VFG014049(gb|WP_012053913)	30.739	257	165	3	70	316	398	651	1.22e-21	99.0
g4372.t1	VFG015638(gb|WP_012274549)	30.739	257	165	3	70	316	398	651	1.64e-21	98.6
g4372.t1	VFG014053(gb|WP_011920658)	31.939	263	157	5	49	293	363	621	1.87e-21	98.2
g4372.t1	VFG014048(gb|WP_010955558)	30.739	257	165	3	70	316	398	651	2.00e-21	98.2
g4372.t1	VFG043367(gb|WP_000971620)	30.189	265	144	9	57	320	293	517	2.95e-21	97.1
g4372.t1	VFG015639(gb|WP_012312417)	30.980	255	167	3	68	316	400	651	3.01e-21	97.4
g4372.t1	VFG014054(gb|WP_011914956)	31.559	263	158	5	49	293	363	621	5.32e-21	96.7
g4372.t1	VFG001228(gb|NP_249102)	30.705	241	155	4	104	333	429	668	1.37e-20	95.5
g4372.t1	VFG014044(gb|WP_003084592)	30.705	241	155	4	104	333	429	668	1.40e-20	95.5
g4372.t1	VFG014043(gb|WP_012074000)	30.705	241	155	4	104	333	429	668	1.40e-20	95.5
g4372.t1	VFG042927(gb|WP_012031398)	33.871	186	116	1	94	279	186	364	3.38e-20	93.2
g4372.t1	VFG043209(gb|WP_005168769)	30.897	301	163	10	4	285	192	466	1.01e-19	92.4
g4372.t1	VFG043366(gb|WP_000033553)	43.609	133	63	3	168	297	538	661	1.10e-19	92.8
g4372.t1	VFG014052(gb|WP_011336363)	32.850	207	132	2	132	331	460	666	1.25e-19	92.4
g4372.t1	VFG014051(gb|WP_011063998)	28.990	307	191	6	49	331	363	666	1.35e-19	92.4
g4372.t1	VFG014047(gb|WP_011167501)	32.367	207	133	2	132	331	458	664	1.56e-19	92.0
g4372.t1	VFG019769(gb|WP_015886334)	33.000	200	127	2	139	331	467	666	1.99e-19	92.0
g4372.t1	VFG014045(gb|WP_005621029)	36.420	162	100	1	132	290	458	619	4.39e-19	90.9
g4372.t1	VFG006884(gb|WP_000591846)	34.444	180	116	2	73	251	341	519	4.64e-19	90.5
g4372.t1	VFG000088(gb|WP_000591844)	34.444	180	116	2	73	251	341	519	4.90e-19	90.5
g4372.t1	VFG043092(gb|WP_010904770)	34.158	202	114	3	93	293	289	472	1.52e-18	88.6
g4372.t1	VFG043040(gb|NP_460876)	38.621	145	75	1	93	237	289	419	1.65e-18	88.6
g4372.t1	VFG042944(gb|WP_004572848)	33.168	202	127	3	64	261	395	592	1.69e-18	89.0
g4372.t1	VFG014046(gb|WP_011266434)	35.802	162	101	1	132	290	458	619	1.93e-18	89.0
g4372.t1	VFG025884(gb|WP_004535496)	29.932	294	168	8	21	298	204	475	5.75e-18	87.4
g4372.t1	VFG025880(gb|WP_004199264)	29.932	294	168	8	21	298	204	475	7.11e-18	87.0
g4372.t1	VFG025885(gb|WP_004525699)	29.932	294	168	8	21	298	204	475	7.23e-18	87.0
g4372.t1	VFG025881(gb|WP_004202799)	29.932	294	168	8	21	298	204	475	7.30e-18	87.0
g4372.t1	VFG002529(gb|WP_011205290)	29.932	294	168	8	21	298	204	475	7.43e-18	87.0
g4372.t1	VFG025886(gb|WP_011852321)	29.932	294	168	8	21	298	204	475	8.99e-18	86.7
g4372.t1	VFG042257(gb|ABB77417)	35.256	156	84	2	154	295	25	177	1.43e-17	81.6
g4372.t1	VFG043365(gb|WP_000843374)	47.525	101	39	1	175	275	543	629	1.70e-17	85.9
g4372.t1	VFG025888(gb|WP_011402606)	34.951	206	105	5	94	298	298	475	2.08e-17	85.5
g4372.t1	VFG025876(gb|WP_011546712)	33.953	215	93	5	60	260	278	457	4.58e-17	84.3
g4372.t1	VFG025879(gb|WP_012327703)	33.953	215	93	5	60	260	278	457	4.85e-17	84.3
g4372.t1	VFG025878(gb|WP_012492267)	33.953	215	93	5	60	260	278	457	5.60e-17	84.0
g4389.t1	VFG006892(gb|WP_000672503)	31.610	503	308	5	103	589	101	583	5.15e-70	238
g4389.t1	VFG000104(gb|WP_000672505)	31.610	503	308	5	103	589	101	583	5.83e-70	238
g4389.t1	VFG042927(gb|WP_012031398)	31.138	334	212	4	303	632	113	432	8.57e-39	148
g4389.t1	VFG014051(gb|WP_011063998)	31.034	319	217	2	314	632	360	675	3.78e-36	144
g4389.t1	VFG043209(gb|WP_005168769)	30.117	342	206	6	260	601	178	486	8.47e-36	142
g4389.t1	VFG019769(gb|WP_015886334)	30.721	319	218	2	314	632	360	675	5.19e-35	140
g4389.t1	VFG014052(gb|WP_011336363)	30.408	319	219	2	314	632	360	675	1.13e-34	139
g4389.t1	VFG050680(gb|YP_005800157.1)	30.395	329	213	4	312	632	382	702	1.71e-34	139
g4389.t1	VFG050670(gb|WP_000505931.1)	30.395	329	213	4	312	632	370	690	1.89e-34	139
g4389.t1	VFG050674(gb|WP_000505932.1)	30.395	329	213	4	312	632	370	690	2.19e-34	139
g4389.t1	VFG014054(gb|WP_011914956)	30.671	313	216	1	320	632	364	675	2.97e-34	138
g4389.t1	VFG050671(gb|YP_001085820.1)	30.395	329	213	4	312	632	303	623	3.01e-34	138
g4389.t1	VFG050679(gb|WP_000505928.1)	30.395	329	213	4	312	632	370	690	4.07e-34	138
g4389.t1	VFG014053(gb|WP_011920658)	29.814	322	224	2	312	632	355	675	6.15e-33	134
g4389.t1	VFG042944(gb|WP_004572848)	30.650	323	209	3	317	632	364	678	1.46e-32	133
g4389.t1	VFG000088(gb|WP_000591844)	26.204	519	344	12	129	632	122	616	1.51e-32	132
g4389.t1	VFG014043(gb|WP_012074000)	30.745	322	221	2	312	632	355	675	2.56e-32	132
g4389.t1	VFG014044(gb|WP_003084592)	30.745	322	221	2	312	632	355	675	2.73e-32	132
g4389.t1	VFG001228(gb|NP_249102)	30.745	322	221	2	312	632	355	675	2.86e-32	132
g4389.t1	VFG006884(gb|WP_000591846)	26.012	519	345	12	129	632	122	616	3.51e-32	131
g4389.t1	VFG014047(gb|WP_011167501)	31.230	317	207	5	321	632	363	673	4.26e-32	132
g4389.t1	VFG014045(gb|WP_005621029)	31.132	318	208	5	320	632	362	673	1.46e-31	130
g4389.t1	VFG014046(gb|WP_011266434)	31.447	318	207	5	320	632	362	673	2.56e-31	129
g4389.t1	VFG043040(gb|NP_460876)	31.437	334	191	7	303	632	216	515	1.52e-30	126
g4389.t1	VFG043366(gb|WP_000033553)	26.556	482	253	12	198	594	203	668	4.00e-30	125
g4389.t1	VFG043092(gb|WP_010904770)	28.916	332	206	4	301	632	214	515	2.81e-29	122
g4389.t1	VFG014050(gb|WP_086009465)	27.019	359	249	3	286	632	310	667	4.47e-29	122
g4389.t1	VFG015639(gb|WP_012312417)	26.741	359	250	3	286	632	322	679	6.84e-29	122
g4389.t1	VFG014049(gb|WP_012053913)	26.741	359	250	3	286	632	322	679	2.15e-28	120
g4389.t1	VFG015638(gb|WP_012274549)	26.741	359	250	3	286	632	322	679	3.48e-28	120
g4389.t1	VFG014048(gb|WP_010955558)	26.741	359	250	3	286	632	322	679	3.67e-28	119
g4389.t1	VFG025880(gb|WP_004199264)	27.273	352	213	7	286	632	203	516	6.25e-28	119
g4389.t1	VFG025881(gb|WP_004202799)	27.273	352	213	7	286	632	203	516	6.42e-28	119
g4389.t1	VFG025885(gb|WP_004525699)	27.273	352	213	7	286	632	203	516	8.31e-28	118
g4389.t1	VFG002529(gb|WP_011205290)	27.273	352	213	7	286	632	203	516	9.67e-28	118
g4389.t1	VFG025886(gb|WP_011852321)	27.273	352	213	7	286	632	203	516	9.79e-28	118
g4389.t1	VFG025884(gb|WP_004535496)	26.989	352	214	7	286	632	203	516	1.23e-27	118
g4389.t1	VFG025888(gb|WP_011402606)	27.273	352	213	7	286	632	203	516	1.49e-26	114
g4389.t1	VFG025876(gb|WP_011546712)	28.399	331	202	8	272	601	189	485	9.63e-25	108
g4389.t1	VFG025879(gb|WP_012327703)	28.399	331	202	8	272	601	189	485	1.89e-24	108
g4389.t1	VFG025878(gb|WP_012492267)	27.545	334	201	8	272	601	189	485	1.42e-23	105
g4389.t1	VFG043367(gb|WP_000971620)	30.556	252	152	5	282	522	216	455	2.53e-21	98.2
g4389.t1	VFG043378(gb|WP_000467802)	47.170	106	56	0	426	531	154	259	9.31e-20	92.0
g4389.t1	VFG043365(gb|WP_000843374)	31.776	214	118	3	395	594	467	666	3.45e-19	91.7
g4389.t1	VFG042257(gb|ABB77417)	29.146	199	102	3	407	601	10	173	1.44e-15	75.9
g4391.t1	VFG006892(gb|WP_000672503)	30.756	595	387	9	5	586	1	583	2.61e-77	258
g4391.t1	VFG000104(gb|WP_000672505)	30.756	595	387	9	5	586	1	583	3.35e-77	257
g4391.t1	VFG042927(gb|WP_012031398)	32.704	318	199	5	319	629	123	432	2.59e-37	144
g4391.t1	VFG050674(gb|WP_000505932.1)	30.395	329	213	4	309	629	370	690	6.27e-36	143
g4391.t1	VFG050670(gb|WP_000505931.1)	30.395	329	213	4	309	629	370	690	7.20e-36	143
g4391.t1	VFG050680(gb|YP_005800157.1)	30.395	329	213	4	309	629	382	702	9.03e-36	143
g4391.t1	VFG050671(gb|YP_001085820.1)	30.395	329	213	4	309	629	303	623	1.27e-35	142
g4391.t1	VFG050679(gb|WP_000505928.1)	30.395	329	213	4	309	629	370	690	1.57e-35	142
g4391.t1	VFG014051(gb|WP_011063998)	30.408	319	219	2	311	629	360	675	7.80e-35	140
g4391.t1	VFG042944(gb|WP_004572848)	30.960	323	208	3	314	629	364	678	9.20e-35	140
g4391.t1	VFG019769(gb|WP_015886334)	30.094	319	220	2	311	629	360	675	7.07e-34	137
g4391.t1	VFG043209(gb|WP_005168769)	29.755	326	198	5	274	598	191	486	1.61e-33	135
g4391.t1	VFG014052(gb|WP_011336363)	29.781	319	221	2	311	629	360	675	1.62e-33	136
g4391.t1	VFG014043(gb|WP_012074000)	29.664	327	218	5	309	629	355	675	9.46e-33	134
g4391.t1	VFG014044(gb|WP_003084592)	29.664	327	218	5	309	629	355	675	1.17e-32	133
g4391.t1	VFG014053(gb|WP_011920658)	29.697	330	214	5	309	629	355	675	1.17e-32	133
g4391.t1	VFG001228(gb|NP_249102)	29.664	327	218	5	309	629	355	675	1.32e-32	133
g4391.t1	VFG014054(gb|WP_011914956)	29.299	314	219	2	317	629	364	675	1.94e-32	132
g4391.t1	VFG043040(gb|NP_460876)	32.047	337	185	7	300	629	216	515	3.15e-32	131
g4391.t1	VFG014047(gb|WP_011167501)	30.650	323	201	6	318	629	363	673	3.83e-31	129
g4391.t1	VFG014045(gb|WP_005621029)	30.031	323	205	5	317	629	362	673	2.01e-30	126
g4391.t1	VFG043092(gb|WP_010904770)	29.217	332	205	4	298	629	214	515	2.63e-30	125
g4391.t1	VFG014046(gb|WP_011266434)	33.083	266	164	4	317	579	362	616	3.16e-30	126
g4391.t1	VFG000088(gb|WP_000591844)	27.413	518	339	15	126	629	122	616	8.22e-30	124
g4391.t1	VFG006884(gb|WP_000591846)	25.143	525	342	12	126	629	122	616	1.48e-29	124
g4391.t1	VFG014050(gb|WP_086009465)	31.641	256	167	2	317	572	356	603	1.38e-28	121
g4391.t1	VFG015639(gb|WP_012312417)	28.438	320	214	3	317	629	368	679	2.61e-28	120
g4391.t1	VFG014049(gb|WP_012053913)	28.527	319	213	3	318	629	369	679	7.84e-28	119
g4391.t1	VFG043366(gb|WP_000033553)	27.950	483	245	15	195	591	203	668	8.90e-28	118
g4391.t1	VFG015638(gb|WP_012274549)	28.527	319	213	3	318	629	369	679	1.10e-27	118
g4391.t1	VFG014048(gb|WP_010955558)	30.368	326	198	6	318	629	369	679	1.24e-27	118
g4391.t1	VFG025880(gb|WP_004199264)	28.169	355	200	9	289	629	203	516	2.43e-27	117
g4391.t1	VFG025881(gb|WP_004202799)	28.169	355	200	9	289	629	203	516	2.58e-27	117
g4391.t1	VFG025885(gb|WP_004525699)	28.169	355	200	9	289	629	203	516	3.00e-27	117
g4391.t1	VFG002529(gb|WP_011205290)	28.169	355	200	9	289	629	203	516	4.07e-27	116
g4391.t1	VFG025886(gb|WP_011852321)	28.169	355	200	9	289	629	203	516	4.46e-27	116
g4391.t1	VFG025884(gb|WP_004535496)	27.887	355	201	9	289	629	203	516	5.36e-27	116
g4391.t1	VFG025888(gb|WP_011402606)	26.705	352	209	8	289	629	203	516	3.69e-26	113
g4391.t1	VFG025876(gb|WP_011546712)	28.923	325	180	10	283	598	203	485	1.14e-24	108
g4391.t1	VFG025879(gb|WP_012327703)	28.923	325	180	10	283	598	203	485	1.95e-24	108
g4391.t1	VFG025878(gb|WP_012492267)	27.134	328	182	9	283	598	203	485	2.53e-23	104
g4391.t1	VFG043367(gb|WP_000971620)	31.727	249	153	5	279	519	216	455	1.12e-21	99.0
g4391.t1	VFG043365(gb|WP_000843374)	24.167	480	266	15	195	591	202	666	6.91e-21	97.1
g4391.t1	VFG043378(gb|WP_000467802)	47.170	106	56	0	423	528	154	259	8.89e-20	92.4
g4391.t1	VFG042257(gb|ABB77417)	29.146	199	102	3	404	598	10	173	8.73e-16	76.6
g4392.t1	VFG006892(gb|WP_000672503)	31.619	525	341	6	70	586	69	583	1.00e-69	238
g4392.t1	VFG000104(gb|WP_000672505)	31.369	526	341	8	70	586	69	583	1.47e-68	234
g4392.t1	VFG042927(gb|WP_012031398)	31.437	334	211	4	300	629	113	432	2.69e-38	147
g4392.t1	VFG014051(gb|WP_011063998)	31.348	319	216	2	311	629	360	675	7.07e-36	143
g4392.t1	VFG043209(gb|WP_005168769)	31.503	346	196	8	257	598	178	486	1.77e-35	140
g4392.t1	VFG019769(gb|WP_015886334)	31.034	319	217	2	311	629	360	675	8.29e-35	140
g4392.t1	VFG014052(gb|WP_011336363)	30.721	319	218	2	311	629	360	675	1.69e-34	139
g4392.t1	VFG050680(gb|YP_005800157.1)	31.024	332	207	6	309	629	382	702	7.23e-34	137
g4392.t1	VFG050670(gb|WP_000505931.1)	31.024	332	207	6	309	629	370	690	7.51e-34	137
g4392.t1	VFG050674(gb|WP_000505932.1)	31.024	332	207	6	309	629	370	690	8.69e-34	137
g4392.t1	VFG050671(gb|YP_001085820.1)	31.024	332	207	6	309	629	303	623	9.74e-34	136
g4392.t1	VFG050679(gb|WP_000505928.1)	31.024	332	207	6	309	629	370	690	2.12e-33	135
g4392.t1	VFG014054(gb|WP_011914956)	30.990	313	215	1	317	629	364	675	3.84e-33	135
g4392.t1	VFG014053(gb|WP_011920658)	30.435	322	222	2	309	629	355	675	5.24e-33	134
g4392.t1	VFG042944(gb|WP_004572848)	34.440	241	157	1	314	554	364	603	2.46e-32	132
g4392.t1	VFG014047(gb|WP_011167501)	29.863	365	237	5	280	629	313	673	2.84e-32	132
g4392.t1	VFG014043(gb|WP_012074000)	31.366	322	219	2	309	629	355	675	4.31e-32	132
g4392.t1	VFG001228(gb|NP_249102)	31.366	322	219	2	309	629	355	675	4.81e-32	131
g4392.t1	VFG014044(gb|WP_003084592)	31.366	322	219	2	309	629	355	675	5.08e-32	131
g4392.t1	VFG000088(gb|WP_000591844)	27.500	560	382	12	77	629	74	616	5.14e-32	131
g4392.t1	VFG014045(gb|WP_005621029)	29.863	365	237	5	280	629	313	673	7.92e-32	131
g4392.t1	VFG006884(gb|WP_000591846)	27.321	560	383	12	77	629	74	616	1.29e-31	130
g4392.t1	VFG043040(gb|NP_460876)	31.737	334	190	7	300	629	216	515	2.22e-31	128
g4392.t1	VFG014046(gb|WP_011266434)	30.137	365	236	5	280	629	313	673	2.55e-31	129
g4392.t1	VFG014050(gb|WP_086009465)	27.901	362	248	3	280	629	307	667	1.95e-30	126
g4392.t1	VFG043092(gb|WP_010904770)	29.518	332	204	4	298	629	214	515	2.42e-30	125
g4392.t1	VFG015639(gb|WP_012312417)	27.624	362	249	3	280	629	319	679	3.06e-30	126
g4392.t1	VFG014049(gb|WP_012053913)	27.577	359	247	3	283	629	322	679	1.12e-29	124
g4392.t1	VFG014048(gb|WP_010955558)	27.624	362	249	3	280	629	319	679	1.12e-29	124
g4392.t1	VFG043366(gb|WP_000033553)	25.287	696	387	26	1	591	1	668	1.41e-29	124
g4392.t1	VFG015638(gb|WP_012274549)	27.577	359	247	3	283	629	322	679	1.83e-29	124
g4392.t1	VFG025881(gb|WP_004202799)	27.874	348	216	7	283	629	203	516	5.04e-27	116
g4392.t1	VFG025880(gb|WP_004199264)	27.874	348	216	7	283	629	203	516	5.81e-27	116
g4392.t1	VFG025885(gb|WP_004525699)	27.874	348	216	7	283	629	203	516	6.88e-27	115
g4392.t1	VFG002529(gb|WP_011205290)	27.874	348	216	7	283	629	203	516	8.52e-27	115
g4392.t1	VFG025884(gb|WP_004535496)	27.586	348	217	7	283	629	203	516	9.32e-27	115
g4392.t1	VFG025886(gb|WP_011852321)	27.874	348	216	7	283	629	203	516	1.02e-26	115
g4392.t1	VFG025888(gb|WP_011402606)	27.874	348	216	7	283	629	203	516	1.16e-25	112
g4392.t1	VFG025876(gb|WP_011546712)	29.022	317	190	8	283	598	203	485	7.27e-24	106
g4392.t1	VFG025879(gb|WP_012327703)	29.022	317	190	8	283	598	203	485	1.10e-23	105
g4392.t1	VFG043365(gb|WP_000843374)	24.948	477	266	15	195	591	202	666	1.74e-23	105
g4392.t1	VFG025878(gb|WP_012492267)	28.125	320	189	8	283	598	203	485	6.62e-23	103
g4392.t1	VFG043367(gb|WP_000971620)	30.952	252	151	5	279	519	216	455	7.02e-22	99.8
g4392.t1	VFG043378(gb|WP_000467802)	40.845	142	70	3	423	564	154	281	4.94e-20	93.2
g4392.t1	VFG042257(gb|ABB77417)	29.146	199	102	3	404	598	10	173	1.46e-15	75.9
g4605.t1	VFG006892(gb|WP_000672503)	35.077	325	200	3	317	636	271	589	1.71e-44	168
g4605.t1	VFG000104(gb|WP_000672505)	35.077	325	200	3	317	636	271	589	1.83e-44	168
g4605.t1	VFG006884(gb|WP_000591846)	28.877	374	246	7	310	673	253	616	1.49e-32	133
g4605.t1	VFG000088(gb|WP_000591844)	28.877	374	246	7	310	673	253	616	1.88e-32	132
g4605.t1	VFG019769(gb|WP_015886334)	32.704	318	207	3	357	671	360	673	2.20e-32	133
g4605.t1	VFG014051(gb|WP_011063998)	32.075	318	209	3	357	671	360	673	5.04e-32	132
g4605.t1	VFG014052(gb|WP_011336363)	32.075	318	209	3	357	671	360	673	2.84e-31	129
g4605.t1	VFG050679(gb|WP_000505928.1)	30.124	322	221	2	355	673	370	690	6.55e-30	125
g4605.t1	VFG050674(gb|WP_000505932.1)	30.124	322	221	2	355	673	370	690	7.23e-30	125
g4605.t1	VFG050680(gb|YP_005800157.1)	30.573	314	217	1	360	673	390	702	7.47e-30	125
g4605.t1	VFG050670(gb|WP_000505931.1)	30.124	322	221	2	355	673	370	690	8.42e-30	125
g4605.t1	VFG050671(gb|YP_001085820.1)	30.124	322	221	2	355	673	303	623	1.90e-29	124
g4605.t1	VFG014050(gb|WP_086009465)	31.288	326	201	6	357	671	352	665	2.36e-28	120
g4605.t1	VFG015638(gb|WP_012274549)	30.982	326	202	6	357	671	364	677	5.04e-28	119
g4605.t1	VFG014047(gb|WP_011167501)	30.503	318	214	3	357	671	358	671	5.31e-28	119
g4605.t1	VFG014049(gb|WP_012053913)	30.982	326	202	6	357	671	364	677	6.41e-28	119
g4605.t1	VFG014048(gb|WP_010955558)	30.982	326	202	6	357	671	364	677	6.58e-28	119
g4605.t1	VFG001228(gb|NP_249102)	29.217	332	211	6	355	673	355	675	7.55e-28	119
g4605.t1	VFG014044(gb|WP_003084592)	29.217	332	211	6	355	673	355	675	8.11e-28	119
g4605.t1	VFG014043(gb|WP_012074000)	29.217	332	211	6	355	673	355	675	8.78e-28	119
g4605.t1	VFG043209(gb|WP_005168769)	32.036	334	179	8	321	644	193	488	2.50e-27	116
g4605.t1	VFG025888(gb|WP_011402606)	30.938	320	187	6	357	673	228	516	4.01e-27	117
g4605.t1	VFG015639(gb|WP_012312417)	30.675	326	203	6	357	671	364	677	4.47e-27	116
g4605.t1	VFG025886(gb|WP_011852321)	30.625	320	188	6	357	673	228	516	8.07e-27	115
g4605.t1	VFG025884(gb|WP_004535496)	30.625	320	188	6	357	673	228	516	1.71e-26	115
g4605.t1	VFG014053(gb|WP_011920658)	29.697	330	208	7	355	671	355	673	2.11e-26	114
g4605.t1	VFG025881(gb|WP_004202799)	30.312	320	189	6	357	673	228	516	2.37e-26	114
g4605.t1	VFG025880(gb|WP_004199264)	30.312	320	189	6	357	673	228	516	2.99e-26	114
g4605.t1	VFG025885(gb|WP_004525699)	30.312	320	189	6	357	673	228	516	3.35e-26	114
g4605.t1	VFG002529(gb|WP_011205290)	30.312	320	189	6	357	673	228	516	3.86e-26	114
g4605.t1	VFG014054(gb|WP_011914956)	30.211	331	205	8	355	671	355	673	6.33e-26	113
g4605.t1	VFG043092(gb|WP_010904770)	30.323	310	182	4	342	648	209	487	2.60e-25	110
g4605.t1	VFG043040(gb|NP_460876)	30.820	305	177	4	347	648	214	487	5.47e-25	109
g4605.t1	VFG014046(gb|WP_011266434)	33.333	225	141	3	357	577	358	577	1.24e-24	108
g4605.t1	VFG025876(gb|WP_011546712)	28.133	391	240	7	290	673	160	516	1.55e-24	108
g4605.t1	VFG014045(gb|WP_005621029)	33.333	225	141	3	357	577	358	577	1.60e-24	108
g4605.t1	VFG025878(gb|WP_012492267)	28.389	391	239	7	290	673	160	516	3.03e-24	107
g4605.t1	VFG025879(gb|WP_012327703)	27.877	391	241	7	290	673	160	516	3.93e-24	107
g4605.t1	VFG042927(gb|WP_012031398)	26.220	328	226	7	355	673	112	432	1.07e-23	104
g4605.t1	VFG043367(gb|WP_000971620)	29.600	250	161	4	434	672	319	564	1.54e-23	105
g4605.t1	VFG042944(gb|WP_004572848)	28.875	329	216	6	355	673	358	678	5.64e-23	103
g4605.t1	VFG043365(gb|WP_000843374)	27.778	378	197	12	319	635	304	666	1.66e-20	96.3
g4605.t1	VFG043378(gb|WP_000467802)	55.056	89	40	0	479	567	166	254	3.98e-20	93.6
g4605.t1	VFG043366(gb|WP_000033553)	29.097	299	174	8	347	631	387	661	1.10e-19	93.6
g4605.t1	VFG042257(gb|ABB77417)	34.595	185	99	5	483	667	31	193	7.80e-17	79.7
g4720.t1	VFG006892(gb|WP_000672503)	28.755	546	340	11	179	712	118	626	3.04e-63	222
g4720.t1	VFG000104(gb|WP_000672505)	28.755	546	340	11	179	712	118	626	8.00e-63	221
g4720.t1	VFG050674(gb|WP_000505932.1)	27.719	469	307	10	271	712	227	690	6.22e-38	150
g4720.t1	VFG050680(gb|YP_005800157.1)	27.505	469	308	9	271	712	239	702	9.50e-38	150
g4720.t1	VFG050670(gb|WP_000505931.1)	27.505	469	308	9	271	712	227	690	9.57e-38	150
g4720.t1	VFG050679(gb|WP_000505928.1)	27.505	469	308	9	271	712	227	690	2.32e-37	149
g4720.t1	VFG050671(gb|YP_001085820.1)	27.505	469	308	9	271	712	160	623	2.86e-37	147
g4720.t1	VFG000088(gb|WP_000591844)	28.713	505	304	16	221	712	155	616	5.03e-37	147
g4720.t1	VFG006884(gb|WP_000591846)	28.713	505	304	16	221	712	155	616	5.22e-37	147
g4720.t1	VFG043209(gb|WP_005168769)	32.620	374	176	10	348	707	180	491	1.05e-35	142
g4720.t1	VFG014051(gb|WP_011063998)	27.447	470	305	8	270	710	211	673	1.05e-35	143
g4720.t1	VFG042944(gb|WP_004572848)	32.278	316	213	1	397	712	364	678	7.46e-35	141
g4720.t1	VFG014050(gb|WP_086009465)	27.660	470	304	7	270	710	203	665	1.77e-34	139
g4720.t1	VFG014047(gb|WP_011167501)	27.637	474	299	10	270	710	209	671	1.84e-34	139
g4720.t1	VFG014052(gb|WP_011336363)	27.660	470	304	10	270	710	211	673	2.03e-34	139
g4720.t1	VFG019769(gb|WP_015886334)	27.637	474	299	10	270	710	211	673	6.95e-34	138
g4720.t1	VFG025878(gb|WP_012492267)	32.552	384	217	7	337	712	167	516	8.59e-34	137
g4720.t1	VFG014043(gb|WP_012074000)	27.869	366	247	3	363	712	311	675	1.47e-33	137
g4720.t1	VFG014044(gb|WP_003084592)	27.869	366	247	3	363	712	311	675	1.50e-33	137
g4720.t1	VFG014053(gb|WP_011920658)	25.641	468	314	7	271	710	212	673	2.27e-33	136
g4720.t1	VFG014048(gb|WP_010955558)	29.589	365	240	4	362	710	314	677	4.68e-33	135
g4720.t1	VFG025876(gb|WP_011546712)	32.295	353	197	6	337	681	167	485	4.95e-33	135
g4720.t1	VFG014049(gb|WP_012053913)	29.223	373	251	3	350	710	306	677	5.70e-33	135
g4720.t1	VFG025879(gb|WP_012327703)	33.993	303	162	6	383	681	217	485	6.77e-33	135
g4720.t1	VFG001228(gb|NP_249102)	27.596	366	248	3	363	712	311	675	7.45e-33	135
g4720.t1	VFG015638(gb|WP_012274549)	29.223	373	251	3	350	710	306	677	7.67e-33	135
g4720.t1	VFG025884(gb|WP_004535496)	32.544	338	182	6	383	712	217	516	1.23e-32	134
g4720.t1	VFG025880(gb|WP_004199264)	32.249	338	183	6	383	712	217	516	1.63e-32	134
g4720.t1	VFG025881(gb|WP_004202799)	32.249	338	183	6	383	712	217	516	1.72e-32	134
g4720.t1	VFG025885(gb|WP_004525699)	32.249	338	183	6	383	712	217	516	1.77e-32	133
g4720.t1	VFG043040(gb|NP_460876)	33.654	312	168	7	377	683	209	486	2.11e-32	132
g4720.t1	VFG002529(gb|WP_011205290)	32.249	338	183	6	383	712	217	516	2.38e-32	133
g4720.t1	VFG025886(gb|WP_011852321)	32.249	338	183	6	383	712	217	516	3.69e-32	132
g4720.t1	VFG014045(gb|WP_005621029)	27.637	474	299	10	270	710	209	671	4.57e-32	132
g4720.t1	VFG015639(gb|WP_012312417)	28.767	365	243	4	362	710	314	677	7.68e-32	132
g4720.t1	VFG014054(gb|WP_011914956)	28.882	322	227	2	390	710	353	673	1.45e-31	130
g4720.t1	VFG043092(gb|WP_010904770)	32.372	312	169	6	381	684	210	487	8.50e-31	127
g4720.t1	VFG025888(gb|WP_011402606)	32.544	338	182	6	383	712	217	516	9.48e-31	128
g4720.t1	VFG014046(gb|WP_011266434)	27.426	474	300	10	270	710	209	671	1.47e-30	127
g4720.t1	VFG043367(gb|WP_000971620)	31.000	300	183	9	366	651	216	505	1.47e-27	117
g4720.t1	VFG042927(gb|WP_012031398)	26.235	324	236	1	389	712	112	432	1.75e-27	115
g4720.t1	VFG043366(gb|WP_000033553)	30.070	286	167	6	402	670	403	672	6.13e-25	110
g4720.t1	VFG043378(gb|WP_000467802)	47.863	117	61	0	496	612	144	260	1.24e-22	101
g4720.t1	VFG043365(gb|WP_000843374)	31.081	222	133	5	402	611	401	614	7.56e-21	97.4
g4720.t1	VFG042257(gb|ABB77417)	30.233	215	124	4	498	712	5	193	4.06e-15	75.1
g4938.t1	VFG050679(gb|WP_000505928.1)	29.295	454	295	8	225	657	242	690	7.42e-38	149
g4938.t1	VFG050670(gb|WP_000505931.1)	29.075	454	296	8	225	657	242	690	9.09e-38	149
g4938.t1	VFG050680(gb|YP_005800157.1)	29.075	454	296	8	225	657	254	702	1.04e-37	149
g4938.t1	VFG050674(gb|WP_000505932.1)	28.634	454	298	7	225	657	242	690	1.07e-37	149
g4938.t1	VFG050671(gb|YP_001085820.1)	29.075	454	296	8	225	657	175	623	1.37e-37	148
g4938.t1	VFG014053(gb|WP_011920658)	31.250	336	220	5	326	657	347	675	1.17e-36	145
g4938.t1	VFG014051(gb|WP_011063998)	32.063	315	210	2	344	657	364	675	6.39e-36	144
g4938.t1	VFG014045(gb|WP_005621029)	32.515	326	210	4	336	657	354	673	7.04e-36	143
g4938.t1	VFG014050(gb|WP_086009465)	31.579	323	217	2	336	657	348	667	7.25e-36	143
g4938.t1	VFG014052(gb|WP_011336363)	32.063	315	210	2	344	657	364	675	9.51e-36	143
g4938.t1	VFG014046(gb|WP_011266434)	32.515	326	210	4	336	657	354	673	1.40e-35	142
g4938.t1	VFG014054(gb|WP_011914956)	30.631	333	226	3	326	657	347	675	1.43e-35	142
g4938.t1	VFG014047(gb|WP_011167501)	32.209	326	211	4	336	657	354	673	2.08e-35	142
g4938.t1	VFG019769(gb|WP_015886334)	32.063	315	210	2	344	657	364	675	2.32e-35	142
g4938.t1	VFG015639(gb|WP_012312417)	30.960	323	219	2	336	657	360	679	3.65e-35	141
g4938.t1	VFG042927(gb|WP_012031398)	27.607	326	226	4	336	657	113	432	1.03e-34	137
g4938.t1	VFG014049(gb|WP_012053913)	30.650	323	220	2	336	657	360	679	1.57e-34	139
g4938.t1	VFG014048(gb|WP_010955558)	30.650	323	220	2	336	657	360	679	1.72e-34	139
g4938.t1	VFG015638(gb|WP_012274549)	30.650	323	220	2	336	657	360	679	2.03e-34	139
g4938.t1	VFG014044(gb|WP_003084592)	29.864	442	262	13	246	657	252	675	2.76e-33	135
g4938.t1	VFG001228(gb|NP_249102)	29.864	442	262	13	246	657	252	675	2.89e-33	135
g4938.t1	VFG014043(gb|WP_012074000)	30.978	368	219	8	312	657	321	675	3.79e-33	135
g4938.t1	VFG042944(gb|WP_004572848)	29.706	340	217	6	326	657	353	678	4.72e-29	122
g4938.t1	VFG000104(gb|WP_000672505)	31.229	301	194	6	327	620	295	589	1.06e-27	118
g4938.t1	VFG006892(gb|WP_000672503)	31.229	301	194	6	327	620	295	589	1.09e-27	118
g4938.t1	VFG043209(gb|WP_005168769)	31.683	303	178	5	311	613	200	473	8.11e-27	115
g4938.t1	VFG043092(gb|WP_010904770)	28.228	333	210	4	325	657	212	515	5.74e-26	112
g4938.t1	VFG043366(gb|WP_000033553)	32.922	243	146	5	337	569	394	629	1.80e-25	111
g4938.t1	VFG025879(gb|WP_012327703)	32.746	284	162	8	344	627	232	486	2.37e-25	111
g4938.t1	VFG025876(gb|WP_011546712)	32.746	284	162	8	344	627	232	486	2.39e-25	111
g4938.t1	VFG043040(gb|NP_460876)	29.538	325	200	5	333	657	220	515	6.73e-25	109
g4938.t1	VFG000088(gb|WP_000591844)	29.427	384	222	14	298	657	258	616	1.25e-24	108
g4938.t1	VFG025885(gb|WP_004525699)	32.746	284	162	7	344	627	232	486	2.11e-24	108
g4938.t1	VFG025888(gb|WP_011402606)	32.746	284	162	7	344	627	232	486	2.14e-24	108
g4938.t1	VFG025881(gb|WP_004202799)	32.746	284	162	7	344	627	232	486	2.38e-24	108
g4938.t1	VFG025886(gb|WP_011852321)	32.746	284	162	7	344	627	232	486	2.48e-24	108
g4938.t1	VFG025884(gb|WP_004535496)	32.746	284	162	7	344	627	232	486	2.49e-24	108
g4938.t1	VFG002529(gb|WP_011205290)	32.746	284	162	7	344	627	232	486	2.54e-24	108
g4938.t1	VFG006884(gb|WP_000591846)	29.167	384	223	14	298	657	258	616	2.56e-24	107
g4938.t1	VFG025880(gb|WP_004199264)	32.746	284	162	7	344	627	232	486	2.82e-24	107
g4938.t1	VFG025878(gb|WP_012492267)	32.042	284	164	8	344	627	232	486	4.48e-24	107
g4938.t1	VFG043365(gb|WP_000843374)	28.996	269	157	5	345	594	400	653	3.63e-23	104
g4938.t1	VFG043378(gb|WP_000467802)	54.255	94	41	2	463	555	166	258	2.63e-19	90.9
g4938.t1	VFG043367(gb|WP_000971620)	26.524	328	187	9	311	601	217	527	3.24e-18	88.6
g4938.t1	VFG042257(gb|ABB77417)	52.778	72	34	0	476	547	37	108	8.97e-14	70.9
g5009.t1	VFG006892(gb|WP_000672503)	29.557	406	253	8	149	535	215	606	1.49e-36	143
g5009.t1	VFG000104(gb|WP_000672505)	29.557	406	253	8	149	535	215	606	2.42e-36	143
g5009.t1	VFG014051(gb|WP_011063998)	32.210	267	173	2	279	541	413	675	2.09e-30	125
g5009.t1	VFG019769(gb|WP_015886334)	33.462	260	162	3	289	541	420	675	4.75e-30	124
g5009.t1	VFG006884(gb|WP_000591846)	36.290	248	144	3	301	541	376	616	5.32e-30	124
g5009.t1	VFG000088(gb|WP_000591844)	36.290	248	144	3	301	541	376	616	5.68e-30	124
g5009.t1	VFG050674(gb|WP_000505932.1)	28.232	379	249	5	185	541	313	690	8.20e-30	124
g5009.t1	VFG050680(gb|YP_005800157.1)	28.342	374	239	6	192	541	334	702	1.40e-29	123
g5009.t1	VFG050670(gb|WP_000505931.1)	28.342	374	239	6	192	541	322	690	1.46e-29	123
g5009.t1	VFG014052(gb|WP_011336363)	30.303	297	199	2	249	541	383	675	1.77e-29	122
g5009.t1	VFG050679(gb|WP_000505928.1)	28.342	374	239	6	192	541	322	690	2.32e-29	122
g5009.t1	VFG050671(gb|YP_001085820.1)	28.495	372	237	6	192	539	255	621	2.44e-29	122
g5009.t1	VFG014047(gb|WP_011167501)	32.567	261	176	0	279	539	411	671	3.60e-29	122
g5009.t1	VFG014054(gb|WP_011914956)	29.010	293	208	0	249	541	383	675	2.85e-28	119
g5009.t1	VFG042944(gb|WP_004572848)	30.928	291	201	0	249	539	386	676	4.75e-28	118
g5009.t1	VFG014053(gb|WP_011920658)	28.669	293	209	0	249	541	383	675	4.75e-27	115
g5009.t1	VFG015639(gb|WP_012312417)	31.923	260	169	2	286	541	424	679	6.18e-27	115
g5009.t1	VFG014045(gb|WP_005621029)	30.717	293	203	0	249	541	381	673	1.29e-26	114
g5009.t1	VFG014050(gb|WP_086009465)	32.308	260	168	2	286	541	412	667	1.62e-26	114
g5009.t1	VFG014049(gb|WP_012053913)	32.308	260	168	2	286	541	424	679	4.92e-26	112
g5009.t1	VFG014043(gb|WP_012074000)	27.986	293	211	0	249	541	383	675	4.92e-26	112
g5009.t1	VFG001228(gb|NP_249102)	27.986	293	211	0	249	541	383	675	5.33e-26	112
g5009.t1	VFG014044(gb|WP_003084592)	27.986	293	211	0	249	541	383	675	5.43e-26	112
g5009.t1	VFG014048(gb|WP_010955558)	32.308	260	168	2	286	541	424	679	5.48e-26	112
g5009.t1	VFG015638(gb|WP_012274549)	32.308	260	168	2	286	541	424	679	6.27e-26	112
g5009.t1	VFG014046(gb|WP_011266434)	30.241	291	203	0	249	539	381	671	1.20e-25	111
g5009.t1	VFG042927(gb|WP_012031398)	27.052	329	231	2	211	539	111	430	2.25e-25	108
g5009.t1	VFG043378(gb|WP_000467802)	50.893	112	53	1	330	439	147	258	5.66e-23	101
g5009.t1	VFG043367(gb|WP_000971620)	29.870	308	191	9	171	461	192	491	1.21e-22	101
g5009.t1	VFG043092(gb|WP_010904770)	30.903	288	165	8	207	491	209	465	7.79e-21	95.9
g5009.t1	VFG043040(gb|NP_460876)	32.609	230	133	4	207	432	209	420	6.07e-20	93.2
g5009.t1	VFG043209(gb|WP_005168769)	26.718	393	218	11	149	505	123	481	1.42e-19	92.0
g5009.t1	VFG043365(gb|WP_000843374)	47.107	121	58	2	369	488	543	658	2.92e-18	88.2
g5009.t1	VFG043366(gb|WP_000033553)	37.349	166	77	5	346	510	529	668	1.19e-17	86.3
g5009.t1	VFG025888(gb|WP_011402606)	29.592	294	178	6	213	506	217	481	1.72e-17	85.9
g5009.t1	VFG025886(gb|WP_011852321)	29.592	294	178	6	213	506	217	481	4.33e-17	84.3
g5009.t1	VFG025884(gb|WP_004535496)	29.592	294	178	6	213	506	217	481	4.87e-17	84.3
g5009.t1	VFG025885(gb|WP_004525699)	29.592	294	178	6	213	506	217	481	5.17e-17	84.3
g5009.t1	VFG025881(gb|WP_004202799)	29.592	294	178	6	213	506	217	481	5.41e-17	84.3
g5009.t1	VFG002529(gb|WP_011205290)	29.592	294	178	6	213	506	217	481	5.50e-17	84.3
g5009.t1	VFG025880(gb|WP_004199264)	29.592	294	178	6	213	506	217	481	5.85e-17	84.0
g5009.t1	VFG025878(gb|WP_012492267)	26.623	308	197	4	199	506	203	481	8.14e-17	83.6
g5009.t1	VFG025876(gb|WP_011546712)	25.974	308	199	4	199	506	203	481	4.40e-16	81.3
g5009.t1	VFG025879(gb|WP_012327703)	25.974	308	199	4	199	506	203	481	5.65e-16	80.9
g5009.t1	VFG042257(gb|ABB77417)	40.876	137	64	3	357	490	31	153	8.70e-15	73.6
g5168.t1	VFG006892(gb|WP_000672503)	31.325	332	207	4	293	615	275	594	1.80e-40	156
g5168.t1	VFG000104(gb|WP_000672505)	31.325	332	207	4	293	615	275	594	1.82e-40	156
g5168.t1	VFG050670(gb|WP_000505931.1)	34.737	285	186	0	363	647	406	690	4.19e-40	156
g5168.t1	VFG050674(gb|WP_000505932.1)	34.737	285	186	0	363	647	406	690	5.29e-40	155
g5168.t1	VFG050679(gb|WP_000505928.1)	34.737	285	186	0	363	647	406	690	6.08e-40	155
g5168.t1	VFG050671(gb|YP_001085820.1)	34.737	285	186	0	363	647	339	623	6.28e-40	155
g5168.t1	VFG050680(gb|YP_005800157.1)	34.737	285	186	0	363	647	418	702	6.43e-40	155
g5168.t1	VFG014053(gb|WP_011920658)	34.035	285	188	0	363	647	391	675	1.77e-38	151
g5168.t1	VFG014054(gb|WP_011914956)	31.928	332	217	1	316	647	353	675	3.07e-38	150
g5168.t1	VFG014051(gb|WP_011063998)	32.075	371	225	4	295	647	314	675	3.20e-38	150
g5168.t1	VFG000088(gb|WP_000591844)	31.649	376	225	10	286	647	259	616	4.26e-38	149
g5168.t1	VFG006884(gb|WP_000591846)	31.383	376	226	10	286	647	259	616	9.91e-38	148
g5168.t1	VFG014047(gb|WP_011167501)	33.434	332	212	2	316	647	351	673	1.83e-37	148
g5168.t1	VFG014052(gb|WP_011336363)	30.749	374	240	2	288	647	307	675	2.13e-37	148
g5168.t1	VFG014043(gb|WP_012074000)	34.386	285	187	0	363	647	391	675	8.78e-37	146
g5168.t1	VFG014044(gb|WP_003084592)	34.386	285	187	0	363	647	391	675	9.20e-37	146
g5168.t1	VFG001228(gb|NP_249102)	34.386	285	187	0	363	647	391	675	1.02e-36	146
g5168.t1	VFG019769(gb|WP_015886334)	32.229	332	216	2	316	647	353	675	2.03e-36	145
g5168.t1	VFG025876(gb|WP_011546712)	34.106	302	167	4	316	617	217	486	3.18e-36	144
g5168.t1	VFG025879(gb|WP_012327703)	34.106	302	167	4	316	617	217	486	3.60e-36	144
g5168.t1	VFG025878(gb|WP_012492267)	35.191	341	183	6	310	647	211	516	4.34e-36	144
g5168.t1	VFG025888(gb|WP_011402606)	34.810	316	172	5	304	617	203	486	3.01e-35	141
g5168.t1	VFG002529(gb|WP_011205290)	34.494	316	173	5	304	617	203	486	3.90e-35	141
g5168.t1	VFG025884(gb|WP_004535496)	34.494	316	173	5	304	617	203	486	3.98e-35	141
g5168.t1	VFG025885(gb|WP_004525699)	34.494	316	173	5	304	617	203	486	4.16e-35	141
g5168.t1	VFG025880(gb|WP_004199264)	34.494	316	173	5	304	617	203	486	4.44e-35	141
g5168.t1	VFG025881(gb|WP_004202799)	34.494	316	173	5	304	617	203	486	4.96e-35	140
g5168.t1	VFG014045(gb|WP_005621029)	33.434	332	212	2	316	647	351	673	5.54e-35	140
g5168.t1	VFG025886(gb|WP_011852321)	34.494	316	173	5	304	617	203	486	6.94e-35	140
g5168.t1	VFG043040(gb|NP_460876)	32.249	338	197	4	310	647	210	515	1.84e-34	138
g5168.t1	VFG014046(gb|WP_011266434)	32.075	371	225	4	295	647	312	673	3.04e-34	138
g5168.t1	VFG042944(gb|WP_004572848)	33.333	285	190	0	363	647	394	678	6.13e-34	137
g5168.t1	VFG043092(gb|WP_010904770)	31.361	338	200	4	310	647	210	515	1.10e-33	135
g5168.t1	VFG043209(gb|WP_005168769)	33.234	334	169	9	296	619	200	489	1.25e-33	135
g5168.t1	VFG014048(gb|WP_010955558)	29.301	372	234	5	295	647	318	679	2.50e-32	132
g5168.t1	VFG015638(gb|WP_012274549)	30.030	333	222	3	316	647	357	679	4.07e-32	132
g5168.t1	VFG014049(gb|WP_012053913)	30.030	333	222	3	316	647	357	679	4.49e-32	132
g5168.t1	VFG014050(gb|WP_086009465)	30.357	336	217	5	316	647	345	667	5.80e-32	131
g5168.t1	VFG015639(gb|WP_012312417)	29.040	396	238	6	271	647	308	679	8.01e-32	131
g5168.t1	VFG042927(gb|WP_012031398)	28.070	285	205	0	363	647	148	432	1.08e-27	116
g5168.t1	VFG043367(gb|WP_000971620)	29.032	434	253	19	240	646	159	564	8.68e-26	112
g5168.t1	VFG043365(gb|WP_000843374)	43.478	161	77	4	448	608	519	665	6.21e-23	103
g5168.t1	VFG043366(gb|WP_000033553)	37.500	192	105	5	415	605	495	672	8.87e-23	103
g5168.t1	VFG043378(gb|WP_000467802)	42.748	131	75	0	430	560	143	273	2.20e-22	100
g5168.t1	VFG042257(gb|ABB77417)	36.283	113	72	0	464	576	35	147	1.31e-13	70.5
