g144.t1	VFG038902(gb|WP_011898555)	25.877	228	166	2	72	297	202	428	1.93e-21	93.6
g144.t1	VFG038900(gb|WP_011706614)	25.439	228	167	2	72	297	202	428	1.01e-20	91.7
g144.t1	VFG038903(gb|WP_005334094)	25.439	228	167	2	72	297	202	428	3.63e-20	90.1
g144.t1	VFG040670(gb|WP_011477962)	22.907	227	170	3	72	293	63	289	1.01e-19	87.0
g144.t1	VFG040671(gb|WP_014364181)	23.529	204	151	3	72	271	64	266	4.69e-16	76.6
g144.t1	VFG040672(gb|WP_012149068)	22.907	227	169	4	72	293	64	289	5.13e-16	76.6
g144.t1	VFG040669(gb|WP_012151505)	22.368	228	171	4	72	293	63	290	7.97e-16	76.3
g144.t1	VFG040686(gb|WP_004597022)	22.467	227	171	4	72	293	65	291	8.20e-16	76.3
g144.t1	VFG040674(gb|WP_011271490)	22.467	227	171	4	72	293	64	290	9.65e-16	75.9
g144.t1	VFG040682(gb|WP_015508654)	22.467	227	171	4	72	293	65	291	1.31e-15	75.5
g144.t1	VFG040683(gb|WP_004599630)	22.467	227	171	4	72	293	65	291	1.36e-15	75.5
g144.t1	VFG040679(gb|WP_014411035)	22.609	230	172	5	69	293	62	290	3.27e-15	74.3
g144.t1	VFG040668(gb|WP_014412336)	22.026	227	172	4	72	293	64	290	5.05e-15	73.9
g144.t1	VFG040680(gb|WP_012736676)	22.026	227	172	4	72	293	64	290	1.21e-14	72.8
g144.t1	VFG040673(gb|WP_010977712)	22.026	227	172	4	72	293	64	290	1.25e-14	72.8
g144.t1	VFG040675(gb|WP_014014744)	22.026	227	172	4	72	293	64	290	1.31e-14	72.8
g144.t1	VFG040681(gb|WP_012151259)	22.026	227	172	4	72	293	64	290	1.80e-14	72.4
g144.t1	VFG040692(gb|WP_014409014)	22.026	227	172	4	72	293	64	290	2.67e-14	71.6
g144.t1	VFG040677(gb|WP_014365448)	22.026	227	172	4	72	293	64	290	2.72e-14	71.6
g144.t1	VFG040701(gb|WP_014273762)	22.026	227	172	4	72	293	64	290	3.62e-14	71.2
g144.t1	VFG040666(gb|WP_012719992)	22.026	227	172	4	72	293	64	290	3.80e-14	71.2
g144.t1	VFG040667(gb|WP_012150023)	21.586	227	173	4	72	293	64	290	1.34e-13	69.7
g144.t1	VFG040705(gb|WP_011191158)	20.705	227	175	4	72	293	65	291	3.66e-13	68.6
g1349.t1	VFG038902(gb|WP_011898555)	26.471	272	188	7	250	514	160	426	9.88e-26	109
g1349.t1	VFG038900(gb|WP_011706614)	25.735	272	190	7	250	514	160	426	3.77e-24	104
g1349.t1	VFG038903(gb|WP_005334094)	24.632	272	193	7	250	514	160	426	1.65e-22	100
g1349.t1	VFG040668(gb|WP_014412336)	27.586	232	161	6	288	513	61	291	1.34e-21	95.1
g1349.t1	VFG040674(gb|WP_011271490)	27.586	232	161	6	288	513	61	291	2.79e-21	94.4
g1349.t1	VFG040667(gb|WP_012150023)	27.586	232	161	6	288	513	61	291	3.84e-21	94.0
g1349.t1	VFG040666(gb|WP_012719992)	27.897	233	159	6	288	513	61	291	6.03e-21	93.2
g1349.t1	VFG040677(gb|WP_014365448)	27.586	232	161	6	288	513	61	291	8.49e-21	92.8
g1349.t1	VFG040675(gb|WP_014014744)	27.586	232	161	6	288	513	61	291	8.49e-21	92.8
g1349.t1	VFG040692(gb|WP_014409014)	27.586	232	161	6	288	513	61	291	8.73e-21	92.8
g1349.t1	VFG040680(gb|WP_012736676)	27.586	232	161	6	288	513	61	291	9.07e-21	92.8
g1349.t1	VFG040681(gb|WP_012151259)	27.897	233	159	6	288	513	61	291	1.04e-20	92.4
g1349.t1	VFG040701(gb|WP_014273762)	27.897	233	159	6	288	513	61	291	1.70e-20	92.0
g1349.t1	VFG040673(gb|WP_010977712)	27.468	233	160	6	288	513	61	291	2.72e-20	91.3
g1349.t1	VFG040679(gb|WP_014411035)	27.468	233	160	6	288	513	61	291	8.00e-20	89.7
g1349.t1	VFG040670(gb|WP_011477962)	26.923	234	154	7	288	510	60	287	9.32e-20	89.7
g1349.t1	VFG040669(gb|WP_012151505)	26.383	235	155	6	288	510	60	288	3.54e-19	88.2
g1349.t1	VFG040671(gb|WP_014364181)	24.229	227	168	3	291	513	64	290	3.56e-19	87.8
g1349.t1	VFG040672(gb|WP_012149068)	24.229	227	168	3	291	513	64	290	4.11e-19	87.8
g1349.t1	VFG040705(gb|WP_011191158)	25.431	232	160	7	291	513	65	292	4.90e-19	87.8
g1349.t1	VFG040686(gb|WP_004597022)	25.000	228	166	4	291	513	65	292	7.00e-19	87.0
g1349.t1	VFG040683(gb|WP_004599630)	25.000	228	166	4	291	513	65	292	1.27e-18	86.7
g1349.t1	VFG040682(gb|WP_015508654)	25.000	228	166	4	291	513	65	292	1.28e-18	86.3
g1711.t1	VFG038903(gb|WP_005334094)	26.449	276	196	4	249	518	160	434	2.42e-26	111
g1711.t1	VFG038902(gb|WP_011898555)	25.461	271	195	4	249	513	160	429	1.39e-24	106
g1711.t1	VFG038900(gb|WP_011706614)	26.337	243	175	3	279	518	193	434	1.88e-24	105
g1711.t1	VFG040670(gb|WP_011477962)	26.180	233	164	5	284	509	59	290	9.33e-19	86.7
g1711.t1	VFG040674(gb|WP_011271490)	25.822	213	147	4	284	488	60	269	2.30e-17	82.8
g1711.t1	VFG040669(gb|WP_012151505)	25.751	233	166	4	284	509	59	291	2.71e-17	82.4
g1711.t1	VFG040705(gb|WP_011191158)	23.554	242	177	4	274	508	51	291	7.02e-17	81.3
g1711.t1	VFG040667(gb|WP_012150023)	24.590	244	172	5	284	518	60	300	1.11e-16	80.9
g1711.t1	VFG040666(gb|WP_012719992)	25.822	213	147	4	284	488	60	269	1.33e-16	80.5
g1711.t1	VFG040692(gb|WP_014409014)	25.352	213	148	4	284	488	60	269	2.20e-16	79.7
g1711.t1	VFG040677(gb|WP_014365448)	25.352	213	148	4	284	488	60	269	2.26e-16	79.7
g1711.t1	VFG040675(gb|WP_014014744)	25.352	213	148	4	284	488	60	269	4.59e-16	79.0
g1711.t1	VFG040680(gb|WP_012736676)	25.352	213	148	4	284	488	60	269	4.90e-16	78.6
g1711.t1	VFG040668(gb|WP_014412336)	24.280	243	174	4	284	518	60	300	5.67e-16	78.6
g1711.t1	VFG040681(gb|WP_012151259)	25.352	213	148	4	284	488	60	269	5.96e-16	78.6
g1711.t1	VFG040673(gb|WP_010977712)	25.352	213	148	4	284	488	60	269	8.98e-16	77.8
g1711.t1	VFG040701(gb|WP_014273762)	25.352	213	148	4	284	488	60	269	1.46e-15	77.4
g1711.t1	VFG040679(gb|WP_014411035)	24.359	234	165	5	284	508	60	290	7.04e-15	75.1
g1711.t1	VFG040686(gb|WP_004597022)	23.045	243	177	4	274	508	51	291	8.48e-15	75.1
g1711.t1	VFG040682(gb|WP_015508654)	23.045	243	177	4	274	508	51	291	3.33e-14	73.2
g1711.t1	VFG040683(gb|WP_004599630)	23.045	243	177	4	274	508	51	291	3.52e-14	73.2
g1711.t1	VFG040671(gb|WP_014364181)	22.624	221	163	4	274	488	50	268	6.34e-12	66.2
g1711.t1	VFG040672(gb|WP_012149068)	22.314	242	179	5	274	508	50	289	8.20e-12	66.2
g1980.t1	VFG038900(gb|WP_011706614)	27.273	275	189	5	257	525	169	438	2.19e-29	120
g1980.t1	VFG038903(gb|WP_005334094)	27.599	279	190	6	253	525	166	438	4.03e-29	119
g1980.t1	VFG038902(gb|WP_011898555)	27.068	266	184	5	252	512	162	422	4.70e-29	119
g1980.t1	VFG040670(gb|WP_011477962)	27.027	222	159	3	279	498	52	272	3.05e-23	100
g1980.t1	VFG040669(gb|WP_012151505)	26.906	223	159	3	279	498	52	273	2.58e-22	97.4
g1980.t1	VFG040667(gb|WP_012150023)	28.279	244	158	5	286	520	60	295	4.92e-21	93.6
g1980.t1	VFG040673(gb|WP_010977712)	27.888	251	164	5	279	520	53	295	5.40e-21	93.6
g1980.t1	VFG040666(gb|WP_012719992)	27.490	251	165	5	279	520	53	295	9.26e-21	92.8
g1980.t1	VFG040692(gb|WP_014409014)	27.490	251	165	5	279	520	53	295	1.05e-20	92.4
g1980.t1	VFG040677(gb|WP_014365448)	27.490	251	165	5	279	520	53	295	1.14e-20	92.4
g1980.t1	VFG040675(gb|WP_014014744)	27.490	251	165	5	279	520	53	295	1.15e-20	92.4
g1980.t1	VFG040680(gb|WP_012736676)	27.490	251	165	5	279	520	53	295	1.21e-20	92.4
g1980.t1	VFG040681(gb|WP_012151259)	27.490	251	165	5	279	520	53	295	1.24e-20	92.4
g1980.t1	VFG040674(gb|WP_011271490)	27.490	251	165	5	279	520	53	295	1.30e-20	92.4
g1980.t1	VFG040701(gb|WP_014273762)	27.490	251	165	5	279	520	53	295	2.30e-20	91.7
g1980.t1	VFG040668(gb|WP_014412336)	27.092	251	166	5	279	520	53	295	2.51e-20	91.7
g1980.t1	VFG040705(gb|WP_011191158)	26.587	252	166	7	279	520	54	296	9.16e-20	89.7
g1980.t1	VFG040679(gb|WP_014411035)	27.092	251	166	5	279	520	53	295	1.26e-19	89.4
g1980.t1	VFG040672(gb|WP_012149068)	26.316	228	152	4	279	498	53	272	1.74e-19	89.0
g1980.t1	VFG040671(gb|WP_014364181)	26.316	228	152	4	279	498	53	272	1.83e-19	89.0
g1980.t1	VFG040686(gb|WP_004597022)	27.490	251	165	5	279	520	54	296	8.65e-19	87.0
g1980.t1	VFG040683(gb|WP_004599630)	27.092	251	166	5	279	520	54	296	5.53e-18	84.7
g1980.t1	VFG040682(gb|WP_015508654)	27.092	251	166	5	279	520	54	296	5.69e-18	84.7
