g1464.t1	VFG001262(gb|NP_250140)	100.000	378	0	0	1	378	1	378	0.0	757
g1464.t1	VFG014578(gb|WP_003155636)	97.354	378	10	0	1	378	1	378	0.0	742
g1464.t1	VFG014588(gb|WP_012019016)	72.149	377	105	0	1	377	1	377	0.0	543
g1464.t1	VFG014587(gb|WP_011333061)	67.196	378	123	1	1	377	1	378	0.0	534
g1464.t1	VFG014589(gb|WP_011913685)	72.487	378	104	0	1	378	1	378	0.0	530
g1464.t1	VFG019858(gb|WP_015885178)	67.374	377	123	0	1	377	1	377	0.0	528
g1464.t1	VFG014582(gb|WP_002554275)	63.395	377	138	0	1	377	1	377	0.0	518
g1464.t1	VFG014581(gb|WP_003316822)	63.660	377	137	0	1	377	1	377	0.0	517
g1464.t1	VFG014580(gb|WP_005766982)	63.395	377	138	0	1	377	1	377	0.0	517
g1464.t1	VFG014586(gb|WP_011059990)	69.496	377	115	0	1	377	1	377	0.0	511
g1464.t1	VFG015710(gb|WP_012273495)	68.338	379	118	2	1	377	1	379	2.40e-180	505
g1464.t1	VFG015711(gb|WP_012315508)	68.338	379	118	2	1	377	1	379	3.54e-179	502
g1464.t1	VFG014583(gb|WP_010955079)	68.074	379	119	2	1	377	1	379	3.54e-179	502
g1464.t1	VFG014584(gb|WP_012051636)	69.657	379	113	2	1	377	1	379	6.19e-175	491
g1464.t1	VFG014585(gb|WP_011534893)	68.602	379	117	2	1	377	1	379	7.61e-173	486
g1464.t1	VFG007398(gb|WP_011150912)	49.337	377	189	2	1	376	1	376	7.76e-125	364
g1464.t1	VFG007397(gb|WP_011079847)	49.337	377	189	2	1	376	1	376	1.10e-124	364
g1464.t1	VFG007394(gb|WP_000840982)	48.670	376	191	2	1	375	1	375	1.24e-124	363
g1464.t1	VFG002013(gb|WP_011946726)	46.579	380	196	3	1	377	1	376	5.41e-124	362
g1464.t1	VFG038678(gb|WP_011705284)	49.067	375	189	2	4	376	2	376	2.63e-122	358
g1464.t1	VFG038679(gb|WP_016350055)	48.800	375	190	2	4	376	2	376	1.47e-121	356
g1464.t1	VFG007396(gb|WP_005457645)	47.480	377	196	2	1	376	1	376	2.12e-120	353
g1464.t1	VFG038681(gb|WP_005334720)	48.936	376	188	3	4	376	2	376	3.61e-118	347
g1464.t1	VFG007399(gb|WP_005420337)	45.889	377	202	2	1	376	1	376	8.07e-118	346
g1464.t1	VFG025800(gb|WP_006485884)	45.430	372	203	0	5	376	4	375	1.63e-105	316
g1464.t1	VFG025798(gb|WP_011546705)	45.430	372	203	0	5	376	4	375	2.20e-105	315
g1464.t1	VFG025801(gb|WP_012327708)	45.308	373	204	0	4	376	3	375	5.54e-105	314
g1464.t1	VFG011255(gb|WP_010926559)	43.850	374	209	1	1	374	1	373	6.25e-100	301
g1464.t1	VFG011254(gb|WP_010928059)	43.850	374	209	1	1	374	1	373	6.46e-100	301
g1464.t1	VFG011253(gb|WP_010930321)	43.583	374	210	1	1	374	1	373	1.55e-99	300
g1464.t1	VFG011256(gb|WP_012417351)	45.040	373	199	2	5	374	4	373	7.20e-99	298
g1464.t1	VFG043035(gb|NP_460871)	43.127	371	210	1	1	371	1	370	3.00e-98	296
g1464.t1	VFG002523(gb|WP_004198640)	44.947	376	206	1	1	376	1	375	7.85e-97	293
g1464.t1	VFG025806(gb|WP_004524398)	44.947	376	206	1	1	376	1	375	1.32e-96	293
g1464.t1	VFG025808(gb|WP_011852319)	44.947	376	206	1	1	376	1	375	1.33e-96	293
g1464.t1	VFG025807(gb|WP_004525694)	44.681	376	207	1	1	376	1	375	1.33e-96	293
g1464.t1	VFG025810(gb|WP_009910087)	44.681	376	207	1	1	376	1	375	9.07e-96	291
g1464.t1	VFG043155(gb|WP_005462787)	39.516	372	225	0	5	376	4	375	2.36e-94	286
g1464.t1	VFG043171(gb|AAZ99733)	42.593	378	209	2	5	378	4	377	3.20e-93	283
g1464.t1	VFG017341(gb|WP_012105288)	42.049	371	214	1	1	371	1	370	3.41e-92	281
g1464.t1	VFG002686(gb|WP_002211099)	41.779	371	215	1	1	371	1	370	3.93e-91	278
g1464.t1	VFG003444(gb|WP_011192159)	41.509	371	216	1	1	371	1	370	6.90e-91	278
g1464.t1	VFG038860(gb|WP_005314298)	41.799	378	212	2	5	378	4	377	3.33e-90	276
g1464.t1	VFG043087(gb|WP_001278933)	41.576	368	215	0	4	371	2	369	1.05e-84	262
g1464.t1	VFG043214(gb|WP_002211451)	37.931	377	224	3	4	376	2	372	9.63e-83	257
g1464.t1	VFG002357(gb|WP_005164474)	41.711	374	217	1	1	374	1	373	4.71e-80	250
g1464.t1	VFG038680(gb|WP_005319305)	59.677	186	73	2	193	376	96	281	1.26e-73	230
g1464.t1	VFG038680(gb|WP_005319305)	34.513	113	67	2	4	112	2	111	3.42e-13	69.3
g1464.t1	VFG011876(gb|WP_011812703)	36.240	367	213	6	8	363	6	362	2.29e-68	219
g1464.t1	VFG018036(gb|WP_002857279)	35.849	371	205	6	8	361	6	360	3.68e-68	219
g1464.t1	VFG043309(gb|WP_011860706)	37.784	352	205	8	9	353	253	597	3.75e-68	225
g1464.t1	VFG001900(gb|YP_002343773)	35.849	371	205	6	8	361	6	360	4.91e-68	218
g1464.t1	VFG017788(gb|WP_011990650)	36.438	365	211	5	8	361	6	360	2.94e-67	216
g1464.t1	VFG011877(gb|WP_196218542)	36.034	358	196	7	8	349	6	346	7.53e-67	215
g1464.t1	VFG006621(gb|WP_000796831)	36.053	380	206	9	1	365	1	358	1.08e-59	196
g1464.t1	VFG006622(gb|WP_000796857)	36.685	368	197	8	1	353	1	347	5.05e-59	195
g1464.t1	VFG019610(gb|WP_000796858)	34.987	383	206	9	1	365	1	358	8.25e-59	194
g1464.t1	VFG019609(gb|WP_000796855)	35.955	356	216	4	1	353	1	347	6.44e-58	192
g1464.t1	VFG006625(gb|WP_011115858)	32.869	359	231	4	6	358	2	356	2.69e-57	191
g1464.t1	VFG016782(gb|WP_005767804)	33.333	357	225	6	3	352	4	354	5.57e-56	187
g1464.t1	VFG006623(gb|WP_000796898)	35.393	356	218	4	1	353	1	347	1.71e-55	186
g1464.t1	VFG043250(gb|NP_464206)	32.845	341	217	3	9	345	5	337	1.11e-53	181
g1464.t1	VFG006624(gb|WP_011577565)	34.595	370	225	7	1	365	1	358	3.90e-52	177
g1464.t1	VFG007165(gb|WP_005477705)	31.977	344	232	1	9	352	4	345	6.73e-52	176
g1464.t1	VFG041817(gb|WP_011147915)	32.764	351	216	7	9	350	4	343	7.57e-52	176
g1464.t1	VFG041946(gb|WP_011036425)	33.425	365	224	6	8	363	3	357	4.20e-51	174
g1464.t1	VFG041667(gb|WP_012777220)	31.339	351	221	7	9	350	4	343	1.88e-50	172
g1464.t1	VFG042031(gb|AAS91803)	32.000	350	226	4	9	353	4	346	5.36e-48	166
g1464.t1	VFG038355(gb|WP_005320739)	31.143	350	229	4	9	353	4	346	1.54e-47	165
g1464.t1	VFG041862(gb|WP_011136157)	32.849	344	215	6	9	345	3	337	3.14e-47	164
g1464.t1	VFG000397(gb|WP_002212936)	31.250	352	210	6	9	345	4	338	2.38e-45	159
g1464.t1	VFG018893(gb|WP_012228726)	30.986	355	213	6	9	348	4	341	3.62e-45	158
g1464.t1	VFG003474(gb|WP_005176440)	31.534	352	209	6	9	345	4	338	4.70e-45	158
g1464.t1	VFG003200(gb|WP_011901823)	31.250	352	210	6	9	345	4	338	5.39e-45	158
g1464.t1	VFG023733(gb|WP_010891221)	31.250	352	210	6	9	345	4	338	1.54e-44	157
g1464.t1	VFG011064(gb|WP_003809911)	31.609	348	224	2	9	350	4	343	2.63e-44	156
g1464.t1	VFG000041(gb|WP_010930815)	31.897	348	223	3	9	350	4	343	5.82e-44	155
g1464.t1	VFG023607(gb|WP_005156600)	30.659	349	212	7	4	338	2	334	1.44e-41	149
g1464.t1	VFG020922(gb|WP_001291719)	28.367	349	236	5	9	351	3	343	7.98e-41	147
g1464.t1	VFG018436(gb|WP_001291704)	28.940	349	234	5	9	351	3	343	9.81e-41	147
g1464.t1	VFG020925(gb|WP_001291721)	28.367	349	236	5	9	351	3	343	1.05e-40	147
g1464.t1	VFG041753(gb|WP_004551930)	32.845	341	204	8	20	348	15	342	1.25e-40	147
g1464.t1	VFG001766(gb|WP_002209053)	30.556	360	235	4	9	362	4	354	1.76e-40	146
g1464.t1	VFG017303(gb|WP_041175802)	30.278	360	236	4	9	362	4	354	7.80e-40	144
g1464.t1	VFG003377(gb|WP_011191577)	30.278	360	236	4	9	362	4	354	1.05e-39	144
g1464.t1	VFG018972(gb|WP_012304698)	30.278	360	236	4	9	362	4	354	1.11e-39	144
g1464.t1	VFG000522(gb|NP_460387)	28.367	349	236	5	9	351	3	343	1.27e-39	144
g1464.t1	VFG003953(gb|WP_001291715)	28.367	349	236	5	9	351	3	343	1.31e-39	144
g1464.t1	VFG020927(gb|WP_001291707)	28.653	349	235	5	9	351	3	343	1.48e-39	144
g1464.t1	VFG015094(gb|WP_003087668)	31.195	343	228	2	9	348	4	341	1.69e-39	143
g1464.t1	VFG020920(gb|WP_001291712)	28.367	349	236	5	9	351	3	343	2.09e-39	143
g1464.t1	VFG000185(gb|NP_250381)	31.195	343	228	2	9	348	4	341	2.57e-39	143
g1464.t1	VFG020923(gb|WP_001291714)	28.367	349	236	5	9	351	3	343	2.74e-39	143
g1464.t1	VFG003956(gb|WP_011264280)	28.367	349	236	5	9	351	3	343	2.88e-39	143
g1464.t1	VFG041770(gb|WP_004551828)	31.714	350	219	7	8	348	3	341	3.81e-39	142
g1464.t1	VFG041515(gb|WP_004155339)	31.707	369	203	9	9	352	3	347	2.20e-38	140
g1464.t1	VFG042229(gb|ABB77407)	32.143	364	192	10	9	344	3	339	1.11e-37	139
g1464.t1	VFG033638(gb|WP_001291687)	25.862	348	234	7	9	345	3	337	3.38e-37	137
g1464.t1	VFG033636(gb|WP_001291686)	25.862	348	234	7	9	345	3	337	6.22e-37	136
g1464.t1	VFG033630(gb|WP_001291693)	25.862	348	234	7	9	345	3	337	4.52e-36	134
g1464.t1	VFG000824(gb|WP_001291694)	25.862	348	234	7	9	345	3	337	5.67e-36	134
g1464.t1	VFG041535(gb|WP_012907131)	24.786	351	234	6	9	345	3	337	1.35e-35	133
g1464.t1	VFG016876(gb|WP_011006422)	28.612	353	231	8	9	351	3	344	5.95e-35	131
g1464.t1	VFG016877(gb|WP_011458099)	28.056	360	226	8	9	352	3	345	9.63e-35	131
g1464.t1	VFG041579(gb|WP_012847748)	28.947	342	231	4	9	345	3	337	2.08e-34	130
g1464.t1	VFG015203(gb|WP_003375716)	31.373	357	221	7	9	353	3	347	5.50e-34	129
g1464.t1	VFG016875(gb|WP_011097079)	27.966	354	234	7	9	352	3	345	6.67e-34	129
g1464.t1	VFG016871(gb|WP_010882970)	26.912	353	237	4	9	351	3	344	1.28e-33	128
g1464.t1	VFG041463(gb|WP_004161836)	27.327	333	205	8	9	326	3	313	1.80e-33	127
g1464.t1	VFG015205(gb|WP_004666089)	30.854	363	215	7	9	353	3	347	1.86e-33	127
g1464.t1	VFG016870(gb|WP_010230256)	29.296	355	228	8	9	352	3	345	1.87e-33	127
g1464.t1	VFG015204(gb|WP_004406538)	31.233	365	211	8	9	353	3	347	1.92e-33	127
g1464.t1	VFG016869(gb|WP_009871439)	27.855	359	228	7	9	352	3	345	2.62e-33	127
g1464.t1	VFG015570(gb|WP_009873548)	27.855	359	228	7	9	352	3	345	4.32e-33	126
g1464.t1	VFG041443(gb|WP_004165412)	25.762	361	257	6	10	367	4	356	5.37e-33	126
g1464.t1	VFG002127(gb|NP_219594)	27.855	359	228	7	9	352	3	345	5.81e-33	126
g1464.t1	VFG042086(gb|NP_311748)	26.480	321	219	7	9	324	3	311	8.09e-33	126
g1464.t1	VFG041999(gb|WP_011004161)	30.114	352	229	6	8	351	3	345	1.15e-32	125
g1464.t1	VFG000548(gb|NP_461808)	25.378	331	214	6	7	324	2	312	3.75e-30	118
g1464.t1	VFG003709(gb|WP_011264369)	24.611	321	229	4	7	324	2	312	4.23e-30	118
g1464.t1	VFG020475(gb|WP_000097722)	24.611	321	229	4	7	324	2	312	8.07e-30	117
g1464.t1	VFG003706(gb|WP_000097721)	24.611	321	229	4	7	324	2	312	8.84e-30	117
g1464.t1	VFG018532(gb|WP_000097724)	25.680	331	213	7	7	324	2	312	1.00e-28	114
g1464.t1	VFG001015(gb|NP_858289)	24.375	320	227	7	9	324	3	311	1.59e-27	110
g1464.t1	VFG012719(gb|WP_001284685)	23.620	326	222	8	9	324	3	311	5.57e-27	109
g1464.t1	VFG025060(gb|WP_004188512)	29.042	334	200	9	9	327	3	314	5.90e-27	110
g1464.t1	VFG041720(gb|WP_006489707)	29.446	343	231	6	9	347	3	338	9.24e-27	108
g1464.t1	VFG025067(gb|WP_009896146)	27.217	327	215	8	9	327	3	314	1.28e-26	109
g1464.t1	VFG025063(gb|WP_004533159)	28.743	334	201	9	9	327	3	314	2.84e-26	108
g1464.t1	VFG025064(gb|WP_004528818)	28.743	334	201	9	9	327	3	314	2.87e-26	108
g1464.t1	VFG002452(gb|WP_004525318)	28.743	334	201	9	9	327	3	314	2.87e-26	108
g1464.t1	VFG025065(gb|WP_011853457)	28.743	334	201	9	9	327	3	314	3.02e-26	108
g1464.t1	VFG003516(gb|WP_011817130)	27.500	320	217	4	9	324	3	311	5.28e-26	107
g1464.t1	VFG041853(gb|WP_011136168)	27.410	332	206	8	9	326	4	314	8.09e-25	103
g1464.t1	VFG042111(gb|WP_010913977)	28.693	352	227	8	4	345	2	339	1.31e-23	100
g1464.t1	VFG041702(gb|WP_015888339)	25.706	354	235	8	4	345	2	339	5.87e-22	95.5
g1464.t1	VFG007191(gb|WP_005478398)	25.479	365	239	11	1	353	1	344	2.65e-19	87.8
g1464.t1	VFG042176(gb|WP_010875099)	26.901	342	224	9	4	334	2	328	3.08e-19	87.8
g1464.t1	VFG041634(gb|WP_015835567)	20.846	331	229	6	5	323	2	311	1.25e-14	74.3
g1464.t1	VFG043362(gb|WP_011947507)	41.558	77	42	2	275	351	8	81	7.60e-11	58.2
g1464.t1	VFG006699(gb|WP_011116160)	39.286	84	48	2	275	358	6	86	4.42e-07	47.4
g1488.t1	VFG043362(gb|WP_011947507)	40.260	77	46	0	12	88	8	84	5.00e-18	72.4
g1488.t1	VFG006699(gb|WP_011116160)	39.241	79	44	2	10	86	4	80	5.55e-12	57.0
g1488.t1	VFG038681(gb|WP_005334720)	38.947	95	48	3	12	96	273	367	8.31e-12	60.1
g1488.t1	VFG038680(gb|WP_005319305)	37.895	95	49	3	12	96	178	272	3.19e-11	58.2
g1488.t1	VFG038679(gb|WP_016350055)	37.975	79	45	2	12	86	273	351	2.43e-10	55.8
g1488.t1	VFG038678(gb|WP_011705284)	37.975	79	45	2	12	86	273	351	2.62e-10	55.8
g1488.t1	VFG011256(gb|WP_012417351)	40.860	93	48	3	12	97	274	366	5.57e-10	54.7
g1488.t1	VFG019655(gb|WP_001044046)	38.667	75	42	3	11	83	6	78	5.27e-09	49.3
g1488.t1	VFG006695(gb|WP_001044047)	38.667	75	42	3	11	83	6	78	5.33e-09	49.3
g1488.t1	VFG006696(gb|WP_001044050)	38.667	75	42	3	11	83	6	78	5.38e-09	49.3
g1488.t1	VFG006698(gb|WP_011578468)	37.333	75	43	3	11	83	6	78	7.12e-09	48.9
g1488.t1	VFG041946(gb|WP_011036425)	38.372	86	51	1	12	95	269	354	8.05e-09	51.6
g1488.t1	VFG011255(gb|WP_010926559)	40.244	82	46	3	12	90	274	355	1.25e-08	50.8
g1488.t1	VFG043087(gb|WP_001278933)	39.744	78	44	2	12	86	273	350	1.42e-08	50.8
g1488.t1	VFG019654(gb|WP_001044054)	37.333	75	43	3	11	83	6	78	1.56e-08	48.1
g1488.t1	VFG006624(gb|WP_011577565)	42.254	71	39	2	12	80	270	340	1.81e-08	50.4
g1488.t1	VFG043309(gb|WP_011860706)	36.250	80	48	2	12	88	519	598	2.00e-08	50.4
g1488.t1	VFG043035(gb|NP_460871)	39.744	78	44	2	12	86	274	351	2.29e-08	50.1
g1488.t1	VFG011254(gb|WP_010928059)	40.244	82	46	3	12	90	274	355	3.28e-08	49.7
g1488.t1	VFG011253(gb|WP_010930321)	40.244	82	46	3	12	90	274	355	3.45e-08	49.7
g1488.t1	VFG014578(gb|WP_003155636)	39.744	78	44	2	12	86	275	352	4.60e-08	49.3
g1488.t1	VFG011877(gb|WP_196218542)	38.667	75	43	2	12	83	272	346	1.30e-07	48.1
g1488.t1	VFG019609(gb|WP_000796855)	40.845	71	40	2	12	80	270	340	1.58e-07	47.8
g1488.t1	VFG006623(gb|WP_000796898)	40.845	71	40	2	12	80	270	340	1.59e-07	47.8
g1488.t1	VFG014585(gb|WP_011534893)	36.842	95	50	3	12	96	275	369	1.71e-07	47.8
g1488.t1	VFG006622(gb|WP_000796857)	40.845	71	40	2	12	80	270	340	1.81e-07	47.8
g1488.t1	VFG014589(gb|WP_011913685)	35.955	89	53	3	12	96	275	363	2.05e-07	47.4
g1488.t1	VFG001262(gb|NP_250140)	38.462	78	45	2	12	86	275	352	2.16e-07	47.4
g1488.t1	VFG011876(gb|WP_011812703)	33.750	80	50	2	12	88	272	351	2.63e-07	47.0
g1488.t1	VFG018036(gb|WP_002857279)	33.750	80	50	2	12	88	272	351	2.81e-07	47.0
g1488.t1	VFG001900(gb|YP_002343773)	33.750	80	50	2	12	88	272	351	3.09e-07	47.0
g1488.t1	VFG017788(gb|WP_011990650)	33.750	80	50	2	12	88	272	351	3.38e-07	47.0
g1488.t1	VFG006621(gb|WP_000796831)	39.437	71	41	2	12	80	270	340	4.29e-07	46.6
g1488.t1	VFG006625(gb|WP_011115858)	37.037	81	45	2	12	86	270	350	4.46e-07	46.6
g1488.t1	VFG019610(gb|WP_000796858)	39.437	71	41	2	12	80	270	340	5.80e-07	46.2
g1488.t1	VFG014583(gb|WP_010955079)	35.789	95	51	3	12	96	275	369	8.24e-07	45.8
g1488.t1	VFG002013(gb|WP_011946726)	30.682	88	58	2	12	96	275	362	9.36e-07	45.4
g1488.t1	VFG002686(gb|WP_002211099)	35.714	84	51	2	12	92	274	357	1.03e-06	45.4
g1488.t1	VFG003444(gb|WP_011192159)	35.714	84	51	2	12	92	274	357	1.07e-06	45.4
g1488.t1	VFG014586(gb|WP_011059990)	37.079	89	47	3	12	91	275	363	1.13e-06	45.4
g1488.t1	VFG017341(gb|WP_012105288)	35.714	84	51	2	12	92	274	357	1.19e-06	45.4
g1488.t1	VFG014588(gb|WP_012019016)	38.298	94	48	4	12	96	275	367	1.32e-06	45.1
g1488.t1	VFG015710(gb|WP_012273495)	34.737	95	52	3	12	96	275	369	1.45e-06	45.1
g1488.t1	VFG025801(gb|WP_012327708)	39.535	86	49	3	12	94	274	359	1.49e-06	45.1
g1488.t1	VFG025798(gb|WP_011546705)	39.535	86	49	3	12	94	274	359	1.61e-06	45.1
g1488.t1	VFG025807(gb|WP_004525694)	37.778	90	52	4	12	97	274	363	1.66e-06	45.1
g1488.t1	VFG025800(gb|WP_006485884)	39.535	86	49	3	12	94	274	359	1.69e-06	45.1
g1488.t1	VFG002357(gb|WP_005164474)	35.714	84	51	2	12	92	274	357	1.74e-06	44.7
g1488.t1	VFG002523(gb|WP_004198640)	37.778	90	52	4	12	97	274	363	2.22e-06	44.7
g1488.t1	VFG025808(gb|WP_011852319)	37.778	90	52	4	12	97	274	363	2.24e-06	44.7
g1488.t1	VFG025806(gb|WP_004524398)	37.778	90	52	4	12	97	274	363	2.33e-06	44.7
g1488.t1	VFG025810(gb|WP_009910087)	37.778	90	52	4	12	97	274	363	2.72e-06	44.3
g1488.t1	VFG015711(gb|WP_012315508)	34.737	95	52	3	12	96	275	369	2.86e-06	44.3
g1488.t1	VFG014584(gb|WP_012051636)	34.737	95	52	3	12	96	275	369	3.57e-06	43.9
g1488.t1	VFG007394(gb|WP_000840982)	35.897	78	47	2	12	86	274	351	4.08e-06	43.9
g1488.t1	VFG007396(gb|WP_005457645)	32.143	84	54	2	12	92	274	357	4.91e-06	43.5
g1488.t1	VFG007397(gb|WP_011079847)	33.333	78	49	2	12	86	274	351	9.22e-06	42.7
g1793.t1	VFG043035(gb|NP_460871)	100.000	383	0	0	1	383	1	383	0.0	779
g1793.t1	VFG043087(gb|WP_001278933)	89.501	381	39	1	1	381	1	380	0.0	650
g1793.t1	VFG002686(gb|WP_002211099)	66.142	381	129	0	1	381	1	381	0.0	541
g1793.t1	VFG003444(gb|WP_011192159)	65.879	381	130	0	1	381	1	381	0.0	541
g1793.t1	VFG017341(gb|WP_012105288)	66.053	380	129	0	1	380	1	380	0.0	540
g1793.t1	VFG002357(gb|WP_005164474)	66.053	380	129	0	1	380	1	380	0.0	516
g1793.t1	VFG011255(gb|WP_010926559)	54.569	383	174	0	1	383	1	383	9.35e-145	415
g1793.t1	VFG011254(gb|WP_010928059)	54.569	383	174	0	1	383	1	383	1.30e-144	415
g1793.t1	VFG011253(gb|WP_010930321)	55.080	374	168	0	1	374	1	374	2.75e-143	412
g1793.t1	VFG011256(gb|WP_012417351)	56.684	374	162	0	1	374	1	374	1.71e-137	397
g1793.t1	VFG025801(gb|WP_012327708)	49.198	374	190	0	1	374	1	374	4.29e-116	343
g1793.t1	VFG025798(gb|WP_011546705)	48.930	374	191	0	1	374	1	374	2.39e-115	341
g1793.t1	VFG025800(gb|WP_006485884)	48.930	374	191	0	1	374	1	374	2.84e-115	341
g1793.t1	VFG025806(gb|WP_004524398)	48.128	374	194	0	1	374	1	374	2.01e-111	331
g1793.t1	VFG025808(gb|WP_011852319)	47.861	374	195	0	1	374	1	374	4.95e-111	330
g1793.t1	VFG002523(gb|WP_004198640)	47.861	374	195	0	1	374	1	374	7.90e-111	330
g1793.t1	VFG025810(gb|WP_009910087)	47.326	374	197	0	1	374	1	374	2.72e-110	328
g1793.t1	VFG025807(gb|WP_004525694)	47.861	374	195	0	1	374	1	374	3.00e-110	328
g1793.t1	VFG038678(gb|WP_011705284)	43.631	369	206	2	4	370	3	371	1.33e-100	303
g1793.t1	VFG014589(gb|WP_011913685)	43.583	374	204	3	1	370	1	371	2.81e-100	302
g1793.t1	VFG038679(gb|WP_016350055)	43.631	369	206	2	4	370	3	371	3.07e-100	301
g1793.t1	VFG007396(gb|WP_005457645)	43.011	372	209	3	1	370	1	371	8.99e-100	300
g1793.t1	VFG007397(gb|WP_011079847)	43.817	372	206	3	1	370	1	371	1.30e-99	300
g1793.t1	VFG007398(gb|WP_011150912)	43.817	372	206	3	1	370	1	371	1.69e-99	300
g1793.t1	VFG007399(gb|WP_005420337)	42.480	379	207	5	1	373	1	374	1.57e-98	297
g1793.t1	VFG014588(gb|WP_012019016)	42.246	374	215	1	1	373	1	374	4.26e-98	296
g1793.t1	VFG007394(gb|WP_000840982)	43.085	376	203	5	1	370	1	371	9.51e-98	295
g1793.t1	VFG015711(gb|WP_012315508)	45.576	373	200	3	1	370	1	373	1.63e-97	295
g1793.t1	VFG015710(gb|WP_012273495)	43.432	373	208	3	1	370	1	373	1.02e-96	293
g1793.t1	VFG001262(gb|NP_250140)	43.127	371	210	1	1	370	1	371	1.19e-95	290
g1793.t1	VFG038681(gb|WP_005334720)	42.818	369	209	2	4	370	3	371	1.21e-95	290
g1793.t1	VFG014578(gb|WP_003155636)	43.127	371	210	1	1	370	1	371	2.11e-95	289
g1793.t1	VFG014584(gb|WP_012051636)	44.772	373	203	3	1	370	1	373	3.54e-95	289
g1793.t1	VFG014587(gb|WP_011333061)	41.667	372	215	2	1	370	1	372	7.91e-95	288
g1793.t1	VFG014583(gb|WP_010955079)	43.164	373	209	3	1	370	1	373	1.05e-94	288
g1793.t1	VFG002013(gb|WP_011946726)	38.441	372	226	3	3	373	4	373	2.13e-94	287
g1793.t1	VFG014585(gb|WP_011534893)	43.351	376	210	3	1	373	1	376	6.74e-94	286
g1793.t1	VFG014582(gb|WP_002554275)	39.892	371	222	1	1	370	1	371	8.60e-93	283
g1793.t1	VFG014581(gb|WP_003316822)	40.162	371	221	1	1	370	1	371	5.07e-92	281
g1793.t1	VFG014580(gb|WP_005766982)	39.623	371	223	1	1	370	1	371	3.37e-91	278
g1793.t1	VFG019858(gb|WP_015885178)	41.867	375	215	3	1	373	1	374	2.55e-89	274
g1793.t1	VFG014586(gb|WP_011059990)	42.318	371	213	1	1	370	1	371	6.82e-89	273
g1793.t1	VFG011876(gb|WP_011812703)	35.933	359	218	3	5	357	4	356	1.45e-82	256
g1793.t1	VFG018036(gb|WP_002857279)	35.933	359	218	3	5	357	4	356	3.53e-82	255
g1793.t1	VFG001900(gb|YP_002343773)	35.933	359	218	3	5	357	4	356	6.82e-82	254
g1793.t1	VFG017788(gb|WP_011990650)	35.933	359	218	3	5	357	4	356	4.32e-81	252
g1793.t1	VFG043155(gb|WP_005462787)	35.401	387	222	3	1	373	1	373	7.78e-76	239
g1793.t1	VFG011877(gb|WP_196218542)	36.236	356	202	6	5	348	4	346	3.63e-75	237
g1793.t1	VFG043171(gb|AAZ99733)	38.933	375	225	2	1	373	1	373	7.00e-73	231
g1793.t1	VFG038860(gb|WP_005314298)	38.400	375	227	2	1	373	1	373	5.02e-71	227
g1793.t1	VFG043309(gb|WP_011860706)	34.561	353	222	3	8	355	253	601	7.31e-68	224
g1793.t1	VFG043214(gb|WP_002211451)	32.902	386	241	7	3	380	2	377	7.08e-65	211
g1793.t1	VFG006625(gb|WP_011115858)	33.884	363	210	8	5	351	2	350	3.14e-61	201
g1793.t1	VFG038680(gb|WP_005319305)	54.054	185	81	3	190	370	92	276	1.05e-58	192
g1793.t1	VFG038680(gb|WP_005319305)	32.710	107	72	0	4	110	3	109	8.71e-10	58.9
g1793.t1	VFG019610(gb|WP_000796858)	34.501	371	204	11	1	354	1	349	5.53e-57	190
g1793.t1	VFG006621(gb|WP_000796831)	34.232	371	205	11	1	354	1	349	5.59e-57	190
g1793.t1	VFG043250(gb|NP_464206)	32.749	342	222	3	5	344	2	337	5.80e-57	189
g1793.t1	VFG019609(gb|WP_000796855)	34.865	370	204	11	1	354	1	349	2.94e-56	188
g1793.t1	VFG006623(gb|WP_000796898)	35.405	370	202	11	1	354	1	349	4.40e-56	187
g1793.t1	VFG041817(gb|WP_011147915)	33.243	370	212	10	8	364	4	351	5.15e-56	187
g1793.t1	VFG007165(gb|WP_005477705)	31.198	359	230	5	8	360	4	351	5.26e-56	187
g1793.t1	VFG006622(gb|WP_000796857)	34.771	371	203	11	1	354	1	349	1.88e-55	186
g1793.t1	VFG006624(gb|WP_011577565)	33.957	374	202	11	1	354	1	349	7.81e-52	176
g1793.t1	VFG041946(gb|WP_011036425)	35.043	351	216	7	7	352	3	346	9.92e-52	176
g1793.t1	VFG041667(gb|WP_012777220)	33.053	357	209	9	8	349	4	345	2.03e-51	175
g1793.t1	VFG016782(gb|WP_005767804)	32.102	352	232	5	1	347	1	350	6.42e-50	171
g1793.t1	VFG018893(gb|WP_012228726)	31.339	351	217	6	8	347	4	341	3.40e-48	167
g1793.t1	VFG042031(gb|AAS91803)	32.584	356	225	5	8	358	4	349	5.96e-48	166
g1793.t1	VFG041862(gb|WP_011136157)	30.435	345	224	5	7	344	2	337	3.41e-47	164
g1793.t1	VFG000397(gb|WP_002212936)	31.445	353	214	7	8	347	4	341	9.84e-47	163
g1793.t1	VFG023733(gb|WP_010891221)	31.728	353	213	8	8	347	4	341	1.38e-46	162
g1793.t1	VFG003474(gb|WP_005176440)	31.728	353	213	7	8	347	4	341	1.75e-46	162
g1793.t1	VFG003200(gb|WP_011901823)	31.445	353	214	7	8	347	4	341	2.01e-46	162
g1793.t1	VFG020927(gb|WP_001291707)	30.423	355	223	6	7	350	2	343	6.76e-46	160
g1793.t1	VFG038355(gb|WP_005320739)	31.844	358	225	7	8	358	4	349	1.46e-45	159
g1793.t1	VFG020923(gb|WP_001291714)	30.141	355	224	6	7	350	2	343	6.95e-45	158
g1793.t1	VFG003956(gb|WP_011264280)	30.141	355	224	6	7	350	2	343	1.06e-44	157
g1793.t1	VFG018436(gb|WP_001291704)	28.732	355	229	6	7	350	2	343	1.69e-44	157
g1793.t1	VFG003953(gb|WP_001291715)	29.859	355	225	6	7	350	2	343	2.47e-44	156
g1793.t1	VFG020922(gb|WP_001291719)	29.577	355	226	6	7	350	2	343	4.04e-44	155
g1793.t1	VFG020925(gb|WP_001291721)	29.577	355	226	6	7	350	2	343	4.98e-44	155
g1793.t1	VFG041770(gb|WP_004551828)	28.696	345	236	5	7	347	3	341	5.35e-44	155
g1793.t1	VFG020920(gb|WP_001291712)	30.141	355	224	6	7	350	2	343	5.64e-44	155
g1793.t1	VFG023607(gb|WP_005156600)	29.480	346	229	6	1	340	1	337	6.33e-44	155
g1793.t1	VFG000522(gb|NP_460387)	29.577	355	226	6	7	350	2	343	8.67e-44	155
g1793.t1	VFG001766(gb|WP_002209053)	29.023	348	239	4	6	350	2	344	6.48e-43	152
g1793.t1	VFG017303(gb|WP_041175802)	29.023	348	239	4	6	350	2	344	2.36e-42	151
g1793.t1	VFG003377(gb|WP_011191577)	29.023	348	239	4	6	350	2	344	3.90e-42	150
g1793.t1	VFG016877(gb|WP_011458099)	27.920	351	236	4	8	350	3	344	3.92e-42	150
g1793.t1	VFG016876(gb|WP_011006422)	27.989	368	247	5	8	367	3	360	4.18e-42	150
g1793.t1	VFG018972(gb|WP_012304698)	29.023	348	239	4	6	350	2	344	6.04e-42	150
g1793.t1	VFG016875(gb|WP_011097079)	27.174	368	250	5	8	367	3	360	1.53e-41	149
g1793.t1	VFG011064(gb|WP_003809911)	31.054	351	222	7	8	349	4	343	9.01e-41	147
g1793.t1	VFG000041(gb|WP_010930815)	31.339	351	221	7	8	349	4	343	1.70e-40	146
g1793.t1	VFG041753(gb|WP_004551930)	29.762	336	223	6	18	347	14	342	2.68e-40	146
g1793.t1	VFG015204(gb|WP_004406538)	33.333	354	216	10	7	350	2	345	3.19e-40	145
g1793.t1	VFG000185(gb|NP_250381)	31.700	347	221	5	8	347	4	341	4.16e-40	145
g1793.t1	VFG041999(gb|WP_011004161)	32.203	354	219	9	7	350	3	345	5.04e-40	145
g1793.t1	VFG015094(gb|WP_003087668)	31.412	347	222	5	8	347	4	341	5.62e-40	145
g1793.t1	VFG015570(gb|WP_009873548)	27.324	355	243	3	8	355	3	349	1.12e-39	144
g1793.t1	VFG041535(gb|WP_012907131)	26.724	348	233	6	7	344	2	337	1.12e-39	144
g1793.t1	VFG016870(gb|WP_010230256)	27.429	350	239	3	8	350	3	344	1.24e-39	144
g1793.t1	VFG002127(gb|NP_219594)	27.042	355	244	3	8	355	3	349	2.62e-39	143
g1793.t1	VFG016869(gb|WP_009871439)	27.042	355	244	3	8	355	3	349	5.36e-39	142
g1793.t1	VFG033636(gb|WP_001291686)	26.801	347	232	6	8	344	3	337	1.49e-38	141
g1793.t1	VFG033630(gb|WP_001291693)	27.826	345	231	6	8	344	3	337	3.86e-38	140
g1793.t1	VFG016871(gb|WP_010882970)	27.248	367	251	4	8	367	3	360	3.99e-38	140
g1793.t1	VFG000824(gb|WP_001291694)	27.826	345	231	6	8	344	3	337	5.22e-38	139
g1793.t1	VFG015205(gb|WP_004666089)	31.519	349	229	6	7	350	2	345	6.90e-38	139
g1793.t1	VFG041579(gb|WP_012847748)	32.277	347	215	10	7	344	2	337	8.67e-38	139
g1793.t1	VFG033638(gb|WP_001291687)	26.513	347	233	6	8	344	3	337	2.29e-37	137
g1793.t1	VFG015203(gb|WP_003375716)	31.653	357	220	9	7	351	2	346	8.20e-37	136
g1793.t1	VFG042229(gb|ABB77407)	30.058	346	223	8	8	343	3	339	6.65e-35	131
g1793.t1	VFG041515(gb|WP_004155339)	30.595	353	228	9	8	351	3	347	7.84e-35	131
g1793.t1	VFG042086(gb|NP_311748)	25.312	320	224	4	8	323	3	311	3.50e-33	127
g1793.t1	VFG012719(gb|WP_001284685)	24.079	353	245	8	8	352	3	340	3.01e-28	113
g1793.t1	VFG003709(gb|WP_011264369)	22.995	374	245	10	8	365	4	350	6.97e-28	112
g1793.t1	VFG003706(gb|WP_000097721)	22.995	374	245	10	8	365	4	350	8.26e-28	112
g1793.t1	VFG042111(gb|WP_010913977)	25.278	360	229	9	3	344	2	339	8.99e-28	112
g1793.t1	VFG020475(gb|WP_000097722)	22.995	374	245	10	8	365	4	350	1.24e-27	111
g1793.t1	VFG041720(gb|WP_006489707)	30.259	347	223	7	8	346	3	338	1.44e-27	111
g1793.t1	VFG000548(gb|NP_461808)	23.098	368	252	8	8	365	4	350	1.46e-27	111
g1793.t1	VFG001015(gb|NP_858289)	23.164	354	247	8	8	352	3	340	1.83e-27	110
g1793.t1	VFG041463(gb|WP_004161836)	23.433	367	247	10	8	361	3	348	6.42e-26	107
g1793.t1	VFG003516(gb|WP_011817130)	23.478	345	247	6	8	347	3	335	7.23e-26	107
g1793.t1	VFG018532(gb|WP_000097724)	22.727	374	250	10	6	365	2	350	1.50e-25	105
g1793.t1	VFG042176(gb|WP_010875099)	24.716	352	227	10	3	337	2	332	3.52e-25	104
g1793.t1	VFG041702(gb|WP_015888339)	22.989	348	252	8	3	344	2	339	2.23e-23	99.8
g1793.t1	VFG041443(gb|WP_004165412)	22.133	375	253	7	9	366	4	356	2.91e-22	96.7
g1793.t1	VFG025067(gb|WP_009896146)	23.200	375	262	7	8	372	3	361	3.97e-21	93.6
g1793.t1	VFG041853(gb|WP_011136168)	26.625	323	214	10	6	320	2	309	4.38e-21	93.2
g1793.t1	VFG007191(gb|WP_005478398)	26.849	365	231	10	1	351	1	343	5.94e-20	90.1
g1793.t1	VFG025064(gb|WP_004528818)	23.006	326	230	5	8	326	3	314	8.02e-19	87.4
g1793.t1	VFG025065(gb|WP_011853457)	23.006	326	230	5	8	326	3	314	8.77e-19	87.0
g1793.t1	VFG025060(gb|WP_004188512)	22.430	321	238	3	8	326	3	314	1.02e-18	87.0
g1793.t1	VFG002452(gb|WP_004525318)	23.006	326	230	5	8	326	3	314	1.25e-18	86.7
g1793.t1	VFG025063(gb|WP_004533159)	23.006	326	230	5	8	326	3	314	1.37e-18	86.7
g1793.t1	VFG041634(gb|WP_015835567)	21.676	346	255	7	4	345	2	335	1.72e-14	73.9
g1793.t1	VFG043362(gb|WP_011947507)	44.156	77	40	2	274	350	8	81	6.67e-11	58.2
g1793.t1	VFG006699(gb|WP_011116160)	36.709	79	49	1	274	352	6	83	3.00e-08	50.8
g1793.t1	VFG006698(gb|WP_011578468)	34.177	79	51	1	269	347	2	79	2.07e-07	48.5
g1793.t1	VFG019654(gb|WP_001044054)	34.177	79	51	1	269	347	2	79	2.65e-07	48.1
g1793.t1	VFG006696(gb|WP_001044050)	34.177	79	51	1	269	347	2	79	3.16e-07	47.8
g1793.t1	VFG006695(gb|WP_001044047)	34.177	79	51	1	269	347	2	79	3.25e-07	47.8
g1793.t1	VFG019655(gb|WP_001044046)	34.177	79	51	1	269	347	2	79	3.45e-07	47.8
