g136.t1	VFG037105(gb|WP_002233356)	39.474	152	85	3	9	156	203	351	1.07e-31	119
g136.t1	VFG037100(gb|WP_010980745)	39.474	152	85	3	9	156	203	351	1.13e-31	119
g136.t1	VFG037099(gb|WP_002216163)	39.474	152	85	3	9	156	203	351	1.13e-31	119
g136.t1	VFG037110(gb|WP_002224229)	39.474	152	85	3	9	156	203	351	1.14e-31	119
g136.t1	VFG037112(gb|WP_002221795)	39.474	152	85	3	9	156	203	351	1.28e-31	119
g136.t1	VFG037104(gb|WP_003687002)	38.816	152	86	3	9	156	203	351	3.99e-31	117
g136.t1	VFG037101(gb|WP_010951394)	38.816	152	86	3	9	156	203	351	4.03e-31	117
g136.t1	VFG037116(gb|WP_013448170)	38.158	152	87	3	9	156	203	351	1.87e-30	115
g5113.t1	VFG037105(gb|WP_002233356)	41.509	159	85	2	50	206	199	351	5.24e-32	121
g5113.t1	VFG037100(gb|WP_010980745)	41.509	159	85	2	50	206	199	351	5.68e-32	121
g5113.t1	VFG037099(gb|WP_002216163)	41.509	159	85	2	50	206	199	351	5.68e-32	121
g5113.t1	VFG037112(gb|WP_002221795)	41.509	159	85	2	50	206	199	351	5.80e-32	121
g5113.t1	VFG037110(gb|WP_002224229)	41.509	159	85	2	50	206	199	351	5.80e-32	121
g5113.t1	VFG037104(gb|WP_003687002)	40.881	159	86	2	50	206	199	351	2.50e-31	119
g5113.t1	VFG037101(gb|WP_010951394)	40.881	159	86	2	50	206	199	351	2.53e-31	119
g5113.t1	VFG037116(gb|WP_013448170)	40.252	159	87	2	50	206	199	351	1.28e-30	117
g4100.t1	VFG037105(gb|WP_002233356)	43.871	155	82	1	47	201	202	351	8.59e-36	131
g4100.t1	VFG037110(gb|WP_002224229)	43.871	155	82	1	47	201	202	351	9.61e-36	131
g4100.t1	VFG037112(gb|WP_002221795)	43.871	155	82	1	47	201	202	351	9.80e-36	131
g4100.t1	VFG037100(gb|WP_010980745)	43.871	155	82	1	47	201	202	351	1.00e-35	131
g4100.t1	VFG037099(gb|WP_002216163)	43.871	155	82	1	47	201	202	351	1.00e-35	131
g4100.t1	VFG037116(gb|WP_013448170)	43.226	155	83	1	47	201	202	351	3.25e-35	130
g4100.t1	VFG037101(gb|WP_010951394)	43.226	155	83	1	47	201	202	351	4.72e-35	129
g4100.t1	VFG037104(gb|WP_003687002)	43.226	155	83	1	47	201	202	351	4.77e-35	129
