g1669.t1	VFG008795(gb|WP_003901497)	26.214	206	136	4	136	334	1547	1743	8.19e-10	60.1
g1669.t1	VFG008788(gb|WP_014001497)	26.214	206	136	4	136	334	1547	1743	8.26e-10	60.1
g1669.t1	VFG007893(gb|WP_010950802)	26.214	206	136	4	136	334	1547	1743	8.34e-10	60.1
g1669.t1	VFG001408(gb|NP_217456)	26.214	206	136	4	136	334	1547	1743	8.41e-10	60.1
g1669.t1	VFG008791(gb|WP_015294046)	26.214	206	136	4	136	334	1547	1743	9.97e-10	60.1
g1669.t1	VFG007855(gb|WP_162292826)	27.313	227	144	7	120	334	1577	1794	1.02e-09	60.1
g1669.t1	VFG008878(gb|WP_162143265)	27.313	227	144	7	120	334	1577	1794	1.04e-09	60.1
g1669.t1	VFG008790(gb|WP_015291064)	26.214	206	136	4	136	334	1547	1743	1.14e-09	59.7
g1669.t1	VFG022413(gb|WP_181013047)	27.313	227	144	7	120	334	1577	1794	1.19e-09	59.7
g1669.t1	VFG008789(gb|WP_015303649)	26.699	206	135	4	136	334	1547	1743	1.86e-09	58.9
g1669.t1	VFG022442(gb|WP_003910676)	25.728	206	137	4	136	334	1547	1743	3.14e-09	58.5
g1669.t1	VFG007849(gb|NP_217449)	25.641	234	139	7	120	334	1563	1780	5.52e-09	57.8
g1669.t1	VFG008884(gb|WP_009938592)	25.641	234	139	7	120	334	1563	1780	5.57e-09	57.8
g1669.t1	VFG008874(gb|WP_015288408)	25.641	234	139	7	120	334	1563	1780	5.62e-09	57.8
g1669.t1	VFG007851(gb|WP_003899548)	25.641	234	139	7	120	334	1563	1780	5.62e-09	57.8
g1669.t1	VFG022415(gb|WP_014001494)	25.641	234	139	7	120	334	1563	1780	5.67e-09	57.8
g1669.t1	VFG008876(gb|WP_015291057)	25.641	234	139	7	120	334	1563	1780	7.02e-09	57.4
g1669.t1	VFG008875(gb|WP_015303644)	25.641	234	139	7	120	334	1563	1780	7.40e-09	57.4
g1669.t1	VFG008877(gb|WP_015294040)	25.641	234	139	7	120	334	1563	1780	7.47e-09	57.4
g1669.t1	VFG007895(gb|WP_010907558)	25.728	206	137	4	136	334	1545	1741	8.81e-09	57.0
g1669.t1	VFG007854(gb|WP_010908854)	25.551	227	148	7	120	334	1576	1793	9.00e-09	57.0
g1669.t1	VFG026099(gb|WP_011402028)	35.000	100	63	2	131	229	1909	2007	9.68e-08	53.9
g1669.t1	VFG049148(gb|WP_041168941)	34.314	102	65	2	126	226	2796	2896	1.81e-07	52.8
g1669.t1	VFG043693(gb|WP_001518711)	34.314	102	65	2	126	226	2796	2896	1.81e-07	52.8
g2240.t1	VFG007855(gb|WP_162292826)	24.434	221	156	4	123	341	1583	1794	5.30e-10	60.8
g2240.t1	VFG008878(gb|WP_162143265)	24.434	221	156	4	123	341	1583	1794	5.34e-10	60.8
g2240.t1	VFG022413(gb|WP_181013047)	24.434	221	156	4	123	341	1583	1794	5.84e-10	60.8
g2240.t1	VFG008874(gb|WP_015288408)	24.766	214	150	4	130	341	1576	1780	7.03e-10	60.5
g2240.t1	VFG022415(gb|WP_014001494)	24.766	214	150	4	130	341	1576	1780	7.29e-10	60.5
g2240.t1	VFG007851(gb|WP_003899548)	24.766	214	150	4	130	341	1576	1780	7.29e-10	60.5
g2240.t1	VFG007849(gb|NP_217449)	24.766	214	150	4	130	341	1576	1780	7.29e-10	60.5
g2240.t1	VFG008884(gb|WP_009938592)	24.766	214	150	4	130	341	1576	1780	7.35e-10	60.5
g2240.t1	VFG008875(gb|WP_015303644)	24.766	214	150	4	130	341	1576	1780	9.86e-10	60.1
g2240.t1	VFG008876(gb|WP_015291057)	24.766	214	150	4	130	341	1576	1780	1.07e-09	60.1
g2240.t1	VFG008877(gb|WP_015294040)	24.766	214	150	4	130	341	1576	1780	1.09e-09	60.1
g2240.t1	VFG007854(gb|WP_010908854)	25.352	213	150	4	130	341	1589	1793	2.01e-09	59.3
g2240.t1	VFG026097(gb|WP_011852139)	27.273	209	137	4	135	339	1917	2114	9.14e-07	50.8
g2240.t1	VFG026095(gb|WP_004535489)	27.273	209	137	4	135	339	1917	2114	9.38e-07	50.8
g2240.t1	VFG026096(gb|WP_004527662)	27.273	209	137	4	135	339	1917	2114	9.89e-07	50.8
g2240.t1	VFG026092(gb|WP_004202217)	27.273	209	137	4	135	339	1917	2114	1.03e-06	50.4
g2240.t1	VFG026091(gb|WP_004194140)	27.273	209	137	4	135	339	1917	2114	1.04e-06	50.4
g2240.t1	VFG026090(gb|WP_012327964)	26.794	209	138	4	135	339	1914	2111	3.28e-06	48.9
g2240.t1	VFG026088(gb|WP_011694168)	26.794	209	138	4	135	339	1913	2110	3.58e-06	48.9
g2240.t1	VFG026087(gb|WP_011544664)	26.794	209	138	4	135	339	1913	2110	3.71e-06	48.9
g2240.t1	VFG008790(gb|WP_015291064)	24.883	213	135	4	138	341	1547	1743	4.32e-06	48.5
g2240.t1	VFG008795(gb|WP_003901497)	24.883	213	135	4	138	341	1547	1743	4.51e-06	48.5
g2240.t1	VFG008791(gb|WP_015294046)	24.883	213	135	4	138	341	1547	1743	4.51e-06	48.5
g2240.t1	VFG001408(gb|NP_217456)	24.883	213	135	4	138	341	1547	1743	4.51e-06	48.5
g2240.t1	VFG008788(gb|WP_014001497)	24.883	213	135	4	138	341	1547	1743	4.55e-06	48.5
g2240.t1	VFG007893(gb|WP_010950802)	24.883	213	135	4	138	341	1547	1743	4.63e-06	48.5
g2240.t1	VFG026089(gb|WP_006484972)	26.316	209	139	4	135	339	1916	2113	5.13e-06	48.5
g2240.t1	VFG002548(gb|WP_004550042)	26.794	209	138	4	135	339	1917	2114	8.21e-06	47.8
g1485.t1	VFG007855(gb|WP_162292826)	24.123	228	152	6	123	343	1583	1796	1.87e-08	56.2
g1485.t1	VFG008878(gb|WP_162143265)	24.123	228	152	6	123	343	1583	1796	1.88e-08	56.2
g1485.t1	VFG022413(gb|WP_181013047)	24.123	228	152	6	123	343	1583	1796	2.17e-08	55.8
g1485.t1	VFG007854(gb|WP_010908854)	23.853	218	147	5	130	341	1589	1793	6.53e-08	54.3
g1485.t1	VFG008874(gb|WP_015288408)	22.936	218	149	5	130	341	1576	1780	9.28e-08	53.9
g1485.t1	VFG022415(gb|WP_014001494)	22.936	218	149	5	130	341	1576	1780	9.36e-08	53.9
g1485.t1	VFG007851(gb|WP_003899548)	22.936	218	149	5	130	341	1576	1780	9.36e-08	53.9
g1485.t1	VFG007849(gb|NP_217449)	22.936	218	149	5	130	341	1576	1780	9.45e-08	53.9
g1485.t1	VFG008884(gb|WP_009938592)	22.936	218	149	5	130	341	1576	1780	9.78e-08	53.9
g1485.t1	VFG008877(gb|WP_015294040)	22.936	218	149	5	130	341	1576	1780	1.27e-07	53.5
g1485.t1	VFG008875(gb|WP_015303644)	22.936	218	149	5	130	341	1576	1780	1.30e-07	53.5
g1485.t1	VFG008876(gb|WP_015291057)	22.936	218	149	5	130	341	1576	1780	1.34e-07	53.5
g1485.t1	VFG024721(gb|WP_041180293)	24.766	214	136	6	135	341	1513	1708	1.45e-06	50.1
g1485.t1	VFG029279(gb|WP_041180907)	24.766	214	136	6	135	341	1513	1708	1.48e-06	50.1
g1485.t1	VFG029277(gb|WP_041179942)	24.766	214	136	6	135	341	1513	1708	1.58e-06	50.1
g1485.t1	VFG024736(gb|WP_044501805)	24.766	214	136	6	135	341	1511	1706	1.61e-06	50.1
g1485.t1	VFG024733(gb|WP_039847076)	24.766	214	136	6	135	341	1511	1706	1.62e-06	50.1
g1485.t1	VFG029278(gb|WP_041181569)	24.766	214	136	6	135	341	1513	1708	1.68e-06	50.1
g1485.t1	VFG029273(gb|YP_005924086)	24.766	214	136	6	135	341	1022	1217	1.97e-06	49.7
g1485.t1	VFG029283(gb|WP_151223887)	24.766	214	136	6	135	341	1022	1217	2.14e-06	49.7
g1485.t1	VFG024730(gb|NP_217462)	24.766	214	136	6	135	341	1022	1217	2.16e-06	49.7
g1485.t1	VFG026099(gb|WP_011402028)	25.472	212	137	6	135	339	1911	2108	2.59e-06	49.3
