g109.t1	VFG032994(gb|WP_011702113)	36.170	376	207	10	30	398	9	358	7.80e-62	217
g109.t1	VFG032991(gb|WP_010990928)	37.534	373	206	10	30	398	9	358	1.00e-61	217
g109.t1	VFG033011(gb|WP_003730390)	36.461	373	210	10	30	398	9	358	3.41e-60	213
g109.t1	VFG032996(gb|WP_012581401)	36.729	373	209	10	30	398	9	358	3.44e-60	213
g109.t1	VFG033023(gb|WP_012985524)	35.904	376	208	10	30	398	9	358	5.13e-60	212
g109.t1	VFG033016(gb|WP_014601964)	36.267	375	208	10	30	398	9	358	7.50e-60	212
g109.t1	VFG033018(gb|WP_003723736)	36.267	375	208	10	30	398	9	358	8.04e-60	212
g109.t1	VFG032997(gb|WP_012951576)	36.267	375	208	10	30	398	9	358	8.29e-60	212
g109.t1	VFG032992(gb|NP_464816)	36.267	375	208	10	30	398	9	358	9.64e-60	211
g109.t1	VFG033010(gb|WP_003734520)	36.267	375	208	10	30	398	9	358	2.30e-59	211
g109.t1	VFG033022(gb|WP_014092689)	36.170	376	207	10	30	398	9	358	2.99e-59	210
g109.t1	VFG033003(gb|WP_014929578)	36.267	375	208	10	30	398	9	358	3.30e-59	210
g109.t1	VFG032993(gb|WP_003727507)	36.267	375	208	10	30	398	9	358	3.47e-59	210
g109.t1	VFG014101(gb|NP_251847)	30.749	374	197	15	36	398	25	347	4.14e-29	122
