g595.t1	VFG009879(gb|WP_173362732)	40.496	121	64	3	37	153	138	254	1.25e-15	72.8
g595.t1	VFG009880(gb|WP_203431724)	39.474	114	61	3	37	146	138	247	1.18e-13	67.0
g595.t1	VFG006833(gb|WP_011702190)	33.051	118	70	4	42	153	176	290	1.13e-11	61.2
g595.t1	VFG032638(gb|WP_014654264)	33.051	118	70	4	42	153	176	290	1.97e-11	60.8
g595.t1	VFG019396(gb|WP_003736550)	33.051	118	70	4	42	153	176	290	1.97e-11	60.8
g595.t1	VFG006832(gb|WP_003771747)	33.051	118	70	4	42	153	176	290	1.97e-11	60.8
g595.t1	VFG006830(gb|NP_464903)	33.051	118	70	4	42	153	176	290	1.97e-11	60.8
g595.t1	VFG009877(gb|WP_011742227)	40.860	93	51	2	61	153	183	271	6.57e-11	59.3
g595.t1	VFG024195(gb|WP_008254067)	40.860	93	51	2	61	153	187	275	7.54e-11	58.9
g595.t1	VFG024194(gb|WP_036397793)	40.860	93	51	2	61	153	187	275	7.76e-11	58.9
g595.t1	VFG024196(gb|WP_036390311)	40.860	93	51	2	61	153	187	275	7.84e-11	58.9
g595.t1	VFG009882(gb|WP_011561678)	40.860	93	51	2	61	153	184	272	1.00e-10	58.5
g595.t1	VFG009881(gb|WP_011856925)	40.860	93	51	2	61	153	184	272	1.20e-10	58.5
g595.t1	VFG032653(gb|WP_014092758)	31.356	118	72	4	42	153	176	290	1.76e-10	57.8
g595.t1	VFG009874(gb|WP_003877497)	40.860	93	51	2	61	153	187	275	2.13e-10	57.8
g595.t1	VFG032654(gb|WP_003747594)	31.356	118	72	4	42	153	176	290	2.24e-10	57.8
g595.t1	VFG009875(gb|WP_019732008)	40.860	93	51	2	61	153	187	275	2.43e-10	57.4
g595.t1	VFG009876(gb|WP_010907576)	40.860	93	51	2	61	153	183	271	4.90e-10	56.6
g595.t1	VFG027234(gb|WP_015292586)	40.860	93	51	2	61	153	183	271	6.01e-10	56.2
g595.t1	VFG009872(gb|WP_003405123)	40.860	93	51	2	61	153	183	271	6.13e-10	56.2
g595.t1	VFG009869(gb|NP_215497)	40.860	93	51	2	61	153	183	271	6.49e-10	56.2
g595.t1	VFG022949(gb|WP_013827875)	39.785	93	52	2	61	153	183	271	6.88e-10	56.2
g595.t1	VFG027248(gb|YP_005359673)	40.860	93	51	2	61	153	66	154	7.97e-10	55.8
g595.t1	VFG027132(gb|WP_005064129)	34.921	126	65	3	39	150	155	277	1.19e-09	55.5
g595.t1	VFG022912(gb|YP_001701426)	34.921	126	65	3	39	150	177	299	1.34e-09	55.5
g595.t1	VFG009878(gb|WP_014878346)	41.379	87	47	2	67	153	190	272	3.95e-09	53.9
g595.t1	VFG027135(gb|WP_015289263)	34.167	120	62	2	45	150	162	278	4.42e-09	53.9
g595.t1	VFG027147(gb|YP_007956930)	34.167	120	62	2	45	150	162	278	4.49e-09	53.9
g595.t1	VFG027245(gb|YP_007957124)	41.573	89	48	2	61	149	14	98	4.99e-09	53.1
g595.t1	VFG022914(gb|WP_014000393)	34.167	120	62	2	45	150	162	278	5.10e-09	53.5
g595.t1	VFG022913(gb|WP_013988770)	34.167	120	62	2	45	150	162	278	5.20e-09	53.5
g595.t1	VFG027136(gb|WP_015292432)	34.167	120	62	2	45	150	162	278	5.35e-09	53.5
g595.t1	VFG027133(gb|WP_015287911)	34.167	120	62	2	45	150	162	278	5.35e-09	53.5
g595.t1	VFG009812(gb|WP_003898576)	34.167	120	62	2	45	150	162	278	5.35e-09	53.5
g595.t1	VFG009810(gb|NP_215272)	34.167	120	62	2	45	150	162	278	5.61e-09	53.5
g595.t1	VFG009813(gb|WP_003403870)	34.167	120	62	2	45	150	162	278	5.67e-09	53.5
g595.t1	VFG009820(gb|WP_036377494)	31.579	114	61	2	51	150	168	278	3.60e-08	51.2
g595.t1	VFG027254(gb|WP_015309037)	39.316	117	63	3	37	149	161	273	6.84e-08	50.4
g595.t1	VFG022943(gb|YP_001701821)	40.909	88	48	2	66	153	199	282	1.50e-07	49.3
g595.t1	VFG027230(gb|WP_005063389)	40.909	88	48	2	66	153	190	273	1.55e-07	49.3
g595.t1	VFG027236(gb|WP_014850324)	40.909	88	48	2	66	153	190	273	1.73e-07	49.3
g595.t1	VFG052339(gb|NP_463156.1)	33.019	106	71	0	41	146	62	167	2.86e-07	48.5
g595.t1	VFG027154(gb|WP_020821555)	31.579	114	61	3	51	150	167	277	4.77e-07	48.1
g595.t1	VFG024171(gb|WP_014710887)	31.579	114	61	3	51	150	167	277	4.77e-07	48.1
g595.t1	VFG024170(gb|WP_014381773)	31.579	114	61	3	51	150	167	277	4.77e-07	48.1
g595.t1	VFG024169(gb|WP_099961986)	30.400	125	70	2	40	150	176	297	4.79e-07	48.1
g595.t1	VFG009817(gb|WP_011738793)	29.452	146	80	4	25	150	136	278	5.16e-07	47.8
g595.t1	VFG027137(gb|WP_015357321)	29.452	146	80	4	25	150	136	278	5.36e-07	47.8
g595.t1	VFG022911(gb|WP_012396470)	29.452	146	80	4	25	150	136	278	5.46e-07	47.8
g595.t1	VFG024182(gb|WP_008253899)	31.624	117	68	2	37	146	143	254	5.62e-07	47.8
g595.t1	VFG009819(gb|WP_041799901)	30.400	125	70	2	40	150	149	270	5.79e-07	47.8
g595.t1	VFG009815(gb|WP_162830471)	29.134	127	73	2	38	150	153	276	1.54e-06	46.6
g595.t1	VFG009816(gb|WP_165928405)	29.134	127	73	2	38	150	153	276	1.60e-06	46.6
g595.t1	VFG022917(gb|WP_013830538)	31.579	114	61	3	51	150	169	279	1.68e-06	46.6
g595.t1	VFG009822(gb|WP_011561966)	32.000	125	68	3	40	150	153	274	2.70e-06	45.8
g595.t1	VFG009821(gb|WP_011857087)	32.000	125	68	3	40	150	153	274	2.72e-06	45.8
g595.t1	VFG027203(gb|WP_015632690)	29.915	117	70	2	37	146	143	254	3.97e-06	45.4
g595.t1	VFG009845(gb|WP_011723897)	29.915	117	70	2	37	146	143	254	4.08e-06	45.4
g595.t1	VFG009839(gb|NP_215417)	33.333	117	67	3	37	146	143	255	5.97e-06	44.7
g595.t1	VFG027184(gb|WP_015289381)	33.333	117	67	3	37	146	143	255	6.03e-06	44.7
g595.t1	VFG022933(gb|WP_013827764)	30.769	117	70	3	37	146	141	253	6.32e-06	44.7
