g840.t1	VFG030270(gb|WP_015291172)	37.186	199	122	2	1	197	1	198	1.50e-30	115
g840.t1	VFG030279(gb|YP_007959089)	37.186	199	122	2	1	197	1	198	3.06e-30	114
g840.t1	VFG030264(gb|WP_013988971)	37.186	199	122	2	1	197	1	198	3.12e-30	114
g840.t1	VFG030282(gb|YP_005361637)	37.186	199	122	2	1	197	1	198	3.16e-30	114
g840.t1	VFG030268(gb|WP_015288451)	37.186	199	122	2	1	197	1	198	3.50e-30	114
g840.t1	VFG030258(gb|NP_217601)	37.186	199	122	2	1	197	1	198	3.58e-30	114
g840.t1	VFG030274(gb|WP_015575276)	37.186	199	122	2	1	197	1	198	3.73e-30	114
g840.t1	VFG030269(gb|WP_015303737)	37.186	199	122	2	1	197	1	198	3.77e-30	114
g840.t1	VFG030263(gb|WP_012054339)	37.186	199	122	2	1	197	1	198	3.77e-30	114
g840.t1	VFG030266(gb|WP_014001574)	36.683	199	123	2	1	197	1	198	1.41e-29	112
g840.t1	VFG005766(gb|WP_000861302)	27.500	200	131	4	9	201	4	196	1.85e-22	92.8
g840.t1	VFG005765(gb|WP_000861303)	27.500	200	131	4	9	201	4	196	1.95e-22	92.8
g840.t1	VFG038840(gb|WP_005300916)	28.333	240	165	4	4	240	3	238	2.62e-22	92.4
g840.t1	VFG038839(gb|WP_011707832)	28.796	191	134	2	4	193	5	194	3.83e-19	84.0
g840.t1	VFG038841(gb|WP_005318273)	28.272	191	135	2	4	193	5	194	4.07e-19	84.0
g840.t1	VFG012977(gb|WP_000347664)	27.143	210	133	5	1	202	1	198	8.95e-16	74.7
g840.t1	VFG012973(gb|WP_000347670)	26.667	210	134	5	1	202	1	198	1.01e-15	74.7
g840.t1	VFG000934(gb|WP_000348393)	27.143	210	133	5	1	202	1	198	1.08e-15	74.7
g840.t1	VFG012978(gb|WP_000347634)	27.143	210	133	5	1	202	1	198	1.49e-15	74.3
g840.t1	VFG048401(gb|WP_014837779)	27.053	207	132	3	4	202	6	201	1.70e-15	73.9
g840.t1	VFG048402(gb|WP_014228362)	27.053	207	132	3	4	202	6	201	3.23e-15	73.2
g840.t1	VFG050144(gb|WP_001048423)	24.737	190	137	2	4	193	6	189	9.37e-15	72.0
g840.t1	VFG012974(gb|NP_706451)	26.667	210	134	5	1	202	1	198	1.81e-14	71.2
g840.t1	VFG012976(gb|WP_000347662)	26.667	210	134	5	1	202	1	198	2.01e-14	70.9
g840.t1	VFG048408(gb|WP_012068428)	26.570	207	133	3	4	202	6	201	3.13e-14	70.5
g840.t1	VFG048407(gb|WP_024622880)	26.667	210	134	4	1	202	1	198	9.16e-14	69.3
g840.t1	VFG048405(gb|YP_005225749)	26.087	207	134	3	4	202	6	201	9.51e-14	69.3
g840.t1	VFG048404(gb|WP_008805588)	26.087	207	134	3	4	202	6	201	1.94e-13	68.2
g840.t1	VFG048409(gb|WP_086074289)	26.667	210	134	4	1	202	1	198	2.44e-13	67.8
g840.t1	VFG049999(gb|NP_391080)	26.178	191	140	1	3	193	5	194	7.29e-13	66.6
g840.t1	VFG026115(gb|WP_006484930)	31.282	195	118	6	7	193	8	194	6.30e-12	64.3
g840.t1	VFG049994(gb|WP_001048422)	24.737	190	137	2	4	193	6	189	8.48e-12	63.5
g840.t1	VFG049995(gb|WP_001048437)	25.258	194	136	3	4	193	6	194	3.10e-11	62.0
g840.t1	VFG007210(gb|WP_011081751)	25.134	187	132	3	11	193	13	195	9.57e-11	60.8
g840.t1	VFG019276(gb|WP_006073147)	23.980	196	128	3	4	194	13	192	1.80e-10	59.7
g840.t1	VFG011619(gb|WP_004688790)	23.980	196	128	3	4	194	13	192	2.54e-10	59.3
g840.t1	VFG011617(gb|WP_002966566)	23.980	196	128	3	4	194	13	192	2.79e-10	59.3
g840.t1	VFG044369(gb|WP_013318793)	26.396	197	120	6	4	193	7	185	2.86e-10	59.3
g840.t1	VFG011616(gb|WP_004681144)	23.980	196	128	3	4	194	13	192	3.04e-10	59.3
g840.t1	VFG044427(gb|CAJ45634)	25.843	178	129	3	10	186	9	184	4.75e-10	58.5
g840.t1	VFG044425(gb|AAW66007)	25.405	185	135	3	10	193	9	191	5.97e-10	58.2
g840.t1	VFG050143(gb|WP_001972439)	23.158	190	145	1	4	193	6	194	1.26e-09	57.4
g840.t1	VFG026114(gb|WP_082194386)	27.820	266	153	11	7	247	7	258	1.37e-09	57.4
g840.t1	VFG026117(gb|WP_004194054)	25.773	194	130	5	7	193	8	194	4.87e-09	55.8
g840.t1	VFG002550(gb|WP_009938563)	25.773	194	130	5	7	193	8	194	5.45e-09	55.5
g840.t1	VFG026123(gb|WP_011852140)	25.773	194	130	5	7	193	8	194	1.33e-08	54.3
g840.t1	VFG050142(gb|WP_001100506)	24.737	190	139	2	4	193	6	191	2.31e-08	53.5
g840.t1	VFG049997(gb|WP_003185961)	25.263	190	141	1	4	193	1	189	2.96e-08	53.1
g840.t1	VFG049991(gb|WP_001100504)	24.211	190	140	2	4	193	6	191	5.11e-08	52.8
g840.t1	VFG050000(gb|WP_001100501)	24.211	190	140	2	4	193	6	191	5.21e-08	52.8
g840.t1	VFG049996(gb|WP_001100500)	24.211	190	140	2	4	193	6	191	5.83e-08	52.4
g840.t1	VFG026116(gb|WP_012327962)	27.692	195	125	7	7	193	7	193	6.11e-07	49.3
g840.t1	VFG026125(gb|WP_009889312)	27.426	237	141	9	33	247	31	258	4.21e-06	47.0
g3342.t1	VFG030270(gb|WP_015291172)	37.714	175	108	1	6	179	10	184	5.11e-29	110
g3342.t1	VFG030279(gb|YP_007959089)	37.143	175	109	1	6	179	10	184	1.68e-28	109
g3342.t1	VFG030263(gb|WP_012054339)	37.143	175	109	1	6	179	10	184	1.85e-28	109
g3342.t1	VFG030269(gb|WP_015303737)	37.143	175	109	1	6	179	10	184	1.87e-28	109
g3342.t1	VFG030258(gb|NP_217601)	37.143	175	109	1	6	179	10	184	1.88e-28	109
g3342.t1	VFG030268(gb|WP_015288451)	37.143	175	109	1	6	179	10	184	1.90e-28	109
g3342.t1	VFG030274(gb|WP_015575276)	37.143	175	109	1	6	179	10	184	1.99e-28	109
g3342.t1	VFG030264(gb|WP_013988971)	37.143	175	109	1	6	179	10	184	2.01e-28	109
g3342.t1	VFG030282(gb|YP_005361637)	37.143	175	109	1	6	179	10	184	2.80e-28	109
g3342.t1	VFG030266(gb|WP_014001574)	37.143	175	109	1	6	179	10	184	3.64e-28	108
g3342.t1	VFG005765(gb|WP_000861303)	27.586	203	134	4	6	202	5	200	6.72e-25	99.4
g3342.t1	VFG005766(gb|WP_000861302)	27.586	203	134	4	6	202	5	200	7.94e-25	99.0
g3342.t1	VFG038840(gb|WP_005300916)	28.191	188	131	3	5	191	8	192	7.86e-20	85.9
g3342.t1	VFG038839(gb|WP_011707832)	30.672	238	144	9	3	224	8	240	2.85e-18	81.6
g3342.t1	VFG038841(gb|WP_005318273)	27.386	241	148	7	3	224	8	240	1.77e-17	79.3
g3342.t1	VFG026114(gb|WP_082194386)	33.500	200	119	6	5	196	9	202	6.58e-17	78.2
g3342.t1	VFG049997(gb|WP_003185961)	30.677	251	141	7	6	235	7	245	4.99e-16	75.5
g3342.t1	VFG049999(gb|NP_391080)	29.508	183	128	1	6	187	12	194	1.02e-15	74.7
g3342.t1	VFG050144(gb|WP_001048423)	29.730	185	122	3	5	187	11	189	1.34e-15	74.3
g3342.t1	VFG019276(gb|WP_006073147)	29.648	199	126	5	4	199	17	204	1.78e-15	73.9
g3342.t1	VFG011619(gb|WP_004688790)	29.648	199	126	5	4	199	17	204	2.30e-15	73.6
g3342.t1	VFG011617(gb|WP_002966566)	29.146	199	127	5	4	199	17	204	1.34e-14	71.6
g3342.t1	VFG011616(gb|WP_004681144)	29.146	199	127	5	4	199	17	204	1.55e-14	71.2
g3342.t1	VFG048401(gb|WP_014837779)	32.973	185	107	5	7	187	13	184	4.56e-13	67.0
g3342.t1	VFG048402(gb|WP_014228362)	32.973	185	107	5	7	187	13	184	6.87e-13	66.6
g3342.t1	VFG012978(gb|WP_000347634)	30.769	182	115	3	7	187	10	181	7.91e-13	66.2
g3342.t1	VFG049994(gb|WP_001048422)	29.730	185	122	3	5	187	11	189	8.33e-13	66.6
g3342.t1	VFG026123(gb|WP_011852140)	31.034	203	120	7	5	196	10	203	8.62e-13	66.6
g3342.t1	VFG026115(gb|WP_006484930)	30.732	205	118	8	5	196	10	203	9.06e-13	66.6
g3342.t1	VFG002550(gb|WP_009938563)	31.343	201	118	7	7	196	12	203	1.54e-12	65.9
g3342.t1	VFG026117(gb|WP_004194054)	31.343	201	118	7	7	196	12	203	1.56e-12	65.9
g3342.t1	VFG026116(gb|WP_012327962)	30.151	199	131	5	5	198	9	204	2.46e-12	65.1
g3342.t1	VFG012973(gb|WP_000347670)	30.220	182	116	3	7	187	10	181	4.70e-12	64.3
g3342.t1	VFG012974(gb|NP_706451)	30.220	182	116	3	7	187	10	181	5.99e-12	63.9
g3342.t1	VFG012977(gb|WP_000347664)	30.220	182	116	3	7	187	10	181	6.60e-12	63.9
g3342.t1	VFG012976(gb|WP_000347662)	30.220	182	116	3	7	187	10	181	6.93e-12	63.5
g3342.t1	VFG050143(gb|WP_001972439)	29.348	184	129	1	5	187	11	194	8.22e-12	63.5
g3342.t1	VFG048404(gb|WP_008805588)	30.220	182	116	2	7	187	13	184	9.11e-12	63.5
g3342.t1	VFG000934(gb|WP_000348393)	29.670	182	117	3	7	187	10	181	2.93e-11	62.0
g3342.t1	VFG048408(gb|WP_012068428)	30.270	185	112	4	7	187	13	184	3.80e-11	61.6
g3342.t1	VFG048409(gb|WP_086074289)	29.670	182	117	3	7	187	10	181	6.70e-11	60.8
g3342.t1	VFG048407(gb|WP_024622880)	29.670	182	117	3	7	187	10	181	8.60e-11	60.5
g3342.t1	VFG048405(gb|YP_005225749)	29.670	182	117	3	7	187	13	184	9.20e-11	60.5
g3342.t1	VFG044369(gb|WP_013318793)	25.743	202	139	2	7	207	14	205	4.63e-10	58.5
g3342.t1	VFG049995(gb|WP_001048437)	27.717	184	132	1	5	187	11	194	5.33e-10	58.5
g3342.t1	VFG049991(gb|WP_001100504)	28.804	184	127	3	5	187	11	191	4.90e-09	55.5
g3342.t1	VFG050000(gb|WP_001100501)	28.804	184	127	3	5	187	11	191	5.04e-09	55.5
g3342.t1	VFG049996(gb|WP_001100500)	28.804	184	127	3	5	187	11	191	5.54e-09	55.5
g3342.t1	VFG050142(gb|WP_001100506)	28.804	184	127	3	5	187	11	191	7.21e-09	55.1
g3342.t1	VFG026125(gb|WP_009889312)	30.168	179	105	7	29	196	33	202	7.24e-08	52.0
g3342.t1	VFG007210(gb|WP_011081751)	25.926	189	130	4	5	187	11	195	1.53e-07	51.2
