g245.t1	VFG009650(gb|WP_011730343)	24.713	348	209	14	84	415	62	372	5.71e-06	48.1
g2253.t1	VFG002097(gb|WP_010946287)	22.018	327	228	7	28	349	19	323	4.99e-09	57.8
g2253.t1	VFG047612(gb|WP_012280362)	22.756	312	202	8	22	315	4	294	4.29e-08	55.1
g2253.t1	VFG047628(gb|WP_013922326)	22.756	312	202	8	22	315	4	294	1.26e-07	53.5
g2253.t1	VFG047627(gb|WP_014714614)	22.611	314	200	8	22	315	4	294	2.04e-07	52.8
g2253.t1	VFG047616(gb|WP_012429084)	22.254	346	223	9	25	352	7	324	2.88e-07	52.4
g2253.t1	VFG047611(gb|WP_003035149)	22.254	346	223	9	25	352	7	324	3.37e-07	52.4
g2253.t1	VFG047613(gb|WP_003017348)	22.154	325	210	8	43	352	28	324	3.46e-07	52.0
g2253.t1	VFG047619(gb|WP_003024596)	22.654	309	200	8	25	315	7	294	3.61e-07	52.0
g2253.t1	VFG047620(gb|WP_044247513)	22.360	322	211	8	25	328	7	307	5.37e-07	51.6
g2253.t1	VFG044370(gb|AAQ21378)	26.531	343	217	9	29	338	25	365	1.36e-06	50.4
g2253.t1	VFG047646(gb|WP_013922399)	31.092	119	80	1	28	146	12	128	6.11e-06	48.1
g2253.t1	VFG047618(gb|WP_003019748)	22.654	309	200	8	25	315	7	294	7.22e-06	48.1
g4175.t1	VFG036963(gb|WP_015815889)	28.061	196	123	4	57	237	57	249	8.38e-12	66.6
g4175.t1	VFG036955(gb|WP_002236670)	28.061	196	123	4	57	237	57	249	1.22e-11	66.2
g4175.t1	VFG036962(gb|WP_014573759)	28.061	196	123	4	57	237	57	249	1.37e-11	65.9
g4175.t1	VFG036966(gb|WP_014581242)	28.061	196	123	4	57	237	57	249	1.40e-11	65.9
g4175.t1	VFG036958(gb|WP_002247957)	28.061	196	123	4	57	237	57	249	1.40e-11	65.9
g4175.t1	VFG036964(gb|WP_002218710)	28.061	196	123	4	57	237	57	249	1.41e-11	65.9
g4175.t1	VFG036956(gb|WP_002224867)	27.551	196	124	4	57	237	57	249	2.98e-11	65.1
g4175.t1	VFG036965(gb|WP_002226030)	27.551	196	124	4	57	237	57	249	8.40e-11	63.5
g4175.t1	VFG036960(gb|WP_003703449)	27.551	196	124	3	57	237	57	249	1.08e-10	63.2
g4175.t1	VFG036959(gb|WP_012222039)	27.041	196	125	4	57	237	57	249	2.07e-10	62.4
g4175.t1	VFG036957(gb|WP_010951322)	27.551	196	124	3	57	237	57	249	2.13e-10	62.4
g4175.t1	VFG002097(gb|WP_010946287)	24.251	367	231	15	24	364	28	373	2.84e-09	58.5
g4175.t1	VFG036972(gb|WP_042508130)	26.531	196	126	4	57	237	57	249	2.98e-09	58.5
g4175.t1	VFG044370(gb|AAQ21378)	32.203	118	78	2	20	137	33	148	9.28e-07	50.8
g486.t1	VFG047636(gb|WP_003027757)	23.913	276	187	6	1	267	1	262	2.28e-09	58.9
g486.t1	VFG047641(gb|WP_014550222)	23.741	278	189	6	1	269	1	264	2.52e-09	58.5
g486.t1	VFG047634(gb|WP_082264100)	23.741	278	189	6	1	269	16	279	2.96e-09	58.5
g486.t1	VFG047631(gb|WP_010031864)	23.741	278	189	6	1	269	1	264	3.03e-09	58.5
g486.t1	VFG047644(gb|WP_041941976)	22.662	278	188	8	1	267	1	262	3.20e-09	58.2
g486.t1	VFG047638(gb|WP_014548928)	24.275	276	186	6	1	267	1	262	5.27e-09	57.8
g486.t1	VFG047646(gb|WP_013922399)	24.590	244	163	7	36	269	32	264	7.48e-08	53.9
g486.t1	VFG047645(gb|WP_014714670)	23.214	280	188	8	1	269	1	264	1.44e-07	53.1
g486.t1	VFG047630(gb|WP_041268173)	22.454	383	259	12	1	367	1	361	1.48e-07	53.1
g1436.t1	VFG002097(gb|WP_010946287)	27.189	217	152	4	2	213	10	225	7.24e-11	63.5
g2752.t1	VFG002097(gb|WP_010946287)	22.222	432	282	10	32	447	32	425	6.73e-12	67.0
g2752.t1	VFG047646(gb|WP_013922399)	36.000	75	43	1	28	97	14	88	1.48e-06	50.1
g2752.t1	VFG047630(gb|WP_041268173)	26.515	132	70	3	28	146	14	131	2.46e-06	49.3
g2912.t1	VFG032174(gb|WP_012985162)	22.423	388	269	10	13	385	34	404	2.81e-10	62.0
g2912.t1	VFG032167(gb|WP_014601830)	22.251	382	277	10	13	385	34	404	4.41e-10	61.2
g2912.t1	VFG032151(gb|WP_003721403)	22.251	382	277	10	13	385	34	404	5.03e-10	61.2
g2912.t1	VFG032154(gb|WP_014931278)	22.251	382	277	10	13	385	34	404	9.18e-10	60.5
g2912.t1	VFG001089(gb|NP_464364)	21.990	382	278	9	13	385	34	404	2.95e-09	58.5
g2912.t1	VFG019359(gb|WP_003724769)	21.990	382	278	9	13	385	34	404	9.36e-09	57.0
g2912.t1	VFG032162(gb|WP_003729463)	21.990	382	278	9	13	385	34	404	1.02e-08	57.0
g2912.t1	VFG019360(gb|WP_012581691)	22.338	385	273	10	13	385	34	404	1.10e-08	57.0
g2912.t1	VFG006773(gb|WP_003734276)	21.990	382	278	9	13	385	34	404	1.12e-08	57.0
g2912.t1	VFG044351(gb|WP_033111749)	28.767	146	100	2	7	152	8	149	4.16e-07	52.0
g2912.t1	VFG032173(gb|WP_014092267)	21.149	383	280	9	13	385	34	404	4.81e-06	48.5
g3457.t1	VFG002097(gb|WP_010946287)	24.740	384	242	11	20	390	24	373	6.16e-12	67.0
g3584.t1	VFG002097(gb|WP_010946287)	25.484	310	185	7	29	326	33	308	8.07e-10	60.5
g3590.t1	VFG009654(gb|WP_208856679)	22.951	366	240	13	55	408	37	372	5.56e-08	54.3
g3590.t1	VFG009655(gb|WP_011558675)	22.951	366	240	13	55	408	51	386	5.90e-08	54.3
g3590.t1	VFG009653(gb|WP_011854955)	22.951	366	240	13	55	408	51	386	9.77e-08	53.5
g3590.t1	VFG036963(gb|WP_015815889)	25.616	203	129	5	8	200	4	194	1.68e-06	50.1
g3590.t1	VFG036959(gb|WP_012222039)	22.419	339	206	8	8	301	4	330	3.17e-06	49.3
g3590.t1	VFG036957(gb|WP_010951322)	22.419	339	206	9	8	301	4	330	4.58e-06	48.5
g3590.t1	VFG036960(gb|WP_003703449)	22.714	339	205	9	8	301	4	330	5.31e-06	48.5
g3590.t1	VFG036962(gb|WP_014573759)	25.123	203	130	5	8	200	4	194	6.56e-06	48.1
g3590.t1	VFG002097(gb|WP_010946287)	21.408	341	224	10	57	385	58	366	8.00e-06	47.8
g3590.t1	VFG036966(gb|WP_014581242)	24.631	203	131	5	8	200	4	194	8.76e-06	47.8
g3590.t1	VFG036958(gb|WP_002247957)	24.631	203	131	5	8	200	4	194	9.07e-06	47.8
g3590.t1	VFG036964(gb|WP_002218710)	24.631	203	131	5	8	200	4	194	9.47e-06	47.8
g4104.t1	VFG045330(gb|WP_010947054)	24.348	115	87	0	19	133	14	128	2.09e-06	49.3
