g2274.t1	VFG037853(gb|YP_001083146)	29.787	141	93	2	369	506	272	409	1.03e-09	61.6
g2274.t1	VFG037858(gb|WP_001075975)	29.787	141	93	2	369	506	346	483	1.06e-09	61.6
g2274.t1	VFG037852(gb|WP_001075965)	29.787	141	93	2	369	506	346	483	1.26e-09	61.2
g2274.t1	VFG037861(gb|WP_001075971)	29.787	141	93	2	369	506	346	483	1.99e-09	60.8
g2274.t1	VFG037856(gb|WP_020752678)	27.660	141	96	2	369	506	345	482	2.28e-09	60.5
g2274.t1	VFG037857(gb|WP_001075969)	29.787	141	93	2	369	506	346	483	2.42e-09	60.5
g2274.t1	VFG037855(gb|WP_001075978)	29.078	141	94	2	369	506	346	483	2.80e-09	60.1
g2274.t1	VFG037849(gb|WP_001075382)	29.078	141	94	2	369	506	345	482	6.39e-09	58.9
g2274.t1	VFG037850(gb|WP_001075963)	28.369	141	95	2	369	506	346	483	6.50e-09	58.9
g2274.t1	VFG038076(gb|WP_001075368)	26.950	141	97	2	369	506	345	482	9.40e-08	55.5
