g332.t1	VFG029483(gb|NP_214848)	100.000	288	0	0	1	288	1	288	0.0	585
g332.t1	VFG029516(gb|WP_015292076)	99.653	288	1	0	1	288	1	288	0.0	583
g332.t1	VFG029503(gb|WP_012392567)	91.319	288	25	0	1	288	1	288	0.0	545
g332.t1	VFG029529(gb|YP_005359072)	94.483	290	13	2	1	288	1	289	0.0	543
g332.t1	VFG029495(gb|WP_011738875)	90.972	288	26	0	1	288	1	288	0.0	543
g332.t1	VFG029507(gb|WP_014943052)	85.764	288	41	0	1	288	1	288	0.0	520
g332.t1	VFG029508(gb|WP_008261569)	85.417	288	42	0	1	288	1	288	0.0	518
g332.t1	VFG029485(gb|WP_010908937)	87.108	287	37	0	1	287	1	287	0.0	518
g332.t1	VFG029487(gb|WP_003879222)	83.681	288	47	0	1	288	1	288	0.0	509
g332.t1	VFG029496(gb|WP_011777879)	84.669	287	44	0	1	287	1	287	0.0	508
g332.t1	VFG029492(gb|WP_011557862)	83.275	287	48	0	1	287	1	287	0.0	504
g332.t1	VFG029491(gb|WP_011854408)	82.578	287	50	0	1	287	1	287	0.0	500
g332.t1	VFG029504(gb|WP_013827269)	78.819	288	61	0	1	288	1	288	5.79e-175	484
g332.t1	VFG029490(gb|WP_011726901)	78.819	288	61	0	1	288	1	288	1.42e-173	481
g332.t1	VFG029506(gb|WP_011891286)	79.094	287	60	0	1	287	1	287	1.91e-173	480
g332.t1	VFG029498(gb|YP_001704840)	77.431	288	65	0	1	288	1	288	1.13e-172	478
g332.t1	VFG029535(gb|WP_015304374)	78.397	287	62	0	1	287	1	287	2.48e-172	477
g332.t1	VFG007661(gb|WP_011261023)	58.333	288	119	1	1	287	1	288	6.76e-125	358
g332.t1	VFG006015(gb|WP_000676152)	59.441	286	115	1	1	285	1	286	8.58e-124	355
g332.t1	VFG048823(gb|WP_014230059)	58.824	289	118	1	1	288	1	289	1.29e-123	354
g332.t1	VFG048822(gb|WP_004122480)	58.824	289	118	1	1	288	1	289	1.78e-123	354
g332.t1	VFG005898(gb|WP_002904719)	59.441	286	115	1	1	285	1	286	2.48e-123	353
g332.t1	VFG018664(gb|WP_012000426)	59.091	286	116	1	1	285	1	286	2.67e-123	353
g332.t1	VFG048826(gb|YP_005227857)	58.131	289	120	1	1	288	1	289	3.48e-123	353
g332.t1	VFG007660(gb|WP_011149274)	59.862	289	112	1	1	285	1	289	1.89e-122	351
g332.t1	VFG037938(gb|WP_000104825)	59.233	287	116	1	2	287	4	290	4.50e-122	350
g332.t1	VFG005997(gb|WP_002263084)	59.091	286	116	1	1	285	1	286	6.44e-122	350
g332.t1	VFG006041(gb|WP_011681286)	58.392	286	118	1	1	285	1	286	8.02e-122	350
g332.t1	VFG006052(gb|WP_011226150)	58.392	286	118	1	1	285	1	286	8.85e-122	349
g332.t1	VFG047041(gb|WP_014548762)	55.517	290	124	2	1	285	1	290	1.01e-117	339
g332.t1	VFG047044(gb|WP_014550113)	55.172	290	125	2	1	285	1	290	1.15e-117	339
g332.t1	VFG047048(gb|WP_014714814)	55.401	287	124	1	1	283	1	287	1.37e-117	339
g332.t1	VFG045308(gb|WP_011213310)	55.944	286	125	1	1	285	1	286	5.35e-117	337
g332.t1	VFG047040(gb|WP_003025230)	53.952	291	129	1	1	286	1	291	5.67e-117	337
g332.t1	VFG047039(gb|WP_003018140)	53.952	291	129	1	1	286	1	291	5.67e-117	337
g332.t1	VFG047037(gb|WP_012429802)	53.952	291	129	1	1	286	1	291	1.69e-116	336
g332.t1	VFG047034(gb|WP_010030797)	53.952	291	129	1	1	286	1	291	1.69e-116	336
g332.t1	VFG047049(gb|WP_013922612)	54.704	287	126	1	1	283	1	287	3.06e-116	336
g332.t1	VFG047033(gb|WP_012280623)	54.704	287	126	1	1	283	1	287	3.20e-115	333
g332.t1	VFG018001(gb|WP_002866148)	52.069	290	136	2	1	287	1	290	3.31e-107	313
g332.t1	VFG050173(gb|WP_000702222)	27.869	244	143	8	2	212	5	248	1.03e-15	75.5
g332.t1	VFG016382(gb|WP_000757832)	27.074	229	138	6	2	201	6	234	1.82e-15	74.7
g332.t1	VFG050186(gb|WP_001971585)	27.511	229	137	7	2	201	6	234	1.89e-15	74.7
g332.t1	VFG016402(gb|WP_000757828)	27.074	229	138	6	2	201	6	234	5.73e-15	73.6
g332.t1	VFG050206(gb|WP_000757850)	27.313	227	136	6	4	201	8	234	7.45e-15	73.2
g332.t1	VFG016433(gb|WP_000757777)	27.074	229	138	6	2	201	6	234	1.32e-14	72.4
g332.t1	VFG016417(gb|WP_000757774)	27.074	229	138	6	2	201	6	234	2.60e-14	71.6
g332.t1	VFG013162(gb|WP_012340251)	29.439	214	112	8	1	175	1	214	2.20e-12	65.9
g332.t1	VFG013351(gb|WP_041604256)	29.439	214	112	8	1	175	1	214	2.33e-12	65.9
g332.t1	VFG013347(gb|WP_005652408)	28.704	216	111	8	1	175	1	214	8.78e-12	64.3
g332.t1	VFG013346(gb|WP_005693178)	28.241	216	112	8	1	175	1	214	1.28e-11	63.9
g332.t1	VFG005865(gb|WP_002262524)	24.786	234	136	8	2	198	8	238	2.03e-11	63.2
g332.t1	VFG013350(gb|WP_010945286)	26.636	214	118	7	1	175	1	214	4.89e-11	62.0
g332.t1	VFG016527(gb|NP_975120)	24.336	226	142	6	2	198	5	230	5.50e-11	62.0
g332.t1	VFG013348(gb|WP_012054583)	28.241	216	112	8	1	175	1	214	5.90e-11	61.6
g332.t1	VFG016547(gb|NP_975957)	25.221	226	140	6	2	198	5	230	6.27e-11	61.6
g332.t1	VFG017747(gb|WP_011990749)	26.154	195	134	6	1	194	1	186	9.47e-11	60.5
g332.t1	VFG011688(gb|WP_002869406)	27.500	160	107	5	1	159	1	152	8.70e-10	57.8
g332.t1	VFG048990(gb|WP_001741945)	26.606	218	121	9	1	179	4	221	2.52e-09	57.0
g332.t1	VFG048794(gb|WP_049256767)	26.606	218	121	9	1	179	4	221	2.52e-09	57.0
g332.t1	VFG048960(gb|WP_014599212)	26.606	218	121	9	1	179	4	221	2.56e-09	57.0
g332.t1	VFG038115(gb|YP_005796985)	24.569	232	140	8	2	198	4	235	3.24e-09	56.6
g332.t1	VFG038100(gb|WP_000591446)	24.569	232	140	8	2	198	4	235	3.42e-09	56.6
g332.t1	VFG048792(gb|WP_024188874)	26.606	218	121	9	1	179	4	221	3.48e-09	56.6
g332.t1	VFG001951(gb|YP_002344806)	27.933	179	121	6	1	179	1	171	3.73e-09	55.8
g332.t1	VFG038105(gb|WP_000591436)	24.569	232	140	8	2	198	4	235	3.97e-09	56.2
g332.t1	VFG038117(gb|WP_000591433)	24.569	232	140	8	2	198	4	235	5.10e-09	55.8
g332.t1	VFG048991(gb|YP_005227874)	26.606	218	121	9	1	179	6	223	5.45e-09	56.2
g332.t1	VFG005875(gb|WP_011889256)	23.504	234	139	9	2	198	6	236	6.43e-09	55.8
g332.t1	VFG005879(gb|WP_011018342)	23.504	234	139	9	2	198	6	236	6.49e-09	55.8
g332.t1	VFG005871(gb|WP_002991444)	23.504	234	139	9	2	198	6	236	6.61e-09	55.8
g332.t1	VFG005874(gb|WP_002986125)	22.078	231	146	7	2	198	6	236	6.64e-09	55.8
g332.t1	VFG037896(gb|WP_000591426)	25.000	232	139	8	2	198	4	235	9.49e-09	55.1
g332.t1	VFG005872(gb|WP_002982024)	23.504	234	139	9	2	198	6	236	1.14e-08	55.1
g332.t1	VFG038126(gb|WP_000591431)	25.431	232	138	9	2	198	4	235	1.32e-08	54.7
g332.t1	VFG037919(gb|WP_000591430)	25.431	232	138	9	2	198	4	235	2.12e-08	54.3
g332.t1	VFG000964(gb|WP_010922799)	26.357	129	76	3	2	111	6	134	2.34e-08	54.3
g332.t1	VFG038080(gb|WP_000591439)	24.138	232	141	8	2	198	4	235	4.61e-08	53.1
g332.t1	VFG011681(gb|WP_002870158)	29.730	111	75	3	1	111	1	108	1.81e-07	50.8
g332.t1	VFG048974(gb|WP_016946203)	24.771	218	125	7	1	179	6	223	2.27e-07	51.2
g332.t1	VFG048975(gb|WP_032719844)	24.771	218	125	7	1	179	6	223	2.29e-07	51.2
g332.t1	VFG037965(gb|WP_000617450)	29.375	160	103	7	5	160	125	278	4.83e-06	47.4
g332.t1	VFG037996(gb|WP_000617447)	30.000	160	102	7	5	160	125	278	8.45e-06	46.6
g5261.t1	VFG048826(gb|YP_005227857)	67.944	287	92	0	4	290	2	288	6.05e-149	419
g5261.t1	VFG048823(gb|WP_014230059)	66.899	287	95	0	4	290	2	288	8.54e-147	413
g5261.t1	VFG048822(gb|WP_004122480)	66.899	287	95	0	4	290	2	288	1.46e-146	412
g5261.t1	VFG005997(gb|WP_002263084)	69.444	288	88	0	4	291	2	289	2.01e-146	412
g5261.t1	VFG005898(gb|WP_002904719)	68.641	287	90	0	4	290	2	288	5.67e-146	411
g5261.t1	VFG018664(gb|WP_012000426)	68.293	287	91	0	4	290	2	288	1.07e-145	410
g5261.t1	VFG006052(gb|WP_011226150)	67.708	288	93	0	4	291	2	289	4.48e-144	406
g5261.t1	VFG006041(gb|WP_011681286)	67.361	288	94	0	4	291	2	289	2.94e-143	404
g5261.t1	VFG006015(gb|WP_000676152)	67.708	288	93	0	4	291	2	289	1.23e-141	400
g5261.t1	VFG037938(gb|WP_000104825)	65.517	290	100	0	1	290	1	290	3.49e-141	399
g5261.t1	VFG007660(gb|WP_011149274)	66.438	292	95	1	4	292	2	293	5.97e-141	399
g5261.t1	VFG007661(gb|WP_011261023)	63.860	285	103	0	4	288	2	286	1.73e-138	392
g5261.t1	VFG047041(gb|WP_014548762)	62.630	289	104	1	4	288	2	290	6.93e-132	375
g5261.t1	VFG047044(gb|WP_014550113)	62.630	289	104	1	4	288	2	290	8.17e-132	375
g5261.t1	VFG047040(gb|WP_003025230)	61.433	293	109	1	4	292	2	294	2.42e-131	374
g5261.t1	VFG047039(gb|WP_003018140)	61.856	291	107	1	4	290	2	292	6.05e-131	373
g5261.t1	VFG047037(gb|WP_012429802)	61.856	291	107	1	4	290	2	292	2.35e-130	372
g5261.t1	VFG047034(gb|WP_010030797)	61.512	291	108	1	4	290	2	292	8.18e-130	370
g5261.t1	VFG047048(gb|WP_014714814)	60.690	290	111	1	4	290	2	291	2.42e-129	369
g5261.t1	VFG047049(gb|WP_013922612)	60.345	290	112	1	4	290	2	291	6.42e-129	368
g5261.t1	VFG018001(gb|WP_002866148)	58.824	289	117	1	4	290	2	290	6.33e-128	365
g5261.t1	VFG029490(gb|WP_011726901)	63.542	288	98	2	4	288	2	285	9.21e-128	365
g5261.t1	VFG047033(gb|WP_012280623)	59.655	290	114	1	4	290	2	291	3.22e-127	363
g5261.t1	VFG029508(gb|WP_008261569)	62.799	293	102	3	4	293	2	290	5.82e-127	363
g5261.t1	VFG029507(gb|WP_014943052)	62.414	290	108	1	4	293	2	290	6.49e-127	363
g5261.t1	VFG029487(gb|WP_003879222)	62.116	293	104	2	4	293	2	290	8.47e-126	360
g5261.t1	VFG045308(gb|WP_011213310)	59.310	290	118	0	4	293	2	291	6.99e-125	358
g5261.t1	VFG029506(gb|WP_011891286)	62.847	288	100	2	4	288	2	285	7.41e-125	357
g5261.t1	VFG029483(gb|NP_214848)	62.105	285	107	1	4	288	2	285	1.72e-124	357
g5261.t1	VFG029516(gb|WP_015292076)	62.105	285	107	1	4	288	2	285	4.13e-124	355
g5261.t1	VFG029496(gb|WP_011777879)	61.806	288	103	2	4	288	2	285	1.24e-123	354
g5261.t1	VFG029495(gb|WP_011738875)	61.458	288	104	2	4	288	2	285	2.38e-123	353
g5261.t1	VFG029503(gb|WP_012392567)	61.458	288	104	2	4	288	2	285	4.06e-123	353
g5261.t1	VFG029485(gb|WP_010908937)	61.458	288	104	2	4	288	2	285	2.94e-122	351
g5261.t1	VFG029504(gb|WP_013827269)	59.722	288	109	2	4	288	2	285	3.48e-121	348
g5261.t1	VFG029535(gb|WP_015304374)	60.764	288	106	2	4	288	2	285	4.46e-121	348
g5261.t1	VFG029498(gb|YP_001704840)	59.375	288	110	2	4	288	2	285	1.46e-120	347
g5261.t1	VFG029491(gb|WP_011854408)	59.722	288	109	2	4	288	2	285	6.59e-119	342
g5261.t1	VFG029492(gb|WP_011557862)	59.375	288	110	2	4	288	2	285	1.01e-118	342
g5261.t1	VFG029529(gb|YP_005359072)	59.582	287	112	3	4	288	2	286	5.49e-115	332
g5261.t1	VFG016417(gb|WP_000757774)	27.074	229	135	7	3	201	5	231	2.20e-17	80.5
g5261.t1	VFG050173(gb|WP_000702222)	28.125	256	142	8	3	221	4	254	5.52e-17	79.3
g5261.t1	VFG016402(gb|WP_000757828)	26.201	229	137	7	3	201	5	231	6.12e-17	79.0
g5261.t1	VFG016433(gb|WP_000757777)	25.651	269	160	8	3	241	5	263	1.05e-16	78.6
g5261.t1	VFG016527(gb|NP_975120)	29.075	227	133	6	3	201	4	230	1.25e-16	78.2
g5261.t1	VFG005879(gb|WP_011018342)	29.832	238	122	11	3	201	5	236	1.38e-16	78.2
g5261.t1	VFG005871(gb|WP_002991444)	29.832	238	122	11	3	201	5	236	1.47e-16	78.2
g5261.t1	VFG050186(gb|WP_001971585)	27.706	231	131	6	3	201	5	231	1.72e-16	77.8
g5261.t1	VFG005872(gb|WP_002982024)	29.832	238	122	11	3	201	5	236	2.18e-16	77.8
g5261.t1	VFG050206(gb|WP_000757850)	25.468	267	163	7	3	241	5	263	5.13e-16	76.6
g5261.t1	VFG016547(gb|NP_975957)	28.634	227	134	6	3	201	4	230	6.40e-16	76.3
g5261.t1	VFG005865(gb|WP_002262524)	27.731	238	127	8	3	201	7	238	8.43e-16	75.9
g5261.t1	VFG016382(gb|WP_000757832)	26.394	269	158	8	3	241	5	263	1.03e-15	75.5
g5261.t1	VFG005875(gb|WP_011889256)	28.511	235	129	10	3	201	5	236	1.07e-15	75.9
g5261.t1	VFG000964(gb|WP_010922799)	29.412	238	123	11	3	201	5	236	1.65e-15	75.1
g5261.t1	VFG013347(gb|WP_005652408)	28.986	276	144	11	4	235	2	269	4.68e-15	73.9
g5261.t1	VFG013348(gb|WP_012054583)	28.986	276	144	11	4	235	2	269	6.33e-15	73.6
g5261.t1	VFG013346(gb|WP_005693178)	28.623	276	145	11	4	235	2	269	6.64e-15	73.2
g5261.t1	VFG005874(gb|WP_002986125)	27.004	237	130	7	3	201	5	236	7.90e-15	73.2
g5261.t1	VFG013351(gb|WP_041604256)	28.916	249	129	10	4	209	2	245	2.11e-13	68.9
g5261.t1	VFG013162(gb|WP_012340251)	28.916	249	129	10	4	209	2	245	2.11e-13	68.9
g5261.t1	VFG013350(gb|WP_010945286)	25.912	274	155	10	4	235	2	269	2.10e-12	66.2
g5261.t1	VFG017747(gb|WP_011990749)	28.302	159	106	4	4	162	2	152	3.27e-11	61.6
g5261.t1	VFG011688(gb|WP_002869406)	28.302	159	106	4	4	162	2	152	9.20e-11	60.5
g5261.t1	VFG001951(gb|YP_002344806)	27.439	164	111	4	4	167	2	157	1.45e-10	59.7
g5261.t1	VFG048792(gb|WP_024188874)	27.119	236	134	10	4	201	5	240	4.42e-10	59.3
g5261.t1	VFG048990(gb|WP_001741945)	27.119	236	134	10	4	201	5	240	6.01e-10	58.9
g5261.t1	VFG048794(gb|WP_049256767)	27.119	236	134	10	4	201	5	240	6.66e-10	58.9
g5261.t1	VFG048960(gb|WP_014599212)	27.119	236	134	10	4	201	5	240	7.31e-10	58.5
g5261.t1	VFG048991(gb|YP_005227874)	27.119	236	134	10	4	201	7	242	1.03e-09	58.5
g5261.t1	VFG011681(gb|WP_002870158)	29.054	148	97	4	4	151	2	141	1.60e-09	57.0
g5261.t1	VFG037965(gb|WP_000617450)	31.481	162	98	6	7	163	125	278	1.27e-08	55.1
g5261.t1	VFG048974(gb|WP_016946203)	26.695	236	135	10	4	201	7	242	3.40e-08	53.5
g5261.t1	VFG048975(gb|WP_032719844)	26.695	236	135	10	4	201	7	242	3.66e-08	53.5
g5261.t1	VFG037996(gb|WP_000617447)	30.864	162	99	6	7	163	125	278	1.42e-07	52.0
g5261.t1	VFG037997(gb|YP_005796977)	30.247	162	100	6	7	163	116	269	4.01e-07	50.4
g5261.t1	VFG038007(gb|WP_000617448)	30.247	162	100	6	7	163	125	278	4.87e-07	50.4
g5261.t1	VFG026149(gb|WP_011852142)	28.750	160	109	5	3	162	2	156	9.13e-07	48.9
g5261.t1	VFG002553(gb|WP_004194086)	29.012	162	106	6	3	162	2	156	2.92e-06	47.4
g5261.t1	VFG026147(gb|WP_004522168)	29.012	162	106	6	3	162	2	156	2.97e-06	47.4
g1956.t1	VFG005898(gb|WP_002904719)	68.421	285	90	0	7	291	2	286	8.86e-150	421
g1956.t1	VFG018664(gb|WP_012000426)	68.772	285	89	0	7	291	2	286	1.18e-149	420
g1956.t1	VFG048826(gb|YP_005227857)	69.123	285	88	0	7	291	2	286	1.30e-149	420
g1956.t1	VFG005997(gb|WP_002263084)	68.772	285	89	0	7	291	2	286	2.65e-149	419
g1956.t1	VFG048823(gb|WP_014230059)	67.719	285	92	0	7	291	2	286	9.51e-148	416
g1956.t1	VFG006052(gb|WP_011226150)	67.368	285	93	0	7	291	2	286	1.28e-147	415
g1956.t1	VFG006015(gb|WP_000676152)	67.368	285	93	0	7	291	2	286	1.39e-147	415
g1956.t1	VFG048822(gb|WP_004122480)	67.719	285	92	0	7	291	2	286	2.05e-147	415
g1956.t1	VFG006041(gb|WP_011681286)	67.018	285	94	0	7	291	2	286	1.05e-146	413
g1956.t1	VFG037938(gb|WP_000104825)	66.202	287	97	0	5	291	2	288	1.68e-146	412
g1956.t1	VFG007660(gb|WP_011149274)	68.403	288	88	2	7	291	2	289	7.90e-144	406
g1956.t1	VFG007661(gb|WP_011261023)	65.263	285	99	0	7	291	2	286	6.67e-143	404
g1956.t1	VFG047048(gb|WP_014714814)	64.706	289	99	1	7	292	2	290	1.87e-142	402
g1956.t1	VFG047041(gb|WP_014548762)	63.918	291	101	1	7	293	2	292	2.91e-142	402
g1956.t1	VFG047044(gb|WP_014550113)	63.574	291	102	1	7	293	2	292	1.59e-141	400
g1956.t1	VFG047049(gb|WP_013922612)	64.706	289	99	1	7	292	2	290	9.63e-141	398
g1956.t1	VFG047040(gb|WP_003025230)	63.103	290	103	1	7	292	2	291	2.54e-140	397
g1956.t1	VFG047039(gb|WP_003018140)	63.103	290	103	1	7	292	2	291	2.96e-140	397
g1956.t1	VFG047033(gb|WP_012280623)	64.014	289	101	1	7	292	2	290	2.99e-139	394
g1956.t1	VFG047037(gb|WP_012429802)	62.414	290	105	1	7	292	2	291	3.29e-139	394
g1956.t1	VFG047034(gb|WP_010030797)	62.759	290	104	1	7	292	2	291	5.81e-139	394
g1956.t1	VFG029507(gb|WP_014943052)	61.888	286	108	1	7	292	2	286	1.52e-129	369
g1956.t1	VFG029508(gb|WP_008261569)	61.888	286	108	1	7	292	2	286	1.86e-129	369
g1956.t1	VFG029483(gb|NP_214848)	60.490	286	112	1	7	292	2	286	7.82e-129	367
g1956.t1	VFG029516(gb|WP_015292076)	60.490	286	112	1	7	292	2	286	9.73e-129	367
g1956.t1	VFG045308(gb|WP_011213310)	59.649	285	115	0	7	291	2	286	2.92e-128	366
g1956.t1	VFG029498(gb|YP_001704840)	60.839	286	111	1	7	292	2	286	4.96e-128	365
g1956.t1	VFG029495(gb|WP_011738875)	60.490	286	112	1	7	292	2	286	1.62e-127	364
g1956.t1	VFG029496(gb|WP_011777879)	60.839	286	111	1	7	292	2	286	1.99e-127	364
g1956.t1	VFG029503(gb|WP_012392567)	60.490	286	112	1	7	292	2	286	2.35e-127	364
g1956.t1	VFG029492(gb|WP_011557862)	61.053	285	110	1	7	291	2	285	3.55e-127	363
g1956.t1	VFG029491(gb|WP_011854408)	61.053	285	110	1	7	291	2	285	5.14e-127	363
g1956.t1	VFG029487(gb|WP_003879222)	61.189	286	110	1	7	292	2	286	7.28e-127	363
g1956.t1	VFG029490(gb|WP_011726901)	61.053	285	110	1	7	291	2	285	2.87e-126	361
g1956.t1	VFG018001(gb|WP_002866148)	58.885	287	116	1	7	291	2	288	3.05e-126	361
g1956.t1	VFG029535(gb|WP_015304374)	61.189	286	110	1	7	292	2	286	3.41e-126	361
g1956.t1	VFG029506(gb|WP_011891286)	60.351	285	112	1	7	291	2	285	9.23e-126	360
g1956.t1	VFG029504(gb|WP_013827269)	59.790	286	114	1	7	292	2	286	1.09e-124	357
g1956.t1	VFG029485(gb|WP_010908937)	59.790	286	114	1	7	292	2	286	3.45e-124	356
g1956.t1	VFG029529(gb|YP_005359072)	58.188	287	118	2	7	292	2	287	1.95e-120	346
g1956.t1	VFG016382(gb|WP_000757832)	31.111	270	148	8	4	244	3	263	6.71e-23	95.5
g1956.t1	VFG050206(gb|WP_000757850)	30.741	270	149	8	4	244	3	263	1.54e-22	94.7
g1956.t1	VFG050173(gb|WP_000702222)	30.389	283	158	11	3	252	1	277	9.72e-22	92.4
g1956.t1	VFG016402(gb|WP_000757828)	30.303	231	129	7	4	204	3	231	1.18e-20	89.4
g1956.t1	VFG016433(gb|WP_000757777)	29.259	270	153	8	4	244	3	263	1.43e-20	89.4
g1956.t1	VFG016417(gb|WP_000757774)	29.694	229	133	6	4	204	3	231	6.09e-20	87.4
g1956.t1	VFG050186(gb|WP_001971585)	30.131	229	132	6	4	204	3	231	7.16e-20	87.4
g1956.t1	VFG005871(gb|WP_002991444)	25.091	275	160	8	4	235	3	274	2.36e-16	77.4
g1956.t1	VFG005879(gb|WP_011018342)	25.091	275	160	8	4	235	3	274	2.51e-16	77.4
g1956.t1	VFG005865(gb|WP_002262524)	25.969	258	151	8	4	224	5	259	2.66e-16	77.4
g1956.t1	VFG005872(gb|WP_002982024)	25.091	275	160	8	4	235	3	274	3.70e-16	77.0
g1956.t1	VFG005874(gb|WP_002986125)	26.172	256	153	7	4	224	3	257	5.83e-16	76.3
g1956.t1	VFG016527(gb|NP_975120)	26.087	230	142	5	3	204	1	230	6.07e-16	76.3
g1956.t1	VFG005875(gb|WP_011889256)	25.091	275	160	8	4	235	3	274	6.14e-16	76.3
g1956.t1	VFG000964(gb|WP_010922799)	25.091	275	160	8	4	235	3	274	9.06e-16	75.9
g1956.t1	VFG016547(gb|NP_975957)	26.087	230	142	5	3	204	1	230	1.10e-15	75.5
g1956.t1	VFG001951(gb|YP_002344806)	29.268	164	108	5	7	170	2	157	2.82e-13	67.8
g1956.t1	VFG017747(gb|WP_011990749)	28.916	166	106	5	7	170	2	157	6.10e-13	66.6
g1956.t1	VFG038117(gb|WP_000591433)	23.830	235	141	9	6	204	3	235	1.16e-12	67.0
g1956.t1	VFG011688(gb|WP_002869406)	29.268	164	104	5	7	168	2	155	1.86e-12	65.5
g1956.t1	VFG048792(gb|WP_024188874)	25.455	275	163	10	3	238	1	272	1.89e-12	66.2
g1956.t1	VFG048990(gb|WP_001741945)	25.455	275	163	10	3	238	1	272	2.51e-12	65.9
g1956.t1	VFG048794(gb|WP_049256767)	25.455	275	163	10	3	238	1	272	2.61e-12	65.9
g1956.t1	VFG048960(gb|WP_014599212)	25.455	275	163	10	3	238	1	272	2.63e-12	65.9
g1956.t1	VFG038100(gb|WP_000591446)	23.404	235	142	9	6	204	3	235	2.95e-12	65.5
g1956.t1	VFG038115(gb|YP_005796985)	23.404	235	142	9	6	204	3	235	3.27e-12	65.5
g1956.t1	VFG038105(gb|WP_000591436)	23.404	235	142	9	6	204	3	235	3.40e-12	65.5
g1956.t1	VFG038116(gb|WP_000591432)	23.404	235	142	9	6	204	3	235	3.95e-12	65.5
g1956.t1	VFG048991(gb|YP_005227874)	25.000	300	175	11	1	251	1	299	4.01e-12	65.5
g1956.t1	VFG038126(gb|WP_000591431)	23.404	235	142	9	6	204	3	235	4.43e-12	65.1
g1956.t1	VFG038143(gb|WP_000591422)	24.255	235	140	9	6	204	3	235	7.97e-12	64.3
g1956.t1	VFG037919(gb|WP_000591430)	23.404	235	142	9	6	204	3	235	7.97e-12	64.3
g1956.t1	VFG037896(gb|WP_000591426)	23.404	235	142	9	6	204	3	235	7.97e-12	64.3
g1956.t1	VFG011681(gb|WP_002870158)	30.667	150	96	4	7	156	2	143	4.16e-11	61.6
g1956.t1	VFG048975(gb|WP_032719844)	25.271	277	165	10	1	238	1	274	4.36e-11	62.4
g1956.t1	VFG048974(gb|WP_016946203)	25.271	277	165	10	1	238	1	274	4.36e-11	62.4
g1956.t1	VFG038080(gb|WP_000591439)	22.979	235	143	9	6	204	3	235	4.48e-11	62.0
g1956.t1	VFG013350(gb|WP_010945286)	24.176	273	167	9	7	239	2	274	5.72e-11	62.0
g1956.t1	VFG013351(gb|WP_041604256)	24.723	271	164	10	7	237	2	272	1.26e-10	60.8
g1956.t1	VFG013162(gb|WP_012340251)	24.723	271	164	10	7	237	2	272	1.41e-10	60.8
g1956.t1	VFG013347(gb|WP_005652408)	24.696	247	142	8	7	212	2	245	5.44e-10	58.9
g1956.t1	VFG013346(gb|WP_005693178)	24.291	247	143	8	7	212	2	245	8.84e-10	58.5
g1956.t1	VFG013348(gb|WP_012054583)	24.696	247	142	8	7	212	2	245	1.14e-09	58.2
g1956.t1	VFG037996(gb|WP_000617447)	28.125	160	106	4	10	166	125	278	1.54e-07	52.0
g1956.t1	VFG038048(gb|YP_001083159)	23.223	211	124	9	30	204	1	209	7.69e-07	49.3
g1956.t1	VFG038007(gb|WP_000617448)	26.875	160	108	4	10	166	125	278	2.03e-06	48.5
g1956.t1	VFG037997(gb|YP_005796977)	26.875	160	108	4	10	166	116	269	2.12e-06	48.5
g1956.t1	VFG037965(gb|WP_000617450)	26.250	160	109	4	10	166	125	278	3.89e-06	47.8
g3668.t1	VFG029495(gb|WP_011738875)	53.846	52	24	0	17	68	235	286	1.84e-13	62.8
g3668.t1	VFG029495(gb|WP_011738875)	79.167	24	5	0	1	24	1	24	1.94e-06	43.1
g3668.t1	VFG029503(gb|WP_012392567)	53.846	52	24	0	17	68	235	286	1.88e-13	62.8
g3668.t1	VFG029503(gb|WP_012392567)	79.167	24	5	0	1	24	1	24	1.98e-06	43.1
g3668.t1	VFG029496(gb|WP_011777879)	53.846	52	24	0	17	68	235	286	2.41e-13	62.4
g3668.t1	VFG029496(gb|WP_011777879)	79.167	24	5	0	1	24	1	24	2.10e-06	43.1
g3668.t1	VFG029483(gb|NP_214848)	51.923	52	25	0	17	68	235	286	7.58e-13	60.8
g3668.t1	VFG029483(gb|NP_214848)	79.167	24	5	0	1	24	1	24	1.78e-06	43.1
g3668.t1	VFG029516(gb|WP_015292076)	51.923	52	25	0	17	68	235	286	1.23e-12	60.5
g3668.t1	VFG029516(gb|WP_015292076)	79.167	24	5	0	1	24	1	24	1.76e-06	43.1
g3668.t1	VFG018001(gb|WP_002866148)	56.818	44	19	0	24	67	245	288	2.27e-12	59.7
g3668.t1	VFG029498(gb|YP_001704840)	52.941	51	24	0	18	68	236	286	4.41e-12	58.9
g3668.t1	VFG029498(gb|YP_001704840)	87.500	24	3	0	1	24	1	24	1.25e-07	46.6
g3668.t1	VFG029490(gb|WP_011726901)	52.941	51	24	0	17	67	235	285	4.41e-12	58.9
g3668.t1	VFG029490(gb|WP_011726901)	83.333	24	4	0	1	24	1	24	5.67e-07	44.7
g3668.t1	VFG029504(gb|WP_013827269)	50.943	53	26	0	18	70	236	288	7.29e-12	58.2
g3668.t1	VFG029504(gb|WP_013827269)	83.333	24	4	0	1	24	1	24	1.26e-06	43.5
g3668.t1	VFG048826(gb|YP_005227857)	57.447	47	20	0	21	67	240	286	8.34e-12	58.2
g3668.t1	VFG048826(gb|YP_005227857)	83.333	24	4	0	1	24	1	24	2.06e-07	45.8
g3668.t1	VFG007660(gb|WP_011149274)	41.176	68	37	1	6	70	225	292	1.03e-11	57.8
g3668.t1	VFG007660(gb|WP_011149274)	91.667	24	2	0	1	24	1	24	1.30e-08	49.3
g3668.t1	VFG047040(gb|WP_003025230)	54.167	48	22	0	21	68	244	291	2.22e-11	57.0
g3668.t1	VFG047040(gb|WP_003025230)	83.333	24	4	0	1	24	1	24	9.50e-07	43.9
g3668.t1	VFG047039(gb|WP_003018140)	54.167	48	22	0	21	68	244	291	2.26e-11	57.0
g3668.t1	VFG047039(gb|WP_003018140)	83.333	24	4	0	1	24	1	24	9.79e-07	43.9
g3668.t1	VFG047037(gb|WP_012429802)	54.167	48	22	0	21	68	244	291	2.38e-11	57.0
g3668.t1	VFG047037(gb|WP_012429802)	79.167	24	5	0	1	24	1	24	1.55e-06	43.5
g3668.t1	VFG047034(gb|WP_010030797)	54.167	48	22	0	21	68	244	291	2.40e-11	57.0
g3668.t1	VFG047034(gb|WP_010030797)	83.333	24	4	0	1	24	1	24	1.01e-06	43.9
g3668.t1	VFG029491(gb|WP_011854408)	52.000	50	24	0	18	67	236	285	2.49e-11	57.0
g3668.t1	VFG029491(gb|WP_011854408)	79.167	24	5	0	1	24	1	24	7.10e-06	41.6
g3668.t1	VFG029492(gb|WP_011557862)	52.000	50	24	0	18	67	236	285	2.62e-11	56.6
g3668.t1	VFG029492(gb|WP_011557862)	79.167	24	5	0	1	24	1	24	6.62e-06	41.6
g3668.t1	VFG029535(gb|WP_015304374)	48.077	52	27	0	17	68	235	286	2.78e-11	56.6
g3668.t1	VFG029535(gb|WP_015304374)	87.500	24	3	0	1	24	1	24	1.49e-07	46.2
g3668.t1	VFG029485(gb|WP_010908937)	48.077	52	27	0	17	68	235	286	3.18e-11	56.6
g3668.t1	VFG029485(gb|WP_010908937)	79.167	24	5	0	1	24	1	24	2.74e-06	42.7
g3668.t1	VFG029508(gb|WP_008261569)	46.154	52	28	0	17	68	235	286	4.12e-11	56.2
g3668.t1	VFG029508(gb|WP_008261569)	83.333	24	4	0	1	24	1	24	2.42e-07	45.8
g3668.t1	VFG029507(gb|WP_014943052)	46.154	52	28	0	17	68	235	286	4.12e-11	56.2
g3668.t1	VFG029507(gb|WP_014943052)	83.333	24	4	0	1	24	1	24	2.37e-07	45.8
g3668.t1	VFG047041(gb|WP_014548762)	55.319	47	21	0	21	67	244	290	5.88e-11	55.8
g3668.t1	VFG047041(gb|WP_014548762)	83.333	24	4	0	1	24	1	24	8.61e-07	44.3
g3668.t1	VFG045308(gb|WP_011213310)	52.000	50	24	0	21	70	240	289	5.90e-11	55.8
g3668.t1	VFG048823(gb|WP_014230059)	54.167	48	22	0	21	68	240	287	6.11e-11	55.8
g3668.t1	VFG048823(gb|WP_014230059)	83.333	24	4	0	1	24	1	24	2.27e-07	45.8
g3668.t1	VFG029487(gb|WP_003879222)	46.154	52	28	0	17	68	235	286	6.15e-11	55.8
g3668.t1	VFG029487(gb|WP_003879222)	83.333	24	4	0	1	24	1	24	2.44e-07	45.8
g3668.t1	VFG047044(gb|WP_014550113)	55.319	47	21	0	21	67	244	290	7.09e-11	55.5
g3668.t1	VFG047044(gb|WP_014550113)	83.333	24	4	0	1	24	1	24	8.64e-07	44.3
g3668.t1	VFG048822(gb|WP_004122480)	54.167	48	22	0	21	68	240	287	7.45e-11	55.5
g3668.t1	VFG048822(gb|WP_004122480)	83.333	24	4	0	1	24	1	24	2.36e-07	45.8
g3668.t1	VFG029506(gb|WP_011891286)	52.000	50	24	0	18	67	236	285	9.51e-11	55.1
g3668.t1	VFG029506(gb|WP_011891286)	79.167	24	5	0	1	24	1	24	2.12e-06	43.1
g3668.t1	VFG037938(gb|WP_000104825)	48.936	47	24	0	21	67	242	288	1.06e-10	55.1
g3668.t1	VFG037938(gb|WP_000104825)	86.957	23	3	0	2	24	4	26	4.90e-07	44.7
g3668.t1	VFG007661(gb|WP_011261023)	41.538	65	35	1	6	67	222	286	1.25e-10	55.1
g3668.t1	VFG007661(gb|WP_011261023)	83.333	24	4	0	1	24	1	24	6.90e-08	47.4
g3668.t1	VFG047033(gb|WP_012280623)	46.296	54	27	1	21	72	243	296	2.33e-09	51.2
g3668.t1	VFG047033(gb|WP_012280623)	87.500	24	3	0	1	24	1	24	5.12e-08	47.8
g3668.t1	VFG047048(gb|WP_014714814)	46.296	54	27	1	21	72	243	296	3.53e-09	50.8
g3668.t1	VFG047048(gb|WP_014714814)	87.500	24	3	0	1	24	1	24	7.98e-08	47.0
g3668.t1	VFG047049(gb|WP_013922612)	42.857	56	30	1	19	72	241	296	5.54e-08	47.4
g3668.t1	VFG047049(gb|WP_013922612)	87.500	24	3	0	1	24	1	24	7.52e-08	47.0
g3668.t1	VFG005997(gb|WP_002263084)	44.681	47	26	0	21	67	240	286	1.55e-07	46.2
g3668.t1	VFG005997(gb|WP_002263084)	79.167	24	5	0	1	24	1	24	1.72e-06	43.1
g3668.t1	VFG005898(gb|WP_002904719)	79.167	24	5	0	1	24	1	24	9.75e-07	43.9
g3668.t1	VFG006041(gb|WP_011681286)	79.167	24	5	0	1	24	1	24	9.95e-07	43.9
g3668.t1	VFG006015(gb|WP_000676152)	79.167	24	5	0	1	24	1	24	1.00e-06	43.9
g3668.t1	VFG006015(gb|WP_000676152)	42.553	47	27	0	21	67	240	286	4.39e-06	42.0
g3668.t1	VFG006052(gb|WP_011226150)	79.167	24	5	0	1	24	1	24	1.02e-06	43.9
g3668.t1	VFG018664(gb|WP_012000426)	79.167	24	5	0	1	24	1	24	2.06e-06	43.1
g3668.t1	VFG018664(gb|WP_012000426)	40.426	47	28	0	21	67	240	286	5.61e-06	42.0
g3668.t1	VFG029529(gb|YP_005359072)	79.167	24	5	0	1	24	1	24	2.27e-06	42.7
