g181.t1	VFG025905(gb|WP_012327701)	61.458	384	147	1	244	627	351	733	2.02e-160	478
g181.t1	VFG025905(gb|WP_012327701)	51.887	106	51	0	1	106	1	106	1.48e-24	108
g181.t1	VFG025902(gb|WP_011546713)	61.458	384	147	1	244	627	357	739	2.55e-160	478
g181.t1	VFG025902(gb|WP_011546713)	51.887	106	51	0	1	106	1	106	1.48e-24	108
g181.t1	VFG025904(gb|WP_012492266)	61.458	384	147	1	244	627	356	738	3.57e-160	478
g181.t1	VFG025904(gb|WP_012492266)	51.887	106	51	0	1	106	1	106	1.21e-24	109
g181.t1	VFG002531(gb|WP_011205291)	59.158	404	153	2	224	627	339	730	6.37e-158	472
g181.t1	VFG002531(gb|WP_011205291)	50.000	106	53	0	1	106	1	106	1.01e-23	106
g181.t1	VFG025907(gb|WP_011832273)	59.158	404	153	2	224	627	359	750	8.55e-158	472
g181.t1	VFG025907(gb|WP_011832273)	50.000	106	53	0	1	106	1	106	8.91e-24	106
g181.t1	VFG025906(gb|WP_011204177)	59.158	404	153	2	224	627	359	750	8.65e-158	472
g181.t1	VFG025906(gb|WP_011204177)	50.000	106	53	0	1	106	1	106	8.45e-24	106
g181.t1	VFG025914(gb|WP_011402607)	60.526	380	149	1	248	627	354	732	6.21e-157	469
g181.t1	VFG025914(gb|WP_011402607)	46.094	128	66	2	1	125	1	128	7.70e-25	109
g181.t1	VFG025910(gb|WP_004536128)	60.789	380	148	1	248	627	370	748	4.52e-156	468
g181.t1	VFG025910(gb|WP_004536128)	50.000	106	53	0	1	106	1	106	1.21e-23	105
g181.t1	VFG025912(gb|WP_011852322)	60.789	380	148	1	248	627	367	745	5.03e-156	467
g181.t1	VFG025912(gb|WP_011852322)	50.000	106	53	0	1	106	1	106	1.19e-23	105
g181.t1	VFG025911(gb|WP_004525700)	60.789	380	148	1	248	627	370	748	5.73e-156	467
g181.t1	VFG025911(gb|WP_004525700)	50.000	106	53	0	1	106	1	106	1.22e-23	105
g181.t1	VFG043094(gb|WP_001322280)	56.802	419	176	2	211	625	223	640	7.57e-153	456
g181.t1	VFG043094(gb|WP_001322280)	49.107	112	56	1	1	111	1	112	8.38e-25	109
g181.t1	VFG043042(gb|NP_460878)	60.000	385	153	1	244	628	277	660	2.25e-152	455
g181.t1	VFG043042(gb|NP_460878)	49.107	112	56	1	1	111	1	112	1.17e-24	108
g181.t1	VFG043211(gb|WP_032902679)	57.568	403	169	2	227	628	267	668	9.61e-150	448
g181.t1	VFG043211(gb|WP_032902679)	44.000	125	66	1	4	128	2	122	8.76e-19	90.5
g181.t1	VFG043394(gb|YP_002343725)	35.938	640	378	9	3	629	2	622	3.18e-120	375
g181.t1	VFG043373(gb|WP_000342347)	34.046	655	397	9	4	629	3	651	7.49e-110	348
g181.t1	VFG043409(gb|WP_001192590)	31.953	676	396	13	6	625	3	670	1.30e-104	331
g181.t1	VFG032733(gb|WP_014092137)	30.757	634	405	14	6	625	3	616	5.12e-97	310
g181.t1	VFG032734(gb|WP_012985055)	30.599	634	406	14	6	625	3	616	1.29e-95	306
g181.t1	VFG019402(gb|WP_012581778)	30.503	636	406	15	6	625	3	618	5.96e-95	304
g181.t1	VFG032722(gb|WP_003730258)	30.503	636	406	15	6	625	3	618	6.56e-95	304
g181.t1	VFG006843(gb|WP_003727202)	30.503	636	406	14	6	625	3	618	6.98e-95	304
g181.t1	VFG032730(gb|WP_003724428)	30.503	636	406	14	6	625	3	618	9.90e-95	304
g181.t1	VFG006845(gb|WP_011701501)	30.189	636	408	14	6	625	3	618	1.12e-94	304
g181.t1	VFG006844(gb|WP_010990559)	30.174	633	412	12	6	625	3	618	8.98e-93	299
g181.t1	VFG007561(gb|WP_011262350)	32.745	736	372	20	8	631	9	733	8.10e-92	299
g181.t1	VFG007558(gb|WP_005479526)	40.570	456	247	8	186	630	298	740	7.17e-91	297
g181.t1	VFG007558(gb|WP_005479526)	29.524	105	73	1	1	104	1	105	1.22e-07	54.7
g181.t1	VFG038708(gb|WP_005319290)	42.015	407	221	5	229	631	325	720	2.01e-88	290
g181.t1	VFG038708(gb|WP_005319290)	27.184	103	75	0	8	110	9	111	3.76e-06	50.1
g181.t1	VFG038709(gb|WP_013723553)	42.674	389	214	4	247	631	345	728	4.41e-88	289
g181.t1	VFG038709(gb|WP_013723553)	28.421	95	68	0	8	102	9	103	4.29e-06	49.7
g181.t1	VFG043014(gb|NP_250149)	42.199	391	212	4	247	631	369	751	5.86e-88	290
g181.t1	VFG043014(gb|NP_250149)	28.182	110	78	1	7	115	8	117	3.66e-07	53.1
g181.t1	VFG007556(gb|WP_000119661)	43.223	391	209	6	247	630	397	781	1.71e-87	289
g181.t1	VFG007556(gb|WP_000119661)	32.090	134	89	2	8	139	9	142	7.53e-11	65.1
g181.t1	VFG038707(gb|WP_016350059)	42.416	389	215	4	247	631	344	727	7.35e-87	286
g181.t1	VFG038707(gb|WP_016350059)	27.184	103	75	0	8	110	9	111	2.94e-06	50.4
g181.t1	VFG038706(gb|WP_011705290)	42.416	389	215	4	247	631	343	726	1.07e-86	285
g181.t1	VFG038706(gb|WP_011705290)	27.184	103	75	0	8	110	9	111	3.17e-06	50.4
g181.t1	VFG007559(gb|WP_011079854)	42.005	419	223	8	222	630	329	737	3.73e-86	285
g181.t1	VFG007559(gb|WP_011079854)	28.906	128	84	3	1	123	1	126	1.76e-07	54.3
g181.t1	VFG007560(gb|WP_011150907)	42.640	394	209	6	246	630	352	737	1.61e-85	283
g181.t1	VFG007560(gb|WP_011150907)	28.906	128	84	3	1	123	1	126	2.12e-07	53.9
g181.t1	VFG006842(gb|NP_464219)	34.913	401	247	6	231	625	226	618	2.68e-82	271
g181.t1	VFG006842(gb|NP_464219)	29.231	130	88	3	6	134	3	129	1.29e-09	61.2
g181.t1	VFG032710(gb|WP_003721813)	34.913	401	247	6	231	625	226	618	3.17e-82	271
g181.t1	VFG032710(gb|WP_003721813)	29.231	130	88	3	6	134	3	129	1.26e-09	61.2
g181.t1	VFG014070(gb|WP_011336362)	39.045	356	204	4	275	622	1472	1822	3.36e-67	239
g181.t1	VFG019771(gb|WP_012613502)	40.456	351	190	5	291	627	1974	2319	1.87e-65	234
g181.t1	VFG001231(gb|NP_249104)	40.456	351	190	5	291	627	1974	2319	2.16e-65	234
g181.t1	VFG014062(gb|WP_004365046)	40.456	351	190	5	291	627	1978	2323	2.37e-65	234
g181.t1	VFG014066(gb|WP_010955557)	39.542	349	196	4	285	622	1149	1493	3.60e-65	233
g181.t1	VFG014067(gb|WP_012053912)	39.542	349	196	4	285	622	1149	1493	3.81e-65	233
g181.t1	VFG014061(gb|WP_012074001)	40.171	351	191	5	291	627	1960	2305	6.26e-65	232
g181.t1	VFG014068(gb|WP_044488903)	39.710	345	201	3	285	622	1258	1602	8.16e-65	232
g181.t1	VFG019772(gb|WP_015886333)	37.822	349	203	4	283	622	1444	1787	3.76e-64	230
g181.t1	VFG014071(gb|WP_041772785)	39.011	364	204	4	291	637	1924	2286	6.66e-64	229
g181.t1	VFG014071(gb|WP_041772785)	29.448	163	106	4	2	161	1484	1640	4.67e-07	53.1
g181.t1	VFG014065(gb|WP_011167502)	38.372	344	201	4	291	627	1503	1842	7.25e-64	229
g181.t1	VFG014065(gb|WP_011167502)	30.081	123	85	1	2	123	1221	1343	3.24e-06	50.4
g181.t1	VFG014069(gb|WP_011063997)	37.766	376	211	5	275	632	1467	1837	1.25e-63	228
g181.t1	VFG014072(gb|WP_011914954)	40.351	342	199	3	291	628	1953	2293	1.42e-63	228
g181.t1	VFG014064(gb|WP_011266435)	38.081	344	202	4	291	627	1508	1847	1.90e-63	228
g181.t1	VFG014064(gb|WP_011266435)	29.839	124	86	1	1	123	1225	1348	8.90e-07	52.4
g181.t1	VFG015641(gb|WP_012312418)	40.303	330	185	3	301	622	1150	1475	8.87e-63	226
g181.t1	VFG014063(gb|WP_011105280)	37.243	341	203	3	291	624	1503	1839	1.13e-62	226
g181.t1	VFG014063(gb|WP_011105280)	30.645	124	85	1	1	123	1220	1343	6.33e-07	52.8
g181.t1	VFG015640(gb|WP_012274548)	38.682	349	199	4	285	622	1150	1494	4.01e-62	224
g181.t1	VFG042926(gb|WP_012031397)	35.174	344	201	7	299	629	2080	2414	3.03e-52	194
g420.t1	VFG001231(gb|NP_249104)	100.000	2472	0	0	1	2472	1	2472	0.0	4846
g420.t1	VFG019771(gb|WP_012613502)	99.717	2472	7	0	1	2472	1	2472	0.0	4833
g420.t1	VFG014062(gb|WP_004365046)	98.830	2478	21	2	1	2472	1	2476	0.0	4791
g420.t1	VFG014061(gb|WP_012074001)	94.263	2475	122	4	1	2472	1	2458	0.0	4432
g420.t1	VFG014071(gb|WP_041772785)	68.564	1810	464	19	735	2471	636	2413	0.0	2197
g420.t1	VFG014071(gb|WP_041772785)	75.606	660	126	6	1	653	1	632	0.0	966
g420.t1	VFG014072(gb|WP_011914954)	69.379	1192	269	13	1360	2468	1262	2440	0.0	1506
g420.t1	VFG014072(gb|WP_011914954)	67.675	727	188	9	1	701	1	706	0.0	916
g420.t1	VFG014072(gb|WP_011914954)	65.726	496	151	6	798	1290	686	1165	3.24e-175	598
g420.t1	VFG014072(gb|WP_011914954)	34.808	339	159	4	1358	1642	1054	1384	2.48e-32	139
g420.t1	VFG014072(gb|WP_011914954)	28.536	403	241	10	1344	1721	730	1110	3.73e-19	95.5
g420.t1	VFG014072(gb|WP_011914954)	29.225	284	163	5	1182	1462	1506	1754	6.83e-17	88.2
g420.t1	VFG014072(gb|WP_011914954)	27.069	447	276	10	1186	1622	752	1158	7.30e-17	88.2
g420.t1	VFG014072(gb|WP_011914954)	30.466	279	153	8	864	1132	1507	1754	3.50e-13	75.9
g420.t1	VFG014072(gb|WP_011914954)	30.657	274	168	7	1024	1283	1489	1754	1.40e-11	70.5
g420.t1	VFG014063(gb|WP_011105280)	54.847	1114	428	18	1369	2464	923	1979	0.0	1052
g420.t1	VFG014063(gb|WP_011105280)	51.870	829	318	14	826	1644	589	1346	0.0	717
g420.t1	VFG014063(gb|WP_011105280)	63.864	559	201	1	1	559	1	558	0.0	672
g420.t1	VFG014063(gb|WP_011105280)	27.455	448	271	15	1298	1721	551	968	1.22e-11	70.9
g420.t1	VFG014063(gb|WP_011105280)	30.986	284	152	13	1490	1751	599	860	4.94e-08	58.9
g420.t1	VFG019772(gb|WP_015886333)	53.416	1127	450	13	1354	2471	878	1938	0.0	1048
g420.t1	VFG019772(gb|WP_015886333)	50.983	865	330	15	821	1684	573	1344	0.0	680
g420.t1	VFG019772(gb|WP_015886333)	61.290	558	214	2	1	558	1	556	0.0	614
g420.t1	VFG019772(gb|WP_015886333)	29.494	356	185	11	812	1162	1010	1304	4.42e-16	85.5
g420.t1	VFG019772(gb|WP_015886333)	26.562	448	269	11	1353	1792	608	1003	3.52e-10	65.9
g420.t1	VFG019772(gb|WP_015886333)	31.200	250	139	10	1497	1738	590	814	5.98e-07	55.5
g420.t1	VFG014064(gb|WP_011266435)	54.242	1108	444	13	1369	2464	928	1984	0.0	1048
g420.t1	VFG014064(gb|WP_011266435)	52.842	827	318	13	826	1644	589	1351	0.0	712
g420.t1	VFG014064(gb|WP_011266435)	64.043	559	200	1	1	559	1	558	0.0	674
g420.t1	VFG014069(gb|WP_011063997)	54.942	1123	451	13	1347	2464	889	1961	0.0	1047
g420.t1	VFG014069(gb|WP_011063997)	64.758	559	196	1	1	559	1	558	0.0	676
g420.t1	VFG014069(gb|WP_011063997)	53.006	815	305	11	828	1641	590	1327	0.0	666
g420.t1	VFG014065(gb|WP_011167502)	54.496	1112	434	16	1369	2464	923	1978	0.0	1041
g420.t1	VFG014065(gb|WP_011167502)	53.012	830	307	13	826	1644	589	1346	0.0	709
g420.t1	VFG014065(gb|WP_011167502)	63.685	559	202	1	1	559	1	558	0.0	673
g420.t1	VFG014065(gb|WP_011167502)	26.866	469	287	14	1344	1794	607	1037	1.12e-11	70.9
g420.t1	VFG014068(gb|WP_044488903)	52.466	1115	459	11	1362	2471	707	1755	0.0	995
g420.t1	VFG014068(gb|WP_044488903)	45.839	781	330	9	863	1643	430	1117	5.01e-160	543
g420.t1	VFG014068(gb|WP_044488903)	46.825	252	132	1	310	561	170	419	9.49e-47	186
g420.t1	VFG014068(gb|WP_044488903)	48.276	145	74	1	2	146	4	147	3.04e-29	128
g420.t1	VFG014068(gb|WP_044488903)	28.302	371	215	8	1361	1721	430	759	5.84e-16	85.1
g420.t1	VFG014068(gb|WP_044488903)	28.883	412	234	12	1335	1735	268	631	6.01e-11	68.6
g420.t1	VFG014068(gb|WP_044488903)	37.209	86	46	1	855	932	979	1064	6.68e-08	58.5
g420.t1	VFG014068(gb|WP_044488903)	27.344	256	149	5	855	1109	846	1065	6.27e-06	52.0
g420.t1	VFG014066(gb|WP_010955557)	46.913	1328	540	27	1179	2464	434	1638	0.0	897
g420.t1	VFG014066(gb|WP_010955557)	39.610	770	374	14	738	1490	320	1015	2.59e-114	403
g420.t1	VFG014066(gb|WP_010955557)	48.092	262	134	1	310	571	173	432	3.43e-58	223
g420.t1	VFG014066(gb|WP_010955557)	49.635	137	69	0	3	139	8	144	5.63e-30	130
g420.t1	VFG015640(gb|WP_012274548)	46.597	1337	545	26	1179	2471	435	1646	0.0	894
g420.t1	VFG015640(gb|WP_012274548)	43.594	640	298	10	858	1490	433	1016	6.53e-116	408
g420.t1	VFG015640(gb|WP_012274548)	52.016	248	117	1	310	557	174	419	4.74e-60	229
g420.t1	VFG015640(gb|WP_012274548)	48.551	138	71	0	3	140	9	146	7.76e-30	130
g420.t1	VFG014067(gb|WP_012053912)	46.877	1329	541	29	1178	2464	433	1638	0.0	892
g420.t1	VFG014067(gb|WP_012053912)	44.270	637	288	11	863	1490	437	1015	9.67e-116	407
g420.t1	VFG014067(gb|WP_012053912)	50.403	248	121	1	310	557	173	418	9.25e-58	222
g420.t1	VFG014067(gb|WP_012053912)	49.635	137	69	0	3	139	8	144	4.60e-30	131
g420.t1	VFG015641(gb|WP_012312418)	66.561	628	190	5	1848	2471	1017	1628	0.0	794
g420.t1	VFG015641(gb|WP_012312418)	41.139	790	374	16	712	1489	286	996	1.90e-123	431
g420.t1	VFG015641(gb|WP_012312418)	50.763	262	127	1	310	571	173	432	1.62e-60	231
g420.t1	VFG015641(gb|WP_012312418)	47.826	138	72	0	3	140	8	145	1.87e-28	125
g420.t1	VFG014070(gb|WP_011336362)	50.000	942	386	14	830	1764	597	1460	0.0	734
g420.t1	VFG014070(gb|WP_011336362)	60.450	622	228	5	1	608	1	618	0.0	707
g420.t1	VFG042926(gb|WP_012031397)	39.260	838	431	16	1672	2469	1750	2549	1.43e-145	508
g420.t1	VFG042926(gb|WP_012031397)	28.616	318	171	11	1357	1625	1537	1847	1.61e-15	83.6
g420.t1	VFG042926(gb|WP_012031397)	38.614	101	62	0	863	963	654	754	4.93e-13	75.5
g420.t1	VFG042926(gb|WP_012031397)	28.108	370	226	13	1190	1527	1549	1910	1.14e-12	74.3
g420.t1	VFG042926(gb|WP_012031397)	23.810	294	174	8	853	1110	1535	1814	4.08e-06	52.8
g420.t1	VFG042926(gb|WP_012031397)	26.829	164	110	2	808	969	794	949	5.24e-06	52.4
g420.t1	VFG043394(gb|YP_002343725)	29.242	831	465	22	1668	2455	3	753	9.84e-91	314
g420.t1	VFG043373(gb|WP_000342347)	28.295	827	528	18	1668	2465	3	793	3.63e-80	283
g420.t1	VFG042735(gb|NP_250513)	34.099	566	343	10	8	557	6	557	1.43e-71	251
g420.t1	VFG043409(gb|WP_001192590)	28.157	689	427	17	1669	2313	2	666	2.16e-65	236
g420.t1	VFG006844(gb|WP_010990559)	28.872	665	401	18	1670	2314	3	615	2.10e-61	223
g420.t1	VFG019402(gb|WP_012581778)	28.120	665	406	18	1670	2314	3	615	5.73e-61	222
g420.t1	VFG032710(gb|WP_003721813)	27.753	663	411	18	1670	2314	3	615	9.50e-61	221
g420.t1	VFG006842(gb|NP_464219)	27.753	663	411	18	1670	2314	3	615	9.68e-61	221
g420.t1	VFG006845(gb|WP_011701501)	26.409	674	406	13	1670	2314	3	615	4.79e-60	219
g420.t1	VFG032733(gb|WP_014092137)	26.586	662	418	13	1670	2314	3	613	9.55e-60	218
g420.t1	VFG032734(gb|WP_012985055)	27.068	665	411	15	1670	2314	3	613	1.07e-59	218
g420.t1	VFG025914(gb|WP_011402607)	36.415	357	202	5	1982	2335	406	740	2.80e-59	220
g420.t1	VFG043094(gb|WP_001322280)	36.676	349	210	4	1968	2316	302	639	4.56e-59	217
g420.t1	VFG002531(gb|WP_011205291)	36.950	341	198	4	1982	2319	404	730	4.77e-58	216
g420.t1	VFG025910(gb|WP_004536128)	36.950	341	198	4	1982	2319	422	748	5.22e-58	216
g420.t1	VFG025911(gb|WP_004525700)	36.950	341	198	4	1982	2319	422	748	6.87e-58	216
g420.t1	VFG025912(gb|WP_011852322)	36.950	341	198	4	1982	2319	419	745	7.08e-58	216
g420.t1	VFG025906(gb|WP_011204177)	36.950	341	198	4	1982	2319	424	750	7.14e-58	216
g420.t1	VFG025907(gb|WP_011832273)	36.950	341	198	4	1982	2319	424	750	7.68e-58	216
g420.t1	VFG025905(gb|WP_012327701)	36.494	348	204	4	1982	2326	407	740	2.24e-57	214
g420.t1	VFG043042(gb|NP_460878)	36.103	349	212	5	1968	2316	319	656	2.29e-57	213
g420.t1	VFG025902(gb|WP_011546713)	36.494	348	204	4	1982	2326	413	746	3.05e-57	214
g420.t1	VFG025904(gb|WP_012492266)	36.494	348	204	4	1982	2326	412	745	8.16e-57	213
g420.t1	VFG038706(gb|WP_011705290)	32.787	366	231	4	1962	2322	373	728	3.00e-55	207
g420.t1	VFG038706(gb|WP_011705290)	27.200	125	83	1	1360	1476	4	128	9.88e-06	50.8
g420.t1	VFG038708(gb|WP_005319290)	33.060	366	230	4	1962	2322	367	722	3.15e-55	207
g420.t1	VFG038708(gb|WP_005319290)	28.221	163	110	2	1360	1515	4	166	1.95e-06	53.1
g420.t1	VFG038707(gb|WP_016350059)	32.787	366	231	4	1962	2322	374	729	4.27e-55	207
g420.t1	VFG043014(gb|NP_250149)	33.429	347	217	4	1979	2323	416	750	1.98e-54	205
g420.t1	VFG038709(gb|WP_013723553)	33.811	349	216	4	1979	2322	392	730	2.40e-54	204
g420.t1	VFG043211(gb|WP_032902679)	35.224	335	206	4	1982	2316	341	664	7.13e-54	202
g420.t1	VFG007558(gb|WP_005479526)	33.432	338	214	3	1979	2314	403	731	4.88e-52	198
g420.t1	VFG007558(gb|WP_005479526)	31.325	166	106	5	1360	1519	4	167	1.57e-08	60.1
g420.t1	VFG007561(gb|WP_011262350)	33.724	341	208	5	1979	2314	396	723	1.01e-49	191
g420.t1	VFG007556(gb|WP_000119661)	32.941	340	213	4	1979	2314	444	772	1.90e-49	191
g420.t1	VFG007556(gb|WP_000119661)	31.298	131	86	3	1360	1488	4	132	2.36e-07	56.2
g420.t1	VFG007559(gb|WP_011079854)	33.528	343	207	5	1979	2314	400	728	3.73e-49	189
g420.t1	VFG007559(gb|WP_011079854)	27.322	183	122	3	1360	1532	4	185	3.47e-06	52.4
g420.t1	VFG007560(gb|WP_011150907)	33.528	343	207	5	1979	2314	400	728	6.03e-49	188
g420.t1	VFG007560(gb|WP_011150907)	27.322	183	122	3	1360	1532	4	185	2.86e-06	52.8
g420.t1	VFG015633(gb|WP_012312414)	38.843	121	74	0	2348	2468	2	122	5.85e-28	110
g420.t1	VFG014009(gb|WP_010955560)	38.843	121	74	0	2348	2468	2	122	1.18e-27	110
g420.t1	VFG014011(gb|WP_044488517)	38.843	121	74	0	2348	2468	2	122	1.50e-27	109
g420.t1	VFG015632(gb|WP_012274552)	38.843	121	74	0	2348	2468	2	122	2.36e-27	109
g420.t1	VFG019763(gb|WP_003176671)	41.379	116	68	0	2353	2468	10	125	9.11e-27	107
g420.t1	VFG050625(gb|WP_000389061.1)	40.517	116	69	0	2353	2468	10	125	3.72e-26	105
g420.t1	VFG050634(gb|WP_000389077.1)	40.517	116	69	0	2353	2468	10	125	6.22e-26	104
g420.t1	VFG014013(gb|WP_007953330)	41.129	124	72	1	2346	2468	2	125	6.97e-26	105
g420.t1	VFG050626(gb|YP_001085823.1)	40.000	115	69	0	2354	2468	1	115	7.70e-26	104
g420.t1	VFG001225(gb|NP_249099)	40.323	124	73	1	2346	2468	2	125	1.02e-25	104
g420.t1	VFG014004(gb|WP_003148848)	40.323	124	73	1	2346	2468	2	125	2.03e-25	103
g420.t1	VFG014014(gb|WP_003458788)	39.655	116	70	0	2353	2468	10	125	1.18e-24	101
g420.t1	VFG014012(gb|WP_011064001)	38.793	116	71	0	2353	2468	10	125	1.30e-24	101
g420.t1	VFG014015(gb|WP_003282729)	39.655	116	70	0	2353	2468	10	125	1.78e-24	100
g420.t1	VFG042942(gb|WP_004085459)	39.655	116	70	0	2353	2468	16	131	1.83e-24	101
g420.t1	VFG014008(gb|WP_004654414)	38.710	124	75	1	2346	2468	2	125	2.35e-24	100
g420.t1	VFG014006(gb|WP_002551738)	38.710	124	75	1	2346	2468	2	125	3.78e-24	100
g420.t1	VFG042930(gb|WP_012031401)	35.537	121	78	0	2345	2465	2	122	5.20e-22	93.6
g420.t1	VFG015634(gb|WP_012274551)	34.188	117	77	0	2353	2469	4	120	1.21e-16	78.2
g420.t1	VFG014019(gb|WP_003377196)	33.621	116	77	0	2353	2468	4	119	1.57e-16	77.8
g420.t1	VFG014022(gb|WP_003249327)	34.188	117	77	0	2353	2469	4	120	1.87e-16	77.8
g420.t1	VFG009863(gb|WP_014878347)	39.655	116	68	1	2353	2468	3	116	2.10e-16	80.9
g420.t1	VFG022935(gb|YP_001701820)	39.496	119	70	1	2350	2468	2	118	2.23e-16	80.9
g420.t1	VFG022941(gb|WP_013827874)	39.655	116	68	1	2353	2468	5	118	2.37e-16	80.5
g420.t1	VFG043386(gb|WP_000772151)	36.885	122	75	2	2353	2472	3	124	3.23e-16	77.0
g420.t1	VFG009866(gb|WP_011561679)	38.655	119	71	1	2350	2468	2	118	4.51e-16	79.7
g420.t1	VFG027211(gb|WP_005063392)	39.655	116	68	1	2353	2468	3	116	4.76e-16	79.7
g420.t1	VFG022934(gb|WP_020726450)	39.655	116	68	1	2353	2468	3	116	5.05e-16	79.7
g420.t1	VFG014024(gb|WP_011536047)	33.333	117	78	0	2353	2469	4	120	5.07e-16	76.3
g420.t1	VFG027205(gb|WP_005098722)	39.655	116	68	1	2353	2468	3	116	5.09e-16	79.7
g420.t1	VFG027215(gb|YP_007960876)	39.655	116	68	1	2353	2468	3	116	5.33e-16	79.7
g420.t1	VFG009861(gb|WP_010907575)	38.333	120	72	1	2353	2472	3	120	5.49e-16	79.7
g420.t1	VFG009857(gb|WP_014588181)	39.655	116	68	1	2353	2468	3	116	5.92e-16	79.3
g420.t1	VFG009862(gb|WP_071498255)	39.655	116	68	1	2353	2468	3	116	6.22e-16	79.3
g420.t1	VFG014025(gb|WP_011064000)	32.759	116	78	0	2353	2468	4	119	6.28e-16	76.3
g420.t1	VFG027208(gb|WP_041181419)	39.655	116	68	1	2353	2468	3	116	6.51e-16	79.3
g420.t1	VFG009867(gb|WP_041309847)	38.793	116	69	1	2353	2468	3	116	7.16e-16	79.3
g420.t1	VFG009859(gb|WP_003872811)	39.655	116	68	1	2353	2468	3	116	7.65e-16	79.0
g420.t1	VFG014020(gb|WP_011266432)	32.759	116	78	0	2353	2468	4	119	8.32e-16	75.9
g420.t1	VFG015635(gb|WP_012312415)	33.333	117	78	0	2353	2469	4	120	8.90e-16	75.9
g420.t1	VFG014028(gb|WP_003297216)	32.759	116	78	0	2353	2468	4	119	9.25e-16	75.5
g420.t1	VFG001390(gb|NP_215496)	39.655	116	68	1	2353	2468	3	116	9.78e-16	79.0
g420.t1	VFG024188(gb|WP_014941347)	39.655	116	68	1	2353	2468	3	116	1.09e-15	78.6
g420.t1	VFG001226(gb|NP_249100)	32.759	116	78	0	2353	2468	4	119	1.10e-15	75.5
g420.t1	VFG024189(gb|WP_008254065)	39.655	116	68	1	2353	2468	3	116	1.12e-15	78.6
g420.t1	VFG014027(gb|WP_003458790)	31.897	116	79	0	2353	2468	4	119	1.16e-15	75.5
g420.t1	VFG014026(gb|WP_011336365)	31.897	116	79	0	2353	2468	4	119	2.40e-15	74.3
g420.t1	VFG042950(gb|WP_004083584)	27.119	118	86	0	2353	2470	4	121	2.49e-15	74.7
g420.t1	VFG014021(gb|WP_002551739)	32.759	116	78	0	2353	2468	4	119	2.99e-15	74.3
g420.t1	VFG027220(gb|YP_007957122)	38.793	116	69	1	2353	2468	3	116	4.21e-15	77.0
g420.t1	VFG009865(gb|WP_041307013)	37.931	116	70	1	2353	2468	3	116	1.04e-14	75.9
g420.t1	VFG019765(gb|WP_014720320)	32.759	116	78	0	2353	2468	4	119	1.19e-14	72.4
g420.t1	VFG009864(gb|WP_041787729)	37.931	116	70	1	2353	2468	3	116	1.93e-14	75.1
g420.t1	VFG043402(gb|YP_002344511)	36.134	119	74	2	2353	2469	3	121	2.37e-14	72.0
g420.t1	VFG043206(gb|WP_005164479)	34.783	115	74	1	2354	2467	9	123	4.29e-14	71.2
g420.t1	VFG043012(gb|NP_250147)	35.345	116	74	1	2353	2467	3	118	4.38e-14	70.9
g420.t1	VFG027229(gb|WP_041312672)	39.806	103	60	1	2353	2455	3	103	5.47e-14	73.6
g420.t1	VFG050640(gb|WP_000101096.1)	27.586	116	84	0	2353	2468	4	119	3.73e-13	68.2
g420.t1	VFG015077(gb|WP_041475601)	24.267	375	215	12	2122	2469	456	788	4.31e-13	75.1
g420.t1	VFG043037(gb|NP_460873)	33.913	115	75	1	2354	2467	9	123	5.07e-13	68.2
g420.t1	VFG043089(gb|WP_000763867)	33.913	115	75	1	2354	2467	9	123	9.52e-13	67.4
g420.t1	VFG007568(gb|WP_000697869)	32.759	116	77	1	2353	2467	3	118	1.01e-12	67.0
g420.t1	VFG015076(gb|WP_011062714)	23.913	460	254	16	2035	2469	400	788	1.42e-12	73.6
g420.t1	VFG007573(gb|WP_005420316)	31.897	116	78	1	2353	2467	7	122	1.91e-12	66.2
g420.t1	VFG022919(gb|YP_001701702)	36.634	101	62	1	2368	2468	25	123	2.62e-12	68.9
g420.t1	VFG007570(gb|WP_021451399)	31.897	116	78	1	2353	2467	3	118	2.71e-12	65.9
g420.t1	VFG043395(gb|YP_002343726)	30.000	130	79	3	2354	2472	185	313	3.20e-12	70.1
g420.t1	VFG007571(gb|WP_017052487)	31.897	116	78	1	2353	2467	3	118	6.13e-12	64.7
g420.t1	VFG038701(gb|WP_013723552)	31.034	116	79	1	2353	2467	7	122	1.26e-11	63.9
g420.t1	VFG038216(gb|WP_000076440)	32.800	125	79	2	2345	2468	2	122	1.98e-11	66.2
g420.t1	VFG009834(gb|WP_011892635)	34.653	101	64	1	2368	2468	23	121	2.24e-11	66.2
g420.t1	VFG038700(gb|WP_005319295)	30.172	116	80	1	2353	2467	7	122	2.39e-11	63.2
g420.t1	VFG015075(gb|WP_011532652)	25.479	365	225	12	2121	2469	456	789	2.76e-11	69.3
g420.t1	VFG038699(gb|WP_010634617)	30.172	116	80	1	2353	2467	7	122	2.99e-11	62.8
g420.t1	VFG002525(gb|WP_004185006)	30.769	117	80	1	2353	2468	7	123	3.24e-11	63.2
g420.t1	VFG025826(gb|WP_006485893)	30.769	117	80	1	2353	2468	7	123	3.37e-11	62.8
g420.t1	VFG009835(gb|WP_011782153)	34.653	101	64	1	2368	2468	25	123	3.49e-11	65.5
g420.t1	VFG042929(gb|WP_012031400)	29.915	117	82	0	2353	2469	4	120	3.53e-11	62.4
g420.t1	VFG038817(gb|WP_005320217)	33.083	133	78	3	2341	2465	171	300	3.91e-11	66.6
g420.t1	VFG025824(gb|WP_006754880)	30.769	117	80	1	2353	2468	7	123	5.11e-11	62.4
g420.t1	VFG027180(gb|WP_198345124)	34.653	101	64	1	2368	2468	28	126	5.27e-11	65.1
g420.t1	VFG015074(gb|WP_012053464)	31.538	130	86	2	2343	2469	660	789	5.81e-11	68.2
g420.t1	VFG009836(gb|WP_011857018)	34.653	101	64	1	2368	2468	25	123	7.11e-11	64.7
g420.t1	VFG009837(gb|WP_172800613)	34.653	101	64	1	2368	2468	28	126	7.11e-11	64.7
g420.t1	VFG009833(gb|WP_168189073)	34.653	101	64	1	2368	2468	31	129	7.73e-11	64.7
g420.t1	VFG038818(gb|WP_005334174)	34.127	126	72	3	2349	2466	179	301	7.74e-11	65.9
g420.t1	VFG038816(gb|WP_011706646)	33.083	133	77	3	2344	2465	169	300	7.81e-11	65.9
g420.t1	VFG027175(gb|YP_005359605)	34.653	101	64	1	2368	2468	25	123	7.88e-11	64.7
g420.t1	VFG009838(gb|WP_011561825)	34.653	101	64	1	2368	2468	25	123	8.10e-11	64.3
g420.t1	VFG001389(gb|NP_215418)	34.653	101	64	1	2368	2468	28	126	9.07e-11	64.3
g420.t1	VFG011626(gb|WP_002965156)	31.034	116	77	1	2353	2468	10	122	1.01e-10	64.3
g420.t1	VFG015073(gb|WP_010952710)	31.298	131	87	2	2342	2469	659	789	1.10e-10	67.4
g420.t1	VFG042669(gb|WP_006485030)	32.500	120	74	2	2352	2468	605	720	1.64e-10	66.6
g420.t1	VFG009829(gb|WP_024637144)	34.653	101	64	1	2368	2468	28	126	1.81e-10	63.5
g420.t1	VFG022924(gb|WP_010908722)	34.653	101	64	1	2368	2468	25	123	1.90e-10	63.5
g420.t1	VFG024176(gb|WP_008253900)	34.653	101	64	1	2368	2468	28	126	2.18e-10	63.2
g420.t1	VFG022925(gb|WP_013827765)	34.314	102	63	2	2368	2468	28	126	2.37e-10	63.2
g420.t1	VFG022918(gb|WP_012396175)	34.653	101	64	1	2368	2468	28	126	2.37e-10	63.2
g420.t1	VFG009831(gb|WP_172591973)	34.653	101	64	1	2368	2468	28	126	2.42e-10	63.2
g420.t1	VFG009832(gb|WP_011738612)	34.653	101	64	1	2368	2468	28	126	2.89e-10	62.8
g420.t1	VFG042670(gb|WP_006485049)	34.188	117	74	1	2351	2464	583	699	2.93e-10	65.9
g420.t1	VFG024164(gb|WP_008263800)	31.034	116	78	1	2353	2468	15	128	3.10e-10	62.8
g420.t1	VFG024168(gb|WP_014379067)	31.034	116	78	1	2353	2468	15	128	3.47e-10	62.8
g420.t1	VFG022905(gb|YP_001701425)	31.092	119	80	1	2350	2468	20	136	4.11e-10	62.8
g420.t1	VFG027123(gb|YP_007956929)	31.034	116	78	1	2353	2468	23	136	5.05e-10	62.4
g420.t1	VFG009801(gb|WP_010948903)	31.034	116	78	1	2353	2468	15	128	6.60e-10	62.0
g420.t1	VFG007370(gb|WP_000145786)	28.571	140	91	2	2335	2466	166	304	6.79e-10	62.8
g420.t1	VFG001386(gb|NP_215271)	31.034	116	78	1	2353	2468	23	136	6.98e-10	62.0
g420.t1	VFG009802(gb|WP_003875752)	31.034	116	78	1	2353	2468	15	128	7.11e-10	61.6
g420.t1	VFG009797(gb|WP_012054162)	31.034	116	78	1	2353	2468	23	136	7.45e-10	62.0
g420.t1	VFG031729(gb|WP_011891085)	30.172	116	78	1	2353	2468	4	116	7.77e-10	61.6
g420.t1	VFG015782(gb|WP_012270935)	31.200	125	83	2	2348	2469	665	789	8.35e-10	64.3
g420.t1	VFG031738(gb|YP_001704775)	30.172	116	78	1	2353	2468	4	116	8.37e-10	61.2
g420.t1	VFG027122(gb|WP_015456166)	31.034	116	78	1	2353	2468	23	136	8.88e-10	61.6
g420.t1	VFG031746(gb|WP_013470606)	30.172	116	78	1	2353	2468	4	116	1.07e-09	61.2
g420.t1	VFG031740(gb|WP_012666330)	31.034	116	77	1	2353	2468	4	116	1.13e-09	60.8
g420.t1	VFG031776(gb|WP_015304588)	30.172	116	78	1	2353	2468	4	116	1.14e-09	60.8
g420.t1	VFG031736(gb|WP_011778105)	30.172	116	78	1	2353	2468	4	116	1.15e-09	60.8
g420.t1	VFG009807(gb|WP_011561967)	29.921	127	87	1	2342	2468	4	128	1.20e-09	61.2
g420.t1	VFG031728(gb|WP_011799110)	31.034	116	77	1	2353	2468	4	116	1.33e-09	60.8
g420.t1	VFG022910(gb|WP_013830539)	29.231	130	89	2	2340	2468	1	128	1.40e-09	60.8
g420.t1	VFG025839(gb|WP_012492268)	36.792	106	60	4	2353	2454	9	111	1.73e-09	62.0
g420.t1	VFG025837(gb|WP_011546709)	36.792	106	60	4	2353	2454	6	108	1.76e-09	62.0
g420.t1	VFG031730(gb|WP_014876914)	30.172	116	78	1	2353	2468	4	116	1.80e-09	60.5
g420.t1	VFG043018(gb|NP_252039)	36.364	110	61	2	2353	2453	181	290	1.93e-09	61.6
g420.t1	VFG031731(gb|WP_011558087)	30.172	116	78	1	2353	2468	4	116	2.59e-09	60.1
g420.t1	VFG015783(gb|WP_012313127)	30.400	125	84	1	2348	2469	666	790	2.71e-09	62.8
g420.t1	VFG031744(gb|WP_013827421)	30.172	116	78	1	2353	2468	4	116	2.94e-09	59.7
g420.t1	VFG007372(gb|WP_005462297)	28.261	138	88	3	2343	2470	172	308	3.07e-09	60.8
g420.t1	VFG027172(gb|YP_007957056)	32.673	101	66	1	2368	2468	28	126	3.10e-09	59.7
g420.t1	VFG022904(gb|WP_012396471)	30.172	116	79	1	2353	2468	16	129	3.22e-09	59.7
g420.t1	VFG031735(gb|WP_011742113)	30.172	116	78	1	2353	2468	4	116	3.60e-09	59.3
g420.t1	VFG031747(gb|WP_008261205)	30.172	116	78	1	2353	2468	4	116	3.71e-09	59.3
g420.t1	VFG025849(gb|WP_009910098)	36.036	111	64	4	2348	2454	2	109	3.72e-09	61.2
g420.t1	VFG002526(gb|WP_004198645)	36.036	111	64	4	2348	2454	2	109	3.75e-09	61.2
g420.t1	VFG031726(gb|WP_003873718)	30.172	116	78	1	2353	2468	4	116	3.88e-09	59.3
g420.t1	VFG009804(gb|WP_011730856)	30.172	116	79	1	2353	2468	15	128	4.19e-09	59.3
g420.t1	VFG001747(gb|WP_002209035)	32.143	140	82	5	2336	2464	672	809	4.50e-09	62.0
g420.t1	VFG001747(gb|WP_002209035)	30.275	109	51	3	2067	2175	532	615	3.21e-07	55.8
g420.t1	VFG017284(gb|WP_012105858)	32.143	140	82	5	2336	2464	672	809	4.98e-09	62.0
g420.t1	VFG017284(gb|WP_012105858)	30.275	109	51	3	2067	2175	532	615	3.38e-07	55.8
g420.t1	VFG018953(gb|WP_012304703)	32.143	140	82	5	2336	2464	672	809	5.15e-09	62.0
g420.t1	VFG018953(gb|WP_012304703)	30.275	109	51	3	2067	2175	532	615	3.19e-07	55.8
g420.t1	VFG003358(gb|WP_011191566)	32.143	140	82	5	2336	2464	672	809	5.24e-09	62.0
g420.t1	VFG003358(gb|WP_011191566)	30.275	109	51	3	2067	2175	532	615	3.16e-07	55.8
g420.t1	VFG043345(gb|WP_011946713)	31.034	116	78	2	2353	2468	4	117	5.54e-09	60.8
g420.t1	VFG031754(gb|WP_015302569)	30.172	116	78	1	2353	2468	4	116	5.80e-09	58.9
g420.t1	VFG031722(gb|NP_215005)	30.172	116	78	1	2353	2468	4	116	6.31e-09	58.9
g420.t1	VFG009805(gb|WP_011892478)	30.172	116	79	1	2353	2468	14	127	7.92e-09	58.5
g420.t1	VFG043408(gb|WP_000940577)	32.174	115	72	4	2353	2464	5	116	8.00e-09	55.8
g420.t1	VFG009806(gb|WP_036377334)	30.172	116	79	1	2353	2468	14	127	8.14e-09	58.5
g420.t1	VFG018395(gb|WP_024131926)	31.034	116	78	1	2353	2468	3	116	8.32e-09	58.2
g420.t1	VFG041577(gb|WP_012847750)	33.835	133	79	3	2337	2465	672	799	9.36e-09	60.8
g420.t1	VFG007375(gb|WP_005420408)	28.272	191	116	4	2289	2468	124	304	1.14e-08	58.9
g420.t1	VFG015071(gb|WP_011268595)	30.645	124	83	1	2349	2469	665	788	1.32e-08	60.5
g420.t1	VFG027131(gb|WP_015309447)	29.310	116	80	1	2353	2468	15	128	1.36e-08	58.2
g420.t1	VFG009803(gb|WP_011738792)	29.310	116	80	1	2353	2468	16	129	1.44e-08	57.8
g420.t1	VFG007373(gb|WP_011078343)	27.143	140	93	2	2335	2466	166	304	1.62e-08	58.5
g420.t1	VFG004063(gb|WP_001537766)	30.172	116	79	1	2353	2468	3	116	2.11e-08	57.0
g420.t1	VFG043374(gb|WP_000818647)	26.203	187	112	6	2297	2471	138	310	2.19e-08	58.2
g420.t1	VFG000475(gb|NP_460201)	30.172	116	79	1	2353	2468	4	117	2.44e-08	57.0
g420.t1	VFG004061(gb|WP_001766960)	30.172	116	79	1	2353	2468	3	116	2.48e-08	57.0
g420.t1	VFG019942(gb|WP_012724914)	30.645	124	83	2	2349	2469	665	788	2.48e-08	59.7
g420.t1	VFG015068(gb|WP_003156446)	28.226	124	86	1	2349	2469	663	786	2.62e-08	59.7
g420.t1	VFG025917(gb|WP_006482646)	26.957	115	84	0	2353	2467	5	119	2.83e-08	54.3
g420.t1	VFG015070(gb|WP_011103673)	29.839	124	84	1	2349	2469	665	788	2.86e-08	59.3
g420.t1	VFG043038(gb|NP_460874)	34.906	106	62	3	2353	2454	6	108	3.10e-08	58.2
g420.t1	VFG015067(gb|NP_249619)	28.226	124	86	1	2349	2469	663	786	3.64e-08	58.9
g420.t1	VFG006846(gb|NP_464218)	28.696	115	77	3	2353	2465	4	115	3.71e-08	53.9
g420.t1	VFG001888(gb|WP_010947629)	28.099	121	85	2	2351	2470	676	795	3.75e-08	58.9
g420.t1	VFG010911(gb|WP_011947563)	33.333	117	74	3	2353	2467	4	118	3.83e-08	56.2
g420.t1	VFG032760(gb|WP_003746076)	28.696	115	77	3	2353	2465	4	115	3.90e-08	53.9
g420.t1	VFG041119(gb|WP_004528788)	29.688	128	87	1	2345	2472	2	126	3.94e-08	56.6
g420.t1	VFG001889(gb|WP_011216518)	33.333	117	74	3	2353	2467	4	118	4.17e-08	56.2
g420.t1	VFG025915(gb|WP_006477352)	26.957	115	84	0	2353	2467	5	119	4.91e-08	53.5
g420.t1	VFG015072(gb|WP_011169248)	30.328	122	82	1	2351	2469	667	788	6.03e-08	58.5
g420.t1	VFG010916(gb|WP_011215874)	28.099	121	85	2	2351	2470	676	795	6.33e-08	58.2
g420.t1	VFG014968(gb|WP_002551374)	35.000	120	65	5	2353	2466	3	115	7.09e-08	55.8
g420.t1	VFG010915(gb|WP_011214165)	28.099	121	85	2	2351	2470	676	795	7.18e-08	58.2
g420.t1	VFG002532(gb|WP_004198195)	28.182	110	79	0	2353	2462	5	114	7.27e-08	53.1
g420.t1	VFG014967(gb|WP_003401565)	35.000	120	65	5	2353	2466	3	115	7.70e-08	55.8
g420.t1	VFG004064(gb|WP_023234872)	29.310	116	80	1	2353	2468	3	116	8.15e-08	55.5
g420.t1	VFG010917(gb|WP_011946809)	28.099	121	85	2	2351	2470	676	795	9.99e-08	57.8
g420.t1	VFG041873(gb|WP_080509010)	33.621	116	74	1	2353	2465	704	819	1.19e-07	57.4
g420.t1	VFG014966(gb|WP_007247212)	34.167	120	66	5	2353	2466	3	115	1.45e-07	55.1
g420.t1	VFG015078(gb|WP_012018243)	28.226	124	86	1	2349	2469	664	787	1.71e-07	57.0
g420.t1	VFG043090(gb|WP_000036413)	33.962	106	63	3	2353	2454	6	108	1.83e-07	55.8
g420.t1	VFG015079(gb|WP_185745811)	27.500	120	84	1	2353	2469	670	789	2.43e-07	56.2
g420.t1	VFG021089(gb|WP_024131483)	29.310	116	80	1	2353	2468	3	116	2.51e-07	53.9
g420.t1	VFG006818(gb|NP_465270)	24.138	116	85	1	2353	2468	4	116	2.77e-07	53.9
g420.t1	VFG043015(gb|NP_250150)	36.697	109	62	3	2353	2457	5	110	2.95e-07	55.1
g420.t1	VFG006821(gb|WP_003729795)	24.138	116	85	1	2353	2468	4	116	2.98e-07	53.5
g420.t1	VFG025927(gb|WP_009906581)	26.364	110	81	0	2353	2462	5	114	3.04e-07	51.6
g420.t1	VFG006820(gb|WP_003762805)	24.138	116	85	1	2353	2468	4	116	3.27e-07	53.5
g420.t1	VFG032572(gb|WP_003748279)	24.138	116	85	1	2353	2468	4	116	4.28e-07	53.1
g420.t1	VFG038710(gb|WP_011705291)	33.945	109	65	3	2353	2457	5	110	4.86e-07	54.7
g420.t1	VFG038711(gb|WP_016350060)	33.945	109	65	3	2353	2457	5	110	5.26e-07	54.3
g420.t1	VFG023574(gb|WP_013649086)	31.579	114	76	2	2353	2464	706	819	5.69e-07	55.1
g420.t1	VFG038713(gb|WP_005353666)	33.945	109	65	3	2353	2457	5	110	6.55e-07	53.9
g420.t1	VFG009820(gb|WP_036377494)	28.889	135	61	3	2040	2173	367	467	6.69e-07	54.3
g420.t1	VFG043207(gb|WP_005164481)	33.019	106	64	3	2353	2454	6	108	1.08e-06	53.1
g420.t1	VFG038712(gb|WP_005319287)	33.945	109	65	3	2353	2457	5	110	1.33e-06	53.1
g420.t1	VFG031742(gb|WP_010908899)	33.333	87	55	1	2382	2468	4	87	1.38e-06	51.2
g420.t1	VFG024200(gb|WP_008262428)	31.356	118	72	3	2353	2467	10	121	1.52e-06	51.6
g420.t1	VFG050641(gb|YP_001085822.1)	25.641	78	58	0	2391	2468	5	82	2.72e-06	47.4
g420.t1	VFG022913(gb|WP_013988770)	30.496	141	67	5	2040	2179	363	473	2.93e-06	52.4
g420.t1	VFG014973(gb|WP_011336516)	43.750	64	33	2	2353	2413	3	66	2.99e-06	51.2
g420.t1	VFG015092(gb|WP_041755484)	33.333	120	74	4	2353	2469	4	120	3.96e-06	50.1
g420.t1	VFG018487(gb|WP_001050783)	32.381	105	67	2	2353	2454	691	794	4.28e-06	52.4
g420.t1	VFG019760(gb|WP_012722471)	28.704	108	75	1	2353	2460	5	110	4.40e-06	51.6
g420.t1	VFG043379(gb|WP_000251148)	24.272	206	134	6	2259	2453	104	298	4.42e-06	51.2
g420.t1	VFG014964(gb|WP_003157680)	35.000	120	65	5	2353	2466	3	115	4.68e-06	50.4
g420.t1	VFG042685(gb|CAD56976)	27.642	123	83	3	2349	2468	2	121	4.70e-06	50.1
g420.t1	VFG000119(gb|NP_253948)	35.000	120	65	5	2353	2466	3	115	4.72e-06	50.4
g420.t1	VFG045728(gb|WP_003635449)	30.769	117	77	3	2353	2467	4	118	4.97e-06	50.1
g420.t1	VFG014975(gb|WP_013981629)	33.898	118	69	4	2353	2466	3	115	5.41e-06	50.1
g420.t1	VFG015770(gb|WP_012269993)	33.333	117	71	4	2353	2466	3	115	5.46e-06	50.1
g420.t1	VFG027142(gb|YP_007960665)	29.787	141	68	5	2040	2179	139	249	7.53e-06	50.1
g420.t1	VFG014969(gb|WP_010951571)	33.333	117	71	4	2353	2466	3	115	7.58e-06	49.7
g420.t1	VFG009821(gb|WP_011857087)	26.667	135	64	3	2040	2173	363	463	9.74e-06	50.8
g1473.t1	VFG043014(gb|NP_250149)	100.000	753	0	0	1	753	1	753	0.0	1493
g1473.t1	VFG007561(gb|WP_011262350)	58.740	778	252	11	1	753	1	734	0.0	845
g1473.t1	VFG007558(gb|WP_005479526)	58.323	775	262	9	1	750	1	739	0.0	814
g1473.t1	VFG007556(gb|WP_000119661)	55.362	802	284	8	1	750	1	780	0.0	797
g1473.t1	VFG007559(gb|WP_011079854)	57.439	773	269	8	1	750	1	736	0.0	789
g1473.t1	VFG038706(gb|WP_011705290)	57.439	773	262	11	1	752	1	727	0.0	787
g1473.t1	VFG038707(gb|WP_016350059)	57.106	774	264	11	1	752	1	728	0.0	786
g1473.t1	VFG038709(gb|WP_013723553)	57.032	775	264	11	1	752	1	729	0.0	786
g1473.t1	VFG038708(gb|WP_005319290)	56.774	775	258	10	1	752	1	721	0.0	784
g1473.t1	VFG007560(gb|WP_011150907)	57.697	773	267	8	1	750	1	736	0.0	783
g1473.t1	VFG043373(gb|WP_000342347)	47.242	417	208	2	338	746	236	648	4.17e-121	382
g1473.t1	VFG043373(gb|WP_000342347)	45.045	111	61	0	3	113	1	111	9.84e-24	107
g1473.t1	VFG043394(gb|YP_002343725)	42.232	457	253	2	298	746	166	619	3.70e-117	370
g1473.t1	VFG043394(gb|YP_002343725)	37.853	177	101	2	7	174	5	181	9.25e-28	119
g1473.t1	VFG043042(gb|NP_460878)	43.204	412	217	6	350	751	261	665	1.73e-94	308
g1473.t1	VFG043042(gb|NP_460878)	33.750	160	102	4	1	157	1	159	8.16e-16	81.3
g1473.t1	VFG043094(gb|WP_001322280)	42.169	415	224	6	339	745	234	640	2.75e-94	307
g1473.t1	VFG043094(gb|WP_001322280)	33.577	137	88	3	1	135	1	136	2.10e-15	80.1
g1473.t1	VFG043211(gb|WP_032902679)	42.029	414	224	7	349	751	265	673	9.62e-90	296
g1473.t1	VFG043211(gb|WP_032902679)	33.113	151	98	2	11	158	8	158	4.33e-13	72.8
g1473.t1	VFG002531(gb|WP_011205291)	41.935	403	220	6	354	751	340	733	3.29e-85	285
g1473.t1	VFG025907(gb|WP_011832273)	41.935	403	220	6	354	751	360	753	4.40e-85	285
g1473.t1	VFG025906(gb|WP_011204177)	41.935	403	220	6	354	751	360	753	4.68e-85	285
g1473.t1	VFG025914(gb|WP_011402607)	42.119	387	214	5	370	751	354	735	4.67e-84	282
g1473.t1	VFG025905(gb|WP_012327701)	41.985	393	210	6	368	751	353	736	1.28e-83	281
g1473.t1	VFG025902(gb|WP_011546713)	41.985	393	210	6	368	751	359	742	2.43e-83	280
g1473.t1	VFG025911(gb|WP_004525700)	42.119	387	214	5	370	751	370	751	2.70e-83	280
g1473.t1	VFG025912(gb|WP_011852322)	42.119	387	214	5	370	751	367	748	3.03e-83	280
g1473.t1	VFG025910(gb|WP_004536128)	42.119	387	214	5	370	751	370	751	3.35e-83	280
g1473.t1	VFG043409(gb|WP_001192590)	36.253	411	255	5	337	741	257	666	4.09e-83	278
g1473.t1	VFG043409(gb|WP_001192590)	32.673	101	68	0	8	108	4	104	6.55e-12	68.9
g1473.t1	VFG025904(gb|WP_012492266)	41.985	393	210	6	368	751	358	741	1.24e-82	278
g1473.t1	VFG032734(gb|WP_012985055)	32.540	378	253	2	369	745	240	616	2.00e-71	244
g1473.t1	VFG032734(gb|WP_012985055)	26.429	140	103	0	9	148	5	144	2.14e-09	60.8
g1473.t1	VFG032733(gb|WP_014092137)	31.719	413	272	4	338	745	209	616	3.14e-71	244
g1473.t1	VFG032733(gb|WP_014092137)	25.714	140	104	0	9	148	5	144	7.66e-09	58.9
g1473.t1	VFG006845(gb|WP_011701501)	32.199	382	249	3	369	745	242	618	2.32e-70	242
g1473.t1	VFG006845(gb|WP_011701501)	27.869	122	88	0	9	130	5	126	6.92e-09	58.9
g1473.t1	VFG006842(gb|NP_464219)	32.011	378	255	2	369	745	242	618	5.45e-70	241
g1473.t1	VFG006842(gb|NP_464219)	27.869	122	88	0	9	130	5	126	7.67e-09	58.9
g1473.t1	VFG006843(gb|WP_003727202)	32.011	378	255	2	369	745	242	618	5.56e-70	241
g1473.t1	VFG006843(gb|WP_003727202)	27.869	122	88	0	9	130	5	126	8.65e-09	58.9
g1473.t1	VFG032710(gb|WP_003721813)	32.011	378	255	2	369	745	242	618	5.79e-70	241
g1473.t1	VFG032710(gb|WP_003721813)	27.869	122	88	0	9	130	5	126	7.67e-09	58.9
g1473.t1	VFG032722(gb|WP_003730258)	32.011	378	255	2	369	745	242	618	6.54e-70	241
g1473.t1	VFG032722(gb|WP_003730258)	27.869	122	88	0	9	130	5	126	9.68e-09	58.5
g1473.t1	VFG032730(gb|WP_003724428)	32.011	378	255	2	369	745	242	618	6.61e-70	241
g1473.t1	VFG032730(gb|WP_003724428)	27.869	122	88	0	9	130	5	126	8.88e-09	58.9
g1473.t1	VFG019402(gb|WP_012581778)	32.011	378	255	2	369	745	242	618	7.24e-70	240
g1473.t1	VFG019402(gb|WP_012581778)	27.869	122	88	0	9	130	5	126	9.43e-09	58.5
g1473.t1	VFG006844(gb|WP_010990559)	32.011	378	255	2	369	745	242	618	2.74e-69	239
g1473.t1	VFG006844(gb|WP_010990559)	27.869	122	88	0	9	130	5	126	6.74e-09	59.3
g1473.t1	VFG014070(gb|WP_011336362)	37.015	335	198	4	416	742	1493	1822	1.94e-59	219
g1473.t1	VFG014070(gb|WP_011336362)	27.857	140	98	2	6	145	1216	1352	1.16e-08	58.9
g1473.t1	VFG014070(gb|WP_011336362)	29.139	151	100	3	6	155	1074	1218	3.53e-06	50.8
g1473.t1	VFG014070(gb|WP_011336362)	38.571	70	43	0	6	75	631	700	4.40e-06	50.4
g1473.t1	VFG014068(gb|WP_044488903)	35.795	352	201	5	416	753	1273	1613	2.62e-58	215
g1473.t1	VFG014068(gb|WP_044488903)	26.144	153	111	2	6	158	996	1146	3.89e-06	50.4
g1473.t1	VFG014069(gb|WP_011063997)	35.838	346	197	5	416	747	1488	1822	3.49e-58	215
g1473.t1	VFG014072(gb|WP_011914954)	36.283	339	205	6	416	747	1958	2292	4.58e-58	214
g1473.t1	VFG014065(gb|WP_011167502)	35.882	340	204	5	416	747	1509	1842	5.35e-58	214
g1473.t1	VFG014065(gb|WP_011167502)	27.922	154	105	4	6	155	1224	1375	6.35e-06	50.1
g1473.t1	VFG014065(gb|WP_011167502)	30.556	144	87	4	6	144	1081	1216	9.70e-06	49.3
g1473.t1	VFG015641(gb|WP_012312418)	36.364	352	199	6	416	753	1146	1486	6.79e-58	214
g1473.t1	VFG014063(gb|WP_011105280)	34.943	352	191	5	416	747	1509	1842	2.94e-57	212
g1473.t1	VFG014071(gb|WP_041772785)	35.277	343	212	5	416	751	1929	2268	5.72e-57	211
g1473.t1	VFG014071(gb|WP_041772785)	32.258	155	94	5	4	157	1266	1410	1.49e-06	52.0
g1473.t1	VFG014064(gb|WP_011266435)	35.294	340	206	5	416	747	1514	1847	1.05e-56	210
g1473.t1	VFG014064(gb|WP_011266435)	28.030	132	92	2	6	135	1229	1359	1.39e-06	52.0
g1473.t1	VFG014061(gb|WP_012074001)	33.429	347	217	4	416	750	1965	2309	1.20e-56	210
g1473.t1	VFG014061(gb|WP_012074001)	30.128	156	99	3	6	153	1346	1499	1.53e-06	52.0
g1473.t1	VFG014061(gb|WP_012074001)	27.711	166	88	4	6	159	848	993	3.99e-06	50.4
g1473.t1	VFG001231(gb|NP_249104)	33.429	347	217	4	416	750	1979	2323	1.35e-56	210
g1473.t1	VFG001231(gb|NP_249104)	28.235	170	90	4	6	163	864	1013	2.19e-06	51.6
g1473.t1	VFG001231(gb|NP_249104)	27.407	135	97	1	6	140	1362	1495	9.73e-06	49.3
g1473.t1	VFG019771(gb|WP_012613502)	33.429	347	217	4	416	750	1979	2323	1.39e-56	210
g1473.t1	VFG019771(gb|WP_012613502)	28.235	170	90	4	6	163	864	1013	2.19e-06	51.6
g1473.t1	VFG019771(gb|WP_012613502)	28.148	135	96	1	6	140	1362	1495	5.11e-06	50.1
g1473.t1	VFG014062(gb|WP_004365046)	33.429	347	217	4	416	750	1983	2327	1.49e-56	210
g1473.t1	VFG014062(gb|WP_004365046)	29.412	170	88	4	6	163	862	1011	3.22e-07	54.3
g1473.t1	VFG014062(gb|WP_004365046)	28.148	135	96	1	6	140	1360	1493	5.85e-06	50.1
g1473.t1	VFG014067(gb|WP_012053912)	36.812	345	207	6	416	753	1164	1504	1.95e-56	209
g1473.t1	VFG014066(gb|WP_010955557)	36.812	345	207	6	416	753	1164	1504	2.55e-56	209
g1473.t1	VFG015640(gb|WP_012274548)	36.337	344	210	5	416	753	1165	1505	1.19e-55	207
g1473.t1	VFG019772(gb|WP_015886333)	34.320	338	213	4	416	747	1458	1792	9.30e-55	204
g1473.t1	VFG019772(gb|WP_015886333)	28.049	164	113	3	5	168	1184	1342	2.79e-07	54.3
g1473.t1	VFG019772(gb|WP_015886333)	26.570	207	127	5	6	212	1047	1228	3.16e-06	50.8
g1473.t1	VFG042926(gb|WP_012031397)	33.618	351	215	8	412	750	2070	2414	1.78e-47	182
g1848.t1	VFG042735(gb|NP_250513)	100.000	562	0	0	1	562	1	562	0.0	1115
g1848.t1	VFG014071(gb|WP_041772785)	33.979	568	347	9	6	560	8	560	1.25e-77	267
g1848.t1	VFG014072(gb|WP_011914954)	33.393	560	355	7	6	557	8	557	1.70e-73	255
g1848.t1	VFG014062(gb|WP_004365046)	34.099	566	343	10	6	557	8	557	1.30e-72	253
g1848.t1	VFG019771(gb|WP_012613502)	34.099	566	343	10	6	557	8	557	2.47e-72	252
g1848.t1	VFG001231(gb|NP_249104)	34.099	566	343	10	6	557	8	557	3.10e-72	251
g1848.t1	VFG014061(gb|WP_012074001)	34.452	566	341	10	6	557	8	557	1.45e-71	249
g1848.t1	VFG014070(gb|WP_011336362)	32.099	567	354	7	6	558	8	557	2.31e-66	234
g1848.t1	VFG014069(gb|WP_011063997)	32.332	566	359	7	6	560	8	560	6.54e-59	212
g1848.t1	VFG014063(gb|WP_011105280)	32.642	579	343	15	6	562	8	561	9.19e-56	203
g1848.t1	VFG014064(gb|WP_011266435)	31.634	569	362	10	6	562	8	561	5.36e-55	201
g1848.t1	VFG014065(gb|WP_011167502)	32.343	572	354	12	6	562	8	561	1.81e-54	199
g1848.t1	VFG019772(gb|WP_015886333)	31.882	574	343	11	6	557	8	555	2.02e-52	193
g1848.t1	VFG015640(gb|WP_012274548)	33.459	266	154	7	303	561	174	423	3.52e-19	92.0
g1848.t1	VFG015640(gb|WP_012274548)	31.579	133	91	0	6	138	14	146	1.23e-10	64.7
g1848.t1	VFG014067(gb|WP_012053912)	33.459	266	154	7	303	561	173	422	9.92e-19	90.5
g1848.t1	VFG014067(gb|WP_012053912)	30.075	133	93	0	6	138	13	145	7.87e-11	65.1
g1848.t1	VFG014066(gb|WP_010955557)	33.080	263	153	7	303	558	173	419	3.51e-18	88.6
g1848.t1	VFG014066(gb|WP_010955557)	30.075	133	93	0	6	138	13	145	1.05e-10	64.7
g1848.t1	VFG015641(gb|WP_012312418)	32.700	263	154	7	303	558	173	419	5.64e-17	84.7
g1848.t1	VFG015641(gb|WP_012312418)	30.827	133	92	0	6	138	13	145	4.93e-10	62.8
g1848.t1	VFG014068(gb|WP_044488903)	31.298	262	159	5	303	558	170	416	2.02e-14	76.6
g1848.t1	VFG014068(gb|WP_044488903)	29.600	125	87	1	6	129	10	134	7.35e-08	55.5
g3776.t1	VFG043394(gb|YP_002343725)	28.121	761	508	14	11	748	7	751	3.20e-92	305
g3776.t1	VFG014070(gb|WP_011336362)	31.507	803	451	20	7	762	1215	1965	1.08e-88	306
g3776.t1	VFG014061(gb|WP_012074001)	39.104	491	280	8	292	766	1969	2456	7.36e-88	304
g3776.t1	VFG019771(gb|WP_012613502)	39.104	491	280	8	292	766	1983	2470	1.77e-87	303
g3776.t1	VFG001231(gb|NP_249104)	39.104	491	280	8	292	766	1983	2470	2.11e-87	303
g3776.t1	VFG014062(gb|WP_004365046)	39.104	491	280	8	292	766	1987	2474	2.30e-87	302
g3776.t1	VFG019772(gb|WP_015886333)	29.888	803	457	16	8	760	1185	1931	3.90e-87	301
g3776.t1	VFG014069(gb|WP_011063997)	30.982	794	473	15	7	762	1207	1963	8.11e-87	301
g3776.t1	VFG014068(gb|WP_044488903)	31.841	804	446	18	8	760	996	1748	1.44e-86	300
g3776.t1	VFG014066(gb|WP_010955557)	32.088	776	423	20	35	760	917	1638	4.86e-86	298
g3776.t1	VFG014067(gb|WP_012053912)	32.266	781	415	24	35	760	917	1638	6.89e-86	298
g3776.t1	VFG015640(gb|WP_012274548)	31.679	786	412	21	37	760	917	1639	9.14e-85	294
g3776.t1	VFG014072(gb|WP_011914954)	35.791	556	335	10	224	764	1892	2440	2.81e-84	293
g3776.t1	VFG014071(gb|WP_041772785)	30.488	820	469	17	8	765	1631	2411	3.78e-84	293
g3776.t1	VFG015641(gb|WP_012312418)	37.060	483	279	8	292	760	1150	1621	6.39e-83	289
g3776.t1	VFG014064(gb|WP_011266435)	29.508	793	484	13	7	760	1228	1984	6.90e-82	286
g3776.t1	VFG014065(gb|WP_011167502)	29.345	794	483	13	7	760	1223	1978	1.99e-81	285
g3776.t1	VFG014063(gb|WP_011105280)	28.463	794	493	13	7	761	1223	1980	6.19e-79	277
g3776.t1	VFG043373(gb|WP_000342347)	27.880	599	375	8	156	748	234	781	3.18e-73	254
g3776.t1	VFG042926(gb|WP_012031397)	27.319	787	492	18	43	765	1779	2549	3.76e-68	245
g3776.t1	VFG032734(gb|WP_012985055)	27.372	643	404	15	9	617	3	616	1.11e-65	229
g3776.t1	VFG043409(gb|WP_001192590)	29.240	513	284	9	116	617	226	670	1.33e-64	228
g3776.t1	VFG043409(gb|WP_001192590)	30.769	91	63	0	11	101	5	95	6.49e-08	56.2
g3776.t1	VFG032733(gb|WP_014092137)	26.584	647	404	13	9	617	3	616	1.68e-64	226
g3776.t1	VFG043094(gb|WP_001322280)	29.545	660	386	16	30	643	27	653	2.63e-63	224
g3776.t1	VFG038709(gb|WP_013723553)	31.202	391	256	3	234	623	350	728	4.44e-60	216
g3776.t1	VFG038707(gb|WP_016350059)	30.946	391	257	3	234	623	349	727	4.93e-60	216
g3776.t1	VFG038706(gb|WP_011705290)	30.946	391	257	3	234	623	348	726	7.27e-60	215
g3776.t1	VFG038708(gb|WP_005319290)	30.435	391	259	3	234	623	342	720	1.08e-58	212
g3776.t1	VFG007558(gb|WP_005479526)	34.545	330	212	2	292	618	407	735	4.89e-57	207
g3776.t1	VFG043042(gb|NP_460878)	34.146	369	226	7	262	617	293	657	8.66e-57	206
g3776.t1	VFG007561(gb|WP_011262350)	33.739	329	215	2	292	618	400	727	1.25e-56	206
g3776.t1	VFG043211(gb|WP_032902679)	34.688	369	224	7	262	617	301	665	1.75e-56	205
g3776.t1	VFG025905(gb|WP_012327701)	34.242	330	211	4	287	614	403	728	3.00e-55	202
g3776.t1	VFG025902(gb|WP_011546713)	34.242	330	211	4	287	614	409	734	3.13e-55	202
g3776.t1	VFG002531(gb|WP_011205291)	34.431	334	211	4	287	617	400	728	3.19e-55	202
g3776.t1	VFG025904(gb|WP_012492266)	34.545	330	210	4	287	614	408	733	3.86e-55	202
g3776.t1	VFG025906(gb|WP_011204177)	34.431	334	211	4	287	617	420	748	4.22e-55	202
g3776.t1	VFG025911(gb|WP_004525700)	34.441	331	209	4	287	614	418	743	4.50e-55	202
g3776.t1	VFG025907(gb|WP_011832273)	34.431	334	211	4	287	617	420	748	4.51e-55	202
g3776.t1	VFG025912(gb|WP_011852322)	34.441	331	209	4	287	614	415	740	4.65e-55	202
g3776.t1	VFG025910(gb|WP_004536128)	34.441	331	209	4	287	614	418	743	5.83e-55	202
g3776.t1	VFG006842(gb|NP_464219)	26.067	445	277	4	174	617	225	618	1.00e-54	199
g3776.t1	VFG006842(gb|NP_464219)	32.222	90	60	1	9	98	3	91	2.36e-08	57.4
g3776.t1	VFG032710(gb|WP_003721813)	26.067	445	277	4	174	617	225	618	1.08e-54	199
g3776.t1	VFG032710(gb|WP_003721813)	32.222	90	60	1	9	98	3	91	2.30e-08	57.4
g3776.t1	VFG006845(gb|WP_011701501)	26.126	444	276	4	175	617	226	618	1.10e-54	199
g3776.t1	VFG006845(gb|WP_011701501)	32.222	90	60	1	9	98	3	91	2.68e-08	57.4
g3776.t1	VFG032730(gb|WP_003724428)	26.067	445	277	4	174	617	225	618	1.19e-54	199
g3776.t1	VFG032730(gb|WP_003724428)	32.222	90	60	1	9	98	3	91	2.36e-08	57.4
g3776.t1	VFG006843(gb|WP_003727202)	26.067	445	277	4	174	617	225	618	1.23e-54	199
g3776.t1	VFG006843(gb|WP_003727202)	32.222	90	60	1	9	98	3	91	2.48e-08	57.4
g3776.t1	VFG043014(gb|NP_250149)	33.025	324	217	0	295	618	423	746	1.33e-54	201
g3776.t1	VFG032722(gb|WP_003730258)	26.067	445	277	4	174	617	225	618	1.50e-54	198
g3776.t1	VFG032722(gb|WP_003730258)	32.222	90	60	1	9	98	3	91	2.52e-08	57.4
g3776.t1	VFG007556(gb|WP_000119661)	33.030	330	217	2	292	618	448	776	1.62e-54	201
g3776.t1	VFG025914(gb|WP_011402607)	34.132	334	212	4	287	617	402	730	1.85e-54	200
g3776.t1	VFG007559(gb|WP_011079854)	33.333	330	216	2	292	618	404	732	3.43e-54	199
g3776.t1	VFG007560(gb|WP_011150907)	33.333	330	216	2	292	618	404	732	3.67e-54	199
g3776.t1	VFG019402(gb|WP_012581778)	25.901	444	277	4	175	617	226	618	5.89e-54	197
g3776.t1	VFG019402(gb|WP_012581778)	32.222	90	60	1	9	98	3	91	2.48e-08	57.4
g3776.t1	VFG006844(gb|WP_010990559)	25.901	444	277	4	175	617	226	618	2.29e-52	192
g3776.t1	VFG006844(gb|WP_010990559)	32.222	90	60	1	9	98	3	91	2.42e-08	57.4
g3776.t1	VFG001225(gb|NP_249099)	37.719	114	70	1	647	760	9	121	1.21e-18	82.8
g3776.t1	VFG014004(gb|WP_003148848)	37.719	114	70	1	647	760	9	121	1.27e-18	82.8
g3776.t1	VFG014014(gb|WP_003458788)	38.596	114	69	1	647	760	9	121	1.95e-18	82.4
g3776.t1	VFG014015(gb|WP_003282729)	38.596	114	69	1	647	760	9	121	4.26e-18	81.3
g3776.t1	VFG019763(gb|WP_003176671)	37.719	114	70	1	647	760	9	121	5.22e-18	80.9
g3776.t1	VFG014012(gb|WP_011064001)	36.842	114	71	1	647	760	9	121	1.01e-17	80.1
g3776.t1	VFG050625(gb|WP_000389061.1)	35.897	117	74	1	644	760	6	121	5.94e-17	77.8
g3776.t1	VFG014008(gb|WP_004654414)	35.088	114	73	1	647	760	9	121	8.40e-17	77.4
g3776.t1	VFG050634(gb|WP_000389077.1)	35.897	117	74	1	644	760	6	121	8.51e-17	77.4
g3776.t1	VFG014013(gb|WP_007953330)	34.211	114	74	1	647	760	9	121	9.30e-17	77.4
g3776.t1	VFG014006(gb|WP_002551738)	35.088	114	73	1	647	760	9	121	1.04e-16	77.4
g3776.t1	VFG042930(gb|WP_012031401)	33.333	123	81	1	640	762	2	123	1.32e-16	76.6
g3776.t1	VFG043206(gb|WP_005164479)	40.777	103	60	1	647	748	7	109	1.62e-16	76.6
g3776.t1	VFG022941(gb|WP_013827874)	42.342	111	62	1	646	756	3	111	2.73e-16	79.0
g3776.t1	VFG050626(gb|YP_001085823.1)	36.607	112	70	1	649	760	1	111	3.80e-16	75.1
g3776.t1	VFG027215(gb|YP_007960876)	44.144	111	59	2	647	757	2	109	6.90e-16	77.4
g3776.t1	VFG042942(gb|WP_004085459)	35.088	114	73	1	647	760	15	127	8.44e-16	74.7
g3776.t1	VFG015633(gb|WP_012312414)	33.333	117	77	1	644	760	3	118	8.49e-16	74.7
g3776.t1	VFG043037(gb|NP_460873)	39.806	103	61	1	647	748	7	109	1.19e-15	73.9
g3776.t1	VFG009863(gb|WP_014878347)	43.636	110	60	1	647	756	2	109	1.45e-15	76.6
g3776.t1	VFG022935(gb|YP_001701820)	42.727	110	61	1	647	756	4	111	1.54e-15	76.6
g3776.t1	VFG027211(gb|WP_005063392)	42.727	110	61	1	647	756	2	109	1.54e-15	76.6
g3776.t1	VFG014009(gb|WP_010955560)	33.333	117	77	1	644	760	3	118	1.58e-15	73.9
g3776.t1	VFG027205(gb|WP_005098722)	42.727	110	61	1	647	756	2	109	1.70e-15	76.3
g3776.t1	VFG015632(gb|WP_012274552)	33.333	117	77	1	644	760	3	118	2.66e-15	73.2
g3776.t1	VFG027208(gb|WP_041181419)	42.727	110	61	1	647	756	2	109	5.19e-15	75.1
g3776.t1	VFG009857(gb|WP_014588181)	42.727	110	61	1	647	756	2	109	5.49e-15	75.1
g3776.t1	VFG009859(gb|WP_003872811)	42.727	110	61	1	647	756	2	109	5.76e-15	74.7
g3776.t1	VFG014011(gb|WP_044488517)	33.333	117	77	1	644	760	3	118	6.31e-15	72.0
g3776.t1	VFG022934(gb|WP_020726450)	42.727	110	61	1	647	756	2	109	9.95e-15	74.3
g3776.t1	VFG009862(gb|WP_071498255)	42.727	110	61	1	647	756	2	109	1.14e-14	73.9
g3776.t1	VFG024189(gb|WP_008254065)	42.727	110	61	1	647	756	2	109	1.14e-14	73.9
g3776.t1	VFG024188(gb|WP_014941347)	42.727	110	61	1	647	756	2	109	1.16e-14	73.9
g3776.t1	VFG027229(gb|WP_041312672)	43.137	102	56	1	647	748	2	101	1.32e-14	73.9
g3776.t1	VFG001390(gb|NP_215496)	41.818	110	62	1	647	756	2	109	1.68e-14	73.6
g3776.t1	VFG043089(gb|WP_000763867)	37.864	103	63	1	647	748	7	109	1.98e-14	70.5
g3776.t1	VFG050640(gb|WP_000101096.1)	36.842	114	71	1	647	760	3	115	2.22e-14	70.1
g3776.t1	VFG027220(gb|YP_007957122)	41.818	110	62	1	647	756	2	109	2.40e-14	73.2
g3776.t1	VFG009865(gb|WP_041307013)	41.818	110	62	1	647	756	2	109	2.56e-14	73.2
g3776.t1	VFG009867(gb|WP_041309847)	40.909	110	63	1	647	756	2	109	3.07e-14	72.8
g3776.t1	VFG009866(gb|WP_011561679)	40.909	110	63	1	647	756	4	111	3.12e-14	72.8
g3776.t1	VFG009864(gb|WP_041787729)	41.818	110	62	1	647	756	2	109	3.16e-14	72.8
g3776.t1	VFG025917(gb|WP_006482646)	33.981	103	68	0	646	748	3	105	4.12e-14	69.7
g3776.t1	VFG025824(gb|WP_006754880)	39.474	114	65	2	647	756	6	119	5.19e-14	69.3
g3776.t1	VFG025826(gb|WP_006485893)	38.596	114	66	2	647	756	6	119	5.95e-14	69.3
g3776.t1	VFG043012(gb|NP_250147)	38.835	103	62	1	647	748	2	104	7.11e-14	68.9
g3776.t1	VFG025915(gb|WP_006477352)	33.981	103	68	0	646	748	3	105	7.44e-14	68.9
g3776.t1	VFG002525(gb|WP_004185006)	38.596	114	66	2	647	756	6	119	8.11e-14	68.9
g3776.t1	VFG043386(gb|WP_000772151)	34.711	121	76	3	647	765	2	121	8.22e-14	68.6
g3776.t1	VFG009861(gb|WP_010907575)	40.909	110	63	1	647	756	2	109	2.29e-13	70.1
g3776.t1	VFG042950(gb|WP_004083584)	32.203	118	71	3	647	760	3	115	7.25e-13	66.2
g3776.t1	VFG043402(gb|YP_002344511)	32.800	125	81	3	647	769	2	125	1.03e-12	65.9
g3776.t1	VFG002532(gb|WP_004198195)	35.922	103	66	0	646	748	3	105	1.06e-12	65.5
g3776.t1	VFG025927(gb|WP_009906581)	34.951	103	67	0	646	748	3	105	1.40e-12	65.1
g3776.t1	VFG007573(gb|WP_005420316)	33.981	103	67	1	647	748	6	108	1.98e-12	64.7
g3776.t1	VFG007571(gb|WP_017052487)	33.981	103	67	1	647	748	2	104	2.05e-12	64.7
g3776.t1	VFG007570(gb|WP_021451399)	33.981	103	67	1	647	748	2	104	2.26e-12	64.3
g3776.t1	VFG007568(gb|WP_000697869)	33.981	103	67	1	647	748	2	104	3.60e-12	63.9
g3776.t1	VFG014027(gb|WP_003458790)	35.294	119	77	0	647	765	3	121	6.16e-12	63.2
g3776.t1	VFG001226(gb|NP_249100)	35.088	114	73	1	647	760	3	115	7.63e-12	62.8
g3776.t1	VFG014028(gb|WP_003297216)	36.937	111	68	1	647	757	3	111	1.26e-11	62.4
g3776.t1	VFG038701(gb|WP_013723552)	33.981	103	67	1	647	748	6	108	1.47e-11	62.4
g3776.t1	VFG038699(gb|WP_010634617)	33.981	103	67	1	647	748	6	108	1.51e-11	62.4
g3776.t1	VFG014025(gb|WP_011064000)	35.294	102	66	0	647	748	3	104	2.33e-11	61.6
g3776.t1	VFG014022(gb|WP_003249327)	36.036	111	70	1	647	757	3	112	2.97e-11	61.2
g3776.t1	VFG043374(gb|WP_000818647)	25.749	167	100	3	596	748	137	293	2.98e-11	65.1
g3776.t1	VFG014026(gb|WP_011336365)	33.613	119	79	0	647	765	3	121	3.53e-11	60.8
g3776.t1	VFG042929(gb|WP_012031400)	32.727	110	73	1	648	757	4	112	4.10e-11	60.8
g3776.t1	VFG038700(gb|WP_005319295)	33.010	103	68	1	647	748	6	108	4.22e-11	60.8
g3776.t1	VFG015634(gb|WP_012274551)	36.275	102	65	0	647	748	3	104	4.46e-11	60.8
g3776.t1	VFG014019(gb|WP_003377196)	35.294	102	66	0	647	748	3	104	6.70e-11	60.1
g3776.t1	VFG043395(gb|YP_002343726)	24.352	193	114	7	592	768	137	313	8.20e-11	63.9
g3776.t1	VFG027180(gb|WP_198345124)	42.222	90	49	2	659	748	25	111	8.37e-11	62.8
g3776.t1	VFG043257(gb|NP_464216)	27.746	173	106	6	594	752	124	291	1.82e-10	62.8
g3776.t1	VFG009836(gb|WP_011857018)	41.111	90	50	2	659	748	22	108	2.06e-10	61.6
g3776.t1	VFG009833(gb|WP_168189073)	41.111	90	50	2	659	748	28	114	2.16e-10	61.6
g3776.t1	VFG009838(gb|WP_011561825)	41.111	90	50	2	659	748	22	108	2.20e-10	61.6
g3776.t1	VFG009837(gb|WP_172800613)	41.111	90	50	2	659	748	25	111	2.21e-10	61.6
g3776.t1	VFG014021(gb|WP_002551739)	35.294	102	66	0	647	748	3	104	2.93e-10	58.5
g3776.t1	VFG027175(gb|YP_005359605)	41.111	90	50	2	659	748	22	108	3.08e-10	61.2
g3776.t1	VFG001389(gb|NP_215418)	41.111	90	50	2	659	748	25	111	3.30e-10	60.8
g3776.t1	VFG007370(gb|WP_000145786)	28.000	200	128	5	572	760	108	302	4.84e-10	61.6
g3776.t1	VFG009835(gb|WP_011782153)	41.111	90	50	2	659	748	22	108	5.80e-10	60.1
g3776.t1	VFG009834(gb|WP_011892635)	41.111	90	50	2	659	748	20	106	5.91e-10	60.1
g3776.t1	VFG014024(gb|WP_011536047)	32.710	107	72	0	647	753	3	109	6.74e-10	57.4
g3776.t1	VFG014020(gb|WP_011266432)	34.314	102	67	0	647	748	3	104	6.87e-10	57.4
g3776.t1	VFG007372(gb|WP_005462297)	27.500	200	129	5	572	760	108	302	7.47e-10	60.8
g3776.t1	VFG019765(gb|WP_014720320)	32.353	102	69	0	647	748	3	104	8.02e-10	57.0
g3776.t1	VFG022925(gb|WP_013827765)	40.000	90	51	2	659	748	25	111	8.22e-10	59.7
g3776.t1	VFG009829(gb|WP_024637144)	40.000	90	51	2	659	748	25	111	9.27e-10	59.7
g3776.t1	VFG024176(gb|WP_008253900)	40.000	90	51	2	659	748	25	111	9.54e-10	59.7
g3776.t1	VFG015635(gb|WP_012312415)	33.333	102	68	0	647	748	3	104	1.04e-09	57.0
g3776.t1	VFG022918(gb|WP_012396175)	40.000	90	51	2	659	748	25	111	1.07e-09	59.7
g3776.t1	VFG009832(gb|WP_011738612)	40.000	90	51	2	659	748	25	111	1.21e-09	59.3
g3776.t1	VFG009831(gb|WP_172591973)	38.889	90	52	2	659	748	25	111	2.75e-09	58.2
g3776.t1	VFG022924(gb|WP_010908722)	38.889	90	52	2	659	748	22	108	2.80e-09	58.2
g3776.t1	VFG006826(gb|NP_464902)	32.353	102	66	1	647	748	3	101	2.93e-09	58.2
g3776.t1	VFG015783(gb|WP_012313127)	34.545	110	69	1	642	748	665	774	5.11e-09	59.7
g3776.t1	VFG038817(gb|WP_005320217)	26.396	197	132	4	572	760	108	299	5.16e-09	58.2
g3776.t1	VFG007373(gb|WP_011078343)	26.794	209	137	5	563	760	99	302	5.44e-09	58.2
g3776.t1	VFG022919(gb|YP_001701702)	38.889	90	52	2	659	748	22	108	8.86e-09	56.6
g3776.t1	VFG027172(gb|YP_007957056)	39.773	88	50	2	659	746	25	109	9.63e-09	56.6
g3776.t1	VFG011626(gb|WP_002965156)	37.624	101	60	1	648	748	10	107	1.02e-08	56.6
g3776.t1	VFG014392(gb|WP_011333047)	34.211	114	72	2	647	760	4	114	1.25e-08	58.2
g3776.t1	VFG015075(gb|WP_011532652)	32.174	115	75	1	637	748	659	773	1.69e-08	58.2
g3776.t1	VFG015074(gb|WP_012053464)	32.743	113	73	1	639	748	661	773	3.46e-08	57.0
g3776.t1	VFG019828(gb|WP_015885195)	32.456	114	74	2	647	760	4	114	4.99e-08	56.2
g3776.t1	VFG007375(gb|WP_005420408)	25.134	187	130	3	572	750	108	292	7.97e-08	54.7
g3776.t1	VFG015073(gb|WP_010952710)	32.432	111	72	1	641	748	663	773	8.55e-08	55.8
g3776.t1	VFG052340(gb|NP_463157.1)	37.879	66	39	1	683	748	38	101	9.40e-08	53.5
g3776.t1	VFG015068(gb|WP_003156446)	23.692	325	204	8	445	748	469	770	9.82e-08	55.8
g3776.t1	VFG038816(gb|WP_011706646)	25.888	197	133	4	572	760	108	299	1.16e-07	54.3
g3776.t1	VFG038757(gb|WP_011898552)	38.261	115	66	4	647	760	5	115	1.16e-07	54.7
g3776.t1	VFG015067(gb|NP_249619)	24.308	325	202	11	445	748	469	770	1.39e-07	55.1
g3776.t1	VFG038758(gb|WP_005350684)	38.261	115	66	4	647	760	5	115	1.45e-07	54.7
g3776.t1	VFG043018(gb|NP_252039)	31.410	156	90	3	605	748	140	290	1.51e-07	53.9
g3776.t1	VFG043425(gb|WP_000075952)	24.699	166	111	3	594	748	125	287	2.05e-07	53.5
g3776.t1	VFG001249(gb|NP_249790)	37.931	116	65	6	647	760	4	114	2.91e-07	53.5
g3776.t1	VFG015071(gb|WP_011268595)	32.381	105	68	1	647	748	668	772	3.46e-07	53.9
g3776.t1	VFG015072(gb|WP_011169248)	32.381	105	68	1	647	748	668	772	4.18e-07	53.5
g3776.t1	VFG038818(gb|WP_005334174)	25.888	197	133	4	572	760	108	299	4.18e-07	52.4
g3776.t1	VFG022905(gb|YP_001701425)	32.727	110	72	1	639	748	14	121	4.74e-07	51.6
g3776.t1	VFG009807(gb|WP_011561967)	34.314	102	65	1	647	748	14	113	4.89e-07	51.6
g3776.t1	VFG038756(gb|WP_011706626)	37.391	115	67	4	647	760	5	115	5.46e-07	52.8
g3776.t1	VFG015076(gb|WP_011062714)	31.429	105	69	1	647	748	668	772	7.40e-07	52.8
g3776.t1	VFG015782(gb|WP_012270935)	30.702	114	76	1	638	748	660	773	7.46e-07	52.8
g3776.t1	VFG006820(gb|WP_003762805)	27.451	102	71	1	647	748	3	101	9.86e-07	50.4
g3776.t1	VFG014383(gb|WP_012076712)	34.783	115	70	4	647	760	4	114	1.19e-06	51.6
g3776.t1	VFG015070(gb|WP_011103673)	32.381	105	68	1	647	748	668	772	1.44e-06	52.0
g3776.t1	VFG027123(gb|YP_007956929)	30.769	117	79	1	647	763	22	136	1.51e-06	50.1
g3776.t1	VFG009802(gb|WP_003875752)	32.353	102	67	1	647	748	14	113	1.53e-06	50.1
g3776.t1	VFG024164(gb|WP_008263800)	32.353	102	67	1	647	748	14	113	1.66e-06	50.1
g3776.t1	VFG009801(gb|WP_010948903)	32.353	102	67	1	647	748	14	113	1.66e-06	50.1
g3776.t1	VFG024168(gb|WP_014379067)	32.353	102	67	1	647	748	14	113	1.67e-06	50.1
g3776.t1	VFG032572(gb|WP_003748279)	27.358	106	66	3	647	748	3	101	1.70e-06	49.7
g3776.t1	VFG006821(gb|WP_003729795)	26.471	102	72	1	647	748	3	101	1.93e-06	49.7
g3776.t1	VFG006818(gb|NP_465270)	26.471	102	72	1	647	748	3	101	1.95e-06	49.7
g3776.t1	VFG001386(gb|NP_215271)	32.353	102	67	1	647	748	22	121	2.08e-06	49.7
g3776.t1	VFG009797(gb|WP_012054162)	32.353	102	67	1	647	748	22	121	2.12e-06	49.7
g3776.t1	VFG022904(gb|WP_012396471)	33.333	102	66	1	647	748	15	114	2.16e-06	49.7
g3776.t1	VFG027131(gb|WP_015309447)	35.294	102	64	2	647	748	14	113	2.30e-06	49.7
g3776.t1	VFG027122(gb|WP_015456166)	30.769	117	79	1	647	763	22	136	2.52e-06	49.7
g3776.t1	VFG015077(gb|WP_041475601)	29.167	120	79	2	635	748	653	772	2.64e-06	50.8
g3776.t1	VFG002044(gb|WP_010930609)	29.839	124	76	3	647	765	4	121	2.64e-06	48.9
g3776.t1	VFG009804(gb|WP_011730856)	33.333	102	66	1	647	748	14	113	2.69e-06	49.3
g3776.t1	VFG042242(gb|AAG01455)	33.621	116	72	3	647	760	6	118	2.74e-06	48.9
g3776.t1	VFG009806(gb|WP_036377334)	33.333	102	66	1	647	748	13	112	2.95e-06	49.3
g3776.t1	VFG009805(gb|WP_011892478)	33.333	102	66	1	647	748	13	112	3.15e-06	49.3
g3776.t1	VFG015079(gb|WP_185745811)	30.769	104	69	1	648	748	670	773	3.68e-06	50.4
g3776.t1	VFG050641(gb|YP_001085822.1)	33.333	75	49	1	686	760	5	78	4.13e-06	45.4
g3776.t1	VFG003540(gb|WP_011817145)	26.852	108	77	1	643	748	659	766	4.43e-06	50.1
g3776.t1	VFG003825(gb|WP_001050780)	31.731	104	69	1	647	748	690	793	4.48e-06	50.4
g3776.t1	VFG022910(gb|WP_013830539)	33.019	106	69	1	643	748	10	113	4.79e-06	48.5
g3776.t1	VFG020693(gb|WP_001050764)	31.731	104	69	1	647	748	690	793	5.31e-06	50.1
g3776.t1	VFG003826(gb|WP_001539908)	31.731	104	69	1	647	748	690	793	5.40e-06	50.1
g3776.t1	VFG020697(gb|WP_001050770)	32.692	104	68	1	647	748	690	793	7.34e-06	49.7
g3776.t1	VFG009803(gb|WP_011738792)	32.353	102	67	1	647	748	15	114	7.56e-06	48.1
g3776.t1	VFG011120(gb|WP_012417544)	30.556	108	64	3	646	748	2	103	7.57e-06	47.4
g3776.t1	VFG020695(gb|WP_001050774)	32.692	104	68	1	647	748	690	793	7.66e-06	49.7
g3776.t1	VFG018487(gb|WP_001050783)	30.769	104	70	1	647	748	690	793	7.92e-06	49.3
g3776.t1	VFG014391(gb|WP_011059972)	33.333	114	73	2	647	760	4	114	8.36e-06	48.9
g3776.t1	VFG023572(gb|WP_005156725)	30.189	106	70	3	647	750	4	107	9.00e-06	47.4
g3776.t1	VFG003824(gb|WP_001050755)	31.731	104	69	1	647	748	690	793	9.97e-06	49.3
g1800.t1	VFG043042(gb|NP_460878)	100.000	669	0	0	1	669	3	671	0.0	1350
g1800.t1	VFG043094(gb|WP_001322280)	84.776	670	83	4	1	669	3	654	0.0	1126
g1800.t1	VFG043211(gb|WP_032902679)	75.664	678	147	5	1	664	1	674	0.0	978
g1800.t1	VFG025905(gb|WP_012327701)	74.550	389	96	1	275	663	351	736	0.0	588
g1800.t1	VFG025905(gb|WP_012327701)	43.320	247	117	1	1	224	3	249	1.06e-42	164
g1800.t1	VFG025902(gb|WP_011546713)	74.550	389	96	1	275	663	357	742	0.0	588
g1800.t1	VFG025902(gb|WP_011546713)	43.580	257	106	4	1	224	3	253	1.16e-41	161
g1800.t1	VFG025904(gb|WP_012492266)	59.173	556	169	5	163	663	189	741	0.0	582
g1800.t1	VFG043394(gb|YP_002343725)	35.088	684	372	14	2	668	3	631	2.90e-114	360
g1800.t1	VFG043409(gb|WP_001192590)	33.951	701	381	18	4	655	3	670	1.45e-109	345
g1800.t1	VFG043373(gb|WP_000342347)	34.751	682	406	11	2	668	3	660	5.95e-109	347
g1800.t1	VFG007561(gb|WP_011262350)	34.019	729	393	18	5	655	8	726	7.60e-102	327
g1800.t1	VFG032734(gb|WP_012985055)	30.330	666	398	13	4	655	3	616	6.72e-97	310
g1800.t1	VFG032733(gb|WP_014092137)	29.833	657	413	12	4	655	3	616	1.24e-95	307
g1800.t1	VFG019402(gb|WP_012581778)	30.137	657	413	12	4	655	3	618	1.03e-94	305
g1800.t1	VFG032722(gb|WP_003730258)	29.833	657	415	12	4	655	3	618	3.61e-94	303
g1800.t1	VFG006844(gb|WP_010990559)	30.289	657	412	12	4	655	3	618	5.01e-94	303
g1800.t1	VFG006845(gb|WP_011701501)	29.607	662	410	12	4	655	3	618	5.17e-94	303
g1800.t1	VFG006843(gb|WP_003727202)	29.569	673	396	13	4	655	3	618	7.96e-94	302
g1800.t1	VFG032730(gb|WP_003724428)	29.569	673	396	13	4	655	3	618	9.42e-94	302
g1800.t1	VFG006842(gb|NP_464219)	29.680	657	416	12	4	655	3	618	9.73e-94	302
g1800.t1	VFG032710(gb|WP_003721813)	29.680	657	416	12	4	655	3	618	1.05e-93	302
g1800.t1	VFG043014(gb|NP_250149)	43.909	394	204	6	277	663	368	751	8.92e-91	298
g1800.t1	VFG043014(gb|NP_250149)	33.333	111	74	0	5	115	8	118	1.11e-13	74.3
g1800.t1	VFG007558(gb|WP_005479526)	40.920	435	235	7	237	655	306	734	1.57e-89	294
g1800.t1	VFG007558(gb|WP_005479526)	34.259	108	71	0	5	112	8	115	1.61e-11	67.4
g1800.t1	VFG038706(gb|WP_011705290)	42.636	387	212	5	274	655	339	720	1.74e-87	288
g1800.t1	VFG038706(gb|WP_011705290)	34.711	121	78	1	5	125	8	127	2.10e-13	73.6
g1800.t1	VFG007559(gb|WP_011079854)	41.805	421	217	9	246	655	328	731	3.07e-86	285
g1800.t1	VFG007559(gb|WP_011079854)	33.582	134	89	0	5	138	8	141	1.51e-13	73.9
g1800.t1	VFG007556(gb|WP_000119661)	43.299	388	203	7	277	655	396	775	4.80e-86	286
g1800.t1	VFG007556(gb|WP_000119661)	35.922	103	66	0	5	107	8	110	5.90e-12	68.9
g1800.t1	VFG007560(gb|WP_011150907)	42.487	386	207	6	278	655	353	731	1.02e-84	281
g1800.t1	VFG007560(gb|WP_011150907)	33.582	134	89	0	5	138	8	141	1.41e-13	73.9
g1800.t1	VFG038709(gb|WP_013723553)	38.889	432	233	6	250	655	296	722	6.96e-81	271
g1800.t1	VFG014072(gb|WP_011914954)	39.306	346	199	8	317	654	1947	2289	1.00e-61	224
g1800.t1	VFG019772(gb|WP_015886333)	37.901	343	195	6	325	654	1452	1789	1.08e-60	220
g1800.t1	VFG015641(gb|WP_012312418)	37.537	341	195	4	332	660	1150	1484	2.73e-60	219
g1800.t1	VFG014069(gb|WP_011063997)	37.076	383	223	6	283	654	1444	1819	7.75e-60	218
g1800.t1	VFG014070(gb|WP_011336362)	37.609	343	196	6	325	654	1487	1824	8.58e-60	218
g1800.t1	VFG014068(gb|WP_044488903)	36.236	356	196	6	325	660	1267	1611	3.38e-59	216
g1800.t1	VFG014071(gb|WP_041772785)	36.919	344	210	4	317	654	1918	2260	7.44e-59	215
g1800.t1	VFG014062(gb|WP_004365046)	35.501	369	219	6	317	666	1972	2340	1.11e-58	214
g1800.t1	VFG014061(gb|WP_012074001)	36.103	349	212	5	317	654	1954	2302	3.01e-58	213
g1800.t1	VFG014067(gb|WP_012053912)	35.204	392	212	7	289	660	1133	1502	3.65e-58	213
g1800.t1	VFG001231(gb|NP_249104)	36.103	349	212	5	317	654	1968	2316	4.01e-58	213
g1800.t1	VFG019771(gb|WP_012613502)	36.103	349	212	5	317	654	1968	2316	4.05e-58	213
g1800.t1	VFG014066(gb|WP_010955557)	35.204	392	212	7	289	660	1133	1502	6.13e-58	212
g1800.t1	VFG015640(gb|WP_012274548)	34.884	387	220	6	289	660	1134	1503	1.12e-56	208
g1800.t1	VFG014065(gb|WP_011167502)	35.870	368	192	7	317	658	1498	1847	5.63e-56	206
g1800.t1	VFG014064(gb|WP_011266435)	35.616	365	191	7	320	658	1506	1852	2.19e-55	204
g1800.t1	VFG014063(gb|WP_011105280)	36.389	360	195	7	320	658	1501	1847	1.77e-54	202
g1800.t1	VFG042926(gb|WP_012031397)	34.706	340	215	4	317	652	2070	2406	1.73e-52	196
g1800.t1	VFG025914(gb|WP_011402607)	45.200	250	113	1	1	226	3	252	6.81e-52	191
g1800.t1	VFG002531(gb|WP_011205291)	45.136	257	115	1	1	231	3	259	2.50e-44	169
g1800.t1	VFG025907(gb|WP_011832273)	64.423	104	37	0	1	104	3	106	3.88e-35	142
g1800.t1	VFG025907(gb|WP_011832273)	43.478	69	39	0	163	231	209	277	1.29e-07	55.1
g1800.t1	VFG025906(gb|WP_011204177)	64.423	104	37	0	1	104	3	106	3.95e-35	142
g1800.t1	VFG025906(gb|WP_011204177)	43.478	69	39	0	163	231	209	277	6.92e-08	55.8
g1800.t1	VFG025910(gb|WP_004536128)	64.423	104	37	0	1	104	3	106	5.99e-35	141
g1800.t1	VFG025910(gb|WP_004536128)	43.478	69	39	0	163	231	209	277	9.02e-08	55.5
g1800.t1	VFG025912(gb|WP_011852322)	64.423	104	37	0	1	104	3	106	6.04e-35	141
g1800.t1	VFG025912(gb|WP_011852322)	43.478	69	39	0	163	231	206	274	8.34e-08	55.5
g1800.t1	VFG025911(gb|WP_004525700)	64.423	104	37	0	1	104	3	106	6.27e-35	141
g1800.t1	VFG025911(gb|WP_004525700)	43.478	69	39	0	163	231	209	277	6.79e-08	55.8
g1800.t1	VFG038707(gb|WP_016350059)	34.711	121	78	1	5	125	8	127	1.54e-13	73.9
g1800.t1	VFG038708(gb|WP_005319290)	31.875	160	95	4	5	152	8	165	1.72e-13	73.9
