g347.t1	VFG007789(gb|WP_005064149)	31.977	172	95	6	22	172	88	258	1.02e-14	70.1
g347.t1	VFG022625(gb|YP_001701440)	31.395	172	96	6	22	172	88	258	1.08e-13	67.4
g347.t1	VFG009331(gb|WP_003897243)	30.412	194	96	11	4	163	65	253	1.66e-09	55.5
g347.t1	VFG009334(gb|WP_011857065)	29.348	184	95	9	19	172	80	258	9.03e-09	53.5
g347.t1	VFG007790(gb|WP_003403962)	30.811	185	95	10	19	174	80	260	1.26e-08	53.1
g347.t1	VFG007792(gb|WP_014000413)	30.811	185	95	10	19	174	80	260	1.27e-08	53.1
g347.t1	VFG009335(gb|WP_011561937)	29.348	184	95	9	19	172	80	258	1.44e-08	52.8
g347.t1	VFG007804(gb|YP_007956947)	29.944	177	96	8	22	174	90	262	1.93e-08	52.4
g347.t1	VFG009332(gb|WP_011892513)	30.994	171	91	7	19	163	80	249	4.55e-08	51.6
g347.t1	VFG009333(gb|WP_011782279)	30.409	171	92	6	19	163	84	253	5.31e-08	51.2
g347.t1	VFG022631(gb|WP_013830506)	29.843	191	103	10	19	181	81	268	6.02e-08	51.2
g347.t1	VFG007813(gb|WP_015309406)	31.214	173	88	9	19	163	80	249	6.45e-08	50.8
g347.t1	VFG007794(gb|WP_015357298)	33.113	151	76	9	19	147	80	227	8.00e-08	50.8
g347.t1	VFG007811(gb|WP_008263844)	33.553	152	74	8	19	147	79	226	1.58e-07	49.7
g347.t1	VFG023941(gb|WP_009951945)	33.553	152	74	8	19	147	79	226	1.97e-07	49.7
g347.t1	VFG023943(gb|WP_014379083)	33.553	152	74	8	19	147	79	226	2.36e-07	49.3
g347.t1	VFG007812(gb|WP_003875776)	33.553	152	74	8	19	147	79	226	2.55e-07	49.3
g347.t1	VFG009328(gb|WP_009974902)	33.553	152	74	8	19	147	79	226	2.75e-07	49.3
g347.t1	VFG047584(gb|WP_014547702)	23.834	193	115	5	9	170	80	271	3.35e-07	49.3
g347.t1	VFG047575(gb|WP_003038447)	23.316	193	116	5	9	170	80	271	4.48e-07	48.9
g347.t1	VFG047582(gb|WP_003020892)	23.316	193	116	5	9	170	80	271	4.52e-07	48.9
g347.t1	VFG047580(gb|WP_012429265)	23.316	193	116	5	9	170	80	271	4.65e-07	48.9
g347.t1	VFG047587(gb|WP_014549391)	23.316	193	116	5	9	170	80	271	4.70e-07	48.9
g347.t1	VFG047583(gb|WP_003026526)	23.316	193	116	5	9	170	80	271	4.70e-07	48.9
g347.t1	VFG022624(gb|WP_012396439)	33.113	151	76	9	19	147	80	227	4.92e-07	48.5
g347.t1	VFG009330(gb|WP_011738824)	32.450	151	77	9	19	147	80	227	9.66e-07	47.4
g347.t1	VFG047591(gb|WP_014714488)	25.253	198	106	6	9	170	80	271	1.01e-06	47.8
g347.t1	VFG009329(gb|WP_010908776)	30.058	173	86	10	19	161	80	247	1.01e-06	47.4
g347.t1	VFG023942(gb|WP_014710901)	33.553	152	74	8	19	147	79	226	1.05e-06	47.4
g347.t1	VFG023940(gb|WP_013470807)	29.240	171	94	6	19	163	80	249	1.19e-06	47.4
g347.t1	VFG047576(gb|WP_012279908)	24.519	208	120	6	9	180	80	286	1.32e-06	47.4
g347.t1	VFG047577(gb|WP_010030542)	22.798	193	117	5	9	170	80	271	1.64e-06	47.4
g347.t1	VFG047592(gb|WP_013922210)	24.855	173	104	5	9	160	80	247	4.97e-06	45.8
g1754.t1	VFG009329(gb|WP_010908776)	100.000	269	0	0	1	269	29	297	0.0	548
g1754.t1	VFG023943(gb|WP_014379083)	84.387	269	42	0	1	269	28	296	1.32e-169	470
g1754.t1	VFG007812(gb|WP_003875776)	84.015	269	43	0	1	269	28	296	8.67e-168	465
g1754.t1	VFG009328(gb|WP_009974902)	84.015	269	43	0	1	269	28	296	9.56e-168	465
g1754.t1	VFG007811(gb|WP_008263844)	83.271	269	45	0	1	269	28	296	4.90e-167	463
g1754.t1	VFG007794(gb|WP_015357298)	83.271	269	45	0	1	269	29	297	1.71e-166	462
g1754.t1	VFG007790(gb|WP_003403962)	81.041	269	51	0	1	269	29	297	1.10e-163	455
g1754.t1	VFG007792(gb|WP_014000413)	80.669	269	52	0	1	269	29	297	1.53e-163	455
g1754.t1	VFG022624(gb|WP_012396439)	82.156	269	48	0	1	269	29	297	2.71e-163	454
g1754.t1	VFG009330(gb|WP_011738824)	81.784	269	49	0	1	269	29	297	3.22e-163	454
g1754.t1	VFG023941(gb|WP_009951945)	84.758	269	41	0	1	269	28	296	1.49e-162	452
g1754.t1	VFG023942(gb|WP_014710901)	84.758	269	41	0	1	269	28	296	6.76e-162	451
g1754.t1	VFG022631(gb|WP_013830506)	79.182	269	56	0	1	269	30	298	1.53e-161	450
g1754.t1	VFG009331(gb|WP_003897243)	74.444	270	65	1	1	266	29	298	7.33e-149	417
g1754.t1	VFG009332(gb|WP_011892513)	73.234	269	72	0	1	269	29	297	6.17e-148	415
g1754.t1	VFG007813(gb|WP_015309406)	74.157	267	69	0	1	267	29	295	4.61e-147	413
g1754.t1	VFG009334(gb|WP_011857065)	72.119	269	75	0	1	269	29	297	2.64e-146	411
g1754.t1	VFG009335(gb|WP_011561937)	72.119	269	75	0	1	269	29	297	1.43e-145	409
g1754.t1	VFG023940(gb|WP_013470807)	71.747	269	76	0	1	269	29	297	2.77e-144	406
g1754.t1	VFG007789(gb|WP_005064149)	72.119	269	75	0	1	269	29	297	2.95e-143	403
g1754.t1	VFG022625(gb|YP_001701440)	72.119	269	75	0	1	269	29	297	9.74e-143	402
g1754.t1	VFG007804(gb|YP_007956947)	83.117	231	37	1	1	229	29	259	4.21e-140	395
g1754.t1	VFG009333(gb|WP_011782279)	69.231	273	80	1	1	269	29	301	1.49e-133	379
g1754.t1	VFG047591(gb|WP_014714488)	31.560	282	152	11	1	262	42	302	2.54e-31	122
g1754.t1	VFG047580(gb|WP_012429265)	32.857	280	151	13	1	262	42	302	2.59e-31	122
g1754.t1	VFG047587(gb|WP_014549391)	32.857	280	151	13	1	262	42	302	2.85e-31	122
g1754.t1	VFG047592(gb|WP_013922210)	31.449	283	151	12	1	262	42	302	2.91e-31	122
g1754.t1	VFG047575(gb|WP_003038447)	32.857	280	151	13	1	262	42	302	2.99e-31	122
g1754.t1	VFG047583(gb|WP_003026526)	32.857	280	151	13	1	262	42	302	3.33e-31	122
g1754.t1	VFG047582(gb|WP_003020892)	32.857	280	151	13	1	262	42	302	3.33e-31	122
g1754.t1	VFG047584(gb|WP_014547702)	32.143	280	153	13	1	262	42	302	3.59e-31	121
g1754.t1	VFG047576(gb|WP_012279908)	31.802	283	150	12	1	262	42	302	5.37e-31	121
g1754.t1	VFG047577(gb|WP_010030542)	32.500	280	152	13	1	262	42	302	1.15e-30	120
g768.t1	VFG007790(gb|WP_003403962)	100.000	297	0	0	1	297	1	297	0.0	604
g768.t1	VFG007792(gb|WP_014000413)	99.663	297	1	0	1	297	1	297	0.0	604
g768.t1	VFG007794(gb|WP_015357298)	87.542	297	37	0	1	297	1	297	0.0	541
g768.t1	VFG022624(gb|WP_012396439)	87.205	297	38	0	1	297	1	297	0.0	538
g768.t1	VFG009330(gb|WP_011738824)	86.869	297	39	0	1	297	1	297	0.0	538
g768.t1	VFG007812(gb|WP_003875776)	87.797	295	36	0	3	297	2	296	0.0	534
g768.t1	VFG009328(gb|WP_009974902)	87.458	295	37	0	3	297	2	296	0.0	533
g768.t1	VFG007804(gb|YP_007956947)	98.148	270	3	1	1	268	1	270	0.0	532
g768.t1	VFG023943(gb|WP_014379083)	86.102	295	41	0	3	297	2	296	0.0	524
g768.t1	VFG007811(gb|WP_008263844)	86.102	295	41	0	3	297	2	296	0.0	524
g768.t1	VFG023941(gb|WP_009951945)	86.441	295	40	0	3	297	2	296	0.0	507
g768.t1	VFG022631(gb|WP_013830506)	79.730	296	60	0	2	297	3	298	0.0	506
g768.t1	VFG009329(gb|WP_010908776)	81.481	297	55	0	1	297	1	297	0.0	505
g768.t1	VFG023942(gb|WP_014710901)	86.102	295	41	0	3	297	2	296	0.0	504
g768.t1	VFG007813(gb|WP_015309406)	78.983	295	62	0	1	295	1	295	1.45e-172	479
g768.t1	VFG009334(gb|WP_011857065)	75.758	297	72	0	1	297	1	297	4.04e-172	478
g768.t1	VFG009331(gb|WP_003897243)	77.517	298	63	1	1	294	1	298	1.40e-171	476
g768.t1	VFG009332(gb|WP_011892513)	77.778	297	66	0	1	297	1	297	1.41e-171	476
g768.t1	VFG009335(gb|WP_011561937)	75.758	297	72	0	1	297	1	297	2.33e-171	476
g768.t1	VFG007789(gb|WP_005064149)	75.758	297	72	0	1	297	1	297	1.16e-168	469
g768.t1	VFG023940(gb|WP_013470807)	77.104	297	68	0	1	297	1	297	2.25e-168	468
g768.t1	VFG022625(gb|YP_001701440)	75.758	297	72	0	1	297	1	297	2.65e-168	468
g768.t1	VFG009333(gb|WP_011782279)	75.415	301	70	1	1	297	1	301	7.05e-159	444
g768.t1	VFG047584(gb|WP_014547702)	34.114	299	165	13	7	290	21	302	1.88e-39	146
g768.t1	VFG047575(gb|WP_003038447)	34.783	299	163	13	7	290	21	302	3.14e-39	145
g768.t1	VFG047592(gb|WP_013922210)	34.130	293	161	12	13	290	27	302	3.35e-39	145
g768.t1	VFG047591(gb|WP_014714488)	34.247	292	162	11	13	290	27	302	3.91e-39	145
g768.t1	VFG047587(gb|WP_014549391)	34.783	299	163	13	7	290	21	302	3.92e-39	145
g768.t1	VFG047580(gb|WP_012429265)	35.274	292	157	13	14	290	28	302	5.00e-39	145
g768.t1	VFG047583(gb|WP_003026526)	34.783	299	163	13	7	290	21	302	6.55e-39	145
g768.t1	VFG047582(gb|WP_003020892)	34.783	299	163	13	7	290	21	302	6.81e-39	145
g768.t1	VFG047576(gb|WP_012279908)	34.589	292	159	12	14	290	28	302	1.00e-38	144
g768.t1	VFG047577(gb|WP_010030542)	34.448	299	164	13	7	290	21	302	1.24e-38	144
g1024.t1	VFG009331(gb|WP_003897243)	27.660	235	133	11	1	205	5	232	9.09e-16	74.7
g1024.t1	VFG007789(gb|WP_005064149)	28.251	223	137	7	1	202	5	225	1.08e-15	74.3
g1024.t1	VFG022625(gb|YP_001701440)	27.803	223	138	7	1	202	5	225	8.73e-15	72.0
g1024.t1	VFG007790(gb|WP_003403962)	28.947	266	146	13	5	236	9	265	9.00e-15	72.0
g1024.t1	VFG007792(gb|WP_014000413)	29.057	265	147	13	5	236	9	265	1.01e-14	71.6
g1024.t1	VFG007804(gb|YP_007956947)	30.303	231	122	12	1	201	5	226	1.74e-14	70.9
g1024.t1	VFG009335(gb|WP_011561937)	25.954	262	157	12	6	236	10	265	1.52e-12	65.5
g1024.t1	VFG009334(gb|WP_011857065)	25.954	262	157	12	6	236	10	265	1.79e-12	65.5
g1024.t1	VFG023943(gb|WP_014379083)	29.258	229	125	12	1	201	4	223	1.06e-11	63.2
g1024.t1	VFG023941(gb|WP_009951945)	29.258	229	125	12	1	201	4	223	1.08e-11	63.2
g1024.t1	VFG009328(gb|WP_009974902)	29.778	225	121	12	5	201	8	223	2.14e-11	62.4
g1024.t1	VFG007812(gb|WP_003875776)	29.778	225	121	12	5	201	8	223	2.64e-11	62.0
g1024.t1	VFG007811(gb|WP_008263844)	28.194	227	130	11	1	201	4	223	3.46e-11	61.6
g1024.t1	VFG023942(gb|WP_014710901)	29.258	229	125	12	1	201	4	223	4.79e-11	61.2
g1024.t1	VFG007794(gb|WP_015357298)	29.333	225	122	12	5	201	9	224	5.25e-11	61.2
g1024.t1	VFG007813(gb|WP_015309406)	28.251	223	127	11	5	201	9	224	1.04e-10	60.1
g1024.t1	VFG009330(gb|WP_011738824)	27.984	243	137	13	1	214	5	238	1.47e-10	59.7
g1024.t1	VFG022624(gb|WP_012396439)	28.395	243	136	13	1	214	5	238	2.16e-10	59.3
g1024.t1	VFG009332(gb|WP_011892513)	26.872	227	133	11	1	201	5	224	3.37e-10	58.9
g1024.t1	VFG009329(gb|WP_010908776)	26.267	217	137	8	6	201	10	224	3.60e-10	58.5
g1024.t1	VFG023940(gb|WP_013470807)	25.688	218	139	8	5	201	9	224	4.84e-10	58.2
g1024.t1	VFG009333(gb|WP_011782279)	25.991	227	131	9	5	201	9	228	6.87e-09	55.1
g1024.t1	VFG047591(gb|WP_014714488)	26.339	224	129	8	8	205	26	239	1.34e-07	51.6
g1024.t1	VFG047576(gb|WP_012279908)	26.271	236	134	9	8	217	26	247	4.68e-07	50.1
g1024.t1	VFG047587(gb|WP_014549391)	26.271	236	134	9	8	217	26	247	5.67e-07	49.7
g1024.t1	VFG047575(gb|WP_003038447)	26.271	236	134	9	8	217	26	247	5.67e-07	49.7
g1024.t1	VFG047583(gb|WP_003026526)	26.339	224	129	8	8	205	26	239	5.89e-07	49.7
g1024.t1	VFG047582(gb|WP_003020892)	26.339	224	129	8	8	205	26	239	6.11e-07	49.7
g1024.t1	VFG047592(gb|WP_013922210)	25.847	236	135	9	8	217	26	247	6.16e-07	49.7
g1024.t1	VFG047580(gb|WP_012429265)	25.847	236	135	9	8	217	26	247	6.82e-07	49.7
g1024.t1	VFG047584(gb|WP_014547702)	25.424	236	136	9	8	217	26	247	9.14e-07	49.3
g1024.t1	VFG047577(gb|WP_010030542)	25.847	236	135	9	8	217	26	247	1.06e-06	48.9
g2321.t1	VFG007789(gb|WP_005064149)	33.742	163	84	6	80	220	89	249	1.37e-13	68.6
g2321.t1	VFG009331(gb|WP_003897243)	26.939	245	148	9	6	220	10	253	9.19e-13	66.2
g2321.t1	VFG022625(gb|YP_001701440)	33.129	163	85	6	80	220	89	249	1.20e-12	65.9
g2321.t1	VFG009334(gb|WP_011857065)	34.266	143	66	8	80	201	89	224	2.32e-11	62.0
g2321.t1	VFG009335(gb|WP_011561937)	34.266	143	66	8	80	201	89	224	3.00e-11	62.0
g2321.t1	VFG007804(gb|YP_007956947)	28.000	225	123	11	10	204	14	229	9.18e-08	51.6
g2321.t1	VFG007794(gb|WP_015357298)	32.624	141	71	8	80	201	89	224	1.15e-07	51.2
g2321.t1	VFG007790(gb|WP_003403962)	27.982	218	124	10	10	201	14	224	1.72e-07	50.8
g2321.t1	VFG007812(gb|WP_003875776)	30.986	142	72	6	80	201	88	223	1.74e-07	50.8
g2321.t1	VFG023941(gb|WP_009951945)	31.690	142	71	7	80	201	88	223	1.76e-07	50.8
g2321.t1	VFG009328(gb|WP_009974902)	30.986	142	72	6	80	201	88	223	1.86e-07	50.8
g2321.t1	VFG023943(gb|WP_014379083)	30.282	142	73	6	80	201	88	223	1.93e-07	50.8
g2321.t1	VFG007792(gb|WP_014000413)	32.394	142	70	7	80	201	89	224	1.94e-07	50.8
g2321.t1	VFG007811(gb|WP_008263844)	30.345	145	75	6	80	204	88	226	2.16e-07	50.4
g2321.t1	VFG007813(gb|WP_015309406)	29.279	222	124	12	6	201	10	224	2.62e-07	50.1
g2321.t1	VFG022631(gb|WP_013830506)	25.446	224	136	9	6	204	11	228	2.85e-07	50.1
g2321.t1	VFG009330(gb|WP_011738824)	28.959	221	126	12	6	201	10	224	2.86e-07	50.1
g2321.t1	VFG009329(gb|WP_010908776)	27.273	220	131	11	6	201	10	224	4.69e-07	49.7
g2321.t1	VFG023942(gb|WP_014710901)	30.282	142	73	6	80	201	88	223	8.16e-07	48.9
g2321.t1	VFG047576(gb|WP_012279908)	27.320	194	93	8	54	215	82	259	5.07e-06	47.0
g2321.t1	VFG047587(gb|WP_014549391)	25.904	166	93	5	80	215	94	259	5.21e-06	47.0
g2321.t1	VFG047580(gb|WP_012429265)	25.904	166	93	5	80	215	94	259	5.36e-06	47.0
g2321.t1	VFG047583(gb|WP_003026526)	25.904	166	93	5	80	215	94	259	5.56e-06	47.0
g2321.t1	VFG047582(gb|WP_003020892)	25.904	166	93	5	80	215	94	259	5.61e-06	47.0
g2321.t1	VFG047575(gb|WP_003038447)	25.904	166	93	5	80	215	94	259	5.87e-06	46.6
