g1100.t1	VFG001243(gb|NP_249776)	100.000	400	0	0	1	400	1	400	0.0	810
g1100.t1	VFG014254(gb|WP_003116316)	99.750	400	1	0	1	400	1	400	0.0	810
g1100.t1	VFG014253(gb|WP_012076724)	96.000	400	16	0	1	400	1	400	0.0	785
g1100.t1	VFG014263(gb|WP_012019038)	62.687	402	127	7	1	394	1	387	3.96e-164	466
g1100.t1	VFG014264(gb|WP_011912568)	60.302	398	136	7	1	396	1	378	2.43e-159	453
g1100.t1	VFG015661(gb|WP_012315553)	56.468	402	151	9	1	396	1	384	3.42e-144	415
g1100.t1	VFG014261(gb|WP_011059953)	53.456	434	146	10	1	396	1	416	2.79e-143	414
g1100.t1	VFG014259(gb|WP_012051603)	56.061	396	158	9	1	396	1	380	7.52e-143	411
g1100.t1	VFG019808(gb|WP_043205712)	54.067	418	167	8	1	395	3	418	7.97e-143	412
g1100.t1	VFG015660(gb|WP_012273522)	57.330	382	149	8	14	395	12	379	9.96e-141	406
g1100.t1	VFG014258(gb|WP_010955099)	55.499	391	160	6	5	395	3	379	1.15e-139	403
g1100.t1	VFG014262(gb|WP_011333020)	52.106	451	143	9	1	399	1	430	8.31e-134	390
g1100.t1	VFG014260(gb|WP_011534925)	53.616	401	172	10	1	396	1	392	7.41e-130	379
g1100.t1	VFG014257(gb|WP_004658721)	51.942	412	164	5	7	394	6	407	1.53e-129	379
g1100.t1	VFG014256(gb|WP_011268455)	51.574	413	166	7	7	395	6	408	4.60e-129	377
g1100.t1	VFG014255(gb|WP_005767021)	49.882	425	155	6	7	394	6	409	1.69e-126	371
g1100.t1	VFG038778(gb|WP_005350665)	36.612	366	190	7	20	383	20	345	8.70e-66	213
g1100.t1	VFG038777(gb|WP_005320196)	34.933	375	206	6	11	383	8	346	2.02e-65	212
g1100.t1	VFG038776(gb|WP_016351320)	34.783	368	195	6	20	383	20	346	3.39e-61	201
g1100.t1	VFG038775(gb|WP_164927693)	35.925	373	184	8	20	383	20	346	8.57e-61	200
g1100.t1	VFG023664(gb|WP_013649701)	36.119	371	153	8	16	386	16	302	6.69e-57	189
g1100.t1	VFG002343(gb|WP_042661457)	35.849	371	154	8	16	386	16	302	2.73e-56	187
g1100.t1	VFG007315(gb|WP_005420389)	33.850	387	189	13	6	387	7	331	1.08e-54	184
g1100.t1	VFG043331(gb|WP_015444575)	46.199	171	92	0	221	391	112	282	3.75e-48	165
g1100.t1	VFG043331(gb|WP_015444575)	33.333	90	59	1	19	108	9	97	1.33e-08	55.8
g1100.t1	VFG002672(gb|WP_002211118)	32.987	385	168	9	15	395	8	306	3.90e-47	163
g1100.t1	VFG020236(gb|WP_012413657)	32.727	385	169	9	15	395	8	306	1.35e-46	162
g1100.t1	VFG018860(gb|WP_012229539)	32.727	385	169	9	15	395	8	306	3.75e-46	160
g1100.t1	VFG007310(gb|WP_000609516)	50.000	152	75	1	234	385	156	306	1.92e-44	156
g1100.t1	VFG007310(gb|WP_000609516)	38.462	104	61	3	21	123	17	118	3.10e-11	63.9
g1100.t1	VFG007314(gb|WP_011149749)	47.273	165	85	2	222	385	140	303	1.95e-42	150
g1100.t1	VFG007314(gb|WP_011149749)	37.000	100	57	4	14	109	7	104	6.92e-06	47.4
g1100.t1	VFG007313(gb|WP_011078333)	46.667	165	86	2	222	385	140	303	5.49e-42	149
g1100.t1	VFG007313(gb|WP_011078333)	37.000	100	57	4	14	109	7	104	6.98e-06	47.4
g1100.t1	VFG007312(gb|WP_005454015)	42.778	180	94	2	216	387	129	307	7.65e-42	149
g1100.t1	VFG007312(gb|WP_005454015)	45.545	101	47	4	14	109	7	104	2.35e-14	73.2
g1100.t1	VFG002516(gb|WP_004197262)	45.912	159	85	1	227	385	153	310	6.18e-40	144
g1100.t1	VFG025717(gb|WP_011850942)	45.912	159	85	1	227	385	153	310	6.38e-40	144
g1100.t1	VFG025709(gb|WP_006493513)	44.654	159	87	1	227	385	167	324	1.51e-39	143
g1100.t1	VFG025709(gb|WP_006493513)	38.202	89	50	2	20	108	18	101	3.76e-10	60.8
g1100.t1	VFG025710(gb|WP_006477566)	44.025	159	88	1	227	385	169	326	1.63e-37	138
g1100.t1	VFG025710(gb|WP_006477566)	38.202	89	50	2	20	108	18	101	3.70e-10	60.8
g1100.t1	VFG025707(gb|WP_011546411)	44.025	159	88	1	227	385	172	329	3.00e-37	137
g1100.t1	VFG025707(gb|WP_011546411)	38.202	89	50	2	20	108	18	101	4.90e-10	60.5
g1100.t1	VFG025719(gb|WP_009893434)	44.654	159	86	1	227	385	153	309	5.05e-37	136
g1100.t1	VFG025719(gb|WP_009893434)	41.429	70	36	2	39	108	37	101	3.89e-08	54.3
g1100.t1	VFG011305(gb|WP_010930328)	44.898	147	81	0	241	387	183	329	5.97e-37	137
g1100.t1	VFG011305(gb|WP_010930328)	42.000	100	48	4	17	114	15	106	2.50e-08	55.1
g1100.t1	VFG043082(gb|WP_001301817)	41.026	195	108	4	198	387	104	296	4.05e-36	134
g1100.t1	VFG043082(gb|WP_001301817)	40.000	90	50	2	20	109	14	99	1.40e-12	67.8
g1100.t1	VFG011306(gb|WP_003811877)	44.898	147	80	1	241	387	183	328	3.23e-35	132
g1100.t1	VFG011306(gb|WP_003811877)	43.000	100	47	4	17	114	15	106	2.56e-09	58.2
g1100.t1	VFG011308(gb|WP_012417365)	45.890	146	78	1	241	386	174	318	4.93e-33	126
g1100.t1	VFG011308(gb|WP_012417365)	36.646	161	90	6	5	163	3	153	1.90e-13	70.9
g1100.t1	VFG043030(gb|NP_460153)	37.056	197	114	4	198	386	104	298	8.25e-30	117
g1100.t1	VFG043030(gb|NP_460153)	43.956	91	45	3	20	109	14	99	7.65e-13	68.6
g1100.t1	VFG032046(gb|WP_003743853)	36.667	150	83	4	237	381	49	191	3.92e-17	83.6
g1100.t1	VFG043191(gb|AAZ99753)	40.385	104	57	3	6	109	1	99	1.77e-12	64.3
g1100.t1	VFG038879(gb|WP_005314251)	40.777	103	56	3	6	108	1	98	4.46e-12	63.2
g1100.t1	VFG043135(gb|WP_005481473)	35.484	93	56	3	18	109	17	106	1.61e-08	53.9
g1100.t1	VFG032054(gb|WP_012985336)	29.333	150	95	5	241	384	92	236	7.58e-07	51.2
g1100.t1	VFG002159(gb|NP_464601)	30.769	143	88	5	242	378	93	230	4.33e-06	48.5
g1100.t1	VFG032043(gb|WP_014931335)	30.769	143	88	5	242	378	93	230	4.56e-06	48.5
g1100.t1	VFG032049(gb|WP_014601898)	30.769	143	88	5	242	378	93	230	4.64e-06	48.5
g1100.t1	VFG032041(gb|WP_003727011)	30.769	143	88	5	242	378	93	230	5.07e-06	48.5
g1100.t1	VFG032044(gb|WP_014929474)	30.769	143	88	5	242	378	93	230	5.16e-06	48.5
g1100.t1	VFG043234(gb|WP_002211427)	31.944	72	47	2	38	108	24	94	8.86e-06	43.9
g1101.t1	VFG043030(gb|NP_460153)	100.000	316	0	0	1	316	1	316	0.0	647
g1101.t1	VFG043082(gb|WP_001301817)	82.595	316	52	1	1	316	1	313	0.0	536
g1101.t1	VFG023664(gb|WP_013649701)	61.783	314	118	2	3	316	9	320	5.60e-138	393
g1101.t1	VFG002343(gb|WP_042661457)	61.465	314	119	2	3	316	9	320	5.51e-137	390
g1101.t1	VFG002672(gb|WP_002211118)	61.290	310	117	3	8	316	7	314	7.82e-134	382
g1101.t1	VFG020236(gb|WP_012413657)	60.968	310	118	3	8	316	7	314	4.54e-133	380
g1101.t1	VFG018860(gb|WP_012229539)	60.645	310	119	3	8	316	7	314	3.11e-132	378
g1101.t1	VFG025719(gb|WP_009893434)	43.189	301	150	6	12	297	15	309	4.47e-73	227
g1101.t1	VFG025709(gb|WP_006493513)	41.935	310	155	5	12	297	16	324	8.32e-73	227
g1101.t1	VFG011308(gb|WP_012417365)	42.484	306	158	5	11	299	15	319	5.49e-68	215
g1101.t1	VFG011306(gb|WP_003811877)	40.308	325	145	5	11	298	15	327	1.65e-67	214
g1101.t1	VFG025710(gb|WP_006477566)	40.064	312	160	4	12	297	16	326	8.68e-67	212
g1101.t1	VFG025717(gb|WP_011850942)	43.709	302	148	6	12	297	15	310	8.86e-67	211
g1101.t1	VFG002516(gb|WP_004197262)	43.709	302	148	6	12	297	15	310	1.01e-66	211
g1101.t1	VFG011305(gb|WP_010930328)	40.184	326	145	6	11	298	15	328	1.17e-65	209
g1101.t1	VFG038778(gb|WP_005350665)	34.036	332	166	10	14	295	17	345	1.66e-47	163
g1101.t1	VFG007310(gb|WP_000609516)	35.786	299	180	7	14	301	13	310	2.34e-46	159
g1101.t1	VFG038777(gb|WP_005320196)	34.615	338	157	9	14	295	17	346	5.58e-46	159
g1101.t1	VFG007312(gb|WP_005454015)	34.098	305	174	9	14	300	13	308	9.07e-46	157
g1101.t1	VFG038775(gb|WP_164927693)	33.433	335	165	10	14	295	17	346	5.75e-45	156
g1101.t1	VFG038776(gb|WP_016351320)	33.133	332	170	8	14	295	17	346	5.88e-45	156
g1101.t1	VFG025707(gb|WP_011546411)	49.686	159	79	1	140	297	171	329	3.04e-43	151
g1101.t1	VFG025707(gb|WP_011546411)	51.724	87	41	1	12	98	16	101	1.74e-21	92.8
g1101.t1	VFG007315(gb|WP_005420389)	31.392	309	167	9	27	300	34	332	3.19e-42	148
g1101.t1	VFG014264(gb|WP_011912568)	31.250	352	175	10	14	299	19	369	5.51e-40	144
g1101.t1	VFG007314(gb|WP_011149749)	33.333	306	173	8	14	300	13	306	4.47e-37	134
g1101.t1	VFG007313(gb|WP_011078333)	33.007	306	174	8	14	300	13	306	1.56e-36	132
g1101.t1	VFG043331(gb|WP_015444575)	33.101	287	167	5	11	293	7	272	2.86e-36	132
g1101.t1	VFG015660(gb|WP_012273522)	36.279	215	128	4	99	312	178	384	1.13e-34	129
g1101.t1	VFG015660(gb|WP_012273522)	35.455	110	66	3	5	110	9	117	5.73e-13	68.6
g1101.t1	VFG014259(gb|WP_012051603)	38.384	198	113	4	103	299	182	371	1.28e-34	129
g1101.t1	VFG014259(gb|WP_012051603)	35.644	101	60	3	14	110	18	117	6.17e-11	62.8
g1101.t1	VFG014258(gb|WP_010955099)	37.705	183	112	2	131	312	203	384	2.14e-32	123
g1101.t1	VFG014258(gb|WP_010955099)	39.394	99	54	4	18	110	19	117	2.55e-12	66.6
g1101.t1	VFG014254(gb|WP_003116316)	38.071	197	112	4	104	298	198	386	2.36e-32	124
g1101.t1	VFG014254(gb|WP_003116316)	43.956	91	45	3	14	99	20	109	4.54e-13	68.9
g1101.t1	VFG014260(gb|WP_011534925)	43.333	150	84	1	151	299	234	383	2.38e-32	123
g1101.t1	VFG014260(gb|WP_011534925)	36.275	102	59	3	14	110	18	118	6.68e-11	62.4
g1101.t1	VFG001243(gb|NP_249776)	38.071	197	112	4	104	298	198	386	2.51e-32	123
g1101.t1	VFG001243(gb|NP_249776)	43.956	91	45	3	14	99	20	109	4.58e-13	68.9
g1101.t1	VFG014263(gb|WP_012019038)	41.497	147	85	1	153	298	233	379	7.18e-32	122
g1101.t1	VFG014263(gb|WP_012019038)	38.095	105	57	4	1	99	9	111	8.57e-14	71.2
g1101.t1	VFG015661(gb|WP_012315553)	42.667	150	85	1	151	299	226	375	7.48e-32	122
g1101.t1	VFG015661(gb|WP_012315553)	37.069	116	64	5	4	110	2	117	3.67e-12	66.2
g1101.t1	VFG014253(gb|WP_012076724)	37.056	197	114	3	104	298	198	386	1.46e-31	121
g1101.t1	VFG014253(gb|WP_012076724)	43.956	91	45	3	14	99	20	109	3.85e-13	69.3
g1101.t1	VFG014261(gb|WP_011059953)	40.000	160	95	1	154	312	261	420	2.76e-31	121
g1101.t1	VFG014261(gb|WP_011059953)	36.275	102	58	4	1	98	8	106	6.32e-10	59.7
g1101.t1	VFG014256(gb|WP_011268455)	43.262	141	78	2	161	299	260	400	2.92e-30	118
g1101.t1	VFG014256(gb|WP_011268455)	41.111	90	48	3	14	99	19	107	2.78e-11	63.9
g1101.t1	VFG014257(gb|WP_004658721)	43.262	141	78	2	161	299	260	400	3.10e-30	118
g1101.t1	VFG014257(gb|WP_004658721)	41.111	90	48	3	14	99	19	107	4.71e-11	63.2
g1101.t1	VFG014262(gb|WP_011333020)	42.105	152	81	3	161	310	276	422	1.10e-29	117
g1101.t1	VFG014262(gb|WP_011333020)	41.758	91	48	3	18	104	23	112	4.26e-12	66.2
g1101.t1	VFG014255(gb|WP_005767021)	43.262	141	78	2	161	299	262	402	1.82e-29	116
g1101.t1	VFG014255(gb|WP_005767021)	41.111	90	48	3	14	99	19	107	4.69e-11	63.2
g1101.t1	VFG019808(gb|WP_043205712)	34.483	203	124	2	106	299	208	410	3.94e-28	112
g1101.t1	VFG019808(gb|WP_043205712)	42.697	89	47	2	14	98	21	109	4.63e-13	69.3
g1101.t1	VFG032046(gb|WP_003743853)	33.121	157	94	3	145	296	44	194	1.05e-17	83.6
g1101.t1	VFG032054(gb|WP_012985336)	32.215	149	89	4	155	296	93	236	1.20e-11	65.1
g1101.t1	VFG032043(gb|WP_014931335)	30.526	190	108	8	116	294	58	234	1.52e-10	61.6
g1101.t1	VFG002159(gb|NP_464601)	30.526	190	108	8	116	294	58	234	1.56e-10	61.6
g1101.t1	VFG032049(gb|WP_014601898)	30.526	190	108	8	116	294	58	234	1.67e-10	61.6
g1101.t1	VFG032044(gb|WP_014929474)	30.612	147	90	4	155	294	93	234	1.79e-10	61.6
g1101.t1	VFG032041(gb|WP_003727011)	30.526	190	108	8	116	294	58	234	1.79e-10	61.6
g1101.t1	VFG043135(gb|WP_005481473)	31.092	119	74	3	24	137	27	142	4.35e-08	52.0
g1101.t1	VFG043191(gb|AAZ99753)	37.079	89	48	3	16	98	12	98	4.11e-06	45.4
g1101.t1	VFG038879(gb|WP_005314251)	36.667	90	49	3	16	99	12	99	6.34e-06	45.1
