g458.t1	VFG030111(gb|WP_003874576)	30.537	298	187	7	61	354	62	343	2.78e-09	58.9
g458.t1	VFG030136(gb|WP_003902432)	29.825	342	215	10	20	354	20	343	3.74e-09	58.5
g458.t1	VFG030112(gb|WP_009978726)	30.201	298	188	7	61	354	62	343	4.91e-09	58.2
g458.t1	VFG030145(gb|WP_009938022)	29.532	342	216	10	20	354	20	343	1.15e-08	57.4
g458.t1	VFG030123(gb|WP_014001638)	29.412	340	219	9	20	354	20	343	1.17e-08	57.0
g458.t1	VFG030107(gb|YP_177949)	29.532	342	216	10	20	354	20	343	1.28e-08	57.0
g458.t1	VFG030121(gb|WP_013988985)	29.532	342	216	10	20	354	20	343	1.32e-08	57.0
g458.t1	VFG030119(gb|WP_011740526)	30.205	341	207	11	24	354	24	343	2.79e-08	55.8
g458.t1	VFG030109(gb|WP_010907929)	28.406	345	216	11	20	354	20	343	3.52e-08	55.8
g458.t1	VFG030143(gb|YP_005924354)	28.996	269	164	7	88	354	35	278	4.95e-08	54.7
g458.t1	VFG030125(gb|WP_012393176)	30.000	340	209	10	24	354	24	343	7.11e-08	54.7
g458.t1	VFG030115(gb|WP_011855838)	26.667	345	222	9	20	354	20	343	3.89e-07	52.4
g458.t1	VFG030116(gb|WP_011560255)	26.667	345	222	9	20	354	20	343	4.44e-07	52.4
g458.t1	VFG030140(gb|YP_007959231)	35.385	130	82	2	225	354	173	300	3.11e-06	49.7
g458.t1	VFG030147(gb|WP_015307128)	27.336	289	181	9	20	299	20	288	5.06e-06	48.9
