g2613.t1	VFG019760(gb|WP_012722471)	33.735	166	107	2	16	179	4	168	9.21e-19	88.2
g2613.t1	VFG038758(gb|WP_005350684)	34.127	126	79	2	17	142	6	127	3.54e-12	67.8
g2613.t1	VFG014394(gb|WP_041755564)	37.963	108	66	1	17	124	5	111	1.23e-11	66.2
g2613.t1	VFG014390(gb|WP_011534911)	36.364	110	69	1	15	124	3	111	3.25e-11	65.1
g2613.t1	VFG038757(gb|WP_011898552)	33.333	126	80	2	17	142	6	127	3.94e-11	64.7
g2613.t1	VFG000116(gb|NP_254170)	31.034	145	99	1	11	155	5	148	4.73e-11	64.3
g2613.t1	VFG038756(gb|WP_011706626)	32.540	126	81	2	17	142	6	127	9.64e-11	63.5
g2613.t1	VFG007487(gb|WP_011079832)	37.037	108	67	1	17	124	6	112	1.35e-10	63.2
g2613.t1	VFG007488(gb|WP_011150918)	37.037	108	67	1	17	124	6	112	1.39e-10	63.2
g2613.t1	VFG007489(gb|WP_011262361)	36.111	108	68	1	17	124	6	112	2.43e-10	62.4
g2613.t1	VFG007486(gb|WP_005457658)	37.037	108	67	1	17	124	6	112	4.67e-10	61.2
g2613.t1	VFG043345(gb|WP_011946713)	29.457	129	90	1	17	145	4	131	1.57e-09	59.7
g2613.t1	VFG015680(gb|WP_012273511)	34.259	108	70	1	17	124	5	111	1.65e-09	59.7
g2613.t1	VFG014389(gb|WP_012051624)	33.636	110	72	1	15	124	3	111	1.93e-09	59.3
g2613.t1	VFG015681(gb|WP_012315526)	33.636	110	72	1	15	124	3	111	2.43e-09	58.9
g2613.t1	VFG007484(gb|WP_000079330)	36.111	108	68	1	17	124	6	112	2.77e-09	58.9
g2613.t1	VFG014388(gb|WP_010955091)	33.636	110	72	1	15	124	3	111	5.15e-09	58.2
g2613.t1	VFG014393(gb|WP_012019025)	36.975	119	73	2	17	134	5	122	8.89e-09	57.4
g2613.t1	VFG014968(gb|WP_002551374)	32.773	119	74	3	15	130	1	116	1.37e-08	55.5
g2613.t1	VFG014967(gb|WP_003401565)	32.773	119	74	3	15	130	1	116	1.47e-08	55.5
g2613.t1	VFG001889(gb|WP_011216518)	29.371	143	95	4	15	152	2	143	1.92e-08	54.7
g2613.t1	VFG013985(gb|WP_012077306)	31.746	126	85	1	14	139	3	127	2.36e-08	55.8
g2613.t1	VFG042915(gb|WP_012030773)	29.565	115	80	1	17	131	4	117	2.82e-08	55.8
g2613.t1	VFG010911(gb|WP_011947563)	29.371	143	95	4	15	152	2	143	3.03e-08	53.9
g2613.t1	VFG014392(gb|WP_011333047)	34.711	121	77	2	15	134	3	122	3.15e-08	55.5
g2613.t1	VFG042743(gb|NP_252986)	32.450	151	94	4	15	161	9	155	3.35e-08	54.7
g2613.t1	VFG019828(gb|WP_015885195)	33.898	118	76	2	15	131	3	119	3.75e-08	55.5
g2613.t1	VFG014966(gb|WP_007247212)	31.933	119	75	3	15	130	1	116	3.79e-08	53.9
g2613.t1	VFG001214(gb|NP_253237)	33.019	106	70	1	14	119	3	107	6.73e-08	54.3
g2613.t1	VFG019759(gb|WP_003110427)	33.019	106	70	1	14	119	3	107	6.97e-08	54.3
g2613.t1	VFG024164(gb|WP_008263800)	30.345	145	98	3	4	147	2	144	7.98e-08	53.1
g2613.t1	VFG022905(gb|YP_001701425)	31.298	131	89	1	17	147	23	152	8.84e-08	53.1
g2613.t1	VFG014383(gb|WP_012076712)	34.454	119	76	2	17	134	5	122	9.05e-08	54.3
g2613.t1	VFG015075(gb|WP_011532652)	32.520	123	74	4	7	123	661	780	1.04e-07	54.3
g2613.t1	VFG024168(gb|WP_014379067)	31.081	148	97	4	1	147	1	144	1.21e-07	52.4
g2613.t1	VFG027123(gb|YP_007956929)	30.345	145	98	3	4	147	10	152	1.28e-07	52.4
g2613.t1	VFG009864(gb|WP_041787729)	32.143	112	75	1	17	128	3	113	1.28e-07	52.4
g2613.t1	VFG001249(gb|NP_249790)	33.065	124	81	2	17	139	5	127	1.36e-07	53.5
g2613.t1	VFG009865(gb|WP_041307013)	32.174	115	77	1	17	131	3	116	1.57e-07	52.0
g2613.t1	VFG014964(gb|WP_003157680)	33.613	119	73	3	15	130	1	116	1.74e-07	52.0
g2613.t1	VFG000119(gb|NP_253948)	33.613	119	73	3	15	130	1	116	1.78e-07	52.0
g2613.t1	VFG009797(gb|WP_012054162)	30.345	145	98	3	4	147	10	152	1.81e-07	52.0
g2613.t1	VFG027122(gb|WP_015456166)	30.345	145	98	3	4	147	10	152	1.90e-07	52.0
g2613.t1	VFG001386(gb|NP_215271)	30.345	145	98	3	4	147	10	152	2.04e-07	52.0
g2613.t1	VFG045728(gb|WP_003635449)	31.538	130	79	5	15	137	2	128	2.33e-07	51.2
g2613.t1	VFG009802(gb|WP_003875752)	31.081	148	97	4	1	147	1	144	2.85e-07	51.2
g2613.t1	VFG015077(gb|WP_041475601)	33.333	120	58	3	17	123	669	779	2.91e-07	52.8
g2613.t1	VFG009801(gb|WP_010948903)	31.081	148	97	4	1	147	1	144	3.04e-07	51.2
g2613.t1	VFG006846(gb|NP_464218)	24.786	117	86	2	15	130	2	117	3.16e-07	48.9
g2613.t1	VFG014974(gb|WP_003242397)	32.773	119	74	3	15	130	1	116	3.32e-07	51.2
g2613.t1	VFG013991(gb|WP_011335994)	32.110	109	73	1	11	119	3	110	3.66e-07	52.0
g2613.t1	VFG024189(gb|WP_008254065)	30.894	123	84	1	17	139	3	124	3.89e-07	50.8
g2613.t1	VFG024188(gb|WP_014941347)	30.894	123	84	1	17	139	3	124	3.89e-07	50.8
g2613.t1	VFG032760(gb|WP_003746076)	24.786	117	86	2	15	130	2	117	4.18e-07	48.5
g2613.t1	VFG015076(gb|WP_011062714)	31.073	177	95	6	17	179	669	832	4.34e-07	52.4
g2613.t1	VFG023574(gb|WP_013649086)	35.897	117	64	4	14	123	703	815	4.35e-07	52.4
g2613.t1	VFG027131(gb|WP_015309447)	32.432	148	95	4	1	147	1	144	5.95e-07	50.4
g2613.t1	VFG009867(gb|WP_041309847)	31.304	115	78	1	17	131	3	116	6.96e-07	50.1
g2613.t1	VFG009806(gb|WP_036377334)	32.394	142	91	4	7	147	6	143	7.35e-07	50.1
g2613.t1	VFG009866(gb|WP_011561679)	31.304	115	78	1	17	131	5	118	8.30e-07	49.7
g2613.t1	VFG009804(gb|WP_011730856)	33.333	144	91	4	5	147	5	144	8.67e-07	50.1
g2613.t1	VFG014386(gb|WP_011268444)	34.646	127	80	3	15	139	3	128	8.79e-07	50.8
g2613.t1	VFG009803(gb|WP_011738792)	29.655	145	99	3	4	147	3	145	9.42e-07	49.7
g2613.t1	VFG015770(gb|WP_012269993)	32.624	141	84	5	15	152	1	133	1.02e-06	49.7
g2613.t1	VFG027215(gb|YP_007960876)	29.752	121	84	1	17	137	3	122	1.04e-06	49.7
g2613.t1	VFG003825(gb|WP_001050780)	28.926	121	76	3	1	117	680	794	1.08e-06	51.2
g2613.t1	VFG009805(gb|WP_011892478)	31.690	142	92	4	7	147	6	143	1.20e-06	49.3
g2613.t1	VFG019919(gb|WP_015886493)	32.500	120	73	4	15	130	1	116	1.28e-06	49.3
g2613.t1	VFG022904(gb|WP_012396471)	29.655	145	99	3	4	147	3	145	1.37e-06	49.3
g2613.t1	VFG022934(gb|WP_020726450)	29.752	121	84	1	17	137	3	122	1.40e-06	49.3
g2613.t1	VFG009862(gb|WP_071498255)	30.435	115	79	1	17	131	3	116	1.61e-06	48.9
g2613.t1	VFG018487(gb|WP_001050783)	25.389	193	124	5	14	200	688	866	1.99e-06	50.1
g2613.t1	VFG009859(gb|WP_003872811)	29.752	121	84	1	17	137	3	122	2.09e-06	48.5
g2613.t1	VFG027208(gb|WP_041181419)	29.752	121	84	1	17	137	3	122	2.11e-06	48.5
g2613.t1	VFG009857(gb|WP_014588181)	29.752	121	84	1	17	137	3	122	2.13e-06	48.5
g2613.t1	VFG015782(gb|WP_012270935)	32.143	112	70	3	17	123	670	780	2.17e-06	50.1
g2613.t1	VFG001390(gb|NP_215496)	29.752	121	84	1	17	137	3	122	2.37e-06	48.5
g2613.t1	VFG022941(gb|WP_013827874)	28.926	121	85	1	17	137	5	124	2.63e-06	48.5
g2613.t1	VFG015079(gb|WP_185745811)	30.833	120	61	3	17	123	670	780	3.12e-06	49.7
g2613.t1	VFG014387(gb|WP_004664453)	33.333	129	83	3	13	139	1	128	3.27e-06	49.3
g2613.t1	VFG013989(gb|WP_011167664)	29.808	104	72	1	14	117	4	106	3.35e-06	49.3
g2613.t1	VFG015070(gb|WP_011103673)	31.579	133	69	5	3	123	657	779	3.55e-06	49.3
g2613.t1	VFG014971(gb|WP_044488561)	33.613	119	73	4	15	130	1	116	3.61e-06	48.1
g2613.t1	VFG014385(gb|WP_011103783)	33.884	121	78	2	15	134	3	122	3.63e-06	48.9
g2613.t1	VFG014975(gb|WP_013981629)	32.773	119	74	3	15	130	1	116	3.65e-06	48.1
g2613.t1	VFG014391(gb|WP_011059972)	34.711	121	77	2	15	134	3	122	3.84e-06	48.9
g2613.t1	VFG013992(gb|WP_011921055)	30.769	104	71	1	14	117	3	105	3.90e-06	48.9
g2613.t1	VFG025824(gb|WP_006754880)	33.645	107	63	4	17	118	7	110	4.10e-06	46.2
g2613.t1	VFG027205(gb|WP_005098722)	30.435	115	79	1	17	131	3	116	5.10e-06	47.4
g2613.t1	VFG027211(gb|WP_005063392)	30.435	115	79	1	17	131	3	116	5.15e-06	47.4
g2613.t1	VFG022935(gb|YP_001701820)	30.435	115	79	1	17	131	5	118	5.96e-06	47.4
g2613.t1	VFG014973(gb|WP_011336516)	36.145	83	50	2	15	94	1	83	6.14e-06	47.4
g2613.t1	VFG043206(gb|WP_005164479)	34.848	132	72	6	10	134	3	127	6.76e-06	45.4
g2613.t1	VFG014972(gb|WP_011064176)	33.613	119	73	4	15	130	1	116	6.85e-06	47.4
g2613.t1	VFG002525(gb|WP_004185006)	32.231	121	78	3	17	134	7	126	6.96e-06	45.4
g2613.t1	VFG007568(gb|WP_000697869)	31.496	127	71	5	17	134	3	122	7.22e-06	45.1
g2613.t1	VFG015771(gb|WP_012312202)	33.613	119	73	4	15	130	1	116	7.38e-06	47.0
g2613.t1	VFG014970(gb|WP_003255896)	32.773	119	74	4	15	130	1	116	7.38e-06	47.0
g2613.t1	VFG042929(gb|WP_012031400)	28.333	120	79	3	16	131	3	119	7.64e-06	45.1
g2613.t1	VFG043037(gb|NP_460873)	31.818	132	76	5	10	134	3	127	7.74e-06	45.1
g2613.t1	VFG013987(gb|WP_011103301)	29.808	104	72	1	14	117	4	106	7.78e-06	48.1
g2613.t1	VFG020693(gb|WP_001050764)	28.099	121	77	3	1	117	680	794	7.81e-06	48.5
g2613.t1	VFG003826(gb|WP_001539908)	28.099	121	77	3	1	117	680	794	8.08e-06	48.1
g2613.t1	VFG013988(gb|WP_011266589)	29.808	104	72	1	14	117	4	106	8.41e-06	47.8
g2613.t1	VFG003823(gb|WP_001050754)	23.786	206	132	6	1	200	680	866	9.36e-06	48.1
g2613.t1	VFG009863(gb|WP_014878347)	28.571	112	79	1	17	128	3	113	9.71e-06	46.6
g2613.t1	VFG025927(gb|WP_009906581)	27.273	110	79	1	16	124	4	113	9.85e-06	44.7
g2613.t1	VFG003824(gb|WP_001050755)	28.099	121	77	3	1	117	680	794	9.86e-06	48.1
g2939.t1	VFG019760(gb|WP_012722471)	34.783	115	73	2	7	120	4	117	6.96e-14	71.6
g2939.t1	VFG007486(gb|WP_005457658)	30.833	120	81	2	7	125	5	123	7.84e-11	62.4
g2939.t1	VFG038756(gb|WP_011706626)	34.906	106	67	2	7	111	5	109	1.25e-10	61.6
g2939.t1	VFG038757(gb|WP_011898552)	33.945	109	70	2	4	111	2	109	1.65e-10	61.2
g2939.t1	VFG042915(gb|WP_012030773)	30.973	113	76	2	9	120	5	116	2.72e-10	60.8
g2939.t1	VFG038758(gb|WP_005350684)	34.906	106	67	2	7	111	5	109	3.77e-10	60.1
g2939.t1	VFG007484(gb|WP_000079330)	30.000	120	82	2	7	125	5	123	5.27e-10	59.7
g2939.t1	VFG014393(gb|WP_012019025)	36.538	104	58	2	40	143	38	133	2.07e-09	58.2
g2939.t1	VFG014390(gb|WP_011534911)	29.927	137	90	4	6	137	3	138	2.53e-09	57.8
g2939.t1	VFG007489(gb|WP_011262361)	29.508	122	84	2	7	127	5	125	3.03e-09	57.4
g2939.t1	VFG007488(gb|WP_011150918)	29.167	120	83	2	7	125	5	123	3.21e-09	57.4
g2939.t1	VFG007488(gb|WP_011150918)	29.412	102	71	1	143	244	6	106	3.79e-06	48.1
g2939.t1	VFG007487(gb|WP_011079832)	29.167	120	83	2	7	125	5	123	3.36e-09	57.4
g2939.t1	VFG007487(gb|WP_011079832)	29.412	102	71	1	143	244	6	106	3.20e-06	48.1
g2939.t1	VFG000116(gb|NP_254170)	34.259	108	69	2	7	113	10	116	4.47e-09	57.0
g2939.t1	VFG019828(gb|WP_015885195)	29.078	141	85	4	6	142	3	132	5.78e-09	56.6
g2939.t1	VFG014394(gb|WP_041755564)	32.381	105	69	2	7	110	4	107	8.60e-09	56.2
g2939.t1	VFG014394(gb|WP_041755564)	32.075	106	69	3	143	247	5	108	1.58e-06	49.3
g2939.t1	VFG043402(gb|YP_002344511)	29.134	127	86	3	6	128	1	127	9.81e-09	52.8
g2939.t1	VFG013991(gb|WP_011335994)	30.921	152	94	6	1	150	1	143	1.17e-08	55.8
g2939.t1	VFG013992(gb|WP_011921055)	29.921	127	87	2	7	132	5	130	3.60e-08	54.3
g2939.t1	VFG013985(gb|WP_012077306)	32.692	104	68	2	7	109	5	107	6.34e-08	53.5
g2939.t1	VFG015681(gb|WP_012315526)	26.606	109	78	2	6	113	3	110	6.39e-08	53.5
g2939.t1	VFG013993(gb|WP_026006503)	31.731	104	69	2	7	109	6	108	6.57e-08	53.5
g2939.t1	VFG001214(gb|NP_253237)	32.692	104	68	2	7	109	5	107	6.57e-08	53.5
g2939.t1	VFG019759(gb|WP_003110427)	32.692	104	68	2	7	109	5	107	6.76e-08	53.1
g2939.t1	VFG014392(gb|WP_011333047)	27.465	142	88	4	6	143	3	133	8.58e-08	53.1
g2939.t1	VFG001249(gb|NP_249790)	28.261	138	90	3	7	143	4	133	1.48e-07	52.4
g2939.t1	VFG015680(gb|WP_012273511)	29.167	120	78	4	6	121	3	119	1.57e-07	52.4
g2939.t1	VFG024164(gb|WP_008263800)	29.851	134	86	3	2	128	3	135	1.58e-07	51.2
g2939.t1	VFG009807(gb|WP_011561967)	31.250	144	94	3	7	149	14	153	1.85e-07	51.2
g2939.t1	VFG014389(gb|WP_012051624)	27.523	109	77	2	6	113	3	110	2.68e-07	51.6
g2939.t1	VFG022904(gb|WP_012396471)	31.858	113	75	2	7	118	15	126	2.86e-07	50.4
g2939.t1	VFG014383(gb|WP_012076712)	29.496	139	87	4	7	143	4	133	3.16e-07	51.2
g2939.t1	VFG014385(gb|WP_011103783)	29.661	118	80	3	5	120	2	118	3.69e-07	51.2
g2939.t1	VFG043381(gb|WP_000684509)	25.758	132	88	5	6	132	1	127	4.12e-07	50.8
g2939.t1	VFG024168(gb|WP_014379067)	30.081	123	84	2	7	128	14	135	4.12e-07	50.1
g2939.t1	VFG009802(gb|WP_003875752)	30.081	123	84	2	7	128	14	135	5.54e-07	49.7
g2939.t1	VFG009801(gb|WP_010948903)	30.081	123	84	2	7	128	14	135	5.70e-07	49.7
g2939.t1	VFG027122(gb|WP_015456166)	30.973	113	76	2	7	118	22	133	6.44e-07	49.7
g2939.t1	VFG001386(gb|NP_215271)	30.973	113	76	2	7	118	22	133	6.44e-07	49.7
g2939.t1	VFG009797(gb|WP_012054162)	30.973	113	76	2	7	118	22	133	6.56e-07	49.7
g2939.t1	VFG027123(gb|YP_007956929)	30.973	113	76	2	7	118	22	133	7.33e-07	49.3
g2939.t1	VFG022910(gb|WP_013830539)	32.743	113	74	2	7	118	14	125	8.11e-07	49.3
g2939.t1	VFG027131(gb|WP_015309447)	32.743	113	74	2	7	118	14	125	8.18e-07	49.3
g2939.t1	VFG022905(gb|YP_001701425)	27.891	147	101	3	4	149	19	161	9.14e-07	48.9
g2939.t1	VFG014388(gb|WP_010955091)	27.523	109	77	2	6	113	3	110	1.01e-06	49.7
g2939.t1	VFG009803(gb|WP_011738792)	30.973	113	76	2	7	118	15	126	1.05e-06	48.9
g2939.t1	VFG014387(gb|WP_004664453)	36.986	73	44	2	49	120	47	118	1.32e-06	49.3
g2939.t1	VFG009804(gb|WP_011730856)	31.858	113	75	2	7	118	14	125	1.62e-06	48.1
g2939.t1	VFG009806(gb|WP_036377334)	31.858	113	75	2	7	118	13	124	1.70e-06	48.1
g2939.t1	VFG009805(gb|WP_011892478)	31.858	113	75	2	7	118	13	124	1.80e-06	48.1
g2939.t1	VFG014386(gb|WP_011268444)	28.814	118	81	3	5	120	2	118	1.82e-06	48.9
g2939.t1	VFG009897(gb|WP_011558491)	31.429	140	90	4	5	141	13	149	1.98e-06	47.8
g2939.t1	VFG013989(gb|WP_011167664)	30.392	102	69	2	7	107	6	106	2.74e-06	48.5
g2939.t1	VFG043386(gb|WP_000772151)	28.829	111	73	4	6	111	1	110	3.16e-06	45.4
g2939.t1	VFG013987(gb|WP_011103301)	30.392	102	69	2	7	107	6	106	3.99e-06	47.8
g2939.t1	VFG013988(gb|WP_011266589)	30.392	102	69	2	7	107	6	106	4.32e-06	47.8
g2939.t1	VFG042242(gb|AAG01455)	27.273	121	84	2	4	121	3	122	4.43e-06	46.6
g2939.t1	VFG009866(gb|WP_011561679)	31.111	135	89	3	5	137	2	134	7.83e-06	46.2
g2939.t1	VFG025915(gb|WP_006477352)	28.455	123	80	4	6	121	2	123	9.81e-06	44.3
