g40.t1	VFG008310(gb|WP_010907490)	100.000	597	0	0	1	597	1	597	0.0	1220
g40.t1	VFG017404(gb|WP_015357692)	78.992	595	119	2	1	595	1	589	0.0	966
g40.t1	VFG017580(gb|WP_014002007)	80.872	596	108	2	1	596	1	590	0.0	956
g40.t1	VFG002383(gb|NP_218388)	80.872	596	108	2	1	596	1	590	0.0	956
g40.t1	VFG017407(gb|WP_015575383)	80.705	596	109	2	1	596	1	590	0.0	953
g40.t1	VFG017402(gb|WP_012054385)	80.705	596	109	2	1	596	1	590	0.0	953
g40.t1	VFG023159(gb|WP_012396946)	80.000	595	113	2	1	595	1	589	0.0	945
g40.t1	VFG008311(gb|WP_011726639)	72.697	597	159	1	1	597	1	593	0.0	938
g40.t1	VFG008315(gb|WP_011557495)	75.722	589	143	0	6	594	9	597	0.0	915
g40.t1	VFG008314(gb|WP_011854172)	75.722	589	143	0	6	594	9	597	0.0	915
g40.t1	VFG017413(gb|YP_007959837)	81.239	565	105	1	1	565	1	564	0.0	910
g40.t1	VFG008313(gb|WP_011777400)	72.373	590	159	1	1	590	1	586	0.0	899
g40.t1	VFG024421(gb|WP_013470303)	71.134	582	168	0	1	582	1	582	0.0	896
g40.t1	VFG008312(gb|WP_011891676)	70.790	582	170	0	1	582	1	582	0.0	893
g40.t1	VFG023418(gb|YP_001704484)	38.330	587	346	7	2	580	732	1310	1.77e-126	402
g40.t1	VFG023418(gb|YP_001704484)	23.830	235	168	6	31	260	421	649	7.16e-10	62.0
g40.t1	VFG028891(gb|WP_005055990)	38.330	587	346	7	2	580	748	1326	2.66e-126	402
g40.t1	VFG028891(gb|WP_005055990)	23.830	235	168	6	31	260	437	665	7.06e-10	62.0
g40.t1	VFG028904(gb|WP_020823539)	35.986	578	328	12	9	580	684	1225	2.23e-105	344
g40.t1	VFG028904(gb|WP_020823539)	25.000	172	123	3	85	253	426	594	1.15e-07	55.1
g40.t1	VFG024584(gb|WP_014383257)	35.154	586	340	11	1	581	679	1229	4.28e-104	340
g40.t1	VFG024584(gb|WP_014383257)	22.798	386	238	14	85	418	426	803	3.50e-08	56.6
g40.t1	VFG023420(gb|WP_014001748)	34.812	586	345	10	2	581	681	1235	6.25e-104	340
g40.t1	VFG023420(gb|WP_014001748)	21.414	495	321	17	45	479	389	875	6.28e-09	58.9
g40.t1	VFG024586(gb|WP_014381072)	34.983	586	341	11	1	581	679	1229	6.83e-104	340
g40.t1	VFG024586(gb|WP_014381072)	25.000	172	123	3	85	253	426	594	9.24e-06	48.9
g40.t1	VFG022226(gb|WP_003900061)	34.812	586	345	10	2	581	681	1235	8.75e-104	340
g40.t1	VFG022226(gb|WP_003900061)	21.616	495	320	17	45	479	389	875	8.68e-10	62.0
g40.t1	VFG022223(gb|WP_003418326)	34.812	586	345	10	2	581	681	1235	1.07e-103	340
g40.t1	VFG022223(gb|WP_003418326)	21.616	495	320	17	45	479	389	875	2.53e-09	60.5
g40.t1	VFG023419(gb|WP_013989003)	34.812	586	345	10	2	581	681	1235	1.16e-103	340
g40.t1	VFG023419(gb|WP_013989003)	21.616	495	320	17	45	479	389	875	2.49e-09	60.5
g40.t1	VFG028890(gb|WP_015294424)	34.642	586	346	10	2	581	681	1235	1.66e-103	339
g40.t1	VFG028890(gb|WP_015294424)	21.616	495	320	17	45	479	389	875	1.21e-09	61.2
g40.t1	VFG028888(gb|WP_015288543)	34.642	586	346	10	2	581	681	1235	2.68e-103	338
g40.t1	VFG028888(gb|WP_015288543)	21.616	495	320	17	45	479	389	875	7.89e-10	62.0
g40.t1	VFG022224(gb|NP_217964)	34.812	586	345	11	2	581	681	1235	2.82e-103	338
g40.t1	VFG022224(gb|NP_217964)	21.616	495	320	17	45	479	389	875	2.17e-09	60.5
g40.t1	VFG022232(gb|WP_011727726)	35.789	570	347	11	10	576	651	1204	3.05e-103	338
g40.t1	VFG022232(gb|WP_011727726)	23.762	404	264	13	49	418	371	764	1.16e-10	64.7
g40.t1	VFG022227(gb|WP_010950889)	34.642	586	346	10	2	581	681	1235	6.48e-103	337
g40.t1	VFG022227(gb|WP_010950889)	21.616	495	320	17	45	479	389	875	2.17e-09	60.5
g40.t1	VFG024583(gb|WP_014712333)	35.154	586	340	11	1	581	679	1229	8.86e-103	337
g40.t1	VFG024583(gb|WP_014712333)	22.798	386	238	14	85	418	426	803	5.19e-08	56.2
g40.t1	VFG024582(gb|WP_014942869)	35.154	586	340	11	1	581	679	1229	1.21e-102	337
g40.t1	VFG024582(gb|WP_014942869)	22.539	386	239	14	85	418	426	803	6.26e-07	52.8
g40.t1	VFG028889(gb|WP_015303894)	34.642	586	346	10	2	581	681	1235	1.31e-102	337
g40.t1	VFG028889(gb|WP_015303894)	21.212	495	322	17	45	479	389	875	4.09e-09	59.7
g40.t1	VFG024585(gb|WP_014385769)	34.983	586	341	11	1	581	679	1229	7.71e-102	334
g40.t1	VFG024585(gb|WP_014385769)	22.798	386	238	14	85	418	426	803	4.41e-08	56.2
g40.t1	VFG022234(gb|WP_011854867)	34.715	579	351	10	12	581	669	1229	1.45e-101	334
g40.t1	VFG022234(gb|WP_011854867)	26.012	173	118	6	85	253	413	579	4.37e-09	59.7
g40.t1	VFG022236(gb|WP_011558538)	34.576	590	356	11	4	581	658	1229	1.63e-101	333
g40.t1	VFG022236(gb|WP_011558538)	26.012	173	118	6	85	253	413	579	7.90e-09	58.9
g40.t1	VFG022235(gb|WP_011768104)	34.576	590	356	11	4	581	658	1229	1.98e-101	333
g40.t1	VFG022235(gb|WP_011768104)	26.012	173	118	6	85	253	413	579	5.15e-09	59.3
g40.t1	VFG023417(gb|WP_012392989)	34.206	573	345	11	12	580	681	1225	3.66e-100	330
g40.t1	VFG023417(gb|WP_012392989)	23.096	394	230	14	85	420	420	798	2.40e-09	60.5
g40.t1	VFG028899(gb|YP_007959433)	36.062	513	296	9	2	511	681	1164	1.75e-97	322
g40.t1	VFG028899(gb|YP_007959433)	21.643	499	315	17	45	479	389	875	1.25e-08	58.2
g40.t1	VFG022231(gb|WP_011739119)	33.857	573	347	11	12	580	681	1225	8.70e-97	320
g40.t1	VFG022231(gb|WP_011739119)	23.096	394	230	14	85	420	420	798	3.38e-09	60.1
g40.t1	VFG022230(gb|WP_011726048)	36.296	540	305	9	3	541	661	1162	2.33e-94	313
g40.t1	VFG022230(gb|WP_011726048)	26.512	215	149	4	42	253	373	581	8.91e-10	62.0
g40.t1	VFG023423(gb|WP_013830202)	32.348	575	331	10	8	580	668	1186	6.64e-81	276
g40.t1	VFG023423(gb|WP_013830202)	28.090	178	123	3	66	240	403	578	6.44e-08	55.8
g40.t1	VFG008350(gb|WP_041322832)	30.972	607	364	15	13	579	791	1382	6.93e-79	271
g40.t1	VFG008350(gb|WP_041322832)	20.942	191	143	4	68	252	482	670	3.53e-06	50.1
g40.t1	VFG022233(gb|WP_011895789)	32.297	579	331	13	8	581	661	1183	2.46e-78	269
g40.t1	VFG022233(gb|WP_011895789)	25.439	228	150	5	35	253	363	579	1.70e-09	60.8
g40.t1	VFG024581(gb|WP_013472660)	32.297	579	331	13	8	581	661	1183	2.69e-78	269
g40.t1	VFG024581(gb|WP_013472660)	25.439	228	150	5	35	253	363	579	1.70e-09	60.8
g40.t1	VFG023459(gb|WP_013828829)	31.491	597	364	13	13	574	793	1379	5.49e-78	269
g40.t1	VFG023459(gb|WP_013828829)	20.833	192	143	4	68	252	484	673	3.47e-06	50.1
g40.t1	VFG022056(gb|WP_010950107)	33.560	587	316	15	8	565	759	1300	5.92e-78	268
g40.t1	VFG028202(gb|WP_015293196)	31.667	600	361	12	13	574	795	1383	6.29e-78	269
g40.t1	VFG028202(gb|WP_015293196)	20.106	189	147	3	68	252	482	670	5.10e-06	49.7
g40.t1	VFG028216(gb|WP_009937645)	31.667	600	361	12	13	574	795	1383	7.12e-78	268
g40.t1	VFG028216(gb|WP_009937645)	20.106	189	147	3	68	252	482	670	4.48e-06	50.1
g40.t1	VFG023457(gb|WP_012666348)	31.667	600	361	12	13	574	795	1383	7.55e-78	268
g40.t1	VFG023457(gb|WP_012666348)	20.635	189	146	3	68	252	482	670	2.06e-06	50.8
g40.t1	VFG008347(gb|WP_011799219)	31.667	600	361	12	13	574	795	1383	7.55e-78	268
g40.t1	VFG008347(gb|WP_011799219)	20.106	189	147	3	68	252	482	670	4.97e-06	49.7
g40.t1	VFG002395(gb|YP_007410461)	31.667	600	361	12	13	574	795	1383	7.69e-78	268
g40.t1	VFG002395(gb|YP_007410461)	20.106	189	147	3	68	252	482	670	4.80e-06	49.7
g40.t1	VFG008346(gb|WP_010950600)	31.667	600	361	12	13	574	795	1383	8.47e-78	268
g40.t1	VFG008346(gb|WP_010950600)	20.106	189	147	3	68	252	482	670	5.05e-06	49.7
g40.t1	VFG028206(gb|WP_015575113)	31.667	600	361	12	13	574	795	1383	9.06e-78	268
g40.t1	VFG028206(gb|WP_015575113)	20.106	189	147	3	68	252	482	670	5.60e-06	49.7
g40.t1	VFG023455(gb|WP_015288165)	31.667	600	361	12	13	574	795	1383	9.06e-78	268
g40.t1	VFG023455(gb|WP_015288165)	20.106	189	147	3	68	252	482	670	4.76e-06	49.7
g40.t1	VFG028200(gb|WP_015303218)	31.736	605	354	14	13	574	795	1383	1.52e-77	268
g40.t1	VFG028200(gb|WP_015303218)	20.106	189	147	3	68	252	482	670	4.45e-06	50.1
g40.t1	VFG028214(gb|YP_005923023)	31.500	600	362	12	13	574	796	1384	2.81e-77	267
g40.t1	VFG028214(gb|YP_005923023)	20.106	189	147	3	68	252	483	671	4.76e-06	49.7
g40.t1	VFG028201(gb|WP_015290142)	31.500	600	362	12	13	574	795	1383	5.82e-77	266
g40.t1	VFG028201(gb|WP_015290142)	20.106	189	147	3	68	252	482	670	5.65e-06	49.7
g40.t1	VFG028217(gb|WP_020822624)	31.561	602	359	14	13	574	791	1379	1.30e-76	265
g40.t1	VFG028217(gb|WP_020822624)	20.106	189	147	3	68	252	482	670	4.44e-06	50.1
g40.t1	VFG024639(gb|WP_009954152)	31.561	602	359	14	13	574	791	1379	1.62e-76	265
g40.t1	VFG024639(gb|WP_009954152)	20.106	189	147	3	68	252	482	670	4.30e-06	50.1
g40.t1	VFG024511(gb|WP_008261679)	33.049	587	319	15	8	565	759	1300	1.81e-76	264
g40.t1	VFG024510(gb|WP_014385965)	33.049	587	319	15	8	565	759	1300	1.81e-76	264
g40.t1	VFG022059(gb|WP_011727068)	33.503	588	315	16	8	566	749	1289	1.99e-76	264
g40.t1	VFG028658(gb|WP_020823734)	33.049	587	319	15	8	565	759	1300	2.91e-76	264
g40.t1	VFG024512(gb|WP_014381364)	33.049	587	319	15	8	565	759	1300	3.26e-76	263
g40.t1	VFG028203(gb|WP_015355466)	31.209	612	358	14	13	579	792	1385	3.74e-76	263
g40.t1	VFG023453(gb|WP_012394382)	31.209	612	358	14	13	579	792	1385	3.85e-76	263
g40.t1	VFG023334(gb|WP_012392510)	33.277	589	321	18	8	565	756	1303	6.29e-76	263
g40.t1	VFG024638(gb|WP_014942095)	31.230	618	365	15	3	574	776	1379	8.92e-76	263
g40.t1	VFG024638(gb|WP_014942095)	20.106	189	147	3	68	252	482	670	4.48e-06	50.1
g40.t1	VFG022057(gb|WP_010908948)	33.333	591	316	18	8	566	756	1300	1.99e-75	261
g40.t1	VFG008348(gb|WP_003877884)	31.509	603	358	14	13	574	793	1381	2.33e-75	261
g40.t1	VFG008348(gb|WP_003877884)	20.106	189	147	3	68	252	482	670	8.29e-06	48.9
g40.t1	VFG023335(gb|YP_001702967)	33.333	588	332	15	8	566	760	1316	2.86e-75	261
g40.t1	VFG028642(gb|WP_015354280)	32.937	589	323	18	8	565	756	1303	6.36e-75	260
g40.t1	VFG022062(gb|WP_011557799)	32.198	587	321	16	8	565	749	1287	6.72e-75	260
g40.t1	VFG008351(gb|WP_011740948)	31.046	612	359	14	13	579	794	1387	1.17e-74	259
g40.t1	VFG028643(gb|WP_005119829)	33.163	588	333	15	8	566	760	1316	1.29e-74	259
g40.t1	VFG028637(gb|WP_016342527)	33.163	588	333	15	8	566	760	1316	4.07e-74	258
g40.t1	VFG023341(gb|WP_013827236)	32.937	589	317	17	8	565	763	1304	2.81e-73	255
g40.t1	VFG022058(gb|WP_011739403)	32.767	589	323	19	8	565	756	1302	2.25e-72	253
g40.t1	VFG022061(gb|WP_011777734)	32.378	593	323	16	8	565	748	1297	3.15e-67	238
g40.t1	VFG028647(gb|YP_007960183)	31.810	591	329	17	8	566	319	867	3.56e-67	234
g40.t1	VFG028640(gb|WP_015288924)	32.149	591	327	17	8	566	751	1299	7.89e-67	236
g40.t1	VFG028639(gb|WP_015302496)	31.973	588	332	17	8	566	751	1299	1.41e-66	236
g40.t1	VFG022050(gb|WP_003401478)	31.810	591	329	17	8	566	751	1299	4.42e-66	234
g40.t1	VFG028646(gb|WP_015574907)	31.810	591	329	17	8	566	751	1299	4.72e-66	234
g40.t1	VFG022055(gb|WP_011799097)	31.810	591	329	17	8	566	751	1299	4.72e-66	234
g40.t1	VFG022051(gb|NP_214798)	31.810	591	329	17	8	566	751	1299	4.72e-66	234
g40.t1	VFG028655(gb|YP_005359024)	31.810	591	329	17	8	566	660	1208	5.38e-66	234
g40.t1	VFG023337(gb|WP_014000156)	31.810	591	329	17	8	566	751	1299	8.25e-66	233
g40.t1	VFG028641(gb|WP_015292038)	31.810	591	329	17	8	566	751	1299	2.38e-65	232
g40.t1	VFG022060(gb|WP_011891328)	31.366	593	326	17	8	565	748	1294	3.83e-63	226
g40.t1	VFG028213(gb|YP_005360423)	32.653	490	284	10	13	465	795	1275	4.26e-63	225
g40.t1	VFG028213(gb|YP_005360423)	20.106	189	147	3	68	252	482	670	5.02e-06	49.7
g40.t1	VFG028552(gb|WP_015291805)	27.055	584	384	18	29	583	822	1392	3.16e-48	181
g40.t1	VFG028554(gb|WP_015294712)	27.055	584	384	18	29	583	822	1392	6.88e-48	180
g40.t1	VFG028551(gb|WP_015288663)	27.179	585	382	19	29	583	822	1392	1.45e-47	179
g40.t1	VFG023301(gb|WP_014002018)	26.884	584	385	18	29	583	822	1392	1.83e-47	179
g40.t1	VFG022004(gb|NP_218411)	26.712	584	386	18	29	583	822	1392	1.55e-46	176
g40.t1	VFG022003(gb|WP_003400060)	26.712	584	386	18	29	583	822	1392	1.83e-46	176
g40.t1	VFG023304(gb|WP_013827001)	26.838	585	379	16	29	581	826	1393	2.40e-45	172
g40.t1	VFG022009(gb|WP_010950308)	27.939	587	371	21	29	581	828	1396	3.38e-42	163
g40.t1	VFG028569(gb|WP_015632747)	27.939	587	371	21	29	581	828	1396	3.48e-42	163
g40.t1	VFG024488(gb|WP_009953125)	28.088	591	375	20	29	586	828	1401	4.84e-42	162
g40.t1	VFG024489(gb|WP_014712598)	28.088	591	375	20	29	586	828	1401	5.07e-42	162
g40.t1	VFG024490(gb|WP_014383546)	28.088	591	375	20	29	586	828	1401	5.60e-42	162
g40.t1	VFG024491(gb|WP_014386130)	28.088	591	375	20	29	586	828	1401	6.37e-42	162
g40.t1	VFG028568(gb|WP_020824019)	27.656	593	378	20	29	587	828	1403	5.23e-41	159
g40.t1	VFG050122(gb|WP_001172767)	22.306	399	266	11	29	409	768	1140	4.39e-23	104
g40.t1	VFG050122(gb|WP_001172767)	20.982	448	288	16	72	466	480	914	1.58e-14	77.0
g40.t1	VFG040864(gb|WP_001172770)	22.055	399	267	11	29	409	768	1140	4.88e-23	104
g40.t1	VFG040864(gb|WP_001172770)	20.982	448	288	16	72	466	480	914	1.50e-14	77.4
g40.t1	VFG049942(gb|WP_001172757)	21.805	399	268	11	29	409	768	1140	2.42e-22	102
g40.t1	VFG049942(gb|WP_001172757)	21.205	448	287	16	72	466	480	914	9.41e-15	77.8
g40.t1	VFG018161(gb|WP_000549309)	26.141	241	155	6	29	258	953	1181	3.76e-20	95.1
g40.t1	VFG018161(gb|WP_000549309)	29.480	173	116	4	64	233	649	818	6.86e-15	78.6
g40.t1	VFG018161(gb|WP_000549309)	23.094	446	254	20	95	513	419	802	2.24e-07	54.3
g40.t1	VFG018154(gb|WP_000549287)	26.471	238	150	7	29	250	953	1181	3.17e-17	85.9
g40.t1	VFG018154(gb|WP_000549287)	29.480	173	116	4	64	233	649	818	4.99e-15	79.0
g40.t1	VFG018154(gb|WP_000549287)	23.094	446	254	20	95	513	419	802	2.38e-07	53.9
g40.t1	VFG018165(gb|WP_000549269)	25.630	238	152	6	29	250	953	1181	3.52e-17	85.9
g40.t1	VFG018165(gb|WP_000549269)	29.480	173	116	4	64	233	649	818	9.77e-15	77.8
g40.t1	VFG002409(gb|WP_000549274)	25.630	238	152	6	29	250	953	1181	3.81e-17	85.5
g40.t1	VFG002409(gb|WP_000549274)	28.902	173	117	4	64	233	649	818	6.92e-15	78.6
g40.t1	VFG002409(gb|WP_000549274)	23.094	446	254	20	95	513	419	802	2.73e-07	53.9
g40.t1	VFG018143(gb|WP_000549278)	25.630	238	152	6	29	250	953	1181	3.94e-17	85.5
g40.t1	VFG018143(gb|WP_000549278)	28.902	173	117	4	64	233	649	818	7.10e-15	78.2
g40.t1	VFG018143(gb|WP_000549278)	23.094	446	254	20	95	513	419	802	2.75e-07	53.9
g40.t1	VFG024420(gb|WP_013470302)	23.936	188	130	5	76	253	469	653	4.94e-10	62.4
g40.t1	VFG008300(gb|WP_011891677)	23.936	188	130	5	76	253	469	653	6.13e-10	62.0
g40.t1	VFG008302(gb|WP_011557494)	24.468	188	129	5	76	253	471	655	1.00e-09	61.6
g40.t1	VFG008301(gb|WP_011777399)	23.404	188	131	5	76	253	468	652	1.58e-09	60.8
g40.t1	VFG008299(gb|WP_003891388)	22.872	188	132	5	76	253	469	653	1.40e-08	57.8
g40.t1	VFG002382(gb|NP_218387)	22.892	166	116	4	76	231	470	633	1.19e-06	51.6
g40.t1	VFG017561(gb|WP_015291791)	22.892	166	116	4	76	231	470	633	1.21e-06	51.6
g40.t1	VFG017576(gb|YP_005924943)	22.892	166	116	4	76	231	455	618	1.21e-06	51.6
g40.t1	VFG017575(gb|YP_005362392)	22.892	166	116	4	76	231	470	633	1.22e-06	51.6
g40.t1	VFG017577(gb|WP_015345209)	22.892	166	116	4	76	231	470	633	1.25e-06	51.6
g40.t1	VFG023153(gb|WP_012396945)	22.892	166	116	4	76	231	470	633	1.43e-06	51.2
g40.t1	VFG017563(gb|WP_015357691)	23.494	166	115	4	76	231	470	633	1.47e-06	51.2
g40.t1	VFG017572(gb|YP_007959836)	22.892	166	116	4	76	231	470	633	2.11e-06	50.8
g40.t1	VFG008298(gb|WP_010907491)	20.732	164	122	3	76	231	468	631	9.81e-06	48.5
g41.t1	VFG008298(gb|WP_010907491)	100.000	744	0	0	1	744	1	744	0.0	1523
g41.t1	VFG002382(gb|NP_218387)	85.121	746	108	2	1	743	1	746	0.0	1280
g41.t1	VFG017561(gb|WP_015291791)	84.987	746	109	2	1	743	1	746	0.0	1280
g41.t1	VFG017575(gb|YP_005362392)	85.121	746	108	2	1	743	1	746	0.0	1279
g41.t1	VFG017577(gb|WP_015345209)	84.987	746	109	2	1	743	1	746	0.0	1278
g41.t1	VFG017572(gb|YP_007959836)	84.316	746	114	2	1	743	1	746	0.0	1265
g41.t1	VFG023153(gb|WP_012396945)	83.087	745	124	1	1	743	1	745	0.0	1250
g41.t1	VFG017563(gb|WP_015357691)	83.087	745	124	1	1	743	1	745	0.0	1249
g41.t1	VFG017576(gb|YP_005924943)	84.542	731	110	2	16	743	1	731	0.0	1248
g41.t1	VFG008302(gb|WP_011557494)	77.510	747	163	3	1	744	1	745	0.0	1191
g41.t1	VFG008300(gb|WP_011891677)	77.852	745	159	5	1	743	1	741	0.0	1174
g41.t1	VFG024420(gb|WP_013470302)	77.718	745	160	5	1	743	1	741	0.0	1171
g41.t1	VFG008299(gb|WP_003891388)	76.613	744	171	2	1	743	1	742	0.0	1162
g41.t1	VFG008301(gb|WP_011777399)	77.193	741	164	4	1	740	1	737	0.0	1157
g41.t1	VFG028891(gb|WP_005055990)	39.888	717	381	16	14	705	15	706	9.11e-144	454
g41.t1	VFG028891(gb|WP_005055990)	29.323	133	80	5	475	604	834	955	5.20e-07	53.5
g41.t1	VFG023418(gb|YP_001704484)	39.888	712	378	16	19	705	4	690	7.40e-143	451
g41.t1	VFG023418(gb|YP_001704484)	29.323	133	80	5	475	604	818	939	5.19e-07	53.5
g41.t1	VFG023419(gb|WP_013989003)	37.395	714	389	16	10	718	1	661	3.99e-124	400
g41.t1	VFG023419(gb|WP_013989003)	27.935	247	140	10	475	707	763	985	1.18e-10	65.1
g41.t1	VFG028888(gb|WP_015288543)	37.483	715	387	18	10	718	1	661	1.86e-123	398
g41.t1	VFG028888(gb|WP_015288543)	27.530	247	141	10	475	707	763	985	6.04e-10	62.8
g41.t1	VFG022227(gb|WP_010950889)	37.255	714	390	16	10	718	1	661	3.82e-123	397
g41.t1	VFG022227(gb|WP_010950889)	27.935	247	140	10	475	707	763	985	1.04e-10	65.5
g41.t1	VFG022224(gb|NP_217964)	37.255	714	390	16	10	718	1	661	3.82e-123	397
g41.t1	VFG022224(gb|NP_217964)	27.935	247	140	10	475	707	763	985	1.04e-10	65.5
g41.t1	VFG022223(gb|WP_003418326)	37.255	714	390	16	10	718	1	661	5.60e-123	397
g41.t1	VFG022223(gb|WP_003418326)	27.935	247	140	10	475	707	763	985	1.09e-10	65.5
g41.t1	VFG028889(gb|WP_015303894)	37.482	699	379	16	10	703	1	646	8.72e-123	396
g41.t1	VFG028889(gb|WP_015303894)	27.530	247	141	10	475	707	763	985	1.12e-09	62.0
g41.t1	VFG023420(gb|WP_014001748)	37.339	699	380	16	10	703	1	646	2.63e-122	395
g41.t1	VFG023420(gb|WP_014001748)	27.935	247	140	10	475	707	763	985	4.40e-10	63.2
g41.t1	VFG022226(gb|WP_003900061)	37.115	714	391	16	10	718	1	661	5.13e-122	394
g41.t1	VFG022226(gb|WP_003900061)	27.935	247	140	10	475	707	763	985	1.09e-10	65.5
g41.t1	VFG028890(gb|WP_015294424)	36.555	714	395	16	10	718	1	661	3.64e-121	392
g41.t1	VFG028890(gb|WP_015294424)	27.530	247	141	10	475	707	763	985	4.88e-10	63.2
g41.t1	VFG023417(gb|WP_012392989)	36.746	713	367	21	27	719	3	651	2.21e-120	390
g41.t1	VFG023417(gb|WP_012392989)	25.781	256	164	10	475	728	753	984	1.52e-07	55.1
g41.t1	VFG028899(gb|YP_007959433)	36.185	713	369	14	10	703	1	646	5.41e-120	388
g41.t1	VFG028899(gb|YP_007959433)	27.530	247	141	10	475	707	763	985	4.58e-10	63.2
g41.t1	VFG022231(gb|WP_011739119)	36.746	713	367	21	27	719	3	651	7.69e-120	388
g41.t1	VFG022231(gb|WP_011739119)	25.781	256	164	10	475	728	753	984	1.42e-07	55.1
g41.t1	VFG028904(gb|WP_020823539)	37.015	670	358	17	40	703	33	644	9.08e-113	369
g41.t1	VFG028904(gb|WP_020823539)	28.837	215	134	8	475	689	760	955	6.73e-10	62.8
g41.t1	VFG024584(gb|WP_014383257)	35.815	712	389	18	14	719	7	656	1.22e-111	366
g41.t1	VFG024584(gb|WP_014383257)	28.251	223	143	7	468	689	753	959	6.80e-11	65.9
g41.t1	VFG024583(gb|WP_014712333)	36.297	686	369	18	40	719	33	656	8.24e-111	364
g41.t1	VFG024583(gb|WP_014712333)	28.251	223	143	7	468	689	753	959	7.73e-11	65.9
g41.t1	VFG024585(gb|WP_014385769)	36.152	686	370	18	40	719	33	656	1.07e-110	363
g41.t1	VFG024585(gb|WP_014385769)	28.251	223	143	7	468	689	753	959	1.57e-10	64.7
g41.t1	VFG024582(gb|WP_014942869)	36.006	686	371	18	40	719	33	656	2.10e-109	360
g41.t1	VFG024582(gb|WP_014942869)	28.251	223	143	7	468	689	753	959	7.53e-11	65.9
g41.t1	VFG024586(gb|WP_014381072)	36.351	696	379	18	14	703	7	644	8.07e-109	358
g41.t1	VFG024586(gb|WP_014381072)	28.251	223	143	7	468	689	753	959	5.54e-11	66.2
g41.t1	VFG022230(gb|WP_011726048)	35.593	708	369	19	28	720	5	640	1.88e-107	354
g41.t1	VFG022230(gb|WP_011726048)	26.250	240	150	7	475	706	738	958	1.66e-08	58.2
g41.t1	VFG023335(gb|YP_001702967)	31.477	772	473	16	1	743	1	745	1.54e-106	354
g41.t1	VFG028643(gb|WP_005119829)	31.347	772	474	16	1	743	1	745	4.82e-106	352
g41.t1	VFG028637(gb|WP_016342527)	31.347	772	474	16	1	743	1	745	5.44e-106	352
g41.t1	VFG023423(gb|WP_013830202)	36.603	683	366	16	19	699	17	634	7.58e-105	347
g41.t1	VFG022061(gb|WP_011777734)	34.126	715	413	17	13	699	14	698	3.40e-104	347
g41.t1	VFG022062(gb|WP_011557799)	33.428	703	421	16	19	698	20	698	3.62e-104	347
g41.t1	VFG022060(gb|WP_011891328)	33.807	704	418	16	19	699	20	698	2.34e-103	345
g41.t1	VFG024511(gb|WP_008261679)	32.690	725	432	18	4	698	10	708	9.38e-102	340
g41.t1	VFG024510(gb|WP_014385965)	32.690	725	432	18	4	698	10	708	9.38e-102	340
g41.t1	VFG022056(gb|WP_010950107)	32.507	726	434	18	4	699	10	709	1.50e-101	340
g41.t1	VFG024512(gb|WP_014381364)	32.690	725	432	18	4	698	10	708	2.28e-101	339
g41.t1	VFG028658(gb|WP_020823734)	32.507	726	434	18	4	699	10	709	4.27e-101	338
g41.t1	VFG023341(gb|WP_013827236)	32.676	710	431	16	19	698	20	712	3.60e-99	333
g41.t1	VFG022050(gb|WP_003401478)	33.052	711	430	18	15	699	11	701	7.98e-98	329
g41.t1	VFG022055(gb|WP_011799097)	33.052	711	430	18	15	699	11	701	8.38e-98	329
g41.t1	VFG028646(gb|WP_015574907)	33.052	711	430	18	15	699	11	701	8.99e-98	329
g41.t1	VFG028641(gb|WP_015292038)	32.911	711	431	18	15	699	11	701	1.00e-97	329
g41.t1	VFG022051(gb|NP_214798)	33.052	711	430	18	15	699	11	701	1.01e-97	329
g41.t1	VFG028639(gb|WP_015302496)	32.911	711	431	18	15	699	11	701	1.75e-97	328
g41.t1	VFG023337(gb|WP_014000156)	32.911	711	431	18	15	699	11	701	3.68e-97	328
g41.t1	VFG022059(gb|WP_011727068)	34.214	719	419	19	4	698	10	698	4.04e-97	327
g41.t1	VFG023334(gb|WP_012392510)	31.550	729	443	17	14	711	15	718	7.04e-97	327
g41.t1	VFG028642(gb|WP_015354280)	31.550	729	443	17	14	711	15	718	7.11e-97	327
g41.t1	VFG028640(gb|WP_015288924)	32.695	731	445	19	15	718	11	721	9.61e-97	326
g41.t1	VFG022058(gb|WP_011739403)	31.550	729	443	17	14	711	15	718	4.71e-96	325
g41.t1	VFG022235(gb|WP_011768104)	33.580	676	361	18	38	702	30	628	5.13e-96	323
g41.t1	VFG022235(gb|WP_011768104)	28.899	218	136	7	475	689	742	943	3.00e-10	63.9
g41.t1	VFG022234(gb|WP_011854867)	33.580	676	361	18	38	702	30	628	7.14e-96	323
g41.t1	VFG022234(gb|WP_011854867)	28.440	218	137	7	475	689	742	943	1.08e-09	62.0
g41.t1	VFG022057(gb|WP_010908948)	32.737	727	437	20	14	711	15	718	1.35e-95	323
g41.t1	VFG022236(gb|WP_011558538)	33.432	676	362	18	38	702	30	628	1.48e-95	322
g41.t1	VFG022236(gb|WP_011558538)	28.899	218	136	7	475	689	742	943	3.00e-10	63.9
g41.t1	VFG022232(gb|WP_011727726)	33.866	688	361	21	19	698	12	613	7.88e-93	314
g41.t1	VFG028655(gb|YP_005359024)	33.121	628	379	17	92	698	2	609	1.17e-84	291
g41.t1	VFG028217(gb|WP_020822624)	30.496	705	428	22	51	718	51	730	1.48e-82	286
g41.t1	VFG024639(gb|WP_009954152)	30.496	705	428	22	51	718	51	730	1.58e-82	286
g41.t1	VFG024638(gb|WP_014942095)	30.496	705	428	22	51	718	51	730	2.41e-82	286
g41.t1	VFG008348(gb|WP_003877884)	30.213	705	430	22	51	718	51	730	1.00e-80	281
g41.t1	VFG008350(gb|WP_041322832)	30.415	674	410	20	58	698	64	711	1.66e-77	272
g41.t1	VFG008350(gb|WP_041322832)	25.238	210	123	9	468	665	863	1050	3.89e-07	53.9
g41.t1	VFG028206(gb|WP_015575113)	30.909	660	394	22	94	718	98	730	4.67e-77	270
g41.t1	VFG028201(gb|WP_015290142)	31.034	638	383	19	94	698	98	711	1.43e-76	269
g41.t1	VFG028200(gb|WP_015303218)	31.191	638	382	19	94	698	98	711	1.50e-76	269
g41.t1	VFG002395(gb|YP_007410461)	31.034	638	383	19	94	698	98	711	1.91e-76	269
g41.t1	VFG028214(gb|YP_005923023)	31.034	638	383	19	94	698	99	712	2.01e-76	269
g41.t1	VFG008346(gb|WP_010950600)	31.034	638	383	19	94	698	98	711	2.27e-76	268
g41.t1	VFG023457(gb|WP_012666348)	31.034	638	383	19	94	698	98	711	2.52e-76	268
g41.t1	VFG023455(gb|WP_015288165)	31.034	638	383	19	94	698	98	711	2.77e-76	268
g41.t1	VFG028202(gb|WP_015293196)	31.034	638	383	19	94	698	98	711	2.99e-76	268
g41.t1	VFG028216(gb|WP_009937645)	31.034	638	383	19	94	698	98	711	3.35e-76	268
g41.t1	VFG008347(gb|WP_011799219)	31.034	638	383	19	94	698	98	711	5.22e-76	267
g41.t1	VFG028213(gb|YP_005360423)	31.034	638	383	19	94	698	98	711	6.45e-76	267
g41.t1	VFG008351(gb|WP_011740948)	30.382	655	387	20	84	698	87	712	2.13e-75	266
g41.t1	VFG023453(gb|WP_012394382)	30.275	654	389	20	84	698	87	712	4.35e-75	265
g41.t1	VFG028203(gb|WP_015355466)	30.275	654	389	20	84	698	87	712	5.35e-75	265
g41.t1	VFG023459(gb|WP_013828829)	29.437	693	411	23	53	698	53	714	1.17e-73	261
g41.t1	VFG028569(gb|WP_015632747)	28.917	785	439	30	1	704	1	747	4.11e-72	256
g41.t1	VFG022009(gb|WP_010950308)	28.917	785	439	30	1	704	1	747	5.30e-72	256
g41.t1	VFG028568(gb|WP_020824019)	29.262	786	435	33	1	704	1	747	3.72e-71	253
g41.t1	VFG024490(gb|WP_014383546)	29.389	786	434	33	1	704	1	747	7.88e-71	252
g41.t1	VFG024491(gb|WP_014386130)	29.262	786	435	33	1	704	1	747	2.29e-70	251
g41.t1	VFG024488(gb|WP_009953125)	29.262	786	435	33	1	704	1	747	2.45e-70	251
g41.t1	VFG024489(gb|WP_014712598)	29.262	786	435	33	1	704	1	747	4.29e-70	250
g41.t1	VFG022233(gb|WP_011895789)	46.416	293	145	5	414	706	352	632	6.37e-70	249
g41.t1	VFG022233(gb|WP_011895789)	27.755	245	162	4	38	280	48	279	5.64e-23	105
g41.t1	VFG023304(gb|WP_013827001)	29.625	773	446	30	1	704	1	744	1.15e-69	249
g41.t1	VFG024581(gb|WP_013472660)	46.075	293	146	5	414	706	352	632	1.50e-69	248
g41.t1	VFG024581(gb|WP_013472660)	27.755	245	162	4	38	280	48	279	1.03e-22	104
g41.t1	VFG028552(gb|WP_015291805)	28.478	762	436	30	21	704	11	741	1.21e-66	240
g41.t1	VFG028554(gb|WP_015294712)	28.088	769	430	28	21	704	11	741	1.56e-65	236
g41.t1	VFG022003(gb|WP_003400060)	27.958	769	431	28	21	704	11	741	8.34e-65	234
g41.t1	VFG028551(gb|WP_015288663)	27.958	769	431	28	21	704	11	741	8.42e-65	234
g41.t1	VFG023301(gb|WP_014002018)	27.958	769	431	28	21	704	11	741	8.58e-65	234
g41.t1	VFG028563(gb|YP_007959860)	27.828	769	432	28	21	704	11	741	8.98e-65	230
g41.t1	VFG022004(gb|NP_218411)	27.828	769	432	28	21	704	11	741	1.42e-63	231
g41.t1	VFG028647(gb|YP_007960183)	39.695	262	151	5	441	699	12	269	4.39e-50	189
g41.t1	VFG040864(gb|WP_001172770)	25.901	749	461	33	7	705	4	708	6.68e-50	189
g41.t1	VFG040864(gb|WP_001172770)	22.430	214	139	7	457	670	817	1003	1.53e-06	52.0
g41.t1	VFG049942(gb|WP_001172757)	25.901	749	461	33	7	705	4	708	1.37e-49	188
g41.t1	VFG049942(gb|WP_001172757)	22.430	214	139	7	457	670	817	1003	4.55e-06	50.4
g41.t1	VFG050122(gb|WP_001172767)	25.901	749	461	33	7	705	4	708	1.40e-49	188
g41.t1	VFG050122(gb|WP_001172767)	22.430	214	139	7	457	670	817	1003	1.47e-06	52.0
g41.t1	VFG018154(gb|WP_000549287)	24.526	738	462	24	9	703	200	885	2.70e-44	172
g41.t1	VFG018154(gb|WP_000549287)	23.932	234	150	9	472	703	1009	1216	8.64e-09	59.3
g41.t1	VFG018143(gb|WP_000549278)	24.526	738	462	24	9	703	200	885	3.14e-44	172
g41.t1	VFG018143(gb|WP_000549278)	23.932	234	150	9	472	703	1009	1216	9.41e-09	58.9
g41.t1	VFG018161(gb|WP_000549309)	24.526	738	462	24	9	703	200	885	3.15e-44	172
g41.t1	VFG018161(gb|WP_000549309)	21.891	201	132	8	472	668	1009	1188	5.12e-07	53.5
g41.t1	VFG002409(gb|WP_000549274)	24.390	738	463	24	9	703	200	885	5.06e-44	171
g41.t1	VFG002409(gb|WP_000549274)	23.932	234	150	9	472	703	1009	1216	1.03e-08	58.9
g41.t1	VFG018165(gb|WP_000549269)	24.390	738	463	24	9	703	200	885	3.17e-43	169
g41.t1	VFG018165(gb|WP_000549269)	23.932	234	150	9	472	703	1009	1216	1.02e-08	58.9
g41.t1	VFG028652(gb|YP_007956484)	32.432	333	202	7	19	340	20	340	6.76e-38	145
g41.t1	VFG028558(gb|YP_007963812)	25.737	373	216	13	21	345	11	370	4.13e-23	102
g41.t1	VFG008311(gb|WP_011726639)	26.667	180	117	5	477	652	85	253	1.73e-09	60.8
g41.t1	VFG008314(gb|WP_011854172)	26.111	180	118	5	477	652	88	256	1.59e-08	57.8
g41.t1	VFG008315(gb|WP_011557495)	26.111	180	118	5	477	652	88	256	1.66e-08	57.8
g41.t1	VFG008313(gb|WP_011777400)	27.215	158	101	4	477	631	85	231	5.24e-08	56.2
g41.t1	VFG008312(gb|WP_011891676)	26.667	180	117	5	477	652	85	253	4.57e-07	53.1
g41.t1	VFG024421(gb|WP_013470303)	26.667	180	117	5	477	652	85	253	4.69e-07	53.1
g41.t1	VFG023159(gb|WP_012396946)	23.295	176	120	5	481	652	88	252	2.38e-06	50.8
g41.t1	VFG017404(gb|WP_015357692)	23.295	176	120	5	481	652	88	252	4.95e-06	49.7
g1225.t1	VFG008350(gb|WP_041322832)	100.000	1385	0	0	1	1385	1	1385	0.0	2821
g1225.t1	VFG024638(gb|WP_014942095)	87.032	1388	176	3	1	1385	1	1387	0.0	2453
g1225.t1	VFG008348(gb|WP_003877884)	86.897	1389	178	3	1	1385	1	1389	0.0	2447
g1225.t1	VFG024639(gb|WP_009954152)	86.383	1388	185	3	1	1385	1	1387	0.0	2438
g1225.t1	VFG028217(gb|WP_020822624)	86.239	1388	187	3	1	1385	1	1387	0.0	2434
g1225.t1	VFG028202(gb|WP_015293196)	87.419	1391	169	3	1	1385	1	1391	0.0	2415
g1225.t1	VFG023455(gb|WP_015288165)	87.347	1391	170	3	1	1385	1	1391	0.0	2415
g1225.t1	VFG023453(gb|WP_012394382)	87.401	1389	170	4	1	1385	1	1388	0.0	2415
g1225.t1	VFG028201(gb|WP_015290142)	87.275	1391	171	3	1	1385	1	1391	0.0	2413
g1225.t1	VFG008346(gb|WP_010950600)	87.275	1391	171	3	1	1385	1	1391	0.0	2412
g1225.t1	VFG002395(gb|YP_007410461)	87.275	1391	171	3	1	1385	1	1391	0.0	2412
g1225.t1	VFG023457(gb|WP_012666348)	87.203	1391	172	3	1	1385	1	1391	0.0	2411
g1225.t1	VFG008347(gb|WP_011799219)	87.203	1391	172	3	1	1385	1	1391	0.0	2411
g1225.t1	VFG028216(gb|WP_009937645)	87.203	1391	172	3	1	1385	1	1391	0.0	2410
g1225.t1	VFG028203(gb|WP_015355466)	87.257	1389	172	4	1	1385	1	1388	0.0	2410
g1225.t1	VFG028200(gb|WP_015303218)	87.132	1391	173	3	1	1385	1	1391	0.0	2407
g1225.t1	VFG028206(gb|WP_015575113)	87.203	1391	172	3	1	1385	1	1391	0.0	2406
g1225.t1	VFG008351(gb|WP_011740948)	86.906	1390	177	4	1	1385	1	1390	0.0	2404
g1225.t1	VFG028214(gb|YP_005923023)	87.069	1392	173	4	1	1385	1	1392	0.0	2401
g1225.t1	VFG023459(gb|WP_013828829)	80.836	1388	262	4	1	1385	1	1387	0.0	2253
g1225.t1	VFG028213(gb|YP_005360423)	87.059	1275	159	3	1	1269	1	1275	0.0	2198
g1225.t1	VFG028891(gb|WP_005055990)	33.208	1325	790	29	71	1379	77	1322	0.0	621
g1225.t1	VFG023418(gb|YP_001704484)	33.208	1325	790	29	71	1379	61	1306	0.0	620
g1225.t1	VFG028890(gb|WP_015294424)	33.768	1380	726	41	27	1379	13	1231	0.0	585
g1225.t1	VFG023304(gb|WP_013827001)	30.959	1460	855	45	2	1378	3	1392	1.03e-173	555
g1225.t1	VFG028569(gb|WP_015632747)	31.648	1444	846	50	17	1381	17	1398	8.28e-173	553
g1225.t1	VFG022009(gb|WP_010950308)	31.648	1444	846	50	17	1381	17	1398	1.20e-172	552
g1225.t1	VFG023301(gb|WP_014002018)	30.584	1455	851	47	11	1376	3	1387	2.72e-170	546
g1225.t1	VFG028551(gb|WP_015288663)	30.584	1455	851	47	11	1376	3	1387	3.21e-170	546
g1225.t1	VFG022004(gb|NP_218411)	30.515	1455	852	47	11	1376	3	1387	5.67e-170	545
g1225.t1	VFG022003(gb|WP_003400060)	30.515	1455	852	47	11	1376	3	1387	6.55e-170	545
g1225.t1	VFG028552(gb|WP_015291805)	30.228	1449	864	46	11	1376	3	1387	1.61e-169	544
g1225.t1	VFG028568(gb|WP_020824019)	31.502	1438	846	50	17	1376	17	1393	9.28e-169	542
g1225.t1	VFG024491(gb|WP_014386130)	31.393	1443	851	50	17	1381	17	1398	2.16e-168	541
g1225.t1	VFG024488(gb|WP_009953125)	31.393	1443	851	50	17	1381	17	1398	3.10e-168	541
g1225.t1	VFG024489(gb|WP_014712598)	31.207	1442	855	49	17	1381	17	1398	7.43e-168	540
g1225.t1	VFG028554(gb|WP_015294712)	30.309	1455	855	47	11	1376	3	1387	9.11e-168	539
g1225.t1	VFG024490(gb|WP_014383546)	31.324	1443	852	50	17	1381	17	1398	2.15e-167	538
g1225.t1	VFG022230(gb|WP_011726048)	32.809	1335	707	34	20	1342	5	1161	2.22e-167	533
g1225.t1	VFG022234(gb|WP_011854867)	30.469	1385	782	32	15	1382	7	1227	1.09e-160	516
g1225.t1	VFG022235(gb|WP_011768104)	30.469	1385	782	32	15	1382	7	1227	2.69e-160	515
g1225.t1	VFG022236(gb|WP_011558538)	30.469	1385	782	32	15	1382	7	1227	3.31e-160	514
g1225.t1	VFG028642(gb|WP_015354280)	31.821	1389	774	47	44	1378	45	1314	7.26e-159	514
g1225.t1	VFG022232(gb|WP_011727726)	30.556	1332	721	36	66	1379	60	1205	1.93e-158	509
g1225.t1	VFG023334(gb|WP_012392510)	31.749	1389	775	47	44	1378	45	1314	3.49e-158	512
g1225.t1	VFG022058(gb|WP_011739403)	31.605	1389	776	48	44	1378	45	1313	2.58e-155	504
g1225.t1	VFG023420(gb|WP_014001748)	36.373	954	496	25	440	1379	375	1231	7.88e-151	489
g1225.t1	VFG023420(gb|WP_014001748)	33.091	275	169	8	27	293	13	280	3.31e-31	133
g1225.t1	VFG022056(gb|WP_010950107)	30.305	1409	826	43	14	1378	15	1311	1.21e-150	491
g1225.t1	VFG022062(gb|WP_011557799)	29.500	1400	816	41	27	1378	22	1298	1.03e-149	489
g1225.t1	VFG028889(gb|WP_015303894)	35.686	1006	520	27	393	1379	334	1231	2.46e-149	485
g1225.t1	VFG028889(gb|WP_015303894)	34.821	224	137	5	72	293	64	280	9.99e-31	132
g1225.t1	VFG024511(gb|WP_008261679)	30.007	1403	827	42	14	1373	15	1305	4.71e-149	487
g1225.t1	VFG024510(gb|WP_014385965)	30.007	1403	827	42	14	1373	15	1305	4.71e-149	487
g1225.t1	VFG022224(gb|NP_217964)	35.522	1005	523	26	393	1379	334	1231	9.77e-149	484
g1225.t1	VFG022224(gb|NP_217964)	35.268	224	136	5	72	293	64	280	1.14e-30	131
g1225.t1	VFG022223(gb|WP_003418326)	35.522	1005	523	26	393	1379	334	1231	1.56e-148	483
g1225.t1	VFG022223(gb|WP_003418326)	35.268	224	136	5	72	293	64	280	1.04e-30	132
g1225.t1	VFG022226(gb|WP_003900061)	35.522	1005	523	26	393	1379	334	1231	2.02e-148	483
g1225.t1	VFG022226(gb|WP_003900061)	35.268	224	136	5	72	293	64	280	1.12e-30	131
g1225.t1	VFG023419(gb|WP_013989003)	35.522	1005	523	26	393	1379	334	1231	2.08e-148	483
g1225.t1	VFG023419(gb|WP_013989003)	35.268	224	136	5	72	293	64	280	8.72e-31	132
g1225.t1	VFG028888(gb|WP_015288543)	36.268	954	497	25	440	1379	375	1231	3.17e-148	483
g1225.t1	VFG028888(gb|WP_015288543)	33.091	275	169	8	27	293	13	280	3.99e-31	133
g1225.t1	VFG024512(gb|WP_014381364)	29.936	1403	828	42	14	1373	15	1305	5.88e-148	484
g1225.t1	VFG028640(gb|WP_015288924)	31.416	1391	804	46	26	1378	31	1309	7.35e-148	484
g1225.t1	VFG022059(gb|WP_011727068)	30.758	1411	805	46	14	1378	15	1299	9.61e-148	483
g1225.t1	VFG022227(gb|WP_010950889)	35.423	1005	524	26	393	1379	334	1231	1.42e-147	481
g1225.t1	VFG022227(gb|WP_010950889)	35.268	224	136	5	72	293	64	280	1.14e-30	131
g1225.t1	VFG023337(gb|WP_014000156)	31.443	1393	801	47	26	1378	31	1309	1.54e-147	483
g1225.t1	VFG028658(gb|WP_020823734)	29.979	1401	830	42	14	1373	15	1305	2.14e-147	483
g1225.t1	VFG028646(gb|WP_015574907)	31.443	1393	801	47	26	1378	31	1309	2.34e-147	482
g1225.t1	VFG022050(gb|WP_003401478)	31.443	1393	801	47	26	1378	31	1309	2.81e-147	482
g1225.t1	VFG022051(gb|NP_214798)	31.443	1393	801	47	26	1378	31	1309	3.45e-147	482
g1225.t1	VFG022055(gb|WP_011799097)	31.371	1393	802	47	26	1378	31	1309	1.35e-146	480
g1225.t1	VFG028639(gb|WP_015302496)	31.344	1391	805	46	26	1378	31	1309	1.62e-146	480
g1225.t1	VFG022057(gb|WP_010908948)	30.071	1410	810	47	14	1370	15	1301	8.91e-146	478
g1225.t1	VFG023335(gb|YP_001702967)	30.310	1389	792	47	44	1371	45	1318	1.56e-145	478
g1225.t1	VFG028637(gb|WP_016342527)	30.137	1387	797	47	44	1371	45	1318	1.84e-145	478
g1225.t1	VFG028643(gb|WP_005119829)	30.137	1387	797	47	44	1371	45	1318	2.99e-145	477
g1225.t1	VFG028641(gb|WP_015292038)	31.201	1391	807	46	26	1378	31	1309	3.76e-145	476
g1225.t1	VFG022061(gb|WP_011777734)	30.628	1417	789	46	13	1368	14	1297	2.26e-144	474
g1225.t1	VFG023341(gb|WP_013827236)	31.353	1397	754	53	44	1370	45	1306	2.78e-143	471
g1225.t1	VFG022060(gb|WP_011891328)	30.710	1436	788	53	13	1380	14	1310	5.15e-143	470
g1225.t1	VFG028655(gb|YP_005359024)	31.949	1324	755	45	95	1378	1	1218	1.03e-141	465
g1225.t1	VFG024583(gb|WP_014712333)	34.660	955	509	19	440	1379	371	1225	7.04e-140	459
g1225.t1	VFG024583(gb|WP_014712333)	32.950	261	142	9	40	288	37	276	4.93e-27	119
g1225.t1	VFG023423(gb|WP_013830202)	31.240	1290	687	32	96	1379	88	1183	9.46e-140	458
g1225.t1	VFG024584(gb|WP_014383257)	34.555	955	510	19	440	1379	371	1225	3.95e-139	457
g1225.t1	VFG024584(gb|WP_014383257)	33.333	294	159	10	8	288	7	276	8.77e-30	129
g1225.t1	VFG024585(gb|WP_014385769)	34.450	955	511	19	440	1379	371	1225	5.41e-139	457
g1225.t1	VFG024585(gb|WP_014385769)	32.950	261	142	9	40	288	37	276	5.19e-27	119
g1225.t1	VFG028904(gb|WP_020823539)	34.208	953	512	19	440	1379	371	1221	6.43e-139	457
g1225.t1	VFG028904(gb|WP_020823539)	33.852	257	140	9	45	288	37	276	7.98e-28	122
g1225.t1	VFG024582(gb|WP_014942869)	34.450	955	511	19	440	1379	371	1225	2.19e-138	456
g1225.t1	VFG024582(gb|WP_014942869)	32.950	261	142	9	40	288	37	276	4.77e-27	120
g1225.t1	VFG028899(gb|YP_007959433)	35.138	942	495	25	393	1321	334	1172	7.17e-136	447
g1225.t1	VFG028899(gb|YP_007959433)	35.000	220	134	5	72	289	64	276	2.89e-29	127
g1225.t1	VFG024586(gb|WP_014381072)	34.172	954	515	18	440	1379	371	1225	3.74e-133	441
g1225.t1	VFG024586(gb|WP_014381072)	34.014	294	157	10	8	288	7	276	7.26e-31	132
g1225.t1	VFG023417(gb|WP_012392989)	33.542	957	525	20	440	1382	365	1224	2.50e-130	433
g1225.t1	VFG023417(gb|WP_012392989)	32.589	224	142	5	71	292	56	272	4.15e-27	120
g1225.t1	VFG022231(gb|WP_011739119)	33.403	958	525	21	440	1382	365	1224	2.86e-128	427
g1225.t1	VFG022231(gb|WP_011739119)	32.143	224	143	5	71	292	56	272	7.28e-27	119
g1225.t1	VFG022233(gb|WP_011895789)	32.316	950	516	23	437	1382	355	1181	1.80e-119	402
g1225.t1	VFG022233(gb|WP_011895789)	27.778	234	148	6	44	270	54	273	1.53e-20	98.6
g1225.t1	VFG024581(gb|WP_013472660)	32.316	950	516	23	437	1382	355	1181	2.26e-119	402
g1225.t1	VFG024581(gb|WP_013472660)	27.350	234	149	6	44	270	54	273	1.03e-19	95.9
g1225.t1	VFG028647(gb|YP_007960183)	32.606	963	526	35	451	1378	3	877	3.65e-100	342
g1225.t1	VFG008300(gb|WP_011891677)	30.350	771	462	22	1	744	10	732	1.07e-84	293
g1225.t1	VFG008300(gb|WP_011891677)	25.359	209	124	7	863	1050	469	666	5.71e-09	60.5
g1225.t1	VFG008299(gb|WP_003891388)	29.960	741	443	21	8	716	8	704	6.54e-84	291
g1225.t1	VFG008299(gb|WP_003891388)	24.880	209	125	7	863	1050	469	666	8.60e-09	60.1
g1225.t1	VFG024420(gb|WP_013470302)	30.220	771	463	22	1	744	10	732	6.74e-84	291
g1225.t1	VFG024420(gb|WP_013470302)	24.880	209	125	7	863	1050	469	666	2.74e-08	58.5
g1225.t1	VFG028563(gb|YP_007959860)	29.219	794	480	25	11	749	3	769	7.90e-82	287
g1225.t1	VFG008302(gb|WP_011557494)	28.609	755	463	22	8	728	8	720	1.49e-80	281
g1225.t1	VFG008302(gb|WP_011557494)	25.837	209	123	7	863	1050	471	668	3.16e-09	61.6
g1225.t1	VFG008301(gb|WP_011777399)	29.897	776	458	26	1	744	10	731	4.17e-80	280
g1225.t1	VFG008301(gb|WP_011777399)	25.359	209	124	7	863	1050	468	665	6.34e-10	63.5
g1225.t1	VFG008314(gb|WP_011854172)	33.168	606	352	15	791	1382	16	582	1.38e-78	272
g1225.t1	VFG008311(gb|WP_011726639)	32.013	606	359	15	791	1382	13	579	1.93e-78	271
g1225.t1	VFG008311(gb|WP_011726639)	22.703	185	139	3	486	670	72	252	6.76e-06	50.4
g1225.t1	VFG008315(gb|WP_011557495)	33.662	609	345	16	791	1382	16	582	3.52e-78	271
g1225.t1	VFG017577(gb|WP_015345209)	29.773	749	456	23	8	725	8	717	5.84e-78	274
g1225.t1	VFG017577(gb|WP_015345209)	25.714	210	122	9	863	1050	470	667	1.36e-07	56.2
g1225.t1	VFG017561(gb|WP_015291791)	29.640	749	457	23	8	725	8	717	1.40e-77	273
g1225.t1	VFG017561(gb|WP_015291791)	25.714	210	122	9	863	1050	470	667	1.34e-07	56.2
g1225.t1	VFG002382(gb|NP_218387)	29.640	749	457	23	8	725	8	717	2.01e-77	272
g1225.t1	VFG002382(gb|NP_218387)	25.714	210	122	9	863	1050	470	667	1.31e-07	56.2
g1225.t1	VFG017404(gb|WP_015357692)	31.922	614	360	15	779	1377	3	573	2.09e-77	268
g1225.t1	VFG008298(gb|WP_010907491)	29.292	734	446	23	8	711	8	698	4.57e-77	271
g1225.t1	VFG008298(gb|WP_010907491)	25.238	210	123	9	863	1050	468	665	7.37e-07	53.9
g1225.t1	VFG017575(gb|YP_005362392)	29.654	752	453	22	8	725	8	717	5.49e-77	271
g1225.t1	VFG017575(gb|YP_005362392)	25.714	210	122	9	863	1050	470	667	1.34e-07	56.2
g1225.t1	VFG017576(gb|YP_005924943)	29.924	655	399	20	98	725	81	702	5.29e-76	268
g1225.t1	VFG017576(gb|YP_005924943)	25.714	210	122	9	863	1050	455	652	1.42e-07	56.2
g1225.t1	VFG023153(gb|WP_012396945)	29.515	742	446	24	8	716	8	705	1.77e-75	267
g1225.t1	VFG023153(gb|WP_012396945)	25.714	210	122	9	863	1050	470	667	2.32e-07	55.5
g1225.t1	VFG017563(gb|WP_015357691)	29.071	743	448	24	8	716	8	705	7.32e-75	265
g1225.t1	VFG017563(gb|WP_015357691)	25.714	210	122	9	863	1050	470	667	2.55e-07	55.1
g1225.t1	VFG017572(gb|YP_007959836)	29.239	749	460	23	8	725	8	717	3.34e-74	263
g1225.t1	VFG017572(gb|YP_007959836)	25.714	210	122	9	863	1050	470	667	5.12e-07	54.3
g1225.t1	VFG023159(gb|WP_012396946)	32.253	617	354	16	779	1377	3	573	4.85e-74	258
g1225.t1	VFG008312(gb|WP_011891676)	29.470	604	377	14	791	1382	13	579	3.45e-73	256
g1225.t1	VFG002383(gb|NP_218388)	31.767	617	357	15	779	1377	3	573	3.53e-73	256
g1225.t1	VFG024421(gb|WP_013470303)	29.636	604	376	14	791	1382	13	579	5.55e-73	255
g1225.t1	VFG017580(gb|WP_014002007)	31.767	617	357	15	779	1377	3	573	6.56e-73	255
g1225.t1	VFG017402(gb|WP_012054385)	32.195	615	357	15	779	1377	3	573	7.08e-73	255
g1225.t1	VFG017407(gb|WP_015575383)	31.605	617	358	15	779	1377	3	573	3.58e-72	253
g1225.t1	VFG008313(gb|WP_011777400)	29.752	605	374	14	791	1382	13	579	9.69e-70	246
g1225.t1	VFG008310(gb|WP_010907490)	30.972	607	364	15	791	1382	13	579	8.24e-68	240
g1225.t1	VFG017413(gb|YP_007959837)	31.250	608	354	15	779	1368	3	564	4.17e-67	238
g1225.t1	VFG040864(gb|WP_001172770)	24.813	1068	661	43	44	1067	47	1016	1.86e-54	209
g1225.t1	VFG040864(gb|WP_001172770)	24.664	223	152	9	852	1069	477	688	5.68e-11	67.4
g1225.t1	VFG050122(gb|WP_001172767)	24.813	1068	661	43	44	1067	47	1016	2.08e-54	208
g1225.t1	VFG050122(gb|WP_001172767)	24.664	223	152	9	852	1069	477	688	5.68e-11	67.4
g1225.t1	VFG049942(gb|WP_001172757)	24.813	1068	661	43	44	1067	47	1016	6.87e-54	207
g1225.t1	VFG049942(gb|WP_001172757)	24.664	223	152	9	852	1069	477	688	5.88e-11	67.4
g1225.t1	VFG018161(gb|WP_000549309)	23.410	1038	662	41	71	1067	257	1202	6.79e-48	187
g1225.t1	VFG002409(gb|WP_000549274)	23.390	1056	665	44	71	1083	257	1211	5.09e-43	172
g1225.t1	VFG018154(gb|WP_000549287)	23.390	1056	665	44	71	1083	257	1211	8.56e-43	171
g1225.t1	VFG018165(gb|WP_000549269)	23.724	1058	659	45	71	1083	257	1211	1.15e-42	171
g1225.t1	VFG018143(gb|WP_000549278)	23.390	1056	665	44	71	1083	257	1211	1.16e-42	171
g1225.t1	VFG028558(gb|YP_007963812)	31.818	374	213	14	11	351	3	367	4.94e-39	150
g1225.t1	VFG028652(gb|YP_007956484)	29.341	334	214	8	26	355	31	346	5.63e-32	129
g284.t1	VFG022051(gb|NP_214798)	100.000	1330	0	0	1	1330	1	1330	0.0	2666
g284.t1	VFG022050(gb|WP_003401478)	99.925	1330	1	0	1	1330	1	1330	0.0	2661
g284.t1	VFG028646(gb|WP_015574907)	99.850	1330	2	0	1	1330	1	1330	0.0	2659
g284.t1	VFG022055(gb|WP_011799097)	99.850	1330	2	0	1	1330	1	1330	0.0	2659
g284.t1	VFG023337(gb|WP_014000156)	99.774	1330	3	0	1	1330	1	1330	0.0	2657
g284.t1	VFG028639(gb|WP_015302496)	99.474	1330	7	0	1	1330	1	1330	0.0	2650
g284.t1	VFG028641(gb|WP_015292038)	99.398	1330	8	0	1	1330	1	1330	0.0	2644
g284.t1	VFG028640(gb|WP_015288924)	99.173	1330	11	0	1	1330	1	1330	0.0	2644
g284.t1	VFG028655(gb|YP_005359024)	99.919	1239	1	0	92	1330	1	1239	0.0	2482
g284.t1	VFG023334(gb|WP_012392510)	85.639	1337	179	4	1	1328	1	1333	0.0	2302
g284.t1	VFG028642(gb|WP_015354280)	85.340	1337	183	4	1	1328	1	1333	0.0	2296
g284.t1	VFG022058(gb|WP_011739403)	85.415	1337	181	5	1	1328	1	1332	0.0	2288
g284.t1	VFG022056(gb|WP_010950107)	84.858	1334	188	4	1	1326	1	1328	0.0	2275
g284.t1	VFG024511(gb|WP_008261679)	84.483	1334	193	4	1	1326	1	1328	0.0	2274
g284.t1	VFG024510(gb|WP_014385965)	84.558	1334	192	4	1	1326	1	1328	0.0	2274
g284.t1	VFG024512(gb|WP_014381364)	84.483	1334	193	4	1	1326	1	1328	0.0	2271
g284.t1	VFG028658(gb|WP_020823734)	84.408	1334	194	4	1	1326	1	1328	0.0	2268
g284.t1	VFG022057(gb|WP_010908948)	84.219	1318	199	3	1	1313	1	1314	0.0	2233
g284.t1	VFG023341(gb|WP_013827236)	78.943	1325	261	5	1	1313	1	1319	0.0	2090
g284.t1	VFG022062(gb|WP_011557799)	76.466	1330	299	5	1	1328	1	1318	0.0	2033
g284.t1	VFG022059(gb|WP_011727068)	75.247	1317	316	3	1	1317	1	1307	0.0	1964
g284.t1	VFG022060(gb|WP_011891328)	74.454	1327	318	6	1	1317	1	1316	0.0	1961
g284.t1	VFG022061(gb|WP_011777734)	74.684	1343	313	12	1	1328	1	1331	0.0	1944
g284.t1	VFG023335(gb|YP_001702967)	72.193	1345	343	10	1	1321	1	1338	0.0	1925
g284.t1	VFG028643(gb|WP_005119829)	71.970	1345	346	10	1	1321	1	1338	0.0	1922
g284.t1	VFG028637(gb|WP_016342527)	71.896	1345	347	10	1	1321	1	1338	0.0	1920
g284.t1	VFG028647(gb|YP_007960183)	99.889	898	1	0	433	1330	1	898	0.0	1804
g284.t1	VFG028652(gb|YP_007956484)	98.133	375	7	0	1	375	1	375	0.0	730
g284.t1	VFG023420(gb|WP_014001748)	34.650	1316	749	26	15	1309	5	1230	0.0	650
g284.t1	VFG023419(gb|WP_013989003)	34.825	1318	744	27	15	1309	5	1230	0.0	649
g284.t1	VFG028889(gb|WP_015303894)	34.598	1318	747	27	15	1309	5	1230	0.0	646
g284.t1	VFG022224(gb|NP_217964)	34.674	1318	746	27	15	1309	5	1230	0.0	646
g284.t1	VFG022223(gb|WP_003418326)	34.750	1318	745	27	15	1309	5	1230	0.0	645
g284.t1	VFG028890(gb|WP_015294424)	34.647	1319	745	28	15	1309	5	1230	0.0	645
g284.t1	VFG022226(gb|WP_003900061)	34.750	1318	745	27	15	1309	5	1230	0.0	645
g284.t1	VFG028891(gb|WP_005055990)	33.919	1365	802	31	1	1309	1	1321	0.0	644
g284.t1	VFG028888(gb|WP_015288543)	34.522	1318	748	27	15	1309	5	1230	0.0	643
g284.t1	VFG022227(gb|WP_010950889)	34.674	1318	746	27	15	1309	5	1230	0.0	643
g284.t1	VFG023418(gb|YP_001704484)	33.735	1328	780	31	38	1309	22	1305	0.0	636
g284.t1	VFG024586(gb|WP_014381072)	34.871	1322	730	30	15	1309	7	1224	0.0	612
g284.t1	VFG028899(gb|YP_007959433)	34.392	1259	712	26	15	1250	5	1172	0.0	608
g284.t1	VFG023417(gb|WP_012392989)	32.902	1313	759	32	22	1309	5	1220	0.0	573
g284.t1	VFG022231(gb|WP_011739119)	32.902	1313	759	32	22	1309	5	1220	0.0	572
g284.t1	VFG022230(gb|WP_011726048)	34.194	1278	700	33	19	1273	3	1162	3.47e-179	563
g284.t1	VFG028904(gb|WP_020823539)	34.592	1324	727	32	15	1309	7	1220	3.94e-179	563
g284.t1	VFG022232(gb|WP_011727726)	33.258	1332	716	41	20	1313	12	1208	5.24e-171	541
g284.t1	VFG023423(gb|WP_013830202)	33.385	1297	726	33	20	1309	17	1182	2.34e-162	518
g284.t1	VFG008348(gb|WP_003877884)	30.964	1379	784	45	52	1309	51	1382	1.59e-150	491
g284.t1	VFG008350(gb|WP_041322832)	31.397	1360	783	45	60	1309	59	1378	1.65e-148	485
g284.t1	VFG024638(gb|WP_014942095)	30.168	1369	806	43	52	1309	51	1380	1.24e-147	483
g284.t1	VFG022236(gb|WP_011558538)	36.534	958	523	20	383	1309	320	1223	3.11e-147	478
g284.t1	VFG022236(gb|WP_011558538)	29.317	249	174	2	20	266	11	259	1.22e-26	118
g284.t1	VFG028217(gb|WP_020822624)	30.051	1371	805	43	52	1309	51	1380	3.14e-147	482
g284.t1	VFG024639(gb|WP_009954152)	29.978	1371	806	43	52	1309	51	1380	1.21e-146	480
g284.t1	VFG022235(gb|WP_011768104)	36.430	958	524	20	383	1309	320	1223	4.10e-146	475
g284.t1	VFG022235(gb|WP_011768104)	29.317	249	174	2	20	266	11	259	1.44e-26	118
g284.t1	VFG023459(gb|WP_013828829)	30.786	1374	787	44	54	1309	53	1380	8.91e-146	478
g284.t1	VFG008346(gb|WP_010950600)	31.040	1337	760	46	90	1309	93	1384	1.68e-145	477
g284.t1	VFG002395(gb|YP_007410461)	31.040	1337	760	46	90	1309	93	1384	2.35e-145	477
g284.t1	VFG008347(gb|WP_011799219)	31.040	1337	760	46	90	1309	93	1384	2.45e-145	477
g284.t1	VFG023457(gb|WP_012666348)	31.040	1337	760	46	90	1309	93	1384	2.68e-145	477
g284.t1	VFG028200(gb|WP_015303218)	31.040	1337	760	46	90	1309	93	1384	3.26e-145	476
g284.t1	VFG023455(gb|WP_015288165)	31.040	1337	760	46	90	1309	93	1384	3.60e-145	476
g284.t1	VFG028201(gb|WP_015290142)	31.114	1337	759	47	90	1309	93	1384	4.98e-145	476
g284.t1	VFG028206(gb|WP_015575113)	31.040	1337	760	47	90	1309	93	1384	5.74e-145	476
g284.t1	VFG022234(gb|WP_011854867)	36.306	953	532	20	383	1309	320	1223	9.49e-145	471
g284.t1	VFG022234(gb|WP_011854867)	29.600	250	174	2	19	266	10	259	2.57e-27	120
g284.t1	VFG028202(gb|WP_015293196)	31.114	1337	759	47	90	1309	93	1384	1.09e-144	475
g284.t1	VFG028216(gb|WP_009937645)	30.965	1337	761	46	90	1309	93	1384	1.22e-144	475
g284.t1	VFG028214(gb|YP_005923023)	30.965	1337	761	46	90	1309	94	1385	1.23e-144	475
g284.t1	VFG024584(gb|WP_014383257)	36.572	916	493	23	422	1309	369	1224	5.08e-144	469
g284.t1	VFG024584(gb|WP_014383257)	37.132	272	169	2	15	285	7	277	1.67e-41	166
g284.t1	VFG024583(gb|WP_014712333)	36.572	916	493	23	422	1309	369	1224	7.72e-144	469
g284.t1	VFG024583(gb|WP_014712333)	37.132	272	169	2	15	285	7	277	5.80e-35	145
g284.t1	VFG024585(gb|WP_014385769)	36.354	916	495	23	422	1309	369	1224	6.66e-143	466
g284.t1	VFG024585(gb|WP_014385769)	37.132	272	169	2	15	285	7	277	5.95e-35	145
g284.t1	VFG023453(gb|WP_012394382)	30.073	1370	803	42	54	1309	53	1381	1.33e-142	469
g284.t1	VFG028203(gb|WP_015355466)	30.073	1370	803	41	54	1309	53	1381	1.70e-142	469
g284.t1	VFG024582(gb|WP_014942869)	36.354	916	495	23	422	1309	369	1224	3.05e-142	465
g284.t1	VFG024582(gb|WP_014942869)	37.132	272	169	2	15	285	7	277	5.60e-35	145
g284.t1	VFG008351(gb|WP_011740948)	29.883	1372	805	42	54	1309	53	1383	3.77e-140	462
g284.t1	VFG028213(gb|YP_005360423)	30.327	1253	720	40	54	1187	53	1271	1.64e-129	434
g284.t1	VFG024581(gb|WP_013472660)	34.243	879	508	20	422	1298	356	1166	1.56e-119	401
g284.t1	VFG024581(gb|WP_013472660)	34.000	250	157	5	20	266	29	273	3.79e-26	117
g284.t1	VFG022233(gb|WP_011895789)	34.243	879	508	20	422	1298	356	1166	2.59e-119	401
g284.t1	VFG022233(gb|WP_011895789)	34.000	250	157	5	20	266	29	273	3.82e-26	117
g284.t1	VFG023304(gb|WP_013827001)	28.142	1432	827	50	11	1300	10	1381	3.27e-118	402
g284.t1	VFG028569(gb|WP_015632747)	28.155	1442	834	54	1	1299	1	1383	3.55e-116	396
g284.t1	VFG022009(gb|WP_010950308)	28.182	1430	849	52	1	1299	1	1383	5.25e-116	395
g284.t1	VFG028552(gb|WP_015291805)	27.556	1379	833	46	42	1298	42	1376	1.45e-114	391
g284.t1	VFG028554(gb|WP_015294712)	27.484	1379	834	44	42	1298	42	1376	2.55e-114	391
g284.t1	VFG022004(gb|NP_218411)	27.556	1379	833	45	42	1298	42	1376	2.90e-114	390
g284.t1	VFG022003(gb|WP_003400060)	27.556	1379	833	45	42	1298	42	1376	5.78e-114	390
g284.t1	VFG023301(gb|WP_014002018)	27.556	1379	833	44	42	1298	42	1376	5.90e-114	390
g284.t1	VFG028551(gb|WP_015288663)	27.556	1379	833	44	42	1298	42	1376	6.76e-114	389
g284.t1	VFG024489(gb|WP_014712598)	27.759	1441	841	53	1	1299	1	1383	4.93e-113	387
g284.t1	VFG028568(gb|WP_020824019)	27.805	1435	848	52	1	1299	1	1383	6.21e-113	387
g284.t1	VFG024490(gb|WP_014383546)	27.875	1435	847	53	1	1299	1	1383	8.01e-113	387
g284.t1	VFG024491(gb|WP_014386130)	27.883	1431	852	53	1	1299	1	1383	1.45e-112	386
g284.t1	VFG024488(gb|WP_009953125)	27.805	1435	848	53	1	1299	1	1383	2.59e-112	385
g284.t1	VFG008299(gb|WP_003891388)	33.850	709	427	16	20	707	19	706	2.62e-102	342
g284.t1	VFG008302(gb|WP_011557494)	33.891	717	428	17	20	712	19	713	1.00e-101	341
g284.t1	VFG023153(gb|WP_012396945)	34.167	720	421	18	20	712	19	712	1.33e-100	338
g284.t1	VFG017563(gb|WP_015357691)	34.028	720	422	18	20	712	19	712	2.60e-100	337
g284.t1	VFG017575(gb|YP_005362392)	32.725	712	434	19	20	708	19	708	1.53e-94	321
g284.t1	VFG017577(gb|WP_015345209)	32.913	714	430	20	20	708	19	708	1.61e-94	321
g284.t1	VFG017576(gb|YP_005924943)	33.006	712	432	19	20	708	4	693	1.98e-94	320
g284.t1	VFG017561(gb|WP_015291791)	32.913	714	430	20	20	708	19	708	6.40e-94	319
g284.t1	VFG008300(gb|WP_011891677)	33.146	712	428	18	20	707	19	706	7.98e-94	319
g284.t1	VFG002382(gb|NP_218387)	32.773	714	431	20	20	708	19	708	9.69e-94	319
g284.t1	VFG024420(gb|WP_013470302)	33.006	712	429	18	20	707	19	706	5.09e-93	317
g284.t1	VFG008301(gb|WP_011777399)	33.615	711	425	19	20	707	19	705	5.69e-93	317
g284.t1	VFG008298(gb|WP_010907491)	33.048	702	429	17	20	701	19	699	1.08e-92	316
g284.t1	VFG017572(gb|YP_007959836)	32.633	714	432	20	20	708	19	708	7.11e-90	308
g284.t1	VFG028563(gb|YP_007959860)	29.071	743	446	20	42	725	42	762	7.35e-74	264
g284.t1	VFG008311(gb|WP_011726639)	32.419	583	336	13	750	1298	7	565	1.79e-71	251
g284.t1	VFG050122(gb|WP_001172767)	24.747	1184	764	39	20	1139	20	1140	2.69e-70	259
g284.t1	VFG017404(gb|WP_015357692)	32.264	592	324	16	751	1299	8	565	9.79e-70	246
g284.t1	VFG040864(gb|WP_001172770)	24.662	1184	765	39	20	1139	20	1140	3.12e-69	256
g284.t1	VFG049942(gb|WP_001172757)	24.578	1184	766	39	20	1139	20	1140	6.30e-69	254
g284.t1	VFG008312(gb|WP_011891676)	31.542	577	333	15	759	1299	16	566	1.60e-68	242
g284.t1	VFG002383(gb|NP_218388)	33.446	592	317	18	751	1299	8	565	2.02e-68	242
g284.t1	VFG017580(gb|WP_014002007)	33.446	592	317	18	751	1299	8	565	3.25e-68	241
g284.t1	VFG024421(gb|WP_013470303)	31.369	577	334	15	759	1299	16	566	9.91e-68	239
g284.t1	VFG017402(gb|WP_012054385)	33.277	592	318	18	751	1299	8	565	2.15e-67	239
g284.t1	VFG017407(gb|WP_015575383)	33.277	592	318	18	751	1299	8	565	2.19e-67	239
g284.t1	VFG008315(gb|WP_011557495)	31.658	597	339	16	759	1315	19	586	8.15e-67	237
g284.t1	VFG008314(gb|WP_011854172)	31.658	597	339	16	759	1315	19	586	9.05e-67	237
g284.t1	VFG023159(gb|WP_012396946)	32.601	592	322	16	751	1299	8	565	1.02e-66	237
g284.t1	VFG017413(gb|YP_007959837)	32.826	591	320	18	751	1298	8	564	1.19e-63	228
g284.t1	VFG008313(gb|WP_011777400)	31.716	536	298	14	759	1254	16	523	1.78e-63	227
g284.t1	VFG008310(gb|WP_010907490)	31.919	542	296	16	800	1299	56	566	3.57e-59	215
g284.t1	VFG018161(gb|WP_000549309)	22.774	1168	730	41	22	1103	216	1297	4.03e-55	211
g284.t1	VFG018143(gb|WP_000549278)	22.819	1135	716	38	22	1079	216	1267	3.76e-51	198
g284.t1	VFG018154(gb|WP_000549287)	22.819	1135	716	38	22	1079	216	1267	5.67e-51	197
g284.t1	VFG018165(gb|WP_000549269)	22.819	1135	716	38	22	1079	216	1267	7.99e-51	197
g284.t1	VFG002409(gb|WP_000549274)	22.731	1135	717	38	22	1079	216	1267	2.10e-50	196
g284.t1	VFG028558(gb|YP_007963812)	29.970	337	193	10	42	344	42	369	1.55e-25	110
g1763.t1	VFG028213(gb|YP_005360423)	100.000	435	0	0	1	435	1	435	0.0	898
g1763.t1	VFG023457(gb|WP_012666348)	100.000	435	0	0	1	435	1	435	0.0	897
g1763.t1	VFG008347(gb|WP_011799219)	100.000	435	0	0	1	435	1	435	0.0	897
g1763.t1	VFG008346(gb|WP_010950600)	100.000	435	0	0	1	435	1	435	0.0	897
g1763.t1	VFG002395(gb|YP_007410461)	100.000	435	0	0	1	435	1	435	0.0	897
g1763.t1	VFG028206(gb|WP_015575113)	100.000	435	0	0	1	435	1	435	0.0	896
g1763.t1	VFG028216(gb|WP_009937645)	99.770	435	1	0	1	435	1	435	0.0	895
g1763.t1	VFG028202(gb|WP_015293196)	99.770	435	1	0	1	435	1	435	0.0	895
g1763.t1	VFG023455(gb|WP_015288165)	99.770	435	1	0	1	435	1	435	0.0	894
g1763.t1	VFG028200(gb|WP_015303218)	99.540	435	2	0	1	435	1	435	0.0	894
g1763.t1	VFG028201(gb|WP_015290142)	99.540	435	2	0	1	435	1	435	0.0	891
g1763.t1	VFG028214(gb|YP_005923023)	99.312	436	2	1	1	435	1	436	0.0	888
g1763.t1	VFG028203(gb|WP_015355466)	93.807	436	26	1	1	435	1	436	0.0	795
g1763.t1	VFG023453(gb|WP_012394382)	93.807	436	26	1	1	435	1	436	0.0	795
g1763.t1	VFG008348(gb|WP_003877884)	89.885	435	44	0	1	435	1	435	0.0	793
g1763.t1	VFG008351(gb|WP_011740948)	93.578	436	27	1	1	435	1	436	0.0	792
g1763.t1	VFG024638(gb|WP_014942095)	89.195	435	47	0	1	435	1	435	0.0	788
g1763.t1	VFG028217(gb|WP_020822624)	88.736	435	49	0	1	435	1	435	0.0	786
g1763.t1	VFG024639(gb|WP_009954152)	88.736	435	49	0	1	435	1	435	0.0	786
g1763.t1	VFG008350(gb|WP_041322832)	87.356	435	55	0	1	435	1	435	0.0	767
g1763.t1	VFG023459(gb|WP_013828829)	78.261	437	93	2	1	435	1	437	0.0	683
g1763.t1	VFG023304(gb|WP_013827001)	29.221	462	259	15	2	414	3	445	9.44e-44	164
g1763.t1	VFG024491(gb|WP_014386130)	29.213	445	263	17	12	414	14	448	6.70e-43	161
g1763.t1	VFG024490(gb|WP_014383546)	29.213	445	263	16	12	414	14	448	1.03e-42	160
g1763.t1	VFG024488(gb|WP_009953125)	29.213	445	263	16	12	414	14	448	1.06e-42	160
g1763.t1	VFG024489(gb|WP_014712598)	28.989	445	264	16	12	414	14	448	2.57e-42	159
g1763.t1	VFG028568(gb|WP_020824019)	28.700	446	264	17	12	414	14	448	4.24e-42	159
g1763.t1	VFG022009(gb|WP_010950308)	29.148	446	262	17	12	414	14	448	7.18e-42	158
g1763.t1	VFG028569(gb|WP_015632747)	29.148	446	262	17	12	414	14	448	8.26e-42	158
g1763.t1	VFG028552(gb|WP_015291805)	30.227	440	257	17	13	414	15	442	9.41e-42	158
g1763.t1	VFG028563(gb|YP_007959860)	29.663	445	253	17	13	414	15	442	1.53e-40	154
g1763.t1	VFG022004(gb|NP_218411)	29.663	445	253	17	13	414	15	442	1.98e-40	154
g1763.t1	VFG023301(gb|WP_014002018)	29.663	445	253	17	13	414	15	442	2.82e-40	154
g1763.t1	VFG022003(gb|WP_003400060)	29.663	445	253	17	13	414	15	442	3.10e-40	153
g1763.t1	VFG028551(gb|WP_015288663)	29.663	445	253	17	13	414	15	442	3.19e-40	153
g1763.t1	VFG028554(gb|WP_015294712)	29.663	445	253	17	13	414	15	442	3.67e-40	153
g1763.t1	VFG028558(gb|YP_007963812)	31.129	363	216	13	13	351	15	367	7.36e-40	147
g1763.t1	VFG028646(gb|WP_015574907)	29.009	424	258	15	5	414	6	400	8.42e-36	140
g1763.t1	VFG022050(gb|WP_003401478)	29.574	399	242	14	26	414	31	400	1.49e-35	139
g1763.t1	VFG022051(gb|NP_214798)	29.574	399	242	14	26	414	31	400	2.26e-35	139
g1763.t1	VFG028640(gb|WP_015288924)	29.574	399	242	14	26	414	31	400	2.89e-35	139
g1763.t1	VFG022055(gb|WP_011799097)	29.574	399	242	14	26	414	31	400	2.91e-35	139
g1763.t1	VFG023337(gb|WP_014000156)	29.323	399	243	14	26	414	31	400	6.93e-35	137
g1763.t1	VFG028639(gb|WP_015302496)	29.323	399	243	14	26	414	31	400	7.06e-35	137
g1763.t1	VFG028641(gb|WP_015292038)	29.073	399	244	14	26	414	31	400	1.60e-34	136
g1763.t1	VFG022062(gb|WP_011557799)	27.139	409	269	11	13	414	14	400	2.12e-34	136
g1763.t1	VFG028652(gb|YP_007956484)	29.972	357	223	11	26	374	31	368	8.30e-34	130
g1763.t1	VFG028891(gb|WP_005055990)	29.799	349	227	8	71	416	77	410	4.79e-33	132
g1763.t1	VFG023418(gb|YP_001704484)	29.799	349	227	8	71	416	61	394	5.54e-33	132
g1763.t1	VFG028888(gb|WP_015288543)	33.091	275	169	7	27	293	13	280	7.37e-32	129
g1763.t1	VFG023420(gb|WP_014001748)	33.091	275	169	7	27	293	13	280	8.08e-32	128
g1763.t1	VFG024511(gb|WP_008261679)	27.644	416	266	11	13	414	14	408	1.09e-31	128
g1763.t1	VFG024510(gb|WP_014385965)	27.644	416	266	11	13	414	14	408	1.09e-31	128
g1763.t1	VFG023419(gb|WP_013989003)	33.818	275	167	8	27	293	13	280	1.64e-31	127
g1763.t1	VFG028889(gb|WP_015303894)	33.455	275	168	8	27	293	13	280	1.67e-31	127
g1763.t1	VFG022227(gb|WP_010950889)	33.818	275	167	8	27	293	13	280	1.88e-31	127
g1763.t1	VFG022224(gb|NP_217964)	33.818	275	167	8	27	293	13	280	1.88e-31	127
g1763.t1	VFG022226(gb|WP_003900061)	33.818	275	167	8	27	293	13	280	1.97e-31	127
g1763.t1	VFG028642(gb|WP_015354280)	28.049	410	265	12	13	414	14	401	2.16e-31	127
g1763.t1	VFG022223(gb|WP_003418326)	33.818	275	167	8	27	293	13	280	2.16e-31	127
g1763.t1	VFG023334(gb|WP_012392510)	28.049	410	265	12	13	414	14	401	2.22e-31	127
g1763.t1	VFG024512(gb|WP_014381364)	27.644	416	266	11	13	414	14	408	2.59e-31	127
g1763.t1	VFG022056(gb|WP_010950107)	28.469	418	260	14	13	414	14	408	3.18e-31	127
g1763.t1	VFG028890(gb|WP_015294424)	33.455	275	168	8	27	293	13	280	3.37e-31	127
g1763.t1	VFG022060(gb|WP_011891328)	27.119	413	256	13	8	414	26	399	4.65e-31	126
g1763.t1	VFG022061(gb|WP_011777734)	27.427	412	256	13	8	414	26	399	5.60e-31	126
g1763.t1	VFG024586(gb|WP_014381072)	34.397	282	152	10	21	288	14	276	8.90e-31	125
g1763.t1	VFG022058(gb|WP_011739403)	27.805	410	266	12	13	414	14	401	1.11e-30	125
g1763.t1	VFG028643(gb|WP_005119829)	27.619	420	262	15	13	414	14	409	1.22e-30	125
g1763.t1	VFG028637(gb|WP_016342527)	27.619	420	262	15	13	414	14	409	1.29e-30	125
g1763.t1	VFG028658(gb|WP_020823734)	29.794	339	220	8	13	347	14	338	1.83e-30	124
g1763.t1	VFG022230(gb|WP_011726048)	34.058	276	165	8	20	289	5	269	2.18e-30	124
g1763.t1	VFG023335(gb|YP_001702967)	27.619	420	262	15	13	414	14	409	2.43e-30	124
g1763.t1	VFG028655(gb|YP_005359024)	30.909	330	197	11	95	414	1	309	4.30e-30	123
g1763.t1	VFG028899(gb|YP_007959433)	33.579	271	165	8	27	289	13	276	6.24e-30	123
g1763.t1	VFG024584(gb|WP_014383257)	33.688	282	154	10	21	288	14	276	1.10e-29	122
g1763.t1	VFG023417(gb|WP_012392989)	32.159	227	145	4	71	295	56	275	1.06e-28	119
g1763.t1	VFG022231(gb|WP_011739119)	31.718	227	146	4	71	295	56	275	1.80e-28	118
g1763.t1	VFG008300(gb|WP_011891677)	27.948	458	240	20	1	427	10	408	8.43e-28	116
g1763.t1	VFG024420(gb|WP_013470302)	27.948	458	240	20	1	427	10	408	8.51e-28	116
g1763.t1	VFG008299(gb|WP_003891388)	26.914	431	252	14	8	416	8	397	1.10e-27	115
g1763.t1	VFG008298(gb|WP_010907491)	28.118	441	255	15	8	427	8	407	1.97e-27	115
g1763.t1	VFG028904(gb|WP_020823539)	33.206	262	144	9	39	288	34	276	2.65e-27	115
g1763.t1	VFG023341(gb|WP_013827236)	29.231	390	235	16	44	414	45	412	4.51e-27	114
g1763.t1	VFG017577(gb|WP_015345209)	27.293	447	267	14	8	434	8	416	1.01e-26	113
g1763.t1	VFG024585(gb|WP_014385769)	32.824	262	145	9	39	288	34	276	1.11e-26	113
g1763.t1	VFG024582(gb|WP_014942869)	32.824	262	145	9	39	288	34	276	1.17e-26	113
g1763.t1	VFG024583(gb|WP_014712333)	32.824	262	145	9	39	288	34	276	1.21e-26	113
g1763.t1	VFG022059(gb|WP_011727068)	27.171	357	235	9	13	364	14	350	2.09e-26	112
g1763.t1	VFG017561(gb|WP_015291791)	27.069	447	268	14	8	434	8	416	2.73e-26	111
g1763.t1	VFG023423(gb|WP_013830202)	31.655	278	150	7	96	372	88	326	3.72e-26	111
g1763.t1	VFG002382(gb|NP_218387)	27.069	447	268	14	8	434	8	416	3.90e-26	111
g1763.t1	VFG008302(gb|WP_011557494)	24.336	452	261	16	8	427	8	410	4.77e-26	110
g1763.t1	VFG017575(gb|YP_005362392)	26.846	447	269	14	8	434	8	416	1.02e-25	110
g1763.t1	VFG017576(gb|YP_005924943)	27.195	353	209	11	98	434	81	401	2.61e-25	108
g1763.t1	VFG008301(gb|WP_011777399)	28.381	451	246	19	1	427	10	407	2.66e-25	108
g1763.t1	VFG022233(gb|WP_011895789)	30.702	228	149	5	44	270	54	273	4.20e-25	108
g1763.t1	VFG022057(gb|WP_010908948)	25.238	420	267	16	13	414	14	404	1.29e-24	107
g1763.t1	VFG024581(gb|WP_013472660)	30.263	228	150	5	44	270	54	273	3.56e-24	105
g1763.t1	VFG022235(gb|WP_011768104)	30.075	266	167	8	20	277	12	266	4.79e-24	105
g1763.t1	VFG022236(gb|WP_011558538)	30.075	266	167	8	20	277	12	266	4.83e-24	105
g1763.t1	VFG023153(gb|WP_012396945)	27.168	346	204	11	98	427	96	409	4.96e-24	105
g1763.t1	VFG017563(gb|WP_015357691)	27.168	346	204	12	98	427	96	409	8.42e-24	104
g1763.t1	VFG017572(gb|YP_007959836)	29.595	321	189	10	8	309	8	310	8.58e-24	104
g1763.t1	VFG022234(gb|WP_011854867)	28.679	265	172	6	20	277	12	266	1.76e-23	103
g1763.t1	VFG022232(gb|WP_011727726)	34.450	209	117	7	72	274	66	260	2.19e-21	97.1
g1763.t1	VFG040864(gb|WP_001172770)	29.008	131	86	4	148	276	151	276	2.82e-08	56.2
g1763.t1	VFG049942(gb|WP_001172757)	29.008	131	86	4	148	276	151	276	2.84e-08	56.2
g1763.t1	VFG050122(gb|WP_001172767)	29.008	131	86	4	148	276	151	276	2.87e-08	56.2
g1764.t1	VFG028216(gb|WP_009937645)	100.000	932	0	0	1	932	460	1391	0.0	1888
g1764.t1	VFG002395(gb|YP_007410461)	100.000	932	0	0	1	932	460	1391	0.0	1888
g1764.t1	VFG008346(gb|WP_010950600)	99.893	932	1	0	1	932	460	1391	0.0	1887
g1764.t1	VFG023455(gb|WP_015288165)	100.000	932	0	0	1	932	460	1391	0.0	1887
g1764.t1	VFG028214(gb|YP_005923023)	99.893	932	1	0	1	932	461	1392	0.0	1886
g1764.t1	VFG023457(gb|WP_012666348)	99.785	932	2	0	1	932	460	1391	0.0	1885
g1764.t1	VFG008347(gb|WP_011799219)	99.785	932	2	0	1	932	460	1391	0.0	1885
g1764.t1	VFG028206(gb|WP_015575113)	99.785	932	2	0	1	932	460	1391	0.0	1882
g1764.t1	VFG028200(gb|WP_015303218)	99.249	932	7	0	1	932	460	1391	0.0	1878
g1764.t1	VFG028202(gb|WP_015293196)	99.356	932	6	0	1	932	460	1391	0.0	1876
g1764.t1	VFG028201(gb|WP_015290142)	99.142	932	8	0	1	932	460	1391	0.0	1873
g1764.t1	VFG023453(gb|WP_012394382)	93.026	932	61	1	1	932	461	1388	0.0	1732
g1764.t1	VFG028203(gb|WP_015355466)	92.811	932	63	1	1	932	461	1388	0.0	1726
g1764.t1	VFG008351(gb|WP_011740948)	92.704	932	66	1	1	932	461	1390	0.0	1722
g1764.t1	VFG024638(gb|WP_014942095)	90.880	932	81	2	1	932	460	1387	0.0	1696
g1764.t1	VFG008348(gb|WP_003877884)	90.461	933	85	2	1	932	460	1389	0.0	1689
g1764.t1	VFG028217(gb|WP_020822624)	89.914	932	90	1	1	932	460	1387	0.0	1688
g1764.t1	VFG024639(gb|WP_009954152)	89.914	932	90	1	1	932	460	1387	0.0	1687
g1764.t1	VFG028213(gb|YP_005360423)	100.000	816	0	0	1	816	460	1275	0.0	1646
g1764.t1	VFG008350(gb|WP_041322832)	87.661	932	109	3	1	932	460	1385	0.0	1629
g1764.t1	VFG023459(gb|WP_013828829)	80.988	931	169	5	3	932	464	1387	0.0	1505
g1764.t1	VFG028891(gb|WP_005055990)	35.101	943	531	20	1	929	450	1325	3.66e-155	491
g1764.t1	VFG023418(gb|YP_001704484)	35.101	943	531	20	1	929	434	1309	5.29e-155	490
g1764.t1	VFG023420(gb|WP_014001748)	35.699	916	492	20	5	915	396	1219	2.02e-144	460
g1764.t1	VFG028890(gb|WP_015294424)	35.262	916	496	18	5	915	396	1219	5.42e-144	459
g1764.t1	VFG022232(gb|WP_011727726)	33.586	923	503	15	3	915	371	1193	1.90e-143	457
g1764.t1	VFG022232(gb|WP_011727726)	24.409	254	178	8	360	608	351	595	2.75e-08	57.8
g1764.t1	VFG022224(gb|NP_217964)	35.512	918	491	20	5	915	396	1219	2.18e-143	457
g1764.t1	VFG023419(gb|WP_013989003)	35.512	918	491	20	5	915	396	1219	3.67e-143	457
g1764.t1	VFG022223(gb|WP_003418326)	35.512	918	491	20	5	915	396	1219	4.97e-143	456
g1764.t1	VFG028888(gb|WP_015288543)	35.153	916	497	18	5	915	396	1219	5.63e-143	456
g1764.t1	VFG028889(gb|WP_015303894)	35.153	916	497	18	5	915	396	1219	5.81e-143	456
g1764.t1	VFG022226(gb|WP_003900061)	35.512	918	491	20	5	915	396	1219	5.99e-143	456
g1764.t1	VFG022227(gb|WP_010950889)	35.403	918	492	20	5	915	396	1219	3.29e-142	454
g1764.t1	VFG024583(gb|WP_014712333)	34.460	917	502	16	3	914	390	1212	5.39e-139	446
g1764.t1	VFG024584(gb|WP_014383257)	34.351	917	503	16	3	914	390	1212	2.19e-138	444
g1764.t1	VFG024585(gb|WP_014385769)	34.242	917	504	16	3	914	390	1212	4.42e-138	443
g1764.t1	VFG024582(gb|WP_014942869)	34.242	917	504	16	3	914	390	1212	1.70e-137	441
g1764.t1	VFG022235(gb|WP_011768104)	33.869	933	523	19	6	929	380	1227	1.49e-135	436
g1764.t1	VFG022234(gb|WP_011854867)	33.976	933	522	19	6	929	380	1227	1.76e-135	436
g1764.t1	VFG022236(gb|WP_011558538)	33.726	934	523	19	6	929	380	1227	1.99e-135	436
g1764.t1	VFG028899(gb|YP_007959433)	35.409	867	463	19	5	866	396	1170	2.90e-132	426
g1764.t1	VFG023417(gb|WP_012392989)	34.402	936	510	23	3	929	384	1224	1.19e-130	423
g1764.t1	VFG022230(gb|WP_011726048)	34.753	892	469	19	2	889	379	1161	6.17e-129	418
g1764.t1	VFG022231(gb|WP_011739119)	33.868	936	515	21	3	929	384	1224	6.86e-129	418
g1764.t1	VFG022233(gb|WP_011895789)	31.665	919	499	19	1	916	375	1167	1.44e-116	384
g1764.t1	VFG024581(gb|WP_013472660)	31.665	919	499	19	1	916	375	1167	1.82e-116	384
g1764.t1	VFG028642(gb|WP_015354280)	32.812	960	513	31	6	925	447	1314	3.56e-116	386
g1764.t1	VFG023304(gb|WP_013827001)	31.329	948	566	27	16	930	502	1397	9.27e-116	385
g1764.t1	VFG023334(gb|WP_012392510)	32.708	960	514	31	6	925	447	1314	1.26e-115	384
g1764.t1	VFG022058(gb|WP_011739403)	32.604	960	514	32	6	925	447	1313	2.68e-113	378
g1764.t1	VFG022056(gb|WP_010950107)	32.042	955	517	30	6	925	454	1311	1.77e-112	375
g1764.t1	VFG022059(gb|WP_011727068)	32.359	958	508	30	6	925	444	1299	3.83e-111	372
g1764.t1	VFG022003(gb|WP_003400060)	30.181	941	565	28	16	921	499	1382	5.53e-111	372
g1764.t1	VFG022004(gb|NP_218411)	30.181	941	565	28	16	921	499	1382	5.99e-111	372
g1764.t1	VFG028658(gb|WP_020823734)	31.623	955	521	30	6	925	454	1311	1.35e-110	370
g1764.t1	VFG024511(gb|WP_008261679)	31.623	955	521	30	6	925	454	1311	1.72e-110	370
g1764.t1	VFG024510(gb|WP_014385965)	31.623	955	521	30	6	925	454	1311	1.72e-110	370
g1764.t1	VFG023301(gb|WP_014002018)	30.181	941	565	28	16	921	499	1382	1.75e-110	371
g1764.t1	VFG024512(gb|WP_014381364)	31.728	955	520	30	6	925	454	1311	3.58e-110	369
g1764.t1	VFG028551(gb|WP_015288663)	29.862	941	568	27	16	921	499	1382	6.27e-110	369
g1764.t1	VFG028569(gb|WP_015632747)	30.825	957	559	31	16	930	505	1400	8.58e-110	369
g1764.t1	VFG022009(gb|WP_010950308)	30.825	957	559	31	16	930	505	1400	1.64e-109	368
g1764.t1	VFG028552(gb|WP_015291805)	29.756	941	569	28	16	921	499	1382	4.90e-109	367
g1764.t1	VFG022057(gb|WP_010908948)	31.283	959	522	29	6	925	450	1310	5.65e-109	366
g1764.t1	VFG023335(gb|YP_001702967)	31.639	964	532	31	3	925	449	1326	7.30e-109	365
g1764.t1	VFG028554(gb|WP_015294712)	29.905	943	565	29	16	921	499	1382	7.81e-109	366
g1764.t1	VFG028637(gb|WP_016342527)	31.535	964	533	31	3	925	449	1326	1.23e-108	365
g1764.t1	VFG028643(gb|WP_005119829)	31.535	964	533	31	3	925	449	1326	1.47e-108	365
g1764.t1	VFG022062(gb|WP_011557799)	31.497	962	519	32	3	925	438	1298	1.20e-107	362
g1764.t1	VFG023341(gb|WP_013827236)	31.700	959	515	32	6	925	458	1315	5.69e-107	360
g1764.t1	VFG024489(gb|WP_014712598)	30.785	955	558	32	16	928	505	1398	8.76e-107	361
g1764.t1	VFG024488(gb|WP_009953125)	30.608	954	561	31	16	928	505	1398	8.76e-107	361
g1764.t1	VFG024491(gb|WP_014386130)	30.608	954	561	31	16	928	505	1398	1.25e-106	360
g1764.t1	VFG028568(gb|WP_020824019)	30.223	943	562	29	16	921	505	1388	1.28e-106	360
g1764.t1	VFG024490(gb|WP_014383546)	30.503	954	562	31	16	928	505	1398	6.91e-106	358
g1764.t1	VFG028647(gb|YP_007960183)	32.042	955	523	33	6	925	14	877	6.26e-104	343
g1764.t1	VFG023423(gb|WP_013830202)	31.102	926	504	20	5	926	388	1183	6.83e-104	349
g1764.t1	VFG028640(gb|WP_015288924)	32.079	957	520	33	6	925	446	1309	1.96e-101	345
g1764.t1	VFG023337(gb|WP_014000156)	32.147	955	522	33	6	925	446	1309	2.91e-101	344
g1764.t1	VFG028639(gb|WP_015302496)	32.147	955	522	33	6	925	446	1309	4.44e-101	344
g1764.t1	VFG022061(gb|WP_011777734)	32.091	966	513	29	6	925	443	1311	6.73e-101	343
g1764.t1	VFG028655(gb|YP_005359024)	32.042	955	523	33	6	925	355	1218	8.21e-101	342
g1764.t1	VFG022050(gb|WP_003401478)	32.042	955	523	33	6	925	446	1309	2.05e-100	342
g1764.t1	VFG022055(gb|WP_011799097)	32.042	955	523	33	6	925	446	1309	2.13e-100	342
g1764.t1	VFG028641(gb|WP_015292038)	32.042	955	523	33	6	925	446	1309	2.24e-100	342
g1764.t1	VFG028646(gb|WP_015574907)	32.042	955	523	33	6	925	446	1309	2.52e-100	342
g1764.t1	VFG022051(gb|NP_214798)	32.042	955	523	33	6	925	446	1309	2.52e-100	342
g1764.t1	VFG022060(gb|WP_011891328)	31.776	963	517	29	6	925	443	1308	2.01e-99	339
g1764.t1	VFG028904(gb|WP_020823539)	35.333	600	323	9	331	926	683	1221	7.16e-88	305
g1764.t1	VFG028904(gb|WP_020823539)	39.200	250	148	4	3	250	390	637	2.56e-40	161
g1764.t1	VFG028904(gb|WP_020823539)	22.685	216	155	5	408	615	417	628	2.31e-06	51.6
g1764.t1	VFG024586(gb|WP_014381072)	34.932	584	326	7	331	914	683	1212	2.70e-87	303
g1764.t1	VFG024586(gb|WP_014381072)	40.000	250	146	4	3	250	390	637	1.23e-37	152
g1764.t1	VFG008314(gb|WP_011854172)	33.663	606	345	14	336	926	16	579	4.18e-78	266
g1764.t1	VFG008315(gb|WP_011557495)	33.663	606	345	14	336	926	16	579	7.16e-78	265
g1764.t1	VFG017404(gb|WP_015357692)	32.343	606	358	12	336	929	13	578	2.40e-77	263
g1764.t1	VFG008311(gb|WP_011726639)	31.947	601	362	13	336	926	13	576	3.57e-77	263
g1764.t1	VFG008311(gb|WP_011726639)	22.581	186	138	4	27	211	72	252	4.58e-06	50.4
g1764.t1	VFG023159(gb|WP_012396946)	32.577	617	362	13	325	929	4	578	5.63e-75	257
g1764.t1	VFG002383(gb|NP_218388)	32.237	608	356	13	336	929	13	578	2.71e-74	255
g1764.t1	VFG017402(gb|WP_012054385)	32.290	607	357	13	336	929	13	578	4.48e-74	254
g1764.t1	VFG017580(gb|WP_014002007)	31.848	606	361	11	336	929	13	578	9.06e-74	254
g1764.t1	VFG017407(gb|WP_015575383)	32.072	608	357	13	336	929	13	578	2.50e-73	253
g1764.t1	VFG008312(gb|WP_011891676)	29.868	606	368	13	336	926	13	576	9.93e-72	248
g1764.t1	VFG008312(gb|WP_011891676)	24.294	177	124	5	38	211	83	252	8.06e-06	49.7
g1764.t1	VFG024421(gb|WP_013470303)	30.049	609	363	14	336	926	13	576	1.44e-71	247
g1764.t1	VFG024421(gb|WP_013470303)	24.294	177	124	5	38	211	83	252	7.40e-06	49.7
g1764.t1	VFG008313(gb|WP_011777400)	29.836	610	363	15	336	926	13	576	3.49e-68	238
g1764.t1	VFG008310(gb|WP_010907490)	31.466	607	353	14	336	924	13	574	5.39e-68	238
g1764.t1	VFG017413(gb|YP_007959837)	31.650	594	350	13	336	915	13	564	5.85e-68	238
g1764.t1	VFG008301(gb|WP_011777399)	36.735	294	176	6	3	287	440	732	4.36e-51	192
g1764.t1	VFG008301(gb|WP_011777399)	24.402	209	126	7	408	595	468	665	8.35e-08	56.2
g1764.t1	VFG008299(gb|WP_003891388)	34.228	298	179	5	3	287	441	734	8.81e-50	188
g1764.t1	VFG008299(gb|WP_003891388)	23.923	209	127	7	408	595	469	666	1.17e-06	52.4
g1764.t1	VFG008300(gb|WP_011891677)	35.235	298	175	6	3	287	441	733	1.27e-49	188
g1764.t1	VFG008300(gb|WP_011891677)	24.402	209	126	7	408	595	469	666	7.62e-07	53.1
g1764.t1	VFG024420(gb|WP_013470302)	34.899	298	176	6	3	287	441	733	7.63e-49	185
g1764.t1	VFG024420(gb|WP_013470302)	23.923	209	127	7	408	595	469	666	3.73e-06	50.8
g1764.t1	VFG008302(gb|WP_011557494)	36.918	279	164	7	3	270	443	720	1.50e-48	184
g1764.t1	VFG008302(gb|WP_011557494)	24.880	209	125	7	408	595	471	668	3.76e-07	53.9
g1764.t1	VFG017575(gb|YP_005362392)	36.232	276	165	6	3	267	442	717	1.30e-46	179
g1764.t1	VFG017576(gb|YP_005924943)	36.232	276	165	6	3	267	427	702	1.40e-46	178
g1764.t1	VFG017561(gb|WP_015291791)	36.232	276	165	6	3	267	442	717	1.43e-46	179
g1764.t1	VFG002382(gb|NP_218387)	36.232	276	165	6	3	267	442	717	1.43e-46	179
g1764.t1	VFG017577(gb|WP_015345209)	36.232	276	165	6	3	267	442	717	1.46e-46	179
g1764.t1	VFG017572(gb|YP_007959836)	36.232	276	165	6	3	267	442	717	2.27e-46	178
g1764.t1	VFG023153(gb|WP_012396945)	36.296	270	163	5	3	263	442	711	3.75e-46	177
g1764.t1	VFG017563(gb|WP_015357691)	36.296	270	163	5	3	263	442	711	3.82e-46	177
g1764.t1	VFG018161(gb|WP_000549309)	24.792	601	386	16	26	615	658	1203	8.90e-46	179
g1764.t1	VFG008298(gb|WP_010907491)	36.293	259	156	5	3	252	440	698	7.23e-45	173
g1764.t1	VFG018154(gb|WP_000549287)	24.554	672	426	22	26	681	658	1264	1.19e-42	169
g1764.t1	VFG002409(gb|WP_000549274)	24.554	672	426	22	26	681	658	1264	1.34e-42	169
g1764.t1	VFG018143(gb|WP_000549278)	24.514	669	424	22	26	678	658	1261	1.65e-42	168
g1764.t1	VFG018165(gb|WP_000549269)	24.405	672	427	22	26	681	658	1264	5.29e-42	167
g1764.t1	VFG028563(gb|YP_007959860)	29.286	280	185	6	16	291	499	769	1.30e-30	129
g1764.t1	VFG040864(gb|WP_001172770)	33.202	253	153	8	4	250	457	699	2.75e-29	126
g1764.t1	VFG040864(gb|WP_001172770)	23.326	463	295	19	352	802	768	1182	1.11e-14	79.0
g1764.t1	VFG040864(gb|WP_001172770)	29.193	161	100	5	35	194	825	972	4.68e-11	67.0
g1764.t1	VFG040864(gb|WP_001172770)	23.767	223	154	9	397	614	477	688	7.78e-11	66.2
g1764.t1	VFG050122(gb|WP_001172767)	33.202	253	153	8	4	250	457	699	2.85e-29	126
g1764.t1	VFG050122(gb|WP_001172767)	23.758	463	293	19	352	802	768	1182	8.87e-15	79.3
g1764.t1	VFG050122(gb|WP_001172767)	29.193	161	100	5	35	194	825	972	4.33e-11	67.0
g1764.t1	VFG050122(gb|WP_001172767)	23.767	223	154	9	397	614	477	688	7.78e-11	66.2
g1764.t1	VFG049942(gb|WP_001172757)	33.202	253	153	8	4	250	457	699	2.92e-29	126
g1764.t1	VFG049942(gb|WP_001172757)	23.974	463	292	19	352	802	768	1182	1.62e-14	78.2
g1764.t1	VFG049942(gb|WP_001172757)	23.767	223	154	9	397	614	477	688	7.52e-11	66.2
g1764.t1	VFG049942(gb|WP_001172757)	29.193	161	100	5	35	194	825	972	9.87e-11	65.9
g3399.t1	VFG022224(gb|NP_217964)	100.000	1236	0	0	1	1236	1	1236	0.0	2455
g3399.t1	VFG022223(gb|WP_003418326)	99.919	1236	1	0	1	1236	1	1236	0.0	2452
g3399.t1	VFG022227(gb|WP_010950889)	99.838	1236	2	0	1	1236	1	1236	0.0	2451
g3399.t1	VFG022226(gb|WP_003900061)	99.838	1236	2	0	1	1236	1	1236	0.0	2449
g3399.t1	VFG023419(gb|WP_013989003)	99.838	1236	2	0	1	1236	1	1236	0.0	2449
g3399.t1	VFG028889(gb|WP_015303894)	98.301	1236	21	0	1	1236	1	1236	0.0	2416
g3399.t1	VFG028888(gb|WP_015288543)	98.382	1236	20	0	1	1236	1	1236	0.0	2413
g3399.t1	VFG023420(gb|WP_014001748)	98.220	1236	22	0	1	1236	1	1236	0.0	2407
g3399.t1	VFG028890(gb|WP_015294424)	97.654	1236	29	0	1	1236	1	1236	0.0	2399
g3399.t1	VFG028899(gb|YP_007959433)	98.803	1170	14	0	1	1170	1	1170	0.0	2290
g3399.t1	VFG023417(gb|WP_012392989)	63.244	1227	448	2	9	1235	2	1225	0.0	1521
g3399.t1	VFG022231(gb|WP_011739119)	62.999	1227	451	2	9	1235	2	1225	0.0	1511
g3399.t1	VFG024584(gb|WP_014383257)	62.409	1237	445	9	5	1235	7	1229	0.0	1419
g3399.t1	VFG024583(gb|WP_014712333)	62.758	1211	431	9	31	1235	33	1229	0.0	1416
g3399.t1	VFG024585(gb|WP_014385769)	62.758	1211	431	9	31	1235	33	1229	0.0	1414
g3399.t1	VFG024582(gb|WP_014942869)	62.758	1211	431	9	31	1235	33	1229	0.0	1414
g3399.t1	VFG024586(gb|WP_014381072)	62.086	1237	449	9	5	1235	7	1229	0.0	1398
g3399.t1	VFG028904(gb|WP_020823539)	62.117	1209	438	9	31	1235	33	1225	0.0	1391
g3399.t1	VFG022230(gb|WP_011726048)	62.083	1229	428	11	10	1235	4	1197	0.0	1347
g3399.t1	VFG028891(gb|WP_005055990)	51.079	1298	540	19	26	1235	36	1326	0.0	1252
g3399.t1	VFG023418(gb|YP_001704484)	51.079	1298	540	19	26	1235	20	1310	0.0	1252
g3399.t1	VFG023423(gb|WP_013830202)	56.016	1230	474	22	11	1234	18	1186	0.0	1152
g3399.t1	VFG022235(gb|WP_011768104)	50.280	1251	568	15	9	1236	10	1229	0.0	1093
g3399.t1	VFG022236(gb|WP_011558538)	50.200	1251	569	15	9	1236	10	1229	0.0	1093
g3399.t1	VFG022234(gb|WP_011854867)	50.601	1247	561	16	13	1236	15	1229	0.0	1090
g3399.t1	VFG022232(gb|WP_011727726)	50.441	1247	542	23	9	1231	11	1205	0.0	1087
g3399.t1	VFG024581(gb|WP_013472660)	48.604	1218	540	19	26	1236	45	1183	0.0	998
g3399.t1	VFG022233(gb|WP_011895789)	48.686	1218	539	20	26	1236	45	1183	0.0	997
g3399.t1	VFG023334(gb|WP_012392510)	33.839	1318	762	29	5	1230	15	1314	0.0	647
g3399.t1	VFG022062(gb|WP_011557799)	34.583	1307	751	26	5	1230	15	1298	0.0	646
g3399.t1	VFG028642(gb|WP_015354280)	33.763	1318	763	29	5	1230	15	1314	0.0	645
g3399.t1	VFG024511(gb|WP_008261679)	34.091	1320	753	27	5	1230	15	1311	0.0	641
g3399.t1	VFG024510(gb|WP_014385965)	34.091	1320	753	27	5	1230	15	1311	0.0	641
g3399.t1	VFG024512(gb|WP_014381364)	34.091	1320	753	27	5	1230	15	1311	0.0	641
g3399.t1	VFG022058(gb|WP_011739403)	33.763	1318	762	30	5	1230	15	1313	0.0	639
g3399.t1	VFG028658(gb|WP_020823734)	34.015	1320	754	27	5	1230	15	1311	0.0	639
g3399.t1	VFG023335(gb|YP_001702967)	33.758	1333	755	27	5	1230	15	1326	0.0	636
g3399.t1	VFG023341(gb|WP_013827236)	34.676	1341	730	35	5	1233	15	1321	0.0	632
g3399.t1	VFG028643(gb|WP_005119829)	33.608	1333	757	27	5	1230	15	1326	0.0	631
g3399.t1	VFG028637(gb|WP_016342527)	33.608	1333	757	27	5	1230	15	1326	0.0	631
g3399.t1	VFG022059(gb|WP_011727068)	34.353	1307	755	29	5	1230	15	1299	0.0	631
g3399.t1	VFG022056(gb|WP_010950107)	33.939	1320	755	27	5	1230	15	1311	0.0	631
g3399.t1	VFG022051(gb|NP_214798)	34.674	1318	746	27	5	1230	15	1309	0.0	631
g3399.t1	VFG023337(gb|WP_014000156)	34.674	1318	746	27	5	1230	15	1309	0.0	629
g3399.t1	VFG022055(gb|WP_011799097)	34.598	1318	747	27	5	1230	15	1309	0.0	629
g3399.t1	VFG028639(gb|WP_015302496)	34.674	1318	746	27	5	1230	15	1309	0.0	629
g3399.t1	VFG028646(gb|WP_015574907)	34.598	1318	747	27	5	1230	15	1309	0.0	627
g3399.t1	VFG022050(gb|WP_003401478)	34.598	1318	747	27	5	1230	15	1309	0.0	627
g3399.t1	VFG028640(gb|WP_015288924)	34.244	1317	753	26	5	1230	15	1309	0.0	627
g3399.t1	VFG022061(gb|WP_011777734)	34.875	1319	744	31	5	1230	15	1311	0.0	624
g3399.t1	VFG028641(gb|WP_015292038)	34.522	1318	748	27	5	1230	15	1309	0.0	623
g3399.t1	VFG022057(gb|WP_010908948)	33.359	1319	763	28	5	1230	15	1310	0.0	616
g3399.t1	VFG022060(gb|WP_011891328)	33.972	1304	748	27	5	1219	15	1294	0.0	603
g3399.t1	VFG028655(gb|YP_005359024)	35.061	1235	688	26	88	1230	6	1218	0.0	598
g3399.t1	VFG028217(gb|WP_020822624)	33.080	1315	705	34	64	1219	72	1370	0.0	571
g3399.t1	VFG024638(gb|WP_014942095)	33.029	1314	707	34	64	1219	72	1370	0.0	571
g3399.t1	VFG008348(gb|WP_003877884)	32.776	1315	711	32	64	1219	72	1372	0.0	570
g3399.t1	VFG024639(gb|WP_009954152)	33.029	1314	707	34	64	1219	72	1370	0.0	570
g3399.t1	VFG028201(gb|WP_015290142)	33.385	1288	681	32	92	1219	104	1374	5.29e-176	557
g3399.t1	VFG002395(gb|YP_007410461)	33.230	1285	687	30	92	1219	104	1374	5.29e-176	557
g3399.t1	VFG023455(gb|WP_015288165)	33.230	1285	687	30	92	1219	104	1374	6.06e-176	557
g3399.t1	VFG028216(gb|WP_009937645)	33.230	1285	687	30	92	1219	104	1374	6.18e-176	557
g3399.t1	VFG023457(gb|WP_012666348)	33.230	1285	687	30	92	1219	104	1374	6.51e-176	557
g3399.t1	VFG008346(gb|WP_010950600)	33.230	1285	687	30	92	1219	104	1374	7.62e-176	556
g3399.t1	VFG008347(gb|WP_011799219)	33.230	1285	687	30	92	1219	104	1374	9.00e-176	556
g3399.t1	VFG028200(gb|WP_015303218)	33.230	1285	687	30	92	1219	104	1374	1.08e-175	556
g3399.t1	VFG028214(gb|YP_005923023)	33.152	1285	688	30	92	1219	105	1375	2.77e-175	555
g3399.t1	VFG028202(gb|WP_015293196)	33.333	1287	683	31	92	1219	104	1374	3.04e-175	555
g3399.t1	VFG028206(gb|WP_015575113)	33.230	1285	687	31	92	1219	104	1374	6.04e-175	554
g3399.t1	VFG028203(gb|WP_015355466)	33.099	1281	690	31	92	1219	105	1371	3.20e-173	550
g3399.t1	VFG023459(gb|WP_013828829)	32.604	1279	698	30	92	1219	105	1370	4.09e-173	550
g3399.t1	VFG008351(gb|WP_011740948)	32.739	1289	686	31	92	1219	105	1373	8.11e-172	546
g3399.t1	VFG023453(gb|WP_012394382)	32.970	1283	689	32	92	1219	105	1371	1.01e-171	546
g3399.t1	VFG028213(gb|YP_005360423)	32.799	1186	626	30	92	1120	104	1275	7.24e-149	484
g3399.t1	VFG008350(gb|WP_041322832)	35.194	1003	529	25	334	1231	393	1379	2.60e-148	483
g3399.t1	VFG008350(gb|WP_041322832)	35.268	224	136	5	64	280	72	293	1.07e-30	131
g3399.t1	VFG028647(gb|YP_007960183)	35.866	895	502	19	387	1230	4	877	7.66e-144	458
g3399.t1	VFG008302(gb|WP_011557494)	38.020	697	379	14	1	645	10	705	3.19e-122	395
g3399.t1	VFG008302(gb|WP_011557494)	30.568	229	128	9	756	960	471	692	1.55e-12	72.0
g3399.t1	VFG008299(gb|WP_003891388)	36.549	736	408	15	1	682	10	740	4.31e-120	389
g3399.t1	VFG008299(gb|WP_003891388)	28.319	226	137	7	756	960	469	690	2.18e-11	68.2
g3399.t1	VFG017577(gb|WP_015345209)	37.714	700	376	16	1	645	10	704	7.35e-119	386
g3399.t1	VFG017577(gb|WP_015345209)	28.384	229	133	9	756	960	470	691	1.99e-09	62.0
g3399.t1	VFG002382(gb|NP_218387)	37.571	700	377	16	1	645	10	704	3.43e-118	385
g3399.t1	VFG002382(gb|NP_218387)	28.384	229	133	9	756	960	470	691	1.75e-09	62.0
g3399.t1	VFG017561(gb|WP_015291791)	37.571	700	377	16	1	645	10	704	4.48e-118	384
g3399.t1	VFG017561(gb|WP_015291791)	28.384	229	133	9	756	960	470	691	1.66e-09	62.0
g3399.t1	VFG017575(gb|YP_005362392)	37.571	700	377	16	1	645	10	704	5.91e-118	384
g3399.t1	VFG017575(gb|YP_005362392)	28.384	229	133	9	756	960	470	691	1.75e-09	62.0
g3399.t1	VFG017576(gb|YP_005924943)	37.572	692	370	16	10	645	4	689	8.74e-117	380
g3399.t1	VFG017576(gb|YP_005924943)	28.384	229	133	9	756	960	455	676	1.73e-09	62.0
g3399.t1	VFG008298(gb|WP_010907491)	37.622	715	386	18	1	661	10	718	2.46e-116	379
g3399.t1	VFG008298(gb|WP_010907491)	27.935	247	140	10	763	985	475	707	2.52e-10	64.7
g3399.t1	VFG008300(gb|WP_011891677)	37.536	698	379	16	1	645	10	703	2.67e-115	377
g3399.t1	VFG008300(gb|WP_011891677)	30.263	228	128	9	756	959	469	689	2.14e-12	71.6
g3399.t1	VFG024420(gb|WP_013470302)	37.393	698	380	16	1	645	10	703	2.52e-114	374
g3399.t1	VFG024420(gb|WP_013470302)	30.263	228	128	9	756	959	469	689	1.70e-12	72.0
g3399.t1	VFG017572(gb|YP_007959836)	37.000	700	381	16	1	645	10	704	3.55e-114	374
g3399.t1	VFG017572(gb|YP_007959836)	27.948	229	134	9	756	960	470	691	1.51e-08	58.9
g3399.t1	VFG023153(gb|WP_012396945)	38.374	701	370	17	1	645	10	704	2.57e-113	371
g3399.t1	VFG023153(gb|WP_012396945)	27.826	230	135	9	763	968	477	699	3.61e-09	61.2
g3399.t1	VFG008301(gb|WP_011777399)	37.106	698	381	15	1	645	10	702	5.69e-113	370
g3399.t1	VFG008301(gb|WP_011777399)	27.092	251	151	8	756	985	468	707	2.03e-12	71.6
g3399.t1	VFG017563(gb|WP_015357691)	38.231	701	371	17	1	645	10	704	8.23e-113	370
g3399.t1	VFG017563(gb|WP_015357691)	27.826	230	135	9	763	968	477	699	3.46e-09	61.2
g3399.t1	VFG008312(gb|WP_011891676)	36.458	576	326	13	693	1236	14	581	8.93e-104	340
g3399.t1	VFG008315(gb|WP_011557495)	37.543	578	317	13	693	1236	17	584	1.89e-103	340
g3399.t1	VFG008315(gb|WP_011557495)	21.633	490	321	14	392	875	50	482	2.27e-07	55.1
g3399.t1	VFG024421(gb|WP_013470303)	36.285	576	327	13	693	1236	14	581	2.50e-103	339
g3399.t1	VFG008314(gb|WP_011854172)	37.739	575	320	12	693	1236	17	584	3.48e-103	339
g3399.t1	VFG008314(gb|WP_011854172)	21.837	490	320	14	392	875	50	482	7.73e-08	56.6
g3399.t1	VFG008311(gb|WP_011726639)	34.991	583	338	14	687	1236	7	581	4.15e-101	333
g3399.t1	VFG008311(gb|WP_011726639)	21.272	456	288	15	430	875	85	479	1.40e-07	55.8
g3399.t1	VFG028552(gb|WP_015291805)	28.515	1017	619	27	312	1236	393	1393	4.41e-101	351
g3399.t1	VFG028552(gb|WP_015291805)	32.740	281	176	7	16	288	25	300	9.44e-31	132
g3399.t1	VFG022004(gb|NP_218411)	28.357	998	615	26	323	1236	412	1393	2.24e-100	349
g3399.t1	VFG022004(gb|NP_218411)	33.096	281	175	7	16	288	25	300	8.50e-32	135
g3399.t1	VFG017404(gb|WP_015357692)	35.593	590	335	12	681	1236	2	580	2.90e-100	331
g3399.t1	VFG017404(gb|WP_015357692)	22.101	457	275	16	434	875	88	478	2.66e-08	58.2
g3399.t1	VFG022003(gb|WP_003400060)	28.357	998	615	26	323	1236	412	1393	3.02e-100	348
g3399.t1	VFG022003(gb|WP_003400060)	32.740	281	176	7	16	288	25	300	1.08e-30	131
g3399.t1	VFG023301(gb|WP_014002018)	28.357	998	615	26	323	1236	412	1393	4.46e-100	348
g3399.t1	VFG023301(gb|WP_014002018)	32.740	281	176	7	16	288	25	300	1.03e-30	131
g3399.t1	VFG028551(gb|WP_015288663)	28.357	998	615	26	323	1236	412	1393	4.96e-100	348
g3399.t1	VFG028551(gb|WP_015288663)	32.740	281	176	7	16	288	25	300	1.00e-30	131
g3399.t1	VFG023304(gb|WP_013827001)	29.098	976	604	27	322	1219	414	1379	4.19e-99	345
g3399.t1	VFG023304(gb|WP_013827001)	34.495	287	173	9	12	288	19	300	7.99e-31	132
g3399.t1	VFG028554(gb|WP_015294712)	28.156	998	617	25	323	1236	412	1393	5.29e-99	345
g3399.t1	VFG028554(gb|WP_015294712)	32.740	281	176	7	16	288	25	300	1.02e-30	131
g3399.t1	VFG008313(gb|WP_011777400)	34.609	575	338	13	693	1236	14	581	4.05e-98	325
g3399.t1	VFG008313(gb|WP_011777400)	26.012	173	118	5	430	596	85	253	3.10e-06	51.2
g3399.t1	VFG028569(gb|WP_015632747)	29.216	1020	613	31	303	1231	393	1394	6.87e-98	342
g3399.t1	VFG028569(gb|WP_015632747)	32.270	282	178	8	15	288	24	300	2.86e-29	127
g3399.t1	VFG022009(gb|WP_010950308)	29.216	1020	613	31	303	1231	393	1394	8.23e-98	342
g3399.t1	VFG022009(gb|WP_010950308)	32.270	282	178	8	15	288	24	300	2.96e-29	127
g3399.t1	VFG023159(gb|WP_012396946)	35.085	590	338	12	681	1236	2	580	2.02e-97	323
g3399.t1	VFG023159(gb|WP_012396946)	22.371	447	286	16	434	875	88	478	4.25e-08	57.4
g3399.t1	VFG017580(gb|WP_014002007)	35.324	586	342	10	681	1236	2	580	4.36e-97	322
g3399.t1	VFG017580(gb|WP_014002007)	21.064	451	287	15	434	875	88	478	4.78e-07	53.9
g3399.t1	VFG024489(gb|WP_014712598)	29.042	1033	612	32	303	1236	393	1403	4.37e-97	340
g3399.t1	VFG024489(gb|WP_014712598)	32.753	287	178	9	12	288	19	300	1.12e-29	128
g3399.t1	VFG024488(gb|WP_009953125)	29.042	1033	612	32	303	1236	393	1403	7.65e-97	339
g3399.t1	VFG024488(gb|WP_009953125)	32.753	287	178	9	12	288	19	300	9.65e-30	128
g3399.t1	VFG028568(gb|WP_020824019)	29.118	1020	614	31	303	1231	393	1394	1.23e-96	338
g3399.t1	VFG028568(gb|WP_020824019)	32.753	287	178	9	12	288	19	300	7.54e-30	129
g3399.t1	VFG024491(gb|WP_014386130)	29.057	1029	617	32	303	1236	393	1403	1.66e-96	338
g3399.t1	VFG024491(gb|WP_014386130)	32.753	287	178	9	12	288	19	300	9.02e-30	128
g3399.t1	VFG024490(gb|WP_014383546)	29.042	1033	612	32	303	1236	393	1403	1.76e-96	338
g3399.t1	VFG024490(gb|WP_014383546)	32.753	287	178	9	12	288	19	300	9.10e-30	128
g3399.t1	VFG002383(gb|NP_218388)	35.254	590	337	11	681	1236	2	580	1.84e-96	320
g3399.t1	VFG017402(gb|WP_012054385)	35.085	590	338	11	681	1236	2	580	2.85e-95	317
g3399.t1	VFG017402(gb|WP_012054385)	21.064	451	287	15	434	875	88	478	4.66e-07	53.9
g3399.t1	VFG017407(gb|WP_015575383)	35.085	590	338	11	681	1236	2	580	3.67e-95	317
g3399.t1	VFG040864(gb|WP_001172770)	24.653	1298	849	35	9	1208	19	1285	5.61e-91	321
g3399.t1	VFG050122(gb|WP_001172767)	24.499	1298	851	35	9	1208	19	1285	1.70e-90	320
g3399.t1	VFG049942(gb|WP_001172757)	24.576	1298	850	35	9	1208	19	1285	1.90e-90	319
g3399.t1	VFG008310(gb|WP_010907490)	34.753	587	345	12	681	1236	2	581	9.45e-90	302
g3399.t1	VFG008310(gb|WP_010907490)	21.333	450	287	16	434	875	89	479	1.02e-07	56.2
g3399.t1	VFG017413(gb|YP_007959837)	34.729	573	330	10	681	1219	2	564	1.12e-89	302
g3399.t1	VFG018161(gb|WP_000549309)	24.230	1007	644	33	9	934	213	1181	2.42e-78	284
g3399.t1	VFG002409(gb|WP_000549274)	23.573	1086	692	35	9	996	213	1258	3.63e-77	280
g3399.t1	VFG018165(gb|WP_000549269)	24.074	1080	694	36	9	996	213	1258	8.13e-77	279
g3399.t1	VFG018143(gb|WP_000549278)	23.845	1082	694	35	9	996	213	1258	8.20e-77	279
g3399.t1	VFG018154(gb|WP_000549287)	23.845	1082	694	35	9	996	213	1258	9.38e-77	279
g3399.t1	VFG028652(gb|YP_007956484)	36.842	266	167	1	5	270	15	279	1.81e-43	163
g3399.t1	VFG028563(gb|YP_007959860)	31.928	332	215	7	323	646	412	740	4.06e-42	167
g3399.t1	VFG028563(gb|YP_007959860)	32.740	281	176	7	16	288	25	300	4.28e-31	132
g3399.t1	VFG028558(gb|YP_007963812)	32.740	281	176	7	16	288	25	300	6.80e-32	129
