g191.t1	VFG026700(gb|YP_007957699)	32.215	298	177	8	124	406	210	497	8.53e-24	103
g191.t1	VFG022751(gb|YP_001702980)	27.835	194	131	3	220	405	252	444	7.27e-14	72.8
g191.t1	VFG026692(gb|WP_005058871)	27.835	194	131	3	220	405	249	441	7.81e-14	72.8
g191.t1	VFG026686(gb|WP_051223603)	27.835	194	131	3	220	405	249	441	7.88e-14	72.8
g191.t1	VFG024036(gb|WP_009956566)	25.283	265	181	6	153	405	183	442	1.00e-13	72.4
g191.t1	VFG044366(gb|WP_013318790)	28.517	263	163	8	161	407	130	383	1.91e-13	71.2
g191.t1	VFG009568(gb|WP_011741385)	26.433	314	200	10	105	401	142	441	2.44e-13	71.2
g191.t1	VFG011604(gb|WP_006191560)	30.288	208	122	7	214	407	187	385	2.85e-13	70.9
g191.t1	VFG011601(gb|WP_004681148)	30.288	208	122	7	214	407	187	385	2.85e-13	70.9
g191.t1	VFG019334(gb|WP_004685886)	30.288	208	122	7	214	407	187	385	2.87e-13	70.9
g191.t1	VFG026691(gb|WP_015356494)	26.786	280	177	9	139	401	173	441	2.95e-13	70.9
g191.t1	VFG022750(gb|WP_041324788)	26.786	280	177	9	139	401	173	441	3.00e-13	70.9
g191.t1	VFG011605(gb|WP_004687595)	30.288	208	122	7	214	407	187	385	3.01e-13	70.9
g191.t1	VFG011602(gb|WP_002966563)	30.288	208	122	7	214	407	187	385	3.09e-13	70.9
g191.t1	VFG009566(gb|WP_003875926)	26.136	264	182	6	152	405	182	442	3.31e-13	70.9
g191.t1	VFG009567(gb|WP_011724335)	25.468	267	180	6	152	405	182	442	4.45e-13	70.5
g191.t1	VFG019270(gb|WP_006196125)	30.288	208	122	7	214	407	187	385	5.22e-13	70.1
g191.t1	VFG024040(gb|WP_014379711)	24.906	265	182	6	153	405	183	442	5.37e-13	70.1
g191.t1	VFG048558(gb|WP_014907273)	30.412	194	126	3	219	405	237	428	7.27e-13	69.7
g191.t1	VFG003509(gb|WP_005168693)	30.412	194	126	3	219	405	237	428	1.11e-12	69.3
g191.t1	VFG009569(gb|WP_011729893)	26.740	273	185	8	139	401	171	438	1.39e-12	68.9
g191.t1	VFG034008(gb|WP_000703041)	30.412	194	126	3	219	405	237	428	2.00e-12	68.6
g191.t1	VFG034013(gb|WP_000703044)	28.774	212	142	3	201	405	219	428	3.34e-12	67.8
g191.t1	VFG000368(gb|WP_000703040)	30.412	194	126	3	219	405	237	428	3.55e-12	67.8
g191.t1	VFG012529(gb|WP_000703040)	30.412	194	126	3	219	405	237	428	3.55e-12	67.8
g191.t1	VFG003124(gb|WP_002230823)	30.412	194	126	3	219	405	237	428	3.58e-12	67.8
g191.t1	VFG044323(gb|WP_015874960)	30.412	194	126	3	219	405	237	428	3.62e-12	67.8
g191.t1	VFG012527(gb|WP_000703047)	30.412	194	126	3	219	405	237	428	3.78e-12	67.4
g191.t1	VFG034022(gb|WP_000703042)	28.774	212	142	3	201	405	219	428	3.92e-12	67.4
g191.t1	VFG048559(gb|YP_005227761)	30.412	194	126	3	219	405	237	428	5.50e-12	67.0
g191.t1	VFG048557(gb|WP_014229378)	29.897	194	127	3	219	405	237	428	1.63e-11	65.5
g191.t1	VFG048556(gb|WP_014838496)	29.897	194	127	3	219	405	237	428	1.63e-11	65.5
g191.t1	VFG044424(gb|AAW66008)	28.302	212	135	6	211	411	180	385	2.44e-11	64.7
g191.t1	VFG044428(gb|CAJ45635)	27.830	212	136	6	211	411	180	385	4.33e-11	63.9
g191.t1	VFG050007(gb|WP_001001953)	26.190	294	191	8	135	407	99	387	6.85e-11	63.5
g191.t1	VFG026689(gb|WP_015290630)	27.237	257	165	9	143	385	174	422	9.51e-11	63.2
g191.t1	VFG026688(gb|WP_015303465)	26.848	257	166	9	143	385	174	422	1.38e-10	62.8
g191.t1	VFG050010(gb|NP_391079)	31.068	206	125	5	220	414	199	398	2.30e-10	62.0
g191.t1	VFG022753(gb|WP_014001250)	28.736	174	115	3	220	385	250	422	2.91e-10	61.6
g191.t1	VFG009561(gb|YP_177877)	28.736	174	115	3	220	385	250	422	4.38e-10	61.2
g191.t1	VFG016149(gb|WP_197533010)	29.756	205	127	6	219	412	180	378	5.73e-10	60.5
g191.t1	VFG050146(gb|WP_001972440)	29.592	196	127	4	220	407	195	387	6.51e-10	60.5
g191.t1	VFG016148(gb|WP_011168857)	26.882	186	124	4	220	397	261	442	8.92e-10	60.1
g191.t1	VFG050011(gb|WP_001001954)	25.170	294	194	8	135	407	99	387	9.99e-10	59.7
g191.t1	VFG050145(gb|WP_001001947)	25.170	294	194	8	135	407	99	387	1.01e-09	59.7
g191.t1	VFG016147(gb|WP_011104103)	25.806	186	126	4	220	397	269	450	1.32e-09	59.7
g191.t1	VFG044235(gb|WP_011706310)	26.820	261	171	8	161	407	133	387	3.52e-09	58.2
g191.t1	VFG016150(gb|WP_011061768)	30.519	154	101	4	248	399	301	450	6.81e-09	57.4
g191.t1	VFG050002(gb|WP_001001950)	28.788	198	126	5	220	407	195	387	6.83e-09	57.4
g191.t1	VFG007206(gb|WP_011081752)	27.586	203	130	6	220	411	189	385	1.05e-08	56.6
g191.t1	VFG015517(gb|WP_003137488)	28.033	239	153	8	181	406	154	386	1.83e-08	56.2
g191.t1	VFG050147(gb|WP_000657804)	29.500	200	122	6	220	407	195	387	3.20e-08	55.1
g191.t1	VFG015538(gb|WP_011666697)	27.615	239	154	8	181	406	154	386	4.24e-08	55.1
g191.t1	VFG020026(gb|WP_012613547)	28.033	239	153	8	181	406	154	386	4.47e-08	55.1
g191.t1	VFG015515(gb|NP_252903)	28.033	239	153	8	181	406	154	386	4.47e-08	55.1
g191.t1	VFG007204(gb|WP_000245175)	28.079	203	129	5	220	411	191	387	5.03e-08	54.7
g191.t1	VFG000171(gb|NP_252921)	26.214	206	141	4	220	417	267	469	5.10e-08	54.7
g191.t1	VFG015516(gb|WP_012074247)	27.615	239	154	8	181	406	154	386	5.14e-08	55.1
g191.t1	VFG020095(gb|WP_012613541)	26.214	206	141	4	220	417	267	469	6.03e-08	54.7
g191.t1	VFG044421(gb|AAR12563)	27.094	203	131	5	220	411	189	385	6.14e-08	54.3
g191.t1	VFG050006(gb|WP_001002070)	29.293	198	125	5	220	407	195	387	6.34e-08	54.3
g191.t1	VFG016146(gb|WP_003129314)	26.214	206	141	4	220	417	267	469	7.26e-08	54.3
g191.t1	VFG050005(gb|WP_000657806)	28.788	198	126	5	220	407	195	387	1.40e-07	53.1
g191.t1	VFG050008(gb|WP_003185958)	30.256	195	124	4	220	406	199	389	1.45e-07	53.1
g191.t1	VFG048438(gb|WP_004176916)	26.562	192	129	4	214	397	189	376	3.29e-07	52.0
g191.t1	VFG016145(gb|WP_012074234)	26.042	192	131	4	220	403	267	455	3.60e-07	52.0
g191.t1	VFG048439(gb|WP_014907941)	26.108	203	138	4	214	408	189	387	3.76e-07	52.0
g191.t1	VFG048435(gb|YP_005225746)	26.562	192	129	4	214	397	189	376	3.96e-07	51.6
g191.t1	VFG048437(gb|WP_014599079)	26.562	192	129	4	214	397	189	376	5.26e-07	51.2
g191.t1	VFG048434(gb|WP_012542487)	25.980	204	137	5	214	408	189	387	5.72e-06	48.1
g993.t1	VFG026700(gb|YP_007957699)	33.113	302	169	10	131	411	209	498	8.38e-24	103
g993.t1	VFG011604(gb|WP_006191560)	32.836	201	114	8	218	405	187	379	3.05e-15	77.0
g993.t1	VFG011601(gb|WP_004681148)	32.836	201	114	8	218	405	187	379	3.05e-15	77.0
g993.t1	VFG024036(gb|WP_009956566)	26.415	265	180	5	156	409	182	442	3.09e-15	77.0
g993.t1	VFG019334(gb|WP_004685886)	32.836	201	114	8	218	405	187	379	3.11e-15	77.0
g993.t1	VFG011605(gb|WP_004687595)	32.836	201	114	8	218	405	187	379	3.14e-15	77.0
g993.t1	VFG011602(gb|WP_002966563)	32.836	201	114	8	218	405	187	379	3.56e-15	76.6
g993.t1	VFG026691(gb|WP_015356494)	28.782	271	166	8	156	409	185	445	4.36e-15	76.6
g993.t1	VFG022750(gb|WP_041324788)	28.782	271	166	8	156	409	185	445	4.86e-15	76.6
g993.t1	VFG019270(gb|WP_006196125)	32.836	201	114	8	218	405	187	379	5.57e-15	76.3
g993.t1	VFG009568(gb|WP_011741385)	29.213	267	162	8	156	405	185	441	6.54e-15	76.3
g993.t1	VFG024040(gb|WP_014379711)	26.038	265	181	5	156	409	182	442	1.13e-14	75.5
g993.t1	VFG009567(gb|WP_011724335)	26.335	281	181	7	144	409	173	442	1.59e-14	75.1
g993.t1	VFG044366(gb|WP_013318790)	29.796	245	151	9	171	401	136	373	2.35e-14	74.3
g993.t1	VFG009566(gb|WP_003875926)	25.979	281	182	7	144	409	173	442	4.86e-14	73.6
g993.t1	VFG048558(gb|WP_014907273)	29.493	217	142	4	202	409	214	428	2.40e-13	71.2
g993.t1	VFG003509(gb|WP_005168693)	29.493	217	142	4	202	409	214	428	3.50e-13	70.9
g993.t1	VFG034008(gb|WP_000703041)	29.493	217	142	4	202	409	214	428	4.19e-13	70.5
g993.t1	VFG009569(gb|WP_011729893)	27.076	277	177	7	145	405	171	438	5.97e-13	70.1
g993.t1	VFG000368(gb|WP_000703040)	29.493	217	142	4	202	409	214	428	7.11e-13	69.7
g993.t1	VFG012529(gb|WP_000703040)	29.493	217	142	4	202	409	214	428	7.11e-13	69.7
g993.t1	VFG034022(gb|WP_000703042)	29.493	217	142	4	202	409	214	428	7.24e-13	69.7
g993.t1	VFG044323(gb|WP_015874960)	29.493	217	142	4	202	409	214	428	7.31e-13	69.7
g993.t1	VFG012527(gb|WP_000703047)	29.493	217	142	4	202	409	214	428	7.85e-13	69.7
g993.t1	VFG034013(gb|WP_000703044)	29.493	217	142	4	202	409	214	428	8.14e-13	69.7
g993.t1	VFG048559(gb|YP_005227761)	29.493	217	142	4	202	409	214	428	1.20e-12	69.3
g993.t1	VFG022751(gb|YP_001702980)	30.256	195	125	5	224	409	252	444	1.32e-12	68.9
g993.t1	VFG026686(gb|WP_051223603)	30.256	195	125	5	224	409	249	441	1.37e-12	68.9
g993.t1	VFG026692(gb|WP_005058871)	30.256	195	125	5	224	409	249	441	1.43e-12	68.9
g993.t1	VFG048556(gb|WP_014838496)	28.571	217	144	4	202	409	214	428	2.29e-12	68.2
g993.t1	VFG003124(gb|WP_002230823)	29.032	217	143	4	202	409	214	428	2.38e-12	68.2
g993.t1	VFG048557(gb|WP_014229378)	28.571	217	144	4	202	409	214	428	2.55e-12	68.2
g993.t1	VFG022753(gb|WP_014001250)	27.692	260	167	8	144	389	170	422	9.75e-12	66.2
g993.t1	VFG044235(gb|WP_011706310)	31.016	187	116	5	224	401	195	377	9.89e-12	66.2
g993.t1	VFG026688(gb|WP_015303465)	27.734	256	163	9	148	389	175	422	1.33e-11	65.9
g993.t1	VFG009561(gb|YP_177877)	27.692	260	167	8	144	389	170	422	1.72e-11	65.5
g993.t1	VFG026689(gb|WP_015290630)	27.344	256	164	9	148	389	175	422	3.51e-11	64.7
g993.t1	VFG044424(gb|AAW66008)	27.670	206	134	5	215	410	180	380	3.84e-11	64.3
g993.t1	VFG044428(gb|CAJ45635)	27.184	206	135	5	215	410	180	380	6.81e-11	63.5
g993.t1	VFG016149(gb|WP_197533010)	31.282	195	115	6	223	405	180	367	9.75e-11	63.2
g993.t1	VFG048437(gb|WP_014599079)	27.749	191	128	4	218	401	189	376	2.18e-10	62.0
g993.t1	VFG048438(gb|WP_004176916)	27.749	191	128	4	218	401	189	376	2.49e-10	61.6
g993.t1	VFG048435(gb|YP_005225746)	27.749	191	128	4	218	401	189	376	3.04e-10	61.6
g993.t1	VFG048439(gb|WP_014907941)	27.749	191	128	4	218	401	189	376	3.04e-10	61.6
g993.t1	VFG016147(gb|WP_011104103)	24.138	232	163	5	179	401	223	450	3.19e-10	61.6
g993.t1	VFG050007(gb|WP_001001953)	31.746	189	114	5	224	402	195	378	5.09e-10	60.8
g993.t1	VFG016148(gb|WP_011168857)	26.882	186	124	4	224	401	261	442	6.64e-10	60.8
g993.t1	VFG037222(gb|WP_000983827)	27.778	198	130	5	224	412	189	382	1.30e-09	59.7
g993.t1	VFG037218(gb|WP_000983821)	27.778	198	130	5	224	412	189	382	1.39e-09	59.3
g993.t1	VFG050010(gb|NP_391079)	29.858	211	133	5	201	401	176	381	1.52e-09	59.3
g993.t1	VFG037216(gb|WP_000983826)	27.778	198	130	5	224	412	189	382	1.60e-09	59.3
g993.t1	VFG015516(gb|WP_012074247)	29.242	277	165	12	170	426	135	400	2.59e-09	59.3
g993.t1	VFG015517(gb|WP_003137488)	28.102	274	172	10	170	426	135	400	3.33e-09	58.9
g993.t1	VFG050011(gb|WP_001001954)	30.688	189	116	5	224	402	195	378	3.84e-09	58.2
g993.t1	VFG050145(gb|WP_001001947)	30.688	189	116	5	224	402	195	378	3.94e-09	58.2
g993.t1	VFG015538(gb|WP_011666697)	27.737	274	173	10	170	426	135	400	7.27e-09	57.8
g993.t1	VFG048434(gb|WP_012542487)	27.604	192	127	5	218	401	189	376	7.51e-09	57.0
g993.t1	VFG007204(gb|WP_000245175)	28.723	188	119	6	224	401	191	373	7.87e-09	57.0
g993.t1	VFG037224(gb|WP_000983828)	27.273	198	131	5	224	412	189	382	7.94e-09	57.0
g993.t1	VFG037219(gb|YP_001085393)	27.778	198	130	5	224	412	189	382	8.09e-09	57.0
g993.t1	VFG020026(gb|WP_012613547)	28.102	274	172	10	170	426	135	400	8.29e-09	57.4
g993.t1	VFG015515(gb|NP_252903)	28.102	274	172	10	170	426	135	400	8.37e-09	57.4
g993.t1	VFG050146(gb|WP_001972440)	31.016	187	118	4	224	402	195	378	9.09e-09	57.0
g993.t1	VFG000931(gb|WP_001336900)	27.604	192	127	5	218	401	189	376	1.02e-08	56.6
g993.t1	VFG050002(gb|WP_001001950)	30.159	189	117	5	224	402	195	378	1.28e-08	56.6
g993.t1	VFG050008(gb|WP_003185958)	27.907	301	190	9	126	405	90	384	1.99e-08	55.8
g993.t1	VFG012996(gb|WP_005141144)	27.083	192	128	5	218	401	189	376	2.77e-08	55.5
g993.t1	VFG016145(gb|WP_012074234)	28.500	200	132	5	224	415	267	463	2.88e-08	55.5
g993.t1	VFG012995(gb|WP_004980869)	27.083	192	128	5	218	401	189	376	2.92e-08	55.5
g993.t1	VFG048432(gb|WP_014228359)	27.083	192	128	5	218	401	189	376	3.03e-08	55.5
g993.t1	VFG012991(gb|WP_000381303)	27.083	192	128	5	218	401	189	376	3.55e-08	55.1
g993.t1	VFG048431(gb|WP_014837777)	27.083	192	128	5	218	401	189	376	3.58e-08	55.1
g993.t1	VFG050147(gb|WP_000657804)	30.890	191	113	6	224	402	195	378	3.66e-08	55.1
g993.t1	VFG020172(gb|WP_012421470)	27.083	192	128	5	218	401	189	376	3.68e-08	55.1
g993.t1	VFG000171(gb|NP_252921)	28.646	192	126	5	224	407	267	455	4.36e-08	55.1
g993.t1	VFG016146(gb|WP_003129314)	28.646	192	126	5	224	407	267	455	4.48e-08	55.1
g993.t1	VFG020095(gb|WP_012613541)	28.646	192	126	5	224	407	267	455	5.43e-08	54.7
g993.t1	VFG016150(gb|WP_011061768)	29.412	153	104	3	252	403	301	450	6.02e-08	54.7
g993.t1	VFG007206(gb|WP_011081752)	26.531	196	131	5	224	410	189	380	7.52e-08	53.9
g993.t1	VFG050006(gb|WP_001002070)	30.366	191	114	6	224	402	195	378	1.11e-07	53.5
g993.t1	VFG050005(gb|WP_000657806)	30.000	190	114	6	224	401	195	377	1.98e-07	52.8
g993.t1	VFG044421(gb|AAR12563)	27.128	188	122	6	224	401	189	371	1.12e-06	50.4
