g5098.t1	VFG021766(gb|WP_000701508)	26.481	287	195	6	13	292	13	290	1.94e-28	110
g5098.t1	VFG002302(gb|NP_461708)	26.132	287	196	6	13	292	13	290	2.49e-28	110
g5098.t1	VFG004049(gb|WP_000701509)	26.132	287	196	6	13	292	13	290	2.91e-28	110
g5098.t1	VFG004051(gb|WP_000701514)	26.132	287	196	6	13	292	13	290	4.09e-28	109
g5098.t1	VFG021760(gb|WP_000701503)	26.132	287	196	6	13	292	13	290	4.26e-28	109
g5098.t1	VFG021761(gb|WP_000701510)	26.132	287	196	6	13	292	13	290	5.80e-28	109
g5098.t1	VFG021764(gb|WP_000701512)	26.132	287	196	6	13	292	13	290	6.92e-28	109
g5098.t1	VFG018566(gb|WP_000701511)	25.784	287	197	6	13	292	13	290	8.86e-28	108
g5098.t1	VFG018567(gb|WP_000701502)	26.667	285	197	5	13	292	13	290	1.06e-27	108
g2581.t1	VFG002302(gb|NP_461708)	100.000	298	0	0	1	298	1	298	0.0	624
g2581.t1	VFG021760(gb|WP_000701503)	98.993	298	3	0	1	298	1	298	0.0	620
g2581.t1	VFG004049(gb|WP_000701509)	98.993	298	3	0	1	298	1	298	0.0	620
g2581.t1	VFG018566(gb|WP_000701511)	98.658	298	4	0	1	298	1	298	0.0	619
g2581.t1	VFG004051(gb|WP_000701514)	98.322	298	5	0	1	298	1	298	0.0	617
g2581.t1	VFG021761(gb|WP_000701510)	98.322	298	5	0	1	298	1	298	0.0	615
g2581.t1	VFG021764(gb|WP_000701512)	97.651	298	7	0	1	298	1	298	0.0	612
g2581.t1	VFG021766(gb|WP_000701508)	97.315	298	8	0	1	298	1	298	0.0	611
g2581.t1	VFG018567(gb|WP_000701502)	82.215	298	53	0	1	298	1	298	0.0	527
