g105.t1	VFG007979(gb|WP_010907546)	100.000	229	0	0	1	229	1	229	3.45e-175	479
g105.t1	VFG008637(gb|WP_015291078)	75.771	227	54	1	4	229	19	245	1.79e-129	365
g105.t1	VFG007974(gb|NP_217475)	75.771	227	54	1	4	229	19	245	2.96e-129	364
g105.t1	VFG008642(gb|YP_007962827)	75.330	227	55	1	4	229	19	245	1.03e-128	363
g105.t1	VFG008647(gb|YP_007958963)	74.009	227	58	1	4	229	19	245	2.49e-125	354
g105.t1	VFG023867(gb|WP_014711963)	64.783	230	80	1	1	229	3	232	5.49e-110	315
g2908.t1	VFG007974(gb|NP_217475)	100.000	245	0	0	1	245	1	245	0.0	510
g2908.t1	VFG008642(gb|YP_007962827)	99.592	245	1	0	1	245	1	245	0.0	509
g2908.t1	VFG008637(gb|WP_015291078)	99.592	245	1	0	1	245	1	245	0.0	509
g2908.t1	VFG008647(gb|YP_007958963)	98.367	245	4	0	1	245	1	245	0.0	500
g2908.t1	VFG007979(gb|WP_010907546)	75.771	227	54	1	19	245	4	229	3.17e-129	364
g2908.t1	VFG023867(gb|WP_014711963)	71.239	226	65	0	20	245	7	232	4.78e-123	348
