g1003.t1	VFG026731(gb|WP_005058854)	33.010	206	125	4	19	217	296	495	2.79e-20	88.2
g1003.t1	VFG009587(gb|WP_011731354)	34.066	182	113	1	36	217	318	492	1.15e-19	86.7
g1003.t1	VFG044228(gb|WP_044488032)	39.716	141	81	3	79	217	359	497	2.92e-19	85.5
g1003.t1	VFG022788(gb|YP_001702996)	35.971	139	89	0	79	217	357	495	5.95e-19	84.3
g1003.t1	VFG013253(gb|WP_011609176)	29.885	174	119	2	47	217	332	505	3.44e-18	82.4
g1003.t1	VFG013149(gb|WP_041605303)	29.885	174	119	2	47	217	332	505	3.51e-18	82.4
g1003.t1	VFG024069(gb|WP_014941520)	33.990	203	128	4	19	217	296	496	4.62e-18	82.0
g1003.t1	VFG034066(gb|WP_001296192)	34.132	167	105	3	55	217	310	475	4.63e-18	82.0
g1003.t1	VFG024072(gb|WP_014384095)	33.498	203	129	4	19	217	296	496	6.58e-18	81.6
g1003.t1	VFG024071(gb|WP_009952859)	33.498	203	129	4	19	217	296	496	6.90e-18	81.3
g1003.t1	VFG012541(gb|WP_001327954)	34.132	167	105	3	55	217	310	475	9.75e-18	80.9
g1003.t1	VFG034064(gb|WP_001304268)	34.132	167	105	3	55	217	310	475	9.84e-18	80.9
g1003.t1	VFG046110(gb|WP_001317926)	34.132	167	105	3	55	217	310	475	1.02e-17	80.9
g1003.t1	VFG034058(gb|WP_001386872)	34.132	167	105	3	55	217	310	475	1.03e-17	80.9
g1003.t1	VFG002747(gb|WP_001327262)	34.132	167	105	3	55	217	310	475	1.04e-17	80.9
g1003.t1	VFG044326(gb|WP_001327262)	34.132	167	105	3	55	217	310	475	1.04e-17	80.9
g1003.t1	VFG012539(gb|WP_001327262)	34.132	167	105	3	55	217	310	475	1.04e-17	80.9
g1003.t1	VFG003387(gb|WP_012413641)	34.132	167	105	3	55	217	310	475	1.09e-17	80.9
g1003.t1	VFG034073(gb|WP_014640167)	34.132	167	105	3	55	217	310	475	1.12e-17	80.9
g1003.t1	VFG022793(gb|WP_013828472)	39.286	140	83	2	79	217	356	494	1.22e-17	80.9
g1003.t1	VFG000365(gb|WP_002214412)	34.132	167	105	3	55	217	310	475	1.85e-17	80.1
g1003.t1	VFG048570(gb|WP_014907270)	33.533	167	106	3	55	217	310	475	2.07e-17	80.1
g1003.t1	VFG038918(gb|WP_164927583)	34.483	145	95	0	73	217	490	634	4.29e-17	79.3
g1003.t1	VFG024070(gb|WP_014711102)	33.005	203	130	4	19	217	296	496	4.87e-17	79.0
g1003.t1	VFG044229(gb|WP_011533702)	34.731	167	105	3	52	216	349	513	5.41e-17	79.0
g1003.t1	VFG003506(gb|WP_042661463)	32.934	167	107	3	55	217	310	475	1.07e-16	77.8
g1003.t1	VFG048569(gb|WP_014229381)	32.335	167	108	3	55	217	310	475	1.96e-16	77.0
g1003.t1	VFG048568(gb|WP_014838499)	32.335	167	108	3	55	217	310	475	1.96e-16	77.0
g1003.t1	VFG026734(gb|WP_015289787)	37.143	140	86	2	79	217	356	494	1.97e-16	77.0
g1003.t1	VFG026736(gb|WP_015356663)	33.498	203	127	5	19	217	296	494	2.83e-16	76.6
g1003.t1	VFG009584(gb|WP_003873185)	37.589	141	84	3	79	217	355	493	2.93e-16	76.6
g1003.t1	VFG009585(gb|WP_011724227)	37.589	141	84	3	79	217	355	493	2.96e-16	76.6
g1003.t1	VFG022787(gb|WP_012395627)	33.498	203	127	5	19	217	296	494	3.08e-16	76.6
g1003.t1	VFG009586(gb|WP_011741578)	33.498	203	127	5	19	217	296	494	3.14e-16	76.6
g1003.t1	VFG009579(gb|NP_215865)	37.143	140	86	2	79	217	356	494	3.90e-16	76.3
g1003.t1	VFG026750(gb|WP_020822015)	37.589	141	84	3	79	217	355	493	5.39e-16	75.9
g1003.t1	VFG001269(gb|WP_010929996)	33.152	184	113	3	36	217	458	633	6.80e-16	75.9
g1003.t1	VFG009576(gb|WP_024637120)	33.333	144	95	1	74	217	638	780	9.82e-16	75.5
g1003.t1	VFG026735(gb|WP_015292877)	36.429	140	87	2	79	217	356	494	1.14e-15	75.1
g1003.t1	VFG013250(gb|WP_005687513)	30.000	170	113	4	52	217	343	510	1.57e-15	74.7
g1003.t1	VFG009575(gb|WP_003873186)	33.333	144	95	1	74	217	638	780	1.66e-15	74.7
g1003.t1	VFG013249(gb|WP_011271803)	29.586	169	115	3	52	217	343	510	1.86e-15	74.3
g1003.t1	VFG013251(gb|WP_012054790)	29.586	169	115	3	52	217	343	510	1.88e-15	74.3
g1003.t1	VFG013248(gb|WP_010868928)	30.000	170	113	4	52	217	343	510	5.82e-15	72.8
g1003.t1	VFG022786(gb|WP_013828471)	34.973	183	101	6	38	217	609	776	6.30e-15	72.8
g1003.t1	VFG033885(gb|WP_000376538)	32.374	139	94	0	79	217	492	630	9.23e-15	72.4
g1003.t1	VFG007026(gb|WP_155116723)	31.694	183	113	5	44	217	438	617	1.45e-14	71.6
g1003.t1	VFG012478(gb|WP_000376544)	32.374	139	94	0	79	217	492	630	1.50e-14	71.6
g1003.t1	VFG000907(gb|WP_000376545)	32.374	139	94	0	79	217	492	630	1.53e-14	71.6
g1003.t1	VFG012480(gb|WP_000376543)	32.374	139	94	0	79	217	492	630	1.58e-14	71.6
g1003.t1	VFG007025(gb|WP_086016961)	30.939	181	117	3	44	217	438	617	1.66e-14	71.6
g1003.t1	VFG033884(gb|WP_000376541)	32.374	139	94	0	79	217	492	630	1.66e-14	71.6
g1003.t1	VFG016108(gb|WP_011061774)	31.928	166	111	2	53	217	327	491	1.82e-14	71.6
g1003.t1	VFG033882(gb|WP_000987096)	29.861	144	101	0	74	217	487	630	4.12e-14	70.5
g1003.t1	VFG000841(gb|WP_000987091)	29.861	144	101	0	74	217	487	630	4.94e-14	70.1
g1003.t1	VFG044304(gb|WP_000588838)	26.699	206	142	4	14	217	299	497	5.73e-14	70.1
g1003.t1	VFG037266(gb|WP_001090102)	28.125	160	112	2	60	217	324	482	6.87e-14	69.7
g1003.t1	VFG016107(gb|WP_003137474)	33.929	168	105	2	38	205	316	477	8.37e-14	69.7
g1003.t1	VFG033929(gb|WP_001111198)	34.028	144	95	0	74	217	982	1125	8.43e-14	69.7
g1003.t1	VFG033929(gb|WP_001111198)	25.123	203	143	3	21	217	308	507	1.14e-08	54.7
g1003.t1	VFG012971(gb|WP_011378643)	34.028	144	95	0	74	217	982	1125	8.68e-14	69.7
g1003.t1	VFG012971(gb|WP_011378643)	25.616	203	142	3	21	217	308	507	3.68e-09	56.2
g1003.t1	VFG001266(gb|NP_252912)	33.929	168	105	2	38	205	316	477	8.94e-14	69.3
g1003.t1	VFG012510(gb|WP_001298170)	34.028	144	95	0	74	217	982	1125	9.01e-14	69.7
g1003.t1	VFG012510(gb|WP_001298170)	26.108	203	141	3	21	217	308	507	1.18e-09	57.4
g1003.t1	VFG012509(gb|WP_001111200)	34.028	144	95	0	74	217	982	1125	9.01e-14	69.7
g1003.t1	VFG012509(gb|WP_001111200)	25.616	203	142	3	21	217	308	507	3.82e-09	55.8
g1003.t1	VFG020086(gb|WP_012613545)	33.929	168	105	2	38	205	316	477	9.29e-14	69.3
g1003.t1	VFG013252(gb|WP_010945439)	29.143	175	120	3	46	217	332	505	9.69e-14	69.3
g1003.t1	VFG048551(gb|WP_011251260)	33.333	147	98	0	71	217	978	1124	1.14e-13	69.3
g1003.t1	VFG048551(gb|WP_011251260)	27.451	204	136	5	21	217	308	506	8.96e-10	57.8
g1003.t1	VFG007023(gb|WP_149591715)	30.588	170	115	2	50	217	449	617	1.36e-13	68.9
g1003.t1	VFG044336(gb|WP_050767835)	32.639	144	97	0	74	217	981	1124	2.32e-13	68.6
g1003.t1	VFG044336(gb|WP_050767835)	26.852	216	146	5	9	217	296	506	4.40e-10	58.9
g1003.t1	VFG016186(gb|WP_005762824)	33.333	138	92	0	80	217	368	505	2.33e-13	68.2
g1003.t1	VFG016106(gb|WP_012074240)	34.524	168	104	2	38	205	316	477	2.92e-13	67.8
g1003.t1	VFG037261(gb|YP_001085396)	28.125	160	112	2	60	217	257	415	3.15e-13	67.8
g1003.t1	VFG016184(gb|WP_005762826)	36.306	157	98	2	62	217	342	497	3.16e-13	67.8
g1003.t1	VFG037258(gb|WP_001090101)	28.125	160	112	2	60	217	324	482	3.46e-13	67.8
g1003.t1	VFG046674(gb|WP_012280806)	30.464	151	97	4	71	217	367	513	3.92e-13	67.4
g1003.t1	VFG046688(gb|WP_041263713)	29.586	169	104	5	57	217	352	513	4.28e-13	67.4
g1003.t1	VFG016112(gb|WP_171053477)	33.333	171	100	5	54	217	332	495	5.16e-13	67.4
g1003.t1	VFG012512(gb|WP_001111199)	33.333	144	96	0	74	217	982	1125	5.91e-13	67.4
g1003.t1	VFG012512(gb|WP_001111199)	25.123	203	143	3	21	217	308	507	1.13e-08	54.7
g1003.t1	VFG012511(gb|WP_001442133)	33.333	144	96	0	74	217	982	1125	5.91e-13	67.4
g1003.t1	VFG012511(gb|WP_001442133)	25.123	203	143	3	21	217	308	507	1.12e-08	54.7
g1003.t1	VFG026711(gb|WP_015289786)	32.639	144	96	1	74	217	628	770	6.32e-13	67.0
g1003.t1	VFG022782(gb|WP_003910332)	32.639	144	96	1	74	217	628	770	6.32e-13	67.0
g1003.t1	VFG009570(gb|NP_215864)	32.639	144	96	1	74	217	628	770	6.94e-13	67.0
g1003.t1	VFG026726(gb|YP_005922613)	32.639	144	96	1	74	217	628	770	7.08e-13	67.0
g1003.t1	VFG026719(gb|WP_025202597)	32.639	144	96	1	74	217	628	770	7.49e-13	67.0
g1003.t1	VFG044147(gb|NP_461701)	32.121	165	106	3	57	217	966	1128	9.65e-13	66.6
g1003.t1	VFG044147(gb|NP_461701)	28.289	152	97	3	74	217	359	506	2.33e-09	56.6
g1003.t1	VFG044303(gb|WP_001044024)	26.244	221	152	4	1	217	286	499	1.07e-12	66.2
g1003.t1	VFG016185(gb|WP_011168851)	34.969	163	104	2	56	217	336	497	1.08e-12	66.2
g1003.t1	VFG026714(gb|WP_005058852)	33.108	148	90	3	74	217	633	775	1.36e-12	66.2
g1003.t1	VFG016187(gb|WP_011168850)	28.652	178	114	1	40	217	341	505	1.36e-12	65.9
g1003.t1	VFG026708(gb|WP_016342533)	33.108	148	90	3	74	217	633	775	1.38e-12	66.2
g1003.t1	VFG046680(gb|WP_003020700)	31.892	185	101	8	46	217	341	513	1.74e-12	65.5
g1003.t1	VFG026712(gb|WP_015292876)	31.944	144	97	1	74	217	629	771	2.08e-12	65.5
g1003.t1	VFG022783(gb|WP_014000720)	31.944	144	97	1	74	217	628	770	2.35e-12	65.5
g1003.t1	VFG026710(gb|WP_015302951)	31.944	144	97	1	74	217	628	770	2.48e-12	65.5
g1003.t1	VFG046678(gb|WP_012429567)	31.892	185	101	8	46	217	341	513	2.57e-12	65.1
g1003.t1	VFG046673(gb|WP_003039938)	30.811	185	103	7	46	217	341	513	2.74e-12	65.1
g1003.t1	VFG009578(gb|WP_011731355)	32.639	144	96	1	74	217	627	769	2.86e-12	65.1
g1003.t1	VFG037260(gb|WP_001095752)	28.244	131	94	0	87	217	352	482	2.90e-12	65.1
g1003.t1	VFG037264(gb|WP_020753356)	28.244	131	94	0	87	217	352	482	3.67e-12	64.7
g1003.t1	VFG044153(gb|WP_011063599)	31.313	198	129	4	22	217	301	493	4.93e-12	64.3
g1003.t1	VFG046684(gb|WP_014549988)	31.892	185	101	8	46	217	341	513	5.51e-12	64.3
g1003.t1	VFG026729(gb|WP_020822014)	34.028	144	94	1	74	217	640	782	8.01e-12	63.9
g1003.t1	VFG013717(gb|WP_006769628)	33.908	174	90	4	56	217	4	164	9.03e-12	62.8
g1003.t1	VFG044143(gb|WP_002209483)	35.616	146	79	5	79	217	360	497	1.05e-11	63.5
g1003.t1	VFG044091(gb|NP_252096)	31.980	197	127	4	23	217	302	493	1.15e-11	63.2
g1003.t1	VFG022780(gb|WP_012395628)	32.639	144	96	1	74	217	643	785	1.20e-11	63.2
g1003.t1	VFG022781(gb|YP_001702997)	32.432	148	91	3	74	217	633	775	1.64e-11	62.8
g1003.t1	VFG021792(gb|WP_013241846)	29.412	153	90	2	74	217	34	177	1.68e-11	62.0
g1003.t1	VFG026722(gb|YP_007957462)	31.250	144	98	1	74	217	631	773	3.04e-11	62.0
g1003.t1	VFG046675(gb|WP_010031959)	31.351	185	102	8	46	217	341	513	3.52e-11	61.6
g1003.t1	VFG046677(gb|WP_011648738)	31.351	185	102	8	46	217	344	516	3.70e-11	61.6
g1003.t1	VFG009577(gb|WP_011741579)	31.944	144	97	1	74	217	643	785	4.53e-11	61.6
g1003.t1	VFG044358(gb|WP_013317301)	37.143	140	80	3	82	217	29	164	6.01e-11	60.5
g1003.t1	VFG026713(gb|WP_015356664)	31.944	144	97	1	74	217	643	785	1.20e-10	60.5
g1003.t1	VFG024067(gb|WP_036458564)	33.333	144	95	1	74	217	640	782	3.99e-10	58.9
g1003.t1	VFG016166(gb|WP_003372869)	33.571	140	85	2	82	217	29	164	4.13e-10	57.8
g1003.t1	VFG024068(gb|WP_014379607)	33.333	144	95	1	74	217	640	782	5.29e-10	58.5
g1003.t1	VFG013727(gb|WP_004566911)	28.472	144	103	0	74	217	31	174	5.67e-10	57.4
g1003.t1	VFG044105(gb|WP_010922614)	26.012	173	118	2	50	217	1	168	6.81e-10	57.4
g1003.t1	VFG048565(gb|WP_014229380)	27.439	164	117	1	56	217	343	506	1.33e-09	57.0
g1003.t1	VFG048564(gb|WP_014838498)	27.439	164	117	1	56	217	343	506	1.47e-09	57.0
g1003.t1	VFG024066(gb|WP_026071504)	33.333	144	95	1	74	217	640	782	1.64e-09	57.0
g1003.t1	VFG024065(gb|WP_014711101)	33.333	144	95	1	74	217	640	782	1.66e-09	57.0
g1003.t1	VFG024064(gb|WP_043955645)	33.333	144	95	1	74	217	640	782	1.80e-09	57.0
g1003.t1	VFG016167(gb|WP_004665393)	33.571	140	85	3	82	217	29	164	1.95e-09	55.8
g1003.t1	VFG044310(gb|WP_006486076)	35.000	160	96	3	62	217	13	168	7.59e-09	54.3
g1003.t1	VFG021794(gb|WP_013240890)	27.419	186	126	3	34	217	7	185	1.01e-08	53.9
g1003.t1	VFG021859(gb|WP_011726610)	26.267	217	148	5	6	217	302	511	1.44e-08	53.9
g1003.t1	VFG034041(gb|WP_000654453)	26.829	164	118	1	56	217	343	506	1.79e-08	53.9
g1003.t1	VFG048566(gb|WP_014907271)	26.829	164	118	1	56	217	343	506	2.75e-08	53.1
g1003.t1	VFG018924(gb|WP_012229555)	26.829	164	118	1	56	217	343	506	2.88e-08	53.1
g1003.t1	VFG034056(gb|WP_001608389)	26.829	164	118	1	56	217	343	506	2.94e-08	53.1
g1003.t1	VFG034049(gb|WP_000654452)	26.829	164	118	1	56	217	343	506	3.02e-08	53.1
g1003.t1	VFG012535(gb|WP_001327263)	26.829	164	118	1	56	217	343	506	3.02e-08	53.1
g1003.t1	VFG034051(gb|WP_014639938)	26.829	164	118	1	56	217	343	506	3.05e-08	53.1
g1003.t1	VFG003507(gb|WP_005168689)	26.829	164	118	1	56	217	343	506	3.08e-08	53.1
g1003.t1	VFG034048(gb|WP_024256148)	26.829	164	118	1	56	217	343	506	3.13e-08	53.1
g1003.t1	VFG012537(gb|WP_001304269)	26.829	164	118	1	56	217	343	506	3.13e-08	53.1
g1003.t1	VFG048567(gb|YP_005227763)	26.829	164	118	1	56	217	343	506	3.22e-08	53.1
g1003.t1	VFG034050(gb|WP_001446633)	26.829	164	118	1	56	217	343	506	3.22e-08	53.1
g1003.t1	VFG000366(gb|WP_002212761)	26.829	164	118	1	56	217	343	506	3.25e-08	53.1
g1003.t1	VFG044325(gb|WP_002212761)	26.829	164	118	1	56	217	343	506	3.25e-08	53.1
g1003.t1	VFG012536(gb|WP_001295637)	26.829	164	118	1	56	217	343	506	3.35e-08	53.1
g1003.t1	VFG037280(gb|WP_001281545)	29.371	143	90	3	75	217	347	478	6.63e-08	52.0
g1003.t1	VFG026747(gb|YP_005922614)	36.275	102	63	2	117	217	395	495	7.38e-08	52.0
g1003.t1	VFG037277(gb|WP_031967279)	29.371	143	90	3	75	217	338	469	8.80e-08	51.6
g1003.t1	VFG037274(gb|WP_001281538)	29.371	143	90	3	75	217	347	478	8.84e-08	51.6
g1003.t1	VFG038916(gb|WP_011705263)	30.137	146	98	2	74	217	470	613	1.14e-07	51.6
g1003.t1	VFG037278(gb|WP_139161447)	30.882	136	83	3	82	217	345	469	1.30e-07	51.2
g1003.t1	VFG012538(gb|WP_001350678)	27.941	136	98	0	82	217	371	506	1.50e-07	51.2
g1003.t1	VFG013732(gb|WP_006769637)	30.065	153	89	3	74	217	24	167	1.88e-07	50.1
g1003.t1	VFG021855(gb|WP_011726608)	29.371	143	101	0	75	217	31	173	2.08e-07	50.1
g1003.t1	VFG007238(gb|WP_000379797)	28.824	170	117	4	50	217	14	181	3.09e-07	49.7
g1003.t1	VFG037272(gb|WP_001281555)	30.147	136	84	3	82	217	354	478	3.10e-07	50.1
g1003.t1	VFG006259(gb|WP_003687540)	27.742	155	88	5	74	217	22	163	3.22e-07	49.7
g1003.t1	VFG037273(gb|WP_001281554)	30.147	136	84	3	82	217	354	478	3.25e-07	50.1
g1003.t1	VFG036559(gb|WP_013449339)	30.464	151	89	6	74	217	22	163	3.54e-07	49.7
g1003.t1	VFG030686(gb|YP_001702115)	30.909	165	105	4	55	217	2	159	3.84e-07	49.7
g1003.t1	VFG030706(gb|WP_005059672)	30.909	165	105	4	55	217	2	159	4.29e-07	49.7
g1003.t1	VFG030700(gb|WP_005098896)	30.909	165	105	4	55	217	2	159	4.41e-07	49.3
g1003.t1	VFG023853(gb|WP_026071342)	33.333	153	95	4	66	217	16	162	6.92e-07	48.9
g1003.t1	VFG016110(gb|WP_012074239)	29.104	134	94	1	73	206	346	478	9.51e-07	48.5
g1003.t1	VFG013573(gb|WP_011608934)	27.811	169	98	6	57	217	4	156	1.19e-06	48.1
g1003.t1	VFG013192(gb|WP_012340414)	27.811	169	98	6	57	217	4	156	1.21e-06	48.1
g1003.t1	VFG036556(gb|WP_014581848)	29.412	153	88	6	74	217	22	163	2.05e-06	47.4
g1003.t1	VFG013730(gb|WP_010934773)	25.989	177	113	2	50	217	1	168	2.09e-06	47.0
g1003.t1	VFG020087(gb|WP_012613544)	30.405	148	92	5	63	206	338	478	2.23e-06	47.4
g1003.t1	VFG044225(gb|WP_011533698)	37.879	66	41	0	74	139	19	84	2.49e-06	47.0
g1003.t1	VFG013728(gb|WP_011273788)	26.452	155	92	3	74	217	23	166	2.58e-06	47.0
g1003.t1	VFG030704(gb|WP_015292799)	29.697	165	107	4	55	217	2	159	3.76e-06	46.6
g1003.t1	VFG030689(gb|WP_014000675)	29.697	165	107	4	55	217	2	159	3.87e-06	46.6
g1003.t1	VFG036552(gb|WP_002214252)	27.097	155	89	5	74	217	22	163	3.88e-06	46.6
g1003.t1	VFG016111(gb|WP_003137473)	27.723	202	133	7	9	206	286	478	3.91e-06	47.0
g1003.t1	VFG001267(gb|NP_252913)	30.612	147	91	5	63	205	338	477	4.45e-06	46.6
g1003.t1	VFG001206(gb|WP_002219640)	27.097	155	89	5	74	217	22	163	4.50e-06	46.2
g1003.t1	VFG036553(gb|WP_014581175)	27.097	155	89	5	74	217	22	163	4.80e-06	46.2
g1003.t1	VFG030724(gb|WP_015308640)	29.825	171	99	7	55	217	2	159	5.08e-06	46.2
g1003.t1	VFG023850(gb|WP_043955033)	32.680	153	96	4	66	217	16	162	5.12e-06	46.2
g1003.t1	VFG044362(gb|WP_033111968)	26.061	165	114	2	57	217	5	165	7.25e-06	45.4
g1003.t1	VFG008678(gb|WP_041321021)	46.429	56	30	0	66	121	16	71	8.37e-06	45.4
g1605.t1	VFG001269(gb|WP_010929996)	28.111	434	304	5	106	533	246	677	2.29e-34	137
g1605.t1	VFG026731(gb|WP_005058854)	29.086	361	243	6	188	539	188	544	1.04e-30	125
g1605.t1	VFG046688(gb|WP_041263713)	33.023	215	134	5	331	539	352	562	1.76e-30	125
g1605.t1	VFG044303(gb|WP_001044024)	23.711	485	355	9	60	537	71	547	2.76e-29	122
g1605.t1	VFG013253(gb|WP_011609176)	28.613	346	231	7	199	533	209	549	3.21e-29	121
g1605.t1	VFG033882(gb|WP_000987096)	25.641	468	329	13	84	540	221	680	3.69e-29	122
g1605.t1	VFG013149(gb|WP_041605303)	28.613	346	231	7	199	533	209	549	3.86e-29	121
g1605.t1	VFG044228(gb|WP_044488032)	27.076	554	356	16	8	537	16	545	1.37e-28	119
g1605.t1	VFG000841(gb|WP_000987091)	25.427	468	330	13	84	540	221	680	1.45e-28	120
g1605.t1	VFG022788(gb|YP_001702996)	36.916	214	128	4	331	539	333	544	1.73e-28	119
g1605.t1	VFG046674(gb|WP_012280806)	33.173	208	129	5	331	532	352	555	2.47e-28	119
g1605.t1	VFG012480(gb|WP_000376543)	24.497	547	368	13	9	533	151	674	3.60e-28	119
g1605.t1	VFG046684(gb|WP_014549988)	33.333	213	128	6	331	535	352	558	4.51e-28	118
g1605.t1	VFG046680(gb|WP_003020700)	33.023	215	130	6	331	537	352	560	4.62e-28	117
g1605.t1	VFG024069(gb|WP_014941520)	40.957	188	107	3	353	537	358	544	5.06e-28	118
g1605.t1	VFG033884(gb|WP_000376541)	24.497	547	368	13	9	533	151	674	6.24e-28	118
g1605.t1	VFG046673(gb|WP_003039938)	33.333	213	128	6	331	535	352	558	6.29e-28	117
g1605.t1	VFG012478(gb|WP_000376544)	24.497	547	368	13	9	533	151	674	7.15e-28	118
g1605.t1	VFG046678(gb|WP_012429567)	33.023	215	130	6	331	537	352	560	7.20e-28	117
g1605.t1	VFG033885(gb|WP_000376538)	24.497	547	368	13	9	533	151	674	8.26e-28	117
g1605.t1	VFG000907(gb|WP_000376545)	24.314	547	369	13	9	533	151	674	8.34e-28	117
g1605.t1	VFG024071(gb|WP_009952859)	40.426	188	108	3	353	537	358	544	1.19e-27	117
g1605.t1	VFG024072(gb|WP_014384095)	40.426	188	108	3	353	537	358	544	1.35e-27	116
g1605.t1	VFG022793(gb|WP_013828472)	31.129	363	237	8	184	537	184	542	1.61e-27	116
g1605.t1	VFG013251(gb|WP_012054790)	26.087	391	269	9	165	542	180	563	3.06e-27	115
g1605.t1	VFG013249(gb|WP_011271803)	26.087	391	269	9	165	542	180	563	3.11e-27	115
g1605.t1	VFG009585(gb|WP_011724227)	38.095	210	121	3	330	536	337	540	3.39e-27	115
g1605.t1	VFG024070(gb|WP_014711102)	39.894	188	109	3	353	537	358	544	5.90e-27	114
g1605.t1	VFG046675(gb|WP_010031959)	32.558	215	131	6	331	537	352	560	6.19e-27	114
g1605.t1	VFG046677(gb|WP_011648738)	32.558	215	131	6	331	537	355	563	6.59e-27	114
g1605.t1	VFG009584(gb|WP_003873185)	37.383	214	127	4	331	539	331	542	6.67e-27	114
g1605.t1	VFG013250(gb|WP_005687513)	25.831	391	270	9	165	542	180	563	6.77e-27	114
g1605.t1	VFG013252(gb|WP_010945439)	28.612	353	228	9	199	536	209	552	2.19e-26	113
g1605.t1	VFG013248(gb|WP_010868928)	25.253	396	278	8	159	542	174	563	2.59e-26	112
g1605.t1	VFG009587(gb|WP_011731354)	32.000	300	197	4	242	536	242	539	5.01e-26	112
g1605.t1	VFG026750(gb|WP_020822015)	39.785	186	108	3	355	537	357	541	5.20e-26	112
g1605.t1	VFG009586(gb|WP_011741578)	39.362	188	110	2	353	537	356	542	1.41e-25	110
g1605.t1	VFG046110(gb|WP_001317926)	28.401	419	270	12	139	539	118	524	1.47e-25	110
g1605.t1	VFG022787(gb|WP_012395627)	39.362	188	110	2	353	537	356	542	1.61e-25	110
g1605.t1	VFG026736(gb|WP_015356663)	39.362	188	110	2	353	537	356	542	1.66e-25	110
g1605.t1	VFG034058(gb|WP_001386872)	28.401	419	270	12	139	539	118	524	1.73e-25	110
g1605.t1	VFG012541(gb|WP_001327954)	28.401	419	270	12	139	539	118	524	2.11e-25	110
g1605.t1	VFG007025(gb|WP_086016961)	26.531	441	308	9	103	533	227	661	4.18e-25	109
g1605.t1	VFG034066(gb|WP_001296192)	28.162	419	271	12	139	539	118	524	4.28e-25	108
g1605.t1	VFG007026(gb|WP_155116723)	26.531	441	308	9	103	533	227	661	5.52e-25	109
g1605.t1	VFG007023(gb|WP_149591715)	26.304	441	309	9	103	533	227	661	5.98e-25	108
g1605.t1	VFG016185(gb|WP_011168851)	30.827	399	235	13	160	536	165	544	6.33e-25	108
g1605.t1	VFG034073(gb|WP_014640167)	28.401	419	270	12	139	539	118	524	6.87e-25	108
g1605.t1	VFG002747(gb|WP_001327262)	28.162	419	271	12	139	539	118	524	9.01e-25	108
g1605.t1	VFG044326(gb|WP_001327262)	28.162	419	271	12	139	539	118	524	9.01e-25	108
g1605.t1	VFG012539(gb|WP_001327262)	28.162	419	271	12	139	539	118	524	9.01e-25	108
g1605.t1	VFG044143(gb|WP_002209483)	28.956	297	196	8	257	542	262	554	1.20e-24	107
g1605.t1	VFG026734(gb|WP_015289787)	40.000	190	109	3	353	539	356	543	1.25e-24	107
g1605.t1	VFG000365(gb|WP_002214412)	28.162	419	271	12	139	539	118	524	1.37e-24	107
g1605.t1	VFG034064(gb|WP_001304268)	28.162	419	271	12	139	539	118	524	1.44e-24	107
g1605.t1	VFG048570(gb|WP_014907270)	28.266	421	268	13	139	539	118	524	1.64e-24	107
g1605.t1	VFG003387(gb|WP_012413641)	28.162	419	271	13	139	539	118	524	1.84e-24	107
g1605.t1	VFG009579(gb|NP_215865)	40.000	190	109	3	353	539	356	543	2.07e-24	107
g1605.t1	VFG033929(gb|WP_001111198)	29.496	278	190	3	266	537	898	1175	2.18e-24	107
g1605.t1	VFG033929(gb|WP_001111198)	31.405	242	157	4	301	533	311	552	1.23e-16	83.6
g1605.t1	VFG012971(gb|WP_011378643)	29.496	278	190	3	266	537	898	1175	2.20e-24	107
g1605.t1	VFG012971(gb|WP_011378643)	31.818	242	156	4	301	533	311	552	3.37e-17	85.5
g1605.t1	VFG012510(gb|WP_001298170)	29.496	278	190	3	266	537	898	1175	2.26e-24	107
g1605.t1	VFG012510(gb|WP_001298170)	32.231	242	155	4	301	533	311	552	1.04e-17	87.0
g1605.t1	VFG012509(gb|WP_001111200)	29.496	278	190	3	266	537	898	1175	2.47e-24	107
g1605.t1	VFG012509(gb|WP_001111200)	31.818	242	156	4	301	533	311	552	3.78e-17	85.1
g1605.t1	VFG048569(gb|WP_014229381)	28.504	421	267	13	139	539	118	524	3.26e-24	106
g1605.t1	VFG048568(gb|WP_014838499)	28.162	419	271	12	139	539	118	524	3.67e-24	106
g1605.t1	VFG044336(gb|WP_050767835)	28.198	344	227	7	192	522	823	1159	5.84e-24	106
g1605.t1	VFG044336(gb|WP_050767835)	32.653	245	157	4	301	537	311	555	5.27e-23	103
g1605.t1	VFG026735(gb|WP_015292877)	39.474	190	110	3	353	539	356	543	6.47e-24	105
g1605.t1	VFG003506(gb|WP_042661463)	27.685	419	273	12	139	539	118	524	7.09e-24	105
g1605.t1	VFG044304(gb|WP_000588838)	26.934	349	244	8	192	533	197	541	7.70e-24	105
g1605.t1	VFG038918(gb|WP_164927583)	27.451	459	322	7	83	533	223	678	9.20e-24	105
g1605.t1	VFG048551(gb|WP_011251260)	28.488	344	226	7	192	522	823	1159	9.26e-24	105
g1605.t1	VFG048551(gb|WP_011251260)	32.653	245	157	4	301	537	311	555	1.13e-22	102
g1605.t1	VFG044147(gb|NP_461701)	26.989	352	251	3	192	537	827	1178	1.09e-23	105
g1605.t1	VFG044147(gb|NP_461701)	31.020	245	161	4	301	537	311	555	3.83e-22	100
g1605.t1	VFG012511(gb|WP_001442133)	29.137	278	191	3	266	537	898	1175	1.16e-23	105
g1605.t1	VFG012511(gb|WP_001442133)	31.405	242	157	4	301	533	311	552	1.27e-16	83.6
g1605.t1	VFG012512(gb|WP_001111199)	29.137	278	191	3	266	537	898	1175	1.79e-23	105
g1605.t1	VFG012512(gb|WP_001111199)	31.405	242	157	4	301	533	311	552	1.26e-16	83.6
g1605.t1	VFG044229(gb|WP_011533702)	30.214	374	240	11	179	537	195	562	1.81e-23	104
g1605.t1	VFG037258(gb|WP_001090101)	34.831	178	110	3	348	522	339	513	2.15e-23	103
g1605.t1	VFG037261(gb|YP_001085396)	34.831	178	110	3	348	522	272	446	2.17e-23	103
g1605.t1	VFG026714(gb|WP_005058852)	36.548	197	114	4	347	537	632	823	8.93e-23	102
g1605.t1	VFG037266(gb|WP_001090102)	34.270	178	111	3	348	522	339	513	9.00e-23	101
g1605.t1	VFG026708(gb|WP_016342533)	36.548	197	114	4	347	537	632	823	9.09e-23	102
g1605.t1	VFG044153(gb|WP_011063599)	33.469	245	148	5	298	533	300	538	1.00e-22	102
g1605.t1	VFG016106(gb|WP_012074240)	39.130	230	132	4	316	541	316	541	1.17e-22	101
g1605.t1	VFG013717(gb|WP_006769628)	39.487	195	112	3	331	521	5	197	1.18e-22	97.4
g1605.t1	VFG016184(gb|WP_005762826)	30.769	390	247	10	160	536	165	544	1.41e-22	101
g1605.t1	VFG037260(gb|WP_001095752)	34.270	178	111	3	348	522	339	513	1.45e-22	101
g1605.t1	VFG037264(gb|WP_020753356)	34.270	178	111	3	348	522	339	513	1.66e-22	100
g1605.t1	VFG016107(gb|WP_003137474)	39.640	222	126	4	316	533	316	533	2.03e-22	100
g1605.t1	VFG048566(gb|WP_014907271)	27.907	430	259	13	132	533	145	551	2.03e-22	100
g1605.t1	VFG001266(gb|NP_252912)	39.819	221	125	4	316	532	316	532	3.83e-22	100
g1605.t1	VFG020086(gb|WP_012613545)	39.819	221	125	4	316	532	316	532	3.97e-22	100
g1605.t1	VFG034049(gb|WP_000654452)	28.333	420	270	13	132	533	145	551	4.30e-22	100
g1605.t1	VFG012535(gb|WP_001327263)	28.333	420	270	13	132	533	145	551	4.30e-22	100
g1605.t1	VFG012537(gb|WP_001304269)	28.333	420	270	13	132	533	145	551	4.34e-22	100
g1605.t1	VFG012536(gb|WP_001295637)	28.333	420	270	13	132	533	145	551	4.34e-22	100
g1605.t1	VFG034051(gb|WP_014639938)	28.333	420	270	13	132	533	145	551	4.62e-22	99.8
g1605.t1	VFG034056(gb|WP_001608389)	28.333	420	270	13	132	533	145	551	4.96e-22	99.8
g1605.t1	VFG034048(gb|WP_024256148)	28.333	420	270	13	132	533	145	551	5.37e-22	99.8
g1605.t1	VFG009575(gb|WP_003873186)	36.598	194	118	3	347	537	637	828	6.21e-22	100
g1605.t1	VFG034041(gb|WP_000654453)	28.333	420	270	13	132	533	145	551	6.54e-22	99.4
g1605.t1	VFG048567(gb|YP_005227763)	28.333	420	270	13	132	533	145	551	7.48e-22	99.4
g1605.t1	VFG034050(gb|WP_001446633)	28.333	420	270	13	132	533	145	551	7.48e-22	99.4
g1605.t1	VFG016108(gb|WP_011061774)	33.632	223	136	3	314	533	322	535	7.76e-22	99.0
g1605.t1	VFG000366(gb|WP_002212761)	28.333	420	270	13	132	533	145	551	8.40e-22	99.0
g1605.t1	VFG044325(gb|WP_002212761)	28.333	420	270	13	132	533	145	551	8.40e-22	99.0
g1605.t1	VFG009576(gb|WP_024637120)	36.598	194	118	3	347	537	637	828	9.84e-22	99.4
g1605.t1	VFG022781(gb|YP_001702997)	36.041	197	115	4	347	537	632	823	1.09e-21	99.4
g1605.t1	VFG048565(gb|WP_014229380)	27.488	422	271	11	132	533	145	551	1.12e-21	98.6
g1605.t1	VFG003507(gb|WP_005168689)	28.095	420	271	13	132	533	145	551	1.40e-21	98.6
g1605.t1	VFG018924(gb|WP_012229555)	28.333	420	270	13	132	533	145	551	1.73e-21	98.2
g1605.t1	VFG022786(gb|WP_013828471)	35.981	214	129	5	329	537	614	824	2.04e-21	98.6
g1605.t1	VFG012538(gb|WP_001350678)	27.570	428	263	12	132	533	145	551	3.09e-21	97.4
g1605.t1	VFG048564(gb|WP_014838498)	27.407	405	270	9	132	522	145	539	4.00e-21	97.1
g1605.t1	VFG021792(gb|WP_013241846)	32.105	190	125	3	348	533	34	223	7.48e-21	92.4
g1605.t1	VFG009578(gb|WP_011731355)	37.368	190	114	3	347	533	626	813	1.37e-20	95.9
g1605.t1	VFG038916(gb|WP_011705263)	28.989	445	271	16	113	533	234	657	1.44e-20	95.5
g1605.t1	VFG016187(gb|WP_011168850)	36.364	187	115	2	354	537	368	553	2.88e-20	94.4
g1605.t1	VFG016186(gb|WP_005762824)	36.364	187	115	2	354	537	368	553	3.10e-20	94.4
g1605.t1	VFG026719(gb|WP_025202597)	38.095	189	112	3	348	533	628	814	1.34e-19	92.8
g1605.t1	VFG022782(gb|WP_003910332)	38.095	189	112	3	348	533	628	814	1.34e-19	92.8
g1605.t1	VFG030686(gb|YP_001702115)	36.449	214	114	9	331	533	4	206	1.50e-19	90.5
g1605.t1	VFG026711(gb|WP_015289786)	38.095	189	112	3	348	533	628	814	1.63e-19	92.4
g1605.t1	VFG030700(gb|WP_005098896)	36.449	214	114	9	331	533	4	206	1.71e-19	90.5
g1605.t1	VFG009570(gb|NP_215864)	38.095	189	112	3	348	533	628	814	1.81e-19	92.4
g1605.t1	VFG030706(gb|WP_005059672)	36.449	214	114	9	331	533	4	206	1.86e-19	90.5
g1605.t1	VFG026726(gb|YP_005922613)	38.095	189	112	3	348	533	628	814	1.89e-19	92.4
g1605.t1	VFG026710(gb|WP_015302951)	38.095	189	112	3	348	533	628	814	1.96e-19	92.0
g1605.t1	VFG022783(gb|WP_014000720)	38.095	189	112	3	348	533	628	814	1.96e-19	92.0
g1605.t1	VFG037277(gb|WP_031967279)	28.369	282	185	5	252	530	245	512	2.23e-19	91.3
g1605.t1	VFG037274(gb|WP_001281538)	28.269	283	186	5	251	530	253	521	2.49e-19	91.3
g1605.t1	VFG044091(gb|NP_252096)	37.445	227	135	4	301	522	303	527	2.87e-19	91.3
g1605.t1	VFG026712(gb|WP_015292876)	37.566	189	113	3	348	533	629	815	4.18e-19	91.3
g1605.t1	VFG016112(gb|WP_171053477)	40.462	173	98	3	353	522	358	528	5.15e-19	90.5
g1605.t1	VFG037278(gb|WP_139161447)	28.472	288	189	5	252	536	245	518	6.73e-19	89.7
g1605.t1	VFG016110(gb|WP_012074239)	36.515	241	145	5	286	522	286	522	7.20e-19	89.7
g1605.t1	VFG030691(gb|WP_012395776)	35.407	209	123	7	331	533	4	206	9.05e-19	88.2
g1605.t1	VFG030705(gb|WP_015356778)	35.407	209	123	7	331	533	4	206	9.39e-19	88.2
g1605.t1	VFG022780(gb|WP_012395628)	37.500	192	115	3	348	536	643	832	1.12e-18	89.7
g1605.t1	VFG013727(gb|WP_004566911)	31.282	195	131	2	348	539	31	225	1.36e-18	85.9
g1605.t1	VFG026713(gb|WP_015356664)	37.500	192	115	3	348	536	643	832	1.96e-18	89.0
g1605.t1	VFG037272(gb|WP_001281555)	28.521	284	184	6	252	531	254	522	1.98e-18	88.2
g1605.t1	VFG002176(gb|AAM75252)	31.771	192	119	5	349	533	491	677	2.30e-18	88.6
g1605.t1	VFG030689(gb|WP_014000675)	35.885	209	122	7	331	533	4	206	2.59e-18	87.0
g1605.t1	VFG030673(gb|WP_010908121)	35.514	214	124	7	331	537	4	210	2.64e-18	87.0
g1605.t1	VFG030704(gb|WP_015292799)	35.885	209	122	7	331	533	4	206	2.81e-18	87.0
g1605.t1	VFG030675(gb|WP_003875535)	35.981	214	123	7	331	537	4	210	3.23e-18	86.7
g1605.t1	VFG030695(gb|WP_014941456)	35.981	214	123	7	331	537	4	210	3.44e-18	86.7
g1605.t1	VFG030676(gb|WP_011724098)	35.981	214	123	7	331	537	4	210	3.70e-18	86.7
g1605.t1	VFG030699(gb|WP_009957422)	35.981	214	123	7	331	537	4	210	3.87e-18	86.3
g1605.t1	VFG030697(gb|WP_014382019)	35.981	214	123	7	331	537	4	210	4.36e-18	86.3
g1605.t1	VFG044358(gb|WP_013317301)	34.694	196	121	5	348	537	21	215	5.49e-18	84.0
g1605.t1	VFG037273(gb|WP_001281554)	28.169	284	185	6	252	531	254	522	6.18e-18	86.7
g1605.t1	VFG009577(gb|WP_011741579)	36.979	192	116	3	348	536	643	832	7.06e-18	87.4
g1605.t1	VFG030671(gb|NP_215754)	35.407	209	123	7	331	533	4	206	8.10e-18	85.5
g1605.t1	VFG026722(gb|YP_007957462)	37.037	189	114	3	348	533	631	817	8.20e-18	87.0
g1605.t1	VFG020087(gb|WP_012613544)	35.841	226	137	5	301	522	301	522	8.38e-18	86.7
g1605.t1	VFG030696(gb|WP_014711073)	35.981	214	123	7	331	537	4	210	1.20e-17	85.1
g1605.t1	VFG013732(gb|WP_006769637)	33.854	192	107	4	348	527	24	207	1.20e-17	83.2
g1605.t1	VFG030722(gb|WP_020821925)	35.981	214	123	7	331	537	4	210	1.26e-17	84.7
g1605.t1	VFG030724(gb|WP_015308640)	35.979	189	114	5	348	533	22	206	1.51e-17	84.7
g1605.t1	VFG037280(gb|WP_001281545)	23.046	499	345	11	50	531	46	522	1.70e-17	85.5
g1605.t1	VFG001267(gb|NP_252913)	36.283	226	136	5	301	522	301	522	1.79e-17	85.5
g1605.t1	VFG016111(gb|WP_003137473)	35.398	226	138	5	301	522	301	522	3.73e-17	84.3
g1605.t1	VFG016166(gb|WP_003372869)	34.759	187	117	4	356	537	29	215	4.15e-17	81.3
g1605.t1	VFG030692(gb|WP_013828150)	35.938	192	110	6	348	533	22	206	1.70e-16	81.3
g1605.t1	VFG044310(gb|WP_006486076)	36.893	206	119	4	336	533	13	215	3.06e-16	79.3
g1605.t1	VFG021859(gb|WP_011726610)	33.476	233	144	7	313	539	333	560	3.22e-16	81.6
g1605.t1	VFG030679(gb|WP_011730288)	34.896	192	112	6	348	533	26	210	4.98e-16	80.1
g1605.t1	VFG030715(gb|YP_007957369)	35.417	192	111	6	348	533	22	206	5.00e-16	80.1
g1605.t1	VFG016167(gb|WP_004665393)	33.838	198	104	6	356	537	29	215	5.17e-16	78.2
g1605.t1	VFG026729(gb|WP_020822014)	35.789	190	117	3	347	533	639	826	6.19e-16	81.3
g1605.t1	VFG024064(gb|WP_043955645)	35.567	194	120	3	347	537	639	830	6.99e-16	80.9
g1605.t1	VFG024066(gb|WP_026071504)	35.567	194	120	3	347	537	639	830	7.63e-16	80.9
g1605.t1	VFG024065(gb|WP_014711101)	35.567	194	120	3	347	537	639	830	7.71e-16	80.9
g1605.t1	VFG030684(gb|WP_011781637)	34.300	207	128	6	331	533	4	206	7.82e-16	79.3
g1605.t1	VFG013728(gb|WP_011273788)	30.159	189	117	2	348	527	23	205	8.00e-16	77.4
g1605.t1	VFG007915(gb|WP_011560224)	33.168	202	128	4	342	540	24	221	8.11e-16	79.0
g1605.t1	VFG024068(gb|WP_014379607)	35.052	194	121	3	347	537	639	830	9.91e-16	80.5
g1605.t1	VFG023853(gb|WP_026071342)	34.673	199	125	4	340	536	16	211	1.28e-15	77.8
g1605.t1	VFG023850(gb|WP_043955033)	34.146	205	118	5	340	536	16	211	1.80e-15	77.4
g1605.t1	VFG024067(gb|WP_036458564)	35.052	194	121	3	347	537	639	830	1.97e-15	79.7
g1605.t1	VFG030681(gb|WP_011561359)	34.536	194	110	8	348	533	22	206	2.27e-15	78.2
g1605.t1	VFG030680(gb|WP_011856409)	34.536	194	110	8	348	533	22	206	2.33e-15	78.2
g1605.t1	VFG006259(gb|WP_003687540)	30.890	191	123	5	348	532	22	209	2.33e-15	77.4
g1605.t1	VFG050113(gb|WP_000590108)	25.510	196	131	4	330	521	1	185	3.65e-15	76.3
g1605.t1	VFG044100(gb|NP_253394)	33.028	218	110	6	330	527	1	202	5.31e-15	75.1
g1605.t1	VFG044173(gb|WP_005477430)	31.633	196	129	3	330	521	1	195	9.36e-15	74.3
g1605.t1	VFG013192(gb|WP_012340414)	25.728	206	142	5	331	532	4	202	1.20e-14	75.5
g1605.t1	VFG013573(gb|WP_011608934)	25.728	206	142	5	331	532	4	202	1.31e-14	75.1
g1605.t1	VFG023851(gb|WP_036428980)	36.683	199	121	4	340	536	16	211	1.32e-14	74.7
g1605.t1	VFG036559(gb|WP_013449339)	29.688	192	124	5	348	532	22	209	1.93e-14	74.7
g1605.t1	VFG021794(gb|WP_013240890)	30.396	227	127	7	325	533	19	232	2.34e-14	73.6
g1605.t1	VFG013715(gb|WP_010934432)	34.634	205	124	4	330	528	6	206	2.52e-14	73.6
g1605.t1	VFG013733(gb|WP_003854229)	31.633	196	129	4	349	540	23	217	2.66e-14	73.2
g1605.t1	VFG036556(gb|WP_014581848)	32.292	192	119	7	348	532	22	209	3.49e-14	73.9
g1605.t1	VFG035924(gb|WP_000593973)	26.368	201	120	6	348	533	19	206	5.75e-14	70.9
g1605.t1	VFG030694(gb|WP_013471930)	35.897	195	105	8	348	532	22	206	5.82e-14	73.9
g1605.t1	VFG030678(gb|WP_011894706)	35.897	195	105	8	348	532	22	206	6.71e-14	73.6
g1605.t1	VFG013734(gb|WP_011013698)	31.122	196	130	4	349	540	23	217	6.85e-14	72.0
g1605.t1	VFG044281(gb|WP_012367516)	32.000	200	129	6	331	526	9	205	8.10e-14	71.6
g1605.t1	VFG026747(gb|YP_005922614)	38.000	150	89	2	391	537	395	543	8.51e-14	73.9
g1605.t1	VFG013716(gb|WP_041626280)	36.464	181	101	5	356	528	33	207	1.02e-13	71.6
g1605.t1	VFG008680(gb|WP_015309619)	31.937	191	125	4	348	536	25	212	1.11e-13	72.0
g1605.t1	VFG007914(gb|WP_011780329)	31.443	194	124	5	348	537	25	213	1.20e-13	72.0
g1605.t1	VFG045715(gb|WP_012979218)	30.108	186	108	5	348	523	19	192	1.32e-13	69.7
g1605.t1	VFG007913(gb|WP_011894249)	32.474	194	122	6	348	537	25	213	1.96e-13	71.6
g1605.t1	VFG023849(gb|WP_013471676)	32.474	194	122	6	348	537	25	213	2.13e-13	71.2
g1605.t1	VFG036552(gb|WP_002214252)	31.771	192	120	7	348	532	22	209	2.14e-13	71.6
g1605.t1	VFG001206(gb|WP_002219640)	31.250	192	121	6	348	532	22	209	2.33e-13	71.6
g1605.t1	VFG007238(gb|WP_000379797)	31.140	228	135	6	324	530	14	240	2.34e-13	70.5
g1605.t1	VFG036553(gb|WP_014581175)	31.250	192	121	6	348	532	22	209	2.52e-13	71.2
g1605.t1	VFG035923(gb|WP_000621745)	29.775	178	113	6	350	521	21	192	2.97e-13	68.9
g1605.t1	VFG013047(gb|WP_000983717)	32.353	204	117	8	331	522	7	201	4.22e-13	69.7
g1605.t1	VFG021858(gb|WP_003891342)	28.409	440	275	11	127	542	137	560	4.74e-13	71.6
g1605.t1	VFG008678(gb|WP_041321021)	35.176	199	124	4	340	536	16	211	6.13e-13	69.7
g1605.t1	VFG035919(gb|WP_000621743)	29.213	178	114	6	350	521	21	192	7.31e-13	67.8
g1605.t1	VFG012576(gb|WP_000983716)	32.353	204	117	8	331	522	7	201	1.08e-12	68.6
g1605.t1	VFG034207(gb|WP_000983720)	32.353	204	117	8	331	522	7	201	1.12e-12	68.6
g1605.t1	VFG000344(gb|WP_005693820)	29.000	200	117	7	347	532	28	216	1.12e-12	69.3
g1605.t1	VFG013045(gb|WP_000983722)	32.353	204	117	8	331	522	7	201	1.13e-12	68.6
g1605.t1	VFG013730(gb|WP_010934773)	29.032	217	145	5	324	533	1	215	1.20e-12	68.2
g1605.t1	VFG012577(gb|WP_000983702)	32.990	194	109	8	341	522	17	201	1.28e-12	68.2
g1605.t1	VFG013050(gb|WP_000983719)	32.353	204	117	8	331	522	7	201	1.38e-12	68.2
g1605.t1	VFG044077(gb|YP_002344985)	28.395	162	111	3	363	520	34	194	1.38e-12	67.8
g1605.t1	VFG012578(gb|WP_000983714)	32.353	204	117	8	331	522	7	201	1.40e-12	68.2
g1605.t1	VFG044405(gb|CAA57069)	33.962	212	126	5	326	533	317	518	1.47e-12	70.1
g1605.t1	VFG021788(gb|WP_013241313)	35.196	179	106	4	356	528	32	206	1.52e-12	68.2
g1605.t1	VFG012580(gb|WP_000983712)	32.353	204	117	8	331	522	7	201	1.74e-12	67.8
g1605.t1	VFG013049(gb|WP_000983723)	32.353	204	117	8	331	522	7	201	1.76e-12	67.8
g1605.t1	VFG008825(gb|WP_015355163)	31.937	191	125	4	348	536	25	212	2.01e-12	68.6
g1605.t1	VFG012579(gb|WP_000983706)	32.353	204	117	8	331	522	7	201	2.10e-12	67.8
g1605.t1	VFG034214(gb|WP_000983710)	32.353	204	117	8	331	522	7	201	2.50e-12	67.4
g1605.t1	VFG021855(gb|WP_011726608)	34.574	188	116	5	340	521	21	207	2.53e-12	67.4
g1605.t1	VFG034217(gb|WP_000983704)	32.353	204	117	8	331	522	7	201	2.60e-12	67.4
g1605.t1	VFG044213(gb|WP_000403742)	27.053	207	123	6	349	539	20	214	2.69e-12	67.0
g1605.t1	VFG007912(gb|WP_011740072)	31.937	191	125	4	348	536	25	212	2.76e-12	67.8
g1605.t1	VFG037054(gb|WP_187287149)	31.980	197	118	5	331	521	3	189	3.37e-12	66.2
g1605.t1	VFG013718(gb|WP_011896674)	32.990	194	113	2	355	539	28	213	3.55e-12	67.0
g1605.t1	VFG037045(gb|WP_173024114)	32.353	204	121	6	331	527	3	196	3.77e-12	66.2
g1605.t1	VFG015384(gb|WP_003246989)	35.204	196	95	7	352	526	22	206	3.99e-12	66.2
g1605.t1	VFG022453(gb|WP_012393578)	31.937	191	125	4	348	536	25	212	4.11e-12	67.4
g1605.t1	VFG013719(gb|WP_011013622)	32.990	194	113	2	355	539	28	213	4.24e-12	66.6
g1605.t1	VFG037048(gb|WP_002255537)	31.980	197	118	5	331	521	3	189	4.38e-12	66.2
g1605.t1	VFG013571(gb|WP_032821670)	28.500	200	118	7	347	532	28	216	4.76e-12	67.4
g1605.t1	VFG013572(gb|WP_080334646)	28.500	200	118	7	347	532	23	211	6.55e-12	67.0
g1605.t1	VFG044105(gb|WP_010922614)	24.286	210	139	3	324	521	1	202	6.58e-12	66.2
g1605.t1	VFG013731(gb|WP_005291888)	30.392	204	120	5	349	539	43	237	7.99e-12	65.9
g1605.t1	VFG007911(gb|WP_010908851)	31.443	194	122	7	348	536	27	214	8.49e-12	66.6
g1605.t1	VFG007909(gb|WP_003876146)	36.066	183	112	4	356	536	32	211	1.32e-11	65.9
g1605.t1	VFG026717(gb|YP_007961261)	41.270	126	69	3	411	533	3	126	3.05e-11	62.0
g1605.t1	VFG037053(gb|WP_173361995)	30.964	197	120	5	331	521	3	189	4.01e-11	63.2
g1605.t1	VFG037056(gb|WP_180298705)	30.964	197	120	5	331	521	3	189	5.61e-11	62.8
g1605.t1	VFG044314(gb|WP_012492604)	30.435	207	125	6	341	537	361	558	7.17e-11	64.7
g1605.t1	VFG037390(gb|WP_000582116)	30.000	190	128	4	348	533	19	207	8.78e-11	62.4
g1605.t1	VFG044189(gb|WP_011179200)	32.292	192	107	7	358	533	29	213	1.03e-10	62.4
g1605.t1	VFG037046(gb|WP_176607322)	30.964	197	120	5	331	521	3	189	1.18e-10	62.0
g1605.t1	VFG006082(gb|WP_011226326)	27.841	176	110	4	348	521	49	209	1.19e-10	63.5
g1605.t1	VFG037050(gb|WP_169577348)	30.964	197	120	5	331	521	3	189	1.25e-10	61.6
g1605.t1	VFG037386(gb|WP_000582115)	30.000	190	128	4	348	533	19	207	1.31e-10	62.0
g1605.t1	VFG044362(gb|WP_033111968)	33.113	151	98	2	348	495	22	172	1.54e-10	62.0
g1605.t1	VFG000925(gb|WP_000140634)	31.844	179	116	5	348	521	25	202	1.77e-10	61.6
g1605.t1	VFG037047(gb|WP_010361246)	30.964	197	120	5	331	521	3	189	1.87e-10	61.2
g1605.t1	VFG037062(gb|WP_181778380)	30.964	197	120	5	331	521	3	189	2.01e-10	61.2
g1605.t1	VFG037384(gb|WP_000582117)	30.000	190	128	4	348	533	19	207	2.14e-10	61.2
g1605.t1	VFG037392(gb|WP_000582124)	30.000	190	128	4	348	533	19	207	2.28e-10	61.2
g1605.t1	VFG013026(gb|WP_000140653)	32.402	179	115	5	348	521	25	202	3.76e-10	60.8
g1605.t1	VFG013025(gb|WP_000140630)	30.526	190	104	7	348	521	25	202	4.32e-10	60.5
g1605.t1	VFG013022(gb|NP_706444)	30.526	190	104	7	348	521	25	202	4.32e-10	60.5
g1605.t1	VFG013021(gb|WP_000140647)	30.526	190	104	7	348	521	25	202	4.40e-10	60.5
g1605.t1	VFG020177(gb|WP_000140632)	30.526	190	104	7	348	521	25	202	4.69e-10	60.5
g1605.t1	VFG010865(gb|WP_011945967)	30.588	170	105	5	356	522	27	186	4.75e-10	59.3
g1605.t1	VFG020068(gb|WP_012723750)	27.160	243	148	8	301	533	313	536	5.06e-10	62.0
g1605.t1	VFG044110(gb|WP_010929751)	32.984	191	115	4	348	527	20	208	5.54e-10	60.1
g1605.t1	VFG037052(gb|WP_002229142)	30.457	197	121	5	331	521	3	189	6.44e-10	59.7
g1605.t1	VFG010864(gb|WP_011215036)	30.909	165	101	5	361	522	32	186	6.49e-10	58.9
g1605.t1	VFG048489(gb|WP_012968728)	28.922	204	123	5	331	521	8	202	9.65e-10	59.3
g1605.t1	VFG018671(gb|WP_012000441)	26.705	176	112	4	348	521	49	209	1.07e-09	60.5
g1605.t1	VFG048486(gb|WP_004223579)	28.922	204	123	5	331	521	8	202	1.21e-09	59.3
g1605.t1	VFG010862(gb|WP_010946592)	30.588	170	105	5	356	522	27	186	1.35e-09	58.2
g1605.t1	VFG006065(gb|WP_011227428)	27.273	176	111	4	348	521	49	209	1.83e-09	59.7
g1605.t1	VFG006059(gb|WP_011681436)	27.273	176	111	4	348	521	49	209	1.88e-09	59.7
g1605.t1	VFG048483(gb|WP_012542491)	28.922	204	123	5	331	521	8	202	2.38e-09	58.2
g1605.t1	VFG048488(gb|WP_002893737)	28.922	204	123	5	331	521	8	202	2.51e-09	58.2
g1605.t1	VFG008835(gb|WP_009939128)	30.481	187	123	5	348	531	27	209	2.78e-09	58.9
g1605.t1	VFG048480(gb|WP_014837773)	29.032	186	110	5	349	521	26	202	2.91e-09	58.2
g1605.t1	VFG008823(gb|WP_015291060)	31.383	188	120	6	348	531	27	209	3.01e-09	58.5
g1605.t1	VFG007907(gb|WP_003414846)	30.481	187	123	5	348	531	27	209	3.01e-09	58.5
g1605.t1	VFG007904(gb|NP_217452)	30.481	187	123	5	348	531	27	209	3.07e-09	58.5
g1605.t1	VFG048481(gb|WP_014228352)	29.032	186	110	5	349	521	26	202	4.05e-09	57.8
g1605.t1	VFG013702(gb|WP_010934023)	31.937	191	87	6	356	527	33	199	4.24e-09	57.4
g1605.t1	VFG044225(gb|WP_011533698)	30.570	193	123	5	348	533	19	207	6.76e-09	57.0
g1605.t1	VFG007255(gb|WP_000615308)	26.794	209	146	6	330	533	1	207	6.99e-09	56.6
g1605.t1	VFG005937(gb|WP_002261978)	26.136	176	113	4	348	521	49	209	9.19e-09	57.4
g1605.t1	VFG037395(gb|YP_005799714)	30.000	180	121	4	358	533	1	179	9.21e-09	55.8
g1605.t1	VFG016024(gb|WP_011267350)	26.837	313	187	12	249	537	245	539	9.93e-09	57.8
g1605.t1	VFG005922(gb|WP_011837183)	25.000	176	115	4	348	521	48	208	1.27e-08	57.0
g1605.t1	VFG044250(gb|WP_005311724)	30.317	221	128	7	330	533	7	218	2.40e-08	55.1
g1605.t1	VFG020065(gb|WP_012614134)	24.920	313	193	11	249	537	245	539	4.09e-08	55.8
g1605.t1	VFG049077(gb|WP_014230053)	26.923	208	134	5	338	542	38	230	7.47e-08	53.5
g1605.t1	VFG049076(gb|WP_004852439)	26.923	208	134	5	338	542	38	230	7.68e-08	53.5
g1605.t1	VFG044135(gb|WP_002209058)	30.303	198	119	8	348	533	29	219	1.02e-07	53.5
g1605.t1	VFG016028(gb|WP_011534370)	25.080	311	195	10	249	537	245	539	1.57e-07	53.9
g1605.t1	VFG044236(gb|WP_011815405)	29.630	189	116	6	323	501	4	185	1.61e-07	52.8
g1605.t1	VFG013703(gb|WP_011273220)	32.044	181	112	5	353	527	25	200	2.69e-07	52.0
g1605.t1	VFG049080(gb|YP_005227849)	25.962	208	136	5	338	542	38	230	3.43e-07	51.6
g1605.t1	VFG007259(gb|WP_011151970)	26.425	193	121	6	353	533	24	207	4.27e-07	51.2
g1605.t1	VFG005775(gb|WP_000403526)	28.922	204	136	6	331	530	3	201	4.48e-07	51.6
g1605.t1	VFG049084(gb|WP_004175264)	25.962	208	136	5	338	542	38	230	4.69e-07	51.2
g1605.t1	VFG049041(gb|WP_002912371)	25.962	208	136	5	338	542	38	230	4.86e-07	51.2
g1605.t1	VFG011190(gb|WP_003807078)	28.834	163	99	3	361	521	60	207	5.49e-07	52.0
g1605.t1	VFG015380(gb|WP_003136959)	46.970	66	34	1	464	528	148	213	6.01e-07	50.8
g1605.t1	VFG007258(gb|WP_011081097)	25.907	193	122	6	353	533	24	207	6.04e-07	50.8
g1605.t1	VFG002059(gb|NP_248763)	46.970	66	34	1	464	528	148	213	6.24e-07	50.8
g1605.t1	VFG015379(gb|WP_011979124)	46.970	66	34	1	464	528	148	213	1.64e-06	49.3
g1605.t1	VFG015383(gb|WP_011064245)	43.284	67	37	1	464	529	147	213	2.15e-06	48.9
g1605.t1	VFG007257(gb|WP_005482130)	26.042	192	122	5	353	533	24	206	9.65e-06	47.4
g892.t1	VFG044228(gb|WP_044488032)	26.701	588	404	12	7	585	3	572	1.52e-44	167
g892.t1	VFG013252(gb|WP_010945439)	26.769	523	363	8	67	582	68	577	1.54e-44	166
g892.t1	VFG013250(gb|WP_005687513)	29.478	441	281	9	154	582	160	582	6.00e-44	165
g892.t1	VFG013249(gb|WP_011271803)	29.478	441	281	9	154	582	160	582	1.57e-43	164
g892.t1	VFG013251(gb|WP_012054790)	29.478	441	281	9	154	582	160	582	2.48e-43	163
g892.t1	VFG044303(gb|WP_001044024)	23.273	550	396	10	29	570	28	559	2.61e-43	163
g892.t1	VFG003507(gb|WP_005168689)	28.008	507	335	11	86	580	88	576	1.37e-42	161
g892.t1	VFG048566(gb|WP_014907271)	27.811	507	336	11	86	580	88	576	2.24e-42	160
g892.t1	VFG012538(gb|WP_001350678)	27.692	520	346	11	70	580	78	576	2.33e-42	160
g892.t1	VFG034066(gb|WP_001296192)	26.945	527	357	10	69	586	44	551	3.73e-42	159
g892.t1	VFG022781(gb|YP_001702997)	31.094	521	296	17	94	586	367	852	3.87e-42	162
g892.t1	VFG000365(gb|WP_002214412)	27.135	527	356	10	69	586	44	551	4.62e-42	159
g892.t1	VFG012537(gb|WP_001304269)	27.692	520	346	11	70	580	78	576	4.78e-42	160
g892.t1	VFG048567(gb|YP_005227763)	27.692	520	346	11	70	580	78	576	5.63e-42	159
g892.t1	VFG034050(gb|WP_001446633)	27.692	520	346	11	70	580	78	576	5.63e-42	159
g892.t1	VFG034056(gb|WP_001608389)	27.692	520	346	11	70	580	78	576	5.80e-42	159
g892.t1	VFG034051(gb|WP_014639938)	28.195	493	319	11	97	580	110	576	5.80e-42	159
g892.t1	VFG000366(gb|WP_002212761)	27.811	507	336	11	86	580	88	576	6.71e-42	159
g892.t1	VFG044325(gb|WP_002212761)	27.811	507	336	11	86	580	88	576	6.71e-42	159
g892.t1	VFG048570(gb|WP_014907270)	26.930	531	352	11	69	586	44	551	7.03e-42	159
g892.t1	VFG026714(gb|WP_005058852)	31.094	521	296	17	94	586	367	852	7.55e-42	161
g892.t1	VFG026708(gb|WP_016342533)	31.094	521	296	17	94	586	367	852	7.69e-42	161
g892.t1	VFG034073(gb|WP_014640167)	26.945	527	357	10	69	586	44	551	8.38e-42	159
g892.t1	VFG034041(gb|WP_000654453)	27.811	507	336	11	86	580	88	576	8.97e-42	159
g892.t1	VFG012536(gb|WP_001295637)	27.811	507	336	11	86	580	88	576	8.97e-42	159
g892.t1	VFG034048(gb|WP_024256148)	27.746	519	347	10	70	580	78	576	9.24e-42	159
g892.t1	VFG034049(gb|WP_000654452)	27.811	507	336	11	86	580	88	576	1.02e-41	159
g892.t1	VFG012535(gb|WP_001327263)	27.811	507	336	11	86	580	88	576	1.02e-41	159
g892.t1	VFG003387(gb|WP_012413641)	26.945	527	357	10	69	586	44	551	1.03e-41	158
g892.t1	VFG013248(gb|WP_010868928)	28.929	439	282	9	154	580	160	580	1.09e-41	158
g892.t1	VFG048568(gb|WP_014838499)	26.996	526	358	8	69	586	44	551	1.13e-41	158
g892.t1	VFG002747(gb|WP_001327262)	26.945	527	357	10	69	586	44	551	1.19e-41	158
g892.t1	VFG044326(gb|WP_001327262)	26.945	527	357	10	69	586	44	551	1.19e-41	158
g892.t1	VFG012539(gb|WP_001327262)	26.945	527	357	10	69	586	44	551	1.19e-41	158
g892.t1	VFG034064(gb|WP_001304268)	26.945	527	357	10	69	586	44	551	1.31e-41	158
g892.t1	VFG018924(gb|WP_012229555)	27.811	507	336	11	86	580	88	576	1.67e-41	158
g892.t1	VFG048565(gb|WP_014229380)	29.234	496	310	14	97	580	110	576	2.78e-41	157
g892.t1	VFG048569(gb|WP_014229381)	26.806	526	359	8	69	586	44	551	3.00e-41	157
g892.t1	VFG034058(gb|WP_001386872)	26.755	527	358	10	69	586	44	551	3.47e-41	157
g892.t1	VFG046110(gb|WP_001317926)	26.755	527	358	10	69	586	44	551	3.50e-41	157
g892.t1	VFG044304(gb|WP_000588838)	25.556	540	379	9	48	580	44	567	4.14e-41	157
g892.t1	VFG012541(gb|WP_001327954)	26.755	527	358	10	69	586	44	551	5.01e-41	156
g892.t1	VFG003506(gb|WP_042661463)	26.565	527	359	10	69	586	44	551	6.45e-41	156
g892.t1	VFG013253(gb|WP_011609176)	28.995	438	295	8	147	580	150	575	8.29e-41	156
g892.t1	VFG013149(gb|WP_041605303)	28.995	438	295	8	147	580	150	575	1.33e-40	155
g892.t1	VFG048564(gb|WP_014838498)	29.032	496	311	14	97	580	110	576	4.78e-40	154
g892.t1	VFG009584(gb|WP_003873185)	27.866	506	349	8	85	586	76	569	1.57e-39	152
g892.t1	VFG026750(gb|WP_020822015)	26.962	497	347	7	85	577	76	560	4.02e-39	151
g892.t1	VFG024069(gb|WP_014941520)	26.653	499	349	7	85	577	76	563	2.14e-38	149
g892.t1	VFG024071(gb|WP_009952859)	27.000	500	346	8	85	577	76	563	2.29e-38	149
g892.t1	VFG024072(gb|WP_014384095)	27.000	500	346	8	85	577	76	563	2.94e-38	149
g892.t1	VFG024070(gb|WP_014711102)	26.653	499	349	7	85	577	76	563	2.97e-38	149
g892.t1	VFG022788(gb|YP_001702996)	36.493	211	133	1	369	578	353	563	4.57e-38	148
g892.t1	VFG026731(gb|WP_005058854)	36.493	211	133	1	369	578	353	563	9.28e-38	147
g892.t1	VFG009585(gb|WP_011724227)	27.668	506	350	8	85	586	76	569	1.12e-37	147
g892.t1	VFG044229(gb|WP_011533702)	28.320	512	344	11	79	582	90	586	1.51e-37	147
g892.t1	VFG022793(gb|WP_013828472)	26.263	495	354	6	85	577	76	561	1.72e-37	146
g892.t1	VFG009586(gb|WP_011741578)	27.579	504	351	6	78	577	68	561	1.93e-37	146
g892.t1	VFG022787(gb|WP_012395627)	27.579	504	351	6	78	577	68	561	3.73e-37	145
g892.t1	VFG026736(gb|WP_015356663)	27.579	504	351	6	78	577	68	561	4.22e-37	145
g892.t1	VFG044147(gb|NP_461701)	27.103	535	340	13	68	580	694	1200	4.80e-37	147
g892.t1	VFG044147(gb|NP_461701)	28.633	461	285	16	146	582	139	579	1.33e-31	130
g892.t1	VFG012509(gb|WP_001111200)	26.459	514	358	10	74	580	697	1197	4.98e-37	147
g892.t1	VFG012509(gb|WP_001111200)	27.112	509	325	17	94	581	96	579	4.38e-25	110
g892.t1	VFG012510(gb|WP_001298170)	26.981	530	335	13	74	580	697	1197	6.43e-37	147
g892.t1	VFG012510(gb|WP_001298170)	27.308	509	324	17	94	581	96	579	1.70e-25	112
g892.t1	VFG033929(gb|WP_001111198)	26.459	514	358	10	74	580	697	1197	6.61e-37	147
g892.t1	VFG033929(gb|WP_001111198)	27.112	509	325	17	94	581	96	579	5.46e-25	110
g892.t1	VFG012971(gb|WP_011378643)	26.981	530	335	13	74	580	697	1197	7.50e-37	147
g892.t1	VFG012971(gb|WP_011378643)	27.112	509	325	17	94	581	96	579	4.34e-25	110
g892.t1	VFG044336(gb|WP_050767835)	27.324	527	328	13	90	588	713	1212	1.21e-36	146
g892.t1	VFG044336(gb|WP_050767835)	27.851	456	293	13	146	581	139	578	1.73e-28	121
g892.t1	VFG048551(gb|WP_011251260)	27.186	526	330	12	90	588	713	1212	1.56e-36	145
g892.t1	VFG048551(gb|WP_011251260)	30.031	323	208	7	266	581	267	578	9.44e-29	122
g892.t1	VFG012511(gb|WP_001442133)	26.265	514	359	10	74	580	697	1197	3.18e-36	145
g892.t1	VFG012511(gb|WP_001442133)	27.112	509	325	17	94	581	96	579	5.46e-25	110
g892.t1	VFG012512(gb|WP_001111199)	26.792	530	336	13	74	580	697	1197	3.48e-36	145
g892.t1	VFG012512(gb|WP_001111199)	27.112	509	325	17	94	581	96	579	5.56e-25	110
g892.t1	VFG016185(gb|WP_011168851)	37.154	253	155	3	329	580	318	567	2.99e-35	140
g892.t1	VFG022786(gb|WP_013828471)	28.101	516	299	11	98	580	370	846	1.28e-34	139
g892.t1	VFG026734(gb|WP_015289787)	26.275	510	353	8	85	586	76	570	1.85e-34	137
g892.t1	VFG016184(gb|WP_005762826)	39.906	213	127	1	369	580	355	567	8.60e-34	135
g892.t1	VFG009578(gb|WP_011731355)	27.203	522	294	11	97	580	366	839	2.27e-33	135
g892.t1	VFG026735(gb|WP_015292877)	26.078	510	354	8	85	586	76	570	7.35e-33	132
g892.t1	VFG009579(gb|NP_215865)	25.686	510	356	8	85	586	76	570	1.59e-32	132
g892.t1	VFG033885(gb|WP_000376538)	30.169	295	202	4	295	587	415	707	2.08e-32	132
g892.t1	VFG012480(gb|WP_000376543)	30.169	295	202	4	295	587	415	707	2.21e-32	132
g892.t1	VFG012478(gb|WP_000376544)	30.169	295	202	4	295	587	415	707	2.34e-32	132
g892.t1	VFG033884(gb|WP_000376541)	30.169	295	202	4	295	587	415	707	2.40e-32	132
g892.t1	VFG009587(gb|WP_011731354)	37.619	210	130	1	369	577	350	559	2.91e-32	131
g892.t1	VFG000907(gb|WP_000376545)	30.169	295	202	4	295	587	415	707	3.02e-32	132
g892.t1	VFG001269(gb|WP_010929996)	35.714	224	143	1	360	582	482	705	3.18e-32	132
g892.t1	VFG016110(gb|WP_012074239)	35.842	279	173	4	303	580	286	559	7.11e-32	130
g892.t1	VFG016112(gb|WP_171053477)	34.926	272	170	5	316	585	304	570	7.37e-32	130
g892.t1	VFG022782(gb|WP_003910332)	28.457	499	287	11	113	580	381	840	2.28e-31	129
g892.t1	VFG026719(gb|WP_025202597)	28.457	499	287	11	113	580	381	840	2.45e-31	129
g892.t1	VFG007025(gb|WP_086016961)	35.088	228	147	1	360	586	466	693	3.21e-31	129
g892.t1	VFG009570(gb|NP_215864)	28.457	499	287	11	113	580	381	840	3.21e-31	129
g892.t1	VFG026726(gb|YP_005922613)	28.457	499	287	11	113	580	381	840	3.30e-31	129
g892.t1	VFG016186(gb|WP_005762824)	27.941	544	370	10	33	570	38	565	3.30e-31	128
g892.t1	VFG022783(gb|WP_014000720)	28.457	499	287	11	113	580	381	840	3.84e-31	129
g892.t1	VFG016108(gb|WP_011061774)	29.375	480	314	9	113	585	105	566	5.61e-31	127
g892.t1	VFG016111(gb|WP_003137473)	35.484	310	192	5	273	580	256	559	6.07e-31	127
g892.t1	VFG026710(gb|WP_015302951)	28.457	499	287	11	113	580	381	840	7.08e-31	128
g892.t1	VFG020087(gb|WP_012613544)	36.655	281	168	5	303	580	286	559	9.64e-31	126
g892.t1	VFG007026(gb|WP_155116723)	35.088	228	147	1	360	586	466	693	1.02e-30	127
g892.t1	VFG007023(gb|WP_149591715)	34.211	228	149	1	360	586	466	693	1.45e-30	127
g892.t1	VFG022780(gb|WP_012395628)	29.400	500	309	13	98	580	383	855	1.52e-30	127
g892.t1	VFG026713(gb|WP_015356664)	29.400	500	309	13	98	580	383	855	1.89e-30	127
g892.t1	VFG026711(gb|WP_015289786)	28.226	496	292	11	113	580	381	840	2.40e-30	126
g892.t1	VFG026722(gb|YP_007957462)	28.257	499	288	11	113	580	384	843	2.99e-30	126
g892.t1	VFG026712(gb|WP_015292876)	28.257	499	289	11	113	580	381	841	4.47e-30	125
g892.t1	VFG001267(gb|NP_252913)	36.299	281	169	5	303	580	286	559	5.32e-30	124
g892.t1	VFG009577(gb|WP_011741579)	29.400	500	309	13	98	580	383	855	2.03e-29	124
g892.t1	VFG033882(gb|WP_000987096)	31.579	228	155	1	359	585	478	705	3.46e-29	122
g892.t1	VFG000841(gb|WP_000987091)	31.579	228	155	1	359	585	478	705	4.41e-29	122
g892.t1	VFG038918(gb|WP_164927583)	35.586	222	142	1	360	580	483	704	5.44e-29	122
g892.t1	VFG009576(gb|WP_024637120)	36.620	213	133	2	369	580	639	850	5.95e-29	122
g892.t1	VFG009575(gb|WP_003873186)	35.681	213	135	2	369	580	639	850	1.56e-28	120
g892.t1	VFG021859(gb|WP_011726610)	26.972	393	247	7	213	580	204	581	5.50e-28	118
g892.t1	VFG026729(gb|WP_020822014)	27.027	518	315	12	97	587	378	859	8.84e-28	118
g892.t1	VFG024065(gb|WP_014711101)	27.202	511	309	12	97	580	378	852	2.28e-27	117
g892.t1	VFG024064(gb|WP_043955645)	27.027	518	315	12	97	587	378	859	2.46e-27	117
g892.t1	VFG024067(gb|WP_036458564)	26.834	518	316	12	97	587	378	859	3.58e-27	116
g892.t1	VFG024066(gb|WP_026071504)	27.027	518	315	12	97	587	378	859	3.78e-27	116
g892.t1	VFG024068(gb|WP_014379607)	27.027	518	315	12	97	587	378	859	6.00e-27	116
g892.t1	VFG046674(gb|WP_012280806)	29.384	211	143	4	354	561	356	563	2.45e-26	113
g892.t1	VFG037261(gb|YP_001085396)	35.519	183	113	3	369	550	273	451	5.98e-26	111
g892.t1	VFG037260(gb|WP_001095752)	35.519	183	113	3	369	550	340	518	9.23e-26	111
g892.t1	VFG037264(gb|WP_020753356)	35.519	183	113	3	369	550	340	518	1.65e-25	110
g892.t1	VFG037258(gb|WP_001090101)	35.227	176	111	2	369	543	340	513	1.98e-25	110
g892.t1	VFG016106(gb|WP_012074240)	36.918	279	166	6	300	574	281	553	2.00e-25	110
g892.t1	VFG046688(gb|WP_041263713)	28.922	204	139	4	354	554	356	556	9.18e-25	108
g892.t1	VFG038916(gb|WP_011705263)	31.010	287	195	3	295	580	399	683	1.05e-24	108
g892.t1	VFG016187(gb|WP_011168850)	35.961	203	129	1	369	570	363	565	2.20e-24	107
g892.t1	VFG037266(gb|WP_001090102)	34.973	183	114	3	369	550	340	518	3.91e-24	106
g892.t1	VFG046684(gb|WP_014549988)	28.155	206	138	5	354	554	356	556	5.00e-24	106
g892.t1	VFG046673(gb|WP_003039938)	28.155	206	138	5	354	554	356	556	5.18e-24	106
g892.t1	VFG046675(gb|WP_010031959)	27.619	210	142	5	354	558	356	560	5.23e-24	105
g892.t1	VFG046680(gb|WP_003020700)	27.619	210	142	5	354	558	356	560	5.57e-24	105
g892.t1	VFG016107(gb|WP_003137474)	29.400	500	321	12	81	570	72	549	5.66e-24	105
g892.t1	VFG046677(gb|WP_011648738)	27.619	210	142	5	354	558	359	563	5.96e-24	105
g892.t1	VFG046678(gb|WP_012429567)	27.143	210	143	5	354	558	356	560	1.22e-23	105
g892.t1	VFG026747(gb|YP_005922614)	36.313	179	114	0	408	586	393	571	4.38e-23	103
g892.t1	VFG026717(gb|YP_007961261)	39.735	151	90	1	430	580	3	152	6.35e-23	95.9
g892.t1	VFG044143(gb|WP_002209483)	35.052	194	121	4	369	559	356	547	1.64e-22	101
g892.t1	VFG044153(gb|WP_011063599)	31.206	282	189	5	295	574	280	558	1.99e-22	101
g892.t1	VFG001266(gb|NP_252912)	36.585	246	150	4	300	543	281	522	8.35e-22	99.4
g892.t1	VFG020086(gb|WP_012613545)	36.585	246	150	4	300	543	281	522	8.42e-22	99.4
g892.t1	VFG037280(gb|WP_001281545)	24.536	485	328	12	77	557	77	527	4.68e-21	96.7
g892.t1	VFG002176(gb|AAM75252)	30.204	245	155	7	350	586	473	709	1.12e-20	96.3
g892.t1	VFG037274(gb|WP_001281538)	24.335	489	324	13	77	557	77	527	1.61e-19	92.0
g892.t1	VFG037277(gb|WP_031967279)	24.335	489	324	13	77	557	68	518	1.96e-19	91.7
g892.t1	VFG037278(gb|WP_139161447)	23.926	489	326	13	77	557	68	518	2.53e-19	91.3
g892.t1	VFG037272(gb|WP_001281555)	23.770	488	328	13	77	557	77	527	6.76e-19	90.1
g892.t1	VFG037273(gb|WP_001281554)	23.770	488	328	13	77	557	77	527	8.44e-19	89.7
g892.t1	VFG013192(gb|WP_012340414)	32.212	208	125	8	369	570	22	219	4.43e-18	85.9
g892.t1	VFG030691(gb|WP_012395776)	32.407	216	134	6	360	570	14	222	4.81e-18	86.3
g892.t1	VFG013573(gb|WP_011608934)	32.212	208	125	8	369	570	22	219	5.09e-18	85.9
g892.t1	VFG030676(gb|WP_011724098)	32.870	216	133	6	360	570	14	222	5.23e-18	86.3
g892.t1	VFG030705(gb|WP_015356778)	32.407	216	134	6	360	570	14	222	5.26e-18	86.3
g892.t1	VFG030675(gb|WP_003875535)	32.870	216	133	6	360	570	14	222	6.50e-18	85.9
g892.t1	VFG030673(gb|WP_010908121)	32.727	220	128	8	360	570	14	222	8.62e-18	85.5
g892.t1	VFG030692(gb|WP_013828150)	31.489	235	131	9	350	570	4	222	1.28e-17	85.1
g892.t1	VFG030671(gb|NP_215754)	32.895	228	139	8	348	570	4	222	1.41e-17	85.1
g892.t1	VFG030697(gb|WP_014382019)	31.556	225	124	9	360	570	14	222	1.77e-17	84.7
g892.t1	VFG030699(gb|WP_009957422)	31.556	225	124	9	360	570	14	222	1.82e-17	84.7
g892.t1	VFG030722(gb|WP_020821925)	31.556	225	124	9	360	570	14	222	1.97e-17	84.3
g892.t1	VFG030695(gb|WP_014941456)	31.556	225	124	9	360	570	14	222	2.02e-17	84.3
g892.t1	VFG030696(gb|WP_014711073)	31.556	225	124	9	360	570	14	222	2.08e-17	84.3
g892.t1	VFG030704(gb|WP_015292799)	33.333	216	132	7	360	570	14	222	2.80e-17	84.0
g892.t1	VFG030689(gb|WP_014000675)	33.333	216	132	7	360	570	14	222	3.96e-17	83.6
g892.t1	VFG044091(gb|NP_252096)	38.764	178	104	4	369	543	352	527	4.29e-17	84.7
g892.t1	VFG021792(gb|WP_013241846)	30.144	209	139	6	362	565	28	234	5.63e-17	81.3
g892.t1	VFG035923(gb|WP_000621745)	32.821	195	110	11	361	545	12	195	2.47e-16	77.8
g892.t1	VFG030724(gb|WP_015308640)	31.532	222	128	8	360	570	14	222	3.20e-16	80.9
g892.t1	VFG030715(gb|YP_007957369)	32.456	228	140	8	348	570	4	222	3.45e-16	80.9
g892.t1	VFG030680(gb|WP_011856409)	32.444	225	122	9	360	570	14	222	5.68e-16	80.1
g892.t1	VFG030681(gb|WP_011561359)	32.444	225	122	9	360	570	14	222	5.83e-16	80.1
g892.t1	VFG035919(gb|WP_000621743)	32.308	195	111	11	361	545	12	195	5.87e-16	77.0
g892.t1	VFG035924(gb|WP_000593973)	34.426	183	103	11	370	542	19	194	8.67e-16	76.3
g892.t1	VFG044281(gb|WP_012367516)	32.500	200	121	6	373	565	32	224	8.72e-16	77.8
g892.t1	VFG013717(gb|WP_006769628)	31.731	208	132	9	369	570	23	226	2.12e-15	76.6
g892.t1	VFG030684(gb|WP_011781637)	32.569	218	129	8	361	570	15	222	2.20e-15	78.2
g892.t1	VFG044310(gb|WP_006486076)	31.760	233	137	8	369	585	26	252	2.85e-14	73.6
g892.t1	VFG030679(gb|WP_011730288)	32.719	217	124	9	369	574	27	232	3.52e-14	74.7
g892.t1	VFG044405(gb|CAA57069)	36.585	246	125	9	337	565	298	529	4.25e-14	75.1
g892.t1	VFG030686(gb|YP_001702115)	30.455	220	137	8	358	570	12	222	5.05e-14	73.9
g892.t1	VFG030700(gb|WP_005098896)	30.455	220	137	8	358	570	12	222	5.33e-14	73.9
g892.t1	VFG030706(gb|WP_005059672)	30.455	220	137	8	358	570	12	222	5.52e-14	73.9
g892.t1	VFG013727(gb|WP_004566911)	28.638	213	123	7	369	565	32	231	3.78e-13	70.1
g892.t1	VFG013715(gb|WP_010934432)	29.412	221	132	5	363	570	19	228	4.05e-13	70.1
g892.t1	VFG006259(gb|WP_003687540)	29.302	215	128	7	369	570	23	226	4.47e-13	70.9
g892.t1	VFG036553(gb|WP_014581175)	29.767	215	127	7	369	570	23	226	5.45e-13	70.5
g892.t1	VFG001206(gb|WP_002219640)	29.767	215	127	7	369	570	23	226	5.55e-13	70.5
g892.t1	VFG036552(gb|WP_002214252)	29.767	215	127	7	369	570	23	226	5.80e-13	70.5
g892.t1	VFG023853(gb|WP_026071342)	27.984	243	147	6	347	576	3	230	7.70e-13	69.7
g892.t1	VFG030678(gb|WP_011894706)	30.435	230	133	9	354	570	8	223	8.27e-13	70.5
g892.t1	VFG030694(gb|WP_013471930)	30.435	230	133	9	354	570	8	223	8.73e-13	70.5
g892.t1	VFG036559(gb|WP_013449339)	28.372	215	130	7	369	570	23	226	1.40e-12	69.3
g892.t1	VFG044219(gb|WP_000590068)	27.948	229	152	8	348	570	2	223	1.49e-12	67.8
g892.t1	VFG036556(gb|WP_014581848)	29.767	215	127	7	369	570	23	226	1.50e-12	69.3
g892.t1	VFG016166(gb|WP_003372869)	29.851	201	130	6	352	545	5	201	3.24e-12	67.0
g892.t1	VFG000344(gb|WP_005693820)	30.660	212	115	8	369	563	30	226	3.72e-12	67.8
g892.t1	VFG016167(gb|WP_004665393)	30.198	202	126	6	352	544	5	200	4.09e-12	66.6
g892.t1	VFG044358(gb|WP_013317301)	28.372	215	146	6	362	570	15	227	6.15e-12	66.2
g892.t1	VFG013572(gb|WP_080334646)	29.907	214	114	9	369	563	25	221	6.59e-12	67.0
g892.t1	VFG023851(gb|WP_036428980)	27.686	242	147	6	347	575	3	229	6.70e-12	66.6
g892.t1	VFG013571(gb|WP_032821670)	29.208	202	131	6	369	563	30	226	7.38e-12	67.0
g892.t1	VFG008678(gb|WP_041321021)	27.897	233	158	5	347	575	3	229	7.54e-12	66.6
g892.t1	VFG013733(gb|WP_003854229)	30.045	223	139	7	361	573	15	230	9.91e-12	65.5
g892.t1	VFG007909(gb|WP_003876146)	30.317	221	139	7	362	575	17	229	1.52e-11	65.9
g892.t1	VFG023850(gb|WP_043955033)	27.273	242	148	6	347	575	3	229	1.81e-11	65.5
g892.t1	VFG013734(gb|WP_011013698)	29.412	221	143	7	361	573	15	230	2.02e-11	64.7
g892.t1	VFG044250(gb|WP_005311724)	30.837	227	128	7	362	570	19	234	4.81e-11	63.5
g892.t1	VFG044213(gb|WP_000403742)	25.806	217	135	7	373	574	24	229	4.95e-11	63.5
g892.t1	VFG044295(gb|WP_004243181)	29.204	226	139	7	362	574	21	238	8.18e-11	62.8
g892.t1	VFG013719(gb|WP_011013622)	28.862	246	127	9	348	570	4	224	8.60e-11	62.8
g892.t1	VFG048486(gb|WP_004223579)	26.432	227	141	7	363	574	20	235	9.31e-11	62.8
g892.t1	VFG013718(gb|WP_011896674)	27.660	235	144	6	348	570	4	224	9.87e-11	62.8
g892.t1	VFG021858(gb|WP_003891342)	25.114	219	158	3	369	581	355	573	9.97e-11	64.3
g892.t1	VFG048483(gb|WP_012542491)	26.432	227	141	7	363	574	20	235	1.01e-10	62.4
g892.t1	VFG048489(gb|WP_012968728)	26.432	227	141	7	363	574	20	235	1.27e-10	62.4
g892.t1	VFG048488(gb|WP_002893737)	26.432	227	141	7	363	574	20	235	1.36e-10	62.0
g892.t1	VFG013728(gb|WP_011273788)	27.962	211	145	6	369	574	24	232	1.52e-10	62.0
g892.t1	VFG050113(gb|WP_000590108)	23.148	216	145	7	369	577	20	221	1.58e-10	62.4
g892.t1	VFG007238(gb|WP_000379797)	29.108	213	141	6	361	566	31	240	1.68e-10	62.0
g892.t1	VFG013047(gb|WP_000983717)	27.273	242	156	9	354	583	11	244	1.80e-10	62.0
g892.t1	VFG048481(gb|WP_014228352)	26.754	228	137	8	363	573	20	234	3.62e-10	60.8
g892.t1	VFG044362(gb|WP_033111968)	27.468	233	133	8	361	573	15	231	3.72e-10	60.8
g892.t1	VFG013045(gb|WP_000983722)	26.860	242	157	9	354	583	11	244	7.56e-10	60.1
g892.t1	VFG013070(gb|WP_001626196)	27.966	236	135	11	350	566	2	221	8.26e-10	59.7
g892.t1	VFG019986(gb|WP_015886547)	34.158	202	103	8	371	555	25	213	8.55e-10	59.3
g892.t1	VFG013049(gb|WP_000983723)	26.860	242	157	9	354	583	11	244	8.99e-10	59.7
g892.t1	VFG013050(gb|WP_000983719)	26.860	242	157	9	354	583	11	244	9.41e-10	59.7
g892.t1	VFG034207(gb|WP_000983720)	26.860	242	157	9	354	583	11	244	9.77e-10	59.7
g892.t1	VFG034214(gb|WP_000983710)	26.860	242	157	9	354	583	11	244	1.08e-09	59.7
g892.t1	VFG012576(gb|WP_000983716)	26.860	242	157	9	354	583	11	244	1.26e-09	59.3
g892.t1	VFG012577(gb|WP_000983702)	26.860	242	157	9	354	583	11	244	1.29e-09	59.3
g892.t1	VFG044172(gb|WP_000622316)	27.542	236	136	11	350	566	2	221	1.29e-09	59.3
g892.t1	VFG012580(gb|WP_000983712)	26.860	242	157	9	354	583	11	244	1.30e-09	59.3
g892.t1	VFG012578(gb|WP_000983714)	26.860	242	157	9	354	583	11	244	1.37e-09	59.3
g892.t1	VFG013716(gb|WP_041626280)	29.954	217	128	8	363	566	20	225	1.44e-09	59.3
g892.t1	VFG010865(gb|WP_011945967)	29.282	181	108	8	369	543	20	186	1.56e-09	57.8
g892.t1	VFG012579(gb|WP_000983706)	26.860	242	157	9	354	583	11	244	1.60e-09	58.9
g892.t1	VFG044077(gb|YP_002344985)	28.713	202	125	8	381	570	32	226	1.63e-09	58.9
g892.t1	VFG015913(gb|WP_011267822)	28.293	205	128	6	367	564	364	556	1.69e-09	60.5
g892.t1	VFG034217(gb|WP_000983704)	26.860	242	157	9	354	583	11	244	1.77e-09	58.9
g892.t1	VFG010862(gb|WP_010946592)	29.282	181	108	8	369	543	20	186	1.85e-09	57.8
g892.t1	VFG045715(gb|WP_012979218)	27.136	199	131	8	350	543	2	191	2.06e-09	57.8
g892.t1	VFG044225(gb|WP_011533698)	29.557	203	129	7	376	570	27	223	2.07e-09	58.5
g892.t1	VFG007914(gb|WP_011780329)	26.106	226	154	8	369	588	26	244	2.47e-09	58.9
g892.t1	VFG048480(gb|WP_014837773)	26.316	228	138	8	363	573	20	234	2.50e-09	58.5
g892.t1	VFG010864(gb|WP_011215036)	28.729	181	109	8	369	543	20	186	2.83e-09	57.0
g892.t1	VFG049050(gb|WP_015958690)	28.230	209	107	12	369	562	56	236	2.84e-09	59.3
g892.t1	VFG013732(gb|WP_006769637)	29.817	218	137	7	363	570	19	230	3.52e-09	58.2
g892.t1	VFG020065(gb|WP_012614134)	28.856	201	126	5	367	563	357	544	4.00e-09	59.3
g892.t1	VFG037390(gb|WP_000582116)	26.027	219	144	9	353	561	4	214	4.55e-09	57.4
g892.t1	VFG023849(gb|WP_013471676)	26.697	221	152	6	369	585	26	240	5.93e-09	57.8
g892.t1	VFG044314(gb|WP_012492604)	27.907	215	141	6	367	575	369	575	6.52e-09	58.5
g892.t1	VFG013731(gb|WP_005291888)	25.581	215	150	6	363	570	37	248	6.78e-09	57.4
g892.t1	VFG013026(gb|WP_000140653)	26.222	225	142	7	364	574	21	235	7.52e-09	57.0
g892.t1	VFG007913(gb|WP_011894249)	26.697	221	152	6	369	585	26	240	8.04e-09	57.4
g892.t1	VFG037386(gb|WP_000582115)	26.027	219	144	9	353	561	4	214	8.20e-09	56.6
g892.t1	VFG013025(gb|WP_000140630)	26.222	225	142	7	364	574	21	235	8.31e-09	57.0
g892.t1	VFG021794(gb|WP_013240890)	26.754	228	141	7	361	573	35	251	1.10e-08	56.6
g892.t1	VFG013022(gb|NP_706444)	26.222	225	142	7	364	574	21	235	1.19e-08	56.2
g892.t1	VFG000925(gb|WP_000140634)	26.222	225	142	7	364	574	21	235	1.21e-08	56.2
g892.t1	VFG013021(gb|WP_000140647)	26.222	225	142	7	364	574	21	235	1.39e-08	56.2
g892.t1	VFG020177(gb|WP_000140632)	26.222	225	142	7	364	574	21	235	1.49e-08	56.2
g892.t1	VFG026227(gb|WP_004538663)	31.111	180	99	7	369	543	61	220	1.65e-08	57.0
g892.t1	VFG044105(gb|WP_010922614)	24.889	225	143	5	361	570	18	231	1.69e-08	55.8
g892.t1	VFG005775(gb|WP_000403526)	29.902	204	131	7	368	566	20	216	2.12e-08	55.8
g892.t1	VFG037384(gb|WP_000582117)	25.571	219	145	8	353	561	4	214	2.73e-08	55.1
g892.t1	VFG037392(gb|WP_000582124)	23.810	210	142	6	362	561	13	214	3.41e-08	54.7
g892.t1	VFG015820(gb|WP_012273662)	27.000	200	131	3	367	563	358	545	4.99e-08	55.8
g892.t1	VFG021788(gb|WP_013241313)	27.358	212	140	7	363	566	19	224	5.74e-08	54.3
g892.t1	VFG016024(gb|WP_011267350)	28.713	202	128	6	367	564	357	546	6.15e-08	55.5
g892.t1	VFG015383(gb|WP_011064245)	34.146	205	103	8	371	555	25	217	7.76e-08	53.5
g892.t1	VFG006082(gb|WP_011226326)	28.922	204	118	10	369	565	50	233	8.15e-08	54.7
g892.t1	VFG013702(gb|WP_010934023)	26.829	205	131	7	367	566	28	218	8.67e-08	53.5
g892.t1	VFG044135(gb|WP_002209058)	26.906	223	141	7	361	570	22	235	1.04e-07	53.5
g892.t1	VFG016025(gb|WP_005753277)	27.723	202	130	6	367	564	357	546	1.05e-07	54.7
g892.t1	VFG037395(gb|YP_005799714)	25.131	191	125	7	381	561	4	186	1.26e-07	52.8
g892.t1	VFG017762(gb|WP_011990763)	26.500	200	121	10	370	562	24	204	1.45e-07	52.4
g892.t1	VFG015379(gb|WP_011979124)	34.392	189	99	8	371	542	26	206	2.14e-07	52.4
g892.t1	VFG013730(gb|WP_010934773)	25.806	217	151	6	361	570	18	231	2.33e-07	52.4
g892.t1	VFG015384(gb|WP_003246989)	34.010	197	91	8	370	542	20	201	3.03e-07	51.6
g892.t1	VFG005922(gb|WP_011837183)	29.730	185	98	9	369	544	49	210	3.44e-07	52.8
g892.t1	VFG002059(gb|NP_248763)	34.392	189	99	8	371	542	26	206	4.81e-07	51.2
g892.t1	VFG015380(gb|WP_003136959)	34.392	189	99	8	371	542	26	206	4.85e-07	51.2
g892.t1	VFG013703(gb|WP_011273220)	27.778	198	128	8	381	570	33	223	5.38e-07	51.2
g892.t1	VFG020068(gb|WP_012723750)	27.225	191	117	6	367	549	357	533	6.59e-07	52.0
g892.t1	VFG007259(gb|WP_011151970)	26.500	200	139	6	376	570	27	223	8.78e-07	50.4
g892.t1	VFG007258(gb|WP_011081097)	26.500	200	139	6	376	570	27	223	1.25e-06	50.1
g892.t1	VFG016023(gb|WP_011103875)	26.768	198	130	5	367	561	357	542	1.26e-06	51.2
g892.t1	VFG018671(gb|WP_012000441)	28.495	186	99	9	369	544	50	211	1.30e-06	50.8
g892.t1	VFG000160(gb|NP_251087)	22.767	571	367	23	26	568	25	549	1.61e-06	50.8
g892.t1	VFG005937(gb|WP_002261978)	25.837	209	115	9	368	563	49	230	1.62e-06	50.4
g892.t1	VFG044173(gb|WP_005477430)	26.512	215	147	7	363	570	14	224	1.77e-06	49.7
g892.t1	VFG006065(gb|WP_011227428)	27.513	189	97	9	369	544	50	211	1.93e-06	50.4
g892.t1	VFG006059(gb|WP_011681436)	27.513	189	97	9	369	544	50	211	2.05e-06	50.4
g892.t1	VFG044100(gb|NP_253394)	29.048	210	129	6	362	559	13	214	2.86e-06	48.9
g892.t1	VFG007915(gb|WP_011560224)	26.244	221	135	7	369	576	31	236	6.84e-06	48.5
g892.t1	VFG044236(gb|WP_011815405)	25.676	222	145	7	361	570	22	235	7.04e-06	47.8
