g5106.t1	VFG000142(gb|NP_253698)	100.000	355	0	0	1	355	1	355	0.0	720
g5106.t1	VFG013280(gb|WP_011609757)	51.689	296	143	0	1	296	1	296	6.09e-111	326
g5106.t1	VFG013152(gb|WP_012341246)	51.351	296	144	0	1	296	1	296	2.54e-110	324
g5106.t1	VFG036803(gb|WP_012779520)	40.830	289	167	4	1	287	1	287	1.92e-66	212
g5106.t1	VFG036795(gb|WP_002246566)	40.484	289	168	4	1	287	1	287	8.91e-66	210
g5106.t1	VFG036798(gb|WP_002221745)	40.138	289	169	4	1	287	1	287	1.46e-65	210
g5106.t1	VFG036811(gb|WP_013449660)	40.830	289	167	4	1	287	1	287	1.55e-65	210
g5106.t1	VFG036805(gb|WP_002225884)	40.138	289	169	4	1	287	1	287	1.59e-65	210
g5106.t1	VFG036802(gb|WP_002242118)	40.484	289	168	4	1	287	1	287	1.41e-64	207
g5106.t1	VFG036797(gb|WP_003688094)	41.176	289	166	4	1	287	1	287	2.58e-64	207
g5106.t1	VFG000243(gb|WP_002218264)	40.138	289	169	4	1	287	1	287	4.36e-64	206
g5106.t1	VFG036804(gb|WP_002220019)	40.138	289	169	4	1	287	1	287	9.25e-64	205
g5106.t1	VFG000316(gb|WP_000684682)	27.517	298	191	5	1	281	1	290	8.01e-33	124
g5106.t1	VFG011761(gb|WP_011732191)	24.556	338	223	13	1	323	1	321	1.02e-28	113
g5106.t1	VFG011759(gb|WP_011049885)	22.701	348	221	12	1	318	1	330	1.22e-22	97.1
g5106.t1	VFG017764(gb|WP_011989871)	23.188	345	223	13	1	318	1	330	2.16e-22	96.3
g5106.t1	VFG002024(gb|YP_002344526)	22.899	345	224	13	1	318	1	330	2.48e-22	96.3
g5106.t1	VFG011760(gb|WP_002855693)	23.188	345	223	13	1	318	1	330	4.17e-22	95.5
g5106.t1	VFG017998(gb|WP_002866145)	22.319	345	226	12	1	318	1	330	5.88e-22	95.1
g5106.t1	VFG000241(gb|WP_002225061)	26.301	365	215	14	1	345	3	333	1.79e-15	76.3
g5106.t1	VFG006118(gb|WP_002220574)	26.099	364	217	13	1	345	3	333	4.17e-15	75.1
g5106.t1	VFG036156(gb|WP_014575474)	26.301	365	215	14	1	345	3	333	4.81e-15	75.1
g5106.t1	VFG036154(gb|WP_002238932)	26.099	364	217	13	1	345	3	333	4.90e-15	75.1
g5106.t1	VFG036159(gb|WP_014581397)	25.275	364	220	12	1	345	3	333	8.44e-15	74.3
g5106.t1	VFG019670(gb|WP_003693355)	25.549	364	219	13	1	345	3	333	1.34e-14	73.9
g5106.t1	VFG006121(gb|WP_003706351)	25.549	364	219	13	1	345	3	333	3.22e-14	72.8
g5106.t1	VFG036155(gb|WP_015815733)	25.275	364	220	12	1	345	3	333	3.70e-14	72.4
g5106.t1	VFG036158(gb|WP_002256770)	25.275	364	220	13	1	345	3	333	9.57e-14	71.2
g5106.t1	VFG036153(gb|WP_002242879)	25.753	365	217	14	1	345	3	333	1.69e-13	70.5
g5106.t1	VFG013279(gb|WP_010944460)	23.607	305	197	12	1	290	6	289	7.48e-13	68.6
g5106.t1	VFG013404(gb|WP_041603398)	24.214	318	204	8	1	294	1	305	1.88e-12	67.4
g5106.t1	VFG013168(gb|WP_012341245)	25.658	304	199	9	1	286	1	295	2.06e-12	67.4
g5106.t1	VFG013405(gb|WP_011609758)	25.658	304	199	9	1	286	1	295	2.47e-12	67.0
g5106.t1	VFG036164(gb|WP_013448716)	25.205	365	219	14	1	345	3	333	2.51e-12	67.0
g5106.t1	VFG011797(gb|WP_002850278)	20.937	363	224	12	1	351	1	312	1.03e-11	65.1
g5106.t1	VFG000143(gb|NP_253699)	33.333	129	79	3	190	312	188	315	7.22e-11	62.8
g5106.t1	VFG013401(gb|WP_011272387)	24.422	303	204	8	1	286	1	295	2.24e-10	61.2
g5106.t1	VFG013400(gb|WP_005693429)	24.595	309	196	12	1	286	1	295	4.51e-10	60.1
g3471.t1	VFG013280(gb|WP_011609757)	57.500	320	128	2	1	313	1	319	1.65e-127	366
g3471.t1	VFG013152(gb|WP_012341246)	56.875	320	130	2	1	313	1	319	1.65e-126	364
g3471.t1	VFG000142(gb|NP_253698)	56.376	298	123	2	1	295	1	294	1.83e-109	322
g3471.t1	VFG036797(gb|WP_003688094)	38.246	285	173	3	1	284	1	283	1.36e-62	201
g3471.t1	VFG036803(gb|WP_012779520)	37.895	285	174	3	1	284	1	283	4.49e-62	199
g3471.t1	VFG036795(gb|WP_002246566)	38.246	285	173	3	1	284	1	283	4.64e-62	199
g3471.t1	VFG036805(gb|WP_002225884)	37.544	285	175	3	1	284	1	283	1.94e-61	198
g3471.t1	VFG036798(gb|WP_002221745)	37.544	285	175	3	1	284	1	283	2.02e-61	198
g3471.t1	VFG036811(gb|WP_013449660)	37.544	285	175	3	1	284	1	283	3.21e-61	197
g3471.t1	VFG036804(gb|WP_002220019)	37.895	285	174	3	1	284	1	283	2.04e-60	195
g3471.t1	VFG000243(gb|WP_002218264)	37.895	285	174	3	1	284	1	283	7.41e-60	194
g3471.t1	VFG036802(gb|WP_002242118)	37.193	285	176	3	1	284	1	283	1.59e-59	193
g3471.t1	VFG000316(gb|WP_000684682)	29.667	300	183	7	1	282	1	290	3.70e-36	132
g3471.t1	VFG011761(gb|WP_011732191)	25.994	327	202	10	1	308	1	306	3.27e-27	108
g3471.t1	VFG011759(gb|WP_011049885)	26.246	301	191	11	1	282	1	289	3.83e-24	100
g3471.t1	VFG011760(gb|WP_002855693)	25.000	300	196	9	1	282	1	289	9.52e-24	99.4
g3471.t1	VFG017764(gb|WP_011989871)	24.667	300	197	9	1	282	1	289	2.77e-23	98.2
g3471.t1	VFG017998(gb|WP_002866145)	25.000	300	196	9	1	282	1	289	5.63e-23	97.1
g3471.t1	VFG002024(gb|YP_002344526)	24.667	300	197	9	1	282	1	289	1.02e-22	96.7
g3471.t1	VFG013279(gb|WP_010944460)	21.053	323	224	11	1	311	6	309	1.09e-10	61.6
g3471.t1	VFG013404(gb|WP_041603398)	23.418	316	190	13	1	285	1	295	2.81e-08	54.3
g3471.t1	VFG013401(gb|WP_011272387)	29.293	99	63	2	192	284	195	292	5.93e-07	50.4
g3471.t1	VFG013400(gb|WP_005693429)	29.293	99	63	2	192	284	195	292	6.37e-07	50.1
