g4242.t1	VFG013745(gb|WP_011896758)	46.588	337	166	7	10	340	20	348	1.42e-81	251
g4242.t1	VFG013746(gb|WP_011013700)	46.588	337	166	7	10	340	20	348	1.73e-81	251
g4242.t1	VFG007234(gb|WP_001880579)	50.613	326	158	2	17	340	26	350	5.30e-81	250
g4242.t1	VFG044360(gb|WP_013318781)	46.557	305	158	4	33	336	57	357	4.19e-72	227
g4242.t1	VFG048468(gb|WP_004176917)	44.408	304	164	4	32	334	29	328	9.69e-63	202
g4242.t1	VFG048467(gb|WP_012068425)	44.408	304	164	4	32	334	29	328	9.79e-63	202
g4242.t1	VFG048469(gb|WP_008805582)	44.408	304	164	4	32	334	29	328	1.08e-62	202
g4242.t1	VFG048465(gb|YP_005225743)	44.408	304	164	4	32	334	29	328	1.24e-62	202
g4242.t1	VFG048466(gb|WP_004223587)	44.554	303	163	4	33	334	30	328	1.47e-62	202
g4242.t1	VFG048464(gb|WP_012542490)	44.079	304	165	4	32	334	29	328	2.12e-62	202
g4242.t1	VFG023807(gb|WP_003891337)	41.056	341	191	5	3	339	8	342	1.17e-59	195
g4242.t1	VFG044252(gb|WP_000924997)	34.877	324	208	2	14	336	7	328	2.94e-59	193
g4242.t1	VFG000926(gb|WP_001443194)	45.752	306	161	4	30	334	27	328	2.32e-58	191
g4242.t1	VFG013032(gb|WP_005141140)	45.752	306	161	4	30	334	27	328	2.44e-58	191
g4242.t1	VFG013029(gb|WP_001298899)	45.752	306	161	4	30	334	27	328	4.13e-58	191
g4242.t1	VFG044356(gb|WP_013317299)	44.860	321	165	5	19	334	22	335	4.27e-58	191
g4242.t1	VFG013028(gb|NP_706446)	45.752	306	161	4	30	334	31	332	4.65e-58	191
g4242.t1	VFG013027(gb|WP_005019334)	45.425	306	162	4	30	334	27	328	6.69e-58	190
g4242.t1	VFG013744(gb|WP_006769635)	42.638	326	179	5	16	340	14	332	7.68e-58	190
g4242.t1	VFG048461(gb|WP_014228353)	44.179	335	179	5	1	334	1	328	1.53e-57	189
g4242.t1	VFG016169(gb|WP_004665389)	43.986	291	154	4	45	334	42	324	2.73e-57	188
g4242.t1	VFG016168(gb|WP_011267801)	43.986	291	154	4	45	334	42	324	2.08e-54	181
g4242.t1	VFG021796(gb|WP_013240892)	41.641	329	188	3	2	329	20	345	5.99e-54	180
g4242.t1	VFG013743(gb|WP_005325331)	43.533	317	171	3	28	337	54	369	1.14e-48	167
g4242.t1	VFG013713(gb|WP_003859752)	36.499	337	198	8	7	334	22	351	1.46e-47	164
g4242.t1	VFG013712(gb|WP_003855485)	36.202	337	199	8	7	334	22	351	5.45e-47	162
g4242.t1	VFG044175(gb|WP_005460640)	43.986	291	152	6	49	334	58	342	6.06e-47	162
g4242.t1	VFG013742(gb|WP_010934775)	37.539	317	193	4	21	336	20	332	7.27e-47	161
g4242.t1	VFG044136(gb|WP_002209059)	37.217	309	178	4	40	339	31	332	1.59e-46	160
g4242.t1	VFG044237(gb|WP_005175607)	39.721	287	157	5	62	339	53	332	3.70e-46	159
g4242.t1	VFG044294(gb|WP_004243180)	38.000	300	180	2	39	334	22	319	3.40e-45	157
g4242.t1	VFG013709(gb|WP_010934431)	37.261	314	183	7	28	334	36	342	3.46e-45	157
g4242.t1	VFG044190(gb|WP_011179201)	33.618	351	210	8	2	334	15	360	1.02e-44	156
g4242.t1	VFG034360(gb|WP_000910405)	36.275	306	176	6	40	336	32	327	4.07e-44	154
g4242.t1	VFG012630(gb|WP_000910399)	36.275	306	176	6	40	336	32	327	4.25e-44	154
g4242.t1	VFG013069(gb|WP_005019013)	36.275	306	176	6	40	336	20	315	4.71e-44	153
g4242.t1	VFG000922(gb|WP_000910402)	36.275	306	176	6	40	336	32	327	4.72e-44	154
g4242.t1	VFG034354(gb|WP_000910400)	36.275	306	176	6	40	336	32	327	5.19e-44	154
g4242.t1	VFG012628(gb|NP_312413)	36.275	306	176	6	40	336	20	315	1.17e-43	152
g4242.t1	VFG012627(gb|WP_000910392)	36.275	306	176	6	40	336	32	327	1.51e-43	152
g4242.t1	VFG044214(gb|WP_001036839)	32.641	337	193	10	12	334	4	320	2.16e-43	152
g4242.t1	VFG034357(gb|WP_000910391)	36.275	306	176	6	40	336	32	327	5.80e-43	151
g4242.t1	VFG021787(gb|WP_013241312)	37.982	337	187	10	8	334	18	342	8.79e-43	151
g4242.t1	VFG013710(gb|WP_011273029)	35.860	343	205	8	1	334	5	341	4.29e-42	149
g4242.t1	VFG044106(gb|WP_002995381)	35.540	287	171	6	53	334	59	336	2.56e-40	144
g4242.t1	VFG044174(gb|WP_005460642)	38.869	283	170	2	54	336	42	321	5.44e-40	143
g4242.t1	VFG044440(gb|CAF25488)	35.275	309	178	7	45	336	7	310	1.49e-38	139
g4242.t1	VFG044272(gb|WP_000974906)	31.250	336	211	10	7	334	15	338	5.03e-38	138
g4242.t1	VFG044271(gb|WP_000989091)	29.851	335	217	7	6	336	2	322	1.17e-37	137
g4242.t1	VFG034365(gb|WP_000910398)	36.275	306	176	6	40	336	32	327	1.64e-37	136
g4242.t1	VFG048476(gb|WP_004223582)	38.710	341	177	10	4	332	3	323	1.45e-36	134
g4242.t1	VFG016171(gb|WP_011168765)	38.485	330	183	8	16	336	24	342	1.79e-36	134
g4242.t1	VFG048478(gb|WP_004147521)	38.663	344	173	11	4	332	3	323	8.70e-36	132
g4242.t1	VFG048479(gb|WP_012968727)	38.304	342	177	10	4	332	3	323	1.05e-35	132
g4242.t1	VFG000928(gb|WP_000640938)	40.940	298	163	4	41	331	31	322	4.18e-35	130
g4242.t1	VFG021795(gb|WP_013240891)	35.017	297	180	6	42	332	32	321	1.24e-34	129
g4242.t1	VFG044251(gb|WP_000136636)	28.834	326	227	4	7	331	4	325	2.75e-34	128
g4242.t1	VFG044210(gb|WP_001061683)	36.364	286	167	8	55	334	396	672	8.58e-34	131
g4242.t1	VFG044210(gb|WP_001061683)	34.194	310	193	9	34	339	32	334	1.43e-31	125
g4242.t1	VFG016170(gb|WP_011267802)	38.811	286	160	6	58	336	65	342	1.38e-33	126
g4242.t1	VFG013037(gb|WP_000640969)	40.940	298	163	4	41	331	31	322	5.15e-33	124
g4242.t1	VFG013036(gb|WP_000640961)	38.750	320	172	4	14	331	25	322	6.95e-33	124
g4242.t1	VFG013034(gb|NP_706445)	38.438	320	173	4	14	331	25	322	6.95e-33	124
g4242.t1	VFG013038(gb|WP_000640963)	40.940	298	163	4	41	331	31	322	9.87e-33	124
g4242.t1	VFG013033(gb|WP_000640995)	40.940	298	163	4	41	331	31	322	1.15e-32	124
g4242.t1	VFG044111(gb|WP_003817862)	39.286	280	162	5	59	336	39	312	3.08e-32	122
g4242.t1	VFG048470(gb|WP_009653197)	40.000	300	171	7	33	329	27	320	2.71e-30	117
g4242.t1	VFG013736(gb|WP_010934774)	36.364	286	162	7	57	334	40	313	3.36e-30	117
g4242.t1	VFG013711(gb|WP_011075103)	32.945	343	203	8	8	339	5	331	8.67e-30	116
g4242.t1	VFG021791(gb|WP_013241845)	33.441	311	198	4	22	332	33	334	4.43e-28	111
g4242.t1	VFG021854(gb|WP_003891338)	33.437	323	198	7	16	331	33	345	1.48e-27	110
g4242.t1	VFG044268(gb|WP_000594530)	33.217	286	166	9	62	340	54	321	2.85e-27	108
g4242.t1	VFG044357(gb|WP_013317300)	37.049	305	166	8	44	336	58	348	6.74e-27	108
g4242.t1	VFG044280(gb|WP_004244967)	31.834	289	181	5	57	336	76	357	8.86e-27	108
g4242.t1	VFG044249(gb|WP_011899038)	37.812	320	183	4	30	336	24	340	1.52e-26	107
g4242.t1	VFG013726(gb|WP_049780549)	38.710	279	164	4	62	339	57	329	5.89e-26	105
g4242.t1	VFG013725(gb|WP_010934399)	33.131	329	211	3	6	334	1	320	6.31e-26	105
g4242.t1	VFG013740(gb|WP_011013699)	32.862	283	179	6	4	279	43	321	2.43e-25	105
g4242.t1	VFG044101(gb|NP_253395)	39.752	322	177	8	30	336	7	326	3.71e-25	103
g4242.t1	VFG013739(gb|WP_011896757)	32.941	255	166	4	26	279	73	323	8.22e-25	103
g4242.t1	VFG044361(gb|WP_033112376)	38.559	236	136	6	48	279	56	286	1.81e-24	102
g4242.t1	VFG007236(gb|WP_000447980)	33.634	333	209	8	8	336	31	355	5.35e-24	100
g4242.t1	VFG013701(gb|WP_034965332)	32.192	292	184	5	50	332	63	349	6.35e-23	97.8
g4242.t1	VFG007248(gb|WP_043921119)	29.329	283	182	7	57	334	30	299	1.00e-22	96.3
g4242.t1	VFG007249(gb|WP_011151968)	29.329	283	182	7	57	334	37	306	1.21e-22	96.3
g4242.t1	VFG007245(gb|WP_000735136)	28.929	280	174	7	64	334	43	306	1.25e-22	96.3
g4242.t1	VFG021790(gb|WP_013241844)	31.541	279	183	6	67	339	43	319	1.82e-22	95.9
g4242.t1	VFG007247(gb|WP_005482134)	27.839	273	186	5	64	334	43	306	1.10e-21	93.6
g4242.t1	VFG013723(gb|WP_010934398)	32.862	283	180	7	52	326	31	311	1.36e-19	87.8
g4242.t1	VFG044227(gb|WP_193383915)	30.233	301	176	7	51	336	33	314	2.13e-19	87.0
g4242.t1	VFG013700(gb|WP_010934022)	32.168	286	191	2	48	332	54	337	5.45e-19	86.7
g4242.t1	VFG044076(gb|YP_002344984)	27.019	322	208	12	25	335	22	327	5.38e-18	83.2
g4242.t1	VFG013737(gb|WP_005325330)	33.725	255	156	5	30	275	50	300	1.28e-17	82.8
g4242.t1	VFG044221(gb|WP_000042061)	24.723	271	194	4	64	331	64	327	1.68e-17	82.0
g4242.t1	VFG044311(gb|WP_012492602)	34.276	283	173	6	49	326	404	678	2.83e-17	82.8
g4242.t1	VFG044311(gb|WP_012492602)	35.417	288	165	7	57	334	62	338	4.02e-17	82.4
g4242.t1	VFG044409(gb|AAR12524)	27.007	274	190	4	64	334	44	310	6.75e-16	77.0
g4242.t1	VFG013724(gb|WP_173362240)	30.208	288	189	4	55	336	16	297	2.24e-15	75.5
g4242.t1	VFG013738(gb|WP_006769636)	33.091	275	179	3	60	334	65	334	2.77e-14	72.8
g4242.t1	VFG037418(gb|WP_020753360)	25.857	321	217	8	22	336	8	313	1.09e-13	70.9
g4242.t1	VFG037412(gb|WP_001210792)	26.812	276	193	5	64	336	44	313	1.20e-13	70.5
g4242.t1	VFG037411(gb|WP_001210787)	26.812	276	193	5	64	336	44	313	2.39e-13	69.7
g4242.t1	VFG037417(gb|WP_085916975)	26.812	276	193	5	64	336	58	327	2.65e-13	69.7
g4242.t1	VFG007253(gb|WP_011081096)	26.871	294	197	9	55	337	29	315	4.58e-13	68.9
g4242.t1	VFG007254(gb|WP_011151969)	26.871	294	197	9	55	337	29	315	7.66e-13	68.2
g4242.t1	VFG037415(gb|YP_001085410)	26.866	268	187	5	72	336	1	262	8.91e-12	64.3
g4242.t1	VFG007252(gb|WP_005482136)	24.473	237	169	6	55	284	29	262	6.10e-11	62.4
g4242.t1	VFG037414(gb|WP_012391956)	25.869	259	184	4	64	320	44	296	9.82e-11	62.0
g4242.t1	VFG044220(gb|WP_000631132)	26.027	292	184	9	65	336	73	352	1.80e-08	55.1
g4242.t1	VFG044410(gb|AAR12525)	22.887	284	204	7	62	333	32	312	9.99e-08	52.8
g4242.t1	VFG007250(gb|WP_001154099)	23.427	286	211	4	55	334	29	312	2.89e-07	51.2
g550.t1	VFG048468(gb|WP_004176917)	84.478	335	52	0	1	335	1	335	2.32e-180	501
g550.t1	VFG048466(gb|WP_004223587)	84.478	335	52	0	1	335	1	335	3.02e-180	501
g550.t1	VFG048469(gb|WP_008805582)	84.478	335	52	0	1	335	1	335	4.02e-180	501
g550.t1	VFG048461(gb|WP_014228353)	85.075	335	50	0	1	335	1	335	4.79e-180	501
g550.t1	VFG048464(gb|WP_012542490)	84.179	335	53	0	1	335	1	335	5.89e-180	501
g550.t1	VFG048465(gb|YP_005225743)	84.179	335	53	0	1	335	1	335	1.02e-179	500
g550.t1	VFG048467(gb|WP_012068425)	84.179	335	53	0	1	335	1	335	1.34e-179	499
g550.t1	VFG013029(gb|WP_001298899)	88.589	333	38	0	1	333	1	333	2.91e-179	499
g550.t1	VFG013027(gb|WP_005019334)	88.288	333	39	0	1	333	1	333	5.49e-179	498
g550.t1	VFG013028(gb|NP_706446)	88.288	333	39	0	1	333	5	337	1.17e-178	498
g550.t1	VFG013032(gb|WP_005141140)	88.288	333	39	0	1	333	1	333	1.60e-178	497
g550.t1	VFG000926(gb|WP_001443194)	88.288	333	39	0	1	333	1	333	1.98e-178	497
g550.t1	VFG044360(gb|WP_013318781)	58.416	303	126	0	29	331	56	358	2.05e-112	330
g550.t1	VFG013745(gb|WP_011896758)	47.006	334	176	1	1	333	14	347	5.79e-95	285
g550.t1	VFG013746(gb|WP_011013700)	47.006	334	176	1	1	333	14	347	7.69e-95	285
g550.t1	VFG023807(gb|WP_003891337)	46.602	309	162	3	25	331	33	340	1.54e-69	220
g550.t1	VFG021796(gb|WP_013240892)	44.805	308	169	1	24	330	45	352	5.13e-68	216
g550.t1	VFG013744(gb|WP_006769635)	41.214	313	180	3	19	330	19	328	4.23e-63	203
g550.t1	VFG013742(gb|WP_010934775)	40.694	317	186	2	16	331	18	333	1.58e-62	202
g550.t1	VFG016169(gb|WP_004665389)	42.903	310	175	2	26	333	20	329	1.01e-60	197
g550.t1	VFG013743(gb|WP_005325331)	42.540	315	170	4	25	329	54	367	2.84e-57	189
g550.t1	VFG016168(gb|WP_011267801)	41.745	321	184	3	15	333	10	329	4.28e-57	187
g550.t1	VFG044356(gb|WP_013317299)	40.705	312	183	2	24	333	29	340	9.49e-55	182
g550.t1	VFG044190(gb|WP_011179201)	40.199	301	163	9	42	329	63	359	2.73e-51	174
g550.t1	VFG044214(gb|WP_001036839)	35.593	295	178	5	44	334	40	326	1.10e-47	163
g550.t1	VFG044252(gb|WP_000924997)	32.907	313	208	2	18	328	14	326	1.24e-47	163
g550.t1	VFG044237(gb|WP_005175607)	39.655	290	165	6	49	331	44	330	5.00e-45	156
g550.t1	VFG021787(gb|WP_013241312)	36.332	289	170	8	53	333	65	347	1.51e-44	155
g550.t1	VFG044272(gb|WP_000974906)	32.581	310	206	3	17	325	28	335	2.95e-44	154
g550.t1	VFG007234(gb|WP_001880579)	40.123	324	189	5	9	328	22	344	2.43e-43	152
g550.t1	VFG044136(gb|WP_002209059)	38.966	290	167	6	49	331	44	330	8.71e-43	150
g550.t1	VFG013710(gb|WP_011273029)	35.736	333	188	11	16	333	25	346	1.64e-42	150
g550.t1	VFG012627(gb|WP_000910392)	37.374	297	171	7	43	329	35	326	4.37e-42	148
g550.t1	VFG000922(gb|WP_000910402)	37.374	297	171	7	43	329	35	326	4.51e-42	148
g550.t1	VFG034354(gb|WP_000910400)	37.374	297	171	7	43	329	35	326	4.66e-42	148
g550.t1	VFG012630(gb|WP_000910399)	37.374	297	171	7	43	329	35	326	5.01e-42	148
g550.t1	VFG012628(gb|NP_312413)	37.374	297	171	7	43	329	23	314	5.25e-42	148
g550.t1	VFG013069(gb|WP_005019013)	38.596	285	160	7	55	329	35	314	6.28e-42	148
g550.t1	VFG034357(gb|WP_000910391)	36.949	295	175	6	43	329	35	326	8.85e-42	147
g550.t1	VFG034360(gb|WP_000910405)	37.037	297	172	7	43	329	35	326	1.35e-41	147
g550.t1	VFG044175(gb|WP_005460640)	38.909	275	163	4	60	331	73	345	2.56e-41	147
g550.t1	VFG044294(gb|WP_004243180)	36.678	289	171	5	52	332	39	323	5.70e-40	143
g550.t1	VFG013709(gb|WP_010934431)	33.793	290	178	8	54	335	66	349	3.76e-39	141
g550.t1	VFG044210(gb|WP_001061683)	35.216	301	189	4	31	328	32	329	8.17e-38	142
g550.t1	VFG044210(gb|WP_001061683)	32.239	335	210	9	2	329	349	673	1.64e-32	127
g550.t1	VFG013713(gb|WP_003859752)	32.087	321	203	7	23	333	41	356	1.16e-37	137
g550.t1	VFG013712(gb|WP_003855485)	32.899	307	194	6	33	333	56	356	1.34e-37	137
g550.t1	VFG013711(gb|WP_011075103)	36.286	350	193	10	1	335	1	335	2.15e-36	134
g550.t1	VFG034365(gb|WP_000910398)	37.037	297	172	7	43	329	35	326	4.95e-36	132
g550.t1	VFG044251(gb|WP_000136636)	32.268	313	204	6	17	325	17	325	3.88e-35	130
g550.t1	VFG044271(gb|WP_000989091)	32.622	328	204	7	6	328	5	320	6.20e-35	129
g550.t1	VFG044440(gb|CAF25488)	37.370	289	164	7	55	330	26	310	2.55e-33	125
g550.t1	VFG044280(gb|WP_004244967)	35.517	290	176	5	49	329	69	356	2.17e-31	120
g550.t1	VFG044106(gb|WP_002995381)	30.070	286	194	4	47	330	57	338	3.55e-30	117
g550.t1	VFG044174(gb|WP_005460642)	32.459	305	197	6	27	328	21	319	4.01e-30	116
g550.t1	VFG000928(gb|WP_000640938)	36.306	314	188	9	22	330	21	327	6.01e-30	116
g550.t1	VFG048478(gb|WP_004147521)	34.824	313	194	8	22	330	21	327	1.15e-29	115
g550.t1	VFG048479(gb|WP_012968727)	34.824	313	194	8	22	330	21	327	1.50e-29	115
g550.t1	VFG021791(gb|WP_013241845)	33.648	318	185	11	19	326	33	334	1.58e-29	115
g550.t1	VFG048476(gb|WP_004223582)	34.824	313	194	8	22	330	21	327	3.79e-29	114
g550.t1	VFG044111(gb|WP_003817862)	36.364	319	174	12	25	328	6	310	4.50e-29	113
g550.t1	VFG021795(gb|WP_013240891)	36.093	302	173	11	38	330	35	325	5.56e-29	114
g550.t1	VFG013033(gb|WP_000640995)	34.743	331	202	10	7	330	4	327	5.88e-29	114
g550.t1	VFG013725(gb|WP_010934399)	33.754	317	194	9	20	331	18	323	9.49e-29	113
g550.t1	VFG013037(gb|WP_000640969)	34.743	331	202	10	7	330	4	327	1.36e-28	112
g550.t1	VFG013036(gb|WP_000640961)	35.045	331	201	10	7	330	4	327	1.62e-28	112
g550.t1	VFG013034(gb|NP_706445)	35.045	331	201	10	7	330	4	327	1.62e-28	112
g550.t1	VFG021854(gb|WP_003891338)	33.434	332	208	7	2	325	19	345	1.92e-28	112
g550.t1	VFG013038(gb|WP_000640963)	34.743	331	202	10	7	330	4	327	2.02e-28	112
g550.t1	VFG013723(gb|WP_010934398)	32.797	311	187	6	38	332	19	323	3.68e-27	108
g550.t1	VFG013726(gb|WP_049780549)	36.624	314	183	8	22	330	26	328	1.06e-26	107
g550.t1	VFG013740(gb|WP_011013699)	29.412	272	179	4	10	271	50	318	1.57e-26	108
g550.t1	VFG021790(gb|WP_013241844)	34.164	281	167	6	63	331	43	317	3.24e-26	106
g550.t1	VFG013739(gb|WP_011896757)	29.412	272	179	4	10	271	52	320	3.27e-26	107
g550.t1	VFG013736(gb|WP_010934774)	35.231	281	174	6	54	331	41	316	9.86e-26	104
g550.t1	VFG048470(gb|WP_009653197)	33.663	303	193	5	31	330	30	327	1.30e-25	104
g550.t1	VFG007248(gb|WP_043921119)	29.653	317	200	10	17	328	1	299	1.32e-23	98.6
g550.t1	VFG013701(gb|WP_034965332)	31.864	295	193	6	45	333	66	358	1.72e-23	99.4
g550.t1	VFG007245(gb|WP_000735136)	26.006	323	221	7	16	334	4	312	2.02e-23	98.2
g550.t1	VFG013700(gb|WP_010934022)	34.234	333	197	12	16	333	21	346	3.64e-23	98.2
g550.t1	VFG007249(gb|WP_011151968)	30.545	275	176	8	59	328	42	306	6.30e-23	97.1
g550.t1	VFG044101(gb|NP_253395)	37.461	323	178	8	26	328	6	324	1.49e-22	96.3
g550.t1	VFG044361(gb|WP_033112376)	31.975	319	179	6	30	330	44	342	6.87e-22	94.7
g550.t1	VFG007247(gb|WP_005482134)	27.797	295	190	10	42	328	27	306	7.40e-22	94.0
g550.t1	VFG016171(gb|WP_011168765)	31.420	331	210	8	8	326	13	338	1.26e-21	94.0
g550.t1	VFG044076(gb|YP_002344984)	27.245	323	220	8	8	325	8	320	2.17e-21	92.8
g550.t1	VFG044221(gb|WP_000042061)	29.167	288	190	6	44	323	44	325	2.80e-21	92.8
g550.t1	VFG044311(gb|WP_012492602)	35.563	284	170	7	49	326	408	684	4.87e-21	94.0
g550.t1	VFG044311(gb|WP_012492602)	31.935	310	187	9	41	335	45	345	3.33e-16	79.3
g550.t1	VFG013724(gb|WP_173362240)	31.449	283	178	5	63	334	24	301	2.12e-20	89.7
g550.t1	VFG044268(gb|WP_000594530)	31.731	312	185	13	24	326	21	313	2.60e-20	89.7
g550.t1	VFG013737(gb|WP_005325330)	34.268	321	186	10	27	331	50	361	3.55e-20	90.1
g550.t1	VFG044249(gb|WP_011899038)	38.676	287	155	7	55	326	56	336	6.61e-20	89.0
g550.t1	VFG007236(gb|WP_000447980)	33.083	266	171	6	9	270	33	295	1.45e-19	88.2
g550.t1	VFG016170(gb|WP_011267802)	31.353	303	197	7	30	326	41	338	1.89e-19	87.8
g550.t1	VFG044409(gb|AAR12524)	26.937	271	180	7	56	318	40	300	3.14e-19	86.7
g550.t1	VFG044357(gb|WP_013317300)	31.447	318	193	7	27	331	44	349	7.51e-17	80.1
g550.t1	VFG007252(gb|WP_005482136)	27.922	308	187	11	44	330	21	314	2.86e-16	78.2
g550.t1	VFG037418(gb|WP_020753360)	24.534	322	222	9	15	329	4	311	3.27e-16	77.8
g550.t1	VFG037417(gb|WP_085916975)	23.824	319	228	8	15	329	18	325	1.15e-15	76.6
g550.t1	VFG037411(gb|WP_001210787)	23.824	319	228	8	15	329	4	311	1.32e-15	76.3
g550.t1	VFG037412(gb|WP_001210792)	23.824	319	228	8	15	329	4	311	1.33e-15	76.3
g550.t1	VFG044227(gb|WP_193383915)	25.309	324	223	7	13	330	4	314	2.39e-15	75.5
g550.t1	VFG007253(gb|WP_011081096)	28.000	225	157	3	52	271	30	254	6.00e-15	74.3
g550.t1	VFG007254(gb|WP_011151969)	28.000	225	157	3	52	271	30	254	1.45e-14	73.2
g550.t1	VFG037414(gb|WP_012391956)	24.333	300	212	8	15	310	4	292	3.98e-14	72.0
g550.t1	VFG013738(gb|WP_006769636)	34.520	281	169	8	60	334	69	340	1.37e-13	70.5
g550.t1	VFG037415(gb|YP_001085410)	24.335	263	195	4	68	329	1	260	5.13e-13	68.2
g550.t1	VFG007250(gb|WP_001154099)	29.097	299	195	9	44	330	21	314	2.73e-12	66.6
g550.t1	VFG044220(gb|WP_000631132)	24.742	291	191	9	56	329	72	351	3.25e-10	60.5
