g1102.t1	VFG001245(gb|NP_249778)	100.000	439	0	0	1	439	1	439	0.0	882
g1102.t1	VFG014280(gb|WP_003111492)	99.772	439	1	0	1	439	1	439	0.0	878
g1102.t1	VFG014279(gb|WP_012076722)	67.580	438	136	1	1	438	1	432	0.0	587
g1102.t1	VFG014289(gb|WP_177491094)	49.533	321	131	4	1	308	1	303	1.76e-91	287
g1102.t1	VFG014289(gb|WP_177491094)	40.336	238	117	5	203	438	345	559	2.23e-41	154
g1102.t1	VFG014286(gb|WP_011534923)	37.273	330	169	7	1	317	1	305	1.48e-56	194
g1102.t1	VFG014286(gb|WP_011534923)	26.667	240	149	6	200	438	309	522	1.25e-14	75.9
g1102.t1	VFG014284(gb|WP_003254454)	35.061	328	178	6	1	317	1	304	1.34e-55	192
g1102.t1	VFG014284(gb|WP_003254454)	32.627	236	134	5	203	438	311	521	3.11e-23	102
g1102.t1	VFG015665(gb|WP_012315551)	36.970	330	169	6	1	317	1	304	2.94e-55	191
g1102.t1	VFG015665(gb|WP_012315551)	29.114	237	139	7	205	438	313	523	9.65e-14	72.8
g1102.t1	VFG014290(gb|WP_011912570)	38.699	292	159	4	18	309	18	289	8.25e-53	184
g1102.t1	VFG014290(gb|WP_011912570)	33.721	258	136	8	183	438	302	526	1.95e-28	117
g1102.t1	VFG002000(gb|WP_010946958)	30.909	440	273	6	1	438	1	411	2.17e-50	176
g1102.t1	VFG025741(gb|WP_004535864)	31.718	454	248	12	1	438	1	408	2.90e-50	175
g1102.t1	VFG002518(gb|WP_004200262)	31.195	452	253	11	1	438	1	408	4.73e-50	174
g1102.t1	VFG011316(gb|WP_012417367)	31.818	440	261	8	1	435	1	406	1.21e-49	173
g1102.t1	VFG015664(gb|WP_012273520)	36.667	300	168	4	1	300	1	278	6.99e-48	171
g1102.t1	VFG015664(gb|WP_012273520)	32.911	237	125	7	206	438	314	520	6.17e-16	79.7
g1102.t1	VFG014285(gb|WP_012051605)	39.608	255	140	3	1	253	1	243	1.60e-46	167
g1102.t1	VFG014285(gb|WP_012051605)	27.530	247	151	6	193	438	302	521	1.27e-14	75.5
g1102.t1	VFG014287(gb|WP_011059955)	40.171	234	132	2	1	232	1	228	1.63e-46	167
g1102.t1	VFG014287(gb|WP_011059955)	31.481	270	140	12	183	436	280	520	7.79e-17	82.4
g1102.t1	VFG025735(gb|WP_006489190)	30.493	446	265	10	1	438	1	409	1.61e-43	157
g1102.t1	VFG019812(gb|WP_015885204)	35.907	259	153	3	1	253	1	252	1.36e-42	157
g1102.t1	VFG019812(gb|WP_015885204)	32.955	264	148	8	185	438	296	540	1.12e-23	103
g1102.t1	VFG038770(gb|WP_005350667)	27.955	440	276	11	1	438	1	401	2.82e-42	154
g1102.t1	VFG014288(gb|WP_011333022)	38.889	234	135	2	1	232	1	228	1.34e-41	154
g1102.t1	VFG014288(gb|WP_011333022)	31.489	235	135	6	205	438	314	523	4.19e-19	89.4
g1102.t1	VFG007303(gb|WP_005420383)	27.107	439	273	5	2	438	4	397	1.01e-40	149
g1102.t1	VFG014281(gb|WP_011103779)	39.691	194	117	0	1	194	1	194	8.91e-40	149
g1102.t1	VFG014281(gb|WP_011103779)	32.353	238	132	7	205	438	318	530	1.69e-15	78.6
g1102.t1	VFG014283(gb|WP_002554305)	35.600	250	151	3	1	246	1	244	4.18e-39	147
g1102.t1	VFG014283(gb|WP_002554305)	32.773	238	131	7	205	438	318	530	8.86e-16	79.3
g1102.t1	VFG007300(gb|WP_005482245)	25.624	441	277	8	2	438	4	397	1.92e-38	143
g1102.t1	VFG038767(gb|WP_011706634)	26.424	439	284	9	1	438	1	401	6.78e-38	142
g1102.t1	VFG038768(gb|WP_016351318)	26.196	439	285	10	1	438	1	401	5.54e-37	139
g1102.t1	VFG014282(gb|WP_011268453)	36.000	250	150	3	1	246	1	244	3.18e-36	139
g1102.t1	VFG014282(gb|WP_011268453)	29.167	264	144	9	183	438	302	530	2.37e-13	71.6
g1102.t1	VFG038881(gb|WP_005314249)	39.891	183	110	0	1	183	1	183	8.66e-35	130
g1102.t1	VFG007301(gb|WP_011078331)	24.775	444	278	8	3	438	2	397	3.11e-31	123
g1102.t1	VFG007298(gb|WP_000934642)	24.208	442	282	10	2	438	4	397	2.28e-30	121
g1102.t1	VFG043032(gb|NP_460155)	37.297	185	113	1	1	185	1	182	3.21e-30	119
g1102.t1	VFG011313(gb|WP_010930330)	30.423	355	199	10	1	343	1	319	3.93e-28	116
g1102.t1	VFG011313(gb|WP_010930330)	27.982	218	129	7	225	435	310	506	3.34e-10	62.0
g1102.t1	VFG011314(gb|WP_010926562)	28.814	354	206	7	1	343	1	319	1.12e-27	115
g1102.t1	VFG011314(gb|WP_010926562)	27.982	218	129	7	225	435	310	506	5.47e-10	61.2
g1102.t1	VFG043084(gb|WP_001212790)	34.762	210	125	5	1	209	1	199	1.86e-27	111
g1102.t1	VFG002341(gb|WP_005168813)	29.508	183	129	0	1	183	1	183	5.73e-23	99.0
g1102.t1	VFG002341(gb|WP_005168813)	27.049	122	87	1	316	435	201	322	1.95e-06	49.3
g1102.t1	VFG002670(gb|WP_002211120)	29.843	191	123	1	1	180	1	191	1.47e-22	97.8
g1102.t1	VFG002670(gb|WP_002211120)	30.769	78	54	0	358	435	245	322	5.57e-06	48.1
g1102.t1	VFG023660(gb|WP_005160419)	28.962	183	130	0	1	183	1	183	1.94e-22	97.4
g1102.t1	VFG023660(gb|WP_005160419)	27.049	122	87	1	316	435	201	322	2.00e-06	49.3
g1102.t1	VFG043137(gb|WP_005463980)	32.143	168	113	1	1	168	1	167	2.30e-20	90.9
g1102.t1	VFG043236(gb|WP_002211425)	26.596	188	131	5	1	186	1	183	4.77e-13	69.3
g1102.t1	VFG043266(gb|NP_464233)	25.980	204	149	2	1	203	1	203	5.49e-12	66.2
g1102.t1	VFG043413(gb|WP_001266388)	27.922	154	108	2	1	154	1	151	4.05e-10	60.5
g1102.t1	VFG025745(gb|WP_009893430)	28.667	150	103	4	291	438	261	408	2.79e-09	58.5
g1102.t1	VFG014295(gb|WP_011268449)	32.117	137	80	3	16	146	18	147	4.60e-09	57.4
g1102.t1	VFG043280(gb|WP_011860684)	26.115	157	113	2	1	155	1	156	5.17e-09	57.4
g1102.t1	VFG025965(gb|WP_009906598)	35.252	139	75	5	7	141	15	142	2.48e-08	55.5
g1102.t1	VFG002535(gb|WP_004198207)	34.959	123	72	3	23	141	24	142	2.56e-08	55.5
g1102.t1	VFG014303(gb|WP_011912576)	23.975	488	258	21	11	422	13	463	1.21e-06	50.4
g1102.t1	VFG014300(gb|WP_011059965)	30.769	130	77	4	23	146	25	147	5.52e-06	47.8
g1103.t1	VFG043032(gb|NP_460155)	100.000	317	0	0	1	317	1	317	0.0	648
g1103.t1	VFG043084(gb|WP_001212790)	82.334	317	56	0	1	317	1	317	0.0	540
g1103.t1	VFG002341(gb|WP_005168813)	59.509	326	123	3	1	317	1	326	4.51e-139	396
g1103.t1	VFG023660(gb|WP_005160419)	59.202	326	124	3	1	317	1	326	1.62e-138	394
g1103.t1	VFG002670(gb|WP_002211120)	60.308	325	120	3	1	316	1	325	8.92e-138	393
g1103.t1	VFG011316(gb|WP_012417367)	42.708	192	103	2	1	189	1	188	1.78e-43	154
g1103.t1	VFG011316(gb|WP_012417367)	36.290	124	77	1	196	317	287	410	6.18e-16	77.8
g1103.t1	VFG025735(gb|WP_006489190)	41.398	186	106	1	1	183	1	186	2.07e-39	143
g1103.t1	VFG025735(gb|WP_006489190)	32.283	127	81	2	189	314	285	407	3.56e-10	60.5
g1103.t1	VFG025736(gb|WP_012329387)	40.860	186	107	1	1	183	1	186	3.38e-39	142
g1103.t1	VFG025736(gb|WP_012329387)	32.283	127	81	2	189	314	285	407	4.35e-11	63.2
g1103.t1	VFG025733(gb|WP_006477568)	40.513	195	110	2	1	189	1	195	4.56e-39	142
g1103.t1	VFG025733(gb|WP_006477568)	32.283	127	81	2	189	314	285	407	4.60e-10	60.1
g1103.t1	VFG025745(gb|WP_009893430)	39.785	186	109	1	1	183	1	186	8.48e-37	135
g1103.t1	VFG025745(gb|WP_009893430)	37.008	127	75	2	189	314	284	406	3.13e-14	72.8
g1103.t1	VFG011314(gb|WP_010926562)	43.979	191	99	4	1	185	1	189	1.42e-35	134
g1103.t1	VFG011314(gb|WP_010926562)	36.134	119	76	0	199	317	392	510	1.07e-12	68.2
g1103.t1	VFG011313(gb|WP_010930330)	43.455	191	100	4	1	185	1	189	2.11e-35	134
g1103.t1	VFG011313(gb|WP_010930330)	36.134	119	76	0	199	317	392	510	1.25e-12	68.2
g1103.t1	VFG002518(gb|WP_004200262)	38.172	186	112	1	1	183	1	186	4.74e-35	131
g1103.t1	VFG002518(gb|WP_004200262)	34.646	127	78	2	189	314	284	406	1.21e-13	70.9
g1103.t1	VFG025741(gb|WP_004535864)	38.172	186	112	1	1	183	1	186	5.53e-35	131
g1103.t1	VFG025741(gb|WP_004535864)	34.646	127	78	2	189	314	284	406	1.36e-13	70.9
g1103.t1	VFG014280(gb|WP_003111492)	37.297	185	113	1	1	182	1	185	2.25e-30	119
g1103.t1	VFG001245(gb|NP_249778)	37.297	185	113	1	1	182	1	185	2.32e-30	119
g1103.t1	VFG014279(gb|WP_012076722)	34.211	190	122	1	1	187	1	190	1.24e-29	117
g1103.t1	VFG014284(gb|WP_003254454)	34.158	202	123	2	1	192	1	202	3.96e-28	113
g1103.t1	VFG014289(gb|WP_177491094)	35.638	188	118	1	1	185	1	188	4.17e-28	114
g1103.t1	VFG002000(gb|WP_010946958)	31.915	188	125	1	1	185	1	188	1.04e-25	105
g1103.t1	VFG014290(gb|WP_011912570)	34.737	190	116	2	21	202	21	210	1.05e-25	106
g1103.t1	VFG014283(gb|WP_002554305)	34.426	183	117	1	1	180	1	183	3.42e-25	105
g1103.t1	VFG043137(gb|WP_005463980)	26.101	318	208	8	1	313	1	296	7.79e-25	101
g1103.t1	VFG019812(gb|WP_015885204)	33.684	190	122	2	1	187	1	189	3.53e-24	102
g1103.t1	VFG014281(gb|WP_011103779)	32.240	183	121	1	1	180	1	183	8.21e-24	101
g1103.t1	VFG015664(gb|WP_012273520)	33.514	185	120	1	1	182	1	185	1.33e-22	97.8
g1103.t1	VFG038770(gb|WP_005350667)	27.869	183	129	1	1	180	1	183	4.26e-20	89.7
g1103.t1	VFG038881(gb|WP_005314249)	24.606	317	213	9	1	313	1	295	4.56e-20	88.6
g1103.t1	VFG038767(gb|WP_011706634)	31.818	154	104	1	1	153	1	154	4.97e-20	89.7
g1103.t1	VFG014287(gb|WP_011059955)	33.333	186	115	3	1	180	1	183	1.28e-19	89.0
g1103.t1	VFG014286(gb|WP_011534923)	31.694	183	122	1	1	180	1	183	1.42e-19	89.0
g1103.t1	VFG038768(gb|WP_016351318)	30.519	154	106	1	1	153	1	154	2.50e-19	87.4
g1103.t1	VFG014288(gb|WP_011333022)	30.601	183	124	1	1	180	1	183	3.06e-19	87.8
g1103.t1	VFG015665(gb|WP_012315551)	30.055	183	125	1	1	180	1	183	8.26e-19	86.7
g1103.t1	VFG014282(gb|WP_011268453)	31.694	183	122	1	1	180	1	183	1.01e-18	86.3
g1103.t1	VFG007303(gb|WP_005420383)	28.649	185	129	1	2	183	4	188	1.84e-18	85.1
g1103.t1	VFG014285(gb|WP_012051605)	32.240	183	121	1	1	180	1	183	5.93e-18	84.0
g1103.t1	VFG007298(gb|WP_000934642)	27.041	196	135	2	2	194	4	194	2.73e-16	78.6
g1103.t1	VFG007300(gb|WP_005482245)	26.667	195	135	2	2	193	4	193	5.52e-16	77.8
g1103.t1	VFG043236(gb|WP_002211425)	24.451	319	224	4	1	315	1	306	1.83e-13	69.7
g1103.t1	VFG007301(gb|WP_011078331)	26.786	168	115	2	29	193	31	193	1.64e-12	67.4
g1103.t1	VFG043413(gb|WP_001266388)	23.659	317	205	9	1	313	1	284	3.88e-12	65.5
g1103.t1	VFG011945(gb|WP_002849083)	23.889	180	135	2	1	180	1	178	9.13e-11	62.8
g1103.t1	VFG043266(gb|NP_464233)	28.866	194	122	6	1	183	1	189	1.15e-10	61.2
g1103.t1	VFG019563(gb|WP_001266680)	26.923	104	74	2	77	180	77	178	2.53e-09	58.2
g1103.t1	VFG019561(gb|WP_001266664)	26.923	104	74	2	77	180	77	178	2.95e-09	58.2
g1103.t1	VFG006544(gb|WP_001266630)	26.923	104	74	2	77	180	77	178	3.00e-09	58.2
g1103.t1	VFG006545(gb|WP_011577489)	26.923	104	74	2	77	180	77	178	6.31e-09	57.0
g1103.t1	VFG019562(gb|WP_001266644)	25.962	104	75	2	77	180	77	178	8.80e-09	56.6
g1103.t1	VFG006542(gb|WP_001266586)	25.000	104	76	2	77	180	77	178	2.79e-08	55.1
g1103.t1	VFG006543(gb|WP_001266636)	25.000	104	76	2	77	180	77	178	3.85e-08	54.7
g1103.t1	VFG006546(gb|WP_011116534)	26.923	104	74	2	77	180	77	178	4.65e-07	51.2
g1103.t1	VFG043280(gb|WP_011860684)	23.649	148	110	3	1	147	1	146	2.18e-06	48.5
g1103.t1	VFG017805(gb|WP_011990219)	23.669	169	126	3	1	169	1	166	2.58e-06	48.9
g1103.t1	VFG011943(gb|WP_011049803)	21.875	160	123	2	1	160	1	158	4.02e-06	48.1
g1103.t1	VFG001917(gb|YP_002344286)	21.875	160	123	2	1	160	1	158	4.09e-06	48.1
g1103.t1	VFG011944(gb|WP_002869100)	21.875	160	123	2	1	160	1	158	4.35e-06	48.1
g1103.t1	VFG018053(gb|WP_012006694)	21.875	160	123	2	1	160	1	158	4.84e-06	48.1
