g3395.t1	VFG016038(gb|NP_251090)	34.211	152	89	4	7	150	19	167	1.79e-11	66.6
g3395.t1	VFG016040(gb|WP_078463717)	34.211	152	89	4	7	150	19	167	1.87e-11	66.6
g3395.t1	VFG016032(gb|WP_011666646)	28.571	273	181	10	13	276	54	321	3.39e-09	59.3
g3395.t1	VFG016032(gb|WP_011666646)	30.128	156	101	5	1	150	1102	1255	1.87e-08	57.0
g3395.t1	VFG000161(gb|NP_251089)	28.364	275	179	10	13	276	54	321	4.25e-09	58.9
g3395.t1	VFG000161(gb|NP_251089)	30.128	156	101	5	1	150	1102	1255	1.71e-08	57.0
g3395.t1	VFG016068(gb|WP_011335255)	30.065	153	98	2	7	150	671	823	8.11e-09	58.2
g3395.t1	VFG020317(gb|WP_012614130)	27.148	291	192	7	1	276	45	330	8.14e-08	55.1
g3395.t1	VFG016061(gb|WP_162839071)	30.556	144	93	3	14	150	690	833	8.50e-08	54.7
g3395.t1	VFG020071(gb|WP_012723748)	25.899	278	193	8	7	276	1113	1385	1.08e-07	54.7
g3395.t1	VFG020071(gb|WP_012723748)	28.929	280	182	12	7	276	51	323	1.10e-07	54.7
g3395.t1	VFG016045(gb|WP_011062374)	27.778	144	98	4	13	150	54	197	3.29e-07	53.1
g3395.t1	VFG020077(gb|WP_015885148)	26.432	454	283	17	7	436	668	1094	4.22e-07	52.8
g3395.t1	VFG016043(gb|WP_011666644)	26.230	366	211	11	8	345	1100	1434	6.89e-07	52.0
g3395.t1	VFG016043(gb|WP_011666644)	31.655	139	88	3	14	145	60	198	1.38e-06	50.8
g3395.t1	VFG016037(gb|WP_011062375)	25.000	144	100	3	13	148	1131	1274	1.27e-06	51.2
g3395.t1	VFG016041(gb|NP_251092)	31.655	139	88	3	14	145	60	198	1.37e-06	50.8
g3395.t1	VFG016041(gb|NP_251092)	25.956	366	212	11	8	345	1100	1434	2.02e-06	50.4
g3395.t1	VFG016065(gb|WP_012051699)	28.986	138	95	2	15	150	687	823	1.70e-06	50.8
g3395.t1	VFG016066(gb|WP_011533065)	21.983	464	299	15	7	439	1718	2149	2.07e-06	50.4
g3395.t1	VFG015908(gb|WP_164920478)	27.848	158	101	4	5	150	8626	8782	2.31e-06	50.4
g3395.t1	VFG016064(gb|WP_010954996)	28.261	138	96	2	15	150	687	823	2.36e-06	50.1
g3395.t1	VFG016064(gb|WP_010954996)	21.290	465	301	12	7	439	1720	2151	6.62e-06	48.9
g3395.t1	VFG022707(gb|WP_013828479)	25.448	279	192	7	19	294	42	307	2.75e-06	50.1
g3395.t1	VFG020073(gb|WP_043205221)	27.097	155	100	3	3	146	47	199	2.99e-06	50.1
g3395.t1	VFG016063(gb|WP_166486371)	32.278	158	99	7	14	163	690	847	3.14e-06	49.7
g3395.t1	VFG016035(gb|WP_011168293)	25.000	248	162	6	8	240	47	285	3.24e-06	49.7
g3395.t1	VFG016044(gb|WP_011534374)	30.822	146	81	5	5	135	49	189	4.36e-06	49.3
g3395.t1	VFG016042(gb|WP_161440564)	29.605	152	99	4	5	148	47	198	5.10e-06	49.3
g3395.t1	VFG015827(gb|WP_012315395)	21.711	456	310	14	7	439	1720	2151	5.77e-06	48.9
g3395.t1	VFG044432(gb|CAJ45639)	23.256	301	179	13	17	293	1556	1828	5.89e-06	48.9
g3395.t1	VFG015906(gb|WP_011267825)	26.667	315	192	12	7	298	10861	11159	6.75e-06	48.9
g3395.t1	VFG015826(gb|WP_012273396)	27.333	150	102	3	7	150	675	823	6.97e-06	48.5
g3395.t1	VFG016067(gb|WP_011062464)	28.205	156	103	2	7	153	677	832	8.65e-06	48.5
