g93.t1	VFG002228(gb|WP_002963677)	41.803	244	139	2	5	247	4	245	1.97e-61	194
g93.t1	VFG011493(gb|WP_006189961)	41.803	244	139	2	5	247	4	245	5.45e-61	193
g93.t1	VFG019310(gb|WP_004686562)	41.532	248	132	2	5	246	4	244	1.11e-60	192
g93.t1	VFG011491(gb|WP_002966711)	41.393	244	140	2	5	247	4	245	2.73e-60	191
g93.t1	VFG011190(gb|WP_003807078)	40.385	208	120	1	50	253	44	251	5.01e-51	172
g93.t1	VFG026227(gb|WP_004538663)	32.800	250	161	2	3	246	4	252	1.99e-45	158
g93.t1	VFG049076(gb|WP_004852439)	31.148	244	163	2	5	247	3	242	8.22e-45	151
g93.t1	VFG049077(gb|WP_014230053)	31.148	244	163	2	5	247	3	242	1.03e-44	151
g93.t1	VFG049050(gb|WP_015958690)	35.918	245	151	3	7	247	8	250	3.98e-43	152
g93.t1	VFG049080(gb|YP_005227849)	34.343	198	130	0	50	247	45	242	5.28e-43	146
g93.t1	VFG049084(gb|WP_004175264)	34.343	198	130	0	50	247	45	242	7.28e-43	146
g93.t1	VFG049041(gb|WP_002912371)	30.041	243	167	1	5	247	3	242	2.60e-42	145
g93.t1	VFG005922(gb|WP_011837183)	32.174	230	151	1	23	252	23	247	1.16e-41	147
g93.t1	VFG045320(gb|WP_010946510)	38.043	184	114	0	50	233	79	262	3.51e-41	147
g93.t1	VFG006082(gb|WP_011226326)	32.900	231	150	1	23	253	24	249	2.47e-40	144
g93.t1	VFG018671(gb|WP_012000441)	31.660	259	166	4	16	272	17	266	5.56e-40	143
g93.t1	VFG049057(gb|WP_012541096)	36.937	222	139	1	51	271	40	261	5.63e-40	143
g93.t1	VFG049059(gb|WP_020956643)	35.586	222	143	0	51	272	40	261	1.59e-39	142
g93.t1	VFG005937(gb|WP_002261978)	31.429	245	161	2	13	257	16	253	5.11e-39	140
g93.t1	VFG006059(gb|WP_011681436)	30.800	250	159	2	23	272	24	259	5.19e-39	140
g93.t1	VFG006065(gb|WP_011227428)	30.800	250	159	2	23	272	24	259	5.41e-39	140
g93.t1	VFG002181(gb|WP_002387127)	30.088	226	157	1	21	246	27	251	8.03e-38	138
g93.t1	VFG011188(gb|WP_003807073)	37.624	202	122	2	47	246	43	242	1.29e-29	115
g93.t1	VFG011189(gb|WP_010925718)	37.624	202	122	2	47	246	43	242	1.30e-29	115
g93.t1	VFG036719(gb|WP_002243173)	35.176	199	118	5	51	247	21	210	6.16e-28	106
g93.t1	VFG050168(gb|WP_000590258)	32.961	179	118	2	51	229	21	197	9.47e-28	106
g93.t1	VFG036716(gb|WP_002215285)	33.668	199	121	5	51	247	21	210	1.40e-27	105
g93.t1	VFG006316(gb|WP_002218516)	33.668	199	121	5	51	247	21	210	2.89e-27	105
g93.t1	VFG000258(gb|WP_002224750)	33.668	199	121	5	51	247	21	210	4.36e-27	104
g93.t1	VFG000696(gb|AAP42188)	33.000	200	121	6	51	247	21	210	1.22e-26	103
g93.t1	VFG026221(gb|WP_006484936)	28.395	243	143	5	7	247	2	215	3.35e-26	102
g93.t1	VFG026305(gb|WP_009889305)	30.693	202	134	3	51	251	21	217	3.40e-23	94.4
g93.t1	VFG026219(gb|WP_011544657)	29.557	203	137	3	51	252	21	218	8.05e-23	93.2
g93.t1	VFG001974(gb|YP_002344829)	26.633	199	145	1	51	249	22	219	1.31e-22	92.8
g93.t1	VFG011717(gb|WP_002818959)	26.633	199	145	1	51	249	22	219	5.10e-22	91.3
g93.t1	VFG026222(gb|WP_012327958)	31.694	183	121	2	51	233	21	199	9.10e-22	90.5
g93.t1	VFG002563(gb|WP_004194035)	31.844	179	115	4	54	231	24	196	1.27e-21	90.1
g93.t1	VFG017762(gb|WP_011990763)	26.131	199	146	1	51	249	22	219	1.82e-21	89.7
g93.t1	VFG023853(gb|WP_026071342)	29.717	212	128	2	50	245	21	227	3.09e-21	90.9
g93.t1	VFG023850(gb|WP_043955033)	30.189	212	127	2	50	245	21	227	5.88e-21	90.1
g93.t1	VFG007909(gb|WP_003876146)	31.884	207	130	3	50	245	21	227	2.44e-17	80.1
g93.t1	VFG023851(gb|WP_036428980)	29.952	207	134	2	50	245	21	227	8.40e-16	75.9
g93.t1	VFG008680(gb|WP_015309619)	29.293	198	123	4	50	233	22	216	3.25e-15	74.3
g93.t1	VFG008678(gb|WP_041321021)	29.469	207	135	2	50	245	21	227	6.59e-15	73.2
g93.t1	VFG007915(gb|WP_011560224)	29.139	151	96	1	48	187	25	175	4.23e-14	71.2
g93.t1	VFG007914(gb|WP_011780329)	29.139	151	96	1	48	187	20	170	5.27e-14	70.9
g93.t1	VFG036559(gb|WP_013449339)	26.201	229	152	5	51	263	20	247	5.92e-14	70.9
g93.t1	VFG007911(gb|WP_010908851)	25.806	217	138	2	40	233	2	218	9.72e-14	70.1
g93.t1	VFG006259(gb|WP_003687540)	26.693	251	163	7	36	270	8	253	2.40e-13	68.9
g93.t1	VFG030692(gb|WP_013828150)	29.703	202	122	8	50	239	19	212	2.82e-13	68.9
g93.t1	VFG036556(gb|WP_014581848)	26.693	251	163	7	36	270	8	253	6.47e-13	67.8
g93.t1	VFG030706(gb|WP_005059672)	26.705	176	116	3	50	213	19	193	7.88e-13	67.8
g93.t1	VFG030686(gb|YP_001702115)	26.705	176	116	3	50	213	19	193	7.95e-13	67.8
g93.t1	VFG030684(gb|WP_011781637)	26.214	206	131	5	50	242	19	216	1.05e-12	67.4
g93.t1	VFG036553(gb|WP_014581175)	26.693	251	163	7	36	270	8	253	1.18e-12	67.0
g93.t1	VFG001206(gb|WP_002219640)	26.693	251	163	7	36	270	8	253	1.18e-12	67.0
g93.t1	VFG007912(gb|WP_011740072)	25.751	233	151	5	50	264	22	250	1.23e-12	66.6
g93.t1	VFG008825(gb|WP_015355163)	25.751	233	151	5	50	264	22	250	1.26e-12	66.6
g93.t1	VFG036552(gb|WP_002214252)	26.693	251	163	7	36	270	8	253	1.26e-12	67.0
g93.t1	VFG022453(gb|WP_012393578)	25.751	233	151	5	50	264	22	250	1.29e-12	66.6
g93.t1	VFG045715(gb|WP_012979218)	26.519	181	122	2	51	220	17	197	2.07e-12	64.7
g93.t1	VFG030700(gb|WP_005098896)	26.136	176	117	3	50	213	19	193	2.94e-12	65.9
g93.t1	VFG030724(gb|WP_015308640)	25.743	202	130	4	50	239	19	212	6.95e-12	64.7
g93.t1	VFG030679(gb|WP_011730288)	25.243	206	133	5	50	242	23	220	8.56e-12	64.7
g93.t1	VFG000344(gb|WP_005693820)	27.451	204	125	7	49	233	25	224	1.65e-11	63.5
g93.t1	VFG037392(gb|WP_000582124)	25.571	219	140	4	51	250	17	231	2.02e-11	62.4
g93.t1	VFG030676(gb|WP_011724098)	25.281	178	120	3	50	215	19	195	2.35e-11	63.2
g93.t1	VFG030675(gb|WP_003875535)	25.281	178	120	3	50	215	19	195	2.44e-11	63.2
g93.t1	VFG037384(gb|WP_000582117)	25.571	219	140	4	51	250	17	231	2.70e-11	62.0
g93.t1	VFG013572(gb|WP_080334646)	26.961	204	126	7	49	233	20	219	3.11e-11	62.8
g93.t1	VFG030689(gb|WP_014000675)	26.601	203	127	6	50	239	19	212	3.22e-11	62.8
g93.t1	VFG007913(gb|WP_011894249)	27.815	151	98	1	48	187	20	170	3.67e-11	62.4
g93.t1	VFG030671(gb|NP_215754)	26.601	203	127	6	50	239	19	212	3.71e-11	62.8
g93.t1	VFG023849(gb|WP_013471676)	27.815	151	98	1	48	187	20	170	3.74e-11	62.4
g93.t1	VFG037390(gb|WP_000582116)	25.571	219	140	4	51	250	17	231	4.80e-11	61.6
g93.t1	VFG030704(gb|WP_015292799)	26.108	203	128	6	50	239	19	212	5.22e-11	62.4
g93.t1	VFG030691(gb|WP_012395776)	26.816	179	116	5	50	215	19	195	5.91e-11	62.0
g93.t1	VFG030705(gb|WP_015356778)	26.816	179	116	5	50	215	19	195	6.14e-11	62.0
g93.t1	VFG013571(gb|WP_032821670)	27.451	204	125	7	49	233	25	224	6.18e-11	62.0
g93.t1	VFG030681(gb|WP_011561359)	24.878	205	141	3	50	242	19	222	6.38e-11	62.0
g93.t1	VFG030680(gb|WP_011856409)	24.878	205	141	3	50	242	19	222	6.38e-11	62.0
g93.t1	VFG008835(gb|WP_009939128)	28.477	151	97	1	48	187	22	172	7.67e-11	61.6
g93.t1	VFG007904(gb|NP_217452)	28.477	151	97	1	48	187	22	172	7.81e-11	61.6
g93.t1	VFG007907(gb|WP_003414846)	28.477	151	97	1	48	187	22	172	8.91e-11	61.2
g93.t1	VFG008823(gb|WP_015291060)	28.477	151	97	1	48	187	22	172	9.07e-11	61.2
g93.t1	VFG030694(gb|WP_013471930)	25.758	198	133	4	50	234	19	215	9.40e-11	61.6
g93.t1	VFG030678(gb|WP_011894706)	25.758	198	133	4	50	234	19	215	9.66e-11	61.6
g93.t1	VFG037386(gb|WP_000582115)	25.114	219	141	4	51	250	17	231	1.40e-10	60.1
g93.t1	VFG030673(gb|WP_010908121)	23.500	200	140	3	50	237	19	217	1.48e-10	60.8
g93.t1	VFG030696(gb|WP_014711073)	24.719	178	121	3	50	215	19	195	2.37e-10	60.1
g93.t1	VFG030722(gb|WP_020821925)	24.719	178	121	3	50	215	19	195	2.44e-10	60.1
g93.t1	VFG013716(gb|WP_041626280)	28.365	208	132	5	51	242	23	229	2.49e-10	59.7
g93.t1	VFG050113(gb|WP_000590108)	26.180	233	142	6	53	267	19	239	2.86e-10	59.7
g93.t1	VFG030695(gb|WP_014941456)	24.719	178	121	3	50	215	19	195	3.19e-10	59.7
g93.t1	VFG030697(gb|WP_014382019)	24.719	178	121	3	50	215	19	195	3.22e-10	59.7
g93.t1	VFG030699(gb|WP_009957422)	24.719	178	121	3	50	215	19	195	3.47e-10	59.7
g93.t1	VFG030715(gb|YP_007957369)	26.108	203	128	6	50	239	19	212	9.16e-10	58.5
g93.t1	VFG044225(gb|WP_011533698)	26.636	214	130	5	51	243	17	224	1.34e-09	57.4
g93.t1	VFG046674(gb|WP_012280806)	27.811	169	106	4	49	201	366	534	3.12e-09	57.0
g93.t1	VFG044077(gb|YP_002344985)	23.810	210	136	5	49	237	15	221	7.71e-09	55.1
g93.t1	VFG037395(gb|YP_005799714)	25.758	198	124	4	65	243	3	196	1.09e-08	54.3
g93.t1	VFG013715(gb|WP_010934432)	27.230	213	128	5	51	242	22	228	1.23e-08	54.7
g93.t1	VFG044173(gb|WP_005477430)	23.445	209	140	4	53	243	19	225	2.69e-08	53.5
g93.t1	VFG007023(gb|WP_149591715)	24.153	236	154	9	50	265	471	701	3.35e-08	53.9
g93.t1	VFG013717(gb|WP_006769628)	24.074	216	139	6	49	244	18	228	1.06e-07	51.6
g93.t1	VFG044295(gb|WP_004243181)	26.887	212	138	6	51	245	25	236	1.30e-07	51.6
g93.t1	VFG046688(gb|WP_041263713)	26.036	169	109	4	49	201	366	534	1.46e-07	52.0
g93.t1	VFG007026(gb|WP_155116723)	26.627	169	100	6	50	200	471	633	1.93e-07	51.6
g93.t1	VFG007025(gb|WP_086016961)	26.901	171	97	7	50	200	471	633	2.25e-07	51.6
g93.t1	VFG005775(gb|WP_000403526)	26.066	211	143	5	48	246	15	224	2.76e-07	50.8
g93.t1	VFG044314(gb|WP_012492604)	27.632	228	115	9	54	251	371	578	4.07e-07	50.8
g93.t1	VFG033882(gb|WP_000987096)	29.012	162	85	6	51	189	485	639	5.37e-07	50.4
g93.t1	VFG013728(gb|WP_011273788)	26.577	222	139	6	49	250	19	236	6.30e-07	49.3
g93.t1	VFG013192(gb|WP_012340414)	25.698	179	116	6	51	216	19	193	8.79e-07	49.3
g93.t1	VFG013573(gb|WP_011608934)	25.698	179	116	6	51	216	19	193	9.62e-07	49.3
g93.t1	VFG046678(gb|WP_012429567)	24.260	169	112	3	49	201	366	534	1.13e-06	49.3
g93.t1	VFG000841(gb|WP_000987091)	29.012	162	85	6	51	189	485	639	1.15e-06	49.3
g93.t1	VFG026750(gb|WP_020822015)	24.806	258	150	10	17	245	314	556	1.39e-06	48.9
g93.t1	VFG046675(gb|WP_010031959)	25.444	169	110	4	49	201	366	534	1.50e-06	48.9
g93.t1	VFG046677(gb|WP_011648738)	25.444	169	110	4	49	201	369	537	1.57e-06	48.9
g93.t1	VFG046680(gb|WP_003020700)	25.444	169	110	4	49	201	366	534	1.59e-06	48.9
g93.t1	VFG044135(gb|WP_002209058)	42.553	47	27	0	51	97	27	73	2.00e-06	47.8
g93.t1	VFG044236(gb|WP_011815405)	40.426	47	28	0	51	97	27	73	2.05e-06	47.8
g93.t1	VFG020068(gb|WP_012723750)	26.257	179	110	5	54	218	359	529	2.39e-06	48.1
g93.t1	VFG013732(gb|WP_006769637)	25.837	209	138	4	52	243	23	231	2.47e-06	47.8
g93.t1	VFG013718(gb|WP_011896674)	23.684	228	135	5	51	253	19	232	4.67e-06	47.0
g93.t1	VFG046673(gb|WP_003039938)	26.115	157	100	4	49	189	366	522	4.86e-06	47.4
g93.t1	VFG024069(gb|WP_014941520)	25.688	218	124	8	54	245	354	559	5.57e-06	47.4
g93.t1	VFG012971(gb|WP_011378643)	26.389	216	135	7	50	245	979	1190	5.71e-06	47.4
g93.t1	VFG033929(gb|WP_001111198)	26.389	216	135	7	50	245	979	1190	5.92e-06	47.4
g93.t1	VFG024072(gb|WP_014384095)	25.688	218	124	8	54	245	354	559	5.93e-06	47.0
g93.t1	VFG024070(gb|WP_014711102)	25.688	218	124	8	54	245	354	559	5.99e-06	47.0
g93.t1	VFG024071(gb|WP_009952859)	25.688	218	124	8	54	245	354	559	6.10e-06	47.0
g93.t1	VFG012510(gb|WP_001298170)	26.389	216	135	7	50	245	979	1190	6.30e-06	47.4
g93.t1	VFG012509(gb|WP_001111200)	26.389	216	135	7	50	245	979	1190	6.30e-06	47.4
g93.t1	VFG013702(gb|WP_010934023)	29.442	197	108	10	58	238	30	211	7.02e-06	46.2
g93.t1	VFG009585(gb|WP_011724227)	25.114	219	130	8	48	242	345	553	7.69e-06	46.6
g93.t1	VFG016025(gb|WP_005753277)	26.163	172	118	5	54	218	359	528	8.32e-06	46.6
g93.t1	VFG046684(gb|WP_014549988)	26.115	157	100	4	49	189	366	522	8.80e-06	46.6
g1402.t1	VFG026227(gb|WP_004538663)	56.970	165	69	2	6	169	104	267	1.13e-52	180
g1402.t1	VFG049050(gb|WP_015958690)	36.610	295	164	8	6	278	99	392	1.62e-49	171
g1402.t1	VFG049059(gb|WP_020956643)	34.857	350	189	11	6	324	86	427	9.41e-49	169
g1402.t1	VFG049057(gb|WP_012541096)	34.770	348	192	10	6	324	86	427	6.15e-48	166
g1402.t1	VFG049080(gb|YP_005227849)	49.333	150	76	0	6	155	92	241	7.22e-48	161
g1402.t1	VFG049077(gb|WP_014230053)	48.667	150	77	0	6	155	92	241	1.05e-47	160
g1402.t1	VFG049076(gb|WP_004852439)	48.667	150	77	0	6	155	92	241	1.06e-47	160
g1402.t1	VFG049084(gb|WP_004175264)	49.333	150	76	0	6	155	92	241	1.21e-47	160
g1402.t1	VFG049041(gb|WP_002912371)	48.667	150	77	0	6	155	92	241	4.84e-47	159
g1402.t1	VFG045320(gb|WP_010946510)	35.032	314	184	10	6	304	126	434	8.62e-47	164
g1402.t1	VFG011493(gb|WP_006189961)	44.966	149	82	0	7	155	96	244	9.94e-40	140
g1402.t1	VFG002228(gb|WP_002963677)	44.966	149	82	0	7	155	96	244	1.02e-39	140
g1402.t1	VFG019310(gb|WP_004686562)	44.966	149	82	0	7	155	96	244	1.13e-39	140
g1402.t1	VFG005922(gb|WP_011837183)	41.250	160	94	0	6	165	92	251	1.16e-38	141
g1402.t1	VFG011491(gb|WP_002966711)	44.295	149	83	0	7	155	96	244	1.55e-38	137
g1402.t1	VFG006065(gb|WP_011227428)	42.405	158	91	0	6	163	93	250	3.26e-38	140
g1402.t1	VFG006059(gb|WP_011681436)	42.405	158	91	0	6	163	93	250	3.54e-38	140
g1402.t1	VFG006082(gb|WP_011226326)	41.143	175	98	1	6	175	93	267	5.34e-38	139
g1402.t1	VFG018671(gb|WP_012000441)	41.040	173	101	1	6	177	93	265	1.16e-37	139
g1402.t1	VFG011190(gb|WP_003807078)	40.506	158	93	1	6	163	91	247	8.80e-37	136
g1402.t1	VFG005937(gb|WP_002261978)	43.796	137	77	0	6	142	93	229	2.73e-34	129
g1402.t1	VFG002181(gb|WP_002387127)	43.939	132	74	0	9	140	105	236	1.60e-33	128
g1402.t1	VFG011717(gb|WP_002818959)	33.548	155	102	1	1	155	63	216	4.11e-26	103
g1402.t1	VFG001974(gb|YP_002344829)	33.548	155	102	1	1	155	63	216	4.80e-26	103
g1402.t1	VFG050168(gb|WP_000590258)	35.849	159	99	3	1	158	62	218	1.93e-25	101
g1402.t1	VFG017762(gb|WP_011990763)	32.258	155	104	1	1	155	63	216	9.50e-25	99.8
g1402.t1	VFG011189(gb|WP_010925718)	34.437	151	99	0	6	156	93	243	4.16e-22	95.9
g1402.t1	VFG011188(gb|WP_003807073)	34.437	151	99	0	6	156	93	243	4.20e-22	95.9
g1402.t1	VFG026219(gb|WP_011544657)	33.758	157	100	2	3	159	64	216	1.22e-21	91.3
g1402.t1	VFG026222(gb|WP_012327958)	33.333	153	98	2	3	155	64	212	1.71e-20	88.2
g1402.t1	VFG026305(gb|WP_009889305)	32.680	153	99	2	3	155	64	212	5.44e-19	84.0
g1402.t1	VFG000696(gb|AAP42188)	33.333	162	100	3	3	164	64	217	1.21e-18	83.2
g1402.t1	VFG006316(gb|WP_002218516)	33.333	153	98	2	3	155	64	212	1.90e-18	82.4
g1402.t1	VFG002563(gb|WP_004194035)	32.215	149	97	2	7	155	68	212	1.94e-18	82.4
g1402.t1	VFG000258(gb|WP_002224750)	33.333	153	98	2	3	155	64	212	2.47e-18	82.4
g1402.t1	VFG036716(gb|WP_002215285)	33.333	153	98	2	3	155	64	212	2.90e-18	82.0
g1402.t1	VFG036719(gb|WP_002243173)	33.333	153	98	2	3	155	64	212	2.92e-18	82.0
g1402.t1	VFG026221(gb|WP_006484936)	32.143	140	91	2	1	140	64	199	5.26e-18	81.3
g1402.t1	VFG023853(gb|WP_026071342)	29.851	134	94	0	16	149	89	222	6.25e-12	65.5
g1402.t1	VFG023850(gb|WP_043955033)	29.851	134	94	0	16	149	89	222	1.66e-11	64.3
g1402.t1	VFG044173(gb|WP_005477430)	25.676	148	96	2	1	146	84	219	5.51e-10	58.9
g1402.t1	VFG007914(gb|WP_011780329)	30.882	136	91	1	22	157	96	228	1.54e-09	58.5
g1402.t1	VFG007909(gb|WP_003876146)	29.333	150	103	1	3	149	73	222	2.80e-09	57.4
g1402.t1	VFG008680(gb|WP_015309619)	27.206	136	96	1	22	157	96	228	1.91e-07	52.0
g1402.t1	VFG030678(gb|WP_011894706)	31.356	118	79	2	25	140	95	212	2.58e-07	52.0
g1402.t1	VFG030673(gb|WP_010908121)	28.467	137	94	2	22	157	92	225	2.63e-07	51.6
g1402.t1	VFG030694(gb|WP_013471930)	31.356	118	79	2	25	140	95	212	2.72e-07	51.6
g1402.t1	VFG044077(gb|YP_002344985)	26.446	121	82	3	42	158	113	230	5.58e-07	50.1
g1402.t1	VFG030692(gb|WP_013828150)	26.619	139	98	2	22	159	92	227	6.12e-07	50.4
g1402.t1	VFG013715(gb|WP_010934432)	28.070	114	80	2	35	146	110	223	7.09e-07	50.1
g1402.t1	VFG037046(gb|WP_176607322)	25.217	115	86	0	42	156	109	223	9.87e-07	49.3
g1402.t1	VFG007915(gb|WP_011560224)	27.206	136	96	1	22	157	101	233	1.03e-06	49.7
g1402.t1	VFG013727(gb|WP_004566911)	26.804	97	71	0	54	150	139	235	1.44e-06	48.9
g1402.t1	VFG023849(gb|WP_013471676)	27.273	132	96	0	22	153	96	227	1.54e-06	49.3
g1402.t1	VFG007913(gb|WP_011894249)	27.273	132	96	0	22	153	96	227	1.69e-06	48.9
g1402.t1	VFG030684(gb|WP_011781637)	29.197	137	89	3	22	155	92	223	2.07e-06	48.9
g1402.t1	VFG023851(gb|WP_036428980)	28.358	134	96	0	16	149	89	222	2.88e-06	48.1
g1402.t1	VFG030679(gb|WP_011730288)	28.467	137	90	3	22	155	96	227	2.98e-06	48.5
g1402.t1	VFG021792(gb|WP_013241846)	23.077	143	104	2	45	186	133	270	3.09e-06	47.8
g1402.t1	VFG030676(gb|WP_011724098)	27.049	122	84	2	22	140	92	211	3.27e-06	48.5
g1402.t1	VFG030675(gb|WP_003875535)	27.049	122	84	2	22	140	92	211	3.36e-06	48.1
g1402.t1	VFG037054(gb|WP_187287149)	24.348	115	87	0	42	156	109	223	4.19e-06	47.4
g1402.t1	VFG037047(gb|WP_010361246)	24.603	126	94	1	42	166	109	234	4.42e-06	47.4
g1402.t1	VFG037050(gb|WP_169577348)	24.800	125	93	1	43	166	110	234	4.59e-06	47.0
g1402.t1	VFG030724(gb|WP_015308640)	27.338	139	97	2	22	159	92	227	4.60e-06	47.8
g1402.t1	VFG037048(gb|WP_002255537)	24.348	115	87	0	42	156	109	223	4.94e-06	47.0
g1402.t1	VFG037045(gb|WP_173024114)	24.348	115	87	0	42	156	109	223	5.03e-06	47.0
g1402.t1	VFG008678(gb|WP_041321021)	27.612	134	97	0	16	149	89	222	5.76e-06	47.4
g1402.t1	VFG037052(gb|WP_002229142)	24.348	115	87	0	42	156	109	223	6.50e-06	46.6
g1402.t1	VFG013719(gb|WP_011013622)	26.126	111	82	0	39	149	112	222	7.19e-06	47.0
g1402.t1	VFG022453(gb|WP_012393578)	27.206	136	96	1	22	157	96	228	7.29e-06	47.0
g1402.t1	VFG037392(gb|WP_000582124)	28.931	159	105	5	9	161	78	234	7.47e-06	46.6
g1402.t1	VFG008825(gb|WP_015355163)	27.206	136	96	1	22	157	96	228	7.70e-06	47.0
g1402.t1	VFG007912(gb|WP_011740072)	27.206	136	96	1	22	157	96	228	7.70e-06	47.0
g1402.t1	VFG013718(gb|WP_011896674)	29.060	117	77	2	39	149	106	222	7.95e-06	46.6
g1402.t1	VFG037053(gb|WP_173361995)	24.561	114	86	0	43	156	110	223	8.26e-06	46.2
g669.t1	VFG002228(gb|WP_002963677)	43.434	198	112	0	37	234	38	235	3.07e-54	174
g669.t1	VFG011493(gb|WP_006189961)	43.434	198	112	0	37	234	38	235	3.69e-54	174
g669.t1	VFG019310(gb|WP_004686562)	43.434	198	112	0	37	234	38	235	4.54e-54	174
g669.t1	VFG011491(gb|WP_002966711)	43.434	198	112	0	37	234	38	235	7.47e-54	173
g669.t1	VFG011190(gb|WP_003807078)	38.889	216	132	0	19	234	16	231	5.72e-48	162
g669.t1	VFG045320(gb|WP_010946510)	41.579	190	111	0	47	236	79	268	2.49e-47	162
g669.t1	VFG049080(gb|YP_005227849)	40.556	180	107	0	47	226	45	224	1.19e-43	147
g669.t1	VFG049041(gb|WP_002912371)	40.556	180	107	0	47	226	45	224	1.19e-43	147
g669.t1	VFG049084(gb|WP_004175264)	40.556	180	107	0	47	226	45	224	1.23e-43	147
g669.t1	VFG049077(gb|WP_014230053)	39.779	181	109	0	47	227	45	225	1.87e-43	146
g669.t1	VFG049076(gb|WP_004852439)	39.779	181	109	0	47	227	45	225	1.89e-43	146
g669.t1	VFG049050(gb|WP_015958690)	35.714	210	135	0	1	210	6	215	1.34e-41	146
g669.t1	VFG006082(gb|WP_011226326)	37.113	194	122	0	41	234	40	233	1.30e-40	143
g669.t1	VFG005922(gb|WP_011837183)	37.234	188	118	0	41	228	39	226	4.59e-40	142
g669.t1	VFG049059(gb|WP_020956643)	39.037	187	114	0	48	234	40	226	3.98e-39	140
g669.t1	VFG026227(gb|WP_004538663)	34.211	190	124	1	41	230	51	239	5.04e-39	140
g669.t1	VFG005937(gb|WP_002261978)	34.536	194	127	0	41	234	40	233	6.56e-39	139
g669.t1	VFG049057(gb|WP_012541096)	38.503	187	115	0	48	234	40	226	2.00e-38	138
g669.t1	VFG006065(gb|WP_011227428)	36.082	194	124	0	41	234	40	233	2.07e-38	137
g669.t1	VFG006059(gb|WP_011681436)	36.082	194	124	0	41	234	40	233	2.07e-38	137
g669.t1	VFG018671(gb|WP_012000441)	35.567	194	125	0	41	234	40	233	6.84e-38	136
g669.t1	VFG002181(gb|WP_002387127)	39.362	188	113	1	47	234	56	242	1.75e-37	136
g669.t1	VFG011189(gb|WP_010925718)	37.368	190	115	2	47	234	46	233	5.73e-32	120
g669.t1	VFG011188(gb|WP_003807073)	37.368	190	115	2	47	234	46	233	5.79e-32	120
g669.t1	VFG026222(gb|WP_012327958)	35.870	184	108	4	48	228	21	197	4.22e-31	114
g669.t1	VFG000696(gb|AAP42188)	35.052	194	114	5	38	228	13	197	4.42e-31	114
g669.t1	VFG026221(gb|WP_006484936)	35.000	200	112	6	39	234	14	199	5.02e-31	113
g669.t1	VFG036719(gb|WP_002243173)	34.946	186	111	4	48	230	21	199	1.65e-30	112
g669.t1	VFG006316(gb|WP_002218516)	34.409	186	112	4	48	230	21	199	2.81e-30	111
g669.t1	VFG036716(gb|WP_002215285)	34.409	186	112	4	48	230	21	199	2.93e-30	111
g669.t1	VFG050168(gb|WP_000590258)	35.393	178	113	2	48	225	21	196	9.63e-30	110
g669.t1	VFG000258(gb|WP_002224750)	33.871	186	113	4	48	230	21	199	3.31e-29	108
g669.t1	VFG001974(gb|YP_002344829)	33.333	183	121	1	48	230	22	203	2.46e-28	106
g669.t1	VFG026305(gb|WP_009889305)	33.333	177	108	4	48	221	21	190	5.29e-28	105
g669.t1	VFG026219(gb|WP_011544657)	33.333	186	114	4	48	230	21	199	1.45e-27	104
g669.t1	VFG017762(gb|WP_011990763)	33.333	183	121	1	48	230	22	203	2.40e-27	104
g669.t1	VFG011717(gb|WP_002818959)	32.609	184	123	1	48	231	22	204	4.67e-27	103
g669.t1	VFG002563(gb|WP_004194035)	31.414	191	119	5	44	230	17	199	8.14e-26	100
g669.t1	VFG023853(gb|WP_026071342)	27.136	199	134	2	47	234	21	219	9.39e-21	88.6
g669.t1	VFG023850(gb|WP_043955033)	27.136	199	134	2	47	234	21	219	2.48e-20	87.4
g669.t1	VFG008680(gb|WP_015309619)	31.683	202	125	3	45	234	20	220	2.76e-20	87.4
g669.t1	VFG007914(gb|WP_011780329)	29.703	202	129	3	45	234	20	220	1.41e-18	82.8
g669.t1	VFG008678(gb|WP_041321021)	28.141	199	132	2	47	234	21	219	5.05e-18	81.3
g669.t1	VFG007915(gb|WP_011560224)	29.064	203	131	3	44	234	24	225	2.81e-17	79.7
g669.t1	VFG023851(gb|WP_036428980)	27.638	199	133	2	47	234	21	219	3.60e-17	79.0
g669.t1	VFG007909(gb|WP_003876146)	28.141	199	132	2	47	234	21	219	4.01e-17	78.6
g669.t1	VFG007912(gb|WP_011740072)	28.079	203	133	4	44	234	19	220	8.72e-17	77.8
g669.t1	VFG008825(gb|WP_015355163)	28.079	203	133	4	44	234	19	220	8.98e-17	77.8
g669.t1	VFG022453(gb|WP_012393578)	28.079	203	133	3	44	234	19	220	9.91e-17	77.8
g669.t1	VFG023849(gb|WP_013471676)	28.713	202	131	3	45	234	20	220	3.16e-15	73.6
g669.t1	VFG007911(gb|WP_010908851)	27.000	200	133	3	47	234	24	222	3.22e-15	73.6
g669.t1	VFG007913(gb|WP_011894249)	28.713	202	131	3	45	234	20	220	3.26e-15	73.6
g669.t1	VFG000425(gb|WP_000467404)	27.604	192	119	5	48	231	21	200	2.22e-12	64.3
g669.t1	VFG008835(gb|WP_009939128)	27.119	177	117	3	44	209	21	196	7.46e-12	63.9
g669.t1	VFG007904(gb|NP_217452)	27.119	177	117	3	44	209	21	196	7.53e-12	63.9
g669.t1	VFG007907(gb|WP_003414846)	27.119	177	117	3	44	209	21	196	8.77e-12	63.5
g669.t1	VFG008823(gb|WP_015291060)	27.119	177	117	3	44	209	21	196	9.02e-12	63.5
g669.t1	VFG044314(gb|WP_012492604)	26.154	195	131	4	50	232	370	563	3.50e-11	62.4
g669.t1	VFG013572(gb|WP_080334646)	27.404	208	128	8	44	232	18	221	5.14e-11	61.2
g669.t1	VFG000344(gb|WP_005693820)	26.442	208	130	8	44	232	23	226	1.08e-10	60.5
g669.t1	VFG015913(gb|WP_011267822)	28.934	197	126	6	47	232	362	555	1.28e-10	60.5
g669.t1	VFG005775(gb|WP_000403526)	37.255	102	53	2	46	136	16	117	6.72e-10	57.8
g669.t1	VFG044173(gb|WP_005477430)	22.967	209	133	3	48	234	17	219	8.58e-10	57.4
g669.t1	VFG013192(gb|WP_012340414)	26.108	203	131	4	47	235	18	215	4.29e-09	55.8
g669.t1	VFG013573(gb|WP_011608934)	26.108	203	131	4	47	235	18	215	4.49e-09	55.8
g669.t1	VFG013047(gb|WP_000983717)	24.138	203	138	4	47	234	22	223	1.20e-08	53.9
g669.t1	VFG012578(gb|WP_000983714)	23.645	203	139	4	47	234	22	223	1.31e-08	53.9
g669.t1	VFG045715(gb|WP_012979218)	25.862	174	118	5	48	210	17	190	1.50e-08	53.1
g669.t1	VFG034207(gb|WP_000983720)	23.645	203	139	4	47	234	22	223	1.72e-08	53.5
g669.t1	VFG013715(gb|WP_010934432)	24.638	207	131	5	48	234	22	223	1.79e-08	53.5
g669.t1	VFG013049(gb|WP_000983723)	23.645	203	139	4	47	234	22	223	1.86e-08	53.5
g669.t1	VFG013045(gb|WP_000983722)	23.645	203	139	4	47	234	22	223	1.86e-08	53.5
g669.t1	VFG013050(gb|WP_000983719)	23.645	203	139	4	47	234	22	223	1.93e-08	53.5
g669.t1	VFG030684(gb|WP_011781637)	23.618	199	141	2	47	234	19	217	2.45e-08	53.5
g669.t1	VFG034217(gb|WP_000983704)	23.645	203	139	4	47	234	22	223	2.69e-08	53.1
g669.t1	VFG013719(gb|WP_011013622)	21.635	208	139	2	48	236	19	221	3.91e-08	52.4
g669.t1	VFG034214(gb|WP_000983710)	23.645	203	139	4	47	234	22	223	3.92e-08	52.8
g669.t1	VFG020068(gb|WP_012723750)	22.798	193	140	3	48	233	356	546	4.32e-08	53.1
g669.t1	VFG013718(gb|WP_011896674)	21.635	208	139	2	48	236	19	221	4.95e-08	52.4
g669.t1	VFG016027(gb|WP_041168379)	22.388	201	124	6	48	230	356	542	5.59e-08	52.8
g669.t1	VFG012576(gb|WP_000983716)	23.153	203	140	4	47	234	22	223	6.51e-08	52.0
g669.t1	VFG012577(gb|WP_000983702)	23.153	203	140	4	47	234	22	223	8.79e-08	51.6
g669.t1	VFG030675(gb|WP_003875535)	22.798	193	138	2	47	228	19	211	9.13e-08	52.0
g669.t1	VFG030676(gb|WP_011724098)	22.798	193	138	2	47	228	19	211	9.39e-08	52.0
g669.t1	VFG012580(gb|WP_000983712)	23.645	203	139	4	47	234	22	223	1.07e-07	51.2
g669.t1	VFG030706(gb|WP_005059672)	21.000	200	147	2	47	235	19	218	1.11e-07	51.6
g669.t1	VFG030686(gb|YP_001702115)	21.000	200	147	2	47	235	19	218	1.13e-07	51.6
g669.t1	VFG030679(gb|WP_011730288)	22.613	199	143	2	47	234	23	221	1.13e-07	51.6
g669.t1	VFG030673(gb|WP_010908121)	22.613	199	143	2	47	234	19	217	1.19e-07	51.6
g669.t1	VFG030700(gb|WP_005098896)	21.000	200	147	2	47	235	19	218	1.27e-07	51.6
g669.t1	VFG012579(gb|WP_000983706)	23.153	203	140	4	47	234	22	223	1.42e-07	50.8
g669.t1	VFG030722(gb|WP_020821925)	22.798	193	138	2	47	228	19	211	1.70e-07	51.2
g669.t1	VFG030696(gb|WP_014711073)	22.798	193	138	2	47	228	19	211	1.74e-07	51.2
g669.t1	VFG013716(gb|WP_041626280)	24.257	202	138	5	48	234	23	224	1.75e-07	50.8
g669.t1	VFG030724(gb|WP_015308640)	23.158	190	135	2	47	225	19	208	1.77e-07	51.2
g669.t1	VFG030680(gb|WP_011856409)	22.340	188	135	2	47	223	19	206	2.36e-07	50.8
g669.t1	VFG030681(gb|WP_011561359)	22.340	188	135	2	47	223	19	206	2.50e-07	50.4
g669.t1	VFG013728(gb|WP_011273788)	24.038	208	136	6	46	234	19	223	2.66e-07	50.1
g669.t1	VFG046688(gb|WP_041263713)	27.545	167	95	5	46	191	366	527	2.93e-07	50.4
g669.t1	VFG030699(gb|WP_009957422)	22.798	193	138	2	47	228	19	211	2.95e-07	50.4
g669.t1	VFG030697(gb|WP_014382019)	22.798	193	138	2	47	228	19	211	3.21e-07	50.1
g669.t1	VFG030695(gb|WP_014941456)	22.798	193	138	2	47	228	19	211	3.39e-07	50.1
g669.t1	VFG044310(gb|WP_006486076)	25.652	230	147	5	23	234	3	226	3.62e-07	49.7
g669.t1	VFG030691(gb|WP_012395776)	22.280	193	139	2	47	228	19	211	4.83e-07	49.7
g669.t1	VFG030705(gb|WP_015356778)	22.280	193	139	2	47	228	19	211	5.20e-07	49.7
g669.t1	VFG021792(gb|WP_013241846)	25.000	204	135	5	48	234	32	234	6.05e-07	48.9
g669.t1	VFG030692(gb|WP_013828150)	22.500	200	143	3	47	235	19	217	9.27e-07	48.9
g669.t1	VFG015820(gb|WP_012273662)	24.084	191	131	6	50	231	359	544	1.02e-06	48.9
g669.t1	VFG000841(gb|WP_000987091)	27.143	210	121	7	48	234	485	685	1.20e-06	48.9
g669.t1	VFG044105(gb|WP_010922614)	20.290	207	142	4	48	234	23	226	1.72e-06	47.8
g669.t1	VFG044281(gb|WP_012367516)	26.364	220	144	5	31	234	7	224	2.29e-06	47.4
g669.t1	VFG044336(gb|WP_050767835)	29.762	168	96	7	47	197	978	1140	2.32e-06	48.1
g669.t1	VFG013727(gb|WP_004566911)	23.529	204	138	3	48	234	29	231	2.56e-06	47.0
g669.t1	VFG033882(gb|WP_000987096)	27.143	210	121	7	48	234	485	685	2.87e-06	47.8
g669.t1	VFG030689(gb|WP_014000675)	23.560	191	129	4	47	223	19	206	3.35e-06	47.0
g669.t1	VFG030704(gb|WP_015292799)	23.560	191	129	4	47	223	19	206	3.42e-06	47.0
g669.t1	VFG030671(gb|NP_215754)	23.560	191	129	4	47	223	19	206	3.54e-06	47.0
g669.t1	VFG048551(gb|WP_011251260)	46.341	41	22	0	47	87	978	1018	3.57e-06	47.4
g669.t1	VFG030694(gb|WP_013471930)	25.128	195	132	4	47	228	19	212	3.61e-06	47.0
g669.t1	VFG030678(gb|WP_011894706)	25.128	195	132	4	47	228	19	212	3.71e-06	47.0
g669.t1	VFG048481(gb|WP_014228352)	25.962	208	129	7	49	235	24	227	4.65e-06	46.2
g669.t1	VFG007023(gb|WP_149591715)	24.623	199	122	7	58	235	482	673	6.69e-06	46.6
g669.t1	VFG022788(gb|YP_001702996)	26.601	203	131	7	48	234	350	550	7.32e-06	46.2
g669.t1	VFG033885(gb|WP_000376538)	26.316	209	124	7	48	234	485	685	8.35e-06	46.2
g669.t1	VFG048480(gb|WP_014837773)	25.962	208	129	7	49	235	24	227	8.35e-06	45.4
g669.t1	VFG026731(gb|WP_005058854)	42.593	54	31	0	48	101	350	403	8.47e-06	46.2
g669.t1	VFG013717(gb|WP_006769628)	24.272	206	137	4	46	234	18	221	8.51e-06	45.4
g669.t1	VFG012478(gb|WP_000376544)	25.616	203	133	6	48	234	485	685	9.66e-06	46.2
