g515.t1	VFG000450(gb|NP_459545)	100.000	240	0	0	1	240	1	240	2.71e-178	488
g515.t1	VFG021197(gb|WP_001258118)	98.750	240	3	0	1	240	1	240	2.18e-176	484
g515.t1	VFG018378(gb|WP_001258119)	98.750	240	3	0	1	240	1	240	2.36e-176	483
g515.t1	VFG021194(gb|WP_001258110)	98.750	240	3	0	1	240	1	240	2.57e-176	483
g515.t1	VFG021199(gb|WP_001258113)	98.333	240	4	0	1	240	1	240	3.50e-176	483
g515.t1	VFG021196(gb|WP_001258111)	98.333	240	4	0	1	240	1	240	1.52e-175	481
g515.t1	VFG021193(gb|WP_001258100)	97.917	240	5	0	1	240	1	240	2.72e-175	481
g515.t1	VFG021198(gb|WP_001258116)	97.917	240	5	0	1	240	1	240	2.91e-175	481
g515.t1	VFG021195(gb|WP_001258102)	98.333	240	4	0	1	240	1	240	4.71e-175	480
g515.t1	VFG021192(gb|WP_001258124)	97.500	240	6	0	1	240	1	240	1.52e-174	479
g515.t1	VFG004104(gb|WP_001539376)	97.083	240	7	0	1	240	1	240	1.21e-173	477
g515.t1	VFG004101(gb|WP_001258098)	97.083	240	7	0	1	240	1	240	1.16e-172	474
g515.t1	VFG004103(gb|WP_001258129)	97.083	240	7	0	1	240	1	240	1.43e-172	474
g515.t1	VFG042686(gb|CAD56978)	47.945	219	113	1	18	235	17	235	4.04e-62	194
