g3269.t1	VFG009249(gb|NP_217827)	99.644	281	1	0	1	281	19	299	0.0	572
g3269.t1	VFG009143(gb|WP_015294331)	99.288	281	2	0	1	281	19	299	0.0	572
g3269.t1	VFG023556(gb|YP_007963182)	99.288	281	2	0	1	281	19	299	0.0	570
g3269.t1	VFG009142(gb|WP_003417249)	99.288	281	2	0	1	281	19	299	0.0	570
g3269.t1	VFG022577(gb|WP_014001677)	98.577	281	4	0	1	281	19	299	0.0	568
g3269.t1	VFG009144(gb|WP_015291355)	98.221	281	5	0	1	281	19	299	0.0	565
g3269.t1	VFG017655(gb|YP_007959300)	98.221	281	5	0	1	281	19	299	0.0	562
g3269.t1	VFG022575(gb|WP_012393095)	77.500	280	63	0	1	280	15	294	4.84e-158	441
g3269.t1	VFG009146(gb|WP_085981831)	77.500	280	63	0	1	280	15	294	5.71e-158	441
g3269.t1	VFG009256(gb|WP_071498035)	77.580	281	62	1	1	280	1	281	8.22e-157	437
g3269.t1	VFG017662(gb|WP_170320623)	73.929	280	71	2	1	280	1	278	7.84e-150	420
g3269.t1	VFG023920(gb|WP_179293519)	73.477	279	72	2	1	279	1	277	9.95e-149	417
g3269.t1	VFG023921(gb|WP_179300183)	73.477	279	72	2	1	279	1	277	1.12e-148	417
g3269.t1	VFG023919(gb|WP_179300690)	73.118	279	73	2	1	279	1	277	6.48e-148	415
g3269.t1	VFG023917(gb|WP_193375567)	73.118	279	73	2	1	279	1	277	1.44e-147	414
g3269.t1	VFG009255(gb|WP_170924468)	75.564	266	60	2	19	280	26	290	1.95e-146	412
g3269.t1	VFG009254(gb|WP_170936881)	75.188	266	61	2	19	280	26	290	3.23e-146	411
g3269.t1	VFG017664(gb|WP_015304538)	71.260	254	73	0	26	279	25	278	1.44e-135	384
