g2432.t1	VFG015983(gb|NP_251083)	100.000	448	0	0	1	448	1	448	0.0	909
g2432.t1	VFG015984(gb|WP_012075668)	93.096	449	29	2	1	448	1	448	0.0	825
g2432.t1	VFG020057(gb|WP_012614138)	87.751	449	54	1	1	448	1	449	0.0	811
g2432.t1	VFG015815(gb|WP_042111600)	75.778	450	103	2	1	447	1	447	0.0	706
g2432.t1	VFG015991(gb|WP_011534366)	75.168	447	111	0	1	447	1	447	0.0	698
g2432.t1	VFG015988(gb|WP_004667505)	75.615	447	106	2	1	446	1	445	0.0	697
g2432.t1	VFG020058(gb|WP_012723754)	74.777	448	112	1	1	447	1	448	0.0	694
g2432.t1	VFG015987(gb|WP_011267353)	75.281	445	107	2	1	444	1	443	0.0	692
g2432.t1	VFG015986(gb|WP_007246323)	74.610	449	111	2	1	448	1	447	0.0	689
g2432.t1	VFG015992(gb|WP_011062368)	74.880	418	105	0	28	445	30	447	0.0	667
g2432.t1	VFG015993(gb|WP_011333317)	72.646	446	121	1	1	445	1	446	0.0	664
g2432.t1	VFG015814(gb|WP_012273374)	70.470	447	130	2	1	447	1	445	0.0	643
g2432.t1	VFG015989(gb|WP_049588212)	68.904	447	136	2	1	447	1	444	0.0	642
g2432.t1	VFG015990(gb|WP_029611829)	68.904	447	137	2	1	447	1	445	0.0	633
g5498.t1	VFG015992(gb|WP_011062368)	23.780	328	160	6	60	322	138	440	1.33e-20	91.7
g5498.t1	VFG015983(gb|NP_251083)	24.169	331	157	5	60	325	136	437	4.14e-20	90.5
g5498.t1	VFG015984(gb|WP_012075668)	23.867	331	158	5	60	325	136	437	1.03e-19	89.4
g5498.t1	VFG015814(gb|WP_012273374)	23.754	341	157	6	52	322	129	436	9.33e-19	86.3
g5498.t1	VFG020057(gb|WP_012614138)	22.961	331	161	5	60	325	137	438	2.85e-18	85.1
g5498.t1	VFG015988(gb|WP_004667505)	24.510	306	185	5	60	322	135	437	3.62e-18	84.7
g5498.t1	VFG015991(gb|WP_011534366)	23.016	378	178	7	31	322	88	438	5.75e-18	84.0
g5498.t1	VFG015989(gb|WP_049588212)	22.985	335	164	8	56	325	129	434	9.30e-18	83.6
g5498.t1	VFG020058(gb|WP_012723754)	22.561	328	164	5	60	322	137	439	1.26e-17	83.2
g5498.t1	VFG015987(gb|WP_011267353)	24.510	306	185	5	60	322	135	437	1.32e-17	83.2
g5498.t1	VFG015986(gb|WP_007246323)	24.837	306	184	5	60	322	135	437	1.97e-17	82.4
g5498.t1	VFG015993(gb|WP_011333317)	23.684	304	190	7	60	322	137	439	8.54e-17	80.5
g5498.t1	VFG015990(gb|WP_029611829)	27.684	177	109	2	56	218	130	301	4.53e-16	78.6
g5498.t1	VFG015815(gb|WP_042111600)	21.341	328	168	4	60	322	136	438	1.32e-15	77.0
