g268.t1	VFG016505(gb|WP_010925563)	37.612	335	189	5	8	338	11	329	1.83e-67	214
g268.t1	VFG016499(gb|WP_011206101)	38.348	339	183	6	9	339	14	334	8.92e-67	213
g268.t1	VFG016504(gb|WP_011077333)	39.936	313	164	6	1	304	1	298	2.60e-66	211
g268.t1	VFG016506(gb|WP_020002786)	40.777	309	165	4	9	315	13	305	4.40e-66	211
g268.t1	VFG016502(gb|WP_011265103)	40.000	300	161	5	8	304	10	293	5.31e-65	208
g268.t1	VFG016507(gb|WP_011949275)	36.735	343	195	6	1	337	1	327	1.90e-60	196
g268.t1	VFG016508(gb|WP_011387114)	33.657	309	188	4	9	314	9	303	2.42e-56	186
g268.t1	VFG016498(gb|WP_011113733)	36.789	299	169	5	9	304	12	293	7.37e-56	184
g268.t1	VFG016503(gb|NP_975265)	33.657	309	188	4	9	314	9	303	8.29e-56	184
g268.t1	VFG016496(gb|WP_010874748)	37.097	310	176	5	9	315	12	305	8.25e-55	182
g268.t1	VFG016497(gb|WP_009885905)	36.774	310	177	5	9	315	11	304	5.26e-54	179
g2461.t1	VFG016502(gb|WP_011265103)	42.857	315	177	2	25	338	5	317	2.19e-88	268
g2461.t1	VFG016499(gb|WP_011206101)	40.923	325	188	2	25	345	8	332	1.62e-86	264
g2461.t1	VFG016504(gb|WP_011077333)	42.368	321	183	2	19	337	1	321	1.80e-85	261
g2461.t1	VFG016505(gb|WP_010925563)	39.692	325	194	2	25	347	6	330	8.50e-85	259
g2461.t1	VFG016498(gb|WP_011113733)	39.308	318	189	2	29	345	10	324	3.89e-83	255
g2461.t1	VFG016506(gb|WP_020002786)	41.896	327	187	2	19	344	1	325	1.55e-80	248
g2461.t1	VFG016508(gb|WP_011387114)	37.888	322	198	2	26	345	4	325	3.22e-76	237
g2461.t1	VFG016503(gb|NP_975265)	37.578	322	199	2	26	345	4	325	1.01e-75	236
g2461.t1	VFG016497(gb|WP_009885905)	38.871	319	193	2	29	346	9	326	5.41e-73	229
g2461.t1	VFG016507(gb|WP_011949275)	39.319	323	194	2	25	345	5	327	8.23e-70	221
g2461.t1	VFG016496(gb|WP_010874748)	37.931	319	196	2	29	346	10	327	7.05e-69	218
g2287.t1	VFG016505(gb|WP_010925563)	45.000	340	165	4	16	349	6	329	3.24e-100	299
g2287.t1	VFG016499(gb|WP_011206101)	47.352	321	146	3	16	329	8	312	6.42e-100	298
g2287.t1	VFG016502(gb|WP_011265103)	45.426	317	155	2	20	334	9	309	3.39e-99	296
g2287.t1	VFG016504(gb|WP_011077333)	43.631	314	156	2	20	328	11	308	1.63e-94	284
g2287.t1	VFG016497(gb|WP_009885905)	43.155	336	167	4	20	349	9	326	2.86e-90	273
g2287.t1	VFG016496(gb|WP_010874748)	43.787	338	162	5	20	349	10	327	7.43e-90	272
g2287.t1	VFG016498(gb|WP_011113733)	43.810	315	152	3	20	329	10	304	1.41e-89	271
g2287.t1	VFG016507(gb|WP_011949275)	44.248	339	167	4	16	348	5	327	6.79e-89	270
g2287.t1	VFG016506(gb|WP_020002786)	42.188	320	167	2	16	333	7	310	2.06e-87	266
g2287.t1	VFG016508(gb|WP_011387114)	38.095	336	186	4	20	349	7	326	1.38e-80	248
g2287.t1	VFG016503(gb|NP_975265)	38.690	336	184	4	20	349	7	326	1.98e-80	248
g3484.t1	VFG016502(gb|WP_011265103)	47.910	311	161	1	14	324	9	318	1.74e-100	298
g3484.t1	VFG016506(gb|WP_020002786)	47.022	319	168	1	14	332	11	328	6.41e-98	292
g3484.t1	VFG016499(gb|WP_011206101)	45.152	330	177	2	5	330	3	332	1.02e-97	292
g3484.t1	VFG016504(gb|WP_011077333)	47.267	311	162	1	14	322	11	321	1.10e-97	291
g3484.t1	VFG016505(gb|WP_010925563)	44.720	322	176	1	11	330	7	328	4.65e-95	285
g3484.t1	VFG016503(gb|NP_975265)	43.925	321	178	1	14	332	7	327	2.41e-93	280
g3484.t1	VFG016508(gb|WP_011387114)	43.925	321	178	1	14	332	7	327	2.65e-93	280
g3484.t1	VFG016498(gb|WP_011113733)	45.515	301	162	1	14	314	10	308	2.97e-91	275
g3484.t1	VFG016497(gb|WP_009885905)	43.574	319	176	2	14	330	9	325	8.63e-83	253
g3484.t1	VFG016496(gb|WP_010874748)	42.633	319	179	2	14	330	10	326	1.54e-81	250
g3484.t1	VFG016507(gb|WP_011949275)	42.202	327	187	1	7	331	2	328	4.51e-80	246
g4233.t1	VFG016502(gb|WP_011265103)	42.216	334	178	7	1	331	1	322	2.09e-79	245
g4233.t1	VFG016506(gb|WP_020002786)	43.607	305	159	5	9	311	12	305	2.34e-74	232
g4233.t1	VFG016505(gb|WP_010925563)	38.788	330	187	6	9	334	11	329	2.51e-74	232
g4233.t1	VFG016504(gb|WP_011077333)	41.368	307	166	5	9	311	12	308	1.49e-73	230
g4233.t1	VFG016499(gb|WP_011206101)	39.275	331	184	6	10	334	14	333	3.25e-72	227
g4233.t1	VFG016507(gb|WP_011949275)	39.466	337	187	7	3	333	2	327	6.36e-69	218
g4233.t1	VFG016503(gb|NP_975265)	37.425	334	194	5	5	334	4	326	1.97e-67	214
g4233.t1	VFG016508(gb|WP_011387114)	37.126	334	195	5	5	334	4	326	5.60e-67	213
g4233.t1	VFG016498(gb|WP_011113733)	40.656	305	167	5	9	311	11	303	2.35e-65	209
g4233.t1	VFG016496(gb|WP_010874748)	36.970	330	191	7	9	334	11	327	6.72e-59	192
g4233.t1	VFG016497(gb|WP_009885905)	36.890	328	194	5	9	334	10	326	6.90e-59	192
