g395.t1	VFG037912(gb|WP_000939040)	99.107	224	2	0	1	224	109	332	1.97e-166	461
g395.t1	VFG037909(gb|WP_000939041)	98.661	224	3	0	1	224	109	332	9.86e-166	459
g395.t1	VFG018067(gb|WP_002866272)	55.405	222	90	3	1	214	108	328	1.67e-79	241
g395.t1	VFG017815(gb|WP_011989747)	54.505	222	92	3	1	214	108	328	7.54e-79	239
g395.t1	VFG012003(gb|WP_002859335)	54.505	222	92	3	1	214	108	328	8.59e-79	239
g395.t1	VFG012002(gb|YP_002344683)	54.505	222	92	3	1	214	108	328	1.34e-78	239
g395.t1	VFG012004(gb|WP_002869093)	55.046	218	89	3	1	210	108	324	2.72e-78	238
g395.t1	VFG012005(gb|WP_002850705)	52.727	220	98	2	1	214	108	327	5.38e-75	229
g395.t1	VFG043383(gb|WP_001863409)	51.584	221	99	4	1	214	108	327	1.27e-74	228
g395.t1	VFG005020(gb|WP_011274718)	37.727	220	131	4	1	215	107	325	5.27e-38	134
g395.t1	VFG001374(gb|WP_000077424)	36.199	221	135	3	1	216	115	334	3.67e-37	132
g395.t1	VFG001301(gb|WP_000459062)	37.273	220	132	4	1	215	107	325	9.92e-37	131
g395.t1	VFG005018(gb|WP_000459053)	37.273	220	132	4	1	215	107	325	1.00e-36	131
g395.t1	VFG002967(gb|WP_000459057)	37.273	220	132	4	1	215	107	325	1.03e-36	131
g395.t1	VFG002964(gb|WP_000459054)	37.273	220	132	4	1	215	107	325	1.06e-36	131
g395.t1	VFG005017(gb|YP_498718)	37.273	220	132	4	1	215	107	325	1.15e-36	131
g395.t1	VFG050201(gb|WP_000471738)	37.104	221	133	3	1	216	107	326	1.25e-36	131
g395.t1	VFG014129(gb|WP_003150889)	35.586	222	136	4	1	216	107	327	1.60e-35	128
g395.t1	VFG038040(gb|WP_000471756)	35.398	226	131	4	1	216	107	327	6.96e-34	124
g395.t1	VFG037993(gb|WP_000471755)	35.398	226	131	4	1	216	107	327	1.10e-33	123
g395.t1	VFG006072(gb|WP_002902060)	39.869	153	80	5	14	157	403	552	1.90e-24	100
g395.t1	VFG018675(gb|WP_041789920)	40.127	157	82	5	10	157	400	553	1.00e-23	98.6
g395.t1	VFG002968(gb|WP_000940794)	35.227	176	103	5	3	169	393	566	3.81e-23	97.1
g395.t1	VFG002972(gb|WP_000940768)	34.659	176	104	5	3	169	393	566	6.90e-23	96.3
g395.t1	VFG001300(gb|WP_000940793)	36.145	166	95	5	3	159	393	556	1.16e-22	95.5
g395.t1	VFG002969(gb|YP_498717)	34.659	176	104	5	3	169	393	566	1.30e-22	95.5
g395.t1	VFG002970(gb|WP_000940790)	36.145	166	95	5	3	159	393	556	1.32e-22	95.5
g395.t1	VFG016401(gb|WP_000122128)	37.419	155	86	4	9	154	394	546	3.81e-21	91.3
g395.t1	VFG050205(gb|WP_000122126)	31.050	219	125	5	9	218	394	595	1.33e-20	89.7
g395.t1	VFG011139(gb|WP_012415794)	31.188	202	110	9	3	180	397	593	1.68e-20	89.4
g395.t1	VFG007655(gb|WP_011261053)	35.673	171	88	5	3	153	396	564	2.27e-20	89.0
g395.t1	VFG047223(gb|WP_014548781)	35.583	163	94	5	2	157	367	525	4.85e-20	87.8
g395.t1	VFG047231(gb|WP_013922606)	35.220	159	92	5	2	153	368	522	8.43e-20	87.0
g395.t1	VFG023800(gb|WP_071822701)	28.444	225	140	6	4	211	394	614	9.62e-20	87.0
g395.t1	VFG047215(gb|WP_041268103)	35.220	159	92	5	2	153	368	522	1.04e-19	87.0
g395.t1	VFG016381(gb|WP_033685340)	29.817	218	126	6	10	218	395	594	1.09e-19	87.0
g395.t1	VFG038090(gb|WP_000721143)	32.258	186	105	7	2	171	392	572	1.09e-19	87.0
g395.t1	VFG047230(gb|WP_030005729)	35.220	159	92	5	2	153	368	522	1.60e-19	86.3
g395.t1	VFG047219(gb|WP_012429810)	34.969	163	95	5	2	157	367	525	1.64e-19	86.3
g395.t1	VFG047216(gb|WP_003014967)	34.969	163	95	5	2	157	367	525	1.67e-19	86.3
g395.t1	VFG012056(gb|WP_002850177)	38.509	161	88	7	11	163	389	546	2.26e-19	85.9
g395.t1	VFG047214(gb|WP_011733710)	33.333	174	104	6	2	168	367	535	2.67e-19	85.9
g395.t1	VFG047226(gb|WP_003037355)	33.333	174	104	6	2	168	367	535	2.80e-19	85.9
g395.t1	VFG047221(gb|WP_003022302)	34.969	163	95	5	2	157	367	525	3.69e-19	85.5
g395.t1	VFG037911(gb|WP_000721147)	31.183	186	107	6	2	171	392	572	3.84e-19	85.5
g395.t1	VFG002965(gb|WP_011302064)	34.118	170	101	4	9	169	399	566	8.90e-19	84.3
g395.t1	VFG002966(gb|WP_011274717)	34.320	169	100	5	10	169	400	566	1.02e-18	84.0
g395.t1	VFG038065(gb|WP_000713593)	31.183	186	107	6	2	171	392	572	1.04e-18	84.0
g395.t1	VFG019790(gb|WP_003122257)	31.111	180	96	5	2	153	412	591	2.37e-18	83.2
g395.t1	VFG014117(gb|NP_251831)	31.111	180	96	5	2	153	412	591	2.56e-18	82.8
g395.t1	VFG014147(gb|WP_003138484)	31.111	180	96	5	2	153	412	591	2.74e-18	82.8
g395.t1	VFG014135(gb|WP_025297832)	32.222	180	94	6	2	153	412	591	3.07e-18	82.8
g395.t1	VFG011137(gb|WP_010927314)	30.508	177	105	5	1	161	396	570	2.37e-17	80.1
g395.t1	VFG011138(gb|WP_003807099)	30.508	177	105	5	1	161	396	570	2.41e-17	80.1
g395.t1	VFG000029(gb|WP_010929608)	30.508	177	105	5	1	161	396	570	2.41e-17	80.1
g395.t1	VFG007653(gb|WP_011078839)	32.143	168	96	4	4	153	396	563	9.42e-17	78.6
g395.t1	VFG007654(gb|WP_011149337)	32.143	168	96	4	4	153	396	563	1.02e-16	78.2
g395.t1	VFG012055(gb|WP_002868950)	32.164	171	104	5	1	163	378	544	2.75e-16	77.0
g395.t1	VFG018079(gb|WP_002866136)	32.164	171	104	5	1	163	378	544	2.93e-16	77.0
g395.t1	VFG012053(gb|YP_002344513)	32.164	171	104	5	1	163	378	544	2.96e-16	77.0
g395.t1	VFG007651(gb|WP_000494952)	30.481	187	105	7	3	171	396	575	7.28e-16	75.9
g3202.t1	VFG014117(gb|NP_251831)	100.000	620	0	0	1	620	46	665	0.0	1263
g3202.t1	VFG014147(gb|WP_003138484)	99.677	620	2	0	1	620	46	665	0.0	1259
g3202.t1	VFG019790(gb|WP_003122257)	99.355	620	4	0	1	620	46	665	0.0	1254
g3202.t1	VFG014135(gb|WP_025297832)	96.452	620	22	0	1	620	46	665	0.0	1219
g3202.t1	VFG007653(gb|WP_011078839)	50.977	614	275	5	6	618	47	635	0.0	587
g3202.t1	VFG007654(gb|WP_011149337)	51.163	602	269	4	17	618	59	635	0.0	585
g3202.t1	VFG023800(gb|WP_071822701)	49.032	620	282	7	3	619	42	630	0.0	580
g3202.t1	VFG007655(gb|WP_011261053)	49.672	610	279	6	10	617	52	635	0.0	567
g3202.t1	VFG007651(gb|WP_000494952)	48.980	588	270	5	18	604	61	619	0.0	542
g3202.t1	VFG000029(gb|WP_010929608)	47.176	602	286	7	5	603	47	619	4.76e-173	506
g3202.t1	VFG011137(gb|WP_010927314)	47.176	602	286	7	5	603	47	619	6.11e-173	505
g3202.t1	VFG011138(gb|WP_003807099)	47.176	602	286	7	5	603	47	619	6.74e-173	505
g3202.t1	VFG038090(gb|WP_000721143)	45.950	605	272	12	17	609	61	622	4.75e-168	493
g3202.t1	VFG037911(gb|WP_000721147)	45.455	605	276	11	17	609	60	622	3.18e-166	488
g3202.t1	VFG038065(gb|WP_000713593)	45.124	605	278	12	17	609	60	622	2.01e-164	483
g3202.t1	VFG011139(gb|WP_012415794)	45.320	609	291	8	1	604	48	619	1.96e-158	469
g3202.t1	VFG016381(gb|WP_033685340)	41.477	528	267	9	26	550	59	547	6.40e-131	397
g3202.t1	VFG002965(gb|WP_011302064)	41.729	532	270	8	26	553	62	557	2.48e-127	388
g3202.t1	VFG050205(gb|WP_000122126)	40.678	531	275	9	26	553	59	552	8.17e-127	386
g3202.t1	VFG016401(gb|WP_000122128)	40.678	531	275	10	26	553	59	552	8.19e-127	386
g3202.t1	VFG002972(gb|WP_000940768)	38.974	585	303	12	17	586	46	591	4.84e-125	382
g3202.t1	VFG001300(gb|WP_000940793)	38.974	585	303	12	17	586	46	591	1.84e-123	377
g3202.t1	VFG002970(gb|WP_000940790)	38.974	585	303	12	17	586	46	591	1.86e-123	377
g3202.t1	VFG002969(gb|YP_498717)	38.974	585	303	12	17	586	46	591	1.96e-123	377
g3202.t1	VFG006072(gb|WP_002902060)	39.551	579	307	11	12	581	40	584	2.14e-123	377
g3202.t1	VFG002968(gb|WP_000940794)	38.803	585	304	12	17	586	46	591	2.86e-123	377
g3202.t1	VFG002966(gb|WP_011274717)	38.153	574	308	11	26	591	62	596	2.43e-122	374
g3202.t1	VFG047215(gb|WP_041268103)	39.817	545	284	9	46	580	46	556	3.81e-120	368
g3202.t1	VFG047231(gb|WP_013922606)	41.176	510	256	8	61	560	61	536	6.65e-120	367
g3202.t1	VFG018675(gb|WP_041789920)	44.492	472	225	7	80	546	110	549	1.62e-119	367
g3202.t1	VFG047230(gb|WP_030005729)	40.190	525	270	8	46	560	46	536	1.51e-118	364
g3202.t1	VFG047221(gb|WP_003022302)	41.700	494	238	9	69	560	90	535	3.25e-117	360
g3202.t1	VFG047226(gb|WP_003037355)	41.498	494	239	9	69	560	90	535	4.16e-117	360
g3202.t1	VFG047216(gb|WP_003014967)	41.700	494	238	9	69	560	90	535	8.72e-117	359
g3202.t1	VFG047219(gb|WP_012429810)	41.498	494	239	9	69	560	90	535	2.93e-116	358
g3202.t1	VFG047223(gb|WP_014548781)	44.952	416	196	4	145	560	153	535	6.88e-113	349
g3202.t1	VFG047214(gb|WP_011733710)	41.903	494	237	9	69	560	90	535	1.12e-111	346
g3202.t1	VFG018079(gb|WP_002866136)	36.853	502	266	9	70	569	106	558	8.23e-97	308
g3202.t1	VFG012053(gb|YP_002344513)	36.853	502	266	9	70	569	106	558	1.11e-96	308
g3202.t1	VFG012055(gb|WP_002868950)	36.853	502	266	9	70	569	106	558	3.71e-96	306
g3202.t1	VFG012056(gb|WP_002850177)	36.481	540	284	12	26	560	64	549	1.53e-94	302
g3202.t1	VFG038040(gb|WP_000471756)	33.333	342	191	10	251	589	2	309	1.31e-43	159
g3202.t1	VFG037993(gb|WP_000471755)	33.041	342	192	9	251	589	2	309	3.69e-43	158
g3202.t1	VFG012005(gb|WP_002850705)	29.799	349	195	11	251	589	2	310	4.95e-43	157
g3202.t1	VFG014129(gb|WP_003150889)	34.007	297	158	6	253	546	4	265	3.10e-41	152
g3202.t1	VFG001374(gb|WP_000077424)	32.997	297	172	6	253	549	6	275	3.23e-41	152
g3202.t1	VFG002964(gb|WP_000459054)	32.082	293	166	6	254	546	5	264	7.08e-39	146
g3202.t1	VFG005018(gb|WP_000459053)	31.741	293	167	6	254	546	5	264	1.71e-38	145
g3202.t1	VFG002967(gb|WP_000459057)	32.082	293	166	6	254	546	5	264	2.57e-38	144
g3202.t1	VFG001301(gb|WP_000459062)	31.741	293	167	6	254	546	5	264	3.10e-38	144
g3202.t1	VFG005020(gb|WP_011274718)	32.432	296	167	6	251	546	2	264	5.21e-38	143
g3202.t1	VFG005017(gb|YP_498718)	31.741	293	167	6	254	546	5	264	7.47e-38	143
g3202.t1	VFG018067(gb|WP_002866272)	28.758	306	179	9	251	554	2	270	3.83e-36	138
g3202.t1	VFG017815(gb|WP_011989747)	29.085	306	178	9	251	554	2	270	5.79e-36	137
g3202.t1	VFG050201(gb|WP_000471738)	31.065	338	197	9	251	585	2	306	7.69e-36	137
g3202.t1	VFG012004(gb|WP_002869093)	28.431	306	180	9	251	554	2	270	2.45e-35	135
g3202.t1	VFG012003(gb|WP_002859335)	28.904	301	175	9	256	554	7	270	9.30e-35	134
g3202.t1	VFG043383(gb|WP_001863409)	27.222	360	206	12	251	607	2	308	1.26e-34	134
g3202.t1	VFG012002(gb|YP_002344683)	28.904	301	175	9	256	554	7	270	2.26e-34	133
g3202.t1	VFG037912(gb|WP_000939040)	29.966	297	170	9	251	546	2	261	5.16e-32	126
g3202.t1	VFG037909(gb|WP_000939041)	30.303	297	169	10	251	546	2	261	5.63e-32	126
g3202.t1	VFG037921(gb|WP_000102100)	24.016	254	171	5	257	508	38	271	4.29e-17	83.6
g3202.t1	VFG037905(gb|WP_000102101)	24.016	254	171	5	257	508	38	271	5.33e-17	83.2
g3202.t1	VFG038171(gb|WP_020752683)	29.167	168	98	5	256	408	4	165	7.13e-08	54.7
g3202.t1	VFG038159(gb|WP_001062904)	29.167	168	98	5	256	408	4	165	7.59e-08	54.7
g3202.t1	VFG038121(gb|WP_001062922)	27.381	168	101	4	256	408	4	165	7.11e-07	51.6
g3202.t1	VFG014119(gb|WP_012075025)	27.273	209	129	6	256	456	4	197	4.93e-06	48.9
