g2437.t1	VFG000163(gb|NP_251088)	100.000	815	0	0	1	815	1	815	0.0	1680
g2437.t1	VFG016095(gb|WP_003139291)	99.755	815	2	0	1	815	1	815	0.0	1679
g2437.t1	VFG020085(gb|WP_012723749)	69.080	815	248	3	1	815	1	811	0.0	1165
g2437.t1	VFG016102(gb|WP_011060690)	68.093	771	242	3	48	815	54	823	0.0	1098
g2437.t1	VFG015831(gb|WP_012270408)	63.625	811	289	4	8	815	7	814	0.0	1059
g2437.t1	VFG016100(gb|WP_012052858)	40.000	815	445	17	23	815	11	803	0.0	551
g2437.t1	VFG016101(gb|WP_011533729)	40.049	809	439	17	31	815	17	803	0.0	550
g2437.t1	VFG016099(gb|WP_010954972)	40.000	860	423	25	1	815	1	812	4.80e-180	537
g2437.t1	VFG016098(gb|WP_011168256)	39.078	824	435	25	22	815	3	789	2.26e-164	496
g2437.t1	VFG044124(gb|WP_010930941)	38.244	706	413	13	118	812	38	731	8.25e-158	477
g2437.t1	VFG016103(gb|WP_011333998)	39.286	728	393	11	121	815	37	748	6.39e-156	473
g2437.t1	VFG016096(gb|WP_046463309)	36.527	835	478	21	1	815	1	803	6.38e-151	461
g2437.t1	VFG016097(gb|WP_011267348)	37.406	802	456	21	34	815	28	803	1.51e-150	461
g2437.t1	VFG016104(gb|WP_041773008)	37.865	684	377	15	146	815	47	696	1.92e-139	428
g2437.t1	VFG016154(gb|WP_011060591)	33.983	821	483	20	32	815	26	824	2.20e-127	401
g2437.t1	VFG016152(gb|WP_034000074)	36.232	690	393	18	144	815	59	719	1.22e-122	385
g2437.t1	VFG020082(gb|WP_025208403)	33.455	822	481	23	29	815	4	794	2.93e-122	386
g2437.t1	VFG000164(gb|NP_252911)	35.022	691	406	16	142	815	56	720	6.34e-118	373
g2437.t1	VFG020096(gb|WP_003118950)	35.022	691	406	16	142	815	56	720	9.27e-118	372
g2437.t1	VFG016094(gb|WP_012075666)	27.833	812	502	29	41	807	28	800	6.93e-57	209
g2437.t1	VFG044365(gb|WP_013318789)	26.011	742	474	28	112	813	27	733	8.24e-34	139
g2437.t1	VFG044341(gb|WP_004160310)	23.291	717	476	27	131	815	31	705	5.13e-17	85.5
g2437.t1	VFG044319(gb|WP_006486047)	23.483	758	450	32	112	815	74	755	6.31e-16	82.0
g2437.t1	VFG044178(gb|WP_005477483)	30.488	164	105	3	164	326	66	221	1.26e-13	74.7
g2437.t1	VFG044178(gb|WP_005477483)	26.316	247	153	7	574	815	456	678	1.89e-08	57.8
g2437.t1	VFG007263(gb|WP_000086048)	25.524	286	181	10	123	381	7	287	1.45e-12	71.2
g2437.t1	VFG007264(gb|WP_000086051)	25.524	286	181	10	123	381	7	287	1.51e-12	71.2
g2437.t1	VFG044200(gb|WP_011267792)	26.141	241	156	9	48	276	41	271	9.24e-11	65.5
g2437.t1	VFG037356(gb|WP_001016286)	22.449	686	460	26	164	815	120	767	9.43e-11	65.5
g2437.t1	VFG044155(gb|WP_011063601)	26.038	265	152	7	42	286	48	288	2.06e-10	64.3
g2437.t1	VFG037357(gb|WP_001016285)	22.303	686	461	26	164	815	120	767	3.13e-10	63.9
g2437.t1	VFG037364(gb|WP_043961076)	22.222	711	479	27	142	815	93	766	4.40e-10	63.2
g2437.t1	VFG044412(gb|AAR12527)	22.222	720	457	31	146	815	60	726	6.74e-10	62.8
g2437.t1	VFG048595(gb|WP_032694981)	28.369	141	93	3	168	303	50	187	3.63e-09	60.1
g2437.t1	VFG007268(gb|WP_005480856)	26.776	183	115	6	127	294	7	185	3.68e-09	60.1
g2437.t1	VFG048596(gb|WP_014229387)	28.369	141	93	3	168	303	50	187	3.78e-09	60.1
g2437.t1	VFG034182(gb|WP_000784550)	28.369	141	93	3	168	303	50	187	1.09e-08	58.5
g2437.t1	VFG012570(gb|WP_000784540)	28.369	141	93	3	168	303	50	187	1.10e-08	58.5
g2437.t1	VFG003499(gb|WP_011816644)	28.369	141	93	3	168	303	50	187	1.12e-08	58.5
g2437.t1	VFG003114(gb|WP_000784549)	28.369	141	93	3	168	303	50	187	1.15e-08	58.5
g2437.t1	VFG048597(gb|WP_000784549)	28.369	141	93	3	168	303	50	187	1.15e-08	58.5
g2437.t1	VFG034181(gb|WP_000784546)	28.369	141	93	3	168	303	50	187	1.15e-08	58.5
g2437.t1	VFG012567(gb|WP_000784549)	28.369	141	93	3	168	303	50	187	1.15e-08	58.5
g2437.t1	VFG000358(gb|WP_002212885)	28.369	141	93	3	168	303	50	187	1.16e-08	58.5
g2437.t1	VFG044333(gb|WP_015874968)	28.369	141	93	3	168	303	50	187	1.16e-08	58.5
g2437.t1	VFG034187(gb|WP_000784545)	28.369	141	93	3	168	303	50	187	1.20e-08	58.5
g2437.t1	VFG012569(gb|WP_000784554)	28.369	141	93	3	168	303	50	187	1.25e-08	58.5
g2437.t1	VFG034177(gb|WP_000784557)	28.369	141	93	3	168	303	50	187	1.44e-08	58.2
g2437.t1	VFG034183(gb|WP_001304267)	28.369	141	93	3	168	303	50	187	1.66e-08	58.2
g2437.t1	VFG007274(gb|WP_005478149)	29.457	129	85	2	151	273	31	159	1.82e-08	58.2
g2437.t1	VFG044150(gb|NP_461704)	29.487	156	87	8	169	301	52	207	1.02e-07	55.5
g2437.t1	VFG044114(gb|WP_029443809)	25.941	239	155	5	55	293	67	283	1.26e-07	55.5
g2437.t1	VFG037358(gb|WP_001073030)	21.849	714	430	29	161	815	116	760	1.82e-07	54.7
g2437.t1	VFG037355(gb|WP_001073031)	21.259	715	433	29	161	815	116	760	1.92e-07	54.7
g2437.t1	VFG044403(gb|CAE46936)	24.211	285	184	10	48	319	50	315	1.93e-07	54.7
g2437.t1	VFG044093(gb|NP_252098)	23.194	263	153	7	44	286	51	284	4.64e-07	53.5
g2437.t1	VFG048541(gb|WP_041169040)	30.282	142	77	7	182	301	66	207	5.08e-07	53.1
g2437.t1	VFG048542(gb|WP_012542068)	30.282	142	77	7	182	301	66	207	5.78e-07	53.1
g2437.t1	VFG048540(gb|WP_014228993)	28.205	156	89	8	169	301	52	207	5.87e-07	53.1
g2437.t1	VFG048544(gb|WP_002901630)	28.205	156	89	8	169	301	52	207	6.74e-07	52.8
g2437.t1	VFG048547(gb|WP_004213617)	27.011	174	100	10	151	301	36	205	6.90e-07	52.8
g2437.t1	VFG048545(gb|WP_004224251)	30.282	142	77	7	182	301	66	207	7.03e-07	52.8
g2437.t1	VFG048543(gb|YP_005226444)	28.205	156	89	8	169	301	73	228	7.55e-07	52.8
g2437.t1	VFG048546(gb|WP_015958223)	30.282	142	77	7	182	301	66	207	8.00e-07	52.8
g2437.t1	VFG044177(gb|WP_005460644)	24.409	127	88	3	163	281	67	193	1.15e-06	52.0
g2437.t1	VFG007276(gb|WP_011151756)	24.569	232	155	9	151	364	31	260	1.17e-06	52.0
g2437.t1	VFG007275(gb|WP_011082397)	24.569	232	155	9	151	364	31	260	1.26e-06	52.0
g2437.t1	VFG033910(gb|WP_001222182)	28.846	156	88	8	169	301	51	206	1.29e-06	52.0
g2437.t1	VFG012499(gb|WP_001222186)	28.846	156	88	8	169	301	51	206	1.32e-06	52.0
g2437.t1	VFG044334(gb|WP_015874979)	27.485	171	99	8	153	301	38	205	1.34e-06	52.0
g2437.t1	VFG012498(gb|WP_001222188)	28.846	156	88	8	169	301	51	206	1.45e-06	52.0
g2437.t1	VFG033911(gb|WP_001222184)	28.846	156	88	8	169	301	51	206	1.50e-06	52.0
g2437.t1	VFG012968(gb|WP_011378642)	28.846	156	88	8	169	301	51	206	1.52e-06	51.6
g2437.t1	VFG033908(gb|WP_001222181)	28.846	156	88	8	169	301	51	206	1.61e-06	51.6
g2437.t1	VFG000935(gb|WP_001222189)	28.846	156	88	8	169	301	51	206	1.64e-06	51.6
g2437.t1	VFG044242(gb|WP_005311744)	22.901	131	99	1	152	280	34	164	1.88e-06	51.6
g2437.t1	VFG007265(gb|WP_005461725)	26.136	176	115	4	143	304	27	201	2.76e-06	50.8
g2437.t1	VFG044104(gb|NP_253398)	27.922	154	101	5	165	311	48	198	4.77e-06	50.1
g2437.t1	VFG048548(gb|WP_020947523)	29.577	142	78	7	182	301	66	207	6.38e-06	49.7
g2437.t1	VFG044375(gb|AAL65282)	26.190	168	112	3	539	700	395	556	8.86e-06	49.3
g4250.t1	VFG016098(gb|WP_011168256)	49.195	807	375	13	5	802	9	789	0.0	739
g4250.t1	VFG016099(gb|WP_010954972)	48.603	823	367	12	5	802	21	812	0.0	731
g4250.t1	VFG016095(gb|WP_003139291)	38.686	822	453	19	1	802	25	815	1.36e-173	520
g4250.t1	VFG000163(gb|NP_251088)	38.639	823	454	20	2	802	22	815	2.59e-173	520
g4250.t1	VFG020085(gb|WP_012723749)	37.187	839	440	20	3	802	21	811	7.08e-166	500
g4250.t1	VFG015831(gb|WP_012270408)	38.002	821	456	21	4	802	25	814	5.97e-162	490
g4250.t1	VFG016102(gb|WP_011060690)	38.614	808	434	19	23	802	50	823	1.75e-161	489
g4250.t1	VFG016152(gb|WP_034000074)	38.554	664	382	12	144	799	71	716	2.53e-140	431
g4250.t1	VFG044124(gb|WP_010930941)	37.079	712	403	13	110	799	43	731	4.70e-140	431
g4250.t1	VFG016101(gb|WP_011533729)	36.375	833	455	23	4	802	12	803	1.34e-138	429
g4250.t1	VFG016154(gb|WP_011060591)	35.566	821	481	16	5	799	23	821	7.80e-138	428
g4250.t1	VFG020096(gb|WP_003118950)	36.812	690	409	13	119	799	46	717	2.51e-137	423
g4250.t1	VFG000164(gb|NP_252911)	36.667	690	410	13	119	799	46	717	1.13e-136	421
g4250.t1	VFG016100(gb|WP_012052858)	35.774	833	460	21	4	802	12	803	1.43e-133	416
g4250.t1	VFG020082(gb|WP_025208403)	32.475	816	500	13	11	801	4	793	7.54e-132	411
g4250.t1	VFG016103(gb|WP_011333998)	36.414	725	382	18	126	802	55	748	1.38e-121	383
g4250.t1	VFG016097(gb|WP_011267348)	32.875	800	483	17	20	799	35	800	1.99e-119	379
g4250.t1	VFG016096(gb|WP_046463309)	32.034	821	500	17	4	799	13	800	2.52e-115	368
g4250.t1	VFG016104(gb|WP_041773008)	33.474	711	429	15	99	800	19	694	5.83e-113	359
g4250.t1	VFG016094(gb|WP_012075666)	26.406	818	528	24	20	801	28	807	5.26e-51	191
g4250.t1	VFG044178(gb|WP_005477483)	26.783	687	428	25	134	802	49	678	8.69e-38	150
g4250.t1	VFG044319(gb|WP_006486047)	27.325	699	430	28	141	801	96	754	7.30e-33	135
g4250.t1	VFG044200(gb|WP_011267792)	24.758	828	478	30	15	779	29	774	6.80e-29	123
g4250.t1	VFG044341(gb|WP_004160310)	25.080	622	377	21	113	697	27	596	1.94e-26	115
g4250.t1	VFG044365(gb|WP_013318789)	30.363	303	177	12	517	801	448	734	5.46e-20	95.1
g4250.t1	VFG044365(gb|WP_013318789)	28.464	267	164	5	77	341	31	272	5.85e-16	82.0
g4250.t1	VFG044223(gb|WP_011533696)	22.302	695	425	25	151	792	98	730	2.83e-14	76.6
g4250.t1	VFG037356(gb|WP_001016286)	22.259	602	412	20	228	802	195	767	1.17e-11	68.2
g4250.t1	VFG037357(gb|WP_001016285)	22.259	602	412	20	228	802	195	767	1.19e-11	68.2
g4250.t1	VFG044375(gb|AAL65282)	27.638	199	121	7	100	287	7	193	3.03e-09	60.5
g4250.t1	VFG037364(gb|WP_043961076)	22.570	607	404	21	228	802	194	766	1.03e-08	58.9
g4250.t1	VFG037355(gb|WP_001073031)	20.029	694	467	25	148	802	116	760	2.35e-08	57.8
g4250.t1	VFG037358(gb|WP_001073030)	20.029	694	467	25	148	802	116	760	2.76e-08	57.4
g4250.t1	VFG044177(gb|WP_005460644)	23.858	197	126	5	149	327	66	256	9.22e-08	55.8
g4250.t1	VFG044284(gb|WP_012367519)	22.865	363	233	14	455	798	365	699	1.04e-07	55.5
g4250.t1	VFG044412(gb|AAR12527)	22.102	371	227	14	455	797	385	721	1.08e-07	55.5
g4250.t1	VFG007264(gb|WP_000086051)	24.490	196	134	4	113	294	10	205	1.46e-06	51.6
g4250.t1	VFG007263(gb|WP_000086048)	24.490	196	134	4	113	294	10	205	1.60e-06	51.6
g4250.t1	VFG007265(gb|WP_005461725)	22.096	439	280	17	370	775	219	628	5.27e-06	50.1
g4303.t1	VFG000164(gb|NP_252911)	100.000	720	0	0	1	720	1	720	0.0	1470
g4303.t1	VFG020096(gb|WP_003118950)	99.861	720	1	0	1	720	1	720	0.0	1467
g4303.t1	VFG016152(gb|WP_034000074)	95.000	720	35	1	1	720	1	719	0.0	1368
g4303.t1	VFG016154(gb|WP_011060591)	37.115	714	402	13	44	720	121	824	2.47e-144	442
g4303.t1	VFG016099(gb|WP_010954972)	35.234	684	417	10	56	720	136	812	5.57e-137	422
g4303.t1	VFG016098(gb|WP_011168256)	37.329	659	388	10	72	717	140	786	2.98e-135	417
g4303.t1	VFG016097(gb|WP_011267348)	37.335	683	402	12	53	720	132	803	1.28e-132	411
g4303.t1	VFG016096(gb|WP_046463309)	36.364	682	410	11	53	720	132	803	5.16e-129	401
g4303.t1	VFG016102(gb|WP_011060690)	36.614	691	396	17	56	720	149	823	1.75e-124	390
g4303.t1	VFG020085(gb|WP_012723749)	35.014	714	430	16	29	720	110	811	8.76e-123	385
g4303.t1	VFG000163(gb|NP_251088)	35.022	691	406	16	56	720	142	815	4.39e-119	376
g4303.t1	VFG016095(gb|WP_003139291)	35.022	691	406	16	56	720	142	815	4.48e-119	376
g4303.t1	VFG015831(gb|WP_012270408)	34.833	689	409	17	56	720	142	814	5.47e-118	373
g4303.t1	VFG044124(gb|WP_010930941)	34.008	741	433	22	16	720	14	734	1.31e-109	348
g4303.t1	VFG016100(gb|WP_012052858)	34.358	716	420	19	37	720	106	803	3.22e-107	344
g4303.t1	VFG016101(gb|WP_011533729)	33.939	716	423	18	37	720	106	803	1.25e-104	337
g4303.t1	VFG016103(gb|WP_011333998)	32.450	755	437	21	18	716	7	744	3.64e-99	322
g4303.t1	VFG020082(gb|WP_025208403)	32.486	708	421	17	48	716	101	790	3.71e-99	323
g4303.t1	VFG016104(gb|WP_041773008)	32.173	718	441	22	17	716	3	692	2.38e-98	318
g4303.t1	VFG016094(gb|WP_012075666)	24.059	744	484	24	25	716	90	804	1.20e-34	141
g4303.t1	VFG044178(gb|WP_005477483)	24.462	744	439	26	24	715	1	673	1.45e-29	124
g4303.t1	VFG044319(gb|WP_006486047)	24.783	690	459	28	48	701	72	737	5.11e-23	104
g4303.t1	VFG044365(gb|WP_013318789)	22.973	740	495	23	3	697	4	713	7.86e-19	91.3
g4303.t1	VFG037357(gb|WP_001016285)	23.602	644	407	26	121	720	165	767	5.77e-17	85.1
g4303.t1	VFG037356(gb|WP_001016286)	23.602	644	407	26	121	720	165	767	6.23e-17	85.1
g4303.t1	VFG037364(gb|WP_043961076)	23.256	645	408	26	121	720	164	766	5.97e-15	78.6
g4303.t1	VFG044375(gb|AAL65282)	25.597	293	191	9	438	716	386	665	1.92e-11	67.4
g4303.t1	VFG044375(gb|AAL65282)	25.616	203	118	5	18	211	15	193	1.02e-08	58.5
g4303.t1	VFG044223(gb|WP_011533696)	23.780	635	402	26	121	715	143	735	4.68e-09	59.7
g4303.t1	VFG044200(gb|WP_011267792)	22.488	627	380	23	121	696	204	775	2.34e-08	57.4
g4303.t1	VFG037355(gb|WP_001073031)	21.553	631	430	24	121	720	164	760	1.06e-07	55.5
g4303.t1	VFG037358(gb|WP_001073030)	21.553	631	430	24	121	720	164	760	1.11e-07	55.1
g4303.t1	VFG044394(gb|AAF33135)	29.944	177	108	7	522	693	495	660	1.51e-07	54.7
g4303.t1	VFG044177(gb|WP_005460644)	27.647	170	109	6	25	181	15	183	5.74e-07	52.8
g4303.t1	VFG044341(gb|WP_004160310)	31.319	182	105	9	469	645	460	626	1.19e-06	52.0
g1123.t1	VFG044124(gb|WP_010930941)	37.739	681	397	12	58	724	67	734	1.49e-146	445
g1123.t1	VFG016101(gb|WP_011533729)	38.248	719	391	16	35	724	109	803	2.92e-140	431
g1123.t1	VFG016100(gb|WP_012052858)	38.406	690	379	14	58	724	137	803	6.85e-140	430
g1123.t1	VFG015831(gb|WP_012270408)	35.819	684	406	16	58	724	147	814	5.69e-136	420
g1123.t1	VFG016104(gb|WP_041773008)	35.076	727	432	10	6	724	2	696	3.14e-135	414
g1123.t1	VFG020085(gb|WP_012723749)	36.858	681	403	16	58	724	144	811	2.55e-131	408
g1123.t1	VFG016102(gb|WP_011060690)	34.910	719	415	18	33	724	131	823	8.62e-129	402
g1123.t1	VFG016103(gb|WP_011333998)	34.309	752	426	16	17	724	21	748	9.00e-126	391
g1123.t1	VFG000163(gb|NP_251088)	34.493	690	422	15	51	724	140	815	3.78e-124	389
g1123.t1	VFG016095(gb|WP_003139291)	34.493	690	422	15	51	724	140	815	5.19e-124	389
g1123.t1	VFG016099(gb|WP_010954972)	34.950	701	393	21	58	724	141	812	3.97e-116	368
g1123.t1	VFG016098(gb|WP_011168256)	34.577	697	390	20	58	724	129	789	9.25e-113	358
g1123.t1	VFG016152(gb|WP_034000074)	33.036	672	410	18	68	722	71	719	3.59e-100	323
g1123.t1	VFG000164(gb|NP_252911)	32.244	673	415	19	68	722	71	720	8.08e-96	312
g1123.t1	VFG020096(gb|WP_003118950)	32.244	673	415	19	68	722	71	720	1.01e-95	311
g1123.t1	VFG016096(gb|WP_046463309)	32.153	678	416	17	68	724	149	803	4.78e-94	309
g1123.t1	VFG016097(gb|WP_011267348)	30.904	686	414	18	68	724	149	803	1.38e-91	303
g1123.t1	VFG020082(gb|WP_025208403)	31.424	681	415	20	74	724	136	794	1.27e-90	300
g1123.t1	VFG016154(gb|WP_011060591)	31.079	695	405	24	74	724	160	824	5.60e-84	283
g1123.t1	VFG044178(gb|WP_005477483)	23.419	743	466	27	15	724	6	678	2.82e-27	117
g1123.t1	VFG016094(gb|WP_012075666)	23.762	707	466	25	58	722	131	806	5.48e-26	114
g1123.t1	VFG044412(gb|AAR12527)	23.413	709	420	29	75	724	82	726	5.90e-15	78.6
g1123.t1	VFG044319(gb|WP_006486047)	23.044	703	463	32	61	724	92	755	1.32e-13	74.3
g1123.t1	VFG044394(gb|AAF33135)	21.701	788	443	35	8	724	3	687	1.36e-13	74.3
g1123.t1	VFG044365(gb|WP_013318789)	27.465	284	169	10	463	722	463	733	7.16e-13	72.0
g1123.t1	VFG044365(gb|WP_013318789)	26.596	188	127	5	6	189	16	196	2.83e-09	60.5
g1123.t1	VFG037362(gb|WP_020753359)	27.541	305	171	13	452	724	489	775	2.07e-10	63.9
g1123.t1	VFG044341(gb|WP_004160310)	26.481	287	172	11	460	724	436	705	3.75e-10	63.2
g1123.t1	VFG044341(gb|WP_004160310)	26.744	172	114	6	12	176	3	169	1.01e-07	55.5
g1123.t1	VFG037359(gb|YP_001085406)	27.213	305	172	13	452	724	448	734	8.45e-10	62.0
g1123.t1	VFG044223(gb|WP_011533696)	25.552	317	192	12	435	724	441	740	2.05e-09	60.8
g1123.t1	VFG037357(gb|WP_001016285)	21.924	707	436	29	75	724	120	767	6.32e-08	56.2
g1123.t1	VFG037356(gb|WP_001016286)	21.924	707	436	29	75	724	120	767	1.08e-07	55.5
g1123.t1	VFG044200(gb|WP_011267792)	24.830	294	173	13	460	724	528	802	1.18e-07	55.1
g1123.t1	VFG044284(gb|WP_012367519)	23.053	321	192	13	435	724	407	703	8.27e-06	49.3
