g1091.t1	VFG043020(gb|NP_460143)	100.000	97	0	0	1	97	1	97	4.37e-66	193
g1091.t1	VFG023684(gb|WP_005160467)	60.606	99	35	2	1	96	1	98	4.70e-32	107
g1091.t1	VFG002353(gb|WP_005168786)	59.596	99	36	2	1	96	1	98	1.27e-31	106
g1091.t1	VFG002682(gb|WP_002211108)	58.586	99	37	2	2	97	3	100	1.32e-31	106
g1091.t1	VFG025589(gb|WP_009893450)	43.478	46	26	0	50	95	61	106	4.86e-08	47.0
g1091.t1	VFG025579(gb|WP_006483180)	33.981	103	59	4	1	95	1	102	1.82e-07	45.4
g1091.t1	VFG011268(gb|WP_012417355)	38.095	84	49	2	10	91	9	91	5.49e-07	43.9
g1091.t1	VFG002506(gb|WP_004200257)	41.304	46	27	0	50	95	61	106	5.80e-07	43.9
g1091.t1	VFG025580(gb|WP_006477558)	32.353	102	62	3	1	95	1	102	3.68e-06	42.0
g1091.t1	VFG025577(gb|WP_011546419)	32.353	102	62	3	1	95	1	102	3.95e-06	42.0
