g242.t1	VFG048954(gb|WP_014838958)	48.523	474	236	4	4	473	6	475	1.78e-152	442
g242.t1	VFG048955(gb|WP_014230071)	48.000	475	239	4	4	473	6	477	1.93e-151	440
g242.t1	VFG048821(gb|WP_012967584)	46.624	474	245	4	4	473	6	475	3.05e-146	426
g242.t1	VFG048989(gb|WP_015958714)	46.835	474	244	4	4	473	6	475	9.97e-146	425
g242.t1	VFG048969(gb|YP_005227870)	46.624	474	245	4	4	473	6	475	1.83e-145	424
g242.t1	VFG048938(gb|WP_004899441)	45.781	474	249	4	4	473	6	475	2.23e-144	422
g242.t1	VFG048816(gb|WP_020956625)	46.105	475	248	4	4	473	6	477	2.36e-144	422
g242.t1	VFG048980(gb|WP_041937790)	46.203	474	247	4	4	473	6	475	7.96e-144	420
g242.t1	VFG048798(gb|WP_004144169)	45.895	475	249	4	4	473	6	477	1.39e-143	420
g242.t1	VFG048825(gb|WP_012541077)	45.781	474	249	4	4	473	6	475	6.62e-143	418
g242.t1	VFG048956(gb|WP_041168938)	45.992	474	248	4	4	473	6	475	1.22e-142	417
