g940.t1	VFG032494(gb|WP_012985983)	34.932	146	75	4	13	148	6	141	1.33e-17	75.5
g940.t1	VFG002161(gb|NP_465369)	34.932	146	75	4	13	148	6	141	1.93e-17	74.7
g940.t1	VFG006813(gb|WP_011702633)	34.932	146	75	4	13	148	6	141	2.19e-17	74.7
g940.t1	VFG032493(gb|WP_014093186)	33.562	146	77	4	13	148	6	141	4.22e-17	73.9
g940.t1	VFG006812(gb|WP_003729506)	34.247	146	76	4	13	148	6	141	4.85e-17	73.9
g940.t1	VFG006811(gb|WP_003726602)	34.247	146	76	4	13	148	6	141	5.22e-17	73.6
g1529.t1	VFG032494(gb|WP_012985983)	34.247	146	76	4	39	174	6	141	2.76e-18	77.8
g1529.t1	VFG002161(gb|NP_465369)	34.247	146	76	4	39	174	6	141	4.08e-18	77.4
g1529.t1	VFG032493(gb|WP_014093186)	33.562	146	77	4	39	174	6	141	8.99e-18	76.6
g1529.t1	VFG006813(gb|WP_011702633)	34.247	146	76	4	39	174	6	141	9.48e-18	76.3
g1529.t1	VFG006811(gb|WP_003726602)	33.562	146	77	4	39	174	6	141	1.20e-17	76.3
g1529.t1	VFG006812(gb|WP_003729506)	33.562	146	77	4	39	174	6	141	1.31e-17	75.9
g4645.t1	VFG006813(gb|WP_011702633)	36.842	152	91	2	15	166	6	152	3.52e-25	94.7
g4645.t1	VFG006812(gb|WP_003729506)	36.842	152	91	2	15	166	6	152	1.16e-24	93.2
g4645.t1	VFG006811(gb|WP_003726602)	37.500	152	90	2	15	166	6	152	1.37e-24	93.2
g4645.t1	VFG032494(gb|WP_012985983)	36.184	152	92	2	15	166	6	152	1.93e-24	92.8
g4645.t1	VFG032493(gb|WP_014093186)	35.526	152	93	2	15	166	6	152	2.78e-24	92.4
g4645.t1	VFG002161(gb|NP_465369)	36.842	152	91	2	15	166	6	152	3.13e-24	92.0
g45.t1	VFG006812(gb|WP_003729506)	31.788	151	96	3	15	163	6	151	6.95e-18	75.9
g45.t1	VFG006811(gb|WP_003726602)	31.788	151	96	3	15	163	6	151	8.07e-18	75.5
g45.t1	VFG032494(gb|WP_012985983)	31.126	151	97	3	15	163	6	151	1.43e-17	74.7
g45.t1	VFG002161(gb|NP_465369)	31.126	151	97	3	15	163	6	151	1.81e-17	74.7
g45.t1	VFG032493(gb|WP_014093186)	30.464	151	98	3	15	163	6	151	1.87e-17	74.7
g45.t1	VFG006813(gb|WP_011702633)	31.126	151	97	3	15	163	6	151	3.05e-17	73.9
