g1432.t1	VFG009595(gb|WP_014878246)	25.915	328	186	12	48	368	141	418	3.24e-09	60.5
g1432.t1	VFG024074(gb|WP_013471101)	25.079	315	182	10	68	378	160	424	4.12e-08	57.0
g1432.t1	VFG026755(gb|WP_015292733)	24.471	331	187	13	52	378	151	422	7.23e-08	56.2
g1432.t1	VFG026753(gb|WP_015302870)	24.471	331	187	13	52	378	151	422	7.35e-08	56.2
g1432.t1	VFG026754(gb|WP_015289619)	24.773	331	186	12	52	378	151	422	7.54e-08	56.2
g1432.t1	VFG009591(gb|WP_010950499)	24.471	331	187	13	52	378	151	422	8.21e-08	55.8
g1432.t1	VFG022795(gb|WP_014000644)	24.471	331	187	13	52	378	151	422	8.42e-08	55.8
g1432.t1	VFG017469(gb|WP_012054262)	24.471	331	187	13	52	378	151	422	8.79e-08	55.8
g1432.t1	VFG001391(gb|NP_215677)	24.471	331	187	13	52	378	151	422	8.94e-08	55.8
g1432.t1	VFG009596(gb|WP_011893044)	24.189	339	199	11	48	378	136	424	1.81e-07	55.1
g1432.t1	VFG022798(gb|WP_013828091)	26.891	238	139	9	52	287	155	359	2.03e-07	54.7
g1432.t1	VFG009597(gb|WP_011781698)	25.203	246	152	9	48	287	136	355	5.43e-07	53.1
g1432.t1	VFG009598(gb|WP_011854954)	24.024	333	195	12	48	374	136	416	2.13e-06	51.2
g1432.t1	VFG009599(gb|WP_011558674)	26.267	217	131	7	48	260	136	327	5.92e-06	50.1
g569.t1	VFG026754(gb|WP_015289619)	25.161	310	162	9	50	307	54	345	3.49e-15	80.1
g569.t1	VFG026755(gb|WP_015292733)	24.437	311	163	10	50	307	54	345	3.68e-15	79.7
g569.t1	VFG017469(gb|WP_012054262)	24.839	310	163	9	50	307	54	345	4.96e-15	79.3
g569.t1	VFG001391(gb|NP_215677)	24.839	310	163	9	50	307	54	345	5.09e-15	79.3
g569.t1	VFG009591(gb|WP_010950499)	23.962	313	166	10	50	309	54	347	5.13e-15	79.3
g569.t1	VFG026753(gb|WP_015302870)	24.116	311	164	10	50	307	54	345	5.73e-15	79.3
g569.t1	VFG022795(gb|WP_014000644)	24.839	310	163	9	50	307	54	345	6.52e-15	79.0
g569.t1	VFG022798(gb|WP_013828091)	23.642	313	167	8	50	309	58	351	2.81e-14	77.0
g569.t1	VFG024074(gb|WP_013471101)	22.468	316	179	6	50	315	54	353	5.85e-14	75.9
g569.t1	VFG009595(gb|WP_014878246)	24.214	318	171	11	50	315	59	358	1.44e-13	74.7
g569.t1	VFG009596(gb|WP_011893044)	22.468	316	179	6	50	315	54	353	4.58e-13	73.2
g569.t1	VFG009594(gb|WP_011724062)	24.679	312	161	8	50	307	54	345	1.14e-12	71.6
g569.t1	VFG009593(gb|WP_010949671)	24.679	312	161	8	50	307	54	345	1.20e-12	71.6
g569.t1	VFG026770(gb|WP_015632606)	24.679	312	161	8	50	307	54	345	1.26e-12	71.6
g569.t1	VFG024077(gb|WP_009952353)	23.103	290	159	6	50	286	54	332	2.84e-12	70.5
g569.t1	VFG024075(gb|WP_043954563)	23.103	290	159	6	50	286	54	332	2.89e-12	70.5
g569.t1	VFG024076(gb|WP_014711059)	23.103	290	159	6	50	286	54	332	3.02e-12	70.5
g569.t1	VFG024078(gb|WP_041784829)	23.264	288	157	6	50	284	54	330	4.10e-12	70.1
g569.t1	VFG009597(gb|WP_011781698)	23.270	318	174	9	50	315	54	353	4.10e-12	70.1
g569.t1	VFG009599(gb|WP_011558674)	22.642	318	176	8	50	315	54	353	5.34e-12	69.7
g569.t1	VFG009598(gb|WP_011854954)	22.642	318	176	8	50	315	54	353	9.22e-12	68.9
g899.t1	VFG024074(gb|WP_013471101)	25.723	311	172	11	56	324	53	346	2.30e-18	90.5
g899.t1	VFG009596(gb|WP_011893044)	25.723	311	172	12	56	324	53	346	1.84e-17	87.4
g899.t1	VFG026754(gb|WP_015289619)	25.776	322	180	12	56	335	53	357	1.62e-16	84.3
g899.t1	VFG026755(gb|WP_015292733)	25.776	322	180	12	56	335	53	357	1.77e-16	84.3
g899.t1	VFG026753(gb|WP_015302870)	25.466	322	181	12	56	335	53	357	2.73e-16	83.6
g899.t1	VFG017469(gb|WP_012054262)	25.466	322	181	12	56	335	53	357	2.83e-16	83.6
g899.t1	VFG001391(gb|NP_215677)	25.466	322	181	12	56	335	53	357	3.00e-16	83.6
g899.t1	VFG009595(gb|WP_014878246)	24.638	345	199	12	56	358	58	383	3.03e-16	83.6
g899.t1	VFG009591(gb|WP_010950499)	25.466	322	181	12	56	335	53	357	3.10e-16	83.6
g899.t1	VFG022795(gb|WP_014000644)	25.466	322	181	12	56	335	53	357	3.13e-16	83.6
g899.t1	VFG022798(gb|WP_013828091)	25.243	309	176	11	56	324	57	350	7.69e-16	82.4
g899.t1	VFG009597(gb|WP_011781698)	25.080	311	174	12	56	324	53	346	1.02e-15	82.0
g899.t1	VFG026770(gb|WP_015632606)	25.080	311	174	12	56	324	53	346	3.62e-15	80.1
g899.t1	VFG009594(gb|WP_011724062)	25.080	311	174	12	56	324	53	346	3.65e-15	80.1
g899.t1	VFG009593(gb|WP_010949671)	25.080	311	174	12	56	324	53	346	3.65e-15	80.1
g899.t1	VFG009599(gb|WP_011558674)	25.080	311	174	11	56	324	53	346	9.17e-15	78.6
g899.t1	VFG024076(gb|WP_014711059)	24.759	311	175	12	56	324	53	346	9.58e-15	78.6
g899.t1	VFG024075(gb|WP_043954563)	24.759	311	175	12	56	324	53	346	1.01e-14	78.6
g899.t1	VFG024077(gb|WP_009952353)	24.759	311	175	12	56	324	53	346	1.10e-14	78.6
g899.t1	VFG009598(gb|WP_011854954)	25.080	311	174	11	56	324	53	346	1.15e-14	78.6
g899.t1	VFG024078(gb|WP_041784829)	24.759	311	175	12	56	324	53	346	1.64e-14	77.8
g1392.t1	VFG024074(gb|WP_013471101)	25.733	307	176	12	47	312	53	348	9.38e-17	85.1
g1392.t1	VFG009596(gb|WP_011893044)	25.081	307	178	11	47	312	53	348	5.94e-16	82.4
g1392.t1	VFG009595(gb|WP_014878246)	22.983	409	232	14	47	414	58	424	1.20e-15	81.6
g1392.t1	VFG009597(gb|WP_011781698)	25.407	307	177	12	47	312	53	348	3.24e-15	80.1
g1392.t1	VFG009593(gb|WP_010949671)	26.059	307	175	12	47	312	53	348	9.50e-15	78.6
g1392.t1	VFG026770(gb|WP_015632606)	26.059	307	175	12	47	312	53	348	9.74e-15	78.6
g1392.t1	VFG009594(gb|WP_011724062)	26.059	307	175	12	47	312	53	348	9.83e-15	78.6
g1392.t1	VFG026754(gb|WP_015289619)	26.384	307	174	12	47	312	53	348	1.27e-14	78.2
g1392.t1	VFG026755(gb|WP_015292733)	26.384	307	174	12	47	312	53	348	1.44e-14	78.2
g1392.t1	VFG009599(gb|WP_011558674)	24.837	306	180	11	47	312	53	348	1.94e-14	77.8
g1392.t1	VFG022795(gb|WP_014000644)	26.059	307	175	12	47	312	53	348	2.23e-14	77.4
g1392.t1	VFG017469(gb|WP_012054262)	26.059	307	175	12	47	312	53	348	2.33e-14	77.4
g1392.t1	VFG026753(gb|WP_015302870)	26.059	307	175	12	47	312	53	348	2.47e-14	77.4
g1392.t1	VFG001391(gb|NP_215677)	26.059	307	175	12	47	312	53	348	2.47e-14	77.4
g1392.t1	VFG009591(gb|WP_010950499)	26.059	307	175	12	47	312	53	348	2.56e-14	77.4
g1392.t1	VFG009598(gb|WP_011854954)	24.837	306	180	11	47	312	53	348	2.73e-14	77.0
g1392.t1	VFG022798(gb|WP_013828091)	25.081	307	178	12	47	312	57	352	3.70e-14	76.6
g1392.t1	VFG024076(gb|WP_014711059)	25.733	307	176	12	47	312	53	348	4.61e-14	76.3
g1392.t1	VFG024075(gb|WP_043954563)	25.081	307	178	11	47	312	53	348	4.73e-14	76.3
g1392.t1	VFG024077(gb|WP_009952353)	25.081	307	178	11	47	312	53	348	5.06e-14	76.3
g1392.t1	VFG024078(gb|WP_041784829)	25.081	307	178	11	47	312	53	348	7.18e-14	75.9
g1393.t1	VFG024074(gb|WP_013471101)	26.045	311	176	12	49	318	49	346	1.18e-18	91.3
g1393.t1	VFG009596(gb|WP_011893044)	25.723	311	177	11	49	318	49	346	3.28e-18	90.1
g1393.t1	VFG009597(gb|WP_011781698)	25.316	316	172	12	49	318	49	346	1.35e-16	84.7
g1393.t1	VFG009599(gb|WP_011558674)	25.633	316	171	12	49	318	49	346	1.37e-16	84.7
g1393.t1	VFG026754(gb|WP_015289619)	26.899	316	167	13	49	318	49	346	1.42e-16	84.7
g1393.t1	VFG026755(gb|WP_015292733)	26.899	316	167	13	49	318	49	346	1.76e-16	84.3
g1393.t1	VFG009591(gb|WP_010950499)	26.582	316	168	13	49	318	49	346	1.93e-16	84.3
g1393.t1	VFG017469(gb|WP_012054262)	26.582	316	168	13	49	318	49	346	2.03e-16	84.0
g1393.t1	VFG001391(gb|NP_215677)	26.582	316	168	13	49	318	49	346	2.10e-16	84.0
g1393.t1	VFG022795(gb|WP_014000644)	26.582	316	168	13	49	318	49	346	2.31e-16	84.0
g1393.t1	VFG026753(gb|WP_015302870)	26.582	316	168	13	49	318	49	346	2.54e-16	84.0
g1393.t1	VFG009598(gb|WP_011854954)	25.633	316	171	12	49	318	49	346	2.65e-16	83.6
g1393.t1	VFG026770(gb|WP_015632606)	25.496	353	189	14	49	347	49	381	7.89e-16	82.0
g1393.t1	VFG009593(gb|WP_010949671)	25.496	353	189	14	49	347	49	381	8.17e-16	82.0
g1393.t1	VFG009594(gb|WP_011724062)	25.633	316	171	12	49	318	49	346	1.17e-15	81.6
g1393.t1	VFG009595(gb|WP_014878246)	25.080	311	169	13	49	313	54	346	2.26e-15	80.9
g1393.t1	VFG024076(gb|WP_014711059)	25.316	316	172	12	49	318	49	346	3.37e-15	80.1
g1393.t1	VFG024075(gb|WP_043954563)	25.316	316	172	12	49	318	49	346	3.40e-15	80.1
g1393.t1	VFG024077(gb|WP_009952353)	25.316	316	172	12	49	318	49	346	3.55e-15	80.1
g1393.t1	VFG024078(gb|WP_041784829)	25.316	316	172	12	49	318	49	346	4.86e-15	79.7
g1393.t1	VFG022798(gb|WP_013828091)	25.000	316	173	13	49	318	53	350	7.53e-15	79.0
g1929.t1	VFG022798(gb|WP_013828091)	23.132	281	164	7	51	281	72	350	4.56e-07	53.5
g1929.t1	VFG026754(gb|WP_015289619)	23.129	294	148	9	51	281	68	346	1.51e-06	52.0
g1929.t1	VFG026755(gb|WP_015292733)	23.129	294	148	9	51	281	68	346	1.79e-06	51.6
g1929.t1	VFG026753(gb|WP_015302870)	22.789	294	149	9	51	281	68	346	2.43e-06	51.2
g1929.t1	VFG009591(gb|WP_010950499)	22.789	294	149	9	51	281	68	346	2.54e-06	51.2
g1929.t1	VFG001391(gb|NP_215677)	22.789	294	149	9	51	281	68	346	2.63e-06	51.2
g1929.t1	VFG017469(gb|WP_012054262)	22.789	294	149	9	51	281	68	346	2.67e-06	51.2
g1929.t1	VFG022795(gb|WP_014000644)	22.449	294	150	8	51	281	68	346	2.72e-06	51.2
g1929.t1	VFG024074(gb|WP_013471101)	22.378	286	176	7	51	291	68	352	3.14e-06	50.8
g1929.t1	VFG009593(gb|WP_010949671)	23.308	266	150	7	51	268	68	327	8.27e-06	49.3
g1929.t1	VFG026770(gb|WP_015632606)	23.308	266	150	7	51	268	68	327	8.63e-06	49.3
g1929.t1	VFG009594(gb|WP_011724062)	23.308	266	150	7	51	268	68	327	8.63e-06	49.3
g1929.t1	VFG009595(gb|WP_014878246)	21.843	293	151	9	51	280	73	350	9.74e-06	49.3
g2360.t1	VFG024074(gb|WP_013471101)	26.502	283	162	8	53	296	53	328	4.22e-20	95.9
g2360.t1	VFG009597(gb|WP_011781698)	25.784	287	167	7	53	300	53	332	1.11e-19	94.7
g2360.t1	VFG009595(gb|WP_014878246)	25.887	282	163	7	53	295	58	332	1.22e-19	94.4
g2360.t1	VFG009596(gb|WP_011893044)	26.148	283	163	8	53	296	53	328	2.28e-19	93.6
g2360.t1	VFG009599(gb|WP_011558674)	26.333	300	169	9	53	313	53	339	6.20e-19	92.0
g2360.t1	VFG009598(gb|WP_011854954)	26.000	300	170	9	53	313	53	339	1.34e-18	91.3
g2360.t1	VFG022798(gb|WP_013828091)	25.559	313	177	9	32	295	26	331	1.44e-18	90.9
g2360.t1	VFG026755(gb|WP_015292733)	25.887	282	163	8	53	295	53	327	4.12e-18	89.7
g2360.t1	VFG026754(gb|WP_015289619)	25.887	282	163	8	53	295	53	327	4.37e-18	89.4
g2360.t1	VFG026753(gb|WP_015302870)	25.532	282	164	8	53	295	53	327	6.05e-18	89.0
g2360.t1	VFG017469(gb|WP_012054262)	25.532	282	164	8	53	295	53	327	6.48e-18	89.0
g2360.t1	VFG009591(gb|WP_010950499)	25.532	282	164	8	53	295	53	327	6.48e-18	89.0
g2360.t1	VFG001391(gb|NP_215677)	25.532	282	164	8	53	295	53	327	6.53e-18	89.0
g2360.t1	VFG022795(gb|WP_014000644)	25.532	282	164	8	53	295	53	327	6.93e-18	89.0
g2360.t1	VFG009593(gb|WP_010949671)	25.559	313	177	8	32	295	22	327	1.52e-17	87.8
g2360.t1	VFG026770(gb|WP_015632606)	25.559	313	177	8	32	295	22	327	1.71e-17	87.4
g2360.t1	VFG009594(gb|WP_011724062)	25.559	313	177	8	32	295	22	327	1.72e-17	87.4
g2360.t1	VFG024075(gb|WP_043954563)	25.240	313	178	8	32	295	22	327	2.61e-17	87.0
g2360.t1	VFG024077(gb|WP_009952353)	25.240	313	178	8	32	295	22	327	2.70e-17	87.0
g2360.t1	VFG024076(gb|WP_014711059)	25.240	313	178	8	32	295	22	327	2.77e-17	87.0
g2360.t1	VFG024078(gb|WP_041784829)	25.240	313	178	8	32	295	22	327	2.82e-17	86.7
g3405.t1	VFG026755(gb|WP_015292733)	24.786	234	127	9	52	258	114	325	4.55e-07	53.5
g3405.t1	VFG026754(gb|WP_015289619)	24.786	234	127	9	52	258	114	325	5.04e-07	53.5
g3405.t1	VFG009595(gb|WP_014878246)	24.473	237	130	9	51	260	118	332	5.59e-07	53.1
g3405.t1	VFG022795(gb|WP_014000644)	24.153	236	130	9	52	260	114	327	7.71e-07	52.8
g3405.t1	VFG026753(gb|WP_015302870)	24.359	234	128	9	52	258	114	325	7.91e-07	52.8
g3405.t1	VFG009591(gb|WP_010950499)	24.359	234	128	9	52	258	114	325	8.12e-07	52.8
g3405.t1	VFG001391(gb|NP_215677)	24.359	234	128	9	52	258	114	325	8.33e-07	52.8
g3405.t1	VFG017469(gb|WP_012054262)	24.359	234	128	9	52	258	114	325	8.61e-07	52.8
g3405.t1	VFG022798(gb|WP_013828091)	24.906	265	138	12	52	287	118	350	3.48e-06	50.8
g3405.t1	VFG024074(gb|WP_013471101)	26.178	191	115	8	74	260	160	328	5.18e-06	50.1
g3405.t1	VFG009599(gb|WP_011558674)	24.883	213	127	9	78	287	164	346	9.71e-06	49.3
g3579.t1	VFG026753(gb|WP_015302870)	37.037	81	47	2	495	575	755	831	1.14e-07	55.8
g3579.t1	VFG026754(gb|WP_015289619)	37.037	81	47	2	495	575	755	831	1.20e-07	55.8
g3579.t1	VFG026755(gb|WP_015292733)	37.037	81	47	2	495	575	755	831	1.23e-07	55.5
g3579.t1	VFG009595(gb|WP_014878246)	37.662	77	46	1	503	579	762	836	2.70e-07	54.7
g3579.t1	VFG017469(gb|WP_012054262)	35.616	73	45	1	503	575	761	831	2.86e-07	54.3
g3579.t1	VFG001391(gb|NP_215677)	35.616	73	45	1	503	575	761	831	2.91e-07	54.3
g3579.t1	VFG026759(gb|YP_007961077)	35.616	73	45	1	503	575	484	554	3.24e-07	54.3
g3579.t1	VFG022795(gb|WP_014000644)	35.616	73	45	1	503	575	761	831	4.05e-07	53.9
g3579.t1	VFG009599(gb|WP_011558674)	35.616	73	45	1	503	575	756	826	4.12e-07	53.9
g3579.t1	VFG009598(gb|WP_011854954)	35.616	73	45	1	503	575	756	826	4.48e-07	53.9
g3579.t1	VFG022798(gb|WP_013828091)	35.802	81	48	2	495	575	762	838	5.28e-07	53.5
g3579.t1	VFG024076(gb|WP_014711059)	35.526	76	47	1	503	578	761	834	6.52e-07	53.1
g3579.t1	VFG024078(gb|WP_041784829)	35.526	76	47	1	503	578	761	834	6.69e-07	53.1
g3579.t1	VFG024077(gb|WP_009952353)	35.526	76	47	1	503	578	761	834	6.80e-07	53.1
g3579.t1	VFG024075(gb|WP_043954563)	35.526	76	47	1	503	578	761	834	7.04e-07	53.1
g3579.t1	VFG009597(gb|WP_011781698)	34.247	73	46	1	503	575	762	832	1.12e-06	52.4
g3579.t1	VFG009594(gb|WP_011724062)	35.526	76	47	1	503	578	759	832	1.30e-06	52.4
g3579.t1	VFG009593(gb|WP_010949671)	35.526	76	47	1	503	578	758	831	1.31e-06	52.4
g3579.t1	VFG026770(gb|WP_015632606)	35.526	76	47	1	503	578	758	831	1.36e-06	52.4
g3579.t1	VFG009596(gb|WP_011893044)	35.616	73	45	1	503	575	761	831	1.52e-06	52.0
g3579.t1	VFG024074(gb|WP_013471101)	35.616	73	45	1	503	575	761	831	1.67e-06	52.0
g3579.t1	VFG009591(gb|WP_010950499)	34.247	73	46	1	503	575	761	831	2.07e-06	51.6
g4007.t1	VFG024074(gb|WP_013471101)	26.280	293	156	12	55	302	53	330	9.81e-14	75.5
g4007.t1	VFG022798(gb|WP_013828091)	27.835	291	148	13	55	299	57	331	2.53e-13	73.9
g4007.t1	VFG009595(gb|WP_014878246)	25.597	293	158	11	55	302	58	335	3.05e-13	73.9
g4007.t1	VFG009596(gb|WP_011893044)	25.939	293	157	12	55	302	53	330	4.07e-13	73.6
g4007.t1	VFG009597(gb|WP_011781698)	26.280	293	156	12	55	302	53	330	4.29e-13	73.2
g4007.t1	VFG026755(gb|WP_015292733)	26.552	290	153	12	55	299	53	327	1.82e-12	71.2
g4007.t1	VFG026754(gb|WP_015289619)	26.552	290	153	12	55	299	53	327	2.24e-12	70.9
g4007.t1	VFG026753(gb|WP_015302870)	26.207	290	154	12	55	299	53	327	2.79e-12	70.5
g4007.t1	VFG001391(gb|NP_215677)	26.207	290	154	12	55	299	53	327	2.84e-12	70.5
g4007.t1	VFG017469(gb|WP_012054262)	26.207	290	154	12	55	299	53	327	2.92e-12	70.5
g4007.t1	VFG009591(gb|WP_010950499)	26.207	290	154	12	55	299	53	327	2.94e-12	70.5
g4007.t1	VFG022795(gb|WP_014000644)	26.207	290	154	12	55	299	53	327	3.09e-12	70.5
g4007.t1	VFG009599(gb|WP_011558674)	25.850	294	156	13	55	302	53	330	4.98e-12	69.7
g4007.t1	VFG009598(gb|WP_011854954)	25.850	294	156	13	55	302	53	330	7.06e-12	69.3
g4007.t1	VFG009594(gb|WP_011724062)	26.207	290	154	12	55	299	53	327	7.22e-11	66.2
g4007.t1	VFG009593(gb|WP_010949671)	26.207	290	154	12	55	299	53	327	7.22e-11	66.2
g4007.t1	VFG026770(gb|WP_015632606)	26.207	290	154	12	55	299	53	327	7.86e-11	65.9
g4007.t1	VFG024076(gb|WP_014711059)	25.407	307	167	13	55	316	53	342	8.35e-11	65.9
g4007.t1	VFG024075(gb|WP_043954563)	25.407	307	167	13	55	316	53	342	8.35e-11	65.9
g4007.t1	VFG024077(gb|WP_009952353)	25.407	307	167	13	55	316	53	342	8.42e-11	65.9
g4007.t1	VFG024078(gb|WP_041784829)	25.862	290	155	12	55	299	53	327	9.57e-11	65.9
