g329.t1	VFG011148(gb|WP_181905650)	26.862	376	237	13	20	374	31	389	1.50e-18	86.3
g329.t1	VFG000031(gb|WP_010929609)	26.133	375	241	11	20	374	31	389	2.76e-18	85.5
g329.t1	VFG049100(gb|WP_004184789)	23.592	373	253	16	9	366	10	365	5.17e-15	75.5
g329.t1	VFG046664(gb|WP_014548581)	22.043	372	253	15	8	363	12	362	6.40e-15	75.1
g329.t1	VFG050281(gb|WP_001909517)	30.734	218	138	7	154	366	149	358	7.23e-15	75.1
g329.t1	VFG046671(gb|WP_014715513)	20.588	374	251	15	12	363	13	362	3.75e-14	72.8
g329.t1	VFG011150(gb|WP_012415796)	34.211	152	94	6	221	367	236	386	1.59e-13	71.2
g329.t1	VFG046672(gb|WP_013922874)	21.867	375	255	15	15	369	16	372	5.45e-13	69.3
g329.t1	VFG011510(gb|WP_002964609)	28.032	371	199	17	16	363	25	350	1.11e-12	68.6
g329.t1	VFG038034(gb|WP_000867038)	28.977	176	110	7	189	361	187	350	2.70e-12	67.0
g329.t1	VFG046667(gb|WP_014549989)	28.796	191	115	8	189	369	244	423	7.14e-12	66.2
g329.t1	VFG023794(gb|WP_013649464)	24.438	356	217	11	15	347	15	341	1.04e-11	65.5
g329.t1	VFG011474(gb|WP_006011682)	27.624	181	121	5	186	360	185	361	1.34e-11	65.1
g329.t1	VFG002224(gb|WP_002963682)	27.624	181	121	5	186	360	185	361	1.37e-11	65.1
g329.t1	VFG046656(gb|WP_011733688)	28.272	191	116	8	189	369	230	409	1.41e-11	65.5
g329.t1	VFG011471(gb|WP_002968716)	27.624	181	121	5	186	360	185	361	2.56e-11	64.3
g329.t1	VFG052336(gb|WP_011181009.1)	32.759	174	98	7	202	363	180	346	4.08e-11	63.5
g329.t1	VFG046662(gb|WP_003020697)	27.979	193	114	9	189	369	230	409	8.55e-11	62.8
g329.t1	VFG046657(gb|WP_003016713)	27.979	193	114	9	189	369	230	409	9.02e-11	62.8
g329.t1	VFG016427(gb|WP_001227282)	27.215	158	110	5	200	357	201	353	9.70e-11	62.4
g329.t1	VFG005032(gb|WP_011302066)	20.690	319	221	12	62	363	53	356	3.48e-10	60.8
g329.t1	VFG049090(gb|WP_012541099)	30.636	173	102	7	199	361	215	379	6.11e-10	60.1
g329.t1	VFG049097(gb|WP_008804110)	30.636	173	102	7	199	361	215	379	6.17e-10	60.1
g329.t1	VFG049092(gb|WP_020956646)	30.636	173	102	7	199	361	215	379	6.17e-10	60.1
g329.t1	VFG046758(gb|WP_003016699)	22.267	247	178	9	112	354	89	325	2.36e-09	58.2
g329.t1	VFG046763(gb|WP_003020711)	22.267	247	178	9	112	354	89	325	2.51e-09	58.2
g329.t1	VFG046761(gb|WP_012429561)	21.862	247	179	9	112	354	89	325	3.57e-09	57.4
g329.t1	VFG046949(gb|WP_012280773)	26.168	214	139	9	166	363	138	348	3.89e-09	57.4
g329.t1	VFG011453(gb|WP_002969456)	26.032	315	187	14	75	366	75	366	7.47e-09	56.6
g329.t1	VFG019206(gb|WP_006072322)	26.032	315	187	14	75	366	75	366	8.63e-09	56.6
g329.t1	VFG046765(gb|WP_014548568)	23.413	252	169	11	112	354	89	325	1.23e-08	55.8
g329.t1	VFG046757(gb|WP_003039922)	21.600	250	176	11	112	354	89	325	1.78e-08	55.5
g329.t1	VFG048853(gb|WP_004144164)	23.109	238	165	8	130	363	112	335	1.88e-08	55.5
g329.t1	VFG047170(gb|WP_003040369)	26.923	208	132	10	160	358	161	357	2.02e-08	55.5
g329.t1	VFG046965(gb|WP_013922832)	25.463	216	138	8	166	363	138	348	2.08e-08	55.5
g329.t1	VFG013497(gb|WP_011272754)	26.882	186	123	8	154	335	152	328	3.06e-08	54.7
g329.t1	VFG048894(gb|WP_004180517)	22.989	261	164	9	86	323	73	319	3.20e-08	54.7
g329.t1	VFG052337(gb|WP_011179636.1)	27.933	179	110	7	202	368	180	351	3.43e-08	54.7
g329.t1	VFG036146(gb|WP_014580973)	25.862	174	120	4	190	357	181	351	3.85e-08	54.3
g329.t1	VFG052338(gb|WP_012231277.1)	31.126	151	89	7	202	344	180	323	4.83e-08	54.3
g329.t1	VFG047176(gb|WP_003014978)	27.536	207	132	10	160	358	165	361	5.22e-08	53.9
g329.t1	VFG013498(gb|WP_011961862)	26.344	186	124	8	154	335	152	328	5.64e-08	53.9
g329.t1	VFG046958(gb|WP_015083810)	26.901	171	112	5	202	361	152	320	6.57e-08	53.5
g329.t1	VFG037779(gb|WP_000867100)	23.262	374	240	13	15	363	13	364	6.59e-08	53.9
g329.t1	VFG038003(gb|YP_001083156)	21.605	324	210	11	52	360	17	311	6.84e-08	53.5
g329.t1	VFG046955(gb|WP_003021532)	26.901	171	112	5	202	361	178	346	8.39e-08	53.5
g329.t1	VFG046950(gb|WP_003015190)	26.901	171	112	5	202	361	178	346	8.70e-08	53.5
g329.t1	VFG046773(gb|WP_013922879)	24.432	176	124	5	189	359	186	357	8.70e-08	53.5
g329.t1	VFG046956(gb|WP_003025748)	26.901	171	112	5	202	361	178	346	9.60e-08	53.1
g329.t1	VFG046952(gb|WP_011648659)	27.059	170	111	5	202	360	178	345	1.20e-07	52.8
g329.t1	VFG037777(gb|WP_000867091)	22.252	373	245	12	15	363	13	364	1.29e-07	52.8
g329.t1	VFG052335(gb|WP_005767487.1)	29.070	172	102	8	166	323	140	305	1.41e-07	52.8
g329.t1	VFG037775(gb|WP_000867102)	21.984	373	246	12	15	363	13	364	1.45e-07	52.8
g329.t1	VFG005970(gb|WP_011837187)	28.293	205	122	8	171	363	176	367	1.58e-07	52.8
g329.t1	VFG046772(gb|WP_014715526)	23.295	176	126	5	189	359	65	236	1.58e-07	51.6
g329.t1	VFG013496(gb|WP_005694187)	26.667	180	119	8	154	329	152	322	1.68e-07	52.4
g329.t1	VFG048887(gb|WP_077248738)	25.749	167	110	5	201	361	194	352	1.94e-07	52.4
g329.t1	VFG036152(gb|WP_013448569)	25.287	174	121	4	190	357	181	351	2.41e-07	52.0
g329.t1	VFG046953(gb|WP_012429468)	26.316	171	113	5	202	361	178	346	2.55e-07	52.0
g329.t1	VFG046960(gb|WP_014550010)	26.901	171	112	5	202	361	178	346	3.24e-07	51.6
g329.t1	VFG005968(gb|WP_000167408)	24.000	225	156	9	145	361	164	381	3.48e-07	51.6
g329.t1	VFG016426(gb|WP_011733519)	21.792	413	249	15	1	359	1	393	4.27e-07	51.2
g329.t1	VFG036149(gb|WP_014582206)	25.287	174	121	4	190	357	181	351	4.39e-07	51.2
g329.t1	VFG046948(gb|WP_003039996)	26.316	171	113	5	202	361	178	346	4.39e-07	51.2
g329.t1	VFG046957(gb|WP_014548613)	24.506	253	168	9	129	361	97	346	4.76e-07	51.2
g329.t1	VFG037786(gb|WP_000867089)	22.546	377	239	14	15	363	13	364	6.14e-07	50.8
g329.t1	VFG007688(gb|WP_005478388)	30.769	156	93	7	194	346	183	326	7.29e-07	50.4
g329.t1	VFG006114(gb|WP_002247045)	25.287	174	121	4	190	357	181	351	7.64e-07	50.4
g329.t1	VFG005904(gb|WP_011681168)	23.718	156	112	3	201	356	196	344	8.11e-07	50.4
g329.t1	VFG036141(gb|WP_002246377)	25.287	174	121	4	190	357	181	351	8.81e-07	50.4
g329.t1	VFG006117(gb|WP_003691706)	25.287	174	121	4	190	357	181	351	9.47e-07	50.1
g329.t1	VFG018761(gb|WP_012221944)	25.287	174	121	4	190	357	181	351	1.10e-06	50.1
g329.t1	VFG019787(gb|WP_003122254)	37.634	93	57	1	274	365	282	374	1.31e-06	49.7
g329.t1	VFG036142(gb|WP_014573847)	25.287	174	121	4	190	357	181	351	1.57e-06	49.3
g329.t1	VFG016430(gb|WP_000722084)	21.300	277	188	10	89	348	107	370	1.62e-06	49.7
g329.t1	VFG037783(gb|WP_000867095)	21.448	373	248	12	15	363	13	364	2.01e-06	49.3
g329.t1	VFG006116(gb|WP_002220438)	23.737	198	140	5	166	357	159	351	3.10e-06	48.5
g329.t1	VFG023796(gb|WP_172397678)	30.909	110	68	4	222	328	213	317	5.86e-06	47.8
g2574.t1	VFG050281(gb|WP_001909517)	32.692	156	101	3	181	334	172	325	2.45e-12	67.4
g2574.t1	VFG000031(gb|WP_010929609)	25.134	374	250	11	20	378	31	389	3.12e-12	67.4
g2574.t1	VFG011148(gb|WP_181905650)	24.866	374	251	11	20	378	31	389	5.33e-11	63.5
g2574.t1	VFG011150(gb|WP_012415796)	29.185	233	141	10	155	371	162	386	6.45e-11	63.2
g2574.t1	VFG036146(gb|WP_014580973)	26.923	208	125	7	166	361	159	351	1.01e-10	62.4
g2574.t1	VFG006116(gb|WP_002220438)	29.480	173	96	6	166	327	159	316	3.16e-10	60.8
g2574.t1	VFG036152(gb|WP_013448569)	26.442	208	126	7	166	361	159	351	5.43e-10	60.1
g2574.t1	VFG006117(gb|WP_003691706)	28.351	194	113	7	166	348	159	337	1.00e-09	59.3
g2574.t1	VFG036149(gb|WP_014582206)	26.442	208	126	7	166	361	159	351	1.06e-09	59.3
g2574.t1	VFG046672(gb|WP_013922874)	22.539	386	243	19	15	373	16	372	3.12e-09	57.8
g2574.t1	VFG046965(gb|WP_013922832)	25.339	221	136	10	166	367	138	348	9.45e-09	56.2
g2574.t1	VFG005032(gb|WP_011302066)	23.333	210	148	8	159	367	159	356	1.06e-08	56.2
g2574.t1	VFG038003(gb|YP_001083156)	22.259	301	191	11	76	364	42	311	1.08e-08	55.8
g2574.t1	VFG012077(gb|YP_002344520)	23.779	307	208	12	68	362	69	361	1.51e-08	55.8
g2574.t1	VFG011453(gb|WP_002969456)	27.027	259	146	15	89	323	87	326	1.73e-08	55.5
g2574.t1	VFG019206(gb|WP_006072322)	27.027	259	146	15	89	323	87	326	1.74e-08	55.5
g2574.t1	VFG046773(gb|WP_013922879)	26.667	195	119	9	173	352	171	356	1.96e-08	55.5
g2574.t1	VFG036141(gb|WP_002246377)	25.962	208	127	7	166	361	159	351	2.04e-08	55.5
g2574.t1	VFG018085(gb|WP_002866140)	23.779	307	208	12	68	362	69	361	2.08e-08	55.5
g2574.t1	VFG012079(gb|WP_002868946)	23.779	307	208	12	68	362	69	361	2.15e-08	55.5
g2574.t1	VFG049092(gb|WP_020956646)	29.143	175	106	9	199	365	215	379	2.32e-08	55.5
g2574.t1	VFG049090(gb|WP_012541099)	29.143	175	106	9	199	365	215	379	2.34e-08	55.5
g2574.t1	VFG049097(gb|WP_008804110)	29.143	175	106	9	199	365	215	379	2.36e-08	55.5
g2574.t1	VFG018761(gb|WP_012221944)	25.962	208	127	7	166	361	159	351	2.75e-08	55.1
g2574.t1	VFG006114(gb|WP_002247045)	25.962	208	127	7	166	361	159	351	3.56e-08	54.7
g2574.t1	VFG036142(gb|WP_014573847)	25.962	208	127	7	166	361	159	351	3.83e-08	54.7
g2574.t1	VFG046958(gb|WP_015083810)	26.484	219	132	10	166	365	112	320	3.94e-08	54.3
g2574.t1	VFG046950(gb|WP_003015190)	26.484	219	132	10	166	365	138	346	4.54e-08	54.3
g2574.t1	VFG046956(gb|WP_003025748)	24.427	262	165	11	127	365	95	346	4.58e-08	54.3
g2574.t1	VFG046955(gb|WP_003021532)	26.484	219	132	10	166	365	138	346	4.58e-08	54.3
g2574.t1	VFG046952(gb|WP_011648659)	26.606	218	131	10	166	364	138	345	5.99e-08	53.9
g2574.t1	VFG046949(gb|WP_012280773)	26.027	219	137	11	166	367	138	348	8.34e-08	53.5
g2574.t1	VFG017838(gb|WP_011989877)	22.039	363	253	14	15	362	14	361	1.15e-07	53.1
g2574.t1	VFG002224(gb|WP_002963682)	26.257	179	117	6	192	364	192	361	1.23e-07	53.1
g2574.t1	VFG011474(gb|WP_006011682)	26.257	179	117	6	192	364	192	361	1.25e-07	53.1
g2574.t1	VFG016426(gb|WP_011733519)	20.833	408	263	15	1	363	1	393	1.25e-07	53.1
g2574.t1	VFG023796(gb|WP_172397678)	25.393	382	224	19	15	362	2	356	1.36e-07	52.8
g2574.t1	VFG011510(gb|WP_002964609)	29.167	216	130	10	166	367	144	350	1.74e-07	52.4
g2574.t1	VFG016427(gb|WP_001227282)	24.074	162	114	5	200	361	201	353	2.22e-07	52.0
g2574.t1	VFG000242(gb|WP_002222112)	26.289	194	117	6	166	348	159	337	2.42e-07	52.0
g2574.t1	VFG011471(gb|WP_002968716)	26.257	179	117	6	192	364	192	361	2.59e-07	52.0
g2574.t1	VFG012078(gb|WP_002867211)	23.453	307	209	12	68	362	69	361	3.12e-07	51.6
g2574.t1	VFG046960(gb|WP_014550010)	26.027	219	133	10	166	365	138	346	7.13e-07	50.4
g2574.t1	VFG046948(gb|WP_003039996)	25.571	219	134	10	166	365	138	346	8.99e-07	50.4
g2574.t1	VFG046953(gb|WP_012429468)	27.273	176	109	8	202	365	178	346	1.02e-06	50.1
g2574.t1	VFG052336(gb|WP_011181009.1)	29.412	221	123	11	166	367	140	346	1.34e-06	49.7
g2574.t1	VFG019023(gb|WP_012304490)	24.510	204	133	8	166	367	151	335	3.80e-06	48.1
g2574.t1	VFG002695(gb|WP_002208591)	25.309	162	109	5	208	367	184	335	6.04e-06	47.8
g2574.t1	VFG046957(gb|WP_014548613)	26.027	219	133	12	166	365	138	346	7.16e-06	47.4
g2574.t1	VFG003401(gb|WP_011191887)	25.309	162	109	5	208	367	184	335	8.71e-06	47.0
