g4903.t1	VFG009608(gb|WP_011730341)	41.250	80	47	0	96	175	182	261	3.83e-15	75.5
g4903.t1	VFG024083(gb|WP_009952352)	33.028	109	68	1	96	199	182	290	4.91e-15	75.1
g4903.t1	VFG024082(gb|WP_008254502)	33.028	109	68	1	96	199	182	290	4.91e-15	75.1
g4903.t1	VFG024084(gb|WP_014384039)	33.028	109	68	1	96	199	182	290	5.01e-15	75.1
g4903.t1	VFG024085(gb|WP_014379423)	33.028	109	68	1	96	199	182	290	5.14e-15	75.1
g4903.t1	VFG022799(gb|WP_013988809)	33.028	109	68	1	96	199	185	293	5.16e-15	75.1
g4903.t1	VFG026777(gb|WP_015575030)	33.028	109	68	1	96	199	185	293	5.21e-15	75.1
g4903.t1	VFG001814(gb|NP_215678)	33.028	109	68	1	96	199	185	293	5.30e-15	75.1
g4903.t1	VFG024081(gb|WP_014941434)	33.028	109	68	1	96	199	182	290	5.44e-15	75.1
g4903.t1	VFG009603(gb|WP_003898749)	33.028	109	68	1	96	199	185	293	5.61e-15	75.1
g4903.t1	VFG022800(gb|WP_014000645)	33.028	109	68	1	96	199	185	293	5.66e-15	75.1
g4903.t1	VFG026784(gb|YP_005359856)	33.028	109	68	1	96	199	143	251	5.68e-15	75.1
g4903.t1	VFG009611(gb|WP_011854953)	44.444	81	43	2	96	175	182	261	5.72e-15	75.1
g4903.t1	VFG026774(gb|WP_015292734)	33.028	109	68	1	96	199	185	293	5.76e-15	75.1
g4903.t1	VFG009612(gb|WP_011558673)	44.444	81	43	2	96	175	182	261	5.93e-15	75.1
g4903.t1	VFG026772(gb|WP_015302871)	33.028	109	68	1	96	199	185	293	6.50e-15	75.1
g4903.t1	VFG009610(gb|WP_011781697)	40.000	80	48	0	96	175	182	261	7.67e-15	74.7
g4903.t1	VFG009609(gb|WP_011893045)	40.000	80	48	0	96	175	182	261	7.89e-15	74.7
g4903.t1	VFG026773(gb|WP_015289620)	33.028	109	68	1	96	199	185	293	1.06e-14	74.3
g4903.t1	VFG022803(gb|WP_041317387)	28.049	164	100	5	96	245	182	341	1.30e-14	73.9
g4903.t1	VFG009607(gb|WP_011724063)	33.028	109	68	1	96	199	182	290	1.83e-14	73.6
g4903.t1	VFG009606(gb|WP_003875456)	33.028	109	68	1	96	199	182	290	1.92e-14	73.6
g1464.t1	VFG009608(gb|WP_011730341)	36.250	80	51	0	100	179	182	261	9.31e-13	68.2
g1464.t1	VFG009609(gb|WP_011893045)	33.077	130	81	4	51	179	137	261	1.10e-12	67.8
g1464.t1	VFG009612(gb|WP_011558673)	36.250	80	51	0	100	179	182	261	1.44e-12	67.4
g1464.t1	VFG009611(gb|WP_011854953)	36.250	80	51	0	100	179	182	261	1.44e-12	67.4
g1464.t1	VFG009610(gb|WP_011781697)	36.250	80	51	0	100	179	182	261	1.56e-12	67.4
g1464.t1	VFG026774(gb|WP_015292734)	36.250	80	51	0	100	179	185	264	1.65e-12	67.4
g1464.t1	VFG026784(gb|YP_005359856)	36.250	80	51	0	100	179	143	222	1.65e-12	67.4
g1464.t1	VFG022799(gb|WP_013988809)	36.250	80	51	0	100	179	185	264	1.76e-12	67.4
g1464.t1	VFG026777(gb|WP_015575030)	36.250	80	51	0	100	179	185	264	1.77e-12	67.4
g1464.t1	VFG026772(gb|WP_015302871)	36.250	80	51	0	100	179	185	264	1.77e-12	67.4
g1464.t1	VFG001814(gb|NP_215678)	36.250	80	51	0	100	179	185	264	1.77e-12	67.4
g1464.t1	VFG022800(gb|WP_014000645)	36.250	80	51	0	100	179	185	264	1.79e-12	67.4
g1464.t1	VFG026773(gb|WP_015289620)	36.250	80	51	0	100	179	185	264	1.82e-12	67.4
g1464.t1	VFG009603(gb|WP_003898749)	36.250	80	51	0	100	179	185	264	1.84e-12	67.4
g1464.t1	VFG024085(gb|WP_014379423)	36.250	80	51	0	100	179	182	261	3.63e-12	66.2
g1464.t1	VFG024083(gb|WP_009952352)	36.250	80	51	0	100	179	182	261	3.63e-12	66.2
g1464.t1	VFG009606(gb|WP_003875456)	36.250	80	51	0	100	179	182	261	3.73e-12	66.2
g1464.t1	VFG024082(gb|WP_008254502)	36.250	80	51	0	100	179	182	261	3.73e-12	66.2
g1464.t1	VFG009607(gb|WP_011724063)	36.250	80	51	0	100	179	182	261	3.80e-12	66.2
g1464.t1	VFG024084(gb|WP_014384039)	36.250	80	51	0	100	179	182	261	3.91e-12	66.2
g1464.t1	VFG024081(gb|WP_014941434)	36.250	80	51	0	100	179	182	261	4.05e-12	66.2
g1464.t1	VFG022803(gb|WP_041317387)	32.500	80	54	0	100	179	182	261	8.37e-11	62.4
g3764.t1	VFG009608(gb|WP_011730341)	35.000	80	52	0	100	179	182	261	3.82e-12	66.2
g3764.t1	VFG009612(gb|WP_011558673)	35.000	80	52	0	100	179	182	261	5.08e-12	65.9
g3764.t1	VFG009611(gb|WP_011854953)	35.000	80	52	0	100	179	182	261	5.62e-12	65.9
g3764.t1	VFG009609(gb|WP_011893045)	35.000	80	52	0	100	179	182	261	5.94e-12	65.9
g3764.t1	VFG009610(gb|WP_011781697)	35.000	80	52	0	100	179	182	261	6.33e-12	65.9
g3764.t1	VFG026784(gb|YP_005359856)	35.000	80	52	0	100	179	143	222	6.69e-12	65.5
g3764.t1	VFG026773(gb|WP_015289620)	35.000	80	52	0	100	179	185	264	7.18e-12	65.5
g3764.t1	VFG026774(gb|WP_015292734)	35.000	80	52	0	100	179	185	264	7.31e-12	65.5
g3764.t1	VFG022800(gb|WP_014000645)	35.000	80	52	0	100	179	185	264	7.38e-12	65.5
g3764.t1	VFG026772(gb|WP_015302871)	35.000	80	52	0	100	179	185	264	7.59e-12	65.5
g3764.t1	VFG022799(gb|WP_013988809)	35.000	80	52	0	100	179	185	264	7.66e-12	65.5
g3764.t1	VFG026777(gb|WP_015575030)	35.000	80	52	0	100	179	185	264	7.73e-12	65.5
g3764.t1	VFG001814(gb|NP_215678)	35.000	80	52	0	100	179	185	264	7.94e-12	65.5
g3764.t1	VFG009603(gb|WP_003898749)	35.000	80	52	0	100	179	185	264	8.09e-12	65.5
g3764.t1	VFG024085(gb|WP_014379423)	35.000	80	52	0	100	179	182	261	1.43e-11	64.7
g3764.t1	VFG024083(gb|WP_009952352)	35.000	80	52	0	100	179	182	261	1.43e-11	64.7
g3764.t1	VFG009607(gb|WP_011724063)	35.000	80	52	0	100	179	182	261	1.44e-11	64.7
g3764.t1	VFG009606(gb|WP_003875456)	35.000	80	52	0	100	179	182	261	1.45e-11	64.7
g3764.t1	VFG024082(gb|WP_008254502)	35.000	80	52	0	100	179	182	261	1.47e-11	64.7
g3764.t1	VFG024081(gb|WP_014941434)	35.000	80	52	0	100	179	182	261	1.56e-11	64.7
g3764.t1	VFG024084(gb|WP_014384039)	35.000	80	52	0	100	179	182	261	1.56e-11	64.7
g3764.t1	VFG022803(gb|WP_041317387)	32.500	80	54	0	100	179	182	261	2.08e-10	61.2
