g5.t1	VFG009392(gb|WP_011893180)	34.943	352	207	8	2	331	119	470	9.66e-52	177
g5.t1	VFG023960(gb|WP_013471174)	35.227	352	206	8	2	331	119	470	9.76e-52	177
g5.t1	VFG022662(gb|WP_013828233)	33.523	352	212	7	2	331	119	470	4.49e-49	170
g5.t1	VFG009393(gb|WP_011781504)	33.994	353	209	10	2	331	119	470	8.59e-49	170
g5.t1	VFG022656(gb|YP_001702174)	34.188	351	210	8	2	331	117	467	1.33e-48	169
g5.t1	VFG009389(gb|WP_172591962)	32.670	352	215	7	2	331	97	448	1.38e-48	169
g5.t1	VFG009391(gb|WP_011730213)	32.670	352	215	8	2	331	119	470	1.41e-48	169
g5.t1	VFG009390(gb|WP_011741641)	32.955	352	214	7	2	331	119	470	1.74e-48	169
g5.t1	VFG022655(gb|WP_012395685)	32.955	352	214	7	2	331	119	470	1.86e-48	169
g5.t1	VFG026397(gb|WP_015356706)	32.955	352	214	7	2	331	119	470	2.10e-48	169
g5.t1	VFG022661(gb|WP_010908146)	32.670	352	215	7	2	331	119	470	2.29e-48	169
g5.t1	VFG009395(gb|WP_208856697)	33.523	352	212	8	2	331	106	457	2.36e-48	168
g5.t1	VFG009394(gb|WP_011856338)	33.523	352	212	8	2	331	119	470	3.83e-48	168
g5.t1	VFG009396(gb|WP_011561277)	33.523	352	212	8	2	331	119	470	4.00e-48	168
g5.t1	VFG026404(gb|WP_014584741)	32.102	352	217	8	2	331	94	445	4.55e-47	164
g5.t1	VFG026398(gb|WP_031599964)	33.618	351	212	8	2	331	117	467	8.71e-47	164
g5.t1	VFG026392(gb|WP_016342164)	33.618	351	212	8	2	331	117	467	8.99e-47	164
g5.t1	VFG026401(gb|WP_015575050)	32.102	352	217	8	2	331	94	445	1.01e-46	164
g5.t1	VFG009382(gb|NP_215809)	32.102	352	217	8	2	331	94	445	1.63e-46	163
g5.t1	VFG026396(gb|WP_015292840)	32.102	352	217	8	2	331	94	445	1.64e-46	163
g5.t1	VFG023965(gb|WP_014379586)	31.818	352	218	8	2	331	119	470	1.74e-46	164
g5.t1	VFG009387(gb|WP_003877287)	31.818	352	218	8	2	331	119	470	1.85e-46	163
g5.t1	VFG023961(gb|WP_008254777)	31.818	352	218	8	2	331	119	470	3.02e-46	163
g5.t1	VFG026412(gb|WP_020821987)	31.818	352	218	8	2	331	119	470	3.21e-46	163
g5.t1	VFG009388(gb|WP_011724196)	31.534	352	219	8	2	331	119	470	3.83e-46	162
g5.t1	VFG026414(gb|WP_198344965)	32.102	352	217	8	2	331	106	457	6.13e-46	162
g5.t1	VFG026395(gb|WP_015289747)	31.818	352	218	8	2	331	94	445	6.44e-46	161
g5.t1	VFG044350(gb|WP_013317293)	28.387	310	200	9	2	296	77	379	1.01e-24	103
g5.t1	VFG044202(gb|WP_011267795)	26.364	330	219	10	2	314	77	399	3.13e-23	99.0
g5.t1	VFG026407(gb|YP_007957417)	36.735	147	86	2	192	331	1	147	2.76e-20	85.9
g5.t1	VFG044261(gb|WP_001223700)	27.160	324	194	11	2	298	72	380	2.25e-19	88.2
g5.t1	VFG044183(gb|WP_005460650)	23.418	316	215	8	2	298	80	387	1.31e-16	80.1
g5.t1	VFG047339(gb|WP_012429069)	25.073	343	226	14	1	323	84	415	3.61e-15	75.9
g5.t1	VFG044197(gb|WP_003022882)	25.073	343	226	14	1	323	84	415	3.65e-15	75.9
g5.t1	VFG047336(gb|WP_003017402)	25.073	343	226	14	1	323	84	415	3.96e-15	75.5
g5.t1	VFG047341(gb|WP_003024549)	25.073	343	226	14	1	323	84	415	4.77e-15	75.5
g5.t1	VFG047335(gb|WP_003041325)	24.781	343	227	14	1	323	84	415	4.99e-15	75.5
g5.t1	VFG047345(gb|WP_014550286)	26.163	344	221	16	1	323	84	415	1.57e-14	73.9
g5.t1	VFG047342(gb|WP_014549026)	25.000	324	214	13	19	323	102	415	6.00e-14	72.0
g873.t1	VFG022661(gb|WP_010908146)	100.000	472	0	0	1	472	1	472	0.0	954
g873.t1	VFG009389(gb|WP_172591962)	99.778	450	1	0	23	472	1	450	0.0	905
g873.t1	VFG022655(gb|WP_012395685)	84.110	472	75	0	1	472	1	472	0.0	807
g873.t1	VFG009390(gb|WP_011741641)	83.898	472	76	0	1	472	1	472	0.0	805
g873.t1	VFG026397(gb|WP_015356706)	83.898	472	76	0	1	472	1	472	0.0	805
g873.t1	VFG009382(gb|NP_215809)	86.771	446	59	0	27	472	2	447	0.0	786
g873.t1	VFG026396(gb|WP_015292840)	86.547	446	60	0	27	472	2	447	0.0	785
g873.t1	VFG023961(gb|WP_008254777)	82.203	472	84	0	1	472	1	472	0.0	784
g873.t1	VFG026401(gb|WP_015575050)	86.547	446	60	0	27	472	2	447	0.0	783
g873.t1	VFG009387(gb|WP_003877287)	82.203	472	84	0	1	472	1	472	0.0	783
g873.t1	VFG026412(gb|WP_020821987)	82.203	472	84	0	1	472	1	472	0.0	783
g873.t1	VFG009388(gb|WP_011724196)	82.203	472	84	0	1	472	1	472	0.0	783
g873.t1	VFG026404(gb|WP_014584741)	86.547	446	60	0	27	472	2	447	0.0	782
g873.t1	VFG026395(gb|WP_015289747)	86.323	446	61	0	27	472	2	447	0.0	782
g873.t1	VFG023965(gb|WP_014379586)	81.992	472	85	0	1	472	1	472	0.0	781
g873.t1	VFG009391(gb|WP_011730213)	78.602	472	101	0	1	472	1	472	0.0	757
g873.t1	VFG022662(gb|WP_013828233)	78.178	472	103	0	1	472	1	472	0.0	746
g873.t1	VFG009393(gb|WP_011781504)	76.645	471	110	0	1	471	1	471	0.0	732
g873.t1	VFG009396(gb|WP_011561277)	76.858	471	109	0	1	471	1	471	0.0	730
g873.t1	VFG009394(gb|WP_011856338)	76.645	471	110	0	1	471	1	471	0.0	729
g873.t1	VFG026414(gb|WP_198344965)	77.024	457	105	0	15	471	2	458	0.0	727
g873.t1	VFG009392(gb|WP_011893180)	75.424	472	116	0	1	472	1	472	0.0	710
g873.t1	VFG009395(gb|WP_208856697)	77.193	456	104	0	16	471	3	458	0.0	708
g873.t1	VFG023960(gb|WP_013471174)	74.788	472	119	0	1	472	1	472	0.0	704
g873.t1	VFG026398(gb|WP_031599964)	72.187	471	128	2	1	471	1	468	0.0	689
g873.t1	VFG022656(gb|YP_001702174)	72.187	471	128	2	1	471	1	468	0.0	688
g873.t1	VFG026392(gb|WP_016342164)	71.975	471	129	2	1	471	1	468	0.0	687
g873.t1	VFG026407(gb|YP_007957417)	87.919	149	18	0	324	472	1	149	9.39e-90	270
g873.t1	VFG047342(gb|WP_014549026)	23.529	425	282	15	51	459	14	411	7.19e-16	79.3
g873.t1	VFG044202(gb|WP_011267795)	26.893	383	236	14	68	435	26	379	7.20e-16	79.3
g873.t1	VFG044183(gb|WP_005460650)	23.284	408	276	12	54	447	13	397	8.54e-16	79.0
g873.t1	VFG044350(gb|WP_013317293)	26.154	390	250	11	59	435	15	379	4.26e-15	77.0
g873.t1	VFG047335(gb|WP_003041325)	23.821	424	289	15	51	462	14	415	9.19e-15	75.9
g873.t1	VFG047339(gb|WP_012429069)	23.041	434	300	15	41	462	4	415	2.45e-14	74.7
g873.t1	VFG044197(gb|WP_003022882)	23.585	424	290	15	51	462	14	415	2.85e-14	74.3
g873.t1	VFG047341(gb|WP_003024549)	23.349	424	291	15	51	462	14	415	4.16e-14	73.9
g873.t1	VFG047345(gb|WP_014550286)	23.349	424	284	15	51	459	14	411	4.85e-14	73.6
g873.t1	VFG047336(gb|WP_003017402)	23.585	424	290	14	51	462	14	415	5.70e-14	73.6
g873.t1	VFG044261(gb|WP_001223700)	23.116	398	275	11	68	455	21	397	1.41e-11	65.9
g1281.t1	VFG009382(gb|NP_215809)	100.000	447	0	0	1	447	1	447	0.0	900
g1281.t1	VFG026396(gb|WP_015292840)	99.776	447	1	0	1	447	1	447	0.0	899
g1281.t1	VFG026401(gb|WP_015575050)	99.776	447	1	0	1	447	1	447	0.0	897
g1281.t1	VFG026404(gb|WP_014584741)	99.776	447	1	0	1	447	1	447	0.0	896
g1281.t1	VFG026395(gb|WP_015289747)	98.881	447	5	0	1	447	1	447	0.0	890
g1281.t1	VFG022655(gb|WP_012395685)	88.341	446	52	0	2	447	27	472	0.0	800
g1281.t1	VFG026397(gb|WP_015356706)	88.117	446	53	0	2	447	27	472	0.0	799
g1281.t1	VFG009390(gb|WP_011741641)	87.892	446	54	0	2	447	27	472	0.0	796
g1281.t1	VFG009389(gb|WP_172591962)	86.771	446	59	0	2	447	5	450	0.0	786
g1281.t1	VFG022661(gb|WP_010908146)	86.771	446	59	0	2	447	27	472	0.0	786
g1281.t1	VFG009387(gb|WP_003877287)	85.650	446	64	0	2	447	27	472	0.0	766
g1281.t1	VFG009388(gb|WP_011724196)	85.426	446	65	0	2	447	27	472	0.0	765
g1281.t1	VFG023961(gb|WP_008254777)	84.305	446	70	0	2	447	27	472	0.0	761
g1281.t1	VFG026412(gb|WP_020821987)	84.305	446	70	0	2	447	27	472	0.0	760
g1281.t1	VFG023965(gb|WP_014379586)	84.081	446	71	0	2	447	27	472	0.0	759
g1281.t1	VFG026414(gb|WP_198344965)	80.180	444	88	0	3	446	15	458	0.0	740
g1281.t1	VFG009391(gb|WP_011730213)	80.942	446	85	0	2	447	27	472	0.0	734
g1281.t1	VFG022662(gb|WP_013828233)	80.493	446	87	0	2	447	27	472	0.0	724
g1281.t1	VFG009395(gb|WP_208856697)	79.551	445	91	0	2	446	14	458	0.0	721
g1281.t1	VFG009396(gb|WP_011561277)	79.551	445	91	0	2	446	27	471	0.0	719
g1281.t1	VFG009394(gb|WP_011856338)	79.326	445	92	0	2	446	27	471	0.0	719
g1281.t1	VFG009393(gb|WP_011781504)	78.153	444	97	0	3	446	28	471	0.0	711
g1281.t1	VFG009392(gb|WP_011893180)	78.912	441	93	0	7	447	32	472	0.0	696
g1281.t1	VFG026392(gb|WP_016342164)	76.136	440	104	1	7	446	30	468	0.0	690
g1281.t1	VFG023960(gb|WP_013471174)	78.005	441	97	0	7	447	32	472	0.0	689
g1281.t1	VFG026398(gb|WP_031599964)	75.909	440	105	1	7	446	30	468	0.0	687
g1281.t1	VFG022656(gb|YP_001702174)	75.909	440	105	1	7	446	30	468	0.0	686
g1281.t1	VFG026407(gb|YP_007957417)	98.658	149	2	0	299	447	1	149	6.12e-100	295
g1281.t1	VFG044183(gb|WP_005460650)	24.000	400	273	13	34	422	18	397	9.57e-18	84.7
g1281.t1	VFG044350(gb|WP_013317293)	27.366	391	244	13	34	410	15	379	2.60e-17	83.6
g1281.t1	VFG044202(gb|WP_011267795)	26.509	381	240	14	43	410	26	379	4.57e-17	82.8
g1281.t1	VFG047342(gb|WP_014549026)	22.727	418	278	14	34	434	22	411	1.29e-15	78.2
g1281.t1	VFG044261(gb|WP_001223700)	22.785	395	274	10	35	419	13	386	3.90e-15	76.6
g1281.t1	VFG044197(gb|WP_003022882)	22.596	416	288	13	34	437	22	415	1.78e-14	74.7
g1281.t1	VFG047339(gb|WP_012429069)	22.596	416	288	13	34	437	22	415	1.95e-14	74.7
g1281.t1	VFG047336(gb|WP_003017402)	22.596	416	288	12	34	437	22	415	2.30e-14	74.3
g1281.t1	VFG047335(gb|WP_003041325)	22.596	416	288	13	34	437	22	415	2.82e-14	74.3
g1281.t1	VFG047341(gb|WP_003024549)	22.356	416	289	13	34	437	22	415	2.85e-14	74.3
g1281.t1	VFG047345(gb|WP_014550286)	22.115	416	283	13	34	434	22	411	1.14e-13	72.4
g4604.t1	VFG026392(gb|WP_016342164)	24.021	383	256	9	20	373	57	433	3.62e-19	88.6
g4604.t1	VFG026398(gb|WP_031599964)	24.021	383	256	9	20	373	57	433	4.86e-19	88.2
g4604.t1	VFG022656(gb|YP_001702174)	24.021	383	256	9	20	373	57	433	4.91e-19	88.2
g4604.t1	VFG023965(gb|WP_014379586)	23.590	390	250	11	20	373	59	436	8.46e-18	84.7
g4604.t1	VFG023961(gb|WP_008254777)	23.333	390	251	11	20	373	59	436	4.45e-17	82.4
g4604.t1	VFG026412(gb|WP_020821987)	23.333	390	251	11	20	373	59	436	4.61e-17	82.4
g4604.t1	VFG009391(gb|WP_011730213)	23.907	389	250	12	20	373	59	436	2.75e-15	77.0
g4604.t1	VFG009387(gb|WP_003877287)	22.821	390	253	11	20	373	59	436	3.19e-15	77.0
g4604.t1	VFG009388(gb|WP_011724196)	22.680	388	256	10	20	373	59	436	5.81e-15	75.9
g4604.t1	VFG026414(gb|WP_198344965)	25.459	381	242	16	26	373	52	423	3.70e-14	73.6
g4604.t1	VFG009389(gb|WP_172591962)	23.834	386	264	10	15	373	32	414	4.16e-14	73.2
g4604.t1	VFG022661(gb|WP_010908146)	23.834	386	264	10	15	373	54	436	5.18e-14	73.2
g4604.t1	VFG009393(gb|WP_011781504)	23.421	380	251	12	26	373	65	436	5.47e-14	73.2
g4604.t1	VFG009390(gb|WP_011741641)	23.438	384	264	10	17	373	56	436	7.17e-14	72.8
g4604.t1	VFG009395(gb|WP_208856697)	23.342	377	255	10	26	373	52	423	8.29e-14	72.4
g4604.t1	VFG009396(gb|WP_011561277)	23.342	377	255	10	26	373	65	436	1.07e-13	72.0
g4604.t1	VFG009394(gb|WP_011856338)	23.342	377	255	10	26	373	65	436	1.09e-13	72.0
g4604.t1	VFG022662(gb|WP_013828233)	22.193	374	263	8	26	373	65	436	1.39e-13	71.6
g4604.t1	VFG026397(gb|WP_015356706)	23.177	384	265	10	17	373	56	436	4.80e-13	70.1
g4604.t1	VFG022655(gb|WP_012395685)	23.316	386	262	11	17	373	56	436	5.11e-13	70.1
g4604.t1	VFG026404(gb|WP_014584741)	22.750	400	274	12	17	386	31	425	1.64e-12	68.6
g4604.t1	VFG009382(gb|NP_215809)	22.306	399	277	11	17	386	31	425	4.24e-12	67.0
g4604.t1	VFG026395(gb|WP_015289747)	22.306	399	277	11	17	386	31	425	4.28e-12	67.0
g4604.t1	VFG026401(gb|WP_015575050)	22.306	399	277	12	17	386	31	425	7.67e-12	66.2
g4604.t1	VFG026396(gb|WP_015292840)	22.564	390	269	11	26	386	40	425	8.86e-12	66.2
g4604.t1	VFG044261(gb|WP_001223700)	22.973	370	251	12	42	387	34	393	5.09e-11	63.5
g4604.t1	VFG047341(gb|WP_003024549)	22.388	402	267	16	9	381	11	396	1.31e-10	62.4
g4604.t1	VFG009392(gb|WP_011893180)	23.607	377	254	11	26	373	65	436	2.02e-10	62.0
g4604.t1	VFG044197(gb|WP_003022882)	22.139	402	268	16	9	381	11	396	8.35e-10	60.1
g4604.t1	VFG047345(gb|WP_014550286)	22.139	402	268	16	9	381	11	396	8.97e-10	59.7
g4604.t1	VFG047336(gb|WP_003017402)	22.139	402	268	16	9	381	11	396	9.55e-10	59.7
g4604.t1	VFG047339(gb|WP_012429069)	22.139	402	268	16	9	381	11	396	9.63e-10	59.7
g4604.t1	VFG047335(gb|WP_003041325)	22.139	402	268	16	9	381	11	396	9.81e-10	59.7
g4604.t1	VFG023960(gb|WP_013471174)	23.342	377	255	11	26	373	65	436	1.14e-09	59.7
g4604.t1	VFG047342(gb|WP_014549026)	26.636	214	132	9	182	381	194	396	1.13e-07	53.1
g4604.t1	VFG044183(gb|WP_005460650)	21.975	405	245	14	15	376	13	389	1.11e-06	50.1
g4604.t1	VFG044202(gb|WP_011267795)	24.225	355	226	17	52	380	50	387	1.97e-06	49.3
g5379.t1	VFG026395(gb|WP_015289747)	34.368	419	251	8	15	410	28	445	5.01e-58	196
g5379.t1	VFG026404(gb|WP_014584741)	34.606	419	250	8	15	410	28	445	5.45e-58	196
g5379.t1	VFG009382(gb|NP_215809)	34.606	419	250	8	15	410	28	445	6.52e-58	196
g5379.t1	VFG026401(gb|WP_015575050)	34.606	419	250	8	15	410	28	445	1.32e-57	195
g5379.t1	VFG026396(gb|WP_015292840)	34.368	419	251	8	15	410	28	445	1.45e-57	194
g5379.t1	VFG009393(gb|WP_011781504)	35.800	419	245	11	15	410	53	470	2.54e-57	195
g5379.t1	VFG009395(gb|WP_208856697)	36.038	419	244	10	15	410	40	457	4.96e-57	194
g5379.t1	VFG009394(gb|WP_011856338)	36.038	419	244	10	15	410	53	470	6.38e-57	194
g5379.t1	VFG009396(gb|WP_011561277)	36.038	419	244	10	15	410	53	470	7.96e-57	193
g5379.t1	VFG026398(gb|WP_031599964)	34.588	425	255	8	8	410	44	467	1.01e-56	193
g5379.t1	VFG026392(gb|WP_016342164)	34.588	425	255	8	8	410	44	467	1.57e-56	192
g5379.t1	VFG022656(gb|YP_001702174)	34.588	425	255	8	8	410	44	467	4.81e-56	191
g5379.t1	VFG022662(gb|WP_013828233)	34.977	426	253	10	8	410	46	470	5.64e-56	191
g5379.t1	VFG009391(gb|WP_011730213)	34.038	426	257	10	8	410	46	470	5.38e-54	186
g5379.t1	VFG026414(gb|WP_198344965)	34.606	419	250	10	15	410	40	457	7.91e-54	185
g5379.t1	VFG023965(gb|WP_014379586)	33.890	419	253	9	15	410	53	470	1.07e-53	185
g5379.t1	VFG026412(gb|WP_020821987)	33.890	419	253	9	15	410	53	470	1.44e-53	185
g5379.t1	VFG023961(gb|WP_008254777)	33.890	419	253	9	15	410	53	470	1.54e-53	184
g5379.t1	VFG026397(gb|WP_015356706)	33.890	419	253	9	15	410	53	470	3.31e-53	184
g5379.t1	VFG022655(gb|WP_012395685)	33.890	419	253	9	15	410	53	470	3.34e-53	184
g5379.t1	VFG009390(gb|WP_011741641)	33.890	419	253	9	15	410	53	470	3.95e-53	184
g5379.t1	VFG009388(gb|WP_011724196)	34.129	419	252	10	15	410	53	470	1.38e-52	182
g5379.t1	VFG023960(gb|WP_013471174)	34.491	432	259	10	2	410	40	470	2.21e-52	181
g5379.t1	VFG009387(gb|WP_003877287)	34.129	419	252	10	15	410	53	470	2.53e-52	181
g5379.t1	VFG009392(gb|WP_011893180)	34.722	432	258	10	2	410	40	470	5.02e-52	181
g5379.t1	VFG009389(gb|WP_172591962)	32.936	419	257	9	15	410	31	448	7.73e-52	179
g5379.t1	VFG022661(gb|WP_010908146)	32.936	419	257	9	15	410	53	470	1.64e-51	179
g5379.t1	VFG044350(gb|WP_013317293)	33.929	336	197	12	57	375	52	379	2.12e-31	124
g5379.t1	VFG044202(gb|WP_011267795)	30.851	376	241	11	37	396	30	402	2.14e-31	123
g5379.t1	VFG044261(gb|WP_001223700)	27.174	368	240	11	30	377	21	380	1.68e-29	118
g5379.t1	VFG047335(gb|WP_003041325)	22.464	414	279	16	18	404	19	417	7.37e-21	94.0
g5379.t1	VFG044183(gb|WP_005460650)	24.931	361	252	7	30	375	29	385	8.76e-21	93.2
g5379.t1	VFG047342(gb|WP_014549026)	24.641	418	261	20	18	402	19	415	8.82e-21	93.6
g5379.t1	VFG047339(gb|WP_012429069)	22.464	414	279	16	18	404	19	417	1.88e-20	92.4
g5379.t1	VFG044197(gb|WP_003022882)	22.464	414	279	16	18	404	19	417	2.01e-20	92.4
g5379.t1	VFG047341(gb|WP_003024549)	22.464	414	279	16	18	404	19	417	2.17e-20	92.4
g5379.t1	VFG047336(gb|WP_003017402)	22.464	414	279	16	18	404	19	417	2.57e-20	92.0
g5379.t1	VFG047345(gb|WP_014550286)	22.304	408	276	15	18	399	19	411	2.69e-20	92.0
g5379.t1	VFG026407(gb|YP_007957417)	40.136	147	80	3	272	410	1	147	1.12e-19	85.1
g2203.t1	VFG026404(gb|WP_014584741)	26.292	445	300	9	28	464	22	446	2.56e-36	139
g2203.t1	VFG022662(gb|WP_013828233)	27.655	452	287	12	27	464	46	471	2.80e-36	139
g2203.t1	VFG009382(gb|NP_215809)	26.292	445	300	9	28	464	22	446	4.13e-36	138
g2203.t1	VFG026398(gb|WP_031599964)	27.354	446	295	11	27	464	44	468	4.26e-36	139
g2203.t1	VFG026392(gb|WP_016342164)	27.354	446	295	11	27	464	44	468	4.43e-36	139
g2203.t1	VFG026401(gb|WP_015575050)	26.292	445	300	9	28	464	22	446	6.22e-36	138
g2203.t1	VFG026396(gb|WP_015292840)	26.067	445	301	9	28	464	22	446	1.00e-35	137
g2203.t1	VFG026395(gb|WP_015289747)	26.067	445	301	9	28	464	22	446	1.45e-35	137
g2203.t1	VFG022656(gb|YP_001702174)	27.130	446	296	11	27	464	44	468	1.78e-35	137
g2203.t1	VFG009390(gb|WP_011741641)	25.764	458	300	12	22	464	39	471	1.36e-34	134
g2203.t1	VFG022655(gb|WP_012395685)	25.764	458	300	12	22	464	39	471	3.08e-34	133
g2203.t1	VFG026397(gb|WP_015356706)	25.764	458	300	12	22	464	39	471	3.93e-34	133
g2203.t1	VFG009389(gb|WP_172591962)	26.577	444	300	8	28	464	25	449	3.95e-33	130
g2203.t1	VFG022661(gb|WP_010908146)	26.577	444	300	8	28	464	47	471	6.09e-33	130
g2203.t1	VFG009393(gb|WP_011781504)	24.834	451	301	11	27	464	46	471	5.03e-32	127
g2203.t1	VFG009396(gb|WP_011561277)	25.446	448	302	11	27	464	46	471	5.16e-32	127
g2203.t1	VFG009395(gb|WP_208856697)	25.446	448	302	11	27	464	33	458	5.31e-32	127
g2203.t1	VFG009394(gb|WP_011856338)	25.446	448	302	11	27	464	46	471	6.58e-32	127
g2203.t1	VFG009392(gb|WP_011893180)	25.721	451	297	12	27	464	46	471	7.60e-31	124
g2203.t1	VFG009391(gb|WP_011730213)	25.546	458	289	14	27	464	46	471	8.40e-31	124
g2203.t1	VFG023965(gb|WP_014379586)	24.385	447	306	11	28	464	47	471	9.14e-31	124
g2203.t1	VFG023960(gb|WP_013471174)	25.721	451	297	12	27	464	46	471	1.16e-30	123
g2203.t1	VFG023961(gb|WP_008254777)	24.385	447	306	11	28	464	47	471	1.32e-30	123
g2203.t1	VFG026412(gb|WP_020821987)	24.490	441	301	11	34	464	53	471	1.51e-30	123
g2203.t1	VFG009388(gb|WP_011724196)	25.221	452	304	11	24	464	43	471	2.14e-30	122
g2203.t1	VFG009387(gb|WP_003877287)	25.221	452	304	11	24	464	43	471	3.25e-30	122
g2203.t1	VFG026414(gb|WP_198344965)	24.215	446	310	10	27	464	33	458	6.39e-29	118
g2203.t1	VFG047345(gb|WP_014550286)	21.628	430	297	13	37	457	19	417	2.03e-17	84.0
g2203.t1	VFG044197(gb|WP_003022882)	21.729	428	299	13	37	457	19	417	2.19e-17	84.0
g2203.t1	VFG047339(gb|WP_012429069)	21.729	428	299	13	37	457	19	417	2.35e-17	84.0
g2203.t1	VFG047335(gb|WP_003041325)	21.077	427	303	12	37	457	19	417	2.98e-17	83.6
g2203.t1	VFG047336(gb|WP_003017402)	21.311	427	302	12	37	457	19	417	4.29e-17	83.2
g2203.t1	VFG047341(gb|WP_003024549)	21.495	428	300	13	37	457	19	417	5.96e-17	82.4
g2203.t1	VFG047342(gb|WP_014549026)	21.495	428	298	13	37	456	19	416	7.11e-16	79.3
g2203.t1	VFG044261(gb|WP_001223700)	23.410	393	258	12	41	422	13	373	7.87e-16	79.0
g2203.t1	VFG044183(gb|WP_005460650)	22.087	412	271	12	39	434	17	394	9.09e-11	63.5
g2203.t1	VFG026407(gb|YP_007957417)	26.415	159	106	3	306	464	1	148	2.23e-09	55.8
g2203.t1	VFG044202(gb|WP_011267795)	25.352	213	147	5	58	264	35	241	9.26e-09	57.0
g2799.t1	VFG026414(gb|WP_198344965)	30.115	435	247	16	20	419	46	458	2.76e-33	130
g2799.t1	VFG022662(gb|WP_013828233)	29.817	436	247	16	20	419	59	471	1.47e-31	125
g2799.t1	VFG009395(gb|WP_208856697)	30.524	439	240	18	20	419	46	458	2.63e-31	124
g2799.t1	VFG009396(gb|WP_011561277)	30.524	439	240	18	20	419	59	471	4.47e-31	124
g2799.t1	VFG009394(gb|WP_011856338)	30.524	439	240	18	20	419	59	471	4.88e-31	124
g2799.t1	VFG009393(gb|WP_011781504)	31.106	434	244	19	20	419	59	471	7.75e-31	123
g2799.t1	VFG026392(gb|WP_016342164)	30.155	451	247	18	9	419	46	468	2.52e-30	121
g2799.t1	VFG026398(gb|WP_031599964)	30.155	451	247	18	9	419	46	468	2.75e-30	121
g2799.t1	VFG022656(gb|YP_001702174)	30.155	451	247	18	9	419	46	468	4.02e-30	121
g2799.t1	VFG009392(gb|WP_011893180)	30.769	429	252	15	20	419	59	471	7.90e-30	120
g2799.t1	VFG023960(gb|WP_013471174)	31.002	429	251	16	20	419	59	471	1.05e-29	120
g2799.t1	VFG026404(gb|WP_014584741)	27.854	438	259	14	17	419	31	446	2.61e-29	118
g2799.t1	VFG009382(gb|NP_215809)	27.854	438	259	14	17	419	31	446	3.17e-29	118
g2799.t1	VFG026396(gb|WP_015292840)	27.854	438	259	14	17	419	31	446	3.43e-29	118
g2799.t1	VFG026401(gb|WP_015575050)	27.854	438	259	14	17	419	31	446	8.42e-29	117
g2799.t1	VFG026397(gb|WP_015356706)	27.854	438	259	14	17	419	56	471	9.61e-29	117
g2799.t1	VFG009390(gb|WP_011741641)	27.854	438	259	14	17	419	56	471	9.61e-29	117
g2799.t1	VFG022655(gb|WP_012395685)	27.854	438	259	14	17	419	56	471	1.06e-28	117
g2799.t1	VFG026395(gb|WP_015289747)	27.854	438	259	14	17	419	31	446	1.63e-28	116
g2799.t1	VFG009391(gb|WP_011730213)	28.506	435	254	14	20	419	59	471	3.98e-28	115
g2799.t1	VFG026412(gb|WP_020821987)	28.702	439	248	17	20	419	59	471	7.76e-28	114
g2799.t1	VFG023961(gb|WP_008254777)	28.702	439	248	17	20	419	59	471	7.99e-28	114
g2799.t1	VFG009389(gb|WP_172591962)	28.246	439	258	15	16	419	33	449	9.70e-28	114
g2799.t1	VFG022661(gb|WP_010908146)	28.246	439	258	15	16	419	55	471	1.05e-27	114
g2799.t1	VFG009388(gb|WP_011724196)	28.054	442	253	17	17	419	56	471	5.38e-27	112
g2799.t1	VFG009387(gb|WP_003877287)	28.054	442	253	17	17	419	56	471	1.01e-26	111
g2799.t1	VFG023965(gb|WP_014379586)	28.636	440	247	18	20	419	59	471	1.18e-26	111
g2799.t1	VFG026407(gb|YP_007957417)	32.500	160	89	5	267	419	1	148	8.40e-17	77.0
g2799.t1	VFG044202(gb|WP_011267795)	25.250	400	245	16	29	401	26	398	1.18e-13	72.0
g2799.t1	VFG044350(gb|WP_013317293)	26.190	378	232	12	29	383	26	379	4.78e-12	67.0
g2799.t1	VFG044183(gb|WP_005460650)	25.704	284	178	11	119	383	116	385	6.79e-09	57.4
g2799.t1	VFG044261(gb|WP_001223700)	22.312	372	238	15	51	397	47	392	1.71e-07	52.8
