g2971.t1	VFG022073(gb|WP_010908947)	67.010	97	32	0	2	98	1	97	7.07e-35	115
g2971.t1	VFG022076(gb|WP_011891327)	69.608	102	31	0	2	103	1	102	8.87e-34	112
g2971.t1	VFG022075(gb|WP_011727069)	71.569	102	29	0	2	103	1	102	3.96e-33	110
g2971.t1	VFG022074(gb|WP_011739404)	77.228	101	23	0	2	102	1	101	3.18e-32	108
g2971.t1	VFG028663(gb|WP_015288925)	81.373	102	19	0	2	103	1	102	3.55e-32	108
g2971.t1	VFG022078(gb|WP_011557800)	67.647	102	33	0	2	103	1	102	4.27e-32	108
g2971.t1	VFG022066(gb|YP_177710)	80.392	102	20	0	2	103	1	102	2.87e-31	106
g2971.t1	VFG022072(gb|WP_011726300)	76.238	101	24	0	2	102	1	101	3.89e-31	105
g2971.t1	VFG022071(gb|WP_010950108)	75.248	101	25	0	2	102	1	101	7.93e-31	105
g2971.t1	VFG022077(gb|WP_011777735)	69.608	102	31	0	2	103	1	102	1.86e-30	103
g2971.t1	VFG024516(gb|WP_008261668)	74.257	101	26	0	2	102	1	101	3.29e-30	103
g2971.t1	VFG024518(gb|WP_009952515)	74.257	101	26	0	2	102	1	101	9.92e-30	102
g2971.t1	VFG023349(gb|WP_013827237)	74.747	99	25	0	2	100	1	99	3.45e-28	98.2
g2971.t1	VFG023343(gb|YP_001702966)	64.706	102	36	0	2	103	1	102	5.87e-27	95.1
g2971.t1	VFG028660(gb|WP_005058902)	63.725	102	37	0	2	103	1	102	1.45e-26	94.4
g2971.t1	VFG028670(gb|YP_007960184)	83.562	73	12	0	2	74	1	73	3.93e-20	78.6
