g992.t1	VFG026700(gb|YP_007957699)	86.747	498	63	1	1	495	1	498	0.0	832
g992.t1	VFG024036(gb|WP_009956566)	35.135	259	161	2	232	489	186	438	4.75e-35	136
g992.t1	VFG024040(gb|WP_014379711)	35.135	259	161	2	232	489	186	438	5.95e-35	136
g992.t1	VFG026686(gb|WP_051223603)	32.450	302	186	5	189	489	153	437	6.09e-34	133
g992.t1	VFG026692(gb|WP_005058871)	32.450	302	186	5	189	489	153	437	6.46e-34	133
g992.t1	VFG022751(gb|YP_001702980)	32.450	302	186	5	189	489	156	440	7.08e-34	133
g992.t1	VFG003124(gb|WP_002230823)	33.977	259	164	2	231	489	173	424	8.32e-33	130
g992.t1	VFG009566(gb|WP_003875926)	34.800	250	156	2	241	489	195	438	1.14e-32	130
g992.t1	VFG044323(gb|WP_015874960)	34.363	259	163	3	231	489	173	424	1.90e-32	129
g992.t1	VFG034008(gb|WP_000703041)	34.363	259	163	3	231	489	173	424	2.92e-32	128
g992.t1	VFG009567(gb|WP_011724335)	34.400	250	157	2	241	489	195	438	2.97e-32	128
g992.t1	VFG000368(gb|WP_000703040)	34.363	259	163	3	231	489	173	424	3.03e-32	128
g992.t1	VFG012529(gb|WP_000703040)	34.363	259	163	3	231	489	173	424	3.03e-32	128
g992.t1	VFG003509(gb|WP_005168693)	34.363	259	163	3	231	489	173	424	3.15e-32	128
g992.t1	VFG034022(gb|WP_000703042)	34.363	259	163	3	231	489	173	424	3.21e-32	128
g992.t1	VFG012527(gb|WP_000703047)	34.363	259	163	3	231	489	173	424	3.21e-32	128
g992.t1	VFG034013(gb|WP_000703044)	34.363	259	163	3	231	489	173	424	3.24e-32	128
g992.t1	VFG048558(gb|WP_014907273)	34.363	259	163	3	231	489	173	424	3.34e-32	128
g992.t1	VFG048559(gb|YP_005227761)	34.363	259	163	3	231	489	173	424	5.92e-32	127
g992.t1	VFG016145(gb|WP_012074234)	33.466	251	157	3	263	511	234	476	1.98e-31	126
g992.t1	VFG009569(gb|WP_011729893)	32.051	312	190	6	179	489	148	438	5.21e-31	125
g992.t1	VFG044366(gb|WP_013318790)	30.405	296	185	8	208	497	105	385	6.27e-31	124
g992.t1	VFG048556(gb|WP_014838496)	32.432	259	168	2	231	489	173	424	2.32e-29	120
g992.t1	VFG048557(gb|WP_014229378)	32.432	259	168	2	231	489	173	424	2.86e-29	120
g992.t1	VFG044235(gb|WP_011706310)	29.520	271	177	5	232	497	128	389	5.13e-29	118
g992.t1	VFG022750(gb|WP_041324788)	33.200	250	160	2	241	489	198	441	8.03e-29	119
g992.t1	VFG009568(gb|WP_011741385)	33.200	250	160	2	241	489	198	441	8.03e-29	119
g992.t1	VFG026691(gb|WP_015356494)	33.200	250	160	2	241	489	198	441	8.67e-29	119
g992.t1	VFG016148(gb|WP_011168857)	29.000	300	199	5	199	497	168	454	9.24e-29	119
g992.t1	VFG016150(gb|WP_011061768)	29.391	279	187	4	236	512	204	474	1.01e-28	119
g992.t1	VFG016146(gb|WP_003129314)	30.802	237	156	2	263	499	234	462	1.86e-28	118
g992.t1	VFG000171(gb|NP_252921)	30.802	237	156	2	263	499	234	462	3.54e-28	117
g992.t1	VFG016147(gb|WP_011104103)	28.788	264	180	3	237	500	210	465	4.55e-28	117
g992.t1	VFG022753(gb|WP_014001250)	33.617	235	149	2	241	474	195	423	4.46e-27	113
g992.t1	VFG009561(gb|YP_177877)	33.617	235	149	2	241	474	195	423	7.02e-27	113
g992.t1	VFG026689(gb|WP_015290630)	33.617	235	149	2	241	474	195	423	7.57e-27	113
g992.t1	VFG026688(gb|WP_015303465)	33.617	235	149	2	241	474	195	423	7.71e-27	113
g992.t1	VFG020095(gb|WP_012613541)	30.380	237	157	2	263	499	234	462	7.77e-27	113
g992.t1	VFG037219(gb|YP_001085393)	26.296	270	189	4	231	497	121	383	3.98e-26	110
g992.t1	VFG037224(gb|WP_000983828)	25.926	270	190	4	231	497	121	383	1.62e-25	108
g992.t1	VFG037218(gb|WP_000983821)	26.937	271	186	6	231	497	121	383	4.07e-25	107
g992.t1	VFG037216(gb|WP_000983826)	26.568	271	187	6	231	497	121	383	1.25e-24	105
g992.t1	VFG037222(gb|WP_000983827)	26.568	271	187	6	231	497	121	383	1.30e-24	105
g992.t1	VFG050146(gb|WP_001972440)	28.519	270	188	3	231	497	122	389	1.01e-23	103
g992.t1	VFG012996(gb|WP_005141144)	28.197	305	196	7	210	497	90	388	9.34e-23	100
g992.t1	VFG050007(gb|WP_001001953)	27.407	270	191	3	231	497	122	389	1.29e-22	99.8
g992.t1	VFG050147(gb|WP_000657804)	27.083	288	197	4	213	497	112	389	1.45e-22	99.8
g992.t1	VFG050005(gb|WP_000657806)	27.407	270	191	3	231	497	122	389	2.40e-22	99.0
g992.t1	VFG050006(gb|WP_001002070)	27.402	281	191	4	220	497	119	389	2.68e-22	99.0
g992.t1	VFG050011(gb|WP_001001954)	27.407	270	191	3	231	497	122	389	3.97e-22	98.6
g992.t1	VFG050145(gb|WP_001001947)	27.407	270	191	3	231	497	122	389	4.16e-22	98.2
g992.t1	VFG000931(gb|WP_001336900)	29.435	248	168	4	251	497	147	388	4.35e-22	98.2
g992.t1	VFG048432(gb|WP_014228359)	27.564	312	189	8	210	497	90	388	6.08e-22	97.8
g992.t1	VFG019334(gb|WP_004685886)	28.631	241	162	4	258	497	156	387	6.08e-22	97.8
g992.t1	VFG050002(gb|WP_001001950)	27.407	270	191	3	231	497	122	389	6.43e-22	97.8
g992.t1	VFG048431(gb|WP_014837777)	27.564	312	189	8	210	497	90	388	6.73e-22	97.8
g992.t1	VFG020172(gb|WP_012421470)	29.435	248	168	4	251	497	147	388	9.50e-22	97.1
g992.t1	VFG012991(gb|WP_000381303)	29.435	248	168	4	251	497	147	388	9.50e-22	97.1
g992.t1	VFG012995(gb|WP_004980869)	29.435	248	168	4	251	497	147	388	1.44e-21	96.7
g992.t1	VFG011605(gb|WP_004687595)	28.750	240	160	4	262	497	155	387	1.47e-21	96.7
g992.t1	VFG011604(gb|WP_006191560)	28.750	240	160	4	262	497	155	387	1.53e-21	96.7
g992.t1	VFG011601(gb|WP_004681148)	28.750	240	160	4	262	497	155	387	1.53e-21	96.7
g992.t1	VFG050010(gb|NP_391079)	29.779	272	183	5	231	497	125	393	1.80e-21	96.7
g992.t1	VFG011602(gb|WP_002966563)	28.750	240	160	4	262	497	155	387	1.82e-21	96.3
g992.t1	VFG016149(gb|WP_197533010)	30.677	251	165	5	252	500	135	378	2.74e-21	95.5
g992.t1	VFG019270(gb|WP_006196125)	28.750	240	160	4	262	497	155	387	6.18e-21	94.7
g992.t1	VFG050008(gb|WP_003185958)	30.147	272	181	6	231	497	125	392	1.06e-20	94.0
g992.t1	VFG007206(gb|WP_011081752)	26.280	293	204	5	218	505	108	393	1.30e-20	94.0
g992.t1	VFG048437(gb|WP_014599079)	25.817	306	202	5	210	497	90	388	4.03e-20	92.4
g992.t1	VFG048439(gb|WP_014907941)	25.574	305	204	5	210	497	90	388	5.07e-20	92.0
g992.t1	VFG048438(gb|WP_004176916)	25.574	305	204	5	210	497	90	388	5.36e-20	92.0
g992.t1	VFG048434(gb|WP_012542487)	26.557	305	201	6	210	497	90	388	6.21e-20	91.7
g992.t1	VFG044421(gb|AAR12563)	26.042	288	187	6	229	504	119	392	6.81e-20	91.7
g992.t1	VFG048435(gb|YP_005225746)	26.471	306	200	6	210	497	90	388	7.47e-20	91.7
g992.t1	VFG044424(gb|AAW66008)	24.638	276	182	6	232	496	122	382	1.03e-17	85.1
g992.t1	VFG044428(gb|CAJ45635)	24.275	276	183	6	232	496	122	382	1.68e-17	84.3
g992.t1	VFG007204(gb|WP_000245175)	24.351	308	198	6	210	496	91	384	5.53e-17	82.8
g992.t1	VFG015516(gb|WP_012074247)	26.786	280	183	9	231	499	123	391	2.47e-15	79.0
g992.t1	VFG015517(gb|WP_003137488)	26.855	283	179	10	231	499	123	391	9.78e-14	73.9
g992.t1	VFG020026(gb|WP_012613547)	26.855	283	179	10	231	499	123	391	1.20e-13	73.6
g992.t1	VFG015515(gb|NP_252903)	26.855	283	179	10	231	499	123	391	1.26e-13	73.6
g992.t1	VFG015538(gb|WP_011666697)	26.502	283	180	10	231	499	123	391	1.55e-13	73.2
g1593.t1	VFG026700(gb|YP_007957699)	98.062	516	10	0	1	516	1	516	0.0	1022
g1593.t1	VFG024040(gb|WP_014379711)	33.591	259	165	2	235	492	186	438	1.89e-33	132
g1593.t1	VFG003124(gb|WP_002230823)	33.080	263	169	2	234	496	173	428	8.05e-33	129
g1593.t1	VFG044323(gb|WP_015874960)	32.700	263	170	2	234	496	173	428	2.29e-32	128
g1593.t1	VFG024036(gb|WP_009956566)	33.205	259	166	2	235	492	186	438	2.30e-32	129
g1593.t1	VFG034008(gb|WP_000703041)	32.700	263	170	2	234	496	173	428	3.12e-32	128
g1593.t1	VFG034022(gb|WP_000703042)	32.700	263	170	2	234	496	173	428	3.28e-32	128
g1593.t1	VFG048558(gb|WP_014907273)	32.700	263	170	2	234	496	173	428	3.79e-32	128
g1593.t1	VFG000368(gb|WP_000703040)	32.700	263	170	2	234	496	173	428	3.83e-32	127
g1593.t1	VFG012529(gb|WP_000703040)	32.700	263	170	2	234	496	173	428	3.83e-32	127
g1593.t1	VFG012527(gb|WP_000703047)	32.700	263	170	2	234	496	173	428	3.94e-32	127
g1593.t1	VFG034013(gb|WP_000703044)	32.700	263	170	2	234	496	173	428	4.18e-32	127
g1593.t1	VFG003509(gb|WP_005168693)	32.700	263	170	2	234	496	173	428	4.74e-32	127
g1593.t1	VFG016145(gb|WP_012074234)	34.025	241	151	2	266	506	234	466	5.83e-32	128
g1593.t1	VFG048559(gb|YP_005227761)	32.700	263	170	2	234	496	173	428	7.21e-32	127
g1593.t1	VFG009566(gb|WP_003875926)	33.600	250	159	2	244	492	195	438	8.69e-32	127
g1593.t1	VFG009569(gb|WP_011729893)	32.800	250	161	2	244	492	195	438	9.86e-32	127
g1593.t1	VFG009567(gb|WP_011724335)	33.200	250	160	2	244	492	195	438	2.24e-31	125
g1593.t1	VFG026686(gb|WP_051223603)	32.661	248	160	2	246	492	196	437	6.61e-31	124
g1593.t1	VFG026692(gb|WP_005058871)	32.661	248	160	2	246	492	196	437	6.81e-31	124
g1593.t1	VFG022751(gb|YP_001702980)	32.661	248	160	2	246	492	199	440	6.93e-31	124
g1593.t1	VFG016146(gb|WP_003129314)	32.068	237	153	2	266	502	234	462	9.28e-30	121
g1593.t1	VFG044366(gb|WP_013318790)	30.303	297	184	8	211	500	105	385	1.04e-29	120
g1593.t1	VFG000171(gb|NP_252921)	32.068	237	153	2	266	502	234	462	1.68e-29	120
g1593.t1	VFG048557(gb|WP_014229378)	31.559	263	173	2	234	496	173	428	3.64e-29	119
g1593.t1	VFG048556(gb|WP_014838496)	31.559	263	173	2	234	496	173	428	3.96e-29	119
g1593.t1	VFG016150(gb|WP_011061768)	32.444	225	144	3	276	500	243	459	6.51e-29	119
g1593.t1	VFG016148(gb|WP_011168857)	30.033	303	192	8	202	500	168	454	1.05e-28	118
g1593.t1	VFG044235(gb|WP_011706310)	29.630	270	178	6	235	500	128	389	3.45e-28	115
g1593.t1	VFG020095(gb|WP_012613541)	31.646	237	154	2	266	502	234	462	4.46e-28	117
g1593.t1	VFG009568(gb|WP_011741385)	32.000	250	163	2	244	492	198	441	1.87e-27	114
g1593.t1	VFG022750(gb|WP_041324788)	32.000	250	163	2	244	492	198	441	2.19e-27	114
g1593.t1	VFG026691(gb|WP_015356494)	32.000	250	163	2	244	492	198	441	2.36e-27	114
g1593.t1	VFG016147(gb|WP_011104103)	28.679	265	179	4	240	503	210	465	2.19e-26	111
g1593.t1	VFG022753(gb|WP_014001250)	32.636	239	154	2	240	477	191	423	3.25e-26	111
g1593.t1	VFG026688(gb|WP_015303465)	32.636	239	154	2	240	477	191	423	4.95e-26	110
g1593.t1	VFG026689(gb|WP_015290630)	32.766	235	151	2	244	477	195	423	5.49e-26	110
g1593.t1	VFG009561(gb|YP_177877)	32.636	239	154	2	240	477	191	423	5.87e-26	110
g1593.t1	VFG037224(gb|WP_000983828)	25.556	270	191	4	234	500	121	383	1.97e-24	105
g1593.t1	VFG037219(gb|YP_001085393)	25.556	270	191	4	234	500	121	383	1.97e-24	105
g1593.t1	VFG037222(gb|WP_000983827)	25.556	270	191	4	234	500	121	383	6.52e-24	103
g1593.t1	VFG037216(gb|WP_000983826)	25.556	270	191	4	234	500	121	383	6.96e-24	103
g1593.t1	VFG037218(gb|WP_000983821)	25.556	270	191	4	234	500	121	383	1.00e-23	102
g1593.t1	VFG048432(gb|WP_014228359)	29.221	308	189	7	213	500	90	388	2.22e-23	102
g1593.t1	VFG048431(gb|WP_014837777)	29.221	308	189	7	213	500	90	388	2.71e-23	101
g1593.t1	VFG050007(gb|WP_001001953)	27.778	270	190	3	234	500	122	389	1.75e-22	99.4
g1593.t1	VFG050146(gb|WP_001972440)	28.369	282	187	5	223	500	119	389	8.67e-22	97.4
g1593.t1	VFG000931(gb|WP_001336900)	29.450	309	187	9	213	500	90	388	2.42e-21	95.9
g1593.t1	VFG050011(gb|WP_001001954)	27.407	270	191	3	234	500	122	389	2.87e-21	95.9
g1593.t1	VFG050145(gb|WP_001001947)	27.407	270	191	3	234	500	122	389	3.01e-21	95.9
g1593.t1	VFG048437(gb|WP_014599079)	27.869	305	197	6	213	500	90	388	3.77e-21	95.5
g1593.t1	VFG050002(gb|WP_001001950)	27.407	270	191	3	234	500	122	389	4.16e-21	95.1
g1593.t1	VFG048438(gb|WP_004176916)	27.869	305	197	6	213	500	90	388	4.34e-21	95.1
g1593.t1	VFG048439(gb|WP_014907941)	27.869	305	197	6	213	500	90	388	4.89e-21	95.1
g1593.t1	VFG012991(gb|WP_000381303)	29.450	309	187	9	213	500	90	388	5.22e-21	94.7
g1593.t1	VFG048435(gb|YP_005225746)	27.869	305	197	6	213	500	90	388	5.37e-21	94.7
g1593.t1	VFG020172(gb|WP_012421470)	29.450	309	187	9	213	500	90	388	5.57e-21	94.7
g1593.t1	VFG012995(gb|WP_004980869)	29.450	309	187	9	213	500	90	388	6.89e-21	94.7
g1593.t1	VFG050010(gb|NP_391079)	29.779	272	183	5	234	500	125	393	7.52e-21	94.4
g1593.t1	VFG050147(gb|WP_000657804)	27.336	289	195	5	216	500	112	389	8.02e-21	94.4
g1593.t1	VFG016149(gb|WP_197533010)	28.485	330	217	10	177	503	65	378	8.59e-21	94.0
g1593.t1	VFG012996(gb|WP_005141144)	28.136	295	193	7	215	500	104	388	3.48e-20	92.4
g1593.t1	VFG050006(gb|WP_001002070)	27.306	271	190	4	234	500	122	389	3.48e-20	92.4
g1593.t1	VFG048434(gb|WP_012542487)	27.869	305	197	6	213	500	90	388	3.89e-20	92.4
g1593.t1	VFG019334(gb|WP_004685886)	27.305	282	190	6	225	499	113	386	4.07e-20	92.4
g1593.t1	VFG050008(gb|WP_003185958)	30.147	272	181	6	234	500	125	392	6.46e-20	91.7
g1593.t1	VFG011604(gb|WP_006191560)	26.855	283	192	6	225	500	113	387	9.78e-20	91.3
g1593.t1	VFG011601(gb|WP_004681148)	26.855	283	192	6	225	500	113	387	9.78e-20	91.3
g1593.t1	VFG011605(gb|WP_004687595)	26.855	283	192	6	225	500	113	387	1.05e-19	90.9
g1593.t1	VFG011602(gb|WP_002966563)	26.855	283	192	6	225	500	113	387	1.07e-19	90.9
g1593.t1	VFG050005(gb|WP_000657806)	26.568	271	192	4	234	500	122	389	1.32e-19	90.9
g1593.t1	VFG019270(gb|WP_006196125)	26.950	282	191	6	225	499	113	386	3.01e-19	89.7
g1593.t1	VFG007206(gb|WP_011081752)	26.733	303	202	7	215	508	102	393	5.56e-19	89.0
g1593.t1	VFG044421(gb|AAR12563)	25.180	278	184	5	232	499	119	382	1.76e-18	87.4
g1593.t1	VFG044424(gb|AAW66008)	24.731	279	184	6	232	499	119	382	1.19e-17	84.7
g1593.t1	VFG044428(gb|CAJ45635)	24.373	279	185	6	232	499	119	382	1.44e-17	84.7
g1593.t1	VFG007204(gb|WP_000245175)	24.638	276	184	5	234	499	123	384	1.03e-16	82.0
g1593.t1	VFG015516(gb|WP_012074247)	26.786	280	183	9	234	502	123	391	1.67e-15	79.3
g1593.t1	VFG015517(gb|WP_003137488)	26.165	279	186	8	234	502	123	391	1.69e-13	72.8
g1593.t1	VFG020026(gb|WP_012613547)	26.165	279	186	8	234	502	123	391	1.98e-13	72.8
g1593.t1	VFG015515(gb|NP_252903)	26.165	279	186	8	234	502	123	391	2.05e-13	72.8
g1593.t1	VFG015538(gb|WP_011666697)	26.165	279	186	8	234	502	123	391	2.12e-13	72.8
g619.t1	VFG026700(gb|YP_007957699)	44.960	496	249	9	2	481	10	497	2.11e-111	339
g619.t1	VFG022751(gb|YP_001702980)	37.154	253	158	1	225	476	188	440	1.60e-42	156
g619.t1	VFG026692(gb|WP_005058871)	37.154	253	158	1	225	476	185	437	1.77e-42	156
g619.t1	VFG026686(gb|WP_051223603)	37.154	253	158	1	225	476	185	437	1.82e-42	156
g619.t1	VFG024036(gb|WP_009956566)	34.783	253	164	1	225	476	186	438	4.05e-38	144
g619.t1	VFG024040(gb|WP_014379711)	34.783	253	164	1	225	476	186	438	4.66e-38	144
g619.t1	VFG009569(gb|WP_011729893)	33.730	252	166	1	226	476	187	438	6.15e-37	141
g619.t1	VFG009566(gb|WP_003875926)	33.597	253	167	1	225	476	186	438	4.96e-35	135
g619.t1	VFG009567(gb|WP_011724335)	33.597	253	167	1	225	476	186	438	7.59e-35	135
g619.t1	VFG016150(gb|WP_011061768)	30.418	263	175	3	226	484	201	459	1.13e-31	127
g619.t1	VFG009568(gb|WP_011741385)	31.507	292	184	5	189	476	162	441	3.86e-31	125
g619.t1	VFG022750(gb|WP_041324788)	31.507	292	184	5	189	476	162	441	4.37e-31	125
g619.t1	VFG026691(gb|WP_015356494)	31.507	292	184	5	189	476	162	441	4.87e-31	124
g619.t1	VFG003124(gb|WP_002230823)	29.321	324	206	5	164	476	113	424	1.91e-29	120
g619.t1	VFG034022(gb|WP_000703042)	29.321	324	206	5	164	476	113	424	2.79e-29	119
g619.t1	VFG048559(gb|YP_005227761)	29.193	322	209	5	164	476	113	424	3.45e-29	119
g619.t1	VFG000368(gb|WP_000703040)	29.321	324	206	5	164	476	113	424	3.58e-29	119
g619.t1	VFG012529(gb|WP_000703040)	29.321	324	206	5	164	476	113	424	3.58e-29	119
g619.t1	VFG044323(gb|WP_015874960)	29.321	324	206	5	164	476	113	424	3.87e-29	119
g619.t1	VFG012527(gb|WP_000703047)	29.193	322	209	5	164	476	113	424	4.60e-29	119
g619.t1	VFG048558(gb|WP_014907273)	29.394	330	208	6	158	476	109	424	5.63e-29	118
g619.t1	VFG034008(gb|WP_000703041)	29.321	324	206	5	164	476	113	424	5.85e-29	118
g619.t1	VFG003509(gb|WP_005168693)	29.193	322	209	5	164	476	113	424	7.24e-29	118
g619.t1	VFG034013(gb|WP_000703044)	28.972	321	209	5	165	476	114	424	9.47e-29	117
g619.t1	VFG016145(gb|WP_012074234)	28.363	342	234	7	148	487	131	463	2.22e-28	117
g619.t1	VFG016148(gb|WP_011168857)	28.571	266	184	2	219	484	195	454	7.05e-28	115
g619.t1	VFG048557(gb|WP_014229378)	31.496	254	171	3	224	476	173	424	9.89e-28	115
g619.t1	VFG048556(gb|WP_014838496)	31.496	254	171	3	224	476	173	424	1.13e-27	114
g619.t1	VFG022753(gb|WP_014001250)	32.018	228	154	1	235	461	196	423	5.09e-27	113
g619.t1	VFG009561(gb|YP_177877)	32.018	228	154	1	235	461	196	423	7.95e-27	112
g619.t1	VFG026689(gb|WP_015290630)	32.018	228	154	1	235	461	196	423	8.42e-27	112
g619.t1	VFG026688(gb|WP_015303465)	32.018	228	154	1	235	461	196	423	9.17e-27	112
g619.t1	VFG044235(gb|WP_011706310)	29.412	272	174	6	225	486	128	391	9.24e-27	111
g619.t1	VFG016146(gb|WP_003129314)	28.024	339	235	5	148	485	131	461	1.36e-26	112
g619.t1	VFG000171(gb|NP_252921)	27.729	339	236	5	148	485	131	461	3.23e-26	111
g619.t1	VFG020095(gb|WP_012613541)	27.859	341	233	6	148	485	131	461	5.42e-26	110
g619.t1	VFG016147(gb|WP_011104103)	28.358	268	184	4	219	485	203	463	9.67e-26	109
g619.t1	VFG037224(gb|WP_000983828)	29.588	267	176	6	223	482	120	381	2.56e-23	101
g619.t1	VFG037219(gb|YP_001085393)	29.213	267	177	6	223	482	120	381	7.09e-23	100
g619.t1	VFG044366(gb|WP_013318790)	28.906	256	171	5	239	488	139	389	1.29e-22	99.4
g619.t1	VFG007206(gb|WP_011081752)	29.258	229	154	4	262	486	161	385	2.61e-22	98.6
g619.t1	VFG037216(gb|WP_000983826)	29.213	267	177	6	223	482	120	381	2.72e-22	98.6
g619.t1	VFG037222(gb|WP_000983827)	29.213	267	177	6	223	482	120	381	2.90e-22	98.6
g619.t1	VFG037218(gb|WP_000983821)	29.213	267	177	6	223	482	120	381	3.31e-22	98.2
g619.t1	VFG050007(gb|WP_001001953)	28.315	279	187	5	223	491	121	396	3.74e-22	98.2
g619.t1	VFG016149(gb|WP_197533010)	29.839	248	167	5	245	488	135	379	1.94e-21	95.9
g619.t1	VFG050010(gb|NP_391079)	29.197	274	180	5	224	486	125	395	2.27e-21	95.9
g619.t1	VFG050145(gb|WP_001001947)	27.957	279	188	5	223	491	121	396	2.63e-21	95.9
g619.t1	VFG050011(gb|WP_001001954)	27.957	279	188	5	223	491	121	396	2.81e-21	95.5
g619.t1	VFG050146(gb|WP_001972440)	28.058	278	187	5	224	491	122	396	3.89e-21	95.1
g619.t1	VFG044424(gb|AAW66008)	25.000	292	205	6	203	486	100	385	5.53e-21	94.7
g619.t1	VFG050147(gb|WP_000657804)	27.698	278	188	5	224	491	122	396	7.81e-21	94.4
g619.t1	VFG050006(gb|WP_001002070)	28.058	278	187	5	224	491	122	396	8.49e-21	94.4
g619.t1	VFG050005(gb|WP_000657806)	27.338	278	189	5	224	491	122	396	1.28e-20	93.6
g619.t1	VFG044428(gb|CAJ45635)	24.658	292	206	6	203	486	100	385	1.51e-20	93.2
g619.t1	VFG007204(gb|WP_000245175)	26.277	274	192	5	219	486	118	387	1.94e-20	93.2
g619.t1	VFG050002(gb|WP_001001950)	27.636	275	182	6	227	491	129	396	2.70e-20	92.8
g619.t1	VFG000931(gb|WP_001336900)	28.679	265	182	4	226	486	129	390	5.89e-20	91.7
g619.t1	VFG019334(gb|WP_004685886)	29.333	225	153	4	266	487	169	390	1.45e-19	90.5
g619.t1	VFG012996(gb|WP_005141144)	28.302	265	183	4	226	486	129	390	1.47e-19	90.5
g619.t1	VFG020172(gb|WP_012421470)	28.302	265	183	4	226	486	129	390	1.53e-19	90.5
g619.t1	VFG011604(gb|WP_006191560)	29.333	225	153	4	266	487	169	390	1.53e-19	90.5
g619.t1	VFG011601(gb|WP_004681148)	29.333	225	153	4	266	487	169	390	1.53e-19	90.5
g619.t1	VFG012991(gb|WP_000381303)	28.302	265	183	4	226	486	129	390	1.54e-19	90.5
g619.t1	VFG011602(gb|WP_002966563)	29.333	225	153	4	266	487	169	390	1.57e-19	90.5
g619.t1	VFG011605(gb|WP_004687595)	29.333	225	153	4	266	487	169	390	1.61e-19	90.1
g619.t1	VFG012995(gb|WP_004980869)	28.302	265	183	4	226	486	129	390	2.31e-19	89.7
g619.t1	VFG048432(gb|WP_014228359)	28.899	218	152	2	270	486	175	390	2.56e-19	89.7
g619.t1	VFG048431(gb|WP_014837777)	28.899	218	152	2	270	486	175	390	3.00e-19	89.4
g619.t1	VFG048437(gb|WP_014599079)	28.899	218	152	2	270	486	175	390	3.11e-19	89.4
g619.t1	VFG048438(gb|WP_004176916)	28.899	218	152	2	270	486	175	390	3.99e-19	89.0
g619.t1	VFG048439(gb|WP_014907941)	28.899	218	152	2	270	486	175	390	4.75e-19	89.0
g619.t1	VFG048435(gb|YP_005225746)	28.899	218	152	2	270	486	175	390	4.89e-19	89.0
g619.t1	VFG019270(gb|WP_006196125)	29.756	205	139	3	285	487	189	390	5.12e-19	89.0
g619.t1	VFG048434(gb|WP_012542487)	28.440	218	153	2	270	486	175	390	1.00e-18	87.8
g619.t1	VFG044421(gb|AAR12563)	25.092	271	193	5	222	486	119	385	5.77e-18	85.5
g619.t1	VFG050008(gb|WP_003185958)	30.542	203	137	3	285	486	195	394	2.97e-17	83.6
g619.t1	VFG020026(gb|WP_012613547)	29.455	275	172	9	224	484	123	389	2.48e-16	81.6
g619.t1	VFG015517(gb|WP_003137488)	29.455	275	172	9	224	484	123	389	2.50e-16	81.6
g619.t1	VFG015515(gb|NP_252903)	29.455	275	172	9	224	484	123	389	2.57e-16	81.6
g619.t1	VFG015538(gb|WP_011666697)	29.455	275	172	9	224	484	123	389	3.50e-16	81.3
g619.t1	VFG015516(gb|WP_012074247)	29.091	275	173	9	224	484	123	389	9.75e-16	79.7
g1012.t1	VFG026700(gb|YP_007957699)	49.813	267	119	5	245	504	240	498	4.89e-59	203
g1012.t1	VFG024036(gb|WP_009956566)	32.616	279	175	6	224	498	169	438	4.10e-28	116
g1012.t1	VFG024040(gb|WP_014379711)	32.616	279	175	6	224	498	169	438	1.13e-27	115
g1012.t1	VFG009569(gb|WP_011729893)	31.955	266	173	4	234	498	180	438	5.69e-27	113
g1012.t1	VFG009566(gb|WP_003875926)	31.900	279	177	6	224	498	169	438	6.08e-27	113
g1012.t1	VFG009567(gb|WP_011724335)	31.900	279	177	6	224	498	169	438	7.27e-27	113
g1012.t1	VFG026692(gb|WP_005058871)	31.599	269	174	4	233	498	176	437	5.75e-26	110
g1012.t1	VFG026686(gb|WP_051223603)	31.599	269	174	4	233	498	176	437	6.32e-26	110
g1012.t1	VFG022751(gb|YP_001702980)	31.599	269	174	4	233	498	179	440	6.63e-26	110
g1012.t1	VFG034008(gb|WP_000703041)	31.690	284	178	6	225	502	155	428	1.15e-25	109
g1012.t1	VFG044323(gb|WP_015874960)	31.690	284	178	6	225	502	155	428	1.77e-25	108
g1012.t1	VFG034022(gb|WP_000703042)	31.690	284	178	6	225	502	155	428	1.77e-25	108
g1012.t1	VFG034013(gb|WP_000703044)	31.690	284	178	6	225	502	155	428	2.08e-25	108
g1012.t1	VFG000368(gb|WP_000703040)	31.690	284	178	6	225	502	155	428	2.65e-25	108
g1012.t1	VFG012529(gb|WP_000703040)	31.690	284	178	6	225	502	155	428	2.65e-25	108
g1012.t1	VFG012527(gb|WP_000703047)	31.690	284	178	6	225	502	155	428	2.86e-25	108
g1012.t1	VFG048559(gb|YP_005227761)	31.690	284	178	6	225	502	155	428	5.30e-25	107
g1012.t1	VFG048558(gb|WP_014907273)	31.970	269	171	5	236	502	170	428	6.28e-25	107
g1012.t1	VFG003509(gb|WP_005168693)	31.970	269	171	5	236	502	170	428	9.74e-25	106
g1012.t1	VFG016148(gb|WP_011168857)	27.806	392	249	12	109	495	81	443	1.96e-24	105
g1012.t1	VFG003124(gb|WP_002230823)	31.469	286	176	6	225	502	155	428	2.99e-24	105
g1012.t1	VFG048556(gb|WP_014838496)	31.599	269	172	5	236	502	170	428	3.40e-24	105
g1012.t1	VFG048557(gb|WP_014229378)	31.599	269	172	5	236	502	170	428	3.63e-24	105
g1012.t1	VFG044366(gb|WP_013318790)	33.824	272	162	7	240	505	125	384	3.57e-23	101
g1012.t1	VFG022750(gb|WP_041324788)	30.147	272	182	3	228	498	177	441	3.94e-23	102
g1012.t1	VFG026691(gb|WP_015356494)	30.147	272	182	3	228	498	177	441	4.24e-23	102
g1012.t1	VFG009568(gb|WP_011741385)	30.147	272	182	3	228	498	177	441	4.40e-23	102
g1012.t1	VFG016147(gb|WP_011104103)	29.310	290	192	6	223	509	186	465	6.54e-23	101
g1012.t1	VFG016150(gb|WP_011061768)	28.852	305	192	9	203	495	157	448	1.52e-21	97.4
g1012.t1	VFG015516(gb|WP_012074247)	31.293	294	171	11	235	513	119	396	1.57e-21	98.2
g1012.t1	VFG000171(gb|NP_252921)	31.274	259	166	4	252	508	214	462	1.77e-20	94.4
g1012.t1	VFG016146(gb|WP_003129314)	31.274	259	166	4	252	508	214	462	2.18e-20	94.0
g1012.t1	VFG015515(gb|NP_252903)	31.525	295	169	12	235	513	119	396	2.59e-20	94.4
g1012.t1	VFG020026(gb|WP_012613547)	31.525	295	169	12	235	513	119	396	2.78e-20	94.4
g1012.t1	VFG016145(gb|WP_012074234)	31.154	260	167	4	252	509	214	463	5.99e-20	92.4
g1012.t1	VFG015517(gb|WP_003137488)	30.612	294	173	11	235	513	119	396	7.93e-20	92.8
g1012.t1	VFG015538(gb|WP_011666697)	29.932	294	175	11	235	513	119	396	3.72e-19	90.9
g1012.t1	VFG020095(gb|WP_012613541)	30.888	259	167	4	252	508	214	462	4.06e-19	90.1
g1012.t1	VFG022753(gb|WP_014001250)	29.688	256	168	5	231	483	177	423	6.64e-19	89.4
g1012.t1	VFG026688(gb|WP_015303465)	29.688	256	168	5	231	483	177	423	9.88e-19	88.6
g1012.t1	VFG009561(gb|YP_177877)	29.688	256	168	5	231	483	177	423	1.16e-18	88.6
g1012.t1	VFG050010(gb|NP_391079)	31.047	277	170	6	241	506	127	393	3.02e-18	86.7
g1012.t1	VFG026689(gb|WP_015290630)	29.297	256	169	5	231	483	177	423	4.04e-18	86.7
g1012.t1	VFG044235(gb|WP_011706310)	30.038	263	157	7	255	506	143	389	1.42e-16	81.6
g1012.t1	VFG044428(gb|CAJ45635)	29.032	248	140	7	272	505	157	382	1.98e-16	81.3
g1012.t1	VFG012995(gb|WP_004980869)	30.657	274	172	8	237	504	125	386	2.81e-16	80.5
g1012.t1	VFG044424(gb|AAW66008)	28.629	248	141	7	272	505	157	382	3.36e-16	80.5
g1012.t1	VFG000931(gb|WP_001336900)	30.292	274	173	8	237	504	125	386	7.22e-16	79.3
g1012.t1	VFG007204(gb|WP_000245175)	31.100	209	131	5	299	505	187	384	7.90e-16	79.3
g1012.t1	VFG012996(gb|WP_005141144)	30.292	274	173	8	237	504	125	386	1.67e-15	78.2
g1012.t1	VFG012991(gb|WP_000381303)	30.292	274	173	8	237	504	125	386	2.14e-15	77.8
g1012.t1	VFG020172(gb|WP_012421470)	30.292	274	173	8	237	504	125	386	2.20e-15	77.8
g1012.t1	VFG050147(gb|WP_000657804)	29.964	277	174	7	250	516	133	399	2.23e-15	77.8
g1012.t1	VFG050007(gb|WP_001001953)	28.621	290	187	6	237	516	120	399	6.01e-15	76.6
g1012.t1	VFG050008(gb|WP_003185958)	30.970	268	163	6	250	506	136	392	8.07e-15	76.3
g1012.t1	VFG050005(gb|WP_000657806)	28.881	277	177	6	250	516	133	399	9.60e-15	75.9
g1012.t1	VFG050145(gb|WP_001001947)	29.455	275	174	6	252	516	135	399	9.77e-15	75.9
g1012.t1	VFG050011(gb|WP_001001954)	29.455	275	174	6	252	516	135	399	1.08e-14	75.9
g1012.t1	VFG037222(gb|WP_000983827)	26.667	315	203	12	203	504	82	381	1.79e-14	75.1
g1012.t1	VFG037219(gb|YP_001085393)	26.667	315	203	12	203	504	82	381	1.89e-14	75.1
g1012.t1	VFG050006(gb|WP_001002070)	28.276	290	188	6	237	516	120	399	2.88e-14	74.7
g1012.t1	VFG050002(gb|WP_001001950)	28.276	290	188	6	237	516	120	399	3.06e-14	74.3
g1012.t1	VFG037216(gb|WP_000983826)	26.230	305	199	11	213	504	90	381	3.22e-14	74.3
g1012.t1	VFG007206(gb|WP_011081752)	28.448	232	150	7	278	505	163	382	3.30e-14	74.3
g1012.t1	VFG037224(gb|WP_000983828)	28.390	236	155	6	272	504	157	381	3.86e-14	73.9
g1012.t1	VFG048437(gb|WP_014599079)	29.151	271	174	8	240	504	128	386	6.01e-14	73.6
g1012.t1	VFG037218(gb|WP_000983821)	28.390	236	155	6	272	504	157	381	6.68e-14	73.2
g1012.t1	VFG011605(gb|WP_004687595)	28.364	275	180	7	237	505	123	386	6.88e-14	73.2
g1012.t1	VFG011604(gb|WP_006191560)	28.364	275	180	7	237	505	123	386	7.06e-14	73.2
g1012.t1	VFG011601(gb|WP_004681148)	28.364	275	180	7	237	505	123	386	7.06e-14	73.2
g1012.t1	VFG048438(gb|WP_004176916)	29.151	271	174	8	240	504	128	386	7.46e-14	73.2
g1012.t1	VFG019334(gb|WP_004685886)	28.364	275	180	7	237	505	123	386	7.52e-14	73.2
g1012.t1	VFG048435(gb|YP_005225746)	29.259	270	173	8	241	504	129	386	7.59e-14	73.2
g1012.t1	VFG048439(gb|WP_014907941)	29.151	271	174	8	240	504	128	386	7.73e-14	73.2
g1012.t1	VFG011602(gb|WP_002966563)	28.364	275	180	7	237	505	123	386	8.08e-14	73.2
g1012.t1	VFG019270(gb|WP_006196125)	29.348	276	176	8	237	505	123	386	1.14e-13	72.8
g1012.t1	VFG016149(gb|WP_197533010)	30.357	280	176	8	237	509	111	378	1.25e-13	72.4
g1012.t1	VFG050146(gb|WP_001972440)	28.727	275	176	6	252	516	135	399	5.30e-13	70.5
g1012.t1	VFG048432(gb|WP_014228359)	28.782	271	175	8	240	504	128	386	1.40e-12	69.3
g1012.t1	VFG048431(gb|WP_014837777)	28.782	271	175	8	240	504	128	386	1.85e-12	68.9
g1012.t1	VFG048434(gb|WP_012542487)	28.413	271	176	8	240	504	128	386	2.92e-12	68.2
g1012.t1	VFG044421(gb|AAR12563)	27.358	212	135	6	299	505	185	382	3.30e-11	65.1
g1781.t1	VFG026700(gb|YP_007957699)	39.467	375	206	5	59	412	124	498	8.69e-69	226
g1781.t1	VFG016150(gb|WP_011061768)	30.714	280	183	3	144	414	182	459	5.20e-32	126
g1781.t1	VFG034013(gb|WP_000703044)	31.119	286	188	7	125	407	146	425	7.19e-28	114
g1781.t1	VFG034022(gb|WP_000703042)	31.119	286	188	7	125	407	146	425	7.93e-28	114
g1781.t1	VFG044323(gb|WP_015874960)	31.469	286	187	7	125	407	146	425	8.08e-28	114
g1781.t1	VFG000368(gb|WP_000703040)	31.119	286	188	7	125	407	146	425	1.07e-27	114
g1781.t1	VFG012529(gb|WP_000703040)	31.119	286	188	7	125	407	146	425	1.07e-27	114
g1781.t1	VFG048559(gb|YP_005227761)	31.119	286	188	7	125	407	146	425	1.08e-27	114
g1781.t1	VFG012527(gb|WP_000703047)	31.119	286	188	7	125	407	146	425	1.12e-27	114
g1781.t1	VFG003124(gb|WP_002230823)	34.742	213	134	4	197	407	216	425	4.64e-27	112
g1781.t1	VFG003509(gb|WP_005168693)	30.769	286	189	7	125	407	146	425	5.52e-27	112
g1781.t1	VFG034008(gb|WP_000703041)	31.119	286	188	7	125	407	146	425	3.21e-26	109
g1781.t1	VFG048558(gb|WP_014907273)	31.119	286	188	7	125	407	146	425	5.40e-26	108
g1781.t1	VFG009569(gb|WP_011729893)	27.221	349	240	6	64	410	106	442	3.63e-25	106
g1781.t1	VFG016147(gb|WP_011104103)	26.471	272	196	2	146	416	196	464	5.17e-25	106
g1781.t1	VFG026686(gb|WP_051223603)	29.412	255	179	1	154	407	184	438	8.81e-25	105
g1781.t1	VFG022751(gb|YP_001702980)	29.412	255	179	1	154	407	187	441	8.86e-25	105
g1781.t1	VFG026692(gb|WP_005058871)	29.412	255	179	1	154	407	184	438	8.89e-25	105
g1781.t1	VFG016145(gb|WP_012074234)	31.330	233	154	2	189	419	237	465	1.43e-24	105
g1781.t1	VFG016148(gb|WP_011168857)	30.189	212	144	2	212	422	254	462	1.91e-24	104
g1781.t1	VFG024040(gb|WP_014379711)	26.286	350	242	8	64	410	106	442	5.46e-24	103
g1781.t1	VFG024036(gb|WP_009956566)	28.846	260	180	4	154	410	185	442	8.45e-24	102
g1781.t1	VFG000171(gb|NP_252921)	30.472	233	156	2	189	419	237	465	1.52e-23	102
g1781.t1	VFG022750(gb|WP_041324788)	26.496	351	246	3	72	410	95	445	3.34e-23	101
g1781.t1	VFG020095(gb|WP_012613541)	31.455	213	140	2	209	419	257	465	3.72e-23	101
g1781.t1	VFG009566(gb|WP_003875926)	27.907	258	185	1	154	410	185	442	4.21e-23	100
g1781.t1	VFG016146(gb|WP_003129314)	30.043	233	157	2	189	419	237	465	4.61e-23	100
g1781.t1	VFG009567(gb|WP_011724335)	27.907	258	185	1	154	410	185	442	4.99e-23	100
g1781.t1	VFG009568(gb|WP_011741385)	26.496	351	246	3	72	410	95	445	5.55e-23	100
g1781.t1	VFG026691(gb|WP_015356494)	26.829	328	228	3	95	410	118	445	1.52e-22	99.4
g1781.t1	VFG048556(gb|WP_014838496)	30.916	262	160	7	156	407	175	425	1.88e-22	98.6
g1781.t1	VFG048557(gb|WP_014229378)	30.916	262	160	7	156	407	175	425	2.07e-22	98.6
g1781.t1	VFG044366(gb|WP_013318790)	30.876	217	147	2	196	411	168	382	2.62e-22	97.8
g1781.t1	VFG044235(gb|WP_011706310)	28.195	266	185	3	153	414	126	389	2.75e-22	97.8
g1781.t1	VFG050007(gb|WP_001001953)	29.104	268	173	6	157	414	129	389	4.91e-22	97.1
g1781.t1	VFG050008(gb|WP_003185958)	33.333	198	128	2	215	411	195	389	4.18e-21	94.4
g1781.t1	VFG050011(gb|WP_001001954)	28.358	268	175	5	157	414	129	389	8.47e-21	93.6
g1781.t1	VFG050145(gb|WP_001001947)	28.358	268	175	5	157	414	129	389	8.71e-21	93.6
g1781.t1	VFG016149(gb|WP_197533010)	28.467	274	171	5	147	411	115	372	1.57e-20	92.4
g1781.t1	VFG050010(gb|NP_391079)	28.782	271	179	4	155	414	126	393	2.00e-20	92.4
g1781.t1	VFG050002(gb|WP_001001950)	28.358	268	175	5	157	414	129	389	2.29e-20	92.4
g1781.t1	VFG050006(gb|WP_001002070)	27.138	269	183	4	156	414	124	389	4.62e-19	88.6
g1781.t1	VFG050147(gb|WP_000657804)	26.766	269	184	4	156	414	124	389	1.90e-18	86.7
g1781.t1	VFG011602(gb|WP_002966563)	29.500	200	138	2	213	411	187	384	5.51e-18	85.1
g1781.t1	VFG019334(gb|WP_004685886)	29.500	200	138	2	213	411	187	384	5.61e-18	85.1
g1781.t1	VFG011605(gb|WP_004687595)	29.500	200	138	2	213	411	187	384	5.72e-18	85.1
g1781.t1	VFG050005(gb|WP_000657806)	26.394	269	185	4	156	414	124	389	5.73e-18	85.1
g1781.t1	VFG011604(gb|WP_006191560)	29.500	200	138	2	213	411	187	384	5.99e-18	85.1
g1781.t1	VFG011601(gb|WP_004681148)	29.500	200	138	2	213	411	187	384	5.99e-18	85.1
g1781.t1	VFG044428(gb|CAJ45635)	24.345	267	192	5	152	412	119	381	6.48e-18	84.7
g1781.t1	VFG019270(gb|WP_006196125)	29.500	200	138	2	213	411	187	384	1.09e-17	84.3
g1781.t1	VFG022753(gb|WP_014001250)	27.184	309	214	3	113	410	134	442	2.43e-17	83.6
g1781.t1	VFG050146(gb|WP_001972440)	29.703	202	139	2	214	414	190	389	3.46e-17	82.8
g1781.t1	VFG009561(gb|YP_177877)	27.184	309	214	3	113	410	134	442	4.13e-17	82.8
g1781.t1	VFG044424(gb|AAW66008)	23.970	267	193	5	152	412	119	381	4.91e-17	82.4
g1781.t1	VFG012991(gb|WP_000381303)	29.167	216	148	3	201	414	176	388	5.71e-17	82.0
g1781.t1	VFG000931(gb|WP_001336900)	28.704	216	149	3	201	414	176	388	5.77e-17	82.0
g1781.t1	VFG020172(gb|WP_012421470)	29.167	216	148	3	201	414	176	388	5.87e-17	82.0
g1781.t1	VFG012996(gb|WP_005141144)	28.372	215	151	2	201	414	176	388	6.21e-17	82.0
g1781.t1	VFG012995(gb|WP_004980869)	28.372	215	151	2	201	414	176	388	7.33e-17	81.6
g1781.t1	VFG026688(gb|WP_015303465)	27.184	309	214	3	113	410	134	442	7.46e-17	82.0
g1781.t1	VFG026689(gb|WP_015290630)	27.508	309	213	3	113	410	134	442	2.14e-16	80.9
g1781.t1	VFG007204(gb|WP_000245175)	25.182	274	195	5	144	411	113	382	3.68e-16	79.7
g1781.t1	VFG037224(gb|WP_000983828)	29.126	206	139	3	212	414	182	383	1.02e-15	78.2
g1781.t1	VFG037216(gb|WP_000983826)	29.126	206	139	3	212	414	182	383	1.28e-15	77.8
g1781.t1	VFG037222(gb|WP_000983827)	29.126	206	139	3	212	414	182	383	1.47e-15	77.8
g1781.t1	VFG037219(gb|YP_001085393)	28.641	206	140	3	212	414	182	383	2.06e-15	77.4
g1781.t1	VFG037218(gb|WP_000983821)	28.641	206	140	3	212	414	182	383	4.56e-15	76.3
g1781.t1	VFG048437(gb|WP_014599079)	27.778	216	151	3	201	414	176	388	6.17e-15	75.9
g1781.t1	VFG048438(gb|WP_004176916)	27.778	216	151	3	201	414	176	388	6.89e-15	75.9
g1781.t1	VFG048435(gb|YP_005225746)	27.778	216	151	3	201	414	176	388	6.89e-15	75.9
g1781.t1	VFG048439(gb|WP_014907941)	27.778	216	151	3	201	414	176	388	7.34e-15	75.9
g1781.t1	VFG007206(gb|WP_011081752)	24.752	202	149	2	212	412	182	381	1.11e-14	75.1
g1781.t1	VFG048434(gb|WP_012542487)	27.315	216	152	3	201	414	176	388	2.33e-14	74.3
g1781.t1	VFG048432(gb|WP_014228359)	25.926	216	155	3	201	414	176	388	1.07e-13	72.0
g1781.t1	VFG048431(gb|WP_014837777)	25.926	216	155	3	201	414	176	388	1.07e-13	72.0
g1781.t1	VFG044421(gb|AAR12563)	22.642	265	197	4	152	411	119	380	7.89e-13	69.3
g1781.t1	VFG015516(gb|WP_012074247)	26.354	277	184	9	155	418	124	393	2.13e-10	62.4
g1781.t1	VFG015517(gb|WP_003137488)	26.296	270	180	8	161	418	131	393	6.59e-09	57.8
g1781.t1	VFG015515(gb|NP_252903)	26.296	270	180	8	161	418	131	393	6.77e-09	57.8
g1781.t1	VFG020026(gb|WP_012613547)	26.296	270	180	8	161	418	131	393	7.38e-09	57.8
g1781.t1	VFG015538(gb|WP_011666697)	25.556	270	182	8	161	418	131	393	2.95e-08	55.8
g1610.t1	VFG026700(gb|YP_007957699)	42.133	375	194	7	148	507	131	497	1.48e-70	234
g1610.t1	VFG009569(gb|WP_011729893)	31.541	279	179	4	225	502	171	438	1.17e-29	121
g1610.t1	VFG048557(gb|WP_014229378)	32.246	276	175	5	229	502	159	424	7.30e-26	109
g1610.t1	VFG048556(gb|WP_014838496)	32.246	276	175	5	229	502	159	424	7.30e-26	109
g1610.t1	VFG026692(gb|WP_005058871)	29.412	289	192	4	215	502	160	437	2.81e-25	108
g1610.t1	VFG022751(gb|YP_001702980)	29.412	289	192	4	215	502	163	440	3.09e-25	108
g1610.t1	VFG026686(gb|WP_051223603)	29.412	289	192	4	215	502	160	437	3.27e-25	108
g1610.t1	VFG034008(gb|WP_000703041)	31.955	266	165	6	241	502	171	424	1.04e-24	106
g1610.t1	VFG048558(gb|WP_014907273)	32.197	264	163	6	243	502	173	424	1.58e-24	105
g1610.t1	VFG048559(gb|YP_005227761)	31.955	266	165	6	241	502	171	424	1.83e-24	105
g1610.t1	VFG012527(gb|WP_000703047)	31.955	266	165	6	241	502	171	424	2.13e-24	105
g1610.t1	VFG003124(gb|WP_002230823)	31.179	263	171	4	241	502	171	424	2.17e-24	105
g1610.t1	VFG000368(gb|WP_000703040)	31.955	266	165	6	241	502	171	424	2.30e-24	105
g1610.t1	VFG012529(gb|WP_000703040)	31.955	266	165	6	241	502	171	424	2.30e-24	105
g1610.t1	VFG003509(gb|WP_005168693)	31.955	266	165	6	241	502	171	424	2.47e-24	105
g1610.t1	VFG044323(gb|WP_015874960)	31.955	266	165	6	241	502	171	424	2.52e-24	105
g1610.t1	VFG034013(gb|WP_000703044)	33.068	251	152	6	256	502	186	424	2.77e-24	105
g1610.t1	VFG034022(gb|WP_000703042)	33.068	251	152	6	256	502	186	424	2.93e-24	105
g1610.t1	VFG009566(gb|WP_003875926)	31.600	250	159	5	256	502	198	438	9.94e-24	103
g1610.t1	VFG009567(gb|WP_011724335)	31.600	250	159	5	256	502	198	438	1.35e-23	103
g1610.t1	VFG044366(gb|WP_013318790)	32.203	295	178	9	225	511	106	386	1.82e-23	102
g1610.t1	VFG024036(gb|WP_009956566)	31.200	250	160	5	256	502	198	438	4.13e-23	102
g1610.t1	VFG024040(gb|WP_014379711)	31.200	250	160	5	256	502	198	438	1.12e-22	100
g1610.t1	VFG016150(gb|WP_011061768)	28.479	309	200	7	208	510	166	459	1.13e-22	100
g1610.t1	VFG016148(gb|WP_011168857)	27.636	275	183	5	242	515	200	459	4.53e-21	95.9
g1610.t1	VFG016147(gb|WP_011104103)	29.197	274	170	7	243	511	209	463	7.10e-21	95.5
g1610.t1	VFG026691(gb|WP_015356494)	28.435	313	205	6	191	502	147	441	3.16e-20	93.2
g1610.t1	VFG009568(gb|WP_011741385)	28.435	313	205	6	191	502	147	441	3.34e-20	93.2
g1610.t1	VFG022750(gb|WP_041324788)	28.435	313	205	6	191	502	147	441	3.46e-20	93.2
g1610.t1	VFG026688(gb|WP_015303465)	29.450	309	182	9	191	487	139	423	1.44e-18	88.2
g1610.t1	VFG026689(gb|WP_015290630)	29.221	308	184	8	191	487	139	423	2.24e-18	87.4
g1610.t1	VFG037216(gb|WP_000983826)	30.603	232	147	7	284	512	165	385	3.09e-18	86.7
g1610.t1	VFG037222(gb|WP_000983827)	30.603	232	147	7	284	512	165	385	3.39e-18	86.3
g1610.t1	VFG037224(gb|WP_000983828)	30.603	232	147	7	284	512	165	385	4.11e-18	86.3
g1610.t1	VFG037219(gb|YP_001085393)	30.603	232	147	7	284	512	165	385	4.22e-18	86.3
g1610.t1	VFG037218(gb|WP_000983821)	30.603	232	147	7	284	512	165	385	4.75e-18	85.9
g1610.t1	VFG022753(gb|WP_014001250)	30.097	309	180	10	191	487	139	423	1.06e-17	85.5
g1610.t1	VFG009561(gb|YP_177877)	30.097	309	180	10	191	487	139	423	1.68e-17	84.7
g1610.t1	VFG044424(gb|AAW66008)	29.851	268	169	8	249	509	127	382	5.25e-17	82.8
g1610.t1	VFG044428(gb|CAJ45635)	29.478	268	170	8	249	509	127	382	8.05e-17	82.4
g1610.t1	VFG050010(gb|NP_391079)	28.523	298	184	8	228	514	118	397	9.80e-16	79.0
g1610.t1	VFG050007(gb|WP_001001953)	27.211	294	186	8	228	511	115	390	1.12e-15	79.0
g1610.t1	VFG050002(gb|WP_001001950)	27.211	294	186	8	228	511	115	390	1.14e-15	79.0
g1610.t1	VFG050006(gb|WP_001002070)	27.211	294	186	7	228	511	115	390	1.70e-15	78.2
g1610.t1	VFG007206(gb|WP_011081752)	28.235	255	168	7	260	509	138	382	2.91e-15	77.4
g1610.t1	VFG050011(gb|WP_001001954)	27.211	294	186	8	228	511	115	390	3.16e-15	77.4
g1610.t1	VFG050145(gb|WP_001001947)	27.211	294	186	8	228	511	115	390	3.28e-15	77.4
g1610.t1	VFG044235(gb|WP_011706310)	28.417	278	172	10	245	511	129	390	3.36e-15	77.4
g1610.t1	VFG044421(gb|AAR12563)	28.627	255	167	8	260	509	138	382	6.16e-15	76.6
g1610.t1	VFG007204(gb|WP_000245175)	27.372	274	184	6	241	509	121	384	1.28e-14	75.5
g1610.t1	VFG000171(gb|NP_252921)	26.000	300	205	6	218	512	175	462	2.29e-14	75.1
g1610.t1	VFG011602(gb|WP_002966563)	32.057	209	129	6	303	509	189	386	2.50e-14	74.7
g1610.t1	VFG050146(gb|WP_001972440)	26.871	294	187	8	228	511	115	390	2.58e-14	74.7
g1610.t1	VFG011604(gb|WP_006191560)	32.057	209	129	6	303	509	189	386	2.60e-14	74.7
g1610.t1	VFG011601(gb|WP_004681148)	32.057	209	129	6	303	509	189	386	2.60e-14	74.7
g1610.t1	VFG019334(gb|WP_004685886)	32.057	209	129	6	303	509	189	386	2.69e-14	74.7
g1610.t1	VFG011605(gb|WP_004687595)	32.057	209	129	6	303	509	189	386	2.69e-14	74.7
g1610.t1	VFG019270(gb|WP_006196125)	31.579	209	130	6	303	509	189	386	4.18e-14	73.9
g1610.t1	VFG050147(gb|WP_000657804)	27.106	273	179	6	249	511	128	390	8.90e-14	73.2
g1610.t1	VFG050005(gb|WP_000657806)	26.190	294	189	7	228	511	115	390	1.00e-13	72.8
g1610.t1	VFG015516(gb|WP_012074247)	28.920	287	171	12	242	512	122	391	1.40e-13	73.2
g1610.t1	VFG020095(gb|WP_012613541)	25.914	301	204	7	218	512	175	462	1.48e-13	72.8
g1610.t1	VFG016146(gb|WP_003129314)	25.168	298	210	5	218	512	175	462	1.58e-13	72.8
g1610.t1	VFG050008(gb|WP_003185958)	29.720	286	171	8	241	511	123	393	1.97e-13	72.0
g1610.t1	VFG015515(gb|NP_252903)	28.322	286	174	11	242	512	122	391	5.05e-13	71.6
g1610.t1	VFG015517(gb|WP_003137488)	28.322	286	174	11	242	512	122	391	5.14e-13	71.2
g1610.t1	VFG020026(gb|WP_012613547)	28.322	286	174	11	242	512	122	391	5.18e-13	71.2
g1610.t1	VFG016145(gb|WP_012074234)	26.718	262	178	5	255	513	213	463	6.72e-13	70.9
g1610.t1	VFG015538(gb|WP_011666697)	27.972	286	175	11	242	512	122	391	9.72e-13	70.5
g1610.t1	VFG012995(gb|WP_004980869)	29.515	227	145	6	284	507	171	385	4.13e-12	67.8
g1610.t1	VFG016149(gb|WP_197533010)	29.487	234	151	6	284	514	157	379	6.48e-12	67.0
g1610.t1	VFG048432(gb|WP_014228359)	27.839	273	175	9	243	507	127	385	1.63e-11	65.9
g1610.t1	VFG048431(gb|WP_014837777)	27.839	273	175	9	243	507	127	385	1.78e-11	65.9
g1610.t1	VFG000931(gb|WP_001336900)	29.515	227	145	7	284	507	171	385	1.83e-11	65.9
g1610.t1	VFG012996(gb|WP_005141144)	29.075	227	146	6	284	507	171	385	2.71e-11	65.1
g1610.t1	VFG012991(gb|WP_000381303)	29.075	227	146	6	284	507	171	385	3.58e-11	65.1
g1610.t1	VFG020172(gb|WP_012421470)	29.075	227	146	6	284	507	171	385	3.71e-11	64.7
g1610.t1	VFG048438(gb|WP_004176916)	27.106	273	177	9	243	507	127	385	4.16e-11	64.7
g1610.t1	VFG048437(gb|WP_014599079)	27.106	273	177	9	243	507	127	385	4.16e-11	64.7
g1610.t1	VFG048439(gb|WP_014907941)	27.106	273	177	9	243	507	127	385	4.63e-11	64.7
g1610.t1	VFG048435(gb|YP_005225746)	26.740	273	178	9	243	507	127	385	1.40e-10	63.2
g1610.t1	VFG048434(gb|WP_012542487)	27.273	275	174	9	243	507	127	385	1.40e-10	63.2
g1707.t1	VFG026700(gb|YP_007957699)	33.735	498	282	9	1	450	1	498	3.41e-60	204
g1707.t1	VFG026686(gb|WP_051223603)	30.116	259	178	3	192	448	184	441	1.18e-26	111
g1707.t1	VFG022751(gb|YP_001702980)	30.116	259	178	3	192	448	187	444	1.22e-26	111
g1707.t1	VFG026692(gb|WP_005058871)	30.116	259	178	3	192	448	184	441	1.44e-26	111
g1707.t1	VFG009569(gb|WP_011729893)	28.623	276	194	3	173	446	166	440	4.06e-25	107
g1707.t1	VFG016146(gb|WP_003129314)	28.571	301	205	6	150	446	160	454	6.69e-24	103
g1707.t1	VFG009566(gb|WP_003875926)	28.627	255	179	3	194	446	187	440	1.05e-23	102
g1707.t1	VFG009567(gb|WP_011724335)	28.627	255	179	3	194	446	187	440	1.25e-23	102
g1707.t1	VFG020095(gb|WP_012613541)	28.617	311	204	8	150	452	160	460	2.64e-23	102
g1707.t1	VFG000171(gb|NP_252921)	28.617	311	204	8	150	452	160	460	2.74e-23	102
g1707.t1	VFG024040(gb|WP_014379711)	27.675	271	191	4	179	446	172	440	4.69e-23	100
g1707.t1	VFG024036(gb|WP_009956566)	27.675	271	191	4	179	446	172	440	5.39e-23	100
g1707.t1	VFG016145(gb|WP_012074234)	30.222	225	151	3	224	446	234	454	8.53e-23	100
g1707.t1	VFG022750(gb|WP_041324788)	29.218	243	171	1	205	446	201	443	5.41e-22	97.8
g1707.t1	VFG026691(gb|WP_015356494)	29.218	243	171	1	205	446	201	443	5.47e-22	97.8
g1707.t1	VFG009568(gb|WP_011741385)	29.339	242	170	1	205	445	201	442	8.46e-22	97.4
g1707.t1	VFG003509(gb|WP_005168693)	27.907	215	153	2	235	448	215	428	1.25e-20	93.6
g1707.t1	VFG011602(gb|WP_002966563)	30.500	200	136	2	251	449	187	384	1.89e-20	92.8
g1707.t1	VFG011604(gb|WP_006191560)	30.500	200	136	2	251	449	187	384	1.96e-20	92.8
g1707.t1	VFG011601(gb|WP_004681148)	30.500	200	136	2	251	449	187	384	1.96e-20	92.8
g1707.t1	VFG011605(gb|WP_004687595)	30.500	200	136	2	251	449	187	384	2.02e-20	92.8
g1707.t1	VFG048558(gb|WP_014907273)	27.907	215	153	2	235	448	215	428	2.17e-20	92.8
g1707.t1	VFG019334(gb|WP_004685886)	30.500	200	136	2	251	449	187	384	2.28e-20	92.4
g1707.t1	VFG034013(gb|WP_000703044)	27.907	215	153	2	235	448	215	428	3.45e-20	92.4
g1707.t1	VFG034022(gb|WP_000703042)	27.907	215	153	2	235	448	215	428	3.48e-20	92.4
g1707.t1	VFG044323(gb|WP_015874960)	27.907	215	153	2	235	448	215	428	3.61e-20	92.4
g1707.t1	VFG000368(gb|WP_000703040)	27.907	215	153	2	235	448	215	428	3.85e-20	92.4
g1707.t1	VFG012529(gb|WP_000703040)	27.907	215	153	2	235	448	215	428	3.85e-20	92.4
g1707.t1	VFG012527(gb|WP_000703047)	27.907	215	153	2	235	448	215	428	3.92e-20	92.0
g1707.t1	VFG019270(gb|WP_006196125)	30.500	200	136	2	251	449	187	384	4.59e-20	91.7
g1707.t1	VFG003124(gb|WP_002230823)	28.169	213	152	1	236	448	217	428	5.42e-20	91.7
g1707.t1	VFG034008(gb|WP_000703041)	27.907	215	153	2	235	448	215	428	6.58e-20	91.7
g1707.t1	VFG048559(gb|YP_005227761)	27.907	215	153	2	235	448	215	428	6.76e-20	91.7
g1707.t1	VFG026689(gb|WP_015290630)	31.250	240	152	4	210	446	211	440	4.97e-19	89.0
g1707.t1	VFG022753(gb|WP_014001250)	31.250	240	152	4	210	446	211	440	4.97e-19	89.0
g1707.t1	VFG026688(gb|WP_015303465)	31.250	240	152	4	210	446	211	440	5.35e-19	89.0
g1707.t1	VFG009561(gb|YP_177877)	31.250	240	152	4	210	446	211	440	7.51e-19	88.6
g1707.t1	VFG044366(gb|WP_013318790)	27.419	248	171	4	207	449	139	382	1.09e-18	87.4
g1707.t1	VFG016150(gb|WP_011061768)	27.638	199	142	1	250	448	259	455	1.21e-18	88.2
g1707.t1	VFG048438(gb|WP_004176916)	30.000	230	150	4	226	450	163	386	1.30e-18	87.4
g1707.t1	VFG048435(gb|YP_005225746)	30.000	230	150	4	226	450	163	386	1.31e-18	87.4
g1707.t1	VFG048437(gb|WP_014599079)	30.000	230	150	4	226	450	163	386	1.46e-18	87.0
g1707.t1	VFG048439(gb|WP_014907941)	30.000	230	150	4	226	450	163	386	1.69e-18	87.0
g1707.t1	VFG016149(gb|WP_197533010)	29.902	204	139	3	248	449	171	372	5.59e-18	85.1
g1707.t1	VFG048432(gb|WP_014228359)	29.130	230	152	4	226	450	163	386	5.60e-18	85.5
g1707.t1	VFG048431(gb|WP_014837777)	29.130	230	152	4	226	450	163	386	6.26e-18	85.1
g1707.t1	VFG048556(gb|WP_014838496)	27.442	215	154	2	235	448	215	428	1.74e-17	84.3
g1707.t1	VFG048557(gb|WP_014229378)	27.442	215	154	2	235	448	215	428	1.76e-17	84.3
g1707.t1	VFG050008(gb|WP_003185958)	27.820	266	179	4	194	449	127	389	2.77e-17	83.2
g1707.t1	VFG048434(gb|WP_012542487)	29.130	230	152	4	226	450	163	386	4.05e-17	82.8
g1707.t1	VFG050010(gb|NP_391079)	30.846	201	136	2	253	452	195	393	1.36e-16	81.3
g1707.t1	VFG050007(gb|WP_001001953)	25.373	268	189	4	194	452	124	389	1.76e-16	80.9
g1707.t1	VFG012996(gb|WP_005141144)	27.556	225	152	4	231	450	168	386	2.72e-16	80.1
g1707.t1	VFG012995(gb|WP_004980869)	27.556	225	152	4	231	450	168	386	3.32e-16	80.1
g1707.t1	VFG012991(gb|WP_000381303)	27.556	225	152	4	231	450	168	386	3.44e-16	80.1
g1707.t1	VFG020172(gb|WP_012421470)	27.556	225	152	4	231	450	168	386	3.51e-16	80.1
g1707.t1	VFG044235(gb|WP_011706310)	28.740	254	165	7	208	452	143	389	7.69e-16	79.0
g1707.t1	VFG016148(gb|WP_011168857)	25.604	207	149	3	236	441	241	443	1.60e-15	78.6
g1707.t1	VFG000931(gb|WP_001336900)	27.027	222	157	3	231	450	168	386	1.62e-15	77.8
g1707.t1	VFG050146(gb|WP_001972440)	25.373	268	189	4	194	452	124	389	2.63e-15	77.4
g1707.t1	VFG050011(gb|WP_001001954)	25.000	268	190	4	194	452	124	389	5.63e-15	76.3
g1707.t1	VFG050145(gb|WP_001001947)	25.000	268	190	4	194	452	124	389	5.68e-15	76.3
g1707.t1	VFG050002(gb|WP_001001950)	25.000	268	190	4	194	452	124	389	6.33e-15	76.3
g1707.t1	VFG050147(gb|WP_000657804)	24.534	322	225	7	143	452	74	389	2.42e-14	74.3
g1707.t1	VFG044428(gb|CAJ45635)	25.123	203	145	3	250	449	182	380	7.31e-14	72.8
g1707.t1	VFG050005(gb|WP_000657806)	25.000	268	190	4	194	452	124	389	9.19e-14	72.8
g1707.t1	VFG044424(gb|AAW66008)	24.631	203	146	3	250	449	182	380	1.07e-13	72.4
g1707.t1	VFG050006(gb|WP_001002070)	25.000	268	190	4	194	452	124	389	1.24e-13	72.0
g1707.t1	VFG007206(gb|WP_011081752)	24.460	278	196	7	182	449	107	380	1.50e-13	72.0
g1707.t1	VFG016147(gb|WP_011104103)	23.684	228	168	4	229	454	241	464	2.12e-13	71.6
g1707.t1	VFG007204(gb|WP_000245175)	25.758	198	144	2	253	449	187	382	1.28e-12	68.9
g1707.t1	VFG037219(gb|YP_001085393)	26.442	208	144	3	249	452	181	383	2.42e-12	68.2
g1707.t1	VFG037224(gb|WP_000983828)	26.442	208	144	3	249	452	181	383	2.82e-12	67.8
g1707.t1	VFG037222(gb|WP_000983827)	26.442	208	144	3	249	452	181	383	4.75e-12	67.4
g1707.t1	VFG037216(gb|WP_000983826)	26.442	208	144	3	249	452	181	383	4.80e-12	67.4
g1707.t1	VFG037218(gb|WP_000983821)	26.442	208	144	3	249	452	181	383	5.25e-12	67.0
g1707.t1	VFG015516(gb|WP_012074247)	24.727	275	187	9	193	454	124	391	3.20e-10	62.0
g1707.t1	VFG044421(gb|AAR12563)	22.772	202	145	4	253	449	185	380	4.37e-08	55.1
