g36.t1	VFG021881(gb|WP_010907486)	100.000	492	0	0	1	492	95	586	0.0	998
g36.t1	VFG028280(gb|WP_015291792)	53.770	504	164	6	52	491	150	648	3.34e-155	456
g36.t1	VFG023229(gb|WP_014002010)	53.770	504	164	6	52	491	150	648	6.61e-155	455
g36.t1	VFG028284(gb|YP_007963793)	73.401	297	79	0	195	491	11	307	9.73e-155	442
g36.t1	VFG028295(gb|WP_015695600)	73.401	297	79	0	195	491	368	664	1.36e-152	450
g36.t1	VFG021876(gb|NP_218393)	73.401	297	79	0	195	491	369	665	1.40e-152	450
g36.t1	VFG028293(gb|YP_005924950)	73.196	291	78	0	201	491	1	291	8.21e-152	434
g36.t1	VFG028281(gb|WP_015294701)	73.064	297	80	0	195	491	386	682	6.41e-151	446
g36.t1	VFG023227(gb|WP_012396950)	68.025	319	102	0	173	491	560	878	1.35e-144	436
g36.t1	VFG021882(gb|WP_011726641)	60.350	343	120	4	149	491	147	473	1.48e-141	415
g36.t1	VFG024429(gb|WP_011891671)	63.880	299	108	0	193	491	164	462	5.82e-139	408
g36.t1	VFG021883(gb|WP_011777405)	49.894	471	182	11	24	491	35	454	1.12e-135	399
g36.t1	VFG021885(gb|WP_011557500)	64.548	299	106	0	193	491	176	474	7.60e-132	390
g36.t1	VFG021884(gb|WP_011854175)	64.548	299	106	0	193	491	176	474	8.38e-132	390
g36.t1	VFG028282(gb|WP_079462708)	38.333	300	179	3	194	490	23	319	2.54e-61	203
g36.t1	VFG021880(gb|WP_003898495)	36.242	298	185	3	192	486	98	393	2.86e-55	189
g36.t1	VFG023274(gb|WP_085975687)	34.247	292	187	3	198	486	43	332	1.57e-40	148
g36.t1	VFG024458(gb|WP_008262890)	32.237	304	197	4	188	486	33	332	5.84e-37	139
g36.t1	VFG021959(gb|WP_010950949)	31.944	288	189	5	203	486	93	377	8.07e-37	139
g36.t1	VFG021961(gb|WP_003876911)	31.908	304	198	4	188	486	33	332	2.75e-36	137
g36.t1	VFG028444(gb|WP_014585580)	32.895	304	195	5	188	486	33	332	9.13e-36	135
g36.t1	VFG028449(gb|YP_005362404)	32.566	304	196	5	188	486	33	332	2.63e-35	134
g36.t1	VFG021955(gb|WP_003899748)	32.566	304	196	5	188	486	33	332	2.88e-35	134
g36.t1	VFG028441(gb|YP_007963805)	32.237	304	197	5	188	486	33	332	2.91e-34	131
g36.t1	VFG028446(gb|YP_007959826)	30.824	279	186	5	203	477	93	368	3.07e-33	129
g614.t1	VFG028282(gb|WP_079462708)	36.700	297	180	2	262	555	24	315	5.84e-58	197
g614.t1	VFG021880(gb|WP_003898495)	36.897	290	182	1	267	556	106	394	1.98e-51	181
g614.t1	VFG021882(gb|WP_011726641)	33.451	284	179	4	273	552	188	465	1.52e-45	167
g614.t1	VFG021883(gb|WP_011777405)	34.155	284	177	4	273	552	169	446	1.60e-45	167
g614.t1	VFG024429(gb|WP_011891671)	33.803	284	178	4	273	552	177	454	3.69e-45	166
g614.t1	VFG021884(gb|WP_011854175)	33.101	287	182	4	273	555	189	469	2.44e-40	152
g614.t1	VFG021885(gb|WP_011557500)	33.101	287	182	4	273	555	189	469	3.12e-40	152
g614.t1	VFG021881(gb|WP_010907486)	31.250	288	186	4	270	552	297	577	1.06e-36	144
g614.t1	VFG028293(gb|YP_005924950)	32.270	282	185	3	273	552	6	283	1.57e-29	118
g614.t1	VFG028284(gb|YP_007963793)	32.270	282	185	3	273	552	22	299	3.68e-29	117
g614.t1	VFG021959(gb|WP_010950949)	28.613	346	211	11	225	555	53	377	6.15e-29	118
g614.t1	VFG028283(gb|WP_042509340)	31.930	285	188	3	273	555	379	659	4.07e-27	116
g614.t1	VFG028281(gb|WP_015294701)	31.930	285	188	3	273	555	397	677	4.28e-27	116
g614.t1	VFG028295(gb|WP_015695600)	31.930	285	188	3	273	555	379	659	4.74e-27	115
g614.t1	VFG021876(gb|NP_218393)	31.930	285	188	3	273	555	380	660	4.75e-27	115
g614.t1	VFG023274(gb|WP_085975687)	27.946	297	210	3	260	555	39	332	5.14e-27	112
g614.t1	VFG023229(gb|WP_014002010)	32.281	285	181	4	273	552	363	640	7.40e-27	115
g614.t1	VFG028280(gb|WP_015291792)	32.281	285	181	4	273	552	363	640	7.81e-27	115
g614.t1	VFG028446(gb|YP_007959826)	28.704	324	196	10	225	534	53	355	5.06e-26	110
g614.t1	VFG021955(gb|WP_003899748)	27.458	295	211	2	262	555	40	332	7.51e-23	100
g614.t1	VFG028449(gb|YP_005362404)	27.458	295	211	2	262	555	40	332	8.33e-23	99.8
g614.t1	VFG028444(gb|WP_014585580)	27.458	295	211	2	262	555	40	332	1.04e-22	99.8
g614.t1	VFG021961(gb|WP_003876911)	26.441	295	214	2	262	555	40	332	3.18e-22	98.2
g614.t1	VFG028441(gb|YP_007963805)	27.119	295	212	2	262	555	40	332	7.96e-22	97.1
g614.t1	VFG024458(gb|WP_008262890)	26.441	295	214	2	262	555	40	332	4.96e-21	94.7
g614.t1	VFG021929(gb|WP_042632956)	28.019	414	243	10	2	369	11	415	6.43e-21	96.7
g614.t1	VFG023254(gb|WP_013826991)	33.984	256	128	7	21	245	31	276	6.62e-21	96.7
g614.t1	VFG023227(gb|WP_012396950)	27.607	326	215	7	234	552	559	870	1.15e-20	96.3
g614.t1	VFG021930(gb|WP_044089838)	27.470	415	244	9	2	369	11	415	1.60e-20	95.5
g614.t1	VFG023251(gb|WP_014002014)	31.008	258	148	4	2	235	18	269	1.73e-19	92.0
g614.t1	VFG028357(gb|WP_015291798)	31.008	258	148	4	2	235	18	269	1.99e-19	92.0
g614.t1	VFG028359(gb|WP_015294707)	31.008	258	148	4	2	235	18	269	2.14e-19	92.0
g614.t1	VFG028356(gb|WP_015288662)	30.620	258	149	4	2	235	18	269	6.78e-19	90.5
g614.t1	VFG024438(gb|WP_170320649)	31.008	258	148	4	2	235	15	266	2.59e-18	88.6
g614.t1	VFG023250(gb|WP_003910015)	30.233	258	150	4	2	235	18	269	6.27e-18	87.4
g614.t1	VFG021926(gb|WP_003400005)	30.233	258	150	4	2	235	18	269	6.50e-18	87.4
g614.t1	VFG028373(gb|WP_015695602)	30.233	258	150	4	2	235	18	269	7.22e-18	87.0
g614.t1	VFG021923(gb|WP_003907154)	30.233	258	150	4	2	235	18	269	7.48e-18	87.0
g614.t1	VFG028371(gb|YP_005924958)	30.233	258	150	4	2	235	18	269	8.09e-18	87.0
g614.t1	VFG028370(gb|YP_005362401)	30.962	239	135	4	21	235	16	248	2.06e-17	85.5
g614.t1	VFG028073(gb|YP_005360437)	35.096	208	126	6	17	221	38	239	6.83e-17	84.0
g614.t1	VFG002401(gb|NP_216314)	35.096	208	126	6	17	221	38	239	6.83e-17	84.0
g614.t1	VFG028062(gb|WP_015355474)	34.615	208	127	5	17	221	38	239	7.93e-17	84.0
g614.t1	VFG023534(gb|WP_012394394)	34.615	208	127	5	17	221	38	239	8.21e-17	84.0
g614.t1	VFG023535(gb|WP_013988879)	34.615	208	127	6	17	221	38	239	3.19e-16	82.0
g614.t1	VFG009188(gb|WP_011740933)	34.135	208	128	5	17	221	38	239	6.55e-16	80.9
g614.t1	VFG009187(gb|WP_010908390)	31.401	207	135	4	17	221	38	239	1.99e-15	79.3
g614.t1	VFG024603(gb|WP_043954905)	33.173	208	130	5	17	221	38	239	5.67e-15	77.8
g614.t1	VFG024604(gb|WP_008257033)	32.227	211	128	5	17	221	38	239	6.87e-15	77.8
g614.t1	VFG009185(gb|WP_003877894)	32.850	207	132	5	17	221	38	239	7.19e-15	77.8
g614.t1	VFG009186(gb|WP_024637409)	32.850	207	132	5	17	221	38	239	1.56e-14	76.6
g614.t1	VFG024606(gb|WP_041784980)	31.280	211	130	4	17	221	38	239	1.94e-14	76.3
g614.t1	VFG023540(gb|WP_013828835)	33.810	210	118	6	21	221	42	239	2.26e-10	63.2
g614.t1	VFG028608(gb|YP_005921634)	28.319	226	152	4	6	225	39	260	2.72e-08	56.6
g614.t1	VFG023317(gb|WP_013827234)	29.018	224	150	6	6	225	32	250	4.67e-08	55.8
g614.t1	VFG022019(gb|NP_214796)	28.319	226	152	4	6	225	50	271	4.72e-08	55.8
g614.t1	VFG022018(gb|WP_003911145)	28.319	226	152	4	6	225	39	260	4.84e-08	55.8
g614.t1	VFG028600(gb|WP_003401463)	28.319	226	152	4	6	225	50	271	5.10e-08	55.8
g614.t1	VFG028591(gb|WP_187716071)	28.319	226	152	4	6	225	32	253	5.29e-08	55.8
g614.t1	VFG028593(gb|WP_041180353)	28.319	226	152	4	6	225	39	260	5.56e-08	55.8
g614.t1	VFG023313(gb|WP_181518716)	28.319	226	152	4	6	225	32	253	6.13e-08	55.5
g614.t1	VFG022030(gb|WP_011777732)	26.316	266	168	5	13	254	44	305	6.35e-08	55.5
g614.t1	VFG028598(gb|WP_015574905)	27.876	226	153	4	6	225	50	271	3.68e-07	53.1
g614.t1	VFG022029(gb|WP_011891330)	28.571	210	145	4	13	221	44	249	7.39e-07	52.0
g614.t1	VFG022028(gb|WP_014876817)	28.085	235	140	7	13	237	43	258	7.66e-07	52.0
g614.t1	VFG028595(gb|WP_014850508)	26.761	213	152	2	13	225	34	242	8.55e-07	52.0
g614.t1	VFG028589(gb|WP_198528229)	26.761	213	152	2	13	225	34	242	8.55e-07	52.0
g614.t1	VFG028592(gb|WP_041180996)	27.315	216	150	3	13	225	49	260	1.07e-06	51.6
g614.t1	VFG023311(gb|YP_001702969)	25.822	213	154	2	13	225	50	258	2.29e-06	50.4
g614.t1	VFG008277(gb|WP_011777397)	25.140	358	200	16	21	339	27	355	2.70e-06	50.1
g526.t1	VFG021880(gb|WP_003898495)	99.752	403	1	0	1	403	3	405	0.0	799
g526.t1	VFG028282(gb|WP_079462708)	56.997	293	125	1	99	391	24	315	2.36e-112	332
g526.t1	VFG021882(gb|WP_011726641)	38.841	345	203	5	56	397	135	474	2.84e-70	228
g526.t1	VFG024429(gb|WP_011891671)	40.064	312	182	3	88	397	155	463	3.86e-69	225
g526.t1	VFG021883(gb|WP_011777405)	40.064	312	182	3	88	397	147	455	9.65e-69	224
g526.t1	VFG021884(gb|WP_011854175)	40.541	333	187	4	73	397	146	475	1.11e-65	216
g526.t1	VFG021885(gb|WP_011557500)	40.541	333	187	4	73	397	146	475	1.29e-65	216
g526.t1	VFG021881(gb|WP_010907486)	36.972	284	174	3	110	391	300	580	7.45e-55	190
g526.t1	VFG028284(gb|YP_007963793)	38.796	299	178	3	101	397	13	308	4.82e-52	176
g526.t1	VFG028293(gb|YP_005924950)	39.310	290	171	3	110	397	6	292	6.70e-51	172
g526.t1	VFG028280(gb|WP_015291792)	39.437	284	167	3	110	391	363	643	8.82e-51	180
g526.t1	VFG023229(gb|WP_014002010)	39.437	284	167	3	110	391	363	643	1.02e-50	180
g526.t1	VFG028283(gb|WP_042509340)	39.116	294	171	4	103	391	369	659	2.13e-50	179
g526.t1	VFG028295(gb|WP_015695600)	39.116	294	171	4	103	391	369	659	2.35e-50	179
g526.t1	VFG021876(gb|NP_218393)	39.116	294	171	4	103	391	370	660	2.38e-50	179
g526.t1	VFG028281(gb|WP_015294701)	39.116	294	171	4	103	391	387	677	5.06e-50	179
g526.t1	VFG023227(gb|WP_012396950)	37.543	293	178	3	101	391	584	873	5.52e-50	180
g526.t1	VFG023274(gb|WP_085975687)	32.635	334	221	3	65	397	8	338	6.05e-48	166
g526.t1	VFG024458(gb|WP_008262890)	33.766	308	202	2	94	400	35	341	9.64e-44	155
g526.t1	VFG021961(gb|WP_003876911)	32.792	308	205	2	94	400	35	341	2.63e-42	151
g526.t1	VFG028444(gb|WP_014585580)	32.680	306	204	2	94	398	35	339	9.05e-41	147
g526.t1	VFG021955(gb|WP_003899748)	32.353	306	205	2	94	398	35	339	2.99e-40	145
g526.t1	VFG028449(gb|YP_005362404)	32.353	306	205	2	94	398	35	339	3.11e-40	145
g526.t1	VFG028441(gb|YP_007963805)	32.353	306	205	2	94	398	35	339	1.91e-39	144
g526.t1	VFG021959(gb|WP_010950949)	30.573	314	211	5	87	395	70	381	4.76e-35	133
g526.t1	VFG028446(gb|YP_007959826)	29.965	287	195	4	87	369	70	354	2.62e-31	122
g2738.t1	VFG028282(gb|WP_079462708)	36.364	297	181	2	270	563	24	315	4.02e-58	197
g2738.t1	VFG021880(gb|WP_003898495)	34.483	290	189	1	275	564	106	394	1.20e-48	174
g2738.t1	VFG024429(gb|WP_011891671)	32.990	291	185	4	277	563	173	457	3.72e-44	163
g2738.t1	VFG021883(gb|WP_011777405)	33.333	291	184	4	277	563	165	449	5.84e-44	162
g2738.t1	VFG021882(gb|WP_011726641)	32.302	291	187	4	277	563	184	468	2.33e-42	158
g2738.t1	VFG021884(gb|WP_011854175)	30.928	291	191	4	277	563	185	469	2.33e-35	139
g2738.t1	VFG021885(gb|WP_011557500)	30.928	291	191	4	277	563	185	469	2.40e-35	139
g2738.t1	VFG021881(gb|WP_010907486)	30.612	294	186	7	278	563	297	580	2.71e-35	140
g2738.t1	VFG021959(gb|WP_010950949)	30.201	298	192	7	277	567	92	380	3.80e-29	119
g2738.t1	VFG023274(gb|WP_085975687)	28.571	301	203	5	268	563	39	332	9.38e-27	111
g2738.t1	VFG028446(gb|YP_007959826)	29.779	272	177	5	277	542	92	355	5.21e-26	110
g2738.t1	VFG028293(gb|YP_005924950)	30.175	285	193	3	281	563	6	286	1.65e-25	106
g2738.t1	VFG028284(gb|YP_007963793)	30.175	285	193	3	281	563	22	302	1.86e-25	107
g2738.t1	VFG023227(gb|WP_012396950)	27.826	345	219	9	231	563	547	873	3.26e-25	110
g2738.t1	VFG028283(gb|WP_042509340)	30.175	285	193	3	281	563	379	659	9.35e-24	105
g2738.t1	VFG028295(gb|WP_015695600)	30.175	285	193	3	281	563	379	659	9.78e-24	105
g2738.t1	VFG021876(gb|NP_218393)	30.175	285	193	3	281	563	380	660	9.80e-24	105
g2738.t1	VFG028281(gb|WP_015294701)	30.175	285	193	3	281	563	397	677	1.04e-23	105
g2738.t1	VFG028280(gb|WP_015291792)	30.175	285	193	3	281	563	363	643	1.78e-23	104
g2738.t1	VFG023229(gb|WP_014002010)	30.175	285	193	3	281	563	363	643	1.86e-23	104
g2738.t1	VFG028444(gb|WP_014585580)	27.950	322	215	6	253	563	17	332	5.44e-23	100
g2738.t1	VFG028449(gb|YP_005362404)	27.950	322	215	6	253	563	17	332	8.29e-23	99.8
g2738.t1	VFG021955(gb|WP_003899748)	27.950	322	215	6	253	563	17	332	8.86e-23	99.8
g2738.t1	VFG021961(gb|WP_003876911)	25.763	295	216	2	270	563	40	332	5.55e-22	97.4
g2738.t1	VFG028441(gb|YP_007963805)	27.640	322	216	6	253	563	17	332	8.15e-22	97.1
g2738.t1	VFG024458(gb|WP_008262890)	25.424	295	217	2	270	563	40	332	3.79e-20	92.0
g2738.t1	VFG023254(gb|WP_013826991)	34.100	261	139	6	1	235	1	254	4.76e-20	94.0
g2738.t1	VFG028357(gb|WP_015291798)	31.418	261	151	4	1	238	8	263	4.57e-19	90.9
g2738.t1	VFG021929(gb|WP_042632956)	26.241	423	258	9	1	377	1	415	4.62e-19	90.9
g2738.t1	VFG028359(gb|WP_015294707)	31.418	261	151	4	1	238	8	263	5.12e-19	90.9
g2738.t1	VFG021930(gb|WP_044089838)	26.241	423	258	9	1	377	1	415	5.96e-19	90.5
g2738.t1	VFG023251(gb|WP_014002014)	31.034	261	152	4	1	238	8	263	1.46e-18	89.4
g2738.t1	VFG028356(gb|WP_015288662)	30.651	261	153	4	1	238	8	263	5.31e-18	87.4
g2738.t1	VFG021926(gb|WP_003400005)	30.651	261	153	4	1	238	8	263	1.71e-17	85.9
g2738.t1	VFG023250(gb|WP_003910015)	30.651	261	153	4	1	238	8	263	1.72e-17	85.9
g2738.t1	VFG028373(gb|WP_015695602)	30.651	261	153	4	1	238	8	263	1.74e-17	85.9
g2738.t1	VFG028371(gb|YP_005924958)	30.651	261	153	4	1	238	8	263	1.88e-17	85.9
g2738.t1	VFG021923(gb|WP_003907154)	30.651	261	153	4	1	238	8	263	1.96e-17	85.9
g2738.t1	VFG024438(gb|WP_170320649)	30.651	261	153	4	1	238	5	260	4.90e-17	84.3
g2738.t1	VFG028370(gb|YP_005362401)	31.897	232	130	4	30	238	16	242	1.59e-16	82.8
g2738.t1	VFG023535(gb|WP_013988879)	33.188	229	137	7	37	260	49	266	5.91e-15	77.8
g2738.t1	VFG009187(gb|WP_010908390)	31.250	224	143	4	26	245	38	254	6.86e-15	77.8
g2738.t1	VFG002401(gb|NP_216314)	32.751	229	138	7	37	260	49	266	3.00e-14	75.5
g2738.t1	VFG028073(gb|YP_005360437)	33.645	214	129	6	37	245	49	254	3.33e-14	75.5
g2738.t1	VFG028062(gb|WP_015355474)	33.790	219	130	7	30	242	42	251	2.23e-13	72.8
g2738.t1	VFG023534(gb|WP_012394394)	33.790	219	130	7	30	242	42	251	2.72e-13	72.8
g2738.t1	VFG024606(gb|WP_041784980)	35.238	210	123	7	26	230	38	239	4.05e-13	72.0
g2738.t1	VFG009188(gb|WP_011740933)	33.962	212	125	7	37	242	49	251	4.31e-13	72.0
g2738.t1	VFG023540(gb|WP_013828835)	34.545	220	127	4	30	242	42	251	4.92e-13	71.6
g2738.t1	VFG024603(gb|WP_043954905)	34.135	208	128	5	26	230	38	239	6.00e-13	71.6
g2738.t1	VFG009185(gb|WP_003877894)	34.010	197	121	5	37	230	49	239	9.36e-13	70.9
g2738.t1	VFG024604(gb|WP_008257033)	34.762	210	124	7	26	230	38	239	1.52e-12	70.1
g2738.t1	VFG009186(gb|WP_024637409)	34.010	197	121	5	37	230	49	239	2.01e-12	69.7
g2738.t1	VFG028608(gb|YP_005921634)	27.948	229	162	2	7	234	34	260	7.68e-12	68.2
g2738.t1	VFG028600(gb|WP_003401463)	27.948	229	162	2	7	234	45	271	1.63e-11	67.0
g2738.t1	VFG022019(gb|NP_214796)	27.948	229	162	2	7	234	45	271	1.83e-11	67.0
g2738.t1	VFG028591(gb|WP_187716071)	27.948	229	162	2	7	234	27	253	1.95e-11	66.6
g2738.t1	VFG022018(gb|WP_003911145)	27.948	229	162	2	7	234	34	260	2.26e-11	66.6
g2738.t1	VFG028593(gb|WP_041180353)	27.948	229	162	2	7	234	34	260	2.30e-11	66.6
g2738.t1	VFG023313(gb|WP_181518716)	27.948	229	162	2	7	234	27	253	2.71e-11	66.2
g2738.t1	VFG022030(gb|WP_011777732)	27.826	230	150	4	7	230	29	248	1.12e-10	64.3
g2738.t1	VFG028598(gb|WP_015574905)	27.511	229	163	2	7	234	45	271	1.44e-10	63.9
g2738.t1	VFG023317(gb|WP_013827234)	27.948	229	159	4	7	234	27	250	2.11e-10	63.5
g2738.t1	VFG028592(gb|WP_041180996)	26.638	229	165	2	7	234	34	260	4.42e-10	62.4
g2738.t1	VFG022028(gb|WP_014876817)	26.339	224	161	3	7	230	28	247	1.27e-08	57.8
g2738.t1	VFG022029(gb|WP_011891330)	27.111	225	159	4	7	230	29	249	2.07e-08	57.0
g2738.t1	VFG022025(gb|WP_011726302)	29.075	227	151	3	7	230	34	253	6.05e-08	55.5
g2738.t1	VFG024502(gb|WP_085981114)	28.509	228	159	2	7	234	27	250	6.28e-08	55.5
g2738.t1	VFG024499(gb|WP_085976523)	28.509	228	159	2	7	234	27	250	6.34e-08	55.5
g2738.t1	VFG024498(gb|WP_085977588)	28.070	228	160	2	7	234	27	250	1.20e-07	54.7
g2738.t1	VFG022024(gb|WP_003873945)	28.070	228	160	2	7	234	27	250	1.42e-07	54.3
g2738.t1	VFG022026(gb|WP_010908950)	26.496	234	159	4	7	234	53	279	1.99e-07	53.9
g2738.t1	VFG023310(gb|WP_012392508)	25.214	234	162	4	7	234	34	260	3.66e-07	53.1
g2738.t1	VFG028594(gb|WP_015354278)	25.214	234	162	4	7	234	34	260	3.92e-07	52.8
g2738.t1	VFG022027(gb|WP_011739401)	25.214	234	162	4	7	234	34	260	5.93e-07	52.4
g2738.t1	VFG023311(gb|YP_001702969)	24.554	224	165	2	7	230	35	254	4.02e-06	49.7
g2738.t1	VFG028589(gb|WP_198528229)	24.107	224	166	2	7	230	19	238	5.20e-06	49.3
g2738.t1	VFG028595(gb|WP_014850508)	24.107	224	166	2	7	230	19	238	5.76e-06	49.3
g2738.t1	VFG022032(gb|WP_207545939)	24.561	228	168	3	7	234	30	253	6.01e-06	49.3
g2738.t1	VFG022033(gb|WP_011557797)	24.561	228	168	3	7	234	9	232	6.29e-06	48.9
g2738.t1	VFG022031(gb|WP_011854374)	24.561	228	168	3	7	234	9	232	7.47e-06	48.9
