g1235.t1	VFG039489(gb|WP_011996623)	39.394	66	40	0	12	77	36	101	2.50e-07	46.6
g1235.t1	VFG039488(gb|WP_005769046)	39.394	66	40	0	12	77	36	101	2.71e-07	46.6
g1235.t1	VFG039491(gb|NP_820417)	39.394	66	40	0	12	77	36	101	3.27e-07	46.2
g1235.t1	VFG039487(gb|WP_012569825)	39.394	66	40	0	12	77	36	101	3.66e-07	46.2
g2790.t1	VFG039488(gb|WP_005769046)	35.211	142	76	4	23	157	19	151	5.11e-13	63.5
g2790.t1	VFG039489(gb|WP_011996623)	35.211	142	76	4	23	157	19	151	9.35e-13	62.8
g2790.t1	VFG039491(gb|NP_820417)	41.111	90	50	1	23	112	19	105	1.29e-12	62.4
g2790.t1	VFG039487(gb|WP_012569825)	41.111	90	50	1	23	112	19	105	1.36e-12	62.4
g4837.t1	VFG039488(gb|WP_005769046)	47.020	151	79	1	3	152	2	152	1.65e-47	150
g4837.t1	VFG039489(gb|WP_011996623)	47.020	151	79	1	3	152	2	152	4.41e-47	149
g4837.t1	VFG039487(gb|WP_012569825)	46.358	151	80	1	3	152	2	152	2.59e-46	147
g4837.t1	VFG039491(gb|NP_820417)	46.358	151	80	1	3	152	2	152	3.25e-46	147
g3063.t1	VFG039487(gb|WP_012569825)	48.980	147	73	2	8	152	5	151	3.83e-44	142
g3063.t1	VFG039491(gb|NP_820417)	48.299	147	74	2	8	152	5	151	5.67e-44	142
g3063.t1	VFG039488(gb|WP_005769046)	48.980	147	73	2	8	152	5	151	7.37e-44	141
g3063.t1	VFG039489(gb|WP_011996623)	49.655	145	71	2	10	152	7	151	1.34e-43	140
