g1252.t1	VFG002189(gb|WP_002359680)	42.017	119	63	3	163	276	137	254	9.14e-22	92.0
g1252.t1	VFG045683(gb|WP_002294135)	40.336	119	65	2	163	276	137	254	4.21e-19	84.7
g1252.t1	VFG045682(gb|WP_002296531)	40.336	119	65	2	163	276	137	254	4.21e-19	84.7
g2831.t1	VFG002189(gb|WP_002359680)	42.478	113	54	3	188	292	145	254	5.38e-22	92.8
g2831.t1	VFG045683(gb|WP_002294135)	38.182	110	63	1	188	292	145	254	1.97e-18	83.2
g2831.t1	VFG045682(gb|WP_002296531)	38.182	110	63	1	188	292	145	254	1.97e-18	83.2
g3723.t1	VFG002189(gb|WP_002359680)	43.333	120	65	1	142	258	140	259	3.98e-25	100
g3723.t1	VFG045683(gb|WP_002294135)	31.541	279	149	11	2	258	1	259	4.90e-25	100
g3723.t1	VFG045682(gb|WP_002296531)	31.183	279	150	11	2	258	1	259	6.34e-25	100
g217.t1	VFG002189(gb|WP_002359680)	32.000	275	154	9	12	273	5	259	7.60e-33	121
g217.t1	VFG045683(gb|WP_002294135)	33.333	177	110	3	101	273	87	259	2.41e-28	109
g217.t1	VFG045682(gb|WP_002296531)	33.333	177	110	3	101	273	87	259	2.41e-28	109
