g5159.t1	VFG007972(gb|WP_011740355)	31.897	116	73	3	68	183	80	189	1.61e-08	53.9
g5159.t1	VFG022483(gb|WP_012394842)	31.897	116	73	3	68	183	80	189	2.04e-08	53.5
g5159.t1	VFG029669(gb|WP_003407670)	27.647	170	78	7	15	172	123	259	2.38e-08	53.9
g5159.t1	VFG008618(gb|WP_015355161)	33.333	102	63	2	68	169	80	176	1.72e-07	50.8
g5159.t1	VFG007971(gb|WP_010907549)	29.310	116	76	3	68	183	80	189	2.93e-07	50.1
g5159.t1	VFG007973(gb|WP_014876764)	26.506	166	85	6	15	172	47	183	3.84e-07	50.1
g5159.t1	VFG029667(gb|WP_049793024)	31.193	109	70	2	68	176	65	168	4.44e-07	49.7
g5159.t1	VFG029666(gb|YP_001704830)	33.654	104	64	2	69	172	79	177	7.45e-07	48.9
g5159.t1	VFG008634(gb|WP_041312794)	31.429	105	67	2	68	172	81	180	1.20e-06	48.5
g5159.t1	VFG008617(gb|WP_015294053)	29.231	130	83	5	69	198	81	201	1.21e-06	48.5
g5159.t1	VFG029668(gb|WP_005062147)	32.692	104	65	2	69	172	71	169	1.64e-06	47.8
g5159.t1	VFG008616(gb|WP_015291073)	28.099	121	81	3	69	189	81	195	2.61e-06	47.4
g5159.t1	VFG008614(gb|WP_014001503)	28.099	121	81	3	69	189	81	195	2.61e-06	47.4
g5159.t1	VFG008627(gb|YP_007958954)	30.693	101	65	2	69	169	81	176	2.92e-06	47.4
g5159.t1	VFG008615(gb|WP_015303657)	28.099	121	81	3	69	189	81	195	2.92e-06	47.4
g5159.t1	VFG007965(gb|NP_217468)	30.693	101	65	2	69	169	81	176	3.14e-06	47.0
g3705.t1	VFG029669(gb|WP_003407670)	30.769	104	67	2	64	167	161	259	1.14e-07	51.6
g3705.t1	VFG029667(gb|WP_049793024)	27.778	108	73	2	64	171	66	168	2.94e-06	47.0
