g1821.t1	VFG038902(gb|WP_011898555)	24.079	353	247	9	1	344	1	341	1.23e-22	97.8
g1821.t1	VFG038903(gb|WP_005334094)	22.409	357	248	8	1	344	1	341	7.81e-21	92.8
g1821.t1	VFG038900(gb|WP_011706614)	22.946	353	251	9	1	344	1	341	4.48e-20	90.5
g1821.t1	VFG040671(gb|WP_014364181)	26.087	138	95	3	206	341	69	201	2.15e-09	57.8
g1821.t1	VFG040672(gb|WP_012149068)	26.087	138	95	3	206	341	69	201	2.24e-09	57.8
g1821.t1	VFG040679(gb|WP_014411035)	25.170	147	103	3	197	341	60	201	6.22e-09	56.2
g1821.t1	VFG040669(gb|WP_012151505)	26.531	147	101	3	197	341	59	200	9.12e-09	55.8
g1821.t1	VFG040670(gb|WP_011477962)	26.531	147	101	3	197	341	59	200	1.38e-08	55.5
g1821.t1	VFG040705(gb|WP_011191158)	25.000	148	102	5	197	341	61	202	2.52e-08	54.7
g1821.t1	VFG040667(gb|WP_012150023)	25.170	147	103	3	197	341	60	201	5.41e-08	53.5
g1821.t1	VFG040683(gb|WP_004599630)	25.325	154	94	5	197	341	61	202	8.07e-08	53.1
g1821.t1	VFG040682(gb|WP_015508654)	25.325	154	94	5	197	341	61	202	8.07e-08	53.1
g1821.t1	VFG040673(gb|WP_010977712)	24.490	147	104	3	197	341	60	201	1.38e-07	52.4
g1821.t1	VFG040681(gb|WP_012151259)	24.490	147	104	3	197	341	60	201	1.40e-07	52.4
g1821.t1	VFG040666(gb|WP_012719992)	24.490	147	104	3	197	341	60	201	1.43e-07	52.4
g1821.t1	VFG040680(gb|WP_012736676)	24.490	147	104	3	197	341	60	201	1.48e-07	52.0
g1821.t1	VFG040675(gb|WP_014014744)	24.490	147	104	3	197	341	60	201	1.50e-07	52.0
g1821.t1	VFG040674(gb|WP_011271490)	24.490	147	104	3	197	341	60	201	1.57e-07	52.0
g1821.t1	VFG040692(gb|WP_014409014)	24.490	147	104	3	197	341	60	201	1.75e-07	52.0
g1821.t1	VFG040686(gb|WP_004597022)	25.325	154	94	5	197	341	61	202	1.86e-07	52.0
g1821.t1	VFG040677(gb|WP_014365448)	24.490	147	104	3	197	341	60	201	1.89e-07	52.0
g1821.t1	VFG040701(gb|WP_014273762)	24.490	147	104	3	197	341	60	201	2.09e-07	51.6
g1821.t1	VFG040668(gb|WP_014412336)	24.490	147	104	3	197	341	60	201	9.50e-07	49.7
g1822.t1	VFG040705(gb|WP_011191158)	30.153	262	165	7	166	412	22	280	2.44e-29	116
g1822.t1	VFG040667(gb|WP_012150023)	29.615	260	167	7	161	409	16	270	9.16e-27	109
g1822.t1	VFG040686(gb|WP_004597022)	28.462	260	170	7	161	409	17	271	3.47e-26	107
g1822.t1	VFG040674(gb|WP_011271490)	28.846	260	169	7	161	409	16	270	5.27e-26	107
g1822.t1	VFG040682(gb|WP_015508654)	28.077	260	171	7	161	409	17	271	1.53e-25	105
g1822.t1	VFG040668(gb|WP_014412336)	28.462	260	170	7	161	409	16	270	1.60e-25	105
g1822.t1	VFG040683(gb|WP_004599630)	28.077	260	171	7	161	409	17	271	2.16e-25	105
g1822.t1	VFG040670(gb|WP_011477962)	27.451	255	168	8	166	409	21	269	3.62e-25	104
g1822.t1	VFG040671(gb|WP_014364181)	27.237	257	176	6	161	409	16	269	4.48e-25	104
g1822.t1	VFG040677(gb|WP_014365448)	28.462	260	170	7	161	409	16	270	5.12e-25	104
g1822.t1	VFG040669(gb|WP_012151505)	27.372	274	181	8	166	427	21	288	5.84e-25	104
g1822.t1	VFG040692(gb|WP_014409014)	28.627	255	166	7	166	409	21	270	9.40e-25	103
g1822.t1	VFG040701(gb|WP_014273762)	28.571	259	171	7	161	409	16	270	1.02e-24	103
g1822.t1	VFG040672(gb|WP_012149068)	27.413	259	173	7	161	409	16	269	1.52e-24	103
g1822.t1	VFG040679(gb|WP_014411035)	29.070	258	171	8	161	409	16	270	1.71e-24	102
g1822.t1	VFG040666(gb|WP_012719992)	28.185	259	172	7	161	409	16	270	4.91e-24	101
g1822.t1	VFG040680(gb|WP_012736676)	27.692	260	172	8	161	409	16	270	4.96e-24	101
g1822.t1	VFG040675(gb|WP_014014744)	27.692	260	172	8	161	409	16	270	5.31e-24	101
g1822.t1	VFG040681(gb|WP_012151259)	28.352	261	169	8	161	409	16	270	5.36e-24	101
g1822.t1	VFG040673(gb|WP_010977712)	28.185	259	172	7	161	409	16	270	5.57e-24	101
g1822.t1	VFG038902(gb|WP_011898555)	24.306	432	290	10	9	422	6	418	6.02e-21	94.7
g1822.t1	VFG038900(gb|WP_011706614)	23.502	434	291	9	9	422	6	418	1.40e-20	93.6
g1822.t1	VFG038903(gb|WP_005334094)	22.120	434	297	9	9	422	6	418	8.77e-20	91.3
g2335.t1	VFG040667(gb|WP_012150023)	31.416	226	147	5	184	405	60	281	4.11e-30	118
g2335.t1	VFG040668(gb|WP_014412336)	31.718	227	145	6	184	405	60	281	5.18e-30	118
g2335.t1	VFG040701(gb|WP_014273762)	30.973	226	148	5	184	405	60	281	1.82e-29	116
g2335.t1	VFG040674(gb|WP_011271490)	31.416	226	147	5	184	405	60	281	2.02e-29	116
g2335.t1	VFG040672(gb|WP_012149068)	29.778	225	151	4	184	405	60	280	3.17e-29	115
g2335.t1	VFG040671(gb|WP_014364181)	29.778	225	151	4	184	405	60	280	3.20e-29	115
g2335.t1	VFG040686(gb|WP_004597022)	31.169	231	147	6	181	405	58	282	4.16e-29	115
g2335.t1	VFG040673(gb|WP_010977712)	30.973	226	148	5	184	405	60	281	5.74e-29	115
g2335.t1	VFG040680(gb|WP_012736676)	30.973	226	148	5	184	405	60	281	5.91e-29	115
g2335.t1	VFG040675(gb|WP_014014744)	30.973	226	148	5	184	405	60	281	6.47e-29	115
g2335.t1	VFG040666(gb|WP_012719992)	30.973	226	148	5	184	405	60	281	7.15e-29	114
g2335.t1	VFG040681(gb|WP_012151259)	30.973	226	148	5	184	405	60	281	8.07e-29	114
g2335.t1	VFG040682(gb|WP_015508654)	31.169	231	147	6	181	405	58	282	8.22e-29	114
g2335.t1	VFG040683(gb|WP_004599630)	31.169	231	147	6	181	405	58	282	8.30e-29	114
g2335.t1	VFG040705(gb|WP_011191158)	29.694	229	153	5	181	405	58	282	1.67e-28	114
g2335.t1	VFG040677(gb|WP_014365448)	30.531	226	149	5	184	405	60	281	2.26e-27	110
g2335.t1	VFG040692(gb|WP_014409014)	30.531	226	149	5	184	405	60	281	2.57e-27	110
g2335.t1	VFG040679(gb|WP_014411035)	30.088	226	150	6	184	405	60	281	5.87e-27	109
g2335.t1	VFG040670(gb|WP_011477962)	30.660	212	140	4	184	392	59	266	1.26e-26	108
g2335.t1	VFG040669(gb|WP_012151505)	30.986	213	139	4	184	392	59	267	5.46e-25	103
g2335.t1	VFG038902(gb|WP_011898555)	22.222	297	220	6	95	386	106	396	3.16e-17	83.2
g2335.t1	VFG038903(gb|WP_005334094)	21.739	299	219	7	95	386	106	396	9.33e-17	82.0
g2335.t1	VFG038900(gb|WP_011706614)	21.637	342	245	8	95	427	106	433	1.84e-16	80.9
g3820.t1	VFG038902(gb|WP_011898555)	23.227	409	293	7	10	401	7	411	2.03e-26	110
g3820.t1	VFG038900(gb|WP_011706614)	22.850	407	293	8	12	401	9	411	9.26e-26	108
g3820.t1	VFG038903(gb|WP_005334094)	22.871	411	288	11	12	401	9	411	1.24e-23	102
g3820.t1	VFG040679(gb|WP_014411035)	28.099	242	160	6	181	413	53	289	2.44e-21	93.6
g3820.t1	VFG040673(gb|WP_010977712)	27.386	241	163	6	181	413	53	289	1.08e-20	91.7
g3820.t1	VFG040692(gb|WP_014409014)	27.386	241	163	6	181	413	53	289	1.10e-20	91.7
g3820.t1	VFG040677(gb|WP_014365448)	27.386	241	163	6	181	413	53	289	1.15e-20	91.7
g3820.t1	VFG040675(gb|WP_014014744)	27.386	241	163	6	181	413	53	289	1.40e-20	91.7
g3820.t1	VFG040686(gb|WP_004597022)	27.801	241	162	6	181	413	54	290	1.41e-20	91.7
g3820.t1	VFG040668(gb|WP_014412336)	26.971	241	164	6	181	413	53	289	1.42e-20	91.7
g3820.t1	VFG040681(gb|WP_012151259)	27.386	241	163	6	181	413	53	289	1.53e-20	91.3
g3820.t1	VFG040674(gb|WP_011271490)	27.386	241	163	6	181	413	53	289	1.59e-20	91.3
g3820.t1	VFG040680(gb|WP_012736676)	27.386	241	163	6	181	413	53	289	1.67e-20	91.3
g3820.t1	VFG040666(gb|WP_012719992)	27.386	241	163	6	181	413	53	289	2.00e-20	90.9
g3820.t1	VFG040701(gb|WP_014273762)	27.386	241	163	6	181	413	53	289	2.70e-20	90.5
g3820.t1	VFG040682(gb|WP_015508654)	27.386	241	163	6	181	413	54	290	8.09e-20	89.4
g3820.t1	VFG040683(gb|WP_004599630)	27.386	241	163	6	181	413	54	290	9.99e-20	89.0
g3820.t1	VFG040667(gb|WP_012150023)	26.971	241	164	6	181	413	53	289	3.75e-19	87.4
g3820.t1	VFG040672(gb|WP_012149068)	25.301	249	175	6	181	422	53	297	1.22e-18	85.9
g3820.t1	VFG040671(gb|WP_014364181)	25.403	248	174	6	181	421	53	296	1.26e-18	85.9
g3820.t1	VFG040670(gb|WP_011477962)	28.033	239	150	9	181	407	52	280	1.40e-18	85.9
g3820.t1	VFG040705(gb|WP_011191158)	28.054	221	146	6	181	394	54	268	1.41e-17	82.8
g3820.t1	VFG040669(gb|WP_012151505)	27.917	240	150	9	181	407	52	281	2.56e-17	82.0
g4061.t1	VFG040672(gb|WP_012149068)	35.714	210	130	4	40	246	53	260	4.72e-35	127
g4061.t1	VFG040671(gb|WP_014364181)	35.714	210	130	4	40	246	53	260	5.46e-35	127
g4061.t1	VFG040686(gb|WP_004597022)	36.321	212	129	4	49	256	63	272	7.07e-35	127
g4061.t1	VFG040683(gb|WP_004599630)	36.321	212	129	4	49	256	63	272	1.78e-34	126
g4061.t1	VFG040682(gb|WP_015508654)	36.321	212	129	4	49	256	63	272	1.80e-34	126
g4061.t1	VFG040674(gb|WP_011271490)	36.019	211	129	4	50	256	63	271	2.31e-34	125
g4061.t1	VFG040670(gb|WP_011477962)	33.190	232	146	6	50	275	62	290	4.59e-34	125
g4061.t1	VFG040669(gb|WP_012151505)	33.476	233	145	6	50	275	62	291	1.17e-33	124
g4061.t1	VFG040705(gb|WP_011191158)	33.333	240	153	5	40	274	54	291	1.32e-33	124
g4061.t1	VFG040667(gb|WP_012150023)	36.816	201	121	4	50	246	63	261	3.33e-33	122
g4061.t1	VFG040668(gb|WP_014412336)	36.816	201	121	4	50	246	63	261	7.79e-33	122
g4061.t1	VFG040673(gb|WP_010977712)	35.071	211	131	4	50	256	63	271	8.21e-33	122
g4061.t1	VFG040701(gb|WP_014273762)	35.071	211	131	4	50	256	63	271	9.22e-33	121
g4061.t1	VFG040680(gb|WP_012736676)	35.071	211	131	4	50	256	63	271	1.02e-32	121
g4061.t1	VFG040666(gb|WP_012719992)	35.071	211	131	4	50	256	63	271	1.08e-32	121
g4061.t1	VFG040675(gb|WP_014014744)	35.071	211	131	4	50	256	63	271	1.15e-32	121
g4061.t1	VFG040681(gb|WP_012151259)	35.071	211	131	4	50	256	63	271	1.46e-32	121
g4061.t1	VFG040679(gb|WP_014411035)	35.071	211	131	4	50	256	63	271	2.86e-32	120
g4061.t1	VFG040677(gb|WP_014365448)	36.869	198	119	4	63	256	76	271	3.52e-32	120
g4061.t1	VFG040692(gb|WP_014409014)	37.688	199	116	5	63	256	76	271	3.56e-32	120
g4061.t1	VFG038900(gb|WP_011706614)	23.789	227	168	4	51	275	202	425	1.30e-18	85.1
g4061.t1	VFG038902(gb|WP_011898555)	24.569	232	167	5	51	277	202	430	1.61e-18	84.7
g4061.t1	VFG038903(gb|WP_005334094)	24.229	227	167	4	51	275	202	425	1.89e-18	84.3
g5464.t1	VFG038902(gb|WP_011898555)	22.326	430	316	8	13	437	3	419	1.00e-25	108
g5464.t1	VFG038903(gb|WP_005334094)	21.628	430	319	8	13	437	3	419	2.25e-24	104
g5464.t1	VFG038900(gb|WP_011706614)	22.299	435	310	9	13	437	3	419	2.64e-24	104
g5464.t1	VFG040667(gb|WP_012150023)	28.218	202	136	4	218	414	64	261	1.65e-11	64.7
g5464.t1	VFG040670(gb|WP_011477962)	28.079	203	137	5	217	414	62	260	2.61e-11	64.3
g5464.t1	VFG040701(gb|WP_014273762)	27.228	202	138	4	218	414	64	261	9.95e-11	62.4
g5464.t1	VFG040669(gb|WP_012151505)	27.451	204	138	5	217	414	62	261	1.31e-10	62.0
g5464.t1	VFG040686(gb|WP_004597022)	26.761	213	147	4	207	414	54	262	1.74e-10	61.6
g5464.t1	VFG040673(gb|WP_010977712)	26.733	202	139	4	218	414	64	261	2.60e-10	61.2
g5464.t1	VFG040666(gb|WP_012719992)	26.733	202	139	4	218	414	64	261	3.32e-10	60.8
g5464.t1	VFG040679(gb|WP_014411035)	26.601	203	140	4	217	414	63	261	3.60e-10	60.8
g5464.t1	VFG040680(gb|WP_012736676)	26.733	202	139	4	218	414	64	261	3.74e-10	60.8
g5464.t1	VFG040705(gb|WP_011191158)	27.094	203	139	4	217	414	64	262	3.77e-10	60.8
g5464.t1	VFG040681(gb|WP_012151259)	26.733	202	139	4	218	414	64	261	3.81e-10	60.8
g5464.t1	VFG040675(gb|WP_014014744)	26.733	202	139	4	218	414	64	261	3.84e-10	60.8
g5464.t1	VFG040682(gb|WP_015508654)	26.761	213	147	4	207	414	54	262	3.96e-10	60.8
g5464.t1	VFG040683(gb|WP_004599630)	26.761	213	147	4	207	414	54	262	4.33e-10	60.5
g5464.t1	VFG040668(gb|WP_014412336)	26.601	203	140	4	217	414	63	261	1.01e-09	59.3
g5464.t1	VFG040674(gb|WP_011271490)	26.733	202	139	4	218	414	64	261	1.58e-09	58.9
g5464.t1	VFG040692(gb|WP_014409014)	26.733	202	139	4	218	414	64	261	2.87e-09	58.2
g5464.t1	VFG040677(gb|WP_014365448)	26.733	202	139	4	218	414	64	261	3.09e-09	57.8
g5464.t1	VFG040671(gb|WP_014364181)	24.257	202	145	4	217	414	63	260	1.11e-08	56.2
g5464.t1	VFG040672(gb|WP_012149068)	24.257	202	145	4	217	414	63	260	1.17e-08	56.2
g625.t1	VFG040674(gb|WP_011271490)	32.453	265	168	7	7	263	33	294	4.64e-37	132
g625.t1	VFG040701(gb|WP_014273762)	32.075	265	169	7	7	263	33	294	4.60e-36	130
g625.t1	VFG040666(gb|WP_012719992)	32.075	265	169	7	7	263	33	294	9.22e-36	129
g625.t1	VFG040673(gb|WP_010977712)	32.075	265	169	7	7	263	33	294	1.24e-35	129
g625.t1	VFG040680(gb|WP_012736676)	31.698	265	170	7	7	263	33	294	1.55e-35	129
g625.t1	VFG040675(gb|WP_014014744)	31.698	265	170	7	7	263	33	294	1.56e-35	129
g625.t1	VFG040681(gb|WP_012151259)	32.075	265	169	7	7	263	33	294	1.79e-35	128
g625.t1	VFG040667(gb|WP_012150023)	33.051	236	152	5	33	263	60	294	1.80e-35	128
g625.t1	VFG040686(gb|WP_004597022)	31.559	263	173	6	7	263	34	295	2.22e-35	128
g625.t1	VFG040682(gb|WP_015508654)	31.559	263	173	6	7	263	34	295	3.18e-35	128
g625.t1	VFG040672(gb|WP_012149068)	31.298	262	174	6	7	263	33	293	3.91e-35	127
g625.t1	VFG040671(gb|WP_014364181)	31.298	262	174	6	7	263	33	293	4.11e-35	127
g625.t1	VFG040683(gb|WP_004599630)	31.559	263	173	6	7	263	34	295	4.69e-35	127
g625.t1	VFG040692(gb|WP_014409014)	31.698	265	170	7	7	263	33	294	7.52e-35	127
g625.t1	VFG040677(gb|WP_014365448)	31.698	265	170	7	7	263	33	294	7.76e-35	127
g625.t1	VFG040670(gb|WP_011477962)	29.528	254	171	6	21	269	49	299	1.37e-34	126
g625.t1	VFG040669(gb|WP_012151505)	29.804	255	170	6	21	269	49	300	2.35e-34	125
g625.t1	VFG040679(gb|WP_014411035)	31.698	265	170	7	7	263	33	294	2.75e-34	125
g625.t1	VFG040705(gb|WP_011191158)	30.970	268	177	7	2	263	30	295	5.56e-34	124
g625.t1	VFG040668(gb|WP_014412336)	31.321	265	171	7	7	263	33	294	1.94e-33	123
g625.t1	VFG038900(gb|WP_011706614)	23.256	258	192	4	15	269	180	434	2.76e-19	86.7
g625.t1	VFG038902(gb|WP_011898555)	24.194	248	182	4	15	259	180	424	7.62e-19	85.5
g625.t1	VFG038903(gb|WP_005334094)	23.387	248	184	4	15	259	180	424	2.70e-18	84.0
g2497.t1	VFG038903(gb|WP_005334094)	24.717	441	296	13	10	428	7	433	6.78e-36	137
g2497.t1	VFG038902(gb|WP_011898555)	23.148	432	305	10	10	422	7	430	6.29e-35	134
g2497.t1	VFG038900(gb|WP_011706614)	23.488	430	304	9	10	421	7	429	8.25e-35	134
g2497.t1	VFG040705(gb|WP_011191158)	28.571	231	157	6	191	416	64	291	2.41e-24	102
g2497.t1	VFG040667(gb|WP_012150023)	28.448	232	158	6	190	416	62	290	3.30e-24	101
g2497.t1	VFG040668(gb|WP_014412336)	27.935	247	168	7	175	416	49	290	3.39e-24	101
g2497.t1	VFG040686(gb|WP_004597022)	29.004	231	156	6	191	416	64	291	1.77e-23	99.8
g2497.t1	VFG040692(gb|WP_014409014)	27.530	247	169	7	175	416	49	290	2.87e-23	99.0
g2497.t1	VFG040677(gb|WP_014365448)	27.530	247	169	7	175	416	49	290	3.33e-23	99.0
g2497.t1	VFG040701(gb|WP_014273762)	27.126	247	170	7	175	416	49	290	3.46e-23	99.0
g2497.t1	VFG040674(gb|WP_011271490)	27.530	247	169	7	175	416	49	290	3.67e-23	99.0
g2497.t1	VFG040683(gb|WP_004599630)	29.004	231	156	6	191	416	64	291	6.71e-23	98.2
g2497.t1	VFG040682(gb|WP_015508654)	29.004	231	156	6	191	416	64	291	6.71e-23	98.2
g2497.t1	VFG040673(gb|WP_010977712)	27.126	247	170	7	175	416	49	290	7.42e-23	97.8
g2497.t1	VFG040679(gb|WP_014411035)	28.448	232	158	5	190	416	62	290	8.18e-23	97.8
g2497.t1	VFG040681(gb|WP_012151259)	27.126	247	170	7	175	416	49	290	1.16e-22	97.4
g2497.t1	VFG040666(gb|WP_012719992)	27.126	247	170	7	175	416	49	290	1.51e-22	97.1
g2497.t1	VFG040675(gb|WP_014014744)	27.126	247	170	7	175	416	49	290	1.79e-22	97.1
g2497.t1	VFG040680(gb|WP_012736676)	27.126	247	170	7	175	416	49	290	1.80e-22	96.7
g2497.t1	VFG040672(gb|WP_012149068)	26.522	230	162	6	191	416	63	289	5.53e-21	92.4
g2497.t1	VFG040671(gb|WP_014364181)	26.522	230	162	6	191	416	63	289	6.64e-21	92.4
g2497.t1	VFG040670(gb|WP_011477962)	24.896	241	173	6	190	425	61	298	9.48e-21	92.0
g2497.t1	VFG040669(gb|WP_012151505)	24.380	242	174	6	190	425	61	299	1.68e-18	85.5
g4099.t1	VFG038900(gb|WP_011706614)	61.503	439	162	3	3	440	5	437	0.0	558
g4099.t1	VFG038902(gb|WP_011898555)	62.118	425	159	2	3	426	5	428	0.0	553
g4099.t1	VFG038903(gb|WP_005334094)	60.941	425	164	2	3	426	5	428	0.0	542
g4099.t1	VFG040679(gb|WP_014411035)	23.592	284	186	9	160	430	32	297	3.29e-12	67.0
g4099.t1	VFG040669(gb|WP_012151505)	21.667	240	167	6	197	423	60	291	6.96e-11	62.8
g4099.t1	VFG040701(gb|WP_014273762)	22.672	247	162	7	160	394	32	261	1.02e-10	62.4
g4099.t1	VFG040666(gb|WP_012719992)	22.672	247	162	7	160	394	32	261	1.62e-10	62.0
g4099.t1	VFG040675(gb|WP_014014744)	22.672	247	162	7	160	394	32	261	2.91e-10	61.2
g4099.t1	VFG040680(gb|WP_012736676)	22.672	247	162	7	160	394	32	261	2.96e-10	60.8
g4099.t1	VFG040681(gb|WP_012151259)	22.672	247	162	7	160	394	32	261	3.46e-10	60.8
g4099.t1	VFG040692(gb|WP_014409014)	22.727	242	168	7	160	394	32	261	4.34e-10	60.5
g4099.t1	VFG040677(gb|WP_014365448)	22.727	242	168	7	160	394	32	261	4.50e-10	60.5
g4099.t1	VFG040673(gb|WP_010977712)	22.672	247	162	7	160	394	32	261	5.26e-10	60.1
g4099.t1	VFG040668(gb|WP_014412336)	22.541	244	166	7	160	394	32	261	5.84e-10	60.1
g4099.t1	VFG040667(gb|WP_012150023)	22.167	203	151	4	197	394	61	261	6.46e-10	60.1
g4099.t1	VFG040670(gb|WP_011477962)	21.339	239	168	6	197	423	60	290	7.08e-10	60.1
g4099.t1	VFG040674(gb|WP_011271490)	21.577	241	172	6	160	394	32	261	8.14e-10	59.7
g4099.t1	VFG040705(gb|WP_011191158)	20.748	294	210	9	144	430	21	298	1.23e-09	59.3
g4099.t1	VFG040686(gb|WP_004597022)	26.056	142	96	3	197	334	62	198	1.91e-08	55.5
g4099.t1	VFG040671(gb|WP_014364181)	21.429	280	196	8	160	430	32	296	3.05e-08	54.7
g4099.t1	VFG040672(gb|WP_012149068)	21.429	280	196	8	160	430	32	296	4.12e-08	54.3
g4099.t1	VFG040682(gb|WP_015508654)	25.352	142	97	3	197	334	62	198	1.14e-07	53.1
g4099.t1	VFG040683(gb|WP_004599630)	25.352	142	97	3	197	334	62	198	1.32e-07	53.1
