g1331.t1	VFG036957(gb|WP_010951322)	28.571	287	193	5	17	295	24	306	1.16e-21	97.4
g1331.t1	VFG036960(gb|WP_003703449)	28.571	287	193	5	17	295	24	306	1.49e-21	97.1
g1331.t1	VFG036963(gb|WP_015815889)	27.178	287	197	5	17	295	24	306	1.50e-20	94.0
g1331.t1	VFG036972(gb|WP_042508130)	27.178	287	197	5	17	295	24	306	2.06e-20	93.6
g1331.t1	VFG036966(gb|WP_014581242)	27.526	287	196	5	17	295	24	306	2.54e-20	93.2
g1331.t1	VFG036958(gb|WP_002247957)	27.526	287	196	5	17	295	24	306	2.54e-20	93.2
g1331.t1	VFG036956(gb|WP_002224867)	27.526	287	196	5	17	295	24	306	2.68e-20	93.2
g1331.t1	VFG044351(gb|WP_033111749)	26.683	416	293	5	44	448	48	462	3.22e-20	92.8
g1331.t1	VFG036962(gb|WP_014573759)	27.526	287	196	5	17	295	24	306	4.59e-20	92.4
g1331.t1	VFG036955(gb|WP_002236670)	27.526	287	196	5	17	295	24	306	4.59e-20	92.4
g1331.t1	VFG036964(gb|WP_002218710)	27.526	287	196	5	17	295	24	306	4.85e-20	92.4
g1331.t1	VFG036965(gb|WP_002226030)	27.178	287	197	5	17	295	24	306	1.53e-19	90.9
g1331.t1	VFG036959(gb|WP_012222039)	26.829	287	198	5	17	295	24	306	2.65e-19	90.1
g1331.t1	VFG047356(gb|WP_014549027)	28.161	174	115	3	30	199	34	201	1.86e-09	59.3
g1331.t1	VFG047349(gb|WP_003041328)	26.316	171	116	3	33	197	37	203	2.04e-08	55.8
g1331.t1	VFG047359(gb|WP_014550287)	26.316	171	116	3	33	197	37	203	2.46e-08	55.8
g1331.t1	VFG047350(gb|WP_003017404)	25.735	136	99	1	64	197	68	203	2.15e-07	52.8
g1331.t1	VFG044196(gb|WP_003022879)	25.735	136	99	1	64	197	68	203	2.41e-07	52.8
g1331.t1	VFG047353(gb|WP_012429068)	25.735	136	99	1	64	197	68	203	2.47e-07	52.8
g2701.t1	VFG036965(gb|WP_002226030)	28.161	174	125	0	13	186	20	193	7.90e-19	88.2
g2701.t1	VFG036959(gb|WP_012222039)	28.161	174	125	0	13	186	20	193	1.41e-18	87.4
g2701.t1	VFG036955(gb|WP_002236670)	28.161	174	125	0	13	186	20	193	2.35e-18	86.7
g2701.t1	VFG036962(gb|WP_014573759)	28.161	174	125	0	13	186	20	193	2.41e-18	86.7
g2701.t1	VFG036958(gb|WP_002247957)	28.161	174	125	0	13	186	20	193	2.69e-18	86.7
g2701.t1	VFG036966(gb|WP_014581242)	28.161	174	125	0	13	186	20	193	2.76e-18	86.7
g2701.t1	VFG036964(gb|WP_002218710)	28.161	174	125	0	13	186	20	193	2.79e-18	86.7
g2701.t1	VFG036963(gb|WP_015815889)	28.161	174	125	0	13	186	20	193	3.47e-18	86.3
g2701.t1	VFG036956(gb|WP_002224867)	28.161	174	125	0	13	186	20	193	3.88e-18	85.9
g2701.t1	VFG036957(gb|WP_010951322)	28.736	174	124	0	13	186	20	193	9.53e-18	84.7
g2701.t1	VFG036960(gb|WP_003703449)	28.736	174	124	0	13	186	20	193	9.79e-18	84.7
g2701.t1	VFG036972(gb|WP_042508130)	27.586	174	126	0	13	186	20	193	1.03e-17	84.7
g2701.t1	VFG044351(gb|WP_033111749)	28.655	171	122	0	7	177	11	181	5.77e-16	79.3
g2701.t1	VFG047356(gb|WP_014549027)	25.098	255	184	4	30	277	34	288	4.23e-10	60.8
g2701.t1	VFG047359(gb|WP_014550287)	23.413	252	186	4	33	277	37	288	1.93e-08	55.8
g2701.t1	VFG047349(gb|WP_003041328)	23.413	252	186	4	33	277	37	288	2.00e-08	55.8
g2701.t1	VFG047350(gb|WP_003017404)	23.387	248	183	4	37	277	41	288	3.72e-08	54.7
g2701.t1	VFG044196(gb|WP_003022879)	23.982	221	161	4	64	277	68	288	3.89e-08	54.7
g2701.t1	VFG047353(gb|WP_012429068)	23.529	221	162	4	64	277	68	288	1.96e-07	52.8
