g1116.t1	VFG001251(gb|NP_249792)	100.000	598	0	0	1	598	1	598	0.0	1203
g1116.t1	VFG019831(gb|WP_012614400)	99.833	598	1	0	1	598	1	598	0.0	1201
g1116.t1	VFG014409(gb|WP_012076711)	98.662	598	7	1	1	598	1	597	0.0	1187
g1116.t1	VFG014417(gb|WP_011059974)	79.299	599	119	5	1	598	1	595	0.0	929
g1116.t1	VFG014418(gb|WP_011333049)	77.833	600	126	5	1	598	1	595	0.0	913
g1116.t1	VFG014416(gb|WP_011534909)	76.167	600	133	5	1	598	1	592	0.0	906
g1116.t1	VFG015684(gb|WP_012273510)	75.000	600	140	5	1	598	1	592	0.0	904
g1116.t1	VFG014419(gb|WP_012019024)	79.667	600	114	5	1	598	1	594	0.0	897
g1116.t1	VFG014414(gb|WP_010955090)	75.167	600	139	5	1	598	1	592	0.0	895
g1116.t1	VFG014415(gb|WP_012051625)	74.833	600	141	5	1	598	1	592	0.0	892
g1116.t1	VFG014420(gb|WP_013983230)	76.412	602	130	6	1	598	1	594	0.0	884
g1116.t1	VFG019832(gb|WP_015885193)	76.500	600	132	6	1	598	1	593	0.0	881
g1116.t1	VFG014413(gb|WP_011169092)	75.333	600	140	6	1	598	1	594	0.0	881
g1116.t1	VFG014411(gb|WP_007244370)	74.833	600	143	6	1	598	1	594	0.0	875
g1116.t1	VFG014412(gb|WP_011268443)	74.833	600	143	6	1	598	1	594	0.0	874
g1116.t1	VFG015685(gb|WP_012315524)	75.333	600	138	6	1	598	1	592	0.0	872
g1116.t1	VFG002006(gb|WP_010947486)	40.388	567	296	10	33	595	14	542	6.90e-139	414
g1116.t1	VFG025537(gb|WP_009908334)	41.043	575	294	12	33	595	50	591	3.54e-119	365
g1116.t1	VFG025535(gb|WP_004537759)	40.799	576	295	14	33	595	53	595	1.23e-118	364
g1116.t1	VFG002502(gb|WP_004523066)	40.799	576	295	14	33	595	53	595	1.32e-118	364
g1116.t1	VFG025529(gb|WP_004197168)	40.625	576	296	14	33	595	53	595	8.11e-117	359
g1116.t1	VFG025527(gb|WP_006495531)	40.255	549	279	14	57	595	75	584	7.85e-113	348
g1116.t1	VFG025525(gb|WP_011546443)	39.781	548	283	13	57	595	75	584	1.82e-111	345
g1116.t1	VFG011365(gb|WP_010930339)	37.982	545	300	11	60	598	45	557	2.37e-100	315
g1116.t1	VFG011367(gb|WP_003811836)	37.294	547	301	12	60	598	45	557	4.75e-100	315
g1116.t1	VFG043107(gb|WP_000994443)	39.355	465	252	9	30	490	11	449	2.23e-95	302
g1116.t1	VFG023635(gb|WP_013649706)	34.375	544	324	9	59	598	45	559	1.95e-94	300
g1116.t1	VFG002328(gb|WP_011816597)	34.672	548	324	10	59	598	45	566	9.62e-94	298
g1116.t1	VFG020221(gb|WP_012413665)	36.232	552	314	11	59	598	45	570	1.69e-93	298
g1116.t1	VFG003415(gb|WP_011192181)	36.232	552	314	11	59	598	45	570	2.42e-93	298
g1116.t1	VFG002657(gb|WP_002211143)	36.232	552	314	11	59	598	45	570	2.42e-93	298
g1116.t1	VFG043056(gb|NP_460922)	34.964	552	310	11	60	598	44	559	1.02e-92	296
g1116.t1	VFG018981(gb|WP_012304214)	36.413	552	313	11	59	598	45	570	1.50e-92	295
g1116.t1	VFG011368(gb|WP_012417385)	35.897	546	294	13	61	598	46	543	1.23e-91	292
g1116.t1	VFG038627(gb|WP_016350050)	34.570	593	332	12	16	594	15	565	9.17e-91	291
g1116.t1	VFG038629(gb|WP_005334750)	35.254	590	331	13	16	594	15	564	1.00e-90	291
g1116.t1	VFG038864(gb|WP_073531776)	34.542	579	312	15	48	598	39	578	1.74e-89	288
g1116.t1	VFG038628(gb|WP_005319335)	35.052	582	321	12	28	595	27	565	2.00e-87	282
g1116.t1	VFG043146(gb|WP_011106531)	32.500	560	306	12	61	598	65	574	4.81e-85	276
g1116.t1	VFG043175(gb|AAZ99737)	35.625	480	258	11	48	516	42	481	5.41e-81	265
g1116.t1	VFG007477(gb|WP_011262360)	31.802	566	349	9	33	597	47	576	1.00e-79	262
g1116.t1	VFG007475(gb|WP_011079834)	31.228	570	341	9	35	594	50	578	1.23e-79	262
g1116.t1	VFG007476(gb|WP_011150917)	31.228	570	341	9	35	594	50	578	1.71e-79	261
g1116.t1	VFG007474(gb|WP_005457713)	32.337	569	338	12	35	595	48	577	1.88e-79	261
g1116.t1	VFG007472(gb|WP_000752739)	31.866	568	344	9	33	594	47	577	4.00e-76	253
g1116.t1	VFG043222(gb|WP_002211443)	30.018	563	335	12	46	598	26	539	1.52e-68	231
g1116.t1	VFG006557(gb|WP_000364750)	31.275	502	274	17	30	506	11	466	5.52e-63	217
g1116.t1	VFG019570(gb|WP_000364746)	31.412	503	272	17	30	506	11	466	1.48e-62	216
g1116.t1	VFG006558(gb|WP_000364749)	31.275	502	274	17	30	506	11	466	2.45e-62	215
g1116.t1	VFG019571(gb|WP_000364701)	31.275	502	274	17	30	506	11	466	7.89e-62	214
g1116.t1	VFG019572(gb|WP_000364763)	30.876	502	276	17	30	506	11	466	2.01e-61	213
g1116.t1	VFG006559(gb|WP_011577854)	33.652	419	223	11	64	471	51	425	4.80e-61	212
g1116.t1	VFG006556(gb|WP_000364736)	31.412	503	272	18	30	506	11	466	5.95e-61	211
g1116.t1	VFG001897(gb|YP_002343756)	35.526	456	230	16	38	469	6	421	8.63e-59	206
g1116.t1	VFG011863(gb|WP_002857356)	35.080	439	236	15	82	511	68	466	2.55e-57	201
g1116.t1	VFG018033(gb|WP_002866662)	35.080	439	236	15	82	511	68	466	3.35e-57	201
g1116.t1	VFG011864(gb|WP_002868750)	35.080	439	236	15	82	511	68	466	3.39e-57	201
g1116.t1	VFG017785(gb|WP_011990668)	36.802	394	203	13	82	469	68	421	2.51e-56	199
g1116.t1	VFG016766(gb|WP_005767748)	26.711	599	364	16	19	595	1	546	3.20e-50	182
g1116.t1	VFG011865(gb|WP_011731758)	28.541	473	276	12	67	521	54	482	2.01e-49	180
g1116.t1	VFG006560(gb|WP_011115453)	28.231	503	302	15	27	511	14	475	1.86e-45	169
g1116.t1	VFG043294(gb|WP_003436009)	23.884	448	268	10	41	476	28	414	2.72e-26	112
g1116.t1	VFG043419(gb|WP_000413179)	24.611	386	244	15	44	420	17	364	5.49e-20	93.6
g1116.t1	VFG043272(gb|NP_464240)	21.934	579	324	28	70	595	43	546	3.77e-11	65.9
g1116.t1	VFG041691(gb|WP_015888351)	28.177	181	125	4	54	231	14	192	1.90e-06	49.7
g1839.t1	VFG043056(gb|NP_460922)	100.000	560	0	0	1	560	1	560	0.0	1138
g1839.t1	VFG043107(gb|WP_000994443)	86.126	555	72	2	6	560	3	552	0.0	952
g1839.t1	VFG002328(gb|WP_011816597)	63.489	556	182	3	17	559	19	566	0.0	692
g1839.t1	VFG003415(gb|WP_011192181)	64.130	552	189	2	17	559	19	570	0.0	690
g1839.t1	VFG002657(gb|WP_002211143)	63.949	552	190	2	17	559	19	570	0.0	690
g1839.t1	VFG023635(gb|WP_013649706)	64.391	542	183	3	22	559	24	559	0.0	689
g1839.t1	VFG018981(gb|WP_012304214)	64.130	552	189	2	17	559	19	570	0.0	688
g1839.t1	VFG020221(gb|WP_012413665)	63.949	552	190	2	17	559	19	570	0.0	688
g1839.t1	VFG025527(gb|WP_006495531)	46.739	552	268	6	17	558	51	586	3.87e-168	489
g1839.t1	VFG025525(gb|WP_011546443)	47.112	554	265	7	17	559	51	587	1.57e-167	488
g1839.t1	VFG025537(gb|WP_009908334)	45.975	559	272	7	17	559	50	594	4.85e-162	474
g1839.t1	VFG025535(gb|WP_004537759)	45.745	564	267	7	17	559	53	598	1.59e-160	470
g1839.t1	VFG002502(gb|WP_004523066)	45.745	564	267	7	17	559	53	598	1.66e-160	470
g1839.t1	VFG025529(gb|WP_004197168)	45.567	564	268	7	17	559	53	598	5.33e-159	466
g1839.t1	VFG011368(gb|WP_012417385)	44.662	562	285	7	3	560	5	544	3.79e-148	437
g1839.t1	VFG011367(gb|WP_003811836)	44.585	554	284	5	17	560	18	558	7.16e-147	434
g1839.t1	VFG011365(gb|WP_010930339)	44.765	554	283	5	17	560	18	558	3.37e-146	432
g1839.t1	VFG015684(gb|WP_012273510)	36.696	575	325	11	14	559	28	592	5.28e-99	311
g1839.t1	VFG019831(gb|WP_012614400)	35.052	582	329	11	14	559	30	598	1.45e-98	311
g1839.t1	VFG014409(gb|WP_012076711)	35.052	582	328	12	14	559	30	597	3.97e-98	310
g1839.t1	VFG001251(gb|NP_249792)	35.052	582	329	11	14	559	30	598	4.07e-98	310
g1839.t1	VFG014417(gb|WP_011059974)	35.678	583	323	13	14	559	28	595	6.88e-97	306
g1839.t1	VFG014416(gb|WP_011534909)	36.174	575	328	11	14	559	28	592	1.13e-96	306
g1839.t1	VFG014414(gb|WP_010955090)	36.348	575	327	10	14	559	28	592	1.41e-96	305
g1839.t1	VFG014415(gb|WP_012051625)	36.348	575	327	10	14	559	28	592	2.12e-96	305
g1839.t1	VFG002006(gb|WP_010947486)	36.380	547	308	14	24	555	20	541	1.12e-95	301
g1839.t1	VFG014418(gb|WP_011333049)	35.355	577	333	12	14	559	28	595	8.35e-93	296
g1839.t1	VFG014420(gb|WP_013983230)	34.760	584	327	13	14	559	27	594	3.62e-90	289
g1839.t1	VFG014413(gb|WP_011169092)	35.103	584	325	14	14	559	27	594	2.31e-89	286
g1839.t1	VFG019832(gb|WP_015885193)	36.174	575	332	12	14	559	25	593	1.29e-88	285
g1839.t1	VFG014412(gb|WP_011268443)	34.760	584	327	13	14	559	27	594	1.94e-88	284
g1839.t1	VFG015685(gb|WP_012315524)	34.760	584	324	11	14	559	28	592	1.60e-87	282
g1839.t1	VFG014411(gb|WP_007244370)	34.321	574	343	10	14	559	27	594	4.31e-87	281
g1839.t1	VFG014419(gb|WP_012019024)	35.245	593	334	14	6	559	13	594	2.39e-85	276
g1839.t1	VFG006556(gb|WP_000364736)	31.966	585	326	19	14	558	11	563	4.14e-76	251
g1839.t1	VFG006559(gb|WP_011577854)	33.932	501	275	15	14	489	11	480	9.49e-76	250
g1839.t1	VFG019571(gb|WP_000364701)	31.795	585	327	19	14	558	11	563	9.59e-76	250
g1839.t1	VFG019572(gb|WP_000364763)	31.624	585	328	19	14	558	11	563	1.49e-75	249
g1839.t1	VFG006557(gb|WP_000364750)	31.678	584	329	19	14	558	11	563	4.34e-75	248
g1839.t1	VFG006558(gb|WP_000364749)	31.624	585	328	19	14	558	11	563	4.48e-75	248
g1839.t1	VFG038864(gb|WP_073531776)	34.076	449	263	11	16	451	23	451	2.03e-74	247
g1839.t1	VFG019570(gb|WP_000364746)	31.336	584	331	18	14	558	11	563	2.61e-74	246
g1839.t1	VFG043175(gb|AAZ99737)	33.630	449	265	11	16	451	26	454	2.81e-73	244
g1839.t1	VFG001897(gb|YP_002343756)	31.150	565	323	17	29	560	23	554	2.72e-69	233
g1839.t1	VFG011863(gb|WP_002857356)	31.963	535	306	16	51	560	53	554	2.80e-69	233
g1839.t1	VFG018033(gb|WP_002866662)	31.963	535	306	16	51	560	53	554	4.34e-69	232
g1839.t1	VFG017785(gb|WP_011990668)	31.589	535	308	16	51	560	53	554	1.08e-68	231
g1839.t1	VFG011864(gb|WP_002868750)	31.776	535	307	16	51	560	53	554	1.65e-68	231
g1839.t1	VFG038627(gb|WP_016350050)	34.529	446	250	13	25	455	40	458	6.11e-62	213
g1839.t1	VFG038629(gb|WP_005334750)	31.810	569	310	19	25	557	40	566	8.61e-61	210
g1839.t1	VFG011865(gb|WP_011731758)	30.586	461	269	12	51	492	54	482	8.62e-61	210
g1839.t1	VFG043146(gb|WP_011106531)	30.109	548	313	16	45	559	65	575	7.84e-59	205
g1839.t1	VFG038628(gb|WP_005319335)	34.228	447	249	15	25	455	40	457	2.46e-58	204
g1839.t1	VFG007476(gb|WP_011150917)	30.736	462	275	13	17	466	51	479	1.46e-54	194
g1839.t1	VFG007475(gb|WP_011079834)	30.736	462	275	13	17	466	51	479	1.71e-54	193
g1839.t1	VFG007477(gb|WP_011262360)	27.866	567	344	15	17	558	50	576	3.03e-54	192
g1839.t1	VFG007472(gb|WP_000752739)	30.018	563	339	15	17	557	50	579	3.87e-54	192
g1839.t1	VFG043222(gb|WP_002211443)	31.320	447	258	12	19	454	13	421	3.26e-53	189
g1839.t1	VFG007474(gb|WP_005457713)	29.284	461	283	13	17	466	49	477	2.18e-50	182
g1839.t1	VFG006560(gb|WP_011115453)	26.576	587	346	17	17	558	14	560	3.79e-47	173
g1839.t1	VFG016766(gb|WP_005767748)	26.491	570	352	17	17	557	16	547	4.79e-44	164
g1839.t1	VFG043294(gb|WP_003436009)	27.918	437	250	12	17	437	20	407	3.67e-36	141
g1839.t1	VFG043419(gb|WP_000413179)	23.885	381	247	13	29	396	17	367	4.92e-21	96.7
g1839.t1	VFG043272(gb|NP_464240)	26.126	333	209	10	53	376	42	346	1.89e-19	91.7
g1839.t1	VFG015181(gb|WP_011266880)	25.424	177	116	5	38	205	9	178	7.24e-06	47.8
g1839.t1	VFG041691(gb|WP_015888351)	30.208	192	124	6	26	213	7	192	8.02e-06	47.8
