g3519.t1	VFG001404(gb|NP_216944)	33.750	160	92	5	31	190	47	192	2.05e-23	92.4
g3519.t1	VFG026890(gb|WP_015303486)	33.750	160	92	5	31	190	47	192	2.24e-23	92.4
g3519.t1	VFG026892(gb|WP_015293685)	33.750	160	92	5	31	190	47	192	2.28e-23	92.4
g3519.t1	VFG022835(gb|WP_013828895)	33.974	156	94	4	31	186	47	193	7.23e-23	91.3
g3519.t1	VFG024105(gb|WP_008256883)	33.540	161	93	5	31	191	47	193	1.10e-22	90.5
g3519.t1	VFG022829(gb|YP_001705132)	34.899	149	86	5	31	178	47	185	5.33e-22	89.0
g3519.t1	VFG009676(gb|WP_003876555)	33.750	160	92	5	31	190	47	192	5.74e-22	89.0
g3519.t1	VFG009678(gb|WP_010908685)	32.500	160	94	5	31	190	47	192	5.98e-22	88.6
g3519.t1	VFG009677(gb|WP_009976955)	33.750	160	92	5	31	190	47	192	6.51e-22	88.6
g3519.t1	VFG022828(gb|WP_012394463)	33.750	160	92	5	31	190	47	192	6.58e-22	88.6
g3519.t1	VFG009680(gb|WP_011730169)	34.228	149	87	5	31	178	47	185	7.08e-22	88.6
g3519.t1	VFG009679(gb|WP_011740864)	33.750	160	92	5	31	190	47	192	8.47e-22	88.2
g3519.t1	VFG026903(gb|YP_007958466)	32.500	160	94	5	31	190	113	258	2.77e-20	86.7
