g1377.t1	VFG030307(gb|WP_015303738)	32.143	224	136	6	12	221	11	232	3.43e-25	104
g1377.t1	VFG030300(gb|WP_014001575)	32.143	224	136	6	12	221	11	232	3.94e-25	104
g1377.t1	VFG030286(gb|NP_217602)	32.143	224	136	6	12	221	11	232	4.71e-25	103
g1377.t1	VFG030323(gb|WP_015345151)	31.982	222	135	6	14	221	13	232	8.80e-25	103
g1377.t1	VFG030308(gb|WP_015291173)	32.143	224	136	6	12	221	11	232	9.25e-25	103
g1377.t1	VFG030302(gb|WP_041318085)	31.474	251	135	8	1	227	1	238	3.23e-24	101
g1377.t1	VFG030318(gb|YP_007959090)	32.558	215	129	6	21	221	3	215	6.58e-24	100
g1377.t1	VFG030295(gb|WP_011742363)	27.467	375	224	14	14	344	13	383	1.00e-22	97.8
g1377.t1	VFG030314(gb|YP_007962958)	32.804	189	112	5	12	187	11	197	2.92e-21	93.6
g1377.t1	VFG030301(gb|WP_012392129)	30.380	237	141	7	5	223	4	234	1.97e-20	90.9
g1377.t1	VFG030290(gb|WP_003894835)	28.692	237	153	6	5	227	4	238	4.66e-20	90.1
g1377.t1	VFG030305(gb|WP_016343680)	34.940	166	94	5	5	158	4	167	1.83e-19	88.2
g1377.t1	VFG030291(gb|WP_011857132)	29.794	339	203	13	21	328	20	354	1.97e-18	85.1
g1377.t1	VFG030293(gb|WP_011562028)	29.794	339	203	13	21	328	20	354	2.07e-18	85.1
g1377.t1	VFG015871(gb|WP_011105123)	24.719	356	211	11	27	335	37	382	1.06e-16	80.5
g1377.t1	VFG030304(gb|WP_011560572)	36.196	163	89	6	26	175	25	185	5.74e-16	77.8
g1377.t1	VFG030297(gb|YP_001702819)	36.196	163	89	6	26	175	25	185	7.82e-16	77.4
g1377.t1	VFG008556(gb|WP_005116844)	24.046	262	155	5	14	268	1418	1642	7.60e-07	51.2
g1377.t1	VFG008791(gb|WP_015294046)	23.134	268	151	7	14	268	1432	1657	7.15e-06	48.1
g1613.t1	VFG030308(gb|WP_015291173)	29.248	359	196	17	15	326	13	360	3.45e-15	75.5
g1613.t1	VFG030290(gb|WP_003894835)	27.273	363	194	16	16	325	14	359	1.10e-14	73.9
g1613.t1	VFG030307(gb|WP_015303738)	28.969	359	197	17	15	326	13	360	2.17e-14	73.2
g1613.t1	VFG030300(gb|WP_014001575)	28.969	359	197	17	15	326	13	360	2.57e-14	72.8
g1613.t1	VFG030286(gb|NP_217602)	28.969	359	197	17	15	326	13	360	3.12e-14	72.8
g1613.t1	VFG030323(gb|WP_015345151)	28.969	359	197	17	15	326	13	360	3.65e-14	72.4
g1613.t1	VFG030301(gb|WP_012392129)	27.019	359	204	15	15	326	13	360	3.07e-13	69.7
g1613.t1	VFG030318(gb|YP_007959090)	29.107	347	188	17	27	326	8	343	8.18e-12	65.5
g1613.t1	VFG030302(gb|WP_041318085)	37.374	99	57	3	14	112	12	105	2.90e-11	63.9
g1613.t1	VFG030291(gb|WP_011857132)	26.050	357	206	14	18	326	14	360	5.18e-11	63.2
g1613.t1	VFG030293(gb|WP_011562028)	26.611	357	204	14	18	326	14	360	5.52e-11	62.8
g1613.t1	VFG030304(gb|WP_011560572)	32.164	171	89	7	18	166	14	179	7.00e-11	62.8
g1613.t1	VFG030297(gb|YP_001702819)	27.273	352	208	15	18	326	14	360	7.00e-11	62.8
g1613.t1	VFG030314(gb|YP_007962958)	37.755	98	56	3	15	112	13	105	1.91e-10	61.2
g1613.t1	VFG030305(gb|WP_016343680)	25.490	357	212	15	15	326	13	360	1.78e-07	52.0
g1613.t1	VFG030295(gb|WP_011742363)	28.986	207	109	6	23	195	21	223	3.74e-06	48.1
g1613.t1	VFG008791(gb|WP_015294046)	28.061	196	105	6	5	197	1424	1586	5.79e-06	48.1
g1842.t1	VFG030308(gb|WP_015291173)	28.333	360	198	16	25	337	14	360	2.00e-15	76.3
g1842.t1	VFG030307(gb|WP_015303738)	28.056	360	199	16	25	337	14	360	1.55e-14	73.6
g1842.t1	VFG030300(gb|WP_014001575)	28.056	360	199	16	25	337	14	360	1.70e-14	73.6
g1842.t1	VFG030286(gb|NP_217602)	28.056	360	199	16	25	337	14	360	1.72e-14	73.6
g1842.t1	VFG030304(gb|WP_011560572)	34.568	162	79	6	36	177	25	179	1.74e-14	73.6
g1842.t1	VFG030323(gb|WP_015345151)	28.056	360	199	16	25	337	14	360	1.92e-14	73.6
g1842.t1	VFG030297(gb|YP_001702819)	33.951	162	80	6	36	177	25	179	5.24e-14	72.0
g1842.t1	VFG030290(gb|WP_003894835)	26.301	365	197	16	25	336	14	359	2.74e-13	70.1
g1842.t1	VFG030301(gb|WP_012392129)	26.257	358	208	15	25	337	14	360	3.98e-13	69.7
g1842.t1	VFG030318(gb|YP_007959090)	27.746	346	196	16	36	337	8	343	1.16e-12	68.2
g1842.t1	VFG030314(gb|YP_007962958)	39.394	99	53	3	25	123	14	105	2.89e-12	67.0
g1842.t1	VFG030293(gb|WP_011562028)	27.299	348	195	15	36	337	25	360	3.13e-12	66.6
g1842.t1	VFG030291(gb|WP_011857132)	27.011	348	196	15	36	337	25	360	3.94e-12	66.6
g1842.t1	VFG030302(gb|WP_041318085)	36.364	99	56	3	25	123	14	105	1.67e-11	64.7
g1842.t1	VFG030305(gb|WP_016343680)	37.374	99	55	3	25	123	14	105	2.08e-11	64.3
g1842.t1	VFG030295(gb|WP_011742363)	28.511	235	127	7	36	235	25	253	2.47e-06	48.9
g2995.t1	VFG030302(gb|WP_041318085)	30.924	249	139	8	1	227	1	238	4.58e-23	98.6
g2995.t1	VFG030307(gb|WP_015303738)	31.330	233	143	7	1	219	1	230	2.57e-22	96.3
g2995.t1	VFG030286(gb|NP_217602)	31.330	233	143	7	1	219	1	230	2.62e-22	96.3
g2995.t1	VFG030300(gb|WP_014001575)	31.330	233	143	7	1	219	1	230	2.65e-22	96.3
g2995.t1	VFG030295(gb|WP_011742363)	28.418	373	223	15	14	344	13	383	5.19e-22	95.5
g2995.t1	VFG030308(gb|WP_015291173)	31.330	233	143	7	1	219	1	230	5.25e-22	95.5
g2995.t1	VFG030323(gb|WP_015345151)	30.901	233	144	7	1	219	1	230	1.25e-21	94.4
g2995.t1	VFG030318(gb|YP_007959090)	32.212	208	125	6	26	219	8	213	3.42e-21	92.8
g2995.t1	VFG030314(gb|YP_007962958)	31.500	200	121	6	1	187	1	197	2.66e-19	87.8
g2995.t1	VFG030305(gb|WP_016343680)	33.529	170	98	6	1	158	1	167	1.27e-18	85.9
g2995.t1	VFG030301(gb|WP_012392129)	29.876	241	144	8	1	223	1	234	2.07e-18	85.1
g2995.t1	VFG030290(gb|WP_003894835)	25.939	293	182	10	1	279	1	272	7.36e-17	80.5
g2995.t1	VFG030304(gb|WP_011560572)	36.424	151	82	5	26	164	25	173	1.44e-16	79.7
g2995.t1	VFG030297(gb|YP_001702819)	36.424	151	82	5	26	164	25	173	2.46e-16	79.0
g2995.t1	VFG030293(gb|WP_011562028)	37.086	151	81	5	26	164	25	173	1.27e-15	77.0
g2995.t1	VFG030291(gb|WP_011857132)	37.086	151	81	5	26	164	25	173	1.54e-15	76.6
g2995.t1	VFG015871(gb|WP_011105123)	23.955	359	210	10	27	335	37	382	1.25e-12	68.2
g2314.t1	VFG030295(gb|WP_011742363)	26.810	373	229	11	16	347	14	383	5.27e-20	90.1
g2314.t1	VFG030302(gb|WP_041318085)	25.556	360	221	14	10	333	8	356	3.18e-17	81.6
g2314.t1	VFG030301(gb|WP_012392129)	25.788	349	228	12	13	333	11	356	2.78e-15	75.9
g2314.t1	VFG030290(gb|WP_003894835)	23.656	372	248	14	3	344	1	366	5.22e-15	75.1
g2314.t1	VFG015871(gb|WP_011105123)	24.771	327	205	8	45	338	64	382	1.93e-13	70.9
g2314.t1	VFG030286(gb|NP_217602)	24.000	350	233	12	13	333	11	356	4.53e-13	69.3
g2314.t1	VFG030300(gb|WP_014001575)	24.000	350	233	12	13	333	11	356	6.48e-13	68.9
g2314.t1	VFG030308(gb|WP_015291173)	24.000	350	233	12	13	333	11	356	1.04e-12	68.2
g2314.t1	VFG030323(gb|WP_015345151)	23.919	347	231	12	16	333	14	356	1.23e-12	68.2
g2314.t1	VFG030307(gb|WP_015303738)	23.714	350	234	12	13	333	11	356	5.23e-12	66.2
g2314.t1	VFG030318(gb|YP_007959090)	23.977	342	227	12	21	333	2	339	1.95e-11	64.3
g2314.t1	VFG030305(gb|WP_016343680)	22.131	366	220	11	13	333	11	356	4.84e-09	57.0
g2314.t1	VFG030293(gb|WP_011562028)	29.605	152	94	5	26	166	24	173	7.94e-09	56.6
g2314.t1	VFG030291(gb|WP_011857132)	29.605	152	94	5	26	166	24	173	8.23e-09	56.6
g2314.t1	VFG030297(gb|YP_001702819)	27.679	336	210	14	27	333	25	356	1.23e-08	55.8
g2314.t1	VFG030304(gb|WP_011560572)	26.409	337	213	13	27	333	25	356	2.67e-08	54.7
g2314.t1	VFG030314(gb|YP_007962958)	25.789	190	125	6	13	189	11	197	4.18e-06	48.1
g1462.t1	VFG030295(gb|WP_011742363)	31.016	374	205	13	10	334	13	382	4.83e-33	125
g1462.t1	VFG030301(gb|WP_012392129)	29.296	355	216	10	13	333	16	369	2.45e-30	118
g1462.t1	VFG030290(gb|WP_003894835)	28.804	368	224	11	2	333	4	369	1.03e-27	111
g1462.t1	VFG030305(gb|WP_016343680)	29.651	344	201	11	25	331	28	367	7.99e-27	108
g1462.t1	VFG030307(gb|WP_015303738)	29.912	341	204	10	25	331	28	367	6.29e-26	106
g1462.t1	VFG030300(gb|WP_014001575)	29.619	341	205	10	25	331	28	367	8.84e-26	105
g1462.t1	VFG030318(gb|YP_007959090)	29.619	341	205	10	25	331	11	350	9.73e-26	105
g1462.t1	VFG030308(gb|WP_015291173)	29.619	341	205	10	25	331	28	367	9.77e-26	105
g1462.t1	VFG030323(gb|WP_015345151)	29.619	341	205	10	25	331	28	367	1.10e-25	105
g1462.t1	VFG030286(gb|NP_217602)	29.619	341	205	10	25	331	28	367	1.12e-25	105
g1462.t1	VFG030302(gb|WP_041318085)	30.058	346	197	13	25	331	28	367	2.73e-23	99.0
g1462.t1	VFG030291(gb|WP_011857132)	30.303	363	215	13	2	328	4	364	1.15e-20	91.3
g1462.t1	VFG030314(gb|YP_007962958)	34.503	171	90	3	25	174	28	197	2.36e-20	90.5
g1462.t1	VFG030293(gb|WP_011562028)	30.028	363	216	13	2	328	4	364	2.59e-20	90.5
g1462.t1	VFG030297(gb|YP_001702819)	29.014	355	215	13	9	328	12	364	2.99e-19	87.4
g1462.t1	VFG030304(gb|WP_011560572)	29.014	355	215	13	9	328	12	364	6.57e-19	86.3
g1462.t1	VFG029833(gb|WP_014379696)	24.324	333	204	11	14	332	3004	3302	8.18e-11	63.5
g1462.t1	VFG029831(gb|WP_014711138)	24.324	333	204	11	14	332	3004	3302	8.33e-11	63.5
g1462.t1	VFG014142(gb|WP_016254248)	24.880	209	120	5	56	260	93	268	1.55e-09	58.9
g1462.t1	VFG029832(gb|WP_014382190)	23.724	333	206	11	14	332	3004	3302	2.38e-09	58.9
g1462.t1	VFG029828(gb|YP_001701685)	23.263	331	208	11	14	331	3002	3299	2.39e-08	55.8
g1462.t1	VFG029823(gb|WP_011726922)	26.068	234	157	9	112	332	3053	3283	7.07e-08	54.3
g1462.t1	VFG029835(gb|WP_016341938)	23.263	331	208	11	14	331	3004	3301	8.08e-08	53.9
g1462.t1	VFG029827(gb|WP_011777591)	22.849	337	210	11	14	332	2981	3285	4.27e-07	51.6
g1462.t1	VFG007855(gb|WP_162292826)	26.429	140	99	4	123	259	1570	1708	4.08e-06	48.5
g1462.t1	VFG008878(gb|WP_162143265)	26.429	140	99	4	123	259	1570	1708	4.16e-06	48.5
g1462.t1	VFG022413(gb|WP_181013047)	26.429	140	99	4	123	259	1570	1708	5.04e-06	48.5
