g2236.t1	VFG003087(gb|WP_002231174)	72.756	312	85	0	1	312	1	312	5.31e-174	484
g2236.t1	VFG000417(gb|WP_002218234)	72.436	312	86	0	1	312	1	312	3.24e-173	482
g2236.t1	VFG023775(gb|WP_013650151)	46.774	310	159	3	3	312	8	311	5.17e-97	288
g2236.t1	VFG020304(gb|WP_012413585)	42.675	314	175	3	1	312	1	311	3.35e-88	266
g2236.t1	VFG019015(gb|WP_012304341)	42.357	314	176	3	1	312	1	311	4.80e-87	263
g2236.t1	VFG019032(gb|WP_011191999)	42.357	314	176	3	1	312	1	311	7.34e-87	263
g2236.t1	VFG012925(gb|WP_011378982)	38.050	318	186	5	1	312	3	315	5.52e-73	227
g2236.t1	VFG012928(gb|WP_005005342)	38.050	318	186	5	1	312	3	315	6.09e-73	227
g2236.t1	VFG001017(gb|NP_858404)	38.365	318	185	6	1	312	3	315	1.23e-72	226
g2236.t1	VFG012929(gb|WP_005000190)	37.736	318	187	5	1	312	3	315	6.03e-72	224
