g185.t1	VFG009299(gb|WP_010907614)	100.000	313	0	0	1	313	1	313	0.0	630
g185.t1	VFG008110(gb|WP_003875612)	78.105	306	66	1	6	311	2	306	8.00e-152	427
g185.t1	VFG023929(gb|WP_008263493)	77.492	311	69	1	1	311	1	310	9.12e-152	427
g185.t1	VFG022608(gb|WP_012396625)	75.570	307	75	0	5	311	7	313	1.11e-151	427
g185.t1	VFG009300(gb|WP_011741822)	75.570	307	75	0	5	311	7	313	1.13e-151	427
g185.t1	VFG023931(gb|WP_014381727)	77.492	311	69	1	1	311	1	310	1.53e-151	427
g185.t1	VFG008093(gb|WP_015357453)	75.570	307	75	0	5	311	7	313	1.66e-151	427
g185.t1	VFG009298(gb|WP_011723636)	77.778	306	67	1	6	311	2	306	5.49e-151	425
g185.t1	VFG023933(gb|WP_014378986)	76.849	311	71	1	1	311	1	310	1.61e-150	424
g185.t1	VFG008109(gb|WP_020821481)	76.849	311	71	1	1	311	1	310	2.87e-150	424
g185.t1	VFG008091(gb|WP_015291575)	81.818	297	54	0	7	303	4	300	1.04e-148	419
g185.t1	VFG001417(gb|NP_218119)	82.155	297	53	0	7	303	4	300	5.38e-148	418
g185.t1	VFG008089(gb|WP_014001827)	81.818	297	54	0	7	303	4	300	5.38e-148	418
g185.t1	VFG008102(gb|YP_007959578)	81.818	297	54	0	7	303	4	300	1.96e-147	416
g185.t1	VFG008111(gb|WP_015309659)	71.478	291	82	1	1	291	1	290	1.32e-135	387
g185.t1	VFG009304(gb|WP_011857210)	67.846	311	100	0	1	311	1	311	6.41e-130	372
g185.t1	VFG009305(gb|WP_011562139)	67.846	311	100	0	1	311	1	311	1.25e-129	371
g185.t1	VFG009302(gb|WP_011892321)	64.052	306	109	1	7	311	7	312	1.37e-128	369
g185.t1	VFG023928(gb|WP_013472895)	63.399	306	111	1	7	311	7	312	1.77e-126	363
g185.t1	VFG008088(gb|WP_005065022)	64.667	300	99	2	12	311	16	308	2.01e-125	360
g185.t1	VFG022609(gb|YP_001701294)	64.667	300	99	2	12	311	16	308	4.05e-125	360
g185.t1	VFG009301(gb|WP_011731036)	67.308	312	101	1	1	311	1	312	1.47e-123	356
g185.t1	VFG022615(gb|WP_013830814)	70.979	286	83	0	6	291	10	295	1.24e-121	351
g185.t1	VFG009303(gb|WP_011782503)	64.630	311	108	1	1	311	1	309	1.60e-120	348
g3551.t1	VFG001417(gb|NP_218119)	100.000	309	0	0	1	309	1	309	0.0	607
g3551.t1	VFG008089(gb|WP_014001827)	99.676	309	1	0	1	309	1	309	0.0	605
g3551.t1	VFG008102(gb|YP_007959578)	99.676	309	1	0	1	309	1	309	0.0	605
g3551.t1	VFG008091(gb|WP_015291575)	97.411	309	8	0	1	309	1	309	0.0	593
g3551.t1	VFG022608(gb|WP_012396625)	80.782	307	58	1	4	309	9	315	2.26e-165	462
g3551.t1	VFG009300(gb|WP_011741822)	80.782	307	58	1	4	309	9	315	2.85e-165	461
g3551.t1	VFG008093(gb|WP_015357453)	80.456	307	59	1	4	309	9	315	8.33e-165	460
g3551.t1	VFG008110(gb|WP_003875612)	81.699	306	56	0	4	309	3	308	2.45e-162	454
g3551.t1	VFG009298(gb|WP_011723636)	81.373	306	57	0	4	309	3	308	9.22e-162	452
g3551.t1	VFG023929(gb|WP_008263493)	81.046	306	58	0	4	309	7	312	1.30e-159	447
g3551.t1	VFG023931(gb|WP_014381727)	80.719	306	59	0	4	309	7	312	9.45e-159	445
g3551.t1	VFG023933(gb|WP_014378986)	80.392	306	60	0	4	309	7	312	2.48e-158	444
g3551.t1	VFG008109(gb|WP_020821481)	80.392	306	60	0	4	309	7	312	6.56e-158	443
g3551.t1	VFG008111(gb|WP_015309659)	73.129	294	79	0	1	294	3	296	7.46e-144	407
g3551.t1	VFG009305(gb|WP_011562139)	72.131	305	84	1	6	309	9	313	2.15e-138	393
g3551.t1	VFG009302(gb|WP_011892321)	67.532	308	98	2	4	309	7	314	2.81e-137	390
g3551.t1	VFG009299(gb|WP_010907614)	82.155	297	53	0	4	300	7	303	3.31e-137	390
g3551.t1	VFG009304(gb|WP_011857210)	74.394	289	74	0	6	294	9	297	9.24e-137	389
g3551.t1	VFG023928(gb|WP_013472895)	66.883	308	100	2	4	309	7	314	2.38e-135	386
g3551.t1	VFG022609(gb|YP_001701294)	67.774	301	91	2	9	309	16	310	3.35e-133	380
g3551.t1	VFG008088(gb|WP_005065022)	67.774	301	91	2	9	309	16	310	3.65e-133	380
g3551.t1	VFG009301(gb|WP_011731036)	70.064	314	89	3	1	309	1	314	6.86e-133	379
g3551.t1	VFG022615(gb|WP_013830814)	72.757	301	78	2	4	301	11	310	1.59e-131	376
g3551.t1	VFG009303(gb|WP_011782503)	68.608	309	90	2	4	309	7	311	1.15e-130	374
g4821.t1	VFG009305(gb|WP_011562139)	48.944	284	136	6	1	282	14	290	1.26e-71	223
g4821.t1	VFG009301(gb|WP_011731036)	50.916	273	126	6	12	282	24	290	2.44e-71	222
g4821.t1	VFG009304(gb|WP_011857210)	48.592	284	137	6	1	282	14	290	3.50e-70	219
g4821.t1	VFG009302(gb|WP_011892321)	49.818	275	126	7	12	282	24	290	6.69e-70	218
g4821.t1	VFG023928(gb|WP_013472895)	49.818	275	126	7	12	282	24	290	7.06e-70	218
g4821.t1	VFG008111(gb|WP_015309659)	45.775	284	145	6	1	282	13	289	4.15e-68	214
g4821.t1	VFG022608(gb|WP_012396625)	48.375	277	125	8	14	283	28	293	3.28e-66	209
g4821.t1	VFG009300(gb|WP_011741822)	48.375	277	125	8	14	283	28	293	3.28e-66	209
g4821.t1	VFG008093(gb|WP_015357453)	48.014	277	126	8	14	283	28	293	2.11e-65	207
g4821.t1	VFG008110(gb|WP_003875612)	47.253	273	136	6	13	283	21	287	5.52e-65	205
g4821.t1	VFG022609(gb|YP_001701294)	49.064	267	127	6	18	282	35	294	1.26e-64	204
g4821.t1	VFG009303(gb|WP_011782503)	49.455	275	127	7	12	282	24	290	1.43e-64	204
g4821.t1	VFG009298(gb|WP_011723636)	46.886	273	137	6	13	283	21	287	3.90e-64	203
g4821.t1	VFG008088(gb|WP_005065022)	48.689	267	128	6	18	282	35	294	6.80e-64	202
g4821.t1	VFG022615(gb|WP_013830814)	49.451	273	130	6	12	282	28	294	9.19e-64	202
g4821.t1	VFG023933(gb|WP_014378986)	46.324	272	138	6	14	283	26	291	3.67e-63	201
g4821.t1	VFG008091(gb|WP_015291575)	48.708	271	131	6	14	282	23	287	4.47e-63	201
g4821.t1	VFG008102(gb|YP_007959578)	49.084	273	131	6	12	282	21	287	1.26e-62	199
g4821.t1	VFG023929(gb|WP_008263493)	45.956	272	139	6	14	283	26	291	1.58e-62	199
g4821.t1	VFG023931(gb|WP_014381727)	45.956	272	139	6	14	283	26	291	1.68e-62	199
g4821.t1	VFG001417(gb|NP_218119)	49.084	273	131	6	12	282	21	287	2.28e-62	199
g4821.t1	VFG008089(gb|WP_014001827)	49.084	273	131	6	12	282	21	287	2.28e-62	199
g4821.t1	VFG008109(gb|WP_020821481)	45.956	272	139	6	14	283	26	291	2.80e-62	199
g4821.t1	VFG009299(gb|WP_010907614)	44.755	286	145	6	1	282	14	290	4.70e-51	170
g176.t1	VFG009302(gb|WP_011892321)	46.403	278	126	5	15	283	28	291	4.50e-69	216
g176.t1	VFG023928(gb|WP_013472895)	45.683	278	128	5	15	283	28	291	5.72e-68	213
g176.t1	VFG009304(gb|WP_011857210)	45.878	279	126	6	15	283	28	291	1.49e-65	207
g176.t1	VFG009301(gb|WP_011731036)	45.522	268	137	5	15	280	28	288	1.94e-65	207
g176.t1	VFG009305(gb|WP_011562139)	45.878	279	126	6	15	283	28	291	3.27e-65	206
g176.t1	VFG022609(gb|YP_001701294)	44.245	278	132	5	15	283	32	295	4.47e-65	206
g176.t1	VFG008088(gb|WP_005065022)	44.245	278	132	5	15	283	32	295	5.43e-65	206
g176.t1	VFG008111(gb|WP_015309659)	44.043	277	130	6	17	283	29	290	1.32e-64	205
g176.t1	VFG009303(gb|WP_011782503)	44.604	278	131	5	15	283	28	291	2.04e-64	204
g176.t1	VFG022608(gb|WP_012396625)	44.444	270	141	5	15	282	30	292	3.17e-64	204
g176.t1	VFG009300(gb|WP_011741822)	44.074	270	142	5	15	282	30	292	6.06e-64	203
g176.t1	VFG008093(gb|WP_015357453)	44.444	270	141	5	15	282	30	292	6.90e-64	203
g176.t1	VFG009298(gb|WP_011723636)	45.076	264	138	4	15	277	24	281	7.23e-64	202
g176.t1	VFG008110(gb|WP_003875612)	45.076	264	138	4	15	277	24	281	8.23e-64	202
g176.t1	VFG022615(gb|WP_013830814)	45.185	270	141	4	15	283	32	295	1.77e-62	199
g176.t1	VFG023929(gb|WP_008263493)	44.697	264	139	4	15	277	28	285	1.29e-61	197
g176.t1	VFG023931(gb|WP_014381727)	44.697	264	139	4	15	277	28	285	1.41e-61	197
g176.t1	VFG023933(gb|WP_014378986)	44.697	264	139	4	15	277	28	285	1.69e-61	196
g176.t1	VFG008109(gb|WP_020821481)	44.318	264	140	4	15	277	28	285	2.16e-60	194
g176.t1	VFG008091(gb|WP_015291575)	52.973	185	84	2	15	198	25	207	1.83e-58	189
g176.t1	VFG001417(gb|NP_218119)	52.432	185	85	2	15	198	25	207	1.80e-57	186
g176.t1	VFG008089(gb|WP_014001827)	52.432	185	85	2	15	198	25	207	1.80e-57	186
g176.t1	VFG008102(gb|YP_007959578)	52.432	185	85	2	15	198	25	207	2.13e-57	186
g176.t1	VFG009299(gb|WP_010907614)	43.866	269	144	4	17	284	30	292	5.27e-49	164
