g1118.t1	VFG001253(gb|NP_249794)	100.000	268	0	0	1	268	1	268	0.0	536
g1118.t1	VFG014436(gb|WP_003140589)	99.627	268	1	0	1	268	1	268	0.0	534
g1118.t1	VFG019835(gb|WP_003449045)	99.254	268	2	0	1	268	1	268	0.0	533
g1118.t1	VFG014435(gb|WP_003158012)	89.888	267	26	1	1	267	1	266	1.32e-164	456
g1118.t1	VFG014446(gb|WP_011913699)	70.881	261	71	2	8	268	3	258	4.19e-127	361
g1118.t1	VFG014445(gb|WP_003243193)	66.165	266	82	2	8	268	4	266	3.16e-115	331
g1118.t1	VFG014441(gb|WP_012051627)	63.602	261	87	2	10	268	7	261	6.12e-105	305
g1118.t1	VFG014440(gb|WP_010955089)	62.835	261	88	2	10	268	7	260	7.45e-105	305
g1118.t1	VFG014442(gb|WP_011534907)	63.985	261	85	2	9	268	5	257	7.72e-105	305
g1118.t1	VFG015688(gb|WP_012273509)	63.462	260	88	2	10	268	7	260	1.04e-103	301
g1118.t1	VFG015689(gb|WP_012315522)	64.093	259	82	2	10	268	7	254	3.46e-102	298
g1118.t1	VFG019836(gb|WP_015885191)	59.302	258	94	2	11	268	8	254	6.52e-102	297
g1118.t1	VFG014438(gb|WP_011268441)	57.143	259	104	2	6	263	4	256	9.24e-100	292
g1118.t1	VFG014437(gb|WP_005767003)	57.422	256	103	1	6	261	4	253	4.91e-99	290
g1118.t1	VFG014439(gb|WP_011169091)	57.752	258	104	2	7	263	5	258	9.06e-98	287
g1118.t1	VFG014443(gb|WP_011059976)	60.569	246	88	1	14	259	12	248	1.41e-97	287
g1118.t1	VFG014444(gb|WP_011333050)	57.255	255	100	1	5	259	2	247	4.40e-97	285
g1118.t1	VFG038636(gb|WP_005319330)	28.365	208	123	4	70	254	64	268	4.61e-19	84.0
g1118.t1	VFG043224(gb|WP_002213763)	27.778	162	117	0	78	239	66	227	6.17e-19	83.2
g1118.t1	VFG038637(gb|WP_005353684)	29.048	210	124	4	70	256	66	273	1.12e-18	83.2
g1118.t1	VFG038634(gb|WP_011705274)	28.500	200	120	3	70	246	65	264	6.39e-18	80.9
g1118.t1	VFG038635(gb|WP_016350051)	28.866	194	115	3	70	240	65	258	1.11e-17	80.1
g1118.t1	VFG043144(gb|WP_005478070)	27.329	161	114	1	75	232	66	226	2.54e-17	79.0
g1118.t1	VFG007462(gb|WP_005481084)	23.482	247	156	5	26	246	24	263	9.10e-17	77.8
g1118.t1	VFG007465(gb|WP_011262359)	24.506	253	153	6	25	249	23	265	2.94e-16	76.3
g1118.t1	VFG011357(gb|WP_010930338)	26.549	226	159	3	21	239	16	241	1.45e-15	73.9
g1118.t1	VFG011359(gb|WP_003811840)	28.634	227	153	5	21	239	16	241	1.97e-15	73.6
g1118.t1	VFG011358(gb|WP_010928070)	28.194	227	154	5	21	239	16	241	1.01e-14	71.6
g1118.t1	VFG007463(gb|WP_011079836)	21.488	242	163	4	26	244	24	261	2.28e-13	68.2
g1118.t1	VFG007460(gb|WP_000012402)	22.458	236	158	6	26	239	24	256	3.51e-13	67.8
g1118.t1	VFG023639(gb|WP_013649705)	24.424	217	151	4	26	231	13	227	9.21e-13	66.2
g1118.t1	VFG002330(gb|WP_011816598)	23.963	217	152	4	26	231	13	227	7.02e-12	63.5
g1118.t1	VFG011360(gb|WP_012417383)	31.013	158	98	4	85	239	85	234	1.07e-11	63.2
g1118.t1	VFG002659(gb|WP_002211141)	24.201	219	147	7	26	231	13	225	3.22e-10	58.9
g1118.t1	VFG003284(gb|WP_161803456)	24.201	219	147	7	26	231	10	222	3.44e-10	58.5
g1118.t1	VFG043109(gb|WP_001282715)	25.949	158	107	4	78	231	64	215	5.47e-10	58.2
g1118.t1	VFG003417(gb|WP_011192180)	24.201	219	147	7	26	231	13	225	5.72e-10	58.2
g1118.t1	VFG003014(gb|WP_002228543)	23.744	219	148	7	26	231	13	225	2.93e-09	55.8
g1118.t1	VFG043177(gb|AAZ99739)	29.012	162	107	3	80	239	65	220	4.51e-09	55.5
g1118.t1	VFG038866(gb|WP_005314286)	29.012	162	107	3	80	239	65	220	4.64e-09	55.5
g1118.t1	VFG016890(gb|WP_010231750)	29.500	200	94	9	70	254	49	216	6.53e-09	54.7
g1118.t1	VFG025502(gb|WP_012329409)	26.797	153	102	2	81	231	69	213	1.40e-08	53.9
g1118.t1	VFG015574(gb|WP_009873901)	30.435	184	83	8	70	240	49	200	1.58e-08	53.5
g1118.t1	VFG025501(gb|WP_006493319)	26.623	154	103	3	81	232	69	214	2.75e-08	53.1
g1118.t1	VFG002130(gb|NP_220076)	30.435	184	83	8	70	240	49	200	2.88e-08	52.8
g1118.t1	VFG043058(gb|NP_460924)	22.010	209	132	5	48	237	32	228	5.55e-08	52.4
g1118.t1	VFG025511(gb|WP_025404060)	26.036	169	115	2	73	231	44	212	5.98e-08	52.0
g1118.t1	VFG016889(gb|WP_011324773)	29.891	184	84	8	70	240	49	200	6.22e-08	52.0
g1118.t1	VFG002500(gb|WP_004556525)	25.882	170	116	2	73	232	44	213	3.03e-07	50.1
g1118.t1	VFG025509(gb|WP_011850923)	25.882	170	116	2	73	232	44	213	3.20e-07	50.1
g1118.t1	VFG025499(gb|WP_011546445)	26.623	154	103	2	81	232	69	214	3.39e-07	49.7
g1118.t1	VFG025500(gb|WP_011694435)	26.623	154	103	2	81	232	69	214	3.45e-07	49.7
g1118.t1	VFG025503(gb|WP_004197166)	26.163	172	113	4	73	232	44	213	5.79e-07	49.3
g1118.t1	VFG025508(gb|WP_004525877)	25.581	172	114	4	73	232	44	213	6.30e-07	48.9
g1118.t1	VFG006570(gb|WP_011115451)	24.747	198	119	6	60	245	98	277	3.04e-06	47.4
g1118.t1	VFG016891(gb|WP_010883463)	28.261	138	91	3	102	232	57	193	6.89e-06	45.8
g1118.t1	VFG011871(gb|WP_011049658)	25.000	160	107	5	84	239	123	273	9.45e-06	45.8
g1841.t1	VFG043058(gb|NP_460924)	100.000	235	0	0	1	235	1	235	4.52e-172	472
g1841.t1	VFG043109(gb|WP_001282715)	82.128	235	35	1	1	235	1	228	3.13e-122	346
g1841.t1	VFG023639(gb|WP_013649705)	59.244	238	89	3	3	235	6	240	3.88e-87	258
g1841.t1	VFG002330(gb|WP_011816598)	58.824	238	90	3	3	235	6	240	6.55e-87	257
g1841.t1	VFG003417(gb|WP_011192180)	55.794	233	103	0	3	235	6	238	1.41e-79	238
g1841.t1	VFG002659(gb|WP_002211141)	55.794	233	103	0	3	235	6	238	1.46e-79	238
g1841.t1	VFG003014(gb|WP_002228543)	55.365	233	104	0	3	235	6	238	1.43e-78	236
g1841.t1	VFG003284(gb|WP_161803456)	55.652	230	102	0	6	235	6	235	3.69e-78	234
g1841.t1	VFG025511(gb|WP_025404060)	36.517	178	109	1	50	227	44	217	1.46e-31	115
g1841.t1	VFG025508(gb|WP_004525877)	35.955	178	110	1	50	227	44	217	8.84e-31	113
g1841.t1	VFG025509(gb|WP_011850923)	35.955	178	110	1	50	227	44	217	1.26e-30	112
g1841.t1	VFG002500(gb|WP_004556525)	35.955	178	110	1	50	227	44	217	1.26e-30	112
g1841.t1	VFG025503(gb|WP_004197166)	35.393	178	111	1	50	227	44	217	3.48e-30	111
g1841.t1	VFG025502(gb|WP_012329409)	37.017	181	110	1	47	227	42	218	6.52e-27	103
g1841.t1	VFG025501(gb|WP_006493319)	38.065	155	96	0	73	227	64	218	7.64e-27	103
g1841.t1	VFG011357(gb|WP_010930338)	33.918	171	105	1	57	227	76	238	4.99e-25	99.0
g1841.t1	VFG011359(gb|WP_003811840)	32.749	171	107	1	57	227	76	238	3.87e-24	96.7
g1841.t1	VFG011358(gb|WP_010928070)	31.579	171	109	1	57	227	76	238	1.32e-22	92.4
g1841.t1	VFG025499(gb|WP_011546445)	36.774	155	98	0	73	227	64	218	2.45e-21	88.6
g1841.t1	VFG025500(gb|WP_011694435)	36.774	155	98	0	73	227	64	218	2.47e-21	88.6
g1841.t1	VFG038636(gb|WP_005319330)	30.460	174	120	1	56	228	81	254	1.11e-18	82.4
g1841.t1	VFG038634(gb|WP_011705274)	31.214	173	118	1	57	228	83	255	3.51e-18	80.9
g1841.t1	VFG038637(gb|WP_005353684)	29.480	173	121	1	57	228	84	256	4.40e-18	80.9
g1841.t1	VFG038635(gb|WP_016350051)	31.214	173	118	1	57	228	83	255	5.27e-18	80.5
g1841.t1	VFG007460(gb|WP_000012402)	26.368	201	134	5	38	228	54	250	4.86e-15	72.0
g1841.t1	VFG011360(gb|WP_012417383)	30.337	178	107	2	67	227	54	231	5.46e-14	68.9
g1841.t1	VFG007462(gb|WP_005481084)	26.368	201	139	6	24	222	55	248	9.90e-13	65.9
g1841.t1	VFG007463(gb|WP_011079836)	23.636	220	150	5	10	228	48	250	1.71e-12	65.1
g1841.t1	VFG007465(gb|WP_011262359)	24.457	184	120	5	56	227	80	256	1.72e-12	65.1
g1841.t1	VFG014436(gb|WP_003140589)	26.582	158	106	4	71	222	78	231	4.60e-11	60.8
g1841.t1	VFG001253(gb|NP_249794)	26.582	158	106	4	71	222	78	231	4.60e-11	60.8
g1841.t1	VFG019835(gb|WP_003449045)	26.582	158	106	4	71	222	78	231	4.92e-11	60.8
g1841.t1	VFG014444(gb|WP_011333050)	27.564	156	107	2	69	222	68	219	7.46e-11	60.5
g1841.t1	VFG014446(gb|WP_011913699)	25.949	158	107	4	71	222	71	224	8.69e-11	60.1
g1841.t1	VFG014435(gb|WP_003158012)	27.215	158	105	4	71	222	77	230	1.10e-10	60.1
g1841.t1	VFG014443(gb|WP_011059976)	26.282	156	109	3	71	222	67	220	1.89e-10	59.3
g1841.t1	VFG043224(gb|WP_002213763)	22.289	166	123	3	61	222	56	219	3.86e-10	58.2
g1841.t1	VFG019836(gb|WP_015885191)	25.625	160	113	2	69	226	69	224	1.10e-09	57.0
g1841.t1	VFG015689(gb|WP_012315522)	24.845	161	111	4	71	225	67	223	2.19e-09	56.2
g1841.t1	VFG014445(gb|WP_003243193)	24.051	158	110	3	71	222	79	232	2.33e-09	56.2
g1841.t1	VFG014440(gb|WP_010955089)	24.224	161	112	4	71	225	68	224	2.38e-09	55.8
g1841.t1	VFG014441(gb|WP_012051627)	24.224	161	112	4	71	225	69	225	2.56e-09	55.8
g1841.t1	VFG014442(gb|WP_011534907)	24.845	161	111	3	71	225	66	222	2.58e-09	55.8
g1841.t1	VFG015688(gb|WP_012273509)	23.602	161	113	4	71	225	69	225	8.44e-09	54.3
g1841.t1	VFG002004(gb|WP_010947484)	23.457	162	109	3	69	228	48	196	1.03e-08	53.5
g1841.t1	VFG043144(gb|WP_005478070)	26.596	188	130	4	38	222	43	225	2.27e-08	53.1
g1841.t1	VFG038866(gb|WP_005314286)	26.984	189	120	5	50	222	26	212	2.46e-07	50.1
g1841.t1	VFG043177(gb|AAZ99739)	27.513	189	119	5	50	222	26	212	2.70e-07	49.7
g1841.t1	VFG014437(gb|WP_005767003)	24.026	154	115	1	69	222	72	223	1.16e-06	48.1
g1841.t1	VFG014439(gb|WP_011169091)	24.026	154	115	1	69	222	74	225	1.22e-06	48.1
g1841.t1	VFG014438(gb|WP_011268441)	23.377	154	116	1	69	222	72	223	1.54e-06	47.8
