g2237.t1	VFG015680(gb|WP_012273511)	29.565	460	262	12	7	416	3	450	1.07e-41	152
g2237.t1	VFG014388(gb|WP_010955091)	29.694	458	260	12	9	416	5	450	8.35e-41	150
g2237.t1	VFG014389(gb|WP_012051624)	29.694	458	260	12	9	416	5	450	1.17e-40	150
g2237.t1	VFG019828(gb|WP_015885195)	29.590	463	260	13	9	416	5	456	1.62e-39	147
g2237.t1	VFG014390(gb|WP_011534911)	28.726	463	269	11	6	416	2	455	1.65e-39	147
g2237.t1	VFG015681(gb|WP_012315526)	30.000	460	255	14	9	412	5	453	3.40e-39	146
g2237.t1	VFG014392(gb|WP_011333047)	29.185	466	263	13	9	416	5	461	1.46e-38	144
g2237.t1	VFG014386(gb|WP_011268444)	28.632	475	264	12	8	416	4	469	2.75e-38	144
g2237.t1	VFG014385(gb|WP_011103783)	29.412	476	259	14	8	416	4	469	3.14e-38	143
g2237.t1	VFG014387(gb|WP_004664453)	29.498	478	260	15	6	416	2	469	1.07e-37	142
g2237.t1	VFG013989(gb|WP_011167664)	25.942	451	271	7	9	409	7	444	6.90e-36	136
g2237.t1	VFG013988(gb|WP_011266589)	25.721	451	272	7	9	409	7	444	8.00e-35	134
g2237.t1	VFG013993(gb|WP_026006503)	26.444	450	268	7	10	409	8	444	1.21e-34	133
g2237.t1	VFG013987(gb|WP_011103301)	26.164	451	271	8	9	409	7	445	1.35e-34	133
g2237.t1	VFG014393(gb|WP_012019025)	26.737	475	274	10	7	416	3	468	2.85e-34	132
g2237.t1	VFG050705(gb|WP_000840555.1)	25.862	464	281	9	9	412	8	468	4.07e-34	132
g2237.t1	VFG050696(gb|WP_000840549.1)	25.862	464	281	9	9	412	8	468	5.17e-34	132
g2237.t1	VFG050703(gb|WP_000840547.1)	25.862	464	281	9	9	412	8	468	5.49e-34	132
g2237.t1	VFG013992(gb|WP_011921055)	26.049	453	268	7	10	409	7	445	1.87e-33	130
g2237.t1	VFG013991(gb|WP_011335994)	26.049	453	269	8	9	409	9	447	2.81e-33	129
g2237.t1	VFG050699(gb|WP_000840548.1)	25.647	464	282	9	9	412	8	468	2.91e-33	130
g2237.t1	VFG013985(gb|WP_012077306)	25.664	452	270	7	10	409	7	444	4.67e-33	129
g2237.t1	VFG014391(gb|WP_011059972)	28.870	478	254	12	9	416	5	466	6.47e-33	129
g2237.t1	VFG001214(gb|NP_253237)	25.442	452	271	7	10	409	7	444	1.49e-32	127
g2237.t1	VFG019759(gb|WP_003110427)	25.442	452	271	7	10	409	7	444	2.07e-32	127
g2237.t1	VFG007486(gb|WP_005457658)	25.895	363	228	5	6	338	3	354	2.86e-32	127
g2237.t1	VFG007484(gb|WP_000079330)	26.446	363	226	5	6	338	3	354	4.74e-32	126
g2237.t1	VFG014383(gb|WP_012076712)	26.737	475	274	11	7	416	3	468	4.04e-31	124
g2237.t1	VFG001249(gb|NP_249790)	26.778	478	273	11	7	416	3	471	4.94e-31	123
g2237.t1	VFG007488(gb|WP_011150918)	26.171	363	227	5	6	338	3	354	6.81e-31	123
g2237.t1	VFG014394(gb|WP_041755564)	26.522	460	265	10	7	406	3	449	6.81e-31	123
g2237.t1	VFG007487(gb|WP_011079832)	26.171	363	227	5	6	338	3	354	7.73e-31	123
g2237.t1	VFG042915(gb|WP_012030773)	27.132	387	236	10	10	358	5	383	8.03e-30	120
g2237.t1	VFG007489(gb|WP_011262361)	25.995	377	210	7	6	338	3	354	8.68e-30	120
g2237.t1	VFG019760(gb|WP_012722471)	24.726	457	287	9	8	409	4	458	2.00e-29	119
g2237.t1	VFG043345(gb|WP_011946713)	25.056	443	270	9	9	406	4	429	2.92e-28	115
g2237.t1	VFG038758(gb|WP_005350684)	25.112	446	278	7	6	406	3	437	7.52e-28	114
g2237.t1	VFG011948(gb|WP_002869127)	21.247	433	302	9	8	407	2	428	1.92e-27	113
g2237.t1	VFG011946(gb|YP_002344419)	21.247	433	302	9	8	407	2	428	3.19e-27	112
g2237.t1	VFG018054(gb|WP_002892246)	21.247	433	302	9	8	407	2	428	3.83e-27	112
g2237.t1	VFG011947(gb|WP_002867162)	21.247	433	302	9	8	407	2	428	3.99e-27	112
g2237.t1	VFG038757(gb|WP_011898552)	25.503	447	275	8	6	406	3	437	4.39e-27	112
g2237.t1	VFG017806(gb|WP_011990003)	21.247	433	302	9	8	407	2	428	5.28e-27	111
g2237.t1	VFG038756(gb|WP_011706626)	25.620	363	229	5	6	338	3	354	3.13e-25	107
g2237.t1	VFG013990(gb|WP_011063538)	25.926	459	272	12	3	409	1	443	1.62e-24	104
g2237.t1	VFG043381(gb|WP_000684509)	21.081	370	249	9	9	342	3	365	9.58e-23	99.0
g2237.t1	VFG011949(gb|WP_011732213)	20.216	371	250	11	8	342	2	362	2.38e-21	94.7
g2237.t1	VFG000116(gb|NP_254170)	23.810	441	294	7	9	409	11	449	6.87e-21	94.4
g2237.t1	VFG014359(gb|WP_003382141)	25.926	513	239	21	6	411	4	482	4.44e-20	92.0
g2237.t1	VFG015174(gb|WP_005763906)	27.500	280	168	6	158	406	24	299	5.13e-20	89.7
g2237.t1	VFG015173(gb|WP_011167989)	28.269	283	158	10	164	410	32	305	5.48e-20	89.7
g2237.t1	VFG015171(gb|WP_011103533)	27.500	280	164	8	164	410	32	305	1.42e-19	88.6
g2237.t1	VFG014360(gb|WP_003316803)	25.926	513	239	21	6	411	4	482	1.70e-19	90.1
g2237.t1	VFG015172(gb|WP_011266877)	28.521	284	158	10	164	411	32	306	1.90e-19	88.2
g2237.t1	VFG042243(gb|AAC36805)	28.814	295	158	9	157	412	38	319	3.15e-19	87.8
g2237.t1	VFG038398(gb|WP_005310706)	25.816	337	203	7	117	406	172	508	6.21e-19	88.6
g2237.t1	VFG038397(gb|WP_011705722)	25.223	337	205	6	117	406	172	508	6.87e-19	88.6
g2237.t1	VFG019824(gb|WP_015885197)	26.174	447	225	17	53	412	55	483	8.67e-19	88.2
g2237.t1	VFG014368(gb|WP_014597048)	26.316	456	212	18	52	411	54	481	1.15e-18	87.8
g2237.t1	VFG014366(gb|WP_003222863)	25.749	501	255	19	6	411	4	482	1.19e-18	87.8
g2237.t1	VFG014365(gb|WP_011059970)	25.150	501	258	18	6	411	4	482	1.50e-18	87.4
g2237.t1	VFG014361(gb|WP_011169094)	25.787	508	246	20	6	411	4	482	2.20e-18	87.0
g2237.t1	VFG038766(gb|WP_005350678)	26.857	350	170	9	143	412	129	472	8.58e-18	85.1
g2237.t1	VFG043173(gb|AAZ99735)	23.666	431	263	10	30	413	43	454	1.07e-17	84.7
g2237.t1	VFG038764(gb|WP_017409846)	26.966	356	174	9	137	412	123	472	1.09e-17	84.7
g2237.t1	VFG015677(gb|WP_012315528)	24.699	498	266	16	6	412	4	483	1.32e-17	84.3
g2237.t1	VFG015175(gb|WP_011266878)	26.148	283	174	6	158	409	24	302	1.48e-17	82.8
g2237.t1	VFG015176(gb|WP_004656195)	25.714	280	173	5	158	406	24	299	1.72e-17	82.4
g2237.t1	VFG014364(gb|WP_011534913)	26.005	423	211	15	76	412	77	483	1.84e-17	84.0
g2237.t1	VFG015676(gb|WP_012273513)	25.051	495	268	16	6	412	4	483	4.99e-17	82.8
g2237.t1	VFG014363(gb|WP_003254443)	25.203	492	271	16	6	412	4	483	5.41e-17	82.8
g2237.t1	VFG014362(gb|WP_010955093)	25.203	492	271	16	6	412	4	483	5.76e-17	82.4
g2237.t1	VFG041499(gb|WP_004155355)	27.500	280	167	5	157	405	38	312	7.45e-17	80.9
g2237.t1	VFG038862(gb|WP_011898282)	25.902	305	175	8	66	335	71	359	8.14e-17	82.0
g2237.t1	VFG043319(gb|WP_010946589)	24.477	478	281	15	1	411	1	465	1.40e-16	81.3
g2237.t1	VFG002085(gb|WP_000084793)	25.904	332	178	6	143	406	193	524	7.25e-16	79.3
g2237.t1	VFG043220(gb|WP_002211445)	26.246	301	165	9	158	404	31	328	8.73e-16	77.8
g2237.t1	VFG041021(gb|NP_250354)	27.815	302	183	6	143	409	195	496	6.19e-15	76.3
g2237.t1	VFG007498(gb|WP_005481102)	22.134	506	271	18	7	411	5	488	6.06e-14	73.2
g2237.t1	VFG014357(gb|WP_003152329)	26.742	445	219	16	53	409	55	480	7.15e-14	73.2
g2237.t1	VFG001248(gb|NP_249788)	26.742	445	219	16	53	409	55	480	8.55e-14	72.8
g2237.t1	VFG007496(gb|WP_001190986)	24.093	386	198	9	118	411	106	488	1.05e-13	72.4
g2237.t1	VFG007501(gb|WP_011262363)	24.152	501	270	17	10	415	8	493	1.29e-13	72.4
g2237.t1	VFG043148(gb|WP_005478291)	20.937	363	233	9	6	335	3	344	1.64e-12	68.6
g2237.t1	VFG041031(gb|NP_251049)	26.415	212	126	4	155	336	33	244	2.68e-12	67.8
g2237.t1	VFG014367(gb|WP_012019027)	26.281	449	220	16	53	411	55	482	4.80e-12	67.4
g2237.t1	VFG007499(gb|WP_011079830)	24.156	385	218	16	7	342	5	364	8.89e-12	66.6
g2237.t1	VFG042743(gb|NP_252986)	27.053	207	126	5	8	204	10	201	2.36e-11	63.9
g2237.t1	VFG011626(gb|WP_002965156)	30.769	117	80	1	8	124	9	124	8.57e-10	58.9
g2237.t1	VFG009861(gb|WP_010907575)	33.621	116	77	0	9	124	3	118	7.77e-09	55.8
g2237.t1	VFG024188(gb|WP_014941347)	31.897	116	79	0	9	124	3	118	8.53e-09	55.5
g2237.t1	VFG024189(gb|WP_008254065)	31.897	116	79	0	9	124	3	118	8.69e-09	55.5
g2237.t1	VFG022941(gb|WP_013827874)	31.034	116	80	0	9	124	5	120	1.16e-08	55.1
g2237.t1	VFG022934(gb|WP_020726450)	31.897	116	79	0	9	124	3	118	1.23e-08	55.1
g2237.t1	VFG009862(gb|WP_071498255)	31.897	116	79	0	9	124	3	118	1.30e-08	55.1
g2237.t1	VFG009864(gb|WP_041787729)	31.897	116	79	0	9	124	3	118	1.78e-08	54.7
g2237.t1	VFG009857(gb|WP_014588181)	27.044	159	115	1	9	167	3	160	1.80e-08	54.7
g2237.t1	VFG009865(gb|WP_041307013)	31.897	116	79	0	9	124	3	118	2.25e-08	54.3
g2237.t1	VFG027208(gb|WP_041181419)	31.034	116	80	0	9	124	3	118	2.37e-08	54.3
g2237.t1	VFG027215(gb|YP_007960876)	27.044	159	115	1	9	167	3	160	2.49e-08	54.3
g2237.t1	VFG042242(gb|AAG01455)	27.344	128	91	1	3	128	1	128	2.64e-08	53.9
g2237.t1	VFG001390(gb|NP_215496)	27.044	159	115	1	9	167	3	160	3.17e-08	53.9
g2237.t1	VFG009859(gb|WP_003872811)	31.034	116	80	0	9	124	3	118	3.51e-08	53.9
g2237.t1	VFG014022(gb|WP_003249327)	27.586	116	82	1	9	122	4	119	5.72e-08	50.8
g2237.t1	VFG009867(gb|WP_041309847)	31.034	116	80	0	9	124	3	118	8.02e-08	52.8
g2237.t1	VFG009866(gb|WP_011561679)	31.034	116	80	0	9	124	5	120	8.74e-08	52.8
g2237.t1	VFG050640(gb|WP_000101096.1)	26.724	116	83	1	9	122	4	119	1.23e-07	50.1
g2237.t1	VFG027220(gb|YP_007957122)	26.415	159	116	1	9	167	3	160	1.34e-07	52.0
g2237.t1	VFG015634(gb|WP_012274551)	26.724	116	83	1	9	122	4	119	1.85e-07	49.7
g2237.t1	VFG009863(gb|WP_014878347)	30.172	116	81	0	9	124	3	118	2.01e-07	51.6
g2237.t1	VFG014026(gb|WP_011336365)	27.586	116	82	1	9	122	4	119	2.64e-07	48.9
g2237.t1	VFG014019(gb|WP_003377196)	29.358	109	75	1	9	115	4	112	3.53e-07	48.9
g2237.t1	VFG014025(gb|WP_011064000)	27.586	116	82	1	9	122	4	119	3.57e-07	48.9
g2237.t1	VFG027211(gb|WP_005063392)	30.172	116	81	0	9	124	3	118	3.63e-07	50.8
g2237.t1	VFG027205(gb|WP_005098722)	30.172	116	81	0	9	124	3	118	3.67e-07	50.8
g2237.t1	VFG014020(gb|WP_011266432)	29.358	109	75	1	9	115	4	112	3.89e-07	48.5
g2237.t1	VFG022935(gb|YP_001701820)	30.172	116	81	0	9	124	5	120	3.99e-07	50.8
g2237.t1	VFG027229(gb|WP_041312672)	32.000	100	68	0	9	108	3	102	4.29e-07	50.4
g2237.t1	VFG014021(gb|WP_002551739)	29.358	109	75	1	9	115	4	112	4.59e-07	48.5
g2237.t1	VFG001226(gb|NP_249100)	27.966	118	83	1	7	122	2	119	7.17e-07	47.8
g2237.t1	VFG032760(gb|WP_003746076)	34.615	78	48	1	46	123	45	119	8.75e-07	47.4
g2237.t1	VFG014028(gb|WP_003297216)	27.523	109	77	1	9	115	4	112	8.95e-07	47.8
g2237.t1	VFG014027(gb|WP_003458790)	27.523	109	77	1	9	115	4	112	1.03e-06	47.4
g2237.t1	VFG006846(gb|NP_464218)	33.333	78	49	1	46	123	45	119	2.49e-06	46.2
g2237.t1	VFG041501(gb|WP_004155354)	31.818	88	60	0	41	128	41	128	2.62e-06	48.1
g2237.t1	VFG019765(gb|WP_014720320)	25.862	116	84	1	9	122	4	119	2.72e-06	46.2
