g361.t1	VFG047710(gb|WP_014547360)	21.645	231	152	4	63	280	676	890	1.72e-08	56.6
g361.t1	VFG047717(gb|WP_014714141)	21.212	231	153	4	63	280	676	890	2.95e-08	55.8
g361.t1	VFG047718(gb|WP_013921812)	22.222	234	147	6	63	280	676	890	3.27e-08	55.8
g361.t1	VFG047702(gb|WP_012280232)	21.212	231	153	4	63	280	676	890	1.80e-07	53.5
g361.t1	VFG047708(gb|WP_003022611)	20.779	231	154	4	63	280	676	890	2.78e-07	52.8
g361.t1	VFG047701(gb|WP_003040814)	20.779	231	154	4	63	280	676	890	2.80e-07	52.8
g361.t1	VFG047713(gb|WP_014549144)	20.779	231	154	4	63	280	676	890	2.95e-07	52.8
g361.t1	VFG047706(gb|WP_012429025)	20.779	231	154	4	63	280	676	890	4.10e-07	52.4
g361.t1	VFG047705(gb|WP_011648537)	20.346	231	155	4	63	280	676	890	1.43e-06	50.4
g361.t1	VFG047703(gb|WP_003017580)	20.346	231	155	4	63	280	676	890	1.51e-06	50.4
g558.t1	VFG047702(gb|WP_012280232)	21.466	191	123	5	159	336	724	900	5.07e-06	49.7
g558.t1	VFG047718(gb|WP_013921812)	21.990	191	122	5	159	336	724	900	7.26e-06	49.3
g558.t1	VFG047710(gb|WP_014547360)	21.466	191	123	5	159	336	724	900	7.32e-06	49.3
g2466.t1	VFG047717(gb|WP_014714141)	20.798	351	223	11	14	342	593	910	2.79e-06	50.8
g2466.t1	VFG047710(gb|WP_014547360)	22.581	217	136	5	140	342	712	910	4.58e-06	50.1
g2466.t1	VFG047702(gb|WP_012280232)	21.083	351	222	11	14	342	593	910	7.45e-06	49.3
g2916.t1	VFG047718(gb|WP_013921812)	27.046	281	168	12	63	324	73	335	1.48e-07	55.8
g2916.t1	VFG047717(gb|WP_014714141)	24.638	276	181	10	63	324	73	335	2.57e-07	55.1
g2916.t1	VFG047710(gb|WP_014547360)	24.911	281	174	11	63	324	73	335	5.76e-07	53.9
g2916.t1	VFG047702(gb|WP_012280232)	25.632	277	177	11	63	324	73	335	1.02e-06	53.1
g2916.t1	VFG047701(gb|WP_003040814)	25.632	277	177	11	63	324	73	335	1.70e-06	52.4
g2916.t1	VFG047713(gb|WP_014549144)	25.632	277	177	11	63	324	73	335	1.81e-06	52.4
g2916.t1	VFG047708(gb|WP_003022611)	25.632	277	177	11	63	324	73	335	1.97e-06	52.0
g2916.t1	VFG047703(gb|WP_003017580)	25.632	277	177	11	63	324	73	335	2.00e-06	52.0
g2916.t1	VFG047705(gb|WP_011648537)	25.632	277	177	11	63	324	73	335	2.00e-06	52.0
g2916.t1	VFG047706(gb|WP_012429025)	25.632	277	177	11	63	324	73	335	2.12e-06	52.0
g3243.t1	VFG047710(gb|WP_014547360)	20.603	199	127	5	162	345	724	906	6.41e-06	49.3
g501.t1	VFG047710(gb|WP_014547360)	23.529	238	132	8	154	377	723	924	2.37e-09	59.7
g501.t1	VFG047717(gb|WP_014714141)	23.109	238	133	8	154	377	723	924	2.74e-09	59.7
g501.t1	VFG047718(gb|WP_013921812)	23.109	238	133	8	154	377	723	924	1.68e-08	57.0
g501.t1	VFG047702(gb|WP_012280232)	23.109	238	133	8	154	377	723	924	3.72e-08	55.8
g501.t1	VFG047701(gb|WP_003040814)	21.429	238	137	6	154	377	723	924	5.84e-08	55.5
g501.t1	VFG047713(gb|WP_014549144)	22.269	238	135	8	154	377	723	924	5.94e-08	55.1
g501.t1	VFG047708(gb|WP_003022611)	21.429	238	137	6	154	377	723	924	5.94e-08	55.1
g501.t1	VFG047706(gb|WP_012429025)	21.429	238	137	6	154	377	723	924	7.57e-08	55.1
g501.t1	VFG047703(gb|WP_003017580)	21.008	238	138	6	154	377	723	924	3.02e-07	53.1
g501.t1	VFG047705(gb|WP_011648537)	21.008	238	138	6	154	377	723	924	3.02e-07	53.1
g4942.t1	VFG047710(gb|WP_014547360)	28.261	184	104	4	152	322	723	891	7.04e-14	73.9
g4942.t1	VFG047717(gb|WP_014714141)	27.717	184	105	4	152	322	723	891	2.25e-13	72.4
g4942.t1	VFG047706(gb|WP_012429025)	26.087	184	108	4	152	322	723	891	2.40e-12	69.3
g4942.t1	VFG047713(gb|WP_014549144)	26.087	184	108	4	152	322	723	891	2.96e-12	68.9
g4942.t1	VFG047701(gb|WP_003040814)	26.087	184	108	4	152	322	723	891	2.98e-12	68.9
g4942.t1	VFG047708(gb|WP_003022611)	26.087	184	108	4	152	322	723	891	3.14e-12	68.9
g4942.t1	VFG047702(gb|WP_012280232)	27.174	184	106	4	152	322	723	891	4.83e-12	68.2
g4942.t1	VFG047718(gb|WP_013921812)	26.630	184	107	4	152	322	723	891	1.33e-11	67.0
g4942.t1	VFG047703(gb|WP_003017580)	25.543	184	109	4	152	322	723	891	1.54e-11	66.6
g4942.t1	VFG047705(gb|WP_011648537)	25.543	184	109	4	152	322	723	891	1.56e-11	66.6
g3153.t1	VFG047717(gb|WP_014714141)	23.504	234	146	6	103	322	677	891	4.83e-10	62.0
g3153.t1	VFG047710(gb|WP_014547360)	23.504	234	146	6	103	322	677	891	5.95e-10	61.6
g3153.t1	VFG047702(gb|WP_012280232)	23.504	234	146	6	103	322	677	891	2.35e-09	59.7
g3153.t1	VFG047708(gb|WP_003022611)	22.222	234	149	6	103	322	677	891	7.79e-09	58.2
g3153.t1	VFG047701(gb|WP_003040814)	22.128	235	150	6	102	322	676	891	8.13e-09	58.2
g3153.t1	VFG047713(gb|WP_014549144)	22.222	234	149	6	103	322	677	891	8.71e-09	57.8
g3153.t1	VFG047703(gb|WP_003017580)	23.377	231	150	7	103	322	677	891	1.03e-08	57.8
g3153.t1	VFG047705(gb|WP_011648537)	23.377	231	150	7	103	322	677	891	1.04e-08	57.8
g3153.t1	VFG047718(gb|WP_013921812)	22.222	234	149	6	103	322	677	891	2.07e-08	56.6
g3153.t1	VFG047706(gb|WP_012429025)	21.795	234	150	6	103	322	677	891	2.42e-08	56.6
