g1195.t1	VFG000474(gb|NP_460200)	33.755	474	274	9	4	445	12	477	5.81e-75	242
g1195.t1	VFG021077(gb|WP_001031685)	34.244	476	269	11	4	445	12	477	6.39e-75	242
g1195.t1	VFG004056(gb|WP_001031689)	33.755	474	274	9	4	445	12	477	7.50e-75	242
g1195.t1	VFG018397(gb|WP_001031692)	33.333	474	276	8	4	445	12	477	2.06e-74	241
g1195.t1	VFG009817(gb|WP_011738793)	25.050	503	280	23	3	448	7	469	1.26e-17	84.7
g1195.t1	VFG027137(gb|WP_015357321)	25.050	503	280	23	3	448	7	469	2.29e-17	84.0
g1195.t1	VFG022911(gb|WP_012396470)	25.050	503	280	23	3	448	7	469	2.37e-17	84.0
g1195.t1	VFG038238(gb|WP_000226703)	29.927	274	159	12	190	441	246	508	1.50e-15	78.6
g1195.t1	VFG038240(gb|WP_043960856)	29.927	274	159	12	190	441	265	527	1.83e-15	78.6
g1195.t1	VFG038243(gb|WP_134815986)	29.927	274	159	12	190	441	250	512	2.01e-15	78.2
g1195.t1	VFG038231(gb|WP_000472465)	29.927	274	159	12	190	441	265	527	2.13e-15	78.2
g1195.t1	VFG038237(gb|WP_000226704)	29.927	274	159	12	190	441	246	508	2.18e-15	78.2
g1195.t1	VFG038235(gb|YP_001083791)	29.927	274	159	12	190	441	191	453	2.27e-15	77.8
g1195.t1	VFG038232(gb|WP_001985884)	29.927	274	159	12	190	441	265	527	2.57e-15	77.8
g1195.t1	VFG027254(gb|WP_015309037)	30.672	238	145	7	217	438	224	457	2.92e-15	77.8
g1195.t1	VFG024195(gb|WP_008254067)	30.672	238	145	10	217	438	222	455	2.74e-14	74.7
g1195.t1	VFG024194(gb|WP_036397793)	30.672	238	145	10	217	438	222	455	3.18e-14	74.3
g1195.t1	VFG024196(gb|WP_036390311)	30.672	238	145	10	217	438	222	455	3.39e-14	74.3
g1195.t1	VFG009880(gb|WP_203431724)	27.551	294	184	11	170	438	145	434	6.66e-14	73.2
g1195.t1	VFG009882(gb|WP_011561678)	28.692	237	151	6	217	438	219	452	7.87e-14	73.2
g1195.t1	VFG009875(gb|WP_019732008)	30.165	242	141	10	217	438	222	455	1.02e-13	72.8
g1195.t1	VFG009881(gb|WP_011856925)	28.692	237	151	6	217	438	219	452	1.25e-13	72.8
g1195.t1	VFG009878(gb|WP_014878346)	29.536	237	149	6	217	438	219	452	1.28e-13	72.4
g1195.t1	VFG009874(gb|WP_003877497)	30.165	242	141	10	217	438	222	455	2.08e-13	72.0
g1195.t1	VFG009877(gb|WP_011742227)	30.165	242	141	10	217	438	218	451	2.55e-13	71.6
g1195.t1	VFG022943(gb|YP_001701821)	28.333	240	152	8	217	440	229	464	2.73e-13	71.6
g1195.t1	VFG027230(gb|WP_005063389)	28.333	240	152	8	217	440	220	455	3.63e-13	71.2
g1195.t1	VFG027236(gb|WP_014850324)	28.333	240	152	8	217	440	220	455	3.76e-13	71.2
g1195.t1	VFG022949(gb|WP_013827875)	28.452	239	149	9	217	438	218	451	5.39e-13	70.5
g1195.t1	VFG027234(gb|WP_015292586)	29.918	244	139	8	217	438	218	451	7.61e-13	70.1
g1195.t1	VFG009872(gb|WP_003405123)	29.508	244	140	8	217	438	218	451	1.97e-12	68.9
g1195.t1	VFG024169(gb|WP_099961986)	25.896	502	277	22	3	448	26	488	2.46e-12	68.6
g1195.t1	VFG009879(gb|WP_173362732)	26.510	298	192	11	165	438	140	434	2.73e-12	68.2
g1195.t1	VFG009869(gb|NP_215497)	29.508	244	140	8	217	438	218	451	3.01e-12	68.2
g1195.t1	VFG027248(gb|YP_005359673)	29.508	244	140	8	217	438	101	334	3.76e-12	67.8
g1195.t1	VFG009813(gb|WP_003403870)	24.274	482	304	19	5	448	11	469	4.97e-12	67.4
g1195.t1	VFG009876(gb|WP_010907576)	28.205	234	154	6	217	437	218	450	5.12e-12	67.8
g1195.t1	VFG009819(gb|WP_041799901)	25.800	500	276	22	5	448	1	461	8.84e-12	67.0
g1195.t1	VFG027135(gb|WP_015289263)	24.689	482	302	20	5	448	11	469	1.79e-11	65.9
g1195.t1	VFG009820(gb|WP_036377494)	25.355	493	275	21	5	443	11	464	2.07e-11	65.5
g1195.t1	VFG022912(gb|YP_001701426)	27.476	313	186	13	168	445	179	485	2.14e-11	65.9
g1195.t1	VFG027132(gb|WP_005064129)	27.010	311	190	11	168	445	157	463	2.16e-11	65.5
g1195.t1	VFG009812(gb|WP_003898576)	24.274	482	304	19	5	448	11	469	3.08e-11	65.1
g1195.t1	VFG027133(gb|WP_015287911)	24.274	482	304	19	5	448	11	469	4.46e-11	64.7
g1195.t1	VFG027136(gb|WP_015292432)	24.481	482	303	20	5	448	11	469	8.50e-11	63.5
g1195.t1	VFG022914(gb|WP_014000393)	24.481	482	303	20	5	448	11	469	9.21e-11	63.5
g1195.t1	VFG027147(gb|YP_007956930)	24.066	482	305	19	5	448	11	469	1.63e-10	62.8
g1195.t1	VFG009810(gb|NP_215272)	24.066	482	305	19	5	448	11	469	1.92e-10	62.8
g1195.t1	VFG022913(gb|WP_013988770)	24.431	483	302	21	5	448	11	469	1.93e-10	62.4
g1195.t1	VFG009822(gb|WP_011561966)	24.587	484	301	21	7	448	7	468	4.11e-10	61.6
g1195.t1	VFG027156(gb|WP_085976583)	24.038	312	203	11	168	448	162	470	4.53e-10	61.2
g1195.t1	VFG014000(gb|WP_011335993)	26.761	213	138	8	246	446	317	523	6.08e-10	61.2
g1195.t1	VFG009821(gb|WP_011857087)	24.694	490	293	22	7	448	7	468	6.56e-10	60.8
g1195.t1	VFG027154(gb|WP_020821555)	24.047	341	215	13	137	443	133	463	2.07e-09	59.3
g1195.t1	VFG024170(gb|WP_014381773)	24.047	341	215	13	137	443	133	463	2.58e-09	58.9
g1195.t1	VFG018487(gb|WP_001050783)	24.786	234	160	5	222	443	379	608	4.83e-09	58.5
g1195.t1	VFG009815(gb|WP_162830471)	24.516	310	197	12	166	443	158	462	4.92e-09	58.2
g1195.t1	VFG009816(gb|WP_165928405)	24.516	310	197	12	166	443	158	462	5.00e-09	58.2
g1195.t1	VFG009846(gb|WP_010908723)	24.189	339	236	10	123	446	111	443	5.08e-09	58.2
g1195.t1	VFG014001(gb|WP_003243065)	27.650	217	132	6	246	446	317	524	6.46e-09	57.8
g1195.t1	VFG024171(gb|WP_014710887)	24.047	341	215	13	137	443	133	463	6.79e-09	57.8
g1195.t1	VFG024182(gb|WP_008253899)	24.101	278	195	7	182	445	166	441	7.54e-09	57.4
g1195.t1	VFG014378(gb|WP_162470466)	25.843	356	213	12	125	440	38	382	1.12e-08	56.6
g1195.t1	VFG027184(gb|WP_015289381)	23.032	343	233	10	123	445	111	442	1.65e-08	56.2
g1195.t1	VFG009839(gb|NP_215417)	23.032	343	233	10	123	445	111	442	2.14e-08	56.2
g1195.t1	VFG027142(gb|YP_007960665)	25.333	225	152	5	237	448	24	245	4.67e-08	53.9
g1195.t1	VFG022917(gb|WP_013830538)	22.934	484	301	17	5	443	9	465	4.81e-08	55.1
g1195.t1	VFG009851(gb|WP_011561826)	25.532	282	189	9	168	434	157	432	5.45e-08	54.7
g1195.t1	VFG027186(gb|WP_041299634)	24.096	332	231	10	123	439	111	436	6.37e-08	54.7
g1195.t1	VFG022926(gb|WP_036426280)	24.096	332	231	10	123	439	111	436	6.89e-08	54.3
g1195.t1	VFG001213(gb|NP_253236)	27.315	216	134	7	246	446	317	524	9.25e-08	54.3
g1195.t1	VFG041841(gb|WP_011136181)	30.605	281	158	9	166	431	135	393	9.53e-08	53.9
g1195.t1	VFG022933(gb|WP_013827764)	24.014	279	195	9	182	445	164	440	9.59e-08	53.9
g1195.t1	VFG009818(gb|WP_014878477)	24.138	261	169	7	210	443	209	467	1.12e-07	53.9
g1195.t1	VFG009847(gb|WP_011738613)	24.096	332	231	10	123	439	111	436	1.14e-07	53.9
g1195.t1	VFG020697(gb|WP_001050770)	25.000	232	162	6	222	443	379	608	1.20e-07	54.3
g1195.t1	VFG019761(gb|WP_012614544)	27.315	216	134	7	246	446	317	524	1.36e-07	53.5
g1195.t1	VFG015679(gb|WP_012315527)	24.317	366	224	13	125	448	43	397	1.48e-07	53.1
g1195.t1	VFG014381(gb|WP_011913655)	25.000	352	225	11	124	441	35	381	1.51e-07	53.1
g1195.t1	VFG013999(gb|WP_011167665)	26.027	219	133	8	246	446	317	524	1.81e-07	53.1
g1195.t1	VFG007492(gb|WP_005457625)	25.822	213	138	7	243	443	127	331	2.00e-07	52.8
g1195.t1	VFG000493(gb|NP_460357)	25.000	232	162	6	222	443	379	608	2.11e-07	53.5
g1195.t1	VFG020698(gb|WP_001050776)	25.000	232	162	6	222	443	379	608	2.20e-07	53.1
g1195.t1	VFG020700(gb|WP_001050758)	25.000	232	162	6	222	443	379	608	2.24e-07	53.1
g1195.t1	VFG003824(gb|WP_001050755)	25.000	232	162	6	222	443	379	608	2.28e-07	53.1
g1195.t1	VFG003823(gb|WP_001050754)	25.000	232	162	6	222	443	379	608	2.30e-07	53.1
g1195.t1	VFG020695(gb|WP_001050774)	25.000	232	162	6	222	443	379	608	2.32e-07	53.1
g1195.t1	VFG020694(gb|WP_001050767)	25.000	232	162	6	222	443	379	608	2.38e-07	53.1
g1195.t1	VFG020699(gb|WP_001050765)	25.000	232	162	6	222	443	379	608	2.44e-07	53.1
g1195.t1	VFG003826(gb|WP_001539908)	25.000	232	162	6	222	443	379	608	2.46e-07	53.1
g1195.t1	VFG018488(gb|WP_001050778)	25.000	232	162	6	222	443	379	608	2.57e-07	53.1
g1195.t1	VFG027151(gb|YP_005922066)	25.225	222	150	5	240	448	2	220	2.99e-07	51.2
g1195.t1	VFG013995(gb|WP_003150028)	26.364	220	131	7	246	446	317	524	4.35e-07	52.0
g1195.t1	VFG009850(gb|WP_011782154)	26.568	271	176	10	182	434	166	431	6.04e-07	51.6
g1195.t1	VFG020693(gb|WP_001050764)	24.569	232	163	6	222	443	379	608	6.90e-07	51.6
g1195.t1	VFG007493(gb|WP_011079831)	33.000	100	63	2	346	443	234	331	1.03e-06	50.4
g1195.t1	VFG031677(gb|WP_014876913)	23.810	231	151	7	230	441	149	373	1.36e-06	50.1
g1195.t1	VFG027204(gb|WP_015309198)	23.333	270	186	7	182	434	166	431	1.45e-06	50.4
g1195.t1	VFG014002(gb|WP_011914664)	25.339	221	136	6	244	446	315	524	1.79e-06	50.1
g1195.t1	VFG038759(gb|WP_011706627)	30.702	114	67	3	337	445	225	331	3.16e-06	48.9
g1195.t1	VFG038762(gb|WP_005350683)	28.947	114	69	3	337	445	225	331	4.27e-06	48.5
g1195.t1	VFG003825(gb|WP_001050780)	24.569	232	163	6	222	443	379	608	4.39e-06	49.3
g1195.t1	VFG014370(gb|WP_003152330)	23.757	362	231	11	116	440	31	384	4.56e-06	48.5
g1195.t1	VFG014377(gb|WP_011534912)	23.901	364	236	12	116	443	34	392	4.88e-06	48.5
g1195.t1	VFG007495(gb|WP_011262362)	28.431	102	69	2	346	445	237	336	5.00e-06	48.1
g1195.t1	VFG013998(gb|WP_003403505)	24.658	219	136	8	246	446	317	524	6.22e-06	48.5
g1195.t1	VFG027195(gb|YP_007957055)	22.384	344	235	11	123	445	111	443	6.34e-06	48.1
g1195.t1	VFG038761(gb|WP_005320182)	25.249	301	184	12	173	445	44	331	6.47e-06	47.8
g1195.t1	VFG014379(gb|WP_162803862)	24.658	365	230	11	116	443	29	385	6.96e-06	48.1
g2697.t1	VFG000474(gb|NP_460200)	34.062	320	197	8	130	438	169	485	1.62e-38	145
g2697.t1	VFG004056(gb|WP_001031689)	34.062	320	197	8	130	438	169	485	1.93e-38	145
g2697.t1	VFG021077(gb|WP_001031685)	34.062	320	197	8	130	438	169	485	1.97e-38	145
g2697.t1	VFG018397(gb|WP_001031692)	34.062	320	197	8	130	438	169	485	4.60e-38	144
g2697.t1	VFG024169(gb|WP_099961986)	26.132	486	278	19	7	435	25	486	1.18e-18	88.2
g2697.t1	VFG009819(gb|WP_041799901)	26.923	416	234	16	69	435	65	459	6.84e-18	85.9
g2697.t1	VFG038238(gb|WP_000226703)	25.000	276	184	9	181	438	246	516	4.43e-17	83.2
g2697.t1	VFG009821(gb|WP_011857087)	28.070	342	186	11	138	435	138	463	7.92e-17	82.4
g2697.t1	VFG009822(gb|WP_011561966)	28.070	342	186	11	138	435	138	463	9.40e-17	82.0
g2697.t1	VFG009820(gb|WP_036377494)	27.405	343	187	12	138	435	142	467	1.44e-16	81.6
g2697.t1	VFG038240(gb|WP_043960856)	24.638	276	185	9	181	438	265	535	1.89e-16	81.6
g2697.t1	VFG038237(gb|WP_000226704)	24.638	276	185	9	181	438	246	516	2.29e-16	81.3
g2697.t1	VFG038231(gb|WP_000472465)	24.638	276	185	9	181	438	265	535	2.51e-16	81.3
g2697.t1	VFG038232(gb|WP_001985884)	24.638	276	185	9	181	438	265	535	2.70e-16	80.9
g2697.t1	VFG038243(gb|WP_134815986)	24.638	276	185	9	181	438	250	520	3.02e-16	80.9
g2697.t1	VFG038235(gb|YP_001083791)	24.638	276	185	9	181	438	191	461	3.17e-16	80.5
g2697.t1	VFG027137(gb|WP_015357321)	28.116	345	182	12	138	435	142	467	4.88e-16	80.1
g2697.t1	VFG009817(gb|WP_011738793)	28.116	345	182	12	138	435	142	467	4.93e-16	80.1
g2697.t1	VFG009815(gb|WP_162830471)	26.822	343	189	11	138	435	140	465	5.55e-16	79.7
g2697.t1	VFG009816(gb|WP_165928405)	26.822	343	189	11	138	435	140	465	5.86e-16	79.7
g2697.t1	VFG022911(gb|WP_012396470)	27.826	345	183	12	138	435	142	467	1.31e-15	78.6
g2697.t1	VFG027156(gb|WP_085976583)	27.485	342	189	10	138	435	142	468	3.58e-15	77.4
g2697.t1	VFG027154(gb|WP_020821555)	25.296	423	236	17	70	435	67	466	1.07e-14	75.9
g2697.t1	VFG024170(gb|WP_014381773)	25.296	423	236	17	70	435	67	466	1.25e-14	75.5
g2697.t1	VFG024171(gb|WP_014710887)	25.296	423	236	17	70	435	67	466	1.27e-14	75.5
g2697.t1	VFG027132(gb|WP_005064129)	26.549	339	193	11	138	435	141	464	3.41e-14	74.3
g2697.t1	VFG022933(gb|WP_013827764)	29.474	285	160	12	179	435	170	441	3.99e-14	73.9
g2697.t1	VFG022912(gb|YP_001701426)	26.331	338	195	10	138	435	163	486	4.01e-14	74.3
g2697.t1	VFG041841(gb|WP_011136181)	31.855	248	150	6	206	441	174	414	2.07e-13	71.6
g2697.t1	VFG031677(gb|WP_014876913)	26.222	225	140	6	231	435	160	378	3.31e-13	70.9
g2697.t1	VFG022943(gb|YP_001701821)	28.033	239	152	7	207	428	228	463	6.58e-13	70.5
g2697.t1	VFG031683(gb|WP_011778104)	27.556	225	137	6	231	435	160	378	6.77e-13	69.7
g2697.t1	VFG027230(gb|WP_005063389)	28.033	239	152	7	207	428	219	454	9.07e-13	70.1
g2697.t1	VFG027236(gb|WP_014850324)	28.033	239	152	7	207	428	219	454	9.15e-13	70.1
g2697.t1	VFG027203(gb|WP_015632690)	27.465	284	166	10	179	435	172	442	1.04e-12	69.7
g2697.t1	VFG022917(gb|WP_013830538)	26.389	432	241	18	56	435	62	468	1.14e-12	69.7
g2697.t1	VFG009845(gb|WP_011723897)	27.465	284	166	10	179	435	172	442	1.14e-12	69.3
g2697.t1	VFG009876(gb|WP_010907576)	25.077	323	213	8	137	435	146	463	1.17e-12	69.7
g2697.t1	VFG022913(gb|WP_013988770)	25.978	358	203	12	123	435	127	467	1.30e-12	69.3
g2697.t1	VFG031693(gb|WP_013470605)	27.111	225	138	6	231	435	160	378	1.80e-12	68.6
g2697.t1	VFG027186(gb|WP_041299634)	30.901	233	128	9	223	435	224	443	3.17e-12	68.2
g2697.t1	VFG027204(gb|WP_015309198)	29.455	275	151	12	179	424	172	432	3.23e-12	68.2
g2697.t1	VFG022926(gb|WP_036426280)	30.901	233	128	9	223	435	224	443	3.50e-12	67.8
g2697.t1	VFG009847(gb|WP_011738613)	30.901	233	128	9	223	435	224	443	3.89e-12	67.8
g2697.t1	VFG009839(gb|NP_215417)	30.472	233	129	9	223	435	224	443	5.31e-12	67.4
g2697.t1	VFG027184(gb|WP_015289381)	30.472	233	129	9	223	435	224	443	5.91e-12	67.0
g2697.t1	VFG027181(gb|WP_005092753)	29.365	252	147	9	207	439	200	439	8.73e-12	66.6
g2697.t1	VFG027147(gb|YP_007956930)	26.239	343	191	12	138	435	142	467	1.20e-11	66.2
g2697.t1	VFG024182(gb|WP_008253899)	27.113	284	167	10	179	435	172	442	1.22e-11	66.2
g2697.t1	VFG009818(gb|WP_014878477)	26.794	418	232	18	69	435	76	470	1.41e-11	66.2
g2697.t1	VFG027133(gb|WP_015287911)	26.239	343	191	12	138	435	142	467	1.51e-11	65.9
g2697.t1	VFG009813(gb|WP_003403870)	25.698	358	204	12	123	435	127	467	1.60e-11	65.9
g2697.t1	VFG009812(gb|WP_003898576)	25.698	358	204	12	123	435	127	467	1.60e-11	65.9
g2697.t1	VFG022927(gb|YP_001701701)	29.435	248	144	9	207	435	233	468	1.82e-11	65.9
g2697.t1	VFG009846(gb|WP_010908723)	31.878	229	121	10	223	430	224	438	1.93e-11	65.5
g2697.t1	VFG009810(gb|NP_215272)	25.698	358	204	12	123	435	127	467	3.34e-11	65.1
g2697.t1	VFG027136(gb|WP_015292432)	25.698	358	204	12	123	435	127	467	3.59e-11	64.7
g2697.t1	VFG003823(gb|WP_001050754)	28.627	255	166	6	195	438	365	614	3.67e-11	65.5
g2697.t1	VFG031676(gb|WP_011891086)	26.087	230	144	6	231	440	160	383	3.69e-11	64.7
g2697.t1	VFG031721(gb|WP_198345043)	26.667	225	139	6	231	435	148	366	3.75e-11	64.3
g2697.t1	VFG009877(gb|WP_011742227)	32.083	240	139	10	207	427	217	451	4.07e-11	64.7
g2697.t1	VFG009874(gb|WP_003877497)	27.686	242	147	7	207	427	221	455	4.33e-11	64.7
g2697.t1	VFG020694(gb|WP_001050767)	28.627	255	166	6	195	438	365	614	4.37e-11	65.1
g2697.t1	VFG003824(gb|WP_001050755)	28.627	255	166	6	195	438	365	614	4.41e-11	65.1
g2697.t1	VFG022914(gb|WP_014000393)	25.698	358	204	12	123	435	127	467	4.51e-11	64.7
g2697.t1	VFG020700(gb|WP_001050758)	28.627	255	166	6	195	438	365	614	4.69e-11	65.1
g2697.t1	VFG020697(gb|WP_001050770)	28.627	255	166	6	195	438	365	614	4.77e-11	65.1
g2697.t1	VFG018488(gb|WP_001050778)	28.627	255	166	6	195	438	365	614	5.35e-11	64.7
g2697.t1	VFG009880(gb|WP_203431724)	24.925	333	216	11	117	427	114	434	6.36e-11	63.9
g2697.t1	VFG003825(gb|WP_001050780)	28.627	255	166	6	195	438	365	614	6.48e-11	64.7
g2697.t1	VFG031691(gb|WP_013827420)	26.667	225	139	6	231	435	162	380	6.62e-11	63.5
g2697.t1	VFG009879(gb|WP_173362732)	24.259	371	209	13	117	444	114	455	6.76e-11	63.9
g2697.t1	VFG031685(gb|YP_001704776)	27.876	226	137	6	231	436	158	377	8.66e-11	63.5
g2697.t1	VFG000493(gb|NP_460357)	28.627	255	166	6	195	438	365	614	9.27e-11	63.9
g2697.t1	VFG020699(gb|WP_001050765)	28.627	255	166	6	195	438	365	614	9.44e-11	63.9
g2697.t1	VFG003826(gb|WP_001539908)	28.627	255	166	6	195	438	365	614	9.52e-11	63.9
g2697.t1	VFG020698(gb|WP_001050776)	28.627	255	166	6	195	438	365	614	9.86e-11	63.9
g2697.t1	VFG020695(gb|WP_001050774)	28.627	255	166	6	195	438	365	614	1.04e-10	63.9
g2697.t1	VFG009875(gb|WP_019732008)	27.273	242	148	7	207	427	221	455	1.58e-10	62.8
g2697.t1	VFG027195(gb|YP_007957055)	29.487	234	131	9	223	435	224	444	1.65e-10	62.8
g2697.t1	VFG027135(gb|WP_015289263)	25.140	358	206	12	123	435	127	467	1.71e-10	62.8
g2697.t1	VFG020693(gb|WP_001050764)	28.235	255	167	6	195	438	365	614	2.74e-10	62.4
g2697.t1	VFG022949(gb|WP_013827875)	27.966	236	154	7	207	427	217	451	2.78e-10	62.0
g2697.t1	VFG031699(gb|WP_005062022)	27.434	226	138	6	231	436	158	377	3.61e-10	61.6
g2697.t1	VFG009849(gb|WP_011892634)	28.364	275	154	12	179	424	173	433	3.98e-10	61.6
g2697.t1	VFG032654(gb|WP_003747594)	21.905	315	185	9	161	436	185	477	6.77e-10	60.8
g2697.t1	VFG024194(gb|WP_036397793)	30.165	242	141	9	207	427	221	455	7.12e-10	60.8
g2697.t1	VFG024195(gb|WP_008254067)	30.165	242	141	9	207	427	221	455	7.64e-10	60.8
g2697.t1	VFG024196(gb|WP_036390311)	30.165	242	141	9	207	427	221	455	8.19e-10	60.8
g2697.t1	VFG032653(gb|WP_014092758)	21.656	314	185	9	161	435	185	476	9.29e-10	60.5
g2697.t1	VFG009850(gb|WP_011782154)	28.364	275	154	12	179	424	172	432	1.12e-09	60.1
g2697.t1	VFG009878(gb|WP_014878346)	27.311	238	153	6	207	427	218	452	1.37e-09	60.1
g2697.t1	VFG018487(gb|WP_001050783)	26.792	265	170	7	189	438	359	614	1.62e-09	60.1
g2697.t1	VFG032638(gb|WP_014654264)	20.890	292	214	6	161	435	185	476	1.88e-09	59.3
g2697.t1	VFG006832(gb|WP_003771747)	20.890	292	214	6	161	435	185	476	1.88e-09	59.3
g2697.t1	VFG006830(gb|NP_464903)	20.890	292	214	6	161	435	185	476	2.02e-09	59.3
g2697.t1	VFG019396(gb|WP_003736550)	20.890	292	214	6	161	435	185	476	2.13e-09	59.3
g2697.t1	VFG006833(gb|WP_011702190)	21.975	314	184	9	161	435	185	476	2.32e-09	59.3
g2697.t1	VFG052339(gb|NP_463156.1)	25.088	283	176	8	161	422	73	340	3.09e-09	58.2
g2697.t1	VFG009851(gb|WP_011561826)	28.179	291	168	12	162	424	156	433	4.26e-09	58.2
g2697.t1	VFG027234(gb|WP_015292586)	26.471	238	155	6	207	427	217	451	4.37e-09	58.2
g2697.t1	VFG031678(gb|WP_011854538)	25.221	226	141	7	231	435	160	378	5.15e-09	57.8
g2697.t1	VFG031679(gb|WP_011558086)	25.221	226	141	7	231	435	160	378	5.29e-09	57.8
g2697.t1	VFG009872(gb|WP_003405123)	26.471	238	155	6	207	427	217	451	7.80e-09	57.4
g2697.t1	VFG031686(gb|WP_003910136)	27.232	224	139	7	231	435	159	377	2.04e-08	55.8
g2697.t1	VFG031675(gb|WP_011799109)	27.232	224	139	7	231	435	159	377	2.17e-08	55.8
g2697.t1	VFG031669(gb|NP_215004)	27.232	224	139	7	231	435	159	377	2.19e-08	55.8
g2697.t1	VFG031703(gb|WP_015292194)	27.232	224	139	7	231	435	159	377	2.24e-08	55.8
g2697.t1	VFG027254(gb|WP_015309037)	29.876	241	143	7	207	427	223	457	2.36e-08	55.8
g2697.t1	VFG009881(gb|WP_011856925)	29.461	241	144	7	207	427	218	452	2.46e-08	55.8
g2697.t1	VFG009882(gb|WP_011561678)	29.461	241	144	7	207	427	218	452	2.63e-08	55.8
g2697.t1	VFG011635(gb|WP_006014486)	28.696	230	134	11	235	435	370	598	5.89e-08	55.1
g2697.t1	VFG011631(gb|WP_004684547)	28.696	230	134	11	235	435	370	598	6.72e-08	54.7
g2697.t1	VFG019282(gb|WP_006071786)	28.261	230	135	11	235	435	370	598	8.07e-08	54.3
g2697.t1	VFG031713(gb|YP_007956676)	27.556	225	138	8	231	435	159	378	9.03e-08	53.9
g2697.t1	VFG011632(gb|WP_002965157)	28.696	230	134	11	235	435	370	598	9.12e-08	54.3
g2697.t1	VFG009869(gb|NP_215497)	26.271	236	158	6	207	427	217	451	9.50e-08	54.3
g2697.t1	VFG041577(gb|WP_012847750)	36.190	105	65	2	337	440	505	608	1.28e-07	53.9
g2697.t1	VFG027248(gb|YP_005359673)	23.476	328	225	9	118	427	15	334	1.29e-07	53.5
g2697.t1	VFG041873(gb|WP_080509010)	31.481	108	73	1	333	439	519	626	1.62e-07	53.9
g2697.t1	VFG011634(gb|WP_006191047)	28.261	230	135	11	235	435	370	598	1.82e-07	53.5
g2697.t1	VFG018297(gb|WP_004691160)	28.261	230	135	11	235	435	370	598	2.05e-07	53.1
g2697.t1	VFG023574(gb|WP_013649086)	30.508	118	79	2	320	436	499	614	2.08e-07	53.5
g2697.t1	VFG014370(gb|WP_003152330)	29.167	216	130	9	234	436	186	391	4.61e-07	51.6
g2697.t1	VFG031674(gb|WP_085989560)	25.417	240	151	8	219	435	142	376	4.80e-07	51.6
g2697.t1	VFG009848(gb|WP_011730694)	25.362	276	161	11	179	424	172	432	5.61e-07	51.6
g2697.t1	VFG031694(gb|WP_008261206)	26.141	241	154	9	219	438	142	379	6.96e-07	51.2
g2697.t1	VFG014379(gb|WP_162803862)	30.516	213	131	8	234	436	184	389	8.09e-07	50.8
g2697.t1	VFG014378(gb|WP_162470466)	29.954	217	133	9	234	439	184	392	1.08e-06	50.4
g2697.t1	VFG001747(gb|WP_002209035)	30.986	142	91	2	303	437	474	615	1.23e-06	50.8
g2697.t1	VFG031673(gb|WP_010950191)	29.600	125	82	2	317	435	252	376	1.31e-06	50.4
g2697.t1	VFG017284(gb|WP_012105858)	30.986	142	91	2	303	437	474	615	1.43e-06	50.8
g2697.t1	VFG018953(gb|WP_012304703)	30.986	142	91	2	303	437	474	615	1.48e-06	50.8
g2697.t1	VFG003358(gb|WP_011191566)	30.986	142	91	2	303	437	474	615	1.53e-06	50.4
g2697.t1	VFG031671(gb|WP_010908900)	26.222	225	140	6	231	435	157	375	1.79e-06	50.1
g2697.t1	VFG015068(gb|WP_003156446)	26.016	246	144	11	224	439	275	512	3.92e-06	49.3
g2697.t1	VFG013998(gb|WP_003403505)	26.360	239	151	10	220	439	298	530	4.42e-06	48.9
g2697.t1	VFG019826(gb|WP_162471079)	28.182	220	141	7	234	443	178	390	6.39e-06	48.1
g2697.t1	VFG003540(gb|WP_011817145)	30.769	156	83	8	303	435	384	537	7.71e-06	48.1
g2697.t1	VFG043346(gb|WP_010947489)	22.741	321	198	12	146	435	35	336	7.83e-06	47.8
g1148.t1	VFG000474(gb|NP_460200)	100.000	487	0	0	1	487	1	487	0.0	1002
g1148.t1	VFG021077(gb|WP_001031685)	99.795	487	1	0	1	487	1	487	0.0	1000
g1148.t1	VFG004056(gb|WP_001031689)	99.795	487	1	0	1	487	1	487	0.0	1000
g1148.t1	VFG018397(gb|WP_001031692)	98.152	487	9	0	1	487	1	487	0.0	986
g1148.t1	VFG009845(gb|WP_011723897)	25.472	318	221	9	169	473	123	437	6.38e-18	85.9
g1148.t1	VFG027203(gb|WP_015632690)	25.472	318	221	9	169	473	123	437	6.50e-18	85.9
g1148.t1	VFG024182(gb|WP_008253899)	27.636	275	184	8	211	473	166	437	1.35e-17	84.7
g1148.t1	VFG027236(gb|WP_014850324)	28.326	233	142	9	246	461	220	444	2.86e-16	81.3
g1148.t1	VFG022943(gb|YP_001701821)	28.326	233	142	9	246	461	229	453	2.98e-16	81.3
g1148.t1	VFG027230(gb|WP_005063389)	28.326	233	142	9	246	461	220	444	3.02e-16	81.3
g1148.t1	VFG009849(gb|WP_011892634)	27.099	262	175	8	211	459	167	425	8.68e-16	79.3
g1148.t1	VFG022949(gb|WP_013827875)	29.508	244	141	8	246	469	218	450	2.47e-15	78.2
g1148.t1	VFG009839(gb|NP_215417)	25.725	276	189	8	211	473	166	438	3.83e-15	77.4
g1148.t1	VFG009848(gb|WP_011730694)	26.642	274	179	10	209	466	164	431	4.70e-15	77.0
g1148.t1	VFG027184(gb|WP_015289381)	25.725	276	189	8	211	473	166	438	5.98e-15	76.6
g1148.t1	VFG009874(gb|WP_003877497)	27.731	238	155	8	246	470	222	455	8.93e-15	76.6
g1148.t1	VFG027186(gb|WP_041299634)	26.449	276	187	8	211	473	166	438	9.70e-15	76.3
g1148.t1	VFG022926(gb|WP_036426280)	26.449	276	187	8	211	473	166	438	1.05e-14	75.9
g1148.t1	VFG009882(gb|WP_011561678)	26.423	246	148	8	246	470	219	452	1.07e-14	76.3
g1148.t1	VFG024195(gb|WP_008254067)	28.151	238	154	8	246	470	222	455	1.12e-14	76.3
g1148.t1	VFG009881(gb|WP_011856925)	26.423	246	148	8	246	470	219	452	1.16e-14	76.3
g1148.t1	VFG024194(gb|WP_036397793)	28.151	238	154	8	246	470	222	455	1.32e-14	75.9
g1148.t1	VFG024196(gb|WP_036390311)	28.151	238	154	8	246	470	222	455	1.34e-14	75.9
g1148.t1	VFG009875(gb|WP_019732008)	27.731	238	155	8	246	470	222	455	1.59e-14	75.9
g1148.t1	VFG009847(gb|WP_011738613)	27.240	279	181	10	211	473	166	438	1.73e-14	75.5
g1148.t1	VFG022933(gb|WP_013827764)	25.180	278	192	8	209	473	162	436	5.02e-14	73.9
g1148.t1	VFG009846(gb|WP_010908723)	26.087	276	188	8	211	473	166	438	5.06e-14	73.9
g1148.t1	VFG009878(gb|WP_014878346)	26.891	238	157	9	246	470	219	452	5.88e-14	73.9
g1148.t1	VFG027181(gb|WP_005092753)	25.725	276	189	8	211	473	158	430	5.90e-14	73.6
g1148.t1	VFG022927(gb|YP_001701701)	25.342	292	202	9	195	473	175	463	6.55e-14	73.6
g1148.t1	VFG027254(gb|WP_015309037)	27.642	246	145	8	246	470	224	457	2.42e-13	72.0
g1148.t1	VFG027195(gb|YP_007957055)	25.271	277	190	9	211	473	166	439	3.73e-13	71.2
g1148.t1	VFG009850(gb|WP_011782154)	26.038	265	174	10	211	459	166	424	8.14e-13	70.1
g1148.t1	VFG009880(gb|WP_203431724)	27.308	260	167	11	246	487	201	456	2.07e-12	68.9
g1148.t1	VFG027204(gb|WP_015309198)	26.792	265	172	10	211	459	166	424	2.34e-12	68.6
g1148.t1	VFG009879(gb|WP_173362732)	27.273	275	178	10	212	470	166	434	3.08e-12	68.6
g1148.t1	VFG009851(gb|WP_011561826)	25.379	264	181	8	209	459	165	425	7.94e-12	67.0
g1148.t1	VFG022912(gb|YP_001701426)	23.052	308	198	8	204	479	187	487	9.94e-12	67.0
g1148.t1	VFG027132(gb|WP_005064129)	23.052	308	198	8	204	479	165	465	1.10e-11	66.6
g1148.t1	VFG027248(gb|YP_005359673)	26.446	242	153	8	246	470	101	334	1.70e-11	65.9
g1148.t1	VFG009876(gb|WP_010907576)	26.971	241	151	8	246	469	218	450	1.97e-11	65.9
g1148.t1	VFG009872(gb|WP_003405123)	26.446	242	153	8	246	470	218	451	2.13e-11	65.9
g1148.t1	VFG027234(gb|WP_015292586)	26.446	242	153	8	246	470	218	451	2.25e-11	65.9
g1148.t1	VFG009869(gb|NP_215497)	26.446	242	153	8	246	470	218	451	3.19e-11	65.5
g1148.t1	VFG009877(gb|WP_011742227)	26.613	248	145	9	246	470	218	451	4.60e-11	64.7
g1148.t1	VFG006833(gb|WP_011702190)	21.382	304	220	8	198	485	183	483	4.80e-11	64.7
g1148.t1	VFG032653(gb|WP_014092758)	20.724	304	222	8	198	485	183	483	5.82e-11	64.3
g1148.t1	VFG031676(gb|WP_011891086)	25.701	214	147	5	259	461	149	361	1.24e-10	63.2
g1148.t1	VFG032654(gb|WP_003747594)	20.724	304	222	8	198	485	183	483	1.26e-10	63.5
g1148.t1	VFG038240(gb|WP_043960856)	24.340	341	222	11	160	473	196	527	1.33e-10	63.5
g1148.t1	VFG031693(gb|WP_013470605)	25.701	214	147	5	259	461	149	361	1.71e-10	62.8
g1148.t1	VFG032638(gb|WP_014654264)	21.053	304	221	8	198	485	183	483	1.93e-10	62.8
g1148.t1	VFG006832(gb|WP_003771747)	21.053	304	221	8	198	485	183	483	1.96e-10	62.8
g1148.t1	VFG006830(gb|NP_464903)	21.053	304	221	8	198	485	183	483	2.03e-10	62.8
g1148.t1	VFG019396(gb|WP_003736550)	21.053	304	221	8	198	485	183	483	2.07e-10	62.8
g1148.t1	VFG031721(gb|WP_198345043)	25.248	202	142	3	269	461	148	349	2.28e-10	62.0
g1148.t1	VFG031691(gb|WP_013827420)	25.410	244	156	6	243	461	121	363	4.51e-10	61.2
g1148.t1	VFG031677(gb|WP_014876913)	24.413	213	151	4	259	461	149	361	5.11e-10	61.2
g1148.t1	VFG038232(gb|WP_001985884)	38.144	97	54	3	383	473	431	527	5.53e-10	61.6
g1148.t1	VFG038238(gb|WP_000226703)	38.144	97	54	3	383	473	412	508	5.53e-10	61.6
g1148.t1	VFG038235(gb|YP_001083791)	38.144	97	54	3	383	473	357	453	6.44e-10	61.2
g1148.t1	VFG038237(gb|WP_000226704)	38.144	97	54	3	383	473	412	508	6.53e-10	61.2
g1148.t1	VFG038243(gb|WP_134815986)	38.144	97	54	3	383	473	416	512	6.74e-10	61.2
g1148.t1	VFG038231(gb|WP_000472465)	38.144	97	54	3	383	473	431	527	7.00e-10	61.2
g1148.t1	VFG031678(gb|WP_011854538)	23.478	230	163	4	245	461	132	361	1.11e-09	60.1
g1148.t1	VFG031679(gb|WP_011558086)	23.762	202	145	3	269	461	160	361	1.44e-09	59.7
g1148.t1	VFG052339(gb|NP_463156.1)	24.627	268	185	7	204	460	74	335	1.06e-08	57.0
g1148.t1	VFG027156(gb|WP_085976583)	22.832	346	214	14	172	479	139	469	1.82e-08	56.6
g1148.t1	VFG009818(gb|WP_014878477)	23.699	346	222	11	167	479	135	471	1.84e-08	56.6
g1148.t1	VFG009817(gb|WP_011738793)	21.646	328	207	13	171	461	136	450	2.19e-08	56.2
g1148.t1	VFG027137(gb|WP_015357321)	21.646	328	207	13	171	461	136	450	2.55e-08	56.2
g1148.t1	VFG031671(gb|WP_010908900)	23.629	237	166	6	235	461	127	358	2.93e-08	55.8
g1148.t1	VFG031686(gb|WP_003910136)	23.629	237	166	6	235	461	129	360	3.16e-08	55.5
g1148.t1	VFG031703(gb|WP_015292194)	23.629	237	166	6	235	461	129	360	3.47e-08	55.5
g1148.t1	VFG031669(gb|NP_215004)	23.629	237	166	6	235	461	129	360	3.49e-08	55.5
g1148.t1	VFG022911(gb|WP_012396470)	21.646	328	207	13	171	461	136	450	4.23e-08	55.5
g1148.t1	VFG031675(gb|WP_011799109)	23.629	237	166	6	235	461	129	360	4.24e-08	55.1
g1148.t1	VFG031683(gb|WP_011778104)	23.944	213	152	4	259	461	149	361	4.65e-08	55.1
g1148.t1	VFG024171(gb|WP_014710887)	24.096	332	201	15	167	461	132	449	5.17e-08	55.1
g1148.t1	VFG020697(gb|WP_001050770)	21.596	213	153	5	259	461	386	594	5.89e-08	55.5
g1148.t1	VFG031713(gb|YP_007956676)	23.529	238	166	7	235	461	129	361	6.61e-08	54.7
g1148.t1	VFG027135(gb|WP_015289263)	25.106	235	149	8	262	479	244	468	7.32e-08	54.7
g1148.t1	VFG031690(gb|WP_012392756)	25.123	203	141	5	269	461	158	359	7.55e-08	54.3
g1148.t1	VFG031682(gb|WP_094987106)	25.123	203	141	5	269	461	158	359	7.89e-08	54.3
g1148.t1	VFG003826(gb|WP_001539908)	21.596	213	153	5	259	461	386	594	8.61e-08	54.7
g1148.t1	VFG000493(gb|NP_460357)	21.596	213	153	5	259	461	386	594	8.69e-08	54.7
g1148.t1	VFG020698(gb|WP_001050776)	21.596	213	153	5	259	461	386	594	9.31e-08	54.7
g1148.t1	VFG020695(gb|WP_001050774)	21.596	213	153	5	259	461	386	594	9.63e-08	54.7
g1148.t1	VFG019282(gb|WP_006071786)	24.561	285	188	11	204	465	298	578	9.92e-08	54.3
g1148.t1	VFG020699(gb|WP_001050765)	21.596	213	153	5	259	461	386	594	9.97e-08	54.7
g1148.t1	VFG020693(gb|WP_001050764)	21.596	213	153	5	259	461	386	594	1.07e-07	54.7
g1148.t1	VFG031674(gb|WP_085989560)	24.138	203	143	5	269	461	158	359	1.37e-07	53.5
g1148.t1	VFG031673(gb|WP_010950191)	24.138	203	143	5	269	461	158	359	1.54e-07	53.5
g1148.t1	VFG024170(gb|WP_014381773)	21.884	329	212	14	167	461	132	449	1.57e-07	53.5
g1148.t1	VFG027154(gb|WP_020821555)	21.884	329	212	14	167	461	132	449	1.64e-07	53.5
g1148.t1	VFG018487(gb|WP_001050783)	21.910	356	223	12	161	480	277	613	2.08e-07	53.5
g1148.t1	VFG018297(gb|WP_004691160)	24.561	285	188	11	204	465	298	578	2.67e-07	53.1
g1148.t1	VFG011634(gb|WP_006191047)	24.561	285	188	11	204	465	298	578	2.81e-07	53.1
g1148.t1	VFG027136(gb|WP_015292432)	24.681	235	150	8	262	479	244	468	2.89e-07	52.8
g1148.t1	VFG022913(gb|WP_013988770)	22.979	235	154	10	262	479	244	468	3.02e-07	52.8
g1148.t1	VFG009819(gb|WP_041799901)	21.829	339	225	10	172	479	131	460	3.05e-07	52.8
g1148.t1	VFG022914(gb|WP_014000393)	24.681	235	150	8	262	479	244	468	3.26e-07	52.8
g1148.t1	VFG009821(gb|WP_011857087)	23.429	350	218	15	167	479	128	464	3.32e-07	52.4
g1148.t1	VFG003823(gb|WP_001050754)	21.127	213	154	5	259	461	386	594	3.49e-07	52.8
g1148.t1	VFG024169(gb|WP_099961986)	21.829	339	225	10	172	479	158	487	3.50e-07	52.8
g1148.t1	VFG020694(gb|WP_001050767)	21.127	213	154	5	259	461	386	594	3.61e-07	52.8
g1148.t1	VFG018488(gb|WP_001050778)	21.127	213	154	5	259	461	386	594	3.67e-07	52.8
g1148.t1	VFG003824(gb|WP_001050755)	21.127	213	154	5	259	461	386	594	3.67e-07	52.8
g1148.t1	VFG020700(gb|WP_001050758)	21.127	213	154	5	259	461	386	594	4.00e-07	52.8
g1148.t1	VFG009822(gb|WP_011561966)	23.410	346	215	15	167	475	128	460	4.13e-07	52.4
g1148.t1	VFG003825(gb|WP_001050780)	21.127	213	154	5	259	461	386	594	4.22e-07	52.8
g1148.t1	VFG011631(gb|WP_004684547)	24.315	292	180	12	204	465	298	578	5.26e-07	52.0
g1148.t1	VFG011632(gb|WP_002965157)	24.315	292	180	12	204	465	298	578	5.35e-07	52.0
g1148.t1	VFG031699(gb|WP_005062022)	23.267	202	146	3	269	461	158	359	5.61e-07	52.0
g1148.t1	VFG011635(gb|WP_006014486)	24.315	292	180	12	204	465	298	578	6.64e-07	51.6
g1148.t1	VFG027133(gb|WP_015287911)	24.255	235	151	8	262	479	244	468	1.24e-06	50.8
g1148.t1	VFG031685(gb|YP_001704776)	23.267	202	146	3	269	461	158	359	1.53e-06	50.4
g1148.t1	VFG018953(gb|WP_012304703)	23.482	247	157	6	246	461	351	596	2.26e-06	50.4
g1148.t1	VFG003358(gb|WP_011191566)	23.482	247	157	6	246	461	351	596	2.28e-06	50.4
g1148.t1	VFG027147(gb|YP_007956930)	22.594	239	150	10	262	479	244	468	2.46e-06	49.7
g1148.t1	VFG001747(gb|WP_002209035)	23.810	210	152	5	259	461	388	596	2.57e-06	50.1
g1148.t1	VFG009812(gb|WP_003898576)	22.553	235	155	10	262	479	244	468	3.21e-06	49.3
g1148.t1	VFG009813(gb|WP_003403870)	22.553	235	155	10	262	479	244	468	3.24e-06	49.3
g1148.t1	VFG009810(gb|NP_215272)	22.553	235	155	10	262	479	244	468	3.32e-06	49.3
g1148.t1	VFG041577(gb|WP_012847750)	22.018	218	160	5	259	469	381	595	4.24e-06	49.3
g1148.t1	VFG027142(gb|YP_007960665)	22.553	235	155	10	262	479	20	244	5.03e-06	48.1
g1148.t1	VFG041873(gb|WP_080509010)	22.115	208	151	4	272	471	411	615	7.47e-06	48.5
g1148.t1	VFG017284(gb|WP_012105858)	23.077	247	158	6	246	461	351	596	7.81e-06	48.5
g1148.t1	VFG023574(gb|WP_013649086)	22.727	198	142	4	272	461	402	596	8.19e-06	48.5
g1148.t1	VFG027151(gb|YP_005922066)	27.731	119	76	4	368	479	104	219	8.31e-06	47.0
