g662.t1	VFG029791(gb|WP_005063997)	27.507	349	206	10	172	474	157	504	4.19e-21	97.1
g662.t1	VFG029777(gb|YP_001705161)	27.221	349	207	10	172	474	160	507	4.61e-21	96.7
g662.t1	VFG029783(gb|WP_013827173)	27.726	321	177	10	177	456	162	468	3.06e-20	94.4
g662.t1	VFG029769(gb|WP_011726920)	25.107	466	275	16	61	474	61	504	1.23e-19	92.4
g662.t1	VFG029775(gb|WP_011777587)	28.349	321	183	10	177	456	162	476	1.31e-19	92.4
g662.t1	VFG029767(gb|WP_011799090)	27.726	321	185	10	177	456	162	476	2.25e-19	91.7
g662.t1	VFG029774(gb|WP_071497566)	27.726	321	185	10	177	456	162	476	2.32e-19	91.7
g662.t1	VFG029765(gb|WP_003879144)	26.239	343	208	9	177	474	162	504	2.34e-19	91.7
g662.t1	VFG029764(gb|WP_010950368)	27.726	321	185	10	177	456	162	476	2.34e-19	91.7
g662.t1	VFG029788(gb|WP_014381387)	26.012	346	211	9	177	477	162	507	2.69e-19	91.3
g662.t1	VFG029782(gb|WP_012392474)	27.726	321	185	10	177	456	162	476	2.86e-19	91.3
g662.t1	VFG029795(gb|WP_015292006)	26.923	312	186	9	177	447	162	472	3.57e-19	90.9
g662.t1	VFG029786(gb|WP_008261764)	25.723	346	212	9	177	477	162	507	4.23e-19	90.9
g662.t1	VFG029771(gb|WP_011557669)	26.462	325	186	8	172	456	157	468	4.34e-19	90.5
g662.t1	VFG029784(gb|WP_009938200)	27.414	321	186	10	177	456	162	476	5.37e-19	90.5
g662.t1	VFG029793(gb|WP_015302472)	27.414	321	186	10	177	456	162	476	5.46e-19	90.5
g662.t1	VFG029761(gb|NP_214758)	27.414	321	186	10	177	456	162	476	5.76e-19	90.1
g662.t1	VFG029794(gb|WP_015288885)	27.414	321	186	10	177	456	162	476	5.92e-19	90.1
g662.t1	VFG029770(gb|WP_011854302)	26.462	325	186	8	172	456	157	468	5.92e-19	90.1
g662.t1	VFG029810(gb|WP_015345015)	27.414	321	186	10	177	456	162	476	6.52e-19	90.1
g662.t1	VFG029778(gb|WP_013988720)	27.414	321	186	10	177	456	162	476	6.76e-19	90.1
g662.t1	VFG029792(gb|WP_015287781)	27.414	321	186	10	177	456	162	476	7.38e-19	90.1
g662.t1	VFG029805(gb|YP_007956444)	27.517	298	174	9	177	433	162	458	7.80e-19	89.7
g662.t1	VFG029796(gb|WP_015354253)	27.414	321	186	10	177	456	162	476	9.71e-19	89.7
g662.t1	VFG029814(gb|WP_015304254)	24.887	442	254	14	60	456	60	468	1.40e-18	89.0
g662.t1	VFG029780(gb|WP_014000132)	27.103	321	187	10	177	456	162	476	2.02e-18	88.6
g662.t1	VFG029803(gb|WP_014585489)	27.103	321	187	10	177	456	162	476	2.19e-18	88.6
g662.t1	VFG029763(gb|WP_010908958)	26.163	344	207	10	177	474	162	504	2.73e-18	88.2
g662.t1	VFG029768(gb|WP_011891410)	28.173	323	181	12	177	456	162	476	2.50e-17	85.1
g662.t1	VFG044398(gb|AAF33139)	24.727	275	194	5	167	439	245	508	2.87e-15	78.6
g662.t1	VFG049152(gb|WP_000337350)	25.843	267	180	7	166	427	108	361	7.46e-15	76.3
g662.t1	VFG043689(gb|WP_000337350)	25.843	267	180	7	166	427	108	361	7.46e-15	76.3
g662.t1	VFG029172(gb|WP_005060526)	27.143	280	176	9	157	427	107	367	4.70e-12	67.8
g662.t1	VFG029181(gb|YP_007957115)	26.217	267	174	7	177	435	124	375	7.81e-10	60.8
g3665.t1	VFG029814(gb|WP_015304254)	27.696	408	247	14	68	438	60	456	8.30e-29	120
g3665.t1	VFG029771(gb|WP_011557669)	26.047	430	268	13	47	438	39	456	6.61e-28	118
g3665.t1	VFG029782(gb|WP_012392474)	29.721	323	185	11	179	461	162	482	9.34e-28	117
g3665.t1	VFG029770(gb|WP_011854302)	26.047	430	268	13	47	438	39	456	1.02e-27	117
g3665.t1	VFG029774(gb|WP_071497566)	29.721	323	185	11	179	461	162	482	1.07e-27	117
g3665.t1	VFG029768(gb|WP_011891410)	26.415	424	255	15	68	449	60	468	1.62e-27	117
g3665.t1	VFG029796(gb|WP_015354253)	29.721	323	185	11	179	461	162	482	1.65e-27	117
g3665.t1	VFG029769(gb|WP_011726920)	25.758	462	290	17	47	467	39	488	2.56e-27	116
g3665.t1	VFG029791(gb|WP_005063997)	26.577	444	272	16	42	448	41	467	1.44e-26	114
g3665.t1	VFG029783(gb|WP_013827173)	29.392	296	172	8	179	438	162	456	1.81e-26	114
g3665.t1	VFG029777(gb|YP_001705161)	26.577	444	272	16	42	448	44	470	1.81e-26	114
g3665.t1	VFG029775(gb|WP_011777587)	29.221	308	180	9	179	449	162	468	1.85e-26	114
g3665.t1	VFG029795(gb|WP_015292006)	25.227	440	278	15	68	467	60	488	5.41e-26	112
g3665.t1	VFG029764(gb|WP_010950368)	25.576	434	272	16	68	461	60	482	5.71e-26	112
g3665.t1	VFG029765(gb|WP_003879144)	25.000	464	291	16	47	467	39	488	5.87e-26	112
g3665.t1	VFG029767(gb|WP_011799090)	25.576	434	272	16	68	461	60	482	6.20e-26	112
g3665.t1	VFG029794(gb|WP_015288885)	25.227	440	278	15	68	467	60	488	6.90e-26	112
g3665.t1	VFG029761(gb|NP_214758)	25.346	434	273	15	68	461	60	482	8.34e-26	111
g3665.t1	VFG029786(gb|WP_008261764)	25.734	443	272	16	68	467	60	488	8.88e-26	111
g3665.t1	VFG029784(gb|WP_009938200)	25.346	434	273	15	68	461	60	482	9.21e-26	111
g3665.t1	VFG029778(gb|WP_013988720)	25.346	434	273	15	68	461	60	482	9.99e-26	111
g3665.t1	VFG029788(gb|WP_014381387)	25.734	443	272	16	68	467	60	488	1.01e-25	111
g3665.t1	VFG029792(gb|WP_015287781)	25.346	434	273	15	68	461	60	482	1.04e-25	111
g3665.t1	VFG029810(gb|WP_015345015)	25.346	434	273	15	68	461	60	482	1.18e-25	111
g3665.t1	VFG029763(gb|WP_010908958)	25.977	435	269	17	68	461	60	482	1.59e-25	110
g3665.t1	VFG029805(gb|YP_007956444)	25.735	408	255	13	68	438	60	456	1.61e-25	110
g3665.t1	VFG029793(gb|WP_015302472)	25.115	434	274	15	68	461	60	482	2.52e-25	110
g3665.t1	VFG029780(gb|WP_014000132)	25.115	434	274	15	68	461	60	482	2.78e-25	110
g3665.t1	VFG029803(gb|WP_014585489)	25.115	434	274	15	68	461	60	482	4.64e-25	109
g3665.t1	VFG044398(gb|AAF33139)	29.323	266	164	6	181	441	257	503	1.66e-19	91.7
g3665.t1	VFG029172(gb|WP_005060526)	30.537	298	174	10	147	435	95	368	2.23e-19	90.1
g3665.t1	VFG049152(gb|WP_000337350)	26.774	310	192	9	140	440	84	367	3.68e-15	77.4
g3665.t1	VFG043689(gb|WP_000337350)	26.774	310	192	9	140	440	84	367	3.68e-15	77.4
g3665.t1	VFG029181(gb|YP_007957115)	27.333	300	190	10	154	446	103	381	4.89e-14	73.9
g3665.t1	VFG021833(gb|WP_011725107)	25.407	307	201	9	135	435	83	367	7.89e-09	57.8
g3665.t1	VFG021832(gb|WP_003877913)	25.407	307	201	9	135	435	83	367	8.25e-09	57.8
g3665.t1	VFG021827(gb|NP_215862)	25.225	333	211	13	113	435	58	362	2.26e-08	56.2
g3665.t1	VFG024054(gb|WP_014384755)	25.938	320	209	10	135	448	83	380	2.94e-08	55.8
g3665.t1	VFG029170(gb|WP_015289784)	25.836	329	214	12	113	435	58	362	3.21e-08	55.8
g3665.t1	VFG029171(gb|WP_015292874)	25.836	329	214	12	113	435	58	362	3.48e-08	55.8
g3665.t1	VFG029188(gb|WP_036455780)	25.938	320	209	10	135	448	80	377	3.60e-08	55.8
g3665.t1	VFG021835(gb|WP_011779182)	23.864	352	239	10	89	435	39	366	3.97e-08	55.5
g3665.t1	VFG024053(gb|WP_193375497)	25.625	320	210	10	135	448	80	377	7.34e-08	54.7
g3665.t1	VFG024055(gb|WP_009954826)	25.625	320	210	10	135	448	80	377	9.15e-08	54.3
g3665.t1	VFG029184(gb|YP_005360026)	25.309	324	198	13	113	420	58	353	1.66e-07	53.9
g4050.t1	VFG029814(gb|WP_015304254)	24.611	321	183	13	178	449	157	467	2.11e-12	69.7
g4050.t1	VFG044398(gb|AAF33139)	23.529	272	191	7	176	444	248	505	2.21e-12	69.3
g4050.t1	VFG029775(gb|WP_011777587)	24.931	361	210	15	183	492	162	512	5.64e-12	68.2
g4050.t1	VFG029791(gb|WP_005063997)	24.390	369	218	16	183	500	162	520	1.54e-11	67.0
g4050.t1	VFG029786(gb|WP_008261764)	24.444	360	213	14	183	492	162	512	1.63e-11	66.6
g4050.t1	VFG029777(gb|YP_001705161)	24.390	369	218	16	183	500	165	523	1.67e-11	66.6
g4050.t1	VFG029788(gb|WP_014381387)	24.444	360	213	14	183	492	162	512	2.35e-11	66.2
g4050.t1	VFG029765(gb|WP_003879144)	23.889	360	215	13	183	492	162	512	2.63e-11	66.2
g4050.t1	VFG029796(gb|WP_015354253)	23.200	500	309	19	43	492	38	512	2.85e-11	65.9
g4050.t1	VFG029774(gb|WP_071497566)	23.200	500	309	19	43	492	38	512	4.29e-11	65.5
g4050.t1	VFG029783(gb|WP_013827173)	22.865	363	215	12	183	492	162	512	5.99e-11	65.1
g4050.t1	VFG029782(gb|WP_012392474)	23.200	500	309	19	43	492	38	512	6.18e-11	65.1
g4050.t1	VFG029769(gb|WP_011726920)	22.546	377	225	14	174	492	145	512	8.98e-11	64.3
g4050.t1	VFG029795(gb|WP_015292006)	24.069	349	209	14	183	481	162	504	1.18e-10	63.9
g4050.t1	VFG029794(gb|WP_015288885)	24.457	368	219	15	183	500	162	520	1.27e-10	63.9
g4050.t1	VFG029810(gb|WP_015345015)	24.355	349	208	14	183	481	162	504	1.34e-10	63.9
g4050.t1	VFG029771(gb|WP_011557669)	23.397	312	188	12	183	449	162	467	1.53e-10	63.5
g4050.t1	VFG029770(gb|WP_011854302)	23.397	312	188	12	183	449	162	467	1.66e-10	63.5
g4050.t1	VFG029761(gb|NP_214758)	24.069	349	209	14	183	481	162	504	1.95e-10	63.5
g4050.t1	VFG029763(gb|WP_010908958)	23.659	317	183	13	183	450	162	468	2.03e-10	63.2
g4050.t1	VFG029793(gb|WP_015302472)	24.069	349	209	14	183	481	162	504	2.05e-10	63.2
g4050.t1	VFG029784(gb|WP_009938200)	24.069	349	209	14	183	481	162	504	2.16e-10	63.2
g4050.t1	VFG029778(gb|WP_013988720)	24.069	349	209	14	183	481	162	504	2.27e-10	63.2
g4050.t1	VFG029764(gb|WP_010950368)	24.355	349	208	14	183	481	162	504	2.31e-10	63.2
g4050.t1	VFG029792(gb|WP_015287781)	24.069	349	209	14	183	481	162	504	2.50e-10	63.2
g4050.t1	VFG029767(gb|WP_011799090)	24.478	335	197	14	183	467	162	490	6.91e-10	61.6
g4050.t1	VFG029780(gb|WP_014000132)	23.782	349	210	14	183	481	162	504	6.97e-10	61.6
g4050.t1	VFG029803(gb|WP_014585489)	23.782	349	210	14	183	481	162	504	7.94e-10	61.2
g4050.t1	VFG029805(gb|YP_007956444)	23.762	303	181	11	183	441	162	458	3.54e-09	59.3
g4050.t1	VFG049152(gb|WP_000337350)	23.954	263	180	7	183	440	119	366	2.13e-08	56.2
g4050.t1	VFG043689(gb|WP_000337350)	23.954	263	180	7	183	440	119	366	2.13e-08	56.2
g4050.t1	VFG029181(gb|YP_007957115)	25.725	276	179	9	177	443	117	375	3.89e-08	55.5
g4050.t1	VFG029172(gb|WP_005060526)	26.821	302	177	12	162	449	106	377	4.36e-06	48.9
g4071.t1	VFG029775(gb|WP_011777587)	26.276	392	223	13	130	466	103	483	1.10e-19	92.4
g4071.t1	VFG029782(gb|WP_012392474)	27.108	332	193	10	175	463	155	480	7.98e-19	89.7
g4071.t1	VFG029774(gb|WP_071497566)	27.108	332	193	10	175	463	155	480	8.27e-19	89.7
g4071.t1	VFG029796(gb|WP_015354253)	26.807	332	194	10	175	463	155	480	2.68e-18	88.2
g4071.t1	VFG029791(gb|WP_005063997)	26.567	335	197	11	175	466	155	483	3.43e-18	87.8
g4071.t1	VFG029777(gb|YP_001705161)	26.269	335	198	11	175	466	158	486	4.30e-18	87.4
g4071.t1	VFG029763(gb|WP_010908958)	25.862	348	208	11	182	486	162	502	6.48e-18	87.0
g4071.t1	VFG029783(gb|WP_013827173)	26.829	328	191	10	175	459	155	476	7.18e-18	87.0
g4071.t1	VFG029765(gb|WP_003879144)	26.582	316	185	9	175	445	155	468	1.03e-17	86.3
g4071.t1	VFG029764(gb|WP_010950368)	27.134	328	190	10	175	459	155	476	2.95e-17	84.7
g4071.t1	VFG029767(gb|WP_011799090)	27.134	328	190	10	175	459	155	476	3.09e-17	84.7
g4071.t1	VFG029810(gb|WP_015345015)	26.807	332	194	10	175	463	155	480	3.34e-17	84.7
g4071.t1	VFG029794(gb|WP_015288885)	26.506	332	195	10	175	463	155	480	4.17e-17	84.3
g4071.t1	VFG029792(gb|WP_015287781)	26.506	332	195	10	175	463	155	480	4.17e-17	84.3
g4071.t1	VFG029784(gb|WP_009938200)	26.506	332	195	10	175	463	155	480	4.47e-17	84.3
g4071.t1	VFG029793(gb|WP_015302472)	26.506	332	195	10	175	463	155	480	4.67e-17	84.3
g4071.t1	VFG029761(gb|NP_214758)	26.506	332	195	10	175	463	155	480	4.67e-17	84.3
g4071.t1	VFG029778(gb|WP_013988720)	26.506	332	195	10	175	463	155	480	5.19e-17	84.0
g4071.t1	VFG029795(gb|WP_015292006)	26.506	332	195	10	175	463	155	480	5.43e-17	84.0
g4071.t1	VFG029780(gb|WP_014000132)	26.205	332	196	10	175	463	155	480	1.32e-16	82.8
g4071.t1	VFG029803(gb|WP_014585489)	26.205	332	196	10	175	463	155	480	1.94e-16	82.4
g4071.t1	VFG029768(gb|WP_011891410)	24.490	392	230	12	130	466	103	483	2.01e-16	82.4
g4071.t1	VFG029814(gb|WP_015304254)	25.000	332	200	10	175	463	155	480	2.79e-16	82.0
g4071.t1	VFG029771(gb|WP_011557669)	25.075	335	202	10	175	466	155	483	4.37e-16	81.3
g4071.t1	VFG029786(gb|WP_008261764)	26.266	316	186	9	175	445	155	468	4.52e-16	81.3
g4071.t1	VFG029769(gb|WP_011726920)	26.048	334	194	11	175	463	155	480	4.98e-16	80.9
g4071.t1	VFG029788(gb|WP_014381387)	26.266	316	186	9	175	445	155	468	5.78e-16	80.9
g4071.t1	VFG029770(gb|WP_011854302)	25.075	335	202	10	175	466	155	483	5.89e-16	80.9
g4071.t1	VFG029805(gb|YP_007956444)	26.316	304	182	8	175	436	155	458	8.38e-16	80.5
g4071.t1	VFG044398(gb|AAF33139)	26.766	269	178	8	180	442	253	508	2.02e-15	79.0
g4071.t1	VFG029181(gb|YP_007957115)	26.978	278	181	6	173	442	118	381	2.18e-14	74.7
g4071.t1	VFG029172(gb|WP_005060526)	29.643	280	161	10	179	444	120	377	3.88e-14	73.9
g4071.t1	VFG049152(gb|WP_000337350)	25.455	275	177	8	167	430	104	361	1.89e-12	68.9
g4071.t1	VFG043689(gb|WP_000337350)	25.455	275	177	8	167	430	104	361	1.89e-12	68.9
