g1264.t1	VFG000144(gb|NP_249940)	100.000	479	0	0	1	479	1	479	0.0	956
g1264.t1	VFG020041(gb|WP_003159842)	99.791	479	1	0	1	479	1	479	0.0	955
g1264.t1	VFG015561(gb|WP_003086731)	99.582	479	2	0	1	479	1	479	0.0	953
g1264.t1	VFG015560(gb|WP_012076619)	95.407	479	22	0	1	479	1	479	0.0	916
g1264.t1	VFG015832(gb|WP_011532827)	65.083	484	153	5	2	479	12	485	0.0	620
g1264.t1	VFG015563(gb|WP_003405046)	63.291	474	154	6	12	479	17	476	0.0	577
g1264.t1	VFG015562(gb|WP_011104500)	63.502	474	152	7	12	479	17	475	0.0	568
g1264.t1	VFG015833(gb|WP_011060780)	64.331	471	154	3	12	478	20	480	0.0	561
g1264.t1	VFG020042(gb|WP_012724321)	59.958	472	173	5	12	478	16	476	0.0	548
g1264.t1	VFG015834(gb|WP_011334735)	61.966	468	162	5	15	478	12	467	0.0	531
g1264.t1	VFG043807(gb|WP_004244908)	46.947	475	203	12	37	479	34	491	3.68e-127	378
g1264.t1	VFG011004(gb|WP_104442485)	49.315	73	31	2	342	414	1289	1355	1.09e-06	51.6
g1264.t1	VFG011003(gb|WP_110101956)	49.315	73	31	2	342	414	1289	1355	1.13e-06	51.2
g1264.t1	VFG000025(gb|WP_010929995)	52.459	61	24	1	342	402	1289	1344	1.51e-06	50.8
