g2127.t1	VFG044123(gb|WP_010930940)	28.754	313	191	9	37	327	38	340	1.06e-06	50.4
g3367.t1	VFG036972(gb|WP_042508130)	27.604	192	131	2	6	193	16	203	4.89e-09	57.8
g3367.t1	VFG036956(gb|WP_002224867)	27.604	192	131	2	6	193	16	203	9.33e-09	57.0
g3367.t1	VFG036963(gb|WP_015815889)	27.083	192	132	2	6	193	16	203	1.08e-08	56.6
g3367.t1	VFG036957(gb|WP_010951322)	27.604	192	131	2	6	193	16	203	1.81e-08	56.2
g3367.t1	VFG036960(gb|WP_003703449)	27.604	192	131	2	6	193	16	203	1.82e-08	55.8
g3367.t1	VFG036958(gb|WP_002247957)	27.083	192	132	2	6	193	16	203	2.36e-08	55.8
g3367.t1	VFG036966(gb|WP_014581242)	27.083	192	132	2	6	193	16	203	2.65e-08	55.5
g3367.t1	VFG036965(gb|WP_002226030)	27.083	192	132	2	6	193	16	203	2.69e-08	55.5
g3367.t1	VFG036964(gb|WP_002218710)	27.083	192	132	2	6	193	16	203	3.77e-08	55.1
g3367.t1	VFG036955(gb|WP_002236670)	27.083	192	132	2	6	193	16	203	4.38e-08	54.7
g3367.t1	VFG036962(gb|WP_014573759)	27.083	192	132	2	6	193	16	203	4.54e-08	54.7
g3367.t1	VFG036959(gb|WP_012222039)	26.562	192	133	2	6	193	16	203	5.71e-08	54.3
g3367.t1	VFG047356(gb|WP_014549027)	26.344	186	127	4	6	186	13	193	7.47e-06	47.8
g4437.t1	VFG036963(gb|WP_015815889)	25.581	172	125	2	26	196	36	205	7.85e-08	53.9
g4437.t1	VFG036972(gb|WP_042508130)	25.287	174	123	2	26	196	36	205	1.74e-07	52.8
g4437.t1	VFG036966(gb|WP_014581242)	25.581	172	125	2	26	196	36	205	1.90e-07	52.8
g4437.t1	VFG036965(gb|WP_002226030)	25.581	172	125	2	26	196	36	205	1.98e-07	52.8
g4437.t1	VFG036958(gb|WP_002247957)	25.581	172	125	2	26	196	36	205	2.02e-07	52.8
g4437.t1	VFG036962(gb|WP_014573759)	25.581	172	125	2	26	196	36	205	2.18e-07	52.8
g4437.t1	VFG036964(gb|WP_002218710)	25.581	172	125	2	26	196	36	205	2.56e-07	52.4
g4437.t1	VFG036955(gb|WP_002236670)	25.581	172	125	2	26	196	36	205	2.60e-07	52.4
g4437.t1	VFG036956(gb|WP_002224867)	25.000	172	126	2	26	196	36	205	4.23e-07	51.6
g4437.t1	VFG036959(gb|WP_012222039)	25.000	172	126	2	26	196	36	205	4.26e-07	51.6
g4437.t1	VFG036957(gb|WP_010951322)	25.517	145	108	0	26	170	36	180	8.17e-07	50.8
g4437.t1	VFG036960(gb|WP_003703449)	25.517	145	108	0	26	170	36	180	8.24e-07	50.8
