g1016.t1	VFG000465(gb|NP_460064)	100.000	561	0	0	1	561	1	561	0.0	1160
g1016.t1	VFG020651(gb|WP_001166950)	99.822	561	1	0	1	561	1	561	0.0	1159
g1016.t1	VFG020652(gb|WP_001166962)	99.643	561	2	0	1	561	1	561	0.0	1156
g1016.t1	VFG018496(gb|WP_001166949)	99.643	561	2	0	1	561	1	561	0.0	1154
g1016.t1	VFG020648(gb|WP_001166952)	99.465	561	3	0	1	561	1	561	0.0	1154
g1016.t1	VFG020650(gb|WP_001166951)	99.465	561	3	0	1	561	1	561	0.0	1153
g1016.t1	VFG003801(gb|WP_001166955)	98.396	561	9	0	1	561	1	561	0.0	1145
g1016.t1	VFG003803(gb|WP_001166948)	98.217	561	10	0	1	561	1	561	0.0	1140
g1016.t1	VFG020653(gb|WP_001166958)	98.039	561	11	0	1	561	1	561	0.0	1138
g1016.t1	VFG020647(gb|WP_001166961)	97.504	561	14	0	1	561	1	561	0.0	1135
g1016.t1	VFG018495(gb|WP_001166943)	90.196	561	55	0	1	561	1	561	0.0	1053
g1016.t1	VFG020129(gb|WP_000548328)	47.475	396	203	4	166	559	146	538	2.03e-116	355
g1016.t1	VFG012766(gb|WP_010921667)	47.222	396	204	4	166	559	146	538	2.31e-116	355
g1016.t1	VFG012764(gb|WP_000548332)	47.222	396	204	4	166	559	146	538	3.59e-116	354
g1016.t1	VFG012767(gb|WP_000548325)	46.970	396	205	4	166	559	146	538	6.78e-116	354
g1016.t1	VFG000992(gb|NP_858266)	46.970	396	205	4	166	559	146	538	1.92e-115	353
