g1496.t1	VFG037101(gb|WP_010951394)	25.926	108	71	1	61	159	55	162	3.82e-06	46.2
g1496.t1	VFG037104(gb|WP_003687002)	25.926	108	71	1	61	159	55	162	4.08e-06	45.8
g1496.t1	VFG037105(gb|WP_002233356)	25.926	108	71	1	61	159	55	162	6.53e-06	45.4
g1496.t1	VFG037110(gb|WP_002224229)	25.926	108	71	1	61	159	55	162	7.38e-06	45.1
g1496.t1	VFG037099(gb|WP_002216163)	25.926	108	71	1	61	159	55	162	7.52e-06	45.1
g1496.t1	VFG037116(gb|WP_013448170)	25.926	108	71	1	61	159	55	162	7.59e-06	45.1
g1496.t1	VFG037112(gb|WP_002221795)	25.926	108	71	1	61	159	55	162	7.88e-06	45.1
g1038.t1	VFG037104(gb|WP_003687002)	31.092	119	65	6	39	142	32	148	1.10e-08	53.1
g1038.t1	VFG037101(gb|WP_010951394)	31.092	119	65	6	39	142	32	148	1.10e-08	53.1
g1038.t1	VFG037112(gb|WP_002221795)	30.252	119	66	6	39	142	32	148	3.07e-08	52.0
g1038.t1	VFG037110(gb|WP_002224229)	30.252	119	66	6	39	142	32	148	3.07e-08	52.0
g1038.t1	VFG037105(gb|WP_002233356)	30.252	119	66	6	39	142	32	148	3.07e-08	52.0
g1038.t1	VFG037100(gb|WP_010980745)	30.252	119	66	6	39	142	32	148	3.07e-08	52.0
g1038.t1	VFG037099(gb|WP_002216163)	30.252	119	66	6	39	142	32	148	3.07e-08	52.0
g1038.t1	VFG037116(gb|WP_013448170)	29.592	98	56	4	56	142	53	148	4.76e-08	51.2
