g3434.t1	VFG044427(gb|CAJ45634)	30.709	254	166	4	7	252	5	256	7.65e-27	105
g3434.t1	VFG038841(gb|WP_005318273)	30.196	255	169	4	1	252	1	249	1.27e-26	104
g3434.t1	VFG044425(gb|AAW66007)	30.709	254	166	4	7	252	5	256	1.30e-26	104
g3434.t1	VFG038839(gb|WP_011707832)	29.719	249	172	2	1	249	1	246	2.70e-26	103
g3434.t1	VFG007210(gb|WP_011081751)	31.538	260	155	7	5	249	6	257	1.27e-24	99.4
g3434.t1	VFG012973(gb|WP_000347670)	29.845	258	161	5	3	252	1	246	1.34e-23	96.3
g3434.t1	VFG012978(gb|WP_000347634)	29.457	258	162	4	3	252	1	246	1.84e-23	95.9
g3434.t1	VFG050144(gb|WP_001048423)	28.125	256	169	5	5	252	6	254	3.60e-23	95.1
g3434.t1	VFG048401(gb|WP_014837779)	29.457	258	162	4	3	252	4	249	3.90e-23	95.1
g3434.t1	VFG048402(gb|WP_014228362)	29.457	258	162	4	3	252	4	249	5.88e-23	94.4
g3434.t1	VFG012976(gb|WP_000347662)	29.457	258	162	5	3	252	1	246	6.42e-23	94.4
g3434.t1	VFG012977(gb|WP_000347664)	29.457	258	162	5	3	252	1	246	1.17e-22	93.6
g3434.t1	VFG012974(gb|NP_706451)	29.457	258	162	5	3	252	1	246	1.28e-22	93.6
g3434.t1	VFG048405(gb|YP_005225749)	29.457	258	162	4	3	252	4	249	2.09e-22	92.8
g3434.t1	VFG000934(gb|WP_000348393)	29.457	258	162	5	3	252	1	246	3.73e-22	92.4
g3434.t1	VFG048407(gb|WP_024622880)	29.070	258	163	4	3	252	1	246	3.89e-22	92.0
g3434.t1	VFG019276(gb|WP_006073147)	28.516	256	163	3	5	252	13	256	1.75e-21	90.5
g3434.t1	VFG048409(gb|WP_086074289)	28.682	258	164	4	3	252	1	246	1.95e-21	90.5
g3434.t1	VFG011617(gb|WP_002966566)	28.516	256	163	3	5	252	13	256	3.14e-21	90.1
g3434.t1	VFG011619(gb|WP_004688790)	28.516	256	163	3	5	252	13	256	3.33e-21	89.7
g3434.t1	VFG011616(gb|WP_004681144)	28.516	256	163	3	5	252	13	256	4.67e-21	89.4
g3434.t1	VFG048404(gb|WP_008805588)	30.153	262	155	6	3	252	4	249	1.32e-20	88.2
g3434.t1	VFG048408(gb|WP_012068428)	29.457	258	162	4	3	252	4	249	2.93e-20	87.0
g3434.t1	VFG007208(gb|WP_000654285)	26.909	275	158	6	3	252	4	260	1.55e-19	85.5
g3434.t1	VFG049994(gb|WP_001048422)	28.125	256	169	5	5	252	6	254	2.36e-19	84.7
g3434.t1	VFG005765(gb|WP_000861303)	26.613	248	167	5	8	251	2	238	2.84e-19	84.3
g3434.t1	VFG005766(gb|WP_000861302)	26.613	248	167	5	8	251	2	238	2.96e-19	84.3
g3434.t1	VFG038840(gb|WP_005300916)	27.273	253	171	6	3	252	1	243	1.44e-18	82.4
g3434.t1	VFG050143(gb|WP_001972439)	26.820	261	171	4	5	252	6	259	5.01e-18	81.3
g3434.t1	VFG049995(gb|WP_001048437)	26.562	256	178	3	5	252	6	259	2.99e-16	76.3
g3434.t1	VFG049996(gb|WP_001100500)	26.562	256	175	3	5	252	6	256	3.68e-16	75.9
g3434.t1	VFG050000(gb|WP_001100501)	26.562	256	175	3	5	252	6	256	6.55e-16	75.5
g3434.t1	VFG050142(gb|WP_001100506)	26.172	256	176	3	5	252	6	256	2.42e-15	73.9
g3434.t1	VFG049991(gb|WP_001100504)	26.172	256	176	3	5	252	6	256	2.52e-15	73.6
g3434.t1	VFG017825(gb|WP_011989712)	22.780	259	179	6	5	249	2	253	1.73e-14	71.2
g3434.t1	VFG044369(gb|WP_013318793)	25.581	258	172	3	3	252	5	250	2.44e-14	70.9
g3434.t1	VFG012032(gb|WP_002867659)	22.394	259	180	6	5	249	2	253	2.49e-14	70.9
g3434.t1	VFG001922(gb|YP_002344721)	22.394	259	180	6	5	249	2	253	8.25e-14	69.3
g3434.t1	VFG049999(gb|NP_391080)	26.459	257	177	4	5	252	6	259	4.00e-13	67.4
g3434.t1	VFG049997(gb|WP_003185961)	27.626	257	174	4	5	252	1	254	4.12e-12	64.7
g3434.t1	VFG030282(gb|YP_005361637)	28.571	196	128	5	4	193	3	192	7.66e-10	58.2
g3434.t1	VFG030263(gb|WP_012054339)	28.571	196	128	5	4	193	3	192	1.00e-09	57.8
g3434.t1	VFG030269(gb|WP_015303737)	28.571	196	128	5	4	193	3	192	1.01e-09	57.8
g3434.t1	VFG030268(gb|WP_015288451)	28.571	196	128	5	4	193	3	192	1.03e-09	57.8
g3434.t1	VFG030274(gb|WP_015575276)	28.571	196	128	5	4	193	3	192	1.06e-09	57.8
g3434.t1	VFG030258(gb|NP_217601)	28.571	196	128	5	4	193	3	192	1.06e-09	57.8
g3434.t1	VFG030279(gb|YP_007959089)	28.061	196	129	5	4	193	3	192	2.18e-09	57.0
g3434.t1	VFG014123(gb|WP_003150878)	22.745	255	174	6	11	252	8	252	2.45e-09	56.6
g3434.t1	VFG030264(gb|WP_013988971)	28.571	196	128	5	4	193	3	192	3.77e-09	56.2
g3434.t1	VFG030270(gb|WP_015291172)	27.551	196	130	5	4	193	3	192	3.84e-09	56.2
g3434.t1	VFG030266(gb|WP_014001574)	27.551	196	130	5	4	193	3	192	1.36e-08	54.7
g3434.t1	VFG029825(gb|WP_041309443)	31.138	167	103	5	7	166	1192	1353	3.43e-06	48.1
