g694.t1	VFG040879(gb|NP_249378)	100.000	404	0	0	1	404	1	404	0.0	793
g694.t1	VFG040984(gb|WP_011003007)	58.416	404	167	1	1	404	1	403	4.51e-145	417
g694.t1	VFG040921(gb|WP_004196821)	53.580	405	187	1	1	404	1	405	2.02e-140	406
g694.t1	VFG007093(gb|WP_011078942)	43.424	403	228	0	1	403	1	403	3.45e-111	332
g694.t1	VFG038280(gb|WP_011704542)	43.457	405	228	1	1	404	1	405	1.01e-110	330
g694.t1	VFG038281(gb|WP_016349337)	43.457	405	228	1	1	404	1	405	1.53e-110	330
g694.t1	VFG038282(gb|WP_005315860)	43.704	405	227	1	1	404	1	405	1.72e-110	330
g694.t1	VFG000181(gb|NP_251792)	47.549	408	205	2	1	403	1	404	8.27e-109	325
g694.t1	VFG038283(gb|WP_005350050)	42.998	407	227	3	1	404	1	405	2.44e-108	324
g694.t1	VFG007092(gb|WP_005465194)	41.191	403	237	0	1	403	1	403	9.28e-108	323
g694.t1	VFG040913(gb|WP_011094631)	45.567	406	218	1	1	403	1	406	1.57e-107	322
g694.t1	VFG007091(gb|WP_000718700)	43.704	405	225	3	1	403	1	404	1.25e-104	315
g694.t1	VFG040934(gb|WP_001173152)	42.998	407	228	4	1	404	1	406	9.13e-100	302
g694.t1	VFG007095(gb|WP_011262831)	41.337	404	235	2	1	403	1	403	2.48e-99	301
g694.t1	VFG001870(gb|WP_010947093)	38.710	403	242	1	1	403	1	398	2.55e-95	291
g694.t1	VFG010816(gb|WP_011215387)	38.519	405	240	2	1	403	1	398	2.87e-95	290
g694.t1	VFG010815(gb|WP_011213661)	38.710	403	242	1	1	403	1	398	3.72e-95	290
g694.t1	VFG010817(gb|WP_011946390)	38.462	403	243	1	1	403	1	398	1.69e-94	288
g694.t1	VFG040962(gb|WP_012542823)	42.432	403	231	1	1	403	1	402	3.66e-91	280
g694.t1	VFG012900(gb|WP_001173438)	40.049	407	238	3	1	403	1	405	8.67e-90	277
g694.t1	VFG020154(gb|WP_001173432)	40.049	407	238	3	1	403	1	405	2.44e-89	276
g694.t1	VFG040953(gb|WP_001173448)	39.506	405	243	1	1	403	1	405	5.85e-89	275
g694.t1	VFG050787(gb|WP_001112089.1)	40.347	404	237	4	1	403	1	401	7.06e-87	269
g694.t1	VFG050785(gb|WP_001112087.1)	40.347	404	237	4	1	403	1	401	8.21e-87	269
g694.t1	VFG050796(gb|WP_001112084.1)	40.099	404	238	4	1	403	1	401	1.75e-86	268
g694.t1	VFG050793(gb|WP_001112093.1)	40.394	406	234	5	1	403	1	401	8.07e-86	266
g694.t1	VFG045757(gb|WP_003631788)	37.965	403	246	1	1	403	1	399	9.75e-85	263
g694.t1	VFG002049(gb|WP_001173470)	39.098	399	241	1	1	397	1	399	1.52e-84	263
g694.t1	VFG003562(gb|WP_005173824)	40.786	407	234	2	1	403	1	404	1.61e-82	258
g694.t1	VFG050788(gb|YP_001083431.1)	41.317	334	193	3	71	403	2	333	1.90e-73	232
g694.t1	VFG013785(gb|WP_011103349)	30.597	402	270	3	4	403	11	405	3.60e-65	213
g694.t1	VFG042841(gb|WP_011010861)	29.000	400	279	3	1	399	1	396	4.31e-64	210
g694.t1	VFG013792(gb|WP_011335980)	32.506	403	259	3	1	399	8	401	1.49e-63	209
g694.t1	VFG038436(gb|WP_016352169)	31.111	405	267	4	4	404	17	413	2.06e-63	209
g694.t1	VFG038435(gb|WP_011707570)	30.864	405	268	4	4	404	17	413	1.93e-62	206
g694.t1	VFG019729(gb|WP_003107299)	32.338	402	263	4	4	403	11	405	4.87e-62	205
g694.t1	VFG013783(gb|WP_012077296)	31.095	402	268	3	4	403	11	405	9.31e-62	204
g694.t1	VFG013786(gb|WP_011266635)	29.426	401	276	2	4	403	11	405	2.18e-61	203
g694.t1	VFG013791(gb|WP_011063521)	34.913	401	248	6	3	399	10	401	7.22e-61	202
g694.t1	VFG038438(gb|WP_005336136)	31.436	404	265	5	4	403	17	412	1.41e-60	201
g694.t1	VFG013787(gb|WP_011167727)	29.877	405	275	3	1	403	8	405	2.52e-60	200
g694.t1	VFG013793(gb|WP_011920937)	31.172	401	269	2	4	403	11	405	3.43e-60	200
g694.t1	VFG042957(gb|WP_011098309)	31.204	407	268	4	1	403	1	399	4.44e-60	199
g694.t1	VFG046360(gb|WP_003036879)	29.353	402	272	4	1	399	13	405	7.88e-60	199
g694.t1	VFG046371(gb|WP_014549927)	29.104	402	273	4	1	399	13	405	4.67e-59	197
g694.t1	VFG046361(gb|WP_004288007)	29.250	400	271	4	3	399	15	405	8.21e-59	197
g694.t1	VFG013784(gb|WP_016254080)	31.592	402	266	4	4	403	11	405	2.59e-58	195
g694.t1	VFG046376(gb|WP_013923373)	29.471	397	268	4	6	399	18	405	5.17e-58	194
g694.t1	VFG046367(gb|WP_003030634)	28.678	401	276	3	1	399	13	405	1.06e-57	194
g694.t1	VFG042854(gb|WP_003021326)	28.678	401	276	3	1	399	13	405	2.27e-57	193
g694.t1	VFG046362(gb|WP_003015401)	29.104	402	273	4	1	399	13	405	3.97e-57	192
g694.t1	VFG036307(gb|WP_003710974)	30.000	400	267	3	5	403	22	409	5.52e-57	192
g694.t1	VFG019730(gb|WP_043204767)	31.750	400	260	3	4	399	8	398	5.62e-57	191
g694.t1	VFG013794(gb|WP_011912244)	29.177	401	277	2	4	403	11	405	1.95e-56	190
g694.t1	VFG038586(gb|WP_011704369)	28.642	405	287	2	1	404	1	404	2.83e-56	190
g694.t1	VFG040892(gb|WP_011035901)	32.754	403	268	3	1	401	1	402	4.64e-56	189
g694.t1	VFG000235(gb|WP_002216405)	29.500	400	269	3	5	403	22	409	8.96e-56	189
g694.t1	VFG006910(gb|WP_005479682)	29.340	409	265	4	1	399	8	402	1.80e-55	188
g694.t1	VFG010449(gb|WP_011215549)	29.064	406	274	4	3	403	10	406	2.17e-55	187
g694.t1	VFG006973(gb|WP_011261163)	27.764	407	290	3	1	404	1	406	2.56e-55	187
g694.t1	VFG010448(gb|WP_011213805)	29.310	406	273	4	3	403	10	406	3.08e-55	187
g694.t1	VFG001881(gb|WP_010947252)	29.064	406	274	4	3	403	10	406	3.14e-55	187
g694.t1	VFG006911(gb|WP_011079549)	30.831	373	248	3	37	399	31	403	7.66e-55	186
g694.t1	VFG006165(gb|WP_003689811)	29.250	400	270	3	5	403	22	409	7.95e-55	186
g694.t1	VFG010450(gb|WP_011946524)	29.064	406	274	4	3	403	10	406	8.47e-55	186
g694.t1	VFG042933(gb|WP_012031429)	30.617	405	272	4	1	402	8	406	1.34e-54	186
g694.t1	VFG023612(gb|WP_013649356)	30.025	403	280	1	1	403	1	401	1.45e-54	185
g694.t1	VFG006912(gb|WP_011151130)	30.563	373	249	3	37	399	31	403	1.55e-54	185
g694.t1	VFG038587(gb|WP_016349160)	28.889	405	286	2	1	404	1	404	3.03e-54	184
g694.t1	VFG006970(gb|WP_005456304)	28.256	407	287	5	1	404	1	405	4.35e-54	184
g694.t1	VFG006971(gb|WP_011079398)	28.079	406	289	3	1	404	1	405	5.02e-54	184
g694.t1	VFG038588(gb|WP_005348613)	28.395	405	288	2	1	404	1	404	9.36e-53	181
g694.t1	VFG050474(gb|WP_000279215.1)	31.605	405	270	4	1	403	9	408	1.51e-52	180
g694.t1	VFG050470(gb|WP_000279216.1)	31.605	405	270	4	1	403	9	408	1.57e-52	180
g694.t1	VFG006908(gb|WP_000648511)	28.288	403	277	3	1	399	9	403	1.62e-52	180
g694.t1	VFG040986(gb|WP_012337780)	31.343	402	275	1	1	401	1	402	2.01e-52	180
g694.t1	VFG006913(gb|WP_011262624)	28.319	339	242	1	66	403	73	411	2.43e-49	172
g694.t1	VFG006913(gb|WP_011262624)	31.429	140	86	5	62	192	273	411	8.05e-06	47.8
g694.t1	VFG050471(gb|YP_001083394.1)	31.283	374	250	4	32	403	8	376	2.50e-48	168
g694.t1	VFG006968(gb|WP_000190444)	27.318	399	286	3	1	396	1	398	3.30e-48	169
g694.t1	VFG045696(gb|WP_003631624)	26.884	398	285	2	3	399	10	402	3.95e-47	166
g694.t1	VFG042820(gb|WP_003670027)	26.683	401	285	3	1	400	24	416	8.74e-44	157
g694.t1	VFG024854(gb|WP_012327861)	35.693	339	217	1	66	403	65	403	4.93e-43	155
g694.t1	VFG024851(gb|WP_011544513)	35.398	339	218	1	66	403	65	403	8.10e-43	154
g694.t1	VFG024853(gb|WP_006496766)	35.398	339	218	1	66	403	63	401	8.28e-43	154
g694.t1	VFG013789(gb|WP_012051130)	32.506	403	261	4	4	403	8	402	1.06e-40	148
g694.t1	VFG013788(gb|WP_010951891)	34.302	344	225	1	61	403	59	402	3.56e-40	147
g694.t1	VFG046044(gb|WP_000157227)	26.551	403	276	3	2	399	5	392	6.16e-40	146
g694.t1	VFG015612(gb|WP_012272157)	33.134	335	221	3	66	399	59	391	7.84e-40	146
g694.t1	VFG042798(gb|WP_000157271)	26.884	398	281	2	2	399	5	392	1.93e-39	145
g694.t1	VFG046040(gb|WP_000157255)	26.551	403	276	4	2	399	5	392	2.52e-39	145
g694.t1	VFG046033(gb|WP_000157220)	26.303	403	277	3	2	399	5	392	3.53e-39	144
g694.t1	VFG046029(gb|WP_000157287)	26.799	403	275	4	2	399	5	392	3.95e-39	144
g694.t1	VFG046032(gb|WP_000157254)	26.551	403	276	4	2	399	5	392	4.85e-39	144
g694.t1	VFG046011(gb|WP_000157266)	26.799	403	275	4	2	399	5	392	5.43e-39	144
g694.t1	VFG013790(gb|WP_011535702)	33.333	405	255	6	4	403	8	402	5.81e-39	144
g694.t1	VFG046022(gb|WP_000157234)	26.799	403	275	4	2	399	5	392	1.05e-38	143
g694.t1	VFG046030(gb|WP_000157242)	26.055	403	278	3	2	399	5	392	2.10e-38	142
g694.t1	VFG046014(gb|WP_000157289)	26.055	403	278	3	2	399	5	392	3.36e-38	142
g694.t1	VFG046046(gb|WP_000157292)	26.055	403	278	3	2	399	5	392	4.17e-38	141
g694.t1	VFG046012(gb|WP_000157290)	25.806	403	279	3	2	399	5	392	7.94e-38	140
g694.t1	VFG013109(gb|WP_012054946)	24.519	416	284	7	4	404	6	406	8.32e-38	140
g694.t1	VFG015613(gb|WP_012316338)	34.483	348	219	3	61	403	59	402	1.98e-37	139
g694.t1	VFG013106(gb|WP_005694369)	24.279	416	285	7	4	404	6	406	1.81e-36	137
g694.t1	VFG013107(gb|WP_011271971)	24.279	416	285	7	4	404	6	406	2.98e-36	136
g694.t1	VFG013108(gb|WP_005686722)	24.578	415	284	9	4	404	6	405	7.38e-36	135
g694.t1	VFG013111(gb|WP_011608613)	24.128	344	246	4	73	404	66	406	2.52e-33	129
g694.t1	VFG013142(gb|WP_012341581)	23.837	344	247	4	73	404	66	406	3.54e-33	128
g694.t1	VFG024855(gb|WP_004194032)	32.432	333	224	1	72	403	73	405	6.16e-32	125
g694.t1	VFG002427(gb|WP_004549962)	33.033	333	222	1	72	403	73	405	8.58e-32	124
g694.t1	VFG024861(gb|WP_011852232)	33.033	333	222	1	72	403	73	405	9.87e-32	124
g694.t1	VFG024859(gb|WP_004527777)	33.033	333	222	1	72	403	73	405	9.87e-32	124
g694.t1	VFG013110(gb|WP_010945037)	26.765	340	234	7	72	403	65	397	2.62e-28	114
g694.t1	VFG024863(gb|WP_011401967)	30.175	401	270	3	4	403	14	405	9.69e-28	113
g694.t1	VFG042818(gb|WP_005722560)	24.279	416	286	7	1	403	4	403	1.25e-25	107
g694.t1	VFG042961(gb|WP_011848486)	22.701	348	266	3	58	403	51	397	1.43e-23	101
g694.t1	VFG042831(gb|WP_011010635)	19.883	342	247	7	68	398	9	334	1.36e-18	86.3
g694.t1	VFG024903(gb|WP_009896030)	27.848	158	103	4	72	223	24	176	3.78e-06	48.5
g2718.t1	VFG006910(gb|WP_005479682)	25.538	325	240	2	5	327	75	399	5.47e-32	123
g2718.t1	VFG006910(gb|WP_005479682)	33.333	114	75	1	200	312	68	181	2.58e-09	57.8
g2718.t1	VFG006908(gb|WP_000648511)	26.769	325	236	2	5	327	76	400	5.00e-31	120
g2718.t1	VFG006908(gb|WP_000648511)	35.088	114	73	1	200	312	69	182	9.50e-10	59.3
g2718.t1	VFG015612(gb|WP_012272157)	32.219	329	213	6	4	327	65	388	8.91e-31	120
g2718.t1	VFG006911(gb|WP_011079549)	27.744	328	229	3	5	327	76	400	1.10e-30	120
g2718.t1	VFG006911(gb|WP_011079549)	33.071	127	83	2	200	324	69	195	1.73e-07	52.4
g2718.t1	VFG006912(gb|WP_011151130)	27.439	328	230	3	5	327	76	400	3.66e-30	118
g2718.t1	VFG006912(gb|WP_011151130)	33.071	127	83	2	200	324	69	195	2.22e-07	52.0
g2718.t1	VFG013785(gb|WP_011103349)	27.134	328	229	5	4	327	73	394	3.73e-30	118
g2718.t1	VFG013785(gb|WP_011103349)	26.277	137	90	5	193	325	60	189	1.26e-06	49.7
g2718.t1	VFG013783(gb|WP_012077296)	28.614	332	223	3	4	327	73	398	1.03e-28	114
g2718.t1	VFG013783(gb|WP_012077296)	28.070	114	77	3	193	302	60	172	1.32e-06	49.7
g2718.t1	VFG000181(gb|NP_251792)	29.080	337	234	4	1	334	70	404	1.38e-28	114
g2718.t1	VFG013794(gb|WP_011912244)	27.410	332	227	4	4	327	73	398	2.23e-28	113
g2718.t1	VFG013794(gb|WP_011912244)	26.946	167	107	6	168	325	29	189	4.17e-08	54.3
g2718.t1	VFG042933(gb|WP_012031429)	27.381	336	235	4	4	333	74	406	4.79e-28	112
g2718.t1	VFG013787(gb|WP_011167727)	25.915	328	233	4	4	327	73	394	6.06e-28	112
g2718.t1	VFG013787(gb|WP_011167727)	27.007	137	89	5	193	325	60	189	3.39e-07	51.2
g2718.t1	VFG010815(gb|WP_011213661)	28.947	342	220	8	5	334	68	398	3.02e-27	110
g2718.t1	VFG001870(gb|WP_010947093)	28.655	342	221	8	5	334	68	398	5.88e-27	109
g2718.t1	VFG006913(gb|WP_011262624)	24.540	326	242	3	5	327	80	404	6.26e-27	109
g2718.t1	VFG013791(gb|WP_011063521)	28.485	330	224	7	5	327	74	398	6.98e-27	109
g2718.t1	VFG013791(gb|WP_011063521)	32.000	125	78	4	200	320	67	188	9.73e-07	50.1
g2718.t1	VFG010817(gb|WP_011946390)	28.655	342	221	8	5	334	68	398	8.34e-27	108
g2718.t1	VFG040879(gb|NP_249378)	28.743	334	237	1	2	334	70	403	8.85e-27	108
g2718.t1	VFG040892(gb|WP_011035901)	30.060	336	226	7	4	334	73	404	9.31e-27	108
g2718.t1	VFG040892(gb|WP_011035901)	37.069	116	69	4	198	311	65	178	5.16e-07	50.8
g2718.t1	VFG010816(gb|WP_011215387)	28.363	342	222	8	5	334	68	398	1.98e-26	108
g2718.t1	VFG013786(gb|WP_011266635)	24.332	337	245	4	4	334	73	405	2.30e-26	107
g2718.t1	VFG013786(gb|WP_011266635)	27.007	137	89	5	193	325	60	189	4.89e-07	50.8
g2718.t1	VFG042820(gb|WP_003670027)	27.108	332	229	5	1	327	85	408	2.50e-26	108
g2718.t1	VFG040913(gb|WP_011094631)	27.647	340	227	4	5	334	76	406	3.72e-26	107
g2718.t1	VFG013792(gb|WP_011335980)	26.074	326	239	2	4	327	73	398	8.34e-26	106
g2718.t1	VFG013792(gb|WP_011335980)	29.825	114	75	3	193	302	60	172	3.07e-07	51.6
g2718.t1	VFG040934(gb|WP_001173152)	29.254	335	228	3	5	334	75	405	2.66e-25	105
g2718.t1	VFG042957(gb|WP_011098309)	24.545	330	239	5	4	327	67	392	3.35e-25	104
g2718.t1	VFG042957(gb|WP_011098309)	25.373	134	95	2	193	325	54	183	1.60e-06	49.3
g2718.t1	VFG013784(gb|WP_016254080)	26.205	332	231	3	4	327	73	398	5.90e-25	103
g2718.t1	VFG013784(gb|WP_016254080)	28.947	114	76	3	193	302	60	172	7.96e-08	53.5
g2718.t1	VFG019729(gb|WP_003107299)	26.176	340	235	5	4	334	73	405	1.66e-24	102
g2718.t1	VFG019729(gb|WP_003107299)	28.319	113	78	2	193	302	60	172	2.35e-07	52.0
g2718.t1	VFG046011(gb|WP_000157266)	25.826	333	242	3	3	332	64	394	2.76e-24	102
g2718.t1	VFG042841(gb|WP_011010861)	23.708	329	236	7	4	324	69	390	3.78e-24	101
g2718.t1	VFG001881(gb|WP_010947252)	26.444	329	228	7	5	327	75	395	4.93e-24	101
g2718.t1	VFG001881(gb|WP_010947252)	27.273	121	87	1	193	312	61	181	8.12e-08	53.1
g2718.t1	VFG046022(gb|WP_000157234)	25.526	333	243	3	3	332	64	394	5.13e-24	101
g2718.t1	VFG010448(gb|WP_011213805)	26.444	329	228	7	5	327	75	395	7.59e-24	100
g2718.t1	VFG010448(gb|WP_011213805)	27.273	121	87	1	193	312	61	181	8.80e-08	53.1
g2718.t1	VFG010450(gb|WP_011946524)	26.444	329	228	7	5	327	75	395	8.21e-24	100
g2718.t1	VFG010450(gb|WP_011946524)	27.273	121	87	1	193	312	61	181	8.34e-08	53.1
g2718.t1	VFG013108(gb|WP_005686722)	25.588	340	233	4	3	327	63	397	8.97e-24	100
g2718.t1	VFG040962(gb|WP_012542823)	27.410	332	240	1	4	334	71	402	9.15e-24	100
g2718.t1	VFG010449(gb|WP_011215549)	26.140	329	229	7	5	327	75	395	1.12e-23	100
g2718.t1	VFG010449(gb|WP_011215549)	27.273	121	87	1	193	312	61	181	8.56e-08	53.1
g2718.t1	VFG046044(gb|WP_000157227)	25.526	333	243	3	3	332	64	394	1.12e-23	100
g2718.t1	VFG019730(gb|WP_043204767)	26.284	331	230	6	5	327	71	395	1.34e-23	100
g2718.t1	VFG019730(gb|WP_043204767)	29.286	140	90	4	189	325	53	186	2.77e-06	48.5
g2718.t1	VFG046030(gb|WP_000157242)	25.225	333	244	3	3	332	64	394	1.52e-23	100
g2718.t1	VFG046033(gb|WP_000157220)	25.225	333	244	3	3	332	64	394	1.68e-23	99.8
g2718.t1	VFG050471(gb|YP_001083394.1)	26.606	327	232	5	4	327	44	365	1.79e-23	99.4
g2718.t1	VFG046040(gb|WP_000157255)	25.225	333	244	3	3	332	64	394	1.80e-23	99.8
g2718.t1	VFG046032(gb|WP_000157254)	25.225	333	244	3	3	332	64	394	1.82e-23	99.8
g2718.t1	VFG046014(gb|WP_000157289)	25.225	333	244	3	3	332	64	394	1.98e-23	99.8
g2718.t1	VFG046046(gb|WP_000157292)	25.225	333	244	3	3	332	64	394	2.06e-23	99.8
g2718.t1	VFG040986(gb|WP_012337780)	26.205	332	244	1	4	334	73	404	2.51e-23	99.4
g2718.t1	VFG040986(gb|WP_012337780)	34.400	125	78	4	203	324	70	193	6.27e-06	47.4
g2718.t1	VFG050470(gb|WP_000279216.1)	26.606	327	232	5	4	327	76	397	2.76e-23	99.4
g2718.t1	VFG046029(gb|WP_000157287)	25.225	333	244	3	3	332	64	394	3.11e-23	99.0
g2718.t1	VFG050474(gb|WP_000279215.1)	26.606	327	232	5	4	327	76	397	3.66e-23	99.0
g2718.t1	VFG046012(gb|WP_000157290)	24.925	333	245	3	3	332	64	394	4.69e-23	98.6
g2718.t1	VFG036307(gb|WP_003710974)	25.633	316	211	6	4	306	77	381	6.49e-23	98.2
g2718.t1	VFG007092(gb|WP_005465194)	25.223	337	241	7	4	334	72	403	6.52e-23	98.2
g2718.t1	VFG000235(gb|WP_002216405)	24.595	309	223	4	4	306	77	381	2.05e-22	97.1
g2718.t1	VFG006165(gb|WP_003689811)	24.595	309	223	4	4	306	77	381	2.71e-22	96.7
g2718.t1	VFG042818(gb|WP_005722560)	27.300	337	223	8	13	334	74	403	2.76e-22	96.3
g2718.t1	VFG007095(gb|WP_011262831)	24.779	339	238	7	5	334	73	403	3.31e-22	96.3
g2718.t1	VFG003562(gb|WP_005173824)	28.165	316	217	5	23	334	95	404	3.83e-22	95.9
g2718.t1	VFG042798(gb|WP_000157271)	24.324	333	247	3	3	332	64	394	4.20e-22	95.9
g2718.t1	VFG013106(gb|WP_005694369)	25.519	337	238	4	3	327	63	398	5.75e-22	95.5
g2718.t1	VFG038438(gb|WP_005336136)	24.332	337	245	4	4	334	80	412	6.83e-22	95.5
g2718.t1	VFG038436(gb|WP_016352169)	23.423	333	239	4	4	327	80	405	1.02e-21	94.7
g2718.t1	VFG045696(gb|WP_003631624)	25.163	306	225	4	5	307	75	379	2.68e-21	93.6
g2718.t1	VFG038435(gb|WP_011707570)	23.123	333	240	3	4	327	80	405	2.77e-21	93.6
g2718.t1	VFG013107(gb|WP_011271971)	25.806	341	232	4	3	327	63	398	2.86e-21	93.6
g2718.t1	VFG050788(gb|YP_001083431.1)	26.347	334	238	5	5	334	4	333	5.29e-21	92.0
g2718.t1	VFG046376(gb|WP_013923373)	24.047	341	242	8	4	334	76	409	5.37e-21	92.8
g2718.t1	VFG013793(gb|WP_011920937)	26.433	314	213	7	4	307	73	378	6.15e-21	92.4
g2718.t1	VFG013793(gb|WP_011920937)	26.549	113	78	3	193	301	60	171	4.31e-06	48.1
g2718.t1	VFG050785(gb|WP_001112087.1)	26.647	334	237	6	5	334	72	401	7.73e-21	92.4
g2718.t1	VFG013109(gb|WP_012054946)	25.513	341	233	4	3	327	63	398	1.16e-20	91.7
g2718.t1	VFG006973(gb|WP_011261163)	23.077	338	247	4	4	334	74	405	1.20e-20	91.7
g2718.t1	VFG050787(gb|WP_001112089.1)	26.347	334	238	5	5	334	72	401	1.75e-20	91.3
g2718.t1	VFG045757(gb|WP_003631788)	26.765	340	230	4	5	334	69	399	2.34e-20	90.9
g2718.t1	VFG013142(gb|WP_012341581)	23.184	358	229	10	5	334	66	405	3.08e-20	90.5
g2718.t1	VFG013111(gb|WP_011608613)	22.905	358	230	10	5	334	66	405	3.99e-20	90.1
g2718.t1	VFG046361(gb|WP_004288007)	23.754	341	243	8	4	334	76	409	4.31e-20	90.1
g2718.t1	VFG050796(gb|WP_001112084.1)	26.347	334	238	5	5	334	72	401	4.36e-20	90.1
g2718.t1	VFG046360(gb|WP_003036879)	23.529	340	245	6	4	334	76	409	4.71e-20	90.1
g2718.t1	VFG046371(gb|WP_014549927)	23.529	340	245	6	4	334	76	409	5.18e-20	90.1
g2718.t1	VFG038280(gb|WP_011704542)	24.478	335	252	1	1	334	70	404	5.43e-20	89.7
g2718.t1	VFG038281(gb|WP_016349337)	24.179	335	253	1	1	334	70	404	6.15e-20	89.7
g2718.t1	VFG050793(gb|WP_001112093.1)	26.347	334	238	5	5	334	72	401	8.30e-20	89.4
g2718.t1	VFG040921(gb|WP_004196821)	28.024	339	229	7	4	334	73	404	8.78e-20	89.4
g2718.t1	VFG038282(gb|WP_005315860)	26.331	338	234	4	5	334	74	404	1.48e-19	88.6
g2718.t1	VFG006968(gb|WP_000190444)	23.193	332	240	8	4	327	74	398	1.62e-19	88.6
g2718.t1	VFG040984(gb|WP_011003007)	28.571	343	228	7	1	334	68	402	1.66e-19	88.6
g2718.t1	VFG007093(gb|WP_011078942)	23.214	336	249	3	4	334	72	403	2.11e-19	88.2
g2718.t1	VFG007091(gb|WP_000718700)	24.405	336	245	4	4	334	73	404	2.43e-19	87.8
g2718.t1	VFG046362(gb|WP_003015401)	23.235	340	246	6	4	334	76	409	3.15e-19	87.8
g2718.t1	VFG006971(gb|WP_011079398)	24.927	341	237	5	4	334	73	404	3.43e-19	87.4
g2718.t1	VFG042854(gb|WP_003021326)	22.941	340	247	6	4	334	76	409	3.74e-19	87.4
g2718.t1	VFG046367(gb|WP_003030634)	22.941	340	247	6	4	334	76	409	4.07e-19	87.4
g2718.t1	VFG024855(gb|WP_004194032)	27.976	336	234	4	4	334	73	405	5.48e-19	87.0
g2718.t1	VFG006970(gb|WP_005456304)	22.985	335	251	6	4	334	73	404	1.38e-18	85.9
g2718.t1	VFG038283(gb|WP_005350050)	25.526	333	243	3	5	334	74	404	2.03e-18	85.5
g2718.t1	VFG013789(gb|WP_012051130)	29.808	312	201	6	5	306	71	374	3.49e-18	84.7
g2718.t1	VFG013789(gb|WP_012051130)	36.111	108	66	2	198	302	62	169	1.49e-07	52.4
g2718.t1	VFG024863(gb|WP_011401967)	27.928	333	238	2	4	334	73	405	1.20e-17	83.2
g2718.t1	VFG013790(gb|WP_011535702)	30.164	305	209	4	5	306	71	374	3.67e-17	81.6
g2718.t1	VFG013790(gb|WP_011535702)	33.945	109	71	1	204	311	68	176	7.73e-06	47.4
g2718.t1	VFG002427(gb|WP_004549962)	27.976	336	234	4	4	334	73	405	3.98e-17	81.6
g2718.t1	VFG024861(gb|WP_011852232)	27.976	336	234	4	4	334	73	405	5.23e-17	81.3
g2718.t1	VFG024859(gb|WP_004527777)	27.976	336	234	4	4	334	73	405	5.23e-17	81.3
g2718.t1	VFG013788(gb|WP_010951891)	29.260	311	204	5	5	306	71	374	2.84e-16	79.0
g2718.t1	VFG013788(gb|WP_010951891)	36.111	108	66	2	198	302	62	169	1.39e-07	52.8
g2718.t1	VFG012900(gb|WP_001173438)	25.970	335	239	4	5	334	75	405	5.74e-16	78.2
g2718.t1	VFG040953(gb|WP_001173448)	25.672	335	240	4	5	334	75	405	1.71e-15	76.6
g2718.t1	VFG020154(gb|WP_001173432)	28.571	273	186	4	67	334	137	405	3.49e-15	75.9
g2718.t1	VFG013110(gb|WP_010945037)	23.145	337	237	6	3	327	64	390	3.96e-15	75.5
g2718.t1	VFG038588(gb|WP_005348613)	25.723	311	206	7	12	309	80	378	7.94e-15	74.7
g2718.t1	VFG024851(gb|WP_011544513)	26.301	346	227	4	4	334	71	403	9.98e-15	74.3
g2718.t1	VFG002049(gb|WP_001173470)	27.019	322	225	5	5	320	75	392	1.13e-14	74.3
g2718.t1	VFG024854(gb|WP_012327861)	27.221	349	218	6	5	334	72	403	1.36e-14	73.9
g2718.t1	VFG038587(gb|WP_016349160)	25.079	315	217	6	5	309	73	378	4.43e-14	72.4
g2718.t1	VFG038586(gb|WP_011704369)	25.649	308	210	6	12	309	80	378	5.79e-14	72.0
g2718.t1	VFG024853(gb|WP_006496766)	26.879	346	225	4	4	334	69	401	1.04e-13	71.2
g2718.t1	VFG023612(gb|WP_013649356)	19.706	340	256	4	5	335	71	402	1.68e-12	67.8
g2718.t1	VFG015613(gb|WP_012316338)	28.710	310	209	5	4	306	70	374	6.54e-12	65.9
g2718.t1	VFG015613(gb|WP_012316338)	38.835	103	61	2	198	299	62	163	4.00e-07	51.2
g2718.t1	VFG042961(gb|WP_011848486)	25.664	339	226	11	3	327	64	390	1.56e-11	64.7
g2718.t1	VFG042831(gb|WP_011010635)	17.197	314	248	4	6	315	15	320	1.60e-10	61.2
g2718.t1	VFG042903(gb|WP_012908546)	22.430	321	189	9	7	288	17	316	6.38e-06	47.4
g2718.t1	VFG006875(gb|WP_011263684)	21.809	188	142	5	70	256	88	271	7.74e-06	47.0
g3163.t1	VFG000181(gb|NP_251792)	100.000	405	0	0	1	405	1	405	0.0	795
g3163.t1	VFG007091(gb|WP_000718700)	48.395	405	209	0	1	405	1	405	2.08e-138	401
g3163.t1	VFG007095(gb|WP_011262831)	48.642	405	207	1	1	405	1	404	3.22e-136	395
g3163.t1	VFG038281(gb|WP_016349337)	50.123	405	202	0	1	405	1	405	1.44e-135	394
g3163.t1	VFG038283(gb|WP_005350050)	50.370	405	201	0	1	405	1	405	2.76e-135	393
g3163.t1	VFG038280(gb|WP_011704542)	50.123	405	202	0	1	405	1	405	3.70e-135	392
g3163.t1	VFG007092(gb|WP_005465194)	46.420	405	216	1	1	405	1	404	1.50e-133	389
g3163.t1	VFG038282(gb|WP_005315860)	49.630	405	204	0	1	405	1	405	9.06e-133	387
g3163.t1	VFG040913(gb|WP_011094631)	51.351	407	196	1	1	405	1	407	1.46e-132	386
g3163.t1	VFG007093(gb|WP_011078942)	46.683	407	212	2	1	405	1	404	6.29e-132	384
g3163.t1	VFG040934(gb|WP_001173152)	50.369	407	199	3	1	405	1	406	2.84e-125	367
g3163.t1	VFG050785(gb|WP_001112087.1)	48.395	405	204	4	1	404	1	401	5.23e-124	364
g3163.t1	VFG050787(gb|WP_001112089.1)	48.020	404	207	2	1	404	1	401	1.15e-123	363
g3163.t1	VFG050796(gb|WP_001112084.1)	47.772	404	208	2	1	404	1	401	4.13e-123	362
g3163.t1	VFG050793(gb|WP_001112093.1)	47.525	404	209	2	1	404	1	401	1.81e-122	360
g3163.t1	VFG040962(gb|WP_012542823)	48.148	405	208	1	1	405	1	403	1.35e-119	353
g3163.t1	VFG010816(gb|WP_011215387)	44.581	406	217	2	1	405	1	399	1.91e-119	352
g3163.t1	VFG040921(gb|WP_004196821)	46.040	404	218	0	1	404	1	404	8.36e-119	351
g3163.t1	VFG010815(gb|WP_011213661)	44.335	406	218	2	1	405	1	399	1.64e-118	350
g3163.t1	VFG001870(gb|WP_010947093)	44.335	406	218	2	1	405	1	399	2.08e-118	350
g3163.t1	VFG010817(gb|WP_011946390)	44.335	406	218	2	1	405	1	399	3.12e-118	349
g3163.t1	VFG040953(gb|WP_001173448)	46.455	409	212	2	1	405	1	406	3.32e-116	344
g3163.t1	VFG012900(gb|WP_001173438)	46.210	409	213	2	1	405	1	406	9.13e-116	343
g3163.t1	VFG020154(gb|WP_001173432)	46.210	409	213	2	1	405	1	406	3.36e-115	342
g3163.t1	VFG040984(gb|WP_011003007)	48.276	406	204	3	1	404	1	402	1.50e-112	335
g3163.t1	VFG002049(gb|WP_001173470)	46.020	402	210	2	1	398	1	399	6.73e-111	330
g3163.t1	VFG045757(gb|WP_003631788)	43.812	404	222	2	1	404	1	399	1.69e-109	327
g3163.t1	VFG040879(gb|NP_249378)	47.030	404	213	1	1	404	1	403	1.98e-102	309
g3163.t1	VFG050788(gb|YP_001083431.1)	48.204	334	172	1	71	404	1	333	1.05e-98	297
g3163.t1	VFG003562(gb|WP_005173824)	44.853	408	219	2	1	405	1	405	1.13e-98	300
g3163.t1	VFG023612(gb|WP_013649356)	38.049	410	239	4	1	404	1	401	1.08e-82	258
g3163.t1	VFG042841(gb|WP_011010861)	30.123	405	279	1	1	405	1	401	4.14e-75	239
g3163.t1	VFG042957(gb|WP_011098309)	33.496	409	259	4	1	405	1	400	1.51e-69	224
g3163.t1	VFG013786(gb|WP_011266635)	31.863	408	258	6	4	404	11	405	1.36e-67	219
g3163.t1	VFG013792(gb|WP_011335980)	32.346	405	266	3	1	404	8	405	2.61e-66	216
g3163.t1	VFG013785(gb|WP_011103349)	30.941	404	267	4	4	404	11	405	3.33e-66	216
g3163.t1	VFG013794(gb|WP_011912244)	31.188	404	270	3	2	404	9	405	2.72e-65	213
g3163.t1	VFG013787(gb|WP_011167727)	31.144	411	263	6	1	404	8	405	1.45e-64	211
g3163.t1	VFG013791(gb|WP_011063521)	34.097	393	251	3	10	401	17	402	7.11e-62	204
g3163.t1	VFG013783(gb|WP_012077296)	31.220	410	262	4	2	404	9	405	5.11e-60	199
g3163.t1	VFG036307(gb|WP_003710974)	30.633	395	263	2	12	405	26	410	2.81e-59	198
g3163.t1	VFG013793(gb|WP_011920937)	31.773	406	265	4	2	404	9	405	3.27e-59	197
g3163.t1	VFG006973(gb|WP_011261163)	28.431	408	285	2	1	404	1	405	3.34e-59	197
g3163.t1	VFG000235(gb|WP_002216405)	30.711	394	262	2	12	404	26	409	5.89e-59	197
g3163.t1	VFG038438(gb|WP_005336136)	28.993	407	276	5	3	405	16	413	1.15e-58	196
g3163.t1	VFG006165(gb|WP_003689811)	30.711	394	262	2	12	404	26	409	1.42e-58	196
g3163.t1	VFG046361(gb|WP_004288007)	27.525	396	276	3	12	405	24	410	1.61e-58	196
g3163.t1	VFG006971(gb|WP_011079398)	29.383	405	276	7	1	400	1	400	2.13e-58	195
g3163.t1	VFG042854(gb|WP_003021326)	27.861	402	279	3	1	400	13	405	3.90e-58	195
g3163.t1	VFG046367(gb|WP_003030634)	27.861	402	279	3	1	400	13	405	4.43e-58	195
g3163.t1	VFG046360(gb|WP_003036879)	27.861	402	279	3	1	400	13	405	8.26e-58	194
g3163.t1	VFG019730(gb|WP_043204767)	32.500	400	260	4	4	401	8	399	2.72e-57	192
g3163.t1	VFG046371(gb|WP_014549927)	27.612	402	280	3	1	400	13	405	5.25e-57	192
g3163.t1	VFG046376(gb|WP_013923373)	27.027	407	286	3	1	405	13	410	6.30e-57	192
g3163.t1	VFG038436(gb|WP_016352169)	28.571	406	277	5	3	404	16	412	1.12e-56	191
g3163.t1	VFG013784(gb|WP_016254080)	30.788	406	269	3	2	404	9	405	1.23e-56	191
g3163.t1	VFG019729(gb|WP_003107299)	30.941	404	271	3	2	404	9	405	1.73e-56	190
g3163.t1	VFG038435(gb|WP_011707570)	28.325	406	278	5	3	404	16	412	2.73e-56	190
g3163.t1	VFG046362(gb|WP_003015401)	27.612	402	280	3	1	400	13	405	3.90e-56	189
g3163.t1	VFG010449(gb|WP_011215549)	30.713	407	265	5	4	404	11	406	1.12e-55	188
g3163.t1	VFG001881(gb|WP_010947252)	30.467	407	266	5	4	404	11	406	1.66e-55	188
g3163.t1	VFG010448(gb|WP_011213805)	30.713	407	265	5	4	404	11	406	2.03e-55	187
g3163.t1	VFG010450(gb|WP_011946524)	30.467	407	266	5	4	404	11	406	3.66e-55	187
g3163.t1	VFG042933(gb|WP_012031429)	29.630	405	277	3	1	403	8	406	7.36e-55	186
g3163.t1	VFG006970(gb|WP_005456304)	27.047	403	282	6	1	397	1	397	5.86e-54	184
g3163.t1	VFG045696(gb|WP_003631624)	31.287	342	234	1	60	400	61	402	8.82e-54	183
g3163.t1	VFG050470(gb|WP_000279216.1)	28.642	405	283	2	1	404	9	408	2.21e-53	182
g3163.t1	VFG050474(gb|WP_000279215.1)	28.642	405	283	2	1	404	9	408	3.41e-53	182
g3163.t1	VFG040892(gb|WP_011035901)	33.173	416	256	7	1	405	1	405	1.92e-52	180
g3163.t1	VFG006908(gb|WP_000648511)	28.465	404	280	4	4	405	12	408	4.69e-51	176
g3163.t1	VFG006968(gb|WP_000190444)	26.382	398	292	1	1	397	1	398	8.16e-51	176
g3163.t1	VFG006910(gb|WP_005479682)	26.303	403	290	2	4	405	11	407	1.72e-50	175
g3163.t1	VFG006911(gb|WP_011079549)	26.551	403	289	2	4	405	12	408	1.79e-50	174
g3163.t1	VFG050471(gb|YP_001083394.1)	29.683	347	243	1	59	404	30	376	2.50e-50	173
g3163.t1	VFG050471(gb|YP_001083394.1)	32.353	102	68	1	261	361	29	130	1.31e-07	53.1
g3163.t1	VFG006913(gb|WP_011262624)	26.044	407	292	4	1	405	13	412	4.44e-50	174
g3163.t1	VFG038588(gb|WP_005348613)	27.475	404	292	1	1	404	1	403	4.59e-50	174
g3163.t1	VFG006912(gb|WP_011151130)	26.303	403	290	2	4	405	12	408	4.70e-50	174
g3163.t1	VFG038586(gb|WP_011704369)	26.485	404	296	1	1	404	1	403	6.98e-50	173
g3163.t1	VFG038587(gb|WP_016349160)	26.733	404	295	1	1	404	1	403	2.32e-48	169
g3163.t1	VFG042820(gb|WP_003670027)	26.866	402	284	3	1	401	24	416	1.51e-47	167
g3163.t1	VFG040986(gb|WP_012337780)	31.034	406	278	2	1	405	1	405	3.53e-47	166
g3163.t1	VFG024851(gb|WP_011544513)	33.038	339	226	1	67	404	65	403	3.52e-44	158
g3163.t1	VFG015612(gb|WP_012272157)	31.525	387	246	6	20	400	18	391	5.22e-44	157
g3163.t1	VFG013790(gb|WP_011535702)	33.086	405	257	6	4	404	8	402	1.01e-43	156
g3163.t1	VFG024854(gb|WP_012327861)	32.743	339	227	1	67	404	65	403	2.91e-43	155
g3163.t1	VFG024853(gb|WP_006496766)	32.743	339	227	1	67	404	63	401	4.47e-42	152
g3163.t1	VFG013142(gb|WP_012341581)	25.296	423	276	9	1	404	4	405	1.77e-39	145
g3163.t1	VFG013111(gb|WP_011608613)	25.296	423	276	9	1	404	4	405	1.97e-39	145
g3163.t1	VFG013789(gb|WP_012051130)	31.268	339	232	1	67	404	64	402	1.57e-38	142
g3163.t1	VFG042798(gb|WP_000157271)	25.693	397	284	2	4	400	7	392	7.94e-38	140
g3163.t1	VFG046033(gb|WP_000157220)	26.434	401	276	5	4	400	7	392	1.67e-37	140
g3163.t1	VFG013788(gb|WP_010951891)	31.268	339	232	1	67	404	64	402	1.70e-37	140
g3163.t1	VFG046029(gb|WP_000157287)	25.441	397	285	2	4	400	7	392	3.49e-37	139
g3163.t1	VFG046040(gb|WP_000157255)	26.185	401	277	5	4	400	7	392	5.93e-37	138
g3163.t1	VFG046022(gb|WP_000157234)	25.441	397	285	2	4	400	7	392	1.22e-36	137
g3163.t1	VFG024855(gb|WP_004194032)	31.231	333	228	1	73	404	73	405	1.78e-36	137
g3163.t1	VFG046044(gb|WP_000157227)	25.441	397	285	2	4	400	7	392	1.92e-36	137
g3163.t1	VFG046011(gb|WP_000157266)	25.441	397	285	2	4	400	7	392	2.00e-36	137
g3163.t1	VFG015613(gb|WP_012316338)	29.851	402	274	3	4	404	8	402	2.78e-36	136
g3163.t1	VFG046030(gb|WP_000157242)	25.935	401	278	5	4	400	7	392	4.28e-36	136
g3163.t1	VFG046014(gb|WP_000157289)	25.935	401	278	5	4	400	7	392	4.89e-36	136
g3163.t1	VFG046032(gb|WP_000157254)	25.935	401	278	5	4	400	7	392	4.99e-36	135
g3163.t1	VFG046012(gb|WP_000157290)	25.686	401	279	5	4	400	7	392	1.24e-35	135
g3163.t1	VFG046046(gb|WP_000157292)	25.686	401	279	5	4	400	7	392	1.35e-35	134
g3163.t1	VFG002427(gb|WP_004549962)	31.532	333	227	1	73	404	73	405	5.22e-35	133
g3163.t1	VFG024861(gb|WP_011852232)	31.832	333	226	1	73	404	73	405	7.75e-35	132
g3163.t1	VFG024859(gb|WP_004527777)	31.832	333	226	1	73	404	73	405	7.75e-35	132
g3163.t1	VFG013108(gb|WP_005686722)	24.331	411	289	6	4	404	6	404	1.55e-33	129
g3163.t1	VFG013106(gb|WP_005694369)	24.272	412	289	6	4	404	6	405	2.77e-32	125
g3163.t1	VFG013109(gb|WP_012054946)	22.573	412	296	5	4	404	6	405	7.59e-31	122
g3163.t1	VFG024863(gb|WP_011401967)	30.631	333	230	1	73	404	73	405	2.65e-30	120
g3163.t1	VFG013110(gb|WP_010945037)	21.588	403	302	4	4	404	7	397	1.11e-29	118
g3163.t1	VFG013107(gb|WP_011271971)	23.058	412	294	5	4	404	6	405	1.47e-29	118
g3163.t1	VFG042961(gb|WP_011848486)	25.429	350	256	4	59	405	51	398	1.71e-28	115
g3163.t1	VFG042818(gb|WP_005722560)	25.369	339	228	8	82	404	74	403	6.75e-23	99.4
g3163.t1	VFG042831(gb|WP_011010635)	20.359	334	249	3	69	396	9	331	1.03e-17	83.6
g3163.t1	VFG000755(gb|WP_000660204)	22.159	352	237	13	55	390	6	336	8.31e-07	50.4
g4612.t1	VFG013783(gb|WP_012077296)	86.327	373	51	0	1	373	33	405	0.0	649
g4612.t1	VFG013784(gb|WP_016254080)	86.059	373	52	0	1	373	33	405	0.0	644
g4612.t1	VFG019729(gb|WP_003107299)	84.409	372	58	0	2	373	34	405	0.0	632
g4612.t1	VFG013794(gb|WP_011912244)	79.032	372	78	0	2	373	34	405	0.0	620
g4612.t1	VFG013785(gb|WP_011103349)	74.731	372	94	0	2	373	34	405	0.0	597
g4612.t1	VFG013786(gb|WP_011266635)	76.139	373	87	2	2	373	34	405	0.0	593
g4612.t1	VFG013787(gb|WP_011167727)	75.603	373	89	2	2	373	34	405	0.0	590
g4612.t1	VFG013793(gb|WP_011920937)	79.839	372	75	0	2	373	34	405	0.0	577
g4612.t1	VFG013792(gb|WP_011335980)	75.000	372	93	0	2	373	34	405	0.0	569
g4612.t1	VFG013791(gb|WP_011063521)	61.126	373	143	2	2	373	34	405	2.54e-168	476
g4612.t1	VFG050471(gb|YP_001083394.1)	62.032	374	140	1	2	373	3	376	1.02e-165	468
g4612.t1	VFG050470(gb|WP_000279216.1)	62.032	374	140	1	2	373	35	408	3.62e-165	468
g4612.t1	VFG050474(gb|WP_000279215.1)	62.032	374	140	1	2	373	35	408	4.13e-165	468
g4612.t1	VFG019730(gb|WP_043204767)	59.730	370	149	0	2	371	31	400	6.30e-162	459
g4612.t1	VFG038436(gb|WP_016352169)	55.645	372	164	1	3	373	41	412	1.22e-157	449
g4612.t1	VFG042957(gb|WP_011098309)	56.614	378	155	3	2	374	27	400	1.70e-156	445
g4612.t1	VFG038435(gb|WP_011707570)	54.839	372	167	1	3	373	41	412	5.52e-156	444
g4612.t1	VFG038438(gb|WP_005336136)	55.348	374	164	3	3	374	41	413	3.50e-155	442
g4612.t1	VFG010448(gb|WP_011213805)	56.300	373	162	1	2	373	34	406	4.32e-147	422
g4612.t1	VFG010450(gb|WP_011946524)	56.300	373	162	1	2	373	34	406	9.80e-147	421
g4612.t1	VFG001881(gb|WP_010947252)	56.300	373	162	1	2	373	34	406	2.20e-146	420
g4612.t1	VFG010449(gb|WP_011215549)	56.032	373	163	1	2	373	34	406	3.55e-146	419
g4612.t1	VFG045696(gb|WP_003631624)	55.764	373	164	1	2	373	34	406	6.21e-138	399
g4612.t1	VFG036307(gb|WP_003710974)	46.900	371	194	1	4	374	43	410	2.24e-123	362
g4612.t1	VFG000235(gb|WP_002216405)	46.900	371	194	1	4	374	43	410	4.25e-123	361
g4612.t1	VFG006165(gb|WP_003689811)	46.631	371	195	1	4	374	43	410	1.05e-122	360
g4612.t1	VFG042933(gb|WP_012031429)	44.297	377	202	5	1	372	33	406	7.51e-115	340
g4612.t1	VFG006908(gb|WP_000648511)	44.236	373	207	1	3	374	36	408	7.76e-114	337
g4612.t1	VFG006910(gb|WP_005479682)	44.092	347	194	0	28	374	61	407	2.28e-113	336
g4612.t1	VFG006911(gb|WP_011079549)	42.627	373	213	1	3	374	36	408	1.93e-112	333
g4612.t1	VFG006912(gb|WP_011151130)	42.091	373	215	1	3	374	36	408	2.00e-111	331
g4612.t1	VFG006913(gb|WP_011262624)	41.555	373	217	1	3	374	40	412	7.02e-111	330
g4612.t1	VFG013789(gb|WP_012051130)	45.430	372	201	2	3	373	32	402	2.56e-104	313
g4612.t1	VFG013788(gb|WP_010951891)	45.013	371	204	0	3	373	32	402	2.99e-102	307
g4612.t1	VFG015613(gb|WP_012316338)	43.127	371	211	0	3	373	32	402	3.19e-98	297
g4612.t1	VFG046361(gb|WP_004288007)	41.509	371	212	4	6	374	43	410	4.49e-95	289
g4612.t1	VFG046367(gb|WP_003030634)	41.192	369	214	2	6	373	43	409	1.82e-94	288
g4612.t1	VFG042854(gb|WP_003021326)	40.921	369	215	2	6	373	43	409	5.65e-94	286
g4612.t1	VFG046362(gb|WP_003015401)	40.921	369	215	2	6	373	43	409	6.65e-94	286
g4612.t1	VFG046371(gb|WP_014549927)	40.921	369	215	2	6	373	43	409	9.00e-94	286
g4612.t1	VFG046360(gb|WP_003036879)	40.921	369	215	2	6	373	43	409	9.20e-94	286
g4612.t1	VFG046376(gb|WP_013923373)	40.541	370	217	2	6	374	43	410	1.66e-93	285
g4612.t1	VFG013790(gb|WP_011535702)	42.627	373	210	2	3	373	32	402	3.25e-92	281
g4612.t1	VFG024854(gb|WP_012327861)	38.938	339	207	0	35	373	65	403	6.00e-84	260
g4612.t1	VFG024851(gb|WP_011544513)	39.528	339	205	0	35	373	65	403	1.13e-81	254
g4612.t1	VFG024853(gb|WP_006496766)	39.528	339	205	0	35	373	63	401	7.74e-81	252
g4612.t1	VFG002427(gb|WP_004549962)	36.757	370	231	1	4	373	39	405	5.30e-79	248
g4612.t1	VFG024861(gb|WP_011852232)	36.757	370	231	1	4	373	39	405	7.89e-79	247
g4612.t1	VFG024859(gb|WP_004527777)	36.757	370	231	1	4	373	39	405	7.89e-79	247
g4612.t1	VFG024855(gb|WP_004194032)	36.486	370	232	1	4	373	39	405	1.31e-77	244
g4612.t1	VFG042820(gb|WP_003670027)	36.043	369	232	4	2	369	50	415	1.24e-76	242
g4612.t1	VFG024863(gb|WP_011401967)	37.297	370	229	1	4	373	39	405	5.81e-76	240
g4612.t1	VFG040892(gb|WP_011035901)	33.071	381	243	5	3	374	28	405	3.61e-68	220
g4612.t1	VFG040921(gb|WP_004196821)	32.891	377	245	2	4	373	29	404	1.22e-65	213
g4612.t1	VFG006971(gb|WP_011079398)	32.164	342	230	2	33	373	64	404	1.62e-65	213
g4612.t1	VFG006971(gb|WP_011079398)	26.277	137	100	1	28	164	263	398	3.64e-07	51.6
g4612.t1	VFG007092(gb|WP_005465194)	31.034	377	253	2	3	373	28	403	2.50e-65	213
g4612.t1	VFG042841(gb|WP_011010861)	32.853	347	230	2	29	374	57	401	3.27e-65	212
g4612.t1	VFG007091(gb|WP_000718700)	29.921	381	253	3	3	373	28	404	3.65e-65	212
g4612.t1	VFG006973(gb|WP_011261163)	30.702	342	235	2	33	373	65	405	9.61e-65	211
g4612.t1	VFG006973(gb|WP_011261163)	26.277	137	100	1	28	164	264	399	2.32e-07	52.4
g4612.t1	VFG040986(gb|WP_012337780)	33.333	336	223	1	39	374	71	405	2.09e-64	210
g4612.t1	VFG007095(gb|WP_011262831)	32.190	379	249	2	3	374	27	404	7.80e-64	209
g4612.t1	VFG038283(gb|WP_005350050)	31.579	380	248	4	3	373	28	404	9.53e-64	208
g4612.t1	VFG006970(gb|WP_005456304)	31.016	374	250	3	7	373	32	404	9.89e-64	208
g4612.t1	VFG010815(gb|WP_011213661)	34.501	371	237	4	7	374	32	399	1.37e-63	208
g4612.t1	VFG007093(gb|WP_011078942)	31.398	379	249	3	3	373	28	403	1.55e-63	208
g4612.t1	VFG038282(gb|WP_005315860)	31.746	378	250	2	3	373	28	404	3.50e-63	207
g4612.t1	VFG010817(gb|WP_011946390)	34.232	371	238	4	7	374	32	399	4.88e-63	206
g4612.t1	VFG010816(gb|WP_011215387)	33.693	371	240	4	7	374	32	399	1.31e-62	205
g4612.t1	VFG038280(gb|WP_011704542)	31.746	378	250	2	3	373	28	404	1.94e-62	205
g4612.t1	VFG038281(gb|WP_016349337)	31.746	378	250	2	3	373	28	404	2.31e-62	205
g4612.t1	VFG001870(gb|WP_010947093)	33.962	371	239	4	7	374	32	399	3.15e-62	204
g4612.t1	VFG040962(gb|WP_012542823)	31.868	364	238	3	13	373	46	402	3.01e-61	202
g4612.t1	VFG006968(gb|WP_000190444)	30.655	336	231	2	33	367	65	399	4.65e-61	201
g4612.t1	VFG006968(gb|WP_000190444)	26.277	137	100	1	28	164	264	399	1.53e-08	55.8
g4612.t1	VFG000181(gb|NP_251792)	32.283	381	246	5	3	374	28	405	1.59e-60	200
g4612.t1	VFG040953(gb|WP_001173448)	33.235	340	226	1	35	374	68	406	2.11e-59	197
g4612.t1	VFG040879(gb|NP_249378)	31.565	377	245	4	6	373	31	403	2.73e-59	197
g4612.t1	VFG038588(gb|WP_005348613)	31.781	365	243	5	12	373	42	403	4.02e-59	196
g4612.t1	VFG040984(gb|WP_011003007)	32.979	376	244	4	4	373	29	402	5.65e-59	196
g4612.t1	VFG040913(gb|WP_011094631)	31.579	380	244	4	7	374	32	407	1.43e-58	195
g4612.t1	VFG012900(gb|WP_001173438)	31.686	344	226	2	35	374	68	406	3.44e-58	194
g4612.t1	VFG020154(gb|WP_001173432)	31.686	344	226	2	35	374	68	406	7.08e-58	193
g4612.t1	VFG015612(gb|WP_012272157)	29.508	366	253	4	10	373	33	395	1.33e-57	192
g4612.t1	VFG040934(gb|WP_001173152)	31.034	377	247	5	7	373	32	405	4.29e-57	191
g4612.t1	VFG038587(gb|WP_016349160)	30.145	345	240	1	29	373	60	403	5.70e-57	191
g4612.t1	VFG038586(gb|WP_011704369)	30.145	345	240	1	29	373	60	403	7.83e-57	190
g4612.t1	VFG045757(gb|WP_003631788)	31.707	369	249	2	7	373	32	399	2.31e-53	181
g4612.t1	VFG002049(gb|WP_001173470)	31.832	333	226	1	35	367	68	399	2.51e-53	181
g4612.t1	VFG013108(gb|WP_005686722)	30.618	356	235	4	28	373	51	404	2.46e-52	179
g4612.t1	VFG050785(gb|WP_001112087.1)	30.110	362	251	2	12	373	42	401	4.91e-51	175
g4612.t1	VFG050787(gb|WP_001112089.1)	30.220	364	248	4	12	373	42	401	5.88e-51	175
g4612.t1	VFG013106(gb|WP_005694369)	29.319	382	253	4	4	373	29	405	6.58e-51	175
g4612.t1	VFG013109(gb|WP_012054946)	28.796	382	255	4	4	373	29	405	1.01e-50	174
g4612.t1	VFG050796(gb|WP_001112084.1)	30.495	364	247	4	12	373	42	401	1.36e-50	174
g4612.t1	VFG013107(gb|WP_011271971)	30.056	356	238	2	28	373	51	405	2.56e-50	173
g4612.t1	VFG013111(gb|WP_011608613)	26.842	380	262	5	4	373	32	405	2.64e-50	173
g4612.t1	VFG013142(gb|WP_012341581)	26.842	380	262	5	4	373	32	405	3.65e-50	173
g4612.t1	VFG050793(gb|WP_001112093.1)	30.220	364	248	4	12	373	42	401	4.57e-50	172
g4612.t1	VFG042961(gb|WP_011848486)	31.250	336	227	4	41	374	65	398	6.74e-50	172
g4612.t1	VFG050788(gb|YP_001083431.1)	30.357	336	228	4	40	373	2	333	5.05e-48	165
g4612.t1	VFG050788(gb|YP_001083431.1)	25.000	100	74	1	28	127	192	290	1.37e-06	49.7
g4612.t1	VFG013110(gb|WP_010945037)	29.191	346	243	2	29	373	53	397	6.74e-48	167
g4612.t1	VFG046011(gb|WP_000157266)	27.642	369	258	4	7	373	35	396	1.03e-45	161
g4612.t1	VFG046022(gb|WP_000157234)	27.371	369	259	4	7	373	35	396	3.95e-45	159
g4612.t1	VFG046044(gb|WP_000157227)	27.371	369	259	4	7	373	35	396	7.86e-45	159
g4612.t1	VFG042798(gb|WP_000157271)	26.630	368	263	3	7	373	35	396	9.28e-45	158
g4612.t1	VFG003562(gb|WP_005173824)	29.630	378	258	4	4	374	29	405	1.12e-44	158
g4612.t1	VFG046033(gb|WP_000157220)	27.642	369	258	4	7	373	35	396	1.79e-44	157
g4612.t1	VFG046014(gb|WP_000157289)	27.371	369	259	4	7	373	35	396	7.94e-44	156
g4612.t1	VFG046030(gb|WP_000157242)	27.371	369	259	4	7	373	35	396	8.72e-44	156
g4612.t1	VFG046040(gb|WP_000157255)	27.371	369	259	4	7	373	35	396	1.20e-43	155
g4612.t1	VFG046029(gb|WP_000157287)	26.829	369	261	4	7	373	35	396	1.27e-43	155
g4612.t1	VFG046046(gb|WP_000157292)	27.371	369	259	4	7	373	35	396	1.58e-43	155
g4612.t1	VFG046012(gb|WP_000157290)	27.100	369	260	4	7	373	35	396	2.22e-43	155
g4612.t1	VFG046032(gb|WP_000157254)	27.371	369	259	4	7	373	35	396	3.30e-43	154
g4612.t1	VFG042818(gb|WP_005722560)	27.628	333	229	5	50	373	74	403	7.17e-40	145
g4612.t1	VFG023612(gb|WP_013649356)	29.204	339	239	1	35	373	64	401	1.16e-39	145
g4612.t1	VFG042831(gb|WP_011010635)	19.701	335	247	4	42	368	14	334	4.06e-16	78.6
g4612.t1	VFG042831(gb|WP_011010635)	25.191	131	87	4	236	363	4	126	7.46e-06	47.4
g4612.t1	VFG042903(gb|WP_012908546)	23.009	339	225	10	44	369	17	332	1.53e-09	58.5
g4612.t1	VFG042781(gb|BAB62905)	22.090	335	237	12	44	371	17	334	7.21e-09	56.6
g4612.t1	VFG042767(gb|ABU50048)	22.353	340	226	14	46	371	1	316	2.78e-08	54.7
g4612.t1	VFG000755(gb|WP_000660204)	21.767	317	211	14	61	363	47	340	3.40e-08	54.7
g4612.t1	VFG000099(gb|WP_000691946)	24.138	290	200	11	43	325	16	292	3.97e-08	54.3
g4612.t1	VFG006875(gb|WP_011263684)	22.093	344	239	13	41	374	21	345	1.67e-07	52.4
g138.t1	VFG046029(gb|WP_000157287)	67.500	400	130	0	1	400	1	400	0.0	543
g138.t1	VFG046011(gb|WP_000157266)	67.750	400	129	0	1	400	1	400	0.0	541
g138.t1	VFG046044(gb|WP_000157227)	67.500	400	130	0	1	400	1	400	0.0	541
g138.t1	VFG046022(gb|WP_000157234)	67.500	400	130	0	1	400	1	400	0.0	540
g138.t1	VFG042798(gb|WP_000157271)	66.500	400	134	0	1	400	1	400	0.0	538
g138.t1	VFG046046(gb|WP_000157292)	67.500	400	130	0	1	400	1	400	0.0	536
g138.t1	VFG046014(gb|WP_000157289)	67.250	400	131	0	1	400	1	400	0.0	535
g138.t1	VFG046030(gb|WP_000157242)	67.250	400	131	0	1	400	1	400	0.0	535
g138.t1	VFG046012(gb|WP_000157290)	67.000	400	132	0	1	400	1	400	0.0	534
g138.t1	VFG046033(gb|WP_000157220)	67.500	400	130	0	1	400	1	400	0.0	533
g138.t1	VFG046032(gb|WP_000157254)	67.000	400	132	0	1	400	1	400	0.0	531
g138.t1	VFG046040(gb|WP_000157255)	67.000	400	132	0	1	400	1	400	0.0	530
g138.t1	VFG013785(gb|WP_011103349)	29.723	397	272	3	6	396	10	405	9.92e-65	212
g138.t1	VFG006910(gb|WP_005479682)	31.750	400	264	4	7	400	11	407	2.20e-64	211
g138.t1	VFG006908(gb|WP_000648511)	30.424	401	268	5	7	400	12	408	2.68e-64	211
g138.t1	VFG038438(gb|WP_005336136)	29.825	399	268	4	7	396	17	412	7.96e-63	207
g138.t1	VFG038435(gb|WP_011707570)	29.825	399	268	4	7	396	17	412	1.22e-62	206
g138.t1	VFG006911(gb|WP_011079549)	31.343	402	263	6	7	400	12	408	1.23e-62	206
g138.t1	VFG013786(gb|WP_011266635)	29.219	397	274	3	6	396	10	405	3.34e-62	205
g138.t1	VFG006912(gb|WP_011151130)	31.095	402	264	6	7	400	12	408	5.39e-62	205
g138.t1	VFG038436(gb|WP_016352169)	29.825	399	268	4	7	396	17	412	9.16e-62	204
g138.t1	VFG013791(gb|WP_011063521)	31.605	405	268	3	1	396	1	405	4.60e-61	202
g138.t1	VFG010448(gb|WP_011213805)	30.479	397	268	5	7	396	11	406	6.15e-61	202
g138.t1	VFG010450(gb|WP_011946524)	29.723	397	271	4	7	396	11	406	2.11e-60	201
g138.t1	VFG010449(gb|WP_011215549)	30.227	397	269	5	7	396	11	406	4.72e-60	199
g138.t1	VFG001881(gb|WP_010947252)	29.723	397	271	4	7	396	11	406	5.95e-60	199
g138.t1	VFG013787(gb|WP_011167727)	29.323	399	273	5	5	396	9	405	1.39e-59	198
g138.t1	VFG006913(gb|WP_011262624)	30.612	392	266	2	7	392	16	407	5.53e-58	194
g138.t1	VFG013792(gb|WP_011335980)	27.654	405	284	3	1	396	1	405	5.43e-56	189
g138.t1	VFG013794(gb|WP_011912244)	26.566	399	276	5	6	393	10	402	1.43e-54	185
g138.t1	VFG046376(gb|WP_013923373)	28.535	396	275	4	7	396	16	409	1.93e-54	185
g138.t1	VFG013783(gb|WP_012077296)	26.582	395	281	4	6	393	10	402	2.40e-54	184
g138.t1	VFG019730(gb|WP_043204767)	28.030	396	280	3	6	396	7	402	3.37e-54	184
g138.t1	VFG013784(gb|WP_016254080)	26.700	397	278	4	6	393	10	402	7.89e-54	183
g138.t1	VFG046361(gb|WP_004288007)	28.392	398	273	5	7	396	16	409	8.24e-54	183
g138.t1	VFG045696(gb|WP_003631624)	29.899	398	269	5	7	396	11	406	8.60e-54	183
g138.t1	VFG046360(gb|WP_003036879)	28.500	400	270	5	7	396	16	409	9.23e-54	183
g138.t1	VFG046371(gb|WP_014549927)	28.250	400	271	5	7	396	16	409	6.26e-53	181
g138.t1	VFG050470(gb|WP_000279216.1)	28.392	398	270	5	7	393	12	405	1.06e-52	180
g138.t1	VFG050474(gb|WP_000279215.1)	28.392	398	270	5	7	393	12	405	1.45e-52	180
g138.t1	VFG019729(gb|WP_003107299)	25.570	395	287	3	6	394	10	403	1.60e-52	180
g138.t1	VFG042854(gb|WP_003021326)	28.250	400	271	5	7	396	16	409	4.15e-52	179
g138.t1	VFG046367(gb|WP_003030634)	28.250	400	271	5	7	396	16	409	5.18e-52	179
g138.t1	VFG046362(gb|WP_003015401)	30.612	343	224	4	62	396	73	409	1.99e-51	177
g138.t1	VFG042957(gb|WP_011098309)	26.410	390	281	2	9	392	6	395	4.62e-51	176
g138.t1	VFG050471(gb|YP_001083394.1)	28.261	368	257	3	33	393	6	373	9.22e-51	174
g138.t1	VFG040984(gb|WP_011003007)	28.283	396	275	1	7	393	4	399	4.77e-50	173
g138.t1	VFG000235(gb|WP_002216405)	30.055	366	252	3	35	397	46	410	2.34e-49	172
g138.t1	VFG006165(gb|WP_003689811)	29.781	366	253	3	35	397	46	410	2.10e-48	169
g138.t1	VFG036307(gb|WP_003710974)	29.752	363	251	3	35	394	46	407	2.51e-48	169
g138.t1	VFG000181(gb|NP_251792)	26.884	398	278	2	7	392	4	400	1.03e-46	164
g138.t1	VFG042933(gb|WP_012031429)	25.693	397	288	3	5	394	9	405	1.54e-46	164
g138.t1	VFG013793(gb|WP_011920937)	24.936	393	288	4	7	393	11	402	1.45e-45	161
g138.t1	VFG042820(gb|WP_003670027)	32.036	334	217	5	64	392	87	415	4.38e-45	160
g138.t1	VFG040921(gb|WP_004196821)	28.000	400	275	2	7	394	4	402	8.38e-45	159
g138.t1	VFG006970(gb|WP_005456304)	26.980	404	282	5	7	398	4	406	4.94e-44	157
g138.t1	VFG007091(gb|WP_000718700)	24.814	403	290	3	7	397	4	405	2.21e-42	153
g138.t1	VFG024855(gb|WP_004194032)	28.680	394	279	2	3	394	10	403	3.11e-42	152
g138.t1	VFG013790(gb|WP_011535702)	32.080	399	258	6	5	394	6	400	5.68e-42	152
g138.t1	VFG007092(gb|WP_005465194)	23.821	403	295	3	7	398	4	405	6.08e-42	152
g138.t1	VFG038283(gb|WP_005350050)	25.369	406	284	4	7	397	4	405	1.20e-41	151
g138.t1	VFG013789(gb|WP_012051130)	31.234	397	262	4	6	394	7	400	5.61e-41	149
g138.t1	VFG006971(gb|WP_011079398)	27.697	343	230	5	65	398	73	406	8.26e-41	149
g138.t1	VFG006968(gb|WP_000190444)	26.347	334	246	0	65	398	74	407	8.50e-41	149
g138.t1	VFG007093(gb|WP_011078942)	23.020	404	297	2	7	398	4	405	2.20e-40	147
g138.t1	VFG006973(gb|WP_011261163)	25.366	410	284	6	6	398	3	407	3.62e-40	147
g138.t1	VFG015613(gb|WP_012316338)	31.000	400	261	4	5	394	6	400	5.30e-40	146
g138.t1	VFG040879(gb|NP_249378)	25.377	398	287	1	5	392	2	399	7.11e-40	146
g138.t1	VFG002427(gb|WP_004549962)	28.426	394	280	2	3	394	10	403	1.75e-39	145
g138.t1	VFG024861(gb|WP_011852232)	28.426	394	280	2	3	394	10	403	1.77e-39	145
g138.t1	VFG024859(gb|WP_004527777)	28.426	394	280	2	3	394	10	403	1.77e-39	145
g138.t1	VFG038586(gb|WP_011704369)	25.000	404	285	4	9	398	6	405	8.15e-39	143
g138.t1	VFG015612(gb|WP_012272157)	30.504	377	232	7	36	396	33	395	2.52e-38	142
g138.t1	VFG007095(gb|WP_011262831)	24.181	397	280	2	14	394	10	401	2.74e-38	142
g138.t1	VFG038282(gb|WP_005315860)	25.616	406	283	4	7	397	4	405	3.28e-38	142
g138.t1	VFG013788(gb|WP_010951891)	32.578	353	228	3	49	394	51	400	1.36e-37	140
g138.t1	VFG038280(gb|WP_011704542)	24.631	406	287	4	7	397	4	405	1.62e-37	140
g138.t1	VFG038281(gb|WP_016349337)	24.384	406	288	4	7	397	4	405	7.86e-37	138
g138.t1	VFG013108(gb|WP_005686722)	25.245	408	286	4	3	396	2	404	1.01e-36	137
g138.t1	VFG038588(gb|WP_005348613)	24.752	404	286	4	9	398	6	405	1.12e-36	137
g138.t1	VFG010817(gb|WP_011946390)	25.253	396	281	5	7	392	4	394	1.16e-36	137
g138.t1	VFG038587(gb|WP_016349160)	25.000	404	285	4	9	398	6	405	1.48e-36	137
g138.t1	VFG001870(gb|WP_010947093)	24.557	395	285	4	7	392	4	394	1.70e-36	137
g138.t1	VFG042841(gb|WP_011010861)	21.159	397	306	1	7	396	4	400	1.73e-36	137
g138.t1	VFG010815(gb|WP_011213661)	24.557	395	285	4	7	392	4	394	3.30e-36	136
g138.t1	VFG024863(gb|WP_011401967)	29.156	391	273	3	7	394	14	403	5.23e-36	135
g138.t1	VFG040934(gb|WP_001173152)	27.696	408	275	6	6	397	3	406	7.05e-36	135
g138.t1	VFG010816(gb|WP_011215387)	24.557	395	285	4	7	392	4	394	7.61e-36	135
g138.t1	VFG040986(gb|WP_012337780)	25.062	403	291	2	6	397	3	405	7.94e-36	135
g138.t1	VFG040892(gb|WP_011035901)	24.938	405	289	5	6	397	3	405	1.33e-35	134
g138.t1	VFG013142(gb|WP_012341581)	25.000	356	242	4	56	394	56	403	2.57e-35	134
g138.t1	VFG013111(gb|WP_011608613)	25.000	356	242	4	56	394	56	403	4.06e-35	133
g138.t1	VFG024854(gb|WP_012327861)	30.120	332	229	2	65	394	71	401	3.54e-34	130
g138.t1	VFG040953(gb|WP_001173448)	25.428	409	286	5	6	399	3	407	5.67e-34	130
g138.t1	VFG013106(gb|WP_005694369)	25.307	407	288	7	3	396	2	405	7.86e-34	130
g138.t1	VFG013107(gb|WP_011271971)	25.307	407	288	7	3	396	2	405	1.58e-33	129
g138.t1	VFG013109(gb|WP_012054946)	24.816	407	290	7	3	396	2	405	4.78e-33	127
g138.t1	VFG012900(gb|WP_001173438)	25.672	409	285	5	6	399	3	407	5.20e-33	127
g138.t1	VFG042818(gb|WP_005722560)	27.139	409	273	6	1	393	1	400	7.39e-33	127
g138.t1	VFG002049(gb|WP_001173470)	25.250	400	281	4	6	390	3	399	9.48e-33	127
g138.t1	VFG024851(gb|WP_011544513)	29.305	331	233	1	65	394	71	401	9.50e-33	127
g138.t1	VFG040913(gb|WP_011094631)	28.406	345	229	5	63	398	73	408	2.59e-32	125
g138.t1	VFG020154(gb|WP_001173432)	25.428	409	286	5	6	399	3	407	3.73e-32	125
g138.t1	VFG024853(gb|WP_006496766)	29.607	331	232	1	65	394	69	399	6.28e-32	124
g138.t1	VFG013110(gb|WP_010945037)	26.979	341	244	4	56	393	56	394	1.15e-31	124
g138.t1	VFG045757(gb|WP_003631788)	26.263	396	278	4	7	392	4	395	6.84e-31	122
g138.t1	VFG023612(gb|WP_013649356)	23.367	398	295	3	6	394	3	399	2.94e-30	120
g138.t1	VFG003562(gb|WP_005173824)	26.634	413	268	8	7	396	4	404	3.25e-30	120
g138.t1	VFG040962(gb|WP_012542823)	24.876	402	291	4	6	397	3	403	4.64e-29	116
g138.t1	VFG050788(gb|YP_001083431.1)	26.844	339	229	6	65	394	3	331	1.55e-28	114
g138.t1	VFG050785(gb|WP_001112087.1)	24.384	406	279	8	7	394	4	399	2.42e-28	114
g138.t1	VFG050787(gb|WP_001112089.1)	24.631	406	278	8	7	394	4	399	3.01e-28	114
g138.t1	VFG050796(gb|WP_001112084.1)	24.631	406	278	8	7	394	4	399	7.77e-28	113
g138.t1	VFG050793(gb|WP_001112093.1)	24.631	406	278	8	7	394	4	399	1.45e-27	112
g138.t1	VFG042961(gb|WP_011848486)	25.377	398	286	5	7	398	7	399	6.62e-22	96.3
g138.t1	VFG042831(gb|WP_011010635)	20.528	341	257	4	55	391	4	334	8.35e-20	89.7
