g698.t1	VFG015510(gb|WP_012074248)	38.642	427	198	9	31	450	13	382	1.01e-81	258
g698.t1	VFG015511(gb|WP_011666542)	37.412	425	206	8	31	450	13	382	3.05e-79	251
g698.t1	VFG015509(gb|NP_252901)	36.557	424	211	7	31	450	13	382	8.09e-79	250
g698.t1	VFG015532(gb|WP_011666699)	36.557	424	211	7	31	450	13	382	8.26e-79	250
g2150.t1	VFG015510(gb|WP_012074248)	39.573	422	198	9	34	450	13	382	1.91e-83	262
g2150.t1	VFG015532(gb|WP_011666699)	38.242	421	205	8	34	450	13	382	3.70e-81	256
g2150.t1	VFG015509(gb|NP_252901)	38.242	421	205	8	34	450	13	382	3.86e-81	256
g2150.t1	VFG015511(gb|WP_011666542)	39.100	422	200	9	34	450	13	382	3.95e-81	256
g2901.t1	VFG015510(gb|WP_012074248)	39.618	419	200	5	17	433	15	382	3.04e-88	274
g2901.t1	VFG015509(gb|NP_252901)	38.369	417	208	5	17	433	15	382	1.06e-85	268
g2901.t1	VFG015532(gb|WP_011666699)	37.995	429	215	6	17	443	15	394	1.41e-85	267
g2901.t1	VFG015511(gb|WP_011666542)	38.369	417	208	5	17	433	15	382	3.30e-85	266
