g4776.t1	VFG036535(gb|WP_013449337)	47.231	307	158	2	32	334	24	330	2.52e-99	296
g4776.t1	VFG013564(gb|WP_011961812)	46.226	318	164	3	21	334	17	331	1.75e-96	289
g4776.t1	VFG013563(gb|WP_005667903)	46.226	318	164	3	21	334	17	331	1.83e-96	288
g4776.t1	VFG001205(gb|WP_002214250)	45.928	307	162	2	32	334	24	330	1.51e-95	286
g4776.t1	VFG006248(gb|WP_002229166)	45.603	307	163	2	32	334	24	330	2.71e-95	286
g4776.t1	VFG006251(gb|WP_003687545)	45.603	307	163	2	32	334	24	330	2.99e-95	285
g4776.t1	VFG006250(gb|WP_002247997)	45.277	307	164	2	32	334	24	330	1.58e-94	284
g4776.t1	VFG013190(gb|WP_011608936)	25.362	276	183	7	46	306	40	307	1.95e-18	84.7
g5317.t1	VFG013190(gb|WP_011608936)	37.952	332	198	4	7	332	8	337	1.12e-77	241
g5317.t1	VFG006251(gb|WP_003687545)	24.051	316	222	7	24	330	23	329	2.14e-27	109
g5317.t1	VFG006250(gb|WP_002247997)	23.734	316	223	7	24	330	23	329	2.81e-27	109
g5317.t1	VFG001205(gb|WP_002214250)	23.734	316	223	7	24	330	23	329	2.03e-26	106
g5317.t1	VFG006248(gb|WP_002229166)	23.418	316	224	7	24	330	23	329	2.80e-26	106
g5317.t1	VFG013564(gb|WP_011961812)	23.197	319	221	8	24	330	24	330	8.79e-24	99.8
g5317.t1	VFG036535(gb|WP_013449337)	22.930	314	228	7	24	330	23	329	9.01e-24	99.4
g5317.t1	VFG013563(gb|WP_005667903)	23.197	319	221	8	24	330	24	330	9.71e-24	99.4
