g156.t1	VFG037467(gb|WP_001105559)	26.126	222	151	6	7	222	1	215	5.79e-12	65.1
g156.t1	VFG037478(gb|WP_001105560)	26.027	219	155	5	7	222	1	215	7.61e-12	64.7
g156.t1	VFG037476(gb|WP_001105546)	26.577	222	150	6	7	222	1	215	1.57e-11	63.5
g156.t1	VFG037470(gb|WP_001105554)	26.126	222	151	6	7	222	1	215	3.39e-11	62.8
g156.t1	VFG037474(gb|WP_001105562)	26.126	222	151	6	7	222	1	215	6.17e-11	62.0
g156.t1	VFG037468(gb|WP_001105542)	25.676	222	152	6	7	222	1	215	1.11e-10	61.2
g156.t1	VFG037471(gb|YP_001083951)	27.041	196	130	6	33	222	5	193	1.59e-09	57.8
g1517.t1	VFG037478(gb|WP_001105560)	27.972	143	103	0	19	161	9	151	4.01e-10	59.7
g1517.t1	VFG037467(gb|WP_001105559)	27.972	143	103	0	19	161	9	151	5.30e-10	59.3
g1517.t1	VFG037476(gb|WP_001105546)	27.273	143	104	0	19	161	9	151	1.40e-09	57.8
g1517.t1	VFG037468(gb|WP_001105542)	27.273	143	104	0	19	161	9	151	1.40e-09	57.8
g1517.t1	VFG037470(gb|WP_001105554)	27.273	143	104	0	19	161	9	151	1.51e-09	57.8
g1517.t1	VFG037474(gb|WP_001105562)	26.573	143	105	0	19	161	9	151	7.06e-09	55.8
g1517.t1	VFG037471(gb|YP_001083951)	27.778	126	91	0	36	161	4	129	1.39e-07	51.6
g1517.t1	VFG006042(gb|WP_001222601)	31.507	73	50	0	11	83	1	73	1.08e-06	49.3
g1517.t1	VFG049114(gb|WP_012737527)	28.261	184	125	2	16	195	7	187	2.00e-06	48.5
