g1094.t1	VFG001237(gb|NP_249770)	100.000	237	0	0	1	237	1	237	2.51e-171	471
g1094.t1	VFG014176(gb|WP_003111390)	99.578	237	1	0	1	237	1	237	1.42e-170	469
g1094.t1	VFG014175(gb|WP_003149706)	98.206	223	4	0	15	237	5	227	1.29e-158	438
g1094.t1	VFG014185(gb|WP_012019041)	71.770	209	57	1	29	237	15	221	2.26e-105	303
g1094.t1	VFG015648(gb|WP_012273529)	58.794	199	82	0	38	236	34	232	3.06e-78	235
g1094.t1	VFG014186(gb|WP_011912562)	55.556	198	88	0	40	237	29	226	1.05e-76	231
g1094.t1	VFG014183(gb|WP_011062741)	57.561	205	86	1	33	236	37	241	4.20e-75	227
g1094.t1	VFG014180(gb|WP_003254468)	57.789	199	84	0	38	236	34	232	1.16e-74	226
g1094.t1	VFG014184(gb|WP_011335508)	55.122	205	91	1	33	236	37	241	1.40e-72	221
g1094.t1	VFG014178(gb|WP_003404333)	48.729	236	113	2	1	236	1	228	2.56e-71	217
g1094.t1	VFG014177(gb|WP_007244383)	55.838	197	86	1	40	236	33	228	2.71e-71	217
g1094.t1	VFG015649(gb|WP_012315560)	48.963	241	111	4	1	236	1	234	3.04e-71	217
g1094.t1	VFG014179(gb|WP_002554315)	52.792	197	92	1	40	236	32	227	1.15e-69	213
g1094.t1	VFG014181(gb|WP_012051597)	47.917	240	114	3	1	236	1	233	2.96e-68	209
g1094.t1	VFG014182(gb|WP_011534932)	52.284	197	93	1	40	236	38	233	1.50e-67	207
g1094.t1	VFG019796(gb|WP_015885455)	53.333	210	96	2	29	236	31	240	1.32e-61	193
g1094.t1	VFG001993(gb|WP_010946950)	43.498	223	124	1	13	235	3	223	3.83e-57	181
g1094.t1	VFG007351(gb|WP_005420404)	40.654	214	122	3	27	237	24	235	1.20e-47	157
g1094.t1	VFG007348(gb|WP_005462292)	41.463	205	115	3	36	237	32	234	5.73e-44	147
g1094.t1	VFG007346(gb|WP_000929365)	38.424	203	124	1	36	237	32	234	5.68e-42	142
g1094.t1	VFG007349(gb|WP_011078339)	40.488	205	117	3	36	237	32	234	1.83e-41	141
g1094.t1	VFG038802(gb|WP_005350659)	37.445	227	136	3	13	236	5	228	1.98e-36	128
g1094.t1	VFG043185(gb|AAZ99747)	32.456	228	140	4	2	229	8	221	1.40e-33	120
g1094.t1	VFG038799(gb|WP_011706642)	35.500	200	126	2	40	236	29	228	2.63e-32	117
g1094.t1	VFG038800(gb|WP_016351322)	35.000	200	127	2	40	236	29	228	3.73e-32	117
g1094.t1	VFG002349(gb|WP_005168797)	38.384	198	116	2	42	235	32	227	4.68e-32	116
g1094.t1	VFG043024(gb|NP_460147)	37.811	201	111	4	45	235	36	232	8.60e-32	116
g1094.t1	VFG023676(gb|WP_005160457)	38.384	198	116	2	42	235	32	227	1.06e-31	115
g1094.t1	VFG002678(gb|WP_002211112)	39.109	202	109	4	42	235	29	224	4.98e-31	114
g1094.t1	VFG018866(gb|WP_012229538)	39.109	202	109	4	42	235	29	224	5.14e-31	114
g1094.t1	VFG003436(gb|WP_011192164)	39.109	202	109	4	42	235	32	227	6.69e-31	114
g1094.t1	VFG038801(gb|WP_005320209)	35.821	201	125	3	40	236	28	228	1.08e-30	113
g1094.t1	VFG025641(gb|WP_009893445)	35.808	229	144	3	8	235	34	260	1.66e-30	114
g1094.t1	VFG017333(gb|WP_012105283)	38.614	202	110	4	42	235	32	227	2.37e-30	112
g1094.t1	VFG002510(gb|WP_011204781)	37.436	195	120	2	42	235	72	265	3.84e-30	113
g1094.t1	VFG025638(gb|WP_004525900)	37.436	195	120	2	42	235	69	262	4.65e-30	112
g1094.t1	VFG043076(gb|WP_000020482)	37.255	204	114	4	42	235	32	231	5.95e-30	111
g1094.t1	VFG025637(gb|WP_004535718)	37.436	195	120	2	42	235	69	262	6.17e-30	112
g1094.t1	VFG025632(gb|WP_006477561)	40.845	142	84	0	45	186	43	184	3.63e-29	109
g1094.t1	VFG025633(gb|WP_004197253)	38.994	159	96	1	42	199	69	227	5.17e-29	110
g1094.t1	VFG025629(gb|WP_011546416)	36.458	192	120	2	45	235	43	233	6.63e-29	108
g1094.t1	VFG025631(gb|WP_006485702)	40.845	142	84	0	45	186	43	184	1.94e-28	107
g1094.t1	VFG011283(gb|WP_003811889)	35.025	197	106	3	42	223	28	217	2.34e-27	104
g1094.t1	VFG011282(gb|WP_004567196)	34.737	190	116	2	42	223	28	217	5.38e-27	103
g1094.t1	VFG011281(gb|WP_010930324)	34.737	190	116	3	42	223	28	217	1.59e-26	102
g1094.t1	VFG011284(gb|WP_012417359)	35.057	174	103	4	16	182	4	174	2.18e-26	102
g1094.t1	VFG043229(gb|WP_002211433)	29.075	227	146	6	10	236	6	217	7.24e-22	89.7
g1094.t1	VFG011833(gb|WP_011731674)	29.319	191	130	1	1	186	1	191	2.17e-20	86.7
g1094.t1	VFG043129(gb|WP_005463939)	28.079	203	137	6	35	236	32	226	7.76e-16	73.9
g1094.t1	VFG043300(gb|WP_011860703)	33.333	159	90	7	4	146	18	176	6.67e-14	68.2
g1094.t1	VFG016759(gb|WP_005767721)	52.727	55	26	0	39	93	30	84	2.25e-12	63.5
g1094.t1	VFG006649(gb|WP_011578127)	27.119	236	114	9	40	224	28	256	5.66e-12	63.9
g1094.t1	VFG019624(gb|WP_000963246)	26.271	236	116	10	40	224	28	256	6.02e-11	61.2
g1094.t1	VFG006647(gb|WP_000963306)	26.695	236	115	9	40	224	28	256	6.66e-11	60.8
g1094.t1	VFG006648(gb|WP_000963291)	26.271	236	116	10	40	224	28	256	6.76e-11	60.8
g1094.t1	VFG019623(gb|WP_000963258)	26.695	236	115	9	40	224	28	256	7.59e-11	60.8
g1094.t1	VFG019625(gb|WP_000963219)	26.695	236	115	10	40	224	28	256	9.13e-11	60.5
g1094.t1	VFG006646(gb|WP_000963272)	26.271	236	116	10	40	224	28	256	2.01e-10	59.7
g1094.t1	VFG017777(gb|WP_041176494)	27.044	159	103	6	37	182	45	203	2.37e-09	56.2
g1094.t1	VFG006650(gb|WP_011115027)	24.299	214	114	7	32	199	20	231	3.45e-09	55.8
g1094.t1	VFG043260(gb|NP_464223)	33.784	74	49	0	37	110	23	96	6.99e-09	52.8
g1094.t1	VFG018025(gb|WP_002866625)	26.752	157	103	5	38	182	44	200	2.05e-08	53.5
g1094.t1	VFG001890(gb|YP_002343513)	26.752	157	103	5	38	182	44	200	2.05e-08	53.5
g1094.t1	VFG043423(gb|WP_001143467)	31.183	93	60	2	7	97	18	108	2.39e-07	49.7
g1095.t1	VFG043024(gb|NP_460147)	100.000	232	0	0	1	232	1	232	5.37e-166	457
g1095.t1	VFG043076(gb|WP_000020482)	82.759	232	39	1	1	232	1	231	6.79e-128	360
g1095.t1	VFG003436(gb|WP_011192164)	72.277	202	53	2	31	232	30	228	1.93e-98	286
g1095.t1	VFG002349(gb|WP_005168797)	71.287	202	55	2	31	232	30	228	7.15e-98	284
g1095.t1	VFG017333(gb|WP_012105283)	71.782	202	54	2	31	232	30	228	7.47e-98	284
g1095.t1	VFG002678(gb|WP_002211112)	71.782	202	54	2	31	232	27	225	7.87e-98	284
g1095.t1	VFG018866(gb|WP_012229538)	71.287	202	55	2	31	232	27	225	4.24e-97	282
g1095.t1	VFG023676(gb|WP_005160457)	70.792	202	56	2	31	232	30	228	1.60e-96	281
g1095.t1	VFG011283(gb|WP_003811889)	48.095	210	106	2	26	232	19	228	8.98e-61	190
g1095.t1	VFG011281(gb|WP_010930324)	47.619	210	107	2	26	232	19	228	1.36e-59	187
g1095.t1	VFG011282(gb|WP_004567196)	47.619	210	107	2	26	232	19	228	2.05e-59	187
g1095.t1	VFG011284(gb|WP_012417359)	45.540	213	114	2	22	232	16	228	1.05e-54	174
g1095.t1	VFG025641(gb|WP_009893445)	40.838	191	105	2	23	212	57	240	5.36e-38	133
g1095.t1	VFG025638(gb|WP_004525900)	40.838	191	105	2	23	212	59	242	5.93e-38	133
g1095.t1	VFG025637(gb|WP_004535718)	40.838	191	105	2	23	212	59	242	7.26e-38	133
g1095.t1	VFG002510(gb|WP_011204781)	40.838	191	105	2	23	212	62	245	7.63e-38	133
g1095.t1	VFG025629(gb|WP_011546416)	39.791	191	107	2	23	212	30	213	1.49e-37	131
g1095.t1	VFG025633(gb|WP_004197253)	43.478	161	84	1	23	183	59	212	3.89e-37	131
g1095.t1	VFG025632(gb|WP_006477561)	40.838	191	105	2	23	212	30	213	4.70e-37	130
g1095.t1	VFG025631(gb|WP_006485702)	40.838	191	105	2	23	212	30	213	1.99e-36	128
g1095.t1	VFG014184(gb|WP_011335508)	38.308	201	116	2	33	231	46	240	8.84e-33	119
g1095.t1	VFG014175(gb|WP_003149706)	37.811	201	111	4	36	232	35	225	6.26e-32	116
g1095.t1	VFG001237(gb|NP_249770)	37.811	201	111	4	36	232	45	235	8.42e-32	116
g1095.t1	VFG014176(gb|WP_003111390)	37.811	201	111	4	36	232	45	235	8.51e-32	116
g1095.t1	VFG014183(gb|WP_011062741)	41.818	165	85	4	33	194	46	202	1.10e-31	115
g1095.t1	VFG014181(gb|WP_012051597)	32.766	235	140	5	5	231	8	232	3.36e-31	114
g1095.t1	VFG015649(gb|WP_012315560)	34.043	235	137	6	5	231	9	233	5.22e-31	114
g1095.t1	VFG014185(gb|WP_012019041)	35.323	201	119	2	33	231	28	219	3.19e-30	111
g1095.t1	VFG001993(gb|WP_010946950)	33.831	201	124	3	33	231	30	223	4.44e-30	111
g1095.t1	VFG015648(gb|WP_012273529)	33.990	203	121	3	33	231	38	231	1.65e-29	110
g1095.t1	VFG007351(gb|WP_005420404)	36.667	150	88	2	33	182	39	181	9.56e-29	108
g1095.t1	VFG014180(gb|WP_003254468)	34.234	222	130	4	16	231	20	231	1.80e-28	107
g1095.t1	VFG007346(gb|WP_000929365)	35.333	150	90	2	33	182	38	180	8.71e-28	105
g1095.t1	VFG038802(gb|WP_005350659)	34.158	202	124	5	33	231	31	226	3.85e-27	104
g1095.t1	VFG007349(gb|WP_011078339)	35.333	150	90	2	33	182	38	180	6.02e-27	103
g1095.t1	VFG007348(gb|WP_005462292)	34.667	150	91	2	33	182	38	180	1.43e-26	102
g1095.t1	VFG014182(gb|WP_011534932)	32.178	202	125	3	33	231	40	232	6.72e-25	98.2
g1095.t1	VFG038801(gb|WP_005320209)	33.005	203	126	5	33	231	30	226	1.22e-24	97.4
g1095.t1	VFG014186(gb|WP_011912562)	32.178	202	126	3	33	231	31	224	3.42e-24	95.9
g1095.t1	VFG014179(gb|WP_002554315)	31.034	203	126	4	33	231	34	226	1.45e-23	94.4
g1095.t1	VFG014178(gb|WP_003404333)	31.034	203	126	4	33	231	35	227	3.12e-23	93.6
g1095.t1	VFG014177(gb|WP_007244383)	32.020	203	124	4	33	231	35	227	5.79e-23	92.8
g1095.t1	VFG019796(gb|WP_015885455)	36.325	234	130	7	9	231	14	239	1.82e-22	91.7
g1095.t1	VFG038799(gb|WP_011706642)	30.348	201	133	3	33	231	31	226	1.18e-21	89.7
g1095.t1	VFG038800(gb|WP_016351322)	29.851	201	134	3	33	231	31	226	8.21e-21	87.4
g1095.t1	VFG043185(gb|AAZ99747)	33.696	184	108	3	32	215	41	210	1.76e-20	86.3
g1095.t1	VFG043229(gb|WP_002211433)	32.632	190	111	6	12	201	11	183	3.68e-18	79.7
g1095.t1	VFG043129(gb|WP_005463939)	34.746	118	69	1	29	146	35	144	1.03e-13	67.8
g1095.t1	VFG011833(gb|WP_011731674)	24.359	156	111	1	33	188	47	195	5.81e-13	66.2
g1095.t1	VFG017777(gb|WP_041176494)	25.281	178	117	4	22	188	39	211	4.72e-11	61.2
g1095.t1	VFG018025(gb|WP_002866625)	25.843	178	115	5	22	188	37	208	1.15e-09	57.0
g1095.t1	VFG001890(gb|YP_002343513)	25.843	178	115	5	22	188	37	208	1.15e-09	57.0
g1095.t1	VFG016759(gb|WP_005767721)	46.154	65	29	1	25	83	25	89	5.06e-09	54.3
g1095.t1	VFG043300(gb|WP_011860703)	36.364	110	60	3	6	105	26	135	2.70e-08	52.4
g1095.t1	VFG006650(gb|WP_011115027)	23.529	221	123	8	3	182	1	216	1.11e-07	51.2
g1095.t1	VFG019624(gb|WP_000963246)	27.128	188	98	7	33	182	30	216	1.20e-07	51.2
g1095.t1	VFG006647(gb|WP_000963306)	25.000	188	102	7	33	182	30	216	2.06e-07	50.4
g1095.t1	VFG019625(gb|WP_000963219)	25.532	188	101	7	33	182	30	216	2.10e-07	50.4
g1095.t1	VFG043260(gb|NP_464223)	33.333	66	44	0	36	101	31	96	3.00e-07	48.1
g1095.t1	VFG019623(gb|WP_000963258)	26.596	188	99	7	33	182	30	216	3.01e-07	50.1
g1095.t1	VFG006648(gb|WP_000963291)	26.596	188	99	7	33	182	30	216	3.36e-07	50.1
g1095.t1	VFG006649(gb|WP_011578127)	25.000	188	102	7	33	182	30	216	4.86e-07	49.3
g1095.t1	VFG006646(gb|WP_000963272)	26.596	188	99	7	33	182	30	216	7.76e-07	48.9
