g2677.t1	VFG000545(gb|NP_461805)	100.000	409	0	0	1	409	1	409	0.0	813
g2677.t1	VFG020620(gb|WP_000909028)	99.756	409	1	0	1	409	1	409	0.0	812
g2677.t1	VFG020619(gb|WP_000909027)	99.756	409	1	0	1	409	1	409	0.0	811
g2677.t1	VFG003788(gb|WP_000909021)	99.511	409	2	0	1	409	1	409	0.0	807
g2677.t1	VFG003786(gb|WP_000909023)	99.511	409	2	0	1	409	1	409	0.0	807
g2677.t1	VFG018500(gb|WP_000906778)	91.443	409	35	0	1	409	1	409	0.0	729
g2677.t1	VFG041858(gb|WP_080509014)	44.875	361	189	3	53	408	62	417	1.16e-84	264
g2677.t1	VFG012749(gb|WP_031942475)	35.473	296	159	5	117	409	97	363	8.39e-41	148
g2677.t1	VFG000986(gb|NP_858260)	35.135	296	160	5	117	409	97	363	4.58e-40	146
g2677.t1	VFG012747(gb|WP_000405469)	34.459	296	162	5	117	409	97	363	1.62e-38	142
g2677.t1	VFG012750(gb|WP_000405478)	34.459	296	162	5	117	409	97	363	1.84e-38	142
g2677.t1	VFG020125(gb|WP_000405474)	33.784	296	164	5	117	409	97	363	7.64e-37	137
