g1817.t1	VFG042734(gb|NP_249343)	29.730	185	119	3	36	213	30	210	6.89e-21	86.7
g1817.t1	VFG051235(gb|WP_002965067.1)	25.781	128	94	1	4	131	9	135	2.62e-09	54.3
g1817.t1	VFG051232(gb|WP_004691121.1)	25.781	128	94	1	4	131	9	135	2.67e-09	54.3
g278.t1	VFG042734(gb|NP_249343)	22.222	189	141	2	28	210	16	204	9.34e-11	59.3
g534.t1	VFG042734(gb|NP_249343)	20.690	203	148	3	25	218	13	211	1.29e-08	53.1
g534.t1	VFG051235(gb|WP_002965067.1)	26.241	141	102	1	9	149	8	146	1.74e-08	52.0
g534.t1	VFG051232(gb|WP_004691121.1)	26.241	141	102	1	9	149	8	146	1.79e-08	52.0
g658.t1	VFG042734(gb|NP_249343)	100.000	214	0	0	1	214	1	214	2.93e-159	438
g4794.t1	VFG042734(gb|NP_249343)	30.769	117	72	3	152	259	23	139	9.93e-08	51.2
g3232.t1	VFG042734(gb|NP_249343)	67.327	202	63	2	12	210	13	214	3.26e-99	286
