g618.t1	VFG009792(gb|WP_011778763)	46.914	81	41	2	2	80	16	96	3.37e-17	69.3
g618.t1	VFG009791(gb|WP_011895745)	45.679	81	42	2	2	80	16	96	1.64e-16	67.8
g618.t1	VFG009793(gb|WP_011558573)	44.444	81	43	2	2	80	16	96	4.51e-16	66.6
g618.t1	VFG022897(gb|YP_001704454)	45.679	81	42	2	2	80	16	96	9.27e-16	65.9
g618.t1	VFG009790(gb|WP_003893002)	43.210	81	44	2	2	80	16	96	1.76e-15	65.1
g618.t1	VFG027107(gb|WP_015305128)	44.872	78	41	2	2	77	16	93	2.12e-15	64.7
g618.t1	VFG009788(gb|WP_010907698)	47.222	72	36	2	2	71	16	87	3.20e-14	62.0
g618.t1	VFG022903(gb|WP_041318590)	47.297	74	37	2	2	73	16	89	6.38e-14	60.8
g618.t1	VFG009789(gb|WP_011739147)	45.833	72	37	2	2	71	16	87	6.41e-14	61.2
g618.t1	VFG027089(gb|WP_015354740)	45.833	72	37	2	2	71	16	87	7.80e-14	60.8
g618.t1	VFG022896(gb|WP_012393017)	45.833	72	37	2	2	71	16	87	8.06e-14	60.8
g618.t1	VFG001414(gb|NP_217933)	44.444	72	38	2	2	71	16	87	5.39e-13	58.9
g618.t1	VFG027098(gb|YP_007959398)	44.444	72	38	2	2	71	16	87	5.51e-13	58.9
g618.t1	VFG024158(gb|WP_009952496)	44.444	72	38	2	2	71	16	87	6.97e-13	58.5
g618.t1	VFG024159(gb|WP_008260171)	44.444	72	38	2	2	71	16	87	7.05e-13	58.5
g618.t1	VFG009786(gb|WP_003874400)	44.444	72	38	2	2	71	16	87	7.63e-13	58.5
g618.t1	VFG027105(gb|WP_020823504)	44.444	72	38	2	2	71	16	87	1.11e-12	58.2
g1823.t1	VFG009788(gb|WP_010907698)	43.836	73	33	2	31	95	17	89	1.72e-13	61.2
g1823.t1	VFG027089(gb|WP_015354740)	42.466	73	34	2	31	95	17	89	5.07e-13	60.1
g1823.t1	VFG022896(gb|WP_012393017)	42.466	73	34	2	31	95	17	89	5.41e-13	60.1
g1823.t1	VFG024159(gb|WP_008260171)	43.836	73	33	2	31	95	17	89	7.05e-13	59.7
g1823.t1	VFG027105(gb|WP_020823504)	43.836	73	33	2	31	95	17	89	7.69e-13	59.7
g1823.t1	VFG024158(gb|WP_009952496)	43.836	73	33	2	31	95	17	89	7.77e-13	59.7
g1823.t1	VFG009786(gb|WP_003874400)	42.466	73	34	2	31	95	17	89	8.24e-13	59.7
g1823.t1	VFG009789(gb|WP_011739147)	42.466	73	34	2	31	95	17	89	3.07e-12	58.2
g1823.t1	VFG027107(gb|WP_015305128)	42.466	73	34	2	31	95	17	89	1.09e-11	56.6
g1823.t1	VFG009790(gb|WP_003893002)	40.541	74	36	2	31	96	17	90	1.30e-11	56.2
g1823.t1	VFG001414(gb|NP_217933)	36.986	73	38	1	31	95	17	89	2.08e-11	55.8
g1823.t1	VFG027098(gb|YP_007959398)	36.986	73	38	1	31	95	17	89	2.17e-11	55.8
g1823.t1	VFG009793(gb|WP_011558573)	40.541	74	36	2	31	96	17	90	2.70e-11	55.5
g1823.t1	VFG022897(gb|YP_001704454)	40.541	74	36	2	31	96	17	90	3.38e-11	55.1
g1823.t1	VFG009792(gb|WP_011778763)	39.726	73	36	2	31	95	17	89	5.15e-11	54.7
g1823.t1	VFG009791(gb|WP_011895745)	39.726	73	36	2	31	95	17	89	5.73e-11	54.7
g1823.t1	VFG022903(gb|WP_041318590)	41.096	73	35	2	31	95	17	89	1.83e-10	53.5
g3178.t1	VFG009792(gb|WP_011778763)	48.148	81	40	2	2	80	16	96	1.33e-17	70.5
g3178.t1	VFG009791(gb|WP_011895745)	46.914	81	41	2	2	80	16	96	6.70e-17	68.6
g3178.t1	VFG009793(gb|WP_011558573)	45.679	81	42	2	2	80	16	96	1.99e-16	67.4
g3178.t1	VFG009790(gb|WP_003893002)	44.444	81	43	2	2	80	16	96	8.31e-16	65.9
g3178.t1	VFG022897(gb|YP_001704454)	44.444	81	43	2	2	80	16	96	2.26e-15	64.7
g3178.t1	VFG027107(gb|WP_015305128)	43.590	78	42	2	2	77	16	93	6.95e-15	63.5
g3178.t1	VFG009789(gb|WP_011739147)	47.222	72	36	2	2	71	16	87	2.19e-14	62.4
g3178.t1	VFG027089(gb|WP_015354740)	47.222	72	36	2	2	71	16	87	2.63e-14	62.0
g3178.t1	VFG022896(gb|WP_012393017)	47.222	72	36	2	2	71	16	87	2.75e-14	62.0
g3178.t1	VFG009788(gb|WP_010907698)	45.833	72	37	2	2	71	16	87	7.72e-14	60.8
g3178.t1	VFG022903(gb|WP_041318590)	45.946	74	38	2	2	73	16	89	1.32e-13	60.1
g3178.t1	VFG027098(gb|YP_007959398)	45.833	72	37	2	2	71	16	87	1.86e-13	60.1
g3178.t1	VFG001414(gb|NP_217933)	45.833	72	37	2	2	71	16	87	1.92e-13	60.1
g3178.t1	VFG024159(gb|WP_008260171)	45.833	72	37	2	2	71	16	87	2.30e-13	59.7
g3178.t1	VFG024158(gb|WP_009952496)	45.833	72	37	2	2	71	16	87	2.35e-13	59.7
g3178.t1	VFG009786(gb|WP_003874400)	45.833	72	37	2	2	71	16	87	2.58e-13	59.7
g3178.t1	VFG027105(gb|WP_020823504)	45.833	72	37	2	2	71	16	87	3.48e-13	59.3
