g953.t1	VFG047531(gb|WP_014548270)	28.673	422	271	12	18	421	3	412	4.15e-57	194
g953.t1	VFG047527(gb|WP_012429464)	27.955	440	284	13	11	429	11	438	1.47e-56	192
g953.t1	VFG047530(gb|WP_003026018)	28.406	433	277	13	18	429	3	423	1.73e-56	192
g953.t1	VFG047529(gb|WP_003029409)	28.406	433	277	13	18	429	3	423	2.70e-56	191
g953.t1	VFG047524(gb|WP_010030658)	28.176	433	278	13	18	429	3	423	2.73e-56	191
g953.t1	VFG047525(gb|WP_003016405)	28.176	433	278	13	18	429	3	423	6.45e-56	191
g953.t1	VFG047523(gb|WP_012281075)	28.037	428	278	12	18	427	3	418	5.15e-55	188
g953.t1	VFG047522(gb|WP_033144277)	27.804	428	279	12	18	427	3	418	5.54e-55	188
g953.t1	VFG047534(gb|WP_014549695)	28.271	428	277	12	18	427	3	418	6.90e-55	187
g953.t1	VFG047538(gb|WP_013923078)	27.869	427	278	12	18	426	3	417	3.19e-54	186
g953.t1	VFG044396(gb|AAF33137)	32.174	345	210	8	44	385	334	657	1.31e-31	127
g953.t1	VFG044201(gb|WP_011267793)	27.701	361	226	11	37	380	38	380	1.00e-23	102
g953.t1	VFG013618(gb|WP_011609384)	27.204	397	225	21	37	403	33	395	3.47e-22	98.2
g953.t1	VFG013203(gb|WP_012341659)	28.134	359	209	20	37	379	33	358	1.87e-21	95.9
g953.t1	VFG044347(gb|WP_042318253)	28.125	320	194	10	37	339	38	338	2.91e-21	95.5
g953.t1	VFG016053(gb|WP_012051710)	27.874	348	219	9	51	380	57	390	4.09e-18	86.3
g953.t1	VFG015825(gb|WP_012315382)	28.431	306	188	8	51	339	57	348	1.48e-17	84.3
g953.t1	VFG015897(gb|WP_017698917)	28.529	340	212	11	45	383	52	361	1.62e-17	84.0
g953.t1	VFG016049(gb|WP_005770701)	27.434	339	214	9	60	380	70	394	2.12e-17	84.0
g953.t1	VFG020072(gb|WP_012614127)	26.997	363	233	9	36	380	46	394	2.34e-17	84.0
g953.t1	VFG016054(gb|WP_011534775)	28.431	306	188	8	51	339	57	348	2.56e-17	83.6
g953.t1	VFG016052(gb|WP_049588211)	27.011	348	222	9	51	380	57	390	3.77e-17	83.2
g953.t1	VFG016050(gb|WP_011267338)	27.434	339	214	9	60	380	70	394	4.23e-17	83.2
g953.t1	VFG016047(gb|WP_012075653)	27.171	357	228	9	36	374	46	388	4.49e-17	83.2
g953.t1	VFG015824(gb|WP_012273379)	27.726	321	201	8	36	339	42	348	5.76e-17	82.8
g953.t1	VFG016055(gb|WP_011062454)	29.054	296	179	8	60	338	70	351	5.86e-17	82.8
g953.t1	VFG016051(gb|WP_041924771)	27.434	339	214	9	60	380	70	394	6.83e-17	82.4
g953.t1	VFG020075(gb|WP_015885139)	28.024	339	212	10	60	380	64	388	7.80e-17	82.4
g953.t1	VFG016057(gb|WP_012019057)	27.273	341	211	10	60	380	75	398	9.83e-17	82.0
g953.t1	VFG016056(gb|WP_011335247)	28.169	355	217	12	60	395	70	405	1.57e-16	81.3
g953.t1	VFG016046(gb|NP_251103)	26.722	363	234	9	36	380	46	394	1.61e-16	81.3
g1558.t1	VFG047524(gb|WP_010030658)	29.371	429	276	10	40	449	3	423	2.88e-58	197
g1558.t1	VFG047525(gb|WP_003016405)	29.371	429	276	10	40	449	3	423	6.13e-58	196
g1558.t1	VFG047527(gb|WP_012429464)	28.899	436	283	10	33	449	11	438	1.26e-57	196
g1558.t1	VFG047530(gb|WP_003026018)	29.371	429	276	10	40	449	3	423	1.51e-57	195
g1558.t1	VFG047529(gb|WP_003029409)	29.371	429	276	10	40	449	3	423	2.64e-57	195
g1558.t1	VFG047531(gb|WP_014548270)	28.029	421	273	9	40	441	3	412	4.03e-56	192
g1558.t1	VFG047534(gb|WP_014549695)	29.009	424	277	9	40	447	3	418	6.06e-56	191
g1558.t1	VFG047522(gb|WP_033144277)	28.538	424	279	9	40	447	3	418	1.12e-55	191
g1558.t1	VFG047523(gb|WP_012281075)	28.774	424	278	9	40	447	3	418	1.30e-55	190
g1558.t1	VFG047538(gb|WP_013923078)	28.947	418	273	9	40	441	3	412	5.81e-55	189
g1558.t1	VFG044396(gb|AAF33137)	32.092	349	205	11	64	405	334	657	2.86e-31	127
g1558.t1	VFG015897(gb|WP_017698917)	31.765	340	201	12	65	403	52	361	1.37e-24	105
g1558.t1	VFG044201(gb|WP_011267793)	28.436	422	242	20	57	440	38	437	2.13e-24	105
g1558.t1	VFG044347(gb|WP_042318253)	26.637	443	247	18	57	450	38	451	3.23e-23	101
g1558.t1	VFG013203(gb|WP_012341659)	26.500	400	226	18	56	423	32	395	2.17e-22	99.0
g1558.t1	VFG013618(gb|WP_011609384)	26.250	400	227	18	56	423	32	395	2.19e-22	99.0
g1558.t1	VFG016053(gb|WP_012051710)	26.683	416	254	11	71	450	57	457	2.17e-21	96.3
g1558.t1	VFG015825(gb|WP_012315382)	28.406	345	203	11	71	391	57	381	2.99e-21	95.9
g1558.t1	VFG016052(gb|WP_049588211)	27.557	352	223	8	71	404	57	394	5.34e-21	95.1
g1558.t1	VFG016054(gb|WP_011534775)	29.178	353	216	9	71	404	57	394	9.97e-21	94.4
g1558.t1	VFG016056(gb|WP_011335247)	28.058	417	235	17	71	444	61	455	1.25e-20	94.0
g1558.t1	VFG020075(gb|WP_015885139)	28.502	414	237	17	71	444	55	449	1.27e-20	94.0
g1558.t1	VFG016055(gb|WP_011062454)	26.988	415	246	12	71	446	61	457	1.82e-20	93.6
g1558.t1	VFG015824(gb|WP_012273379)	28.758	306	187	7	71	359	57	348	3.59e-20	92.8
g1558.t1	VFG020072(gb|WP_012614127)	28.726	369	221	12	59	404	49	398	1.08e-19	91.3
g1558.t1	VFG016057(gb|WP_012019057)	26.841	421	242	12	71	444	58	459	1.08e-19	91.3
g1558.t1	VFG016049(gb|WP_005770701)	27.809	356	217	11	71	404	61	398	1.14e-19	91.3
g1558.t1	VFG016047(gb|WP_012075653)	28.933	356	211	12	59	391	49	385	3.05e-19	89.7
g1558.t1	VFG016046(gb|NP_251103)	28.219	365	228	9	59	404	49	398	3.08e-19	89.7
g1558.t1	VFG016051(gb|WP_041924771)	27.809	356	217	11	71	404	61	398	3.65e-19	89.7
g1558.t1	VFG016050(gb|WP_011267338)	27.528	356	218	11	71	404	61	398	9.07e-18	85.5
g427.t1	VFG047530(gb|WP_003026018)	40.046	432	243	6	15	444	6	423	1.39e-112	338
g427.t1	VFG047529(gb|WP_003029409)	40.046	432	243	6	15	444	6	423	1.52e-112	338
g427.t1	VFG047527(gb|WP_012429464)	40.046	432	243	6	15	444	21	438	7.65e-112	337
g427.t1	VFG047525(gb|WP_003016405)	39.583	432	245	6	15	444	6	423	2.62e-110	332
g427.t1	VFG047531(gb|WP_014548270)	39.675	431	246	5	15	444	6	423	3.54e-110	332
g427.t1	VFG047524(gb|WP_010030658)	39.583	432	245	6	15	444	6	423	3.62e-110	332
g427.t1	VFG047534(gb|WP_014549695)	39.583	432	245	7	15	444	6	423	3.05e-109	330
g427.t1	VFG047522(gb|WP_033144277)	38.515	431	251	5	15	444	6	423	6.43e-108	326
g427.t1	VFG047538(gb|WP_013923078)	39.120	432	247	7	15	444	6	423	1.34e-107	325
g427.t1	VFG047523(gb|WP_012281075)	39.120	432	247	7	15	444	6	423	5.77e-107	324
g427.t1	VFG044347(gb|WP_042318253)	28.982	452	280	12	4	438	16	443	1.40e-46	167
g427.t1	VFG044396(gb|AAF33137)	32.578	353	206	8	36	385	333	656	7.93e-45	167
g427.t1	VFG016049(gb|WP_005770701)	30.068	439	271	13	27	448	48	467	3.29e-44	161
g427.t1	VFG016057(gb|WP_012019057)	30.023	443	265	15	27	448	53	471	8.65e-44	160
g427.t1	VFG016053(gb|WP_012051710)	31.264	435	263	16	27	444	44	459	2.20e-43	159
g427.t1	VFG016051(gb|WP_041924771)	29.817	436	276	12	27	448	48	467	1.71e-42	156
g427.t1	VFG016050(gb|WP_011267338)	29.773	440	271	15	27	448	48	467	1.95e-42	156
g427.t1	VFG016056(gb|WP_011335247)	30.524	439	269	14	27	448	48	467	2.84e-42	155
g427.t1	VFG015824(gb|WP_012273379)	30.769	429	261	17	27	438	44	453	5.40e-41	152
g427.t1	VFG015825(gb|WP_012315382)	29.291	437	277	13	27	448	44	463	8.34e-41	151
g427.t1	VFG016052(gb|WP_049588211)	31.250	432	255	18	27	438	44	453	1.42e-40	151
g427.t1	VFG016055(gb|WP_011062454)	30.162	431	269	13	27	442	48	461	4.74e-40	149
g427.t1	VFG020075(gb|WP_015885139)	30.536	429	264	15	27	439	42	452	7.26e-40	149
g427.t1	VFG016054(gb|WP_011534775)	30.667	450	262	18	27	457	44	462	7.26e-40	149
g427.t1	VFG044201(gb|WP_011267793)	26.681	461	297	14	4	447	16	452	1.46e-38	145
g427.t1	VFG016047(gb|WP_012075653)	29.812	426	267	15	27	437	48	456	5.05e-38	144
g427.t1	VFG016046(gb|NP_251103)	29.577	426	268	15	27	437	48	456	5.15e-38	144
g427.t1	VFG020072(gb|WP_012614127)	29.577	426	268	15	27	437	48	456	1.46e-37	142
g427.t1	VFG015897(gb|WP_017698917)	28.652	356	201	13	35	382	49	359	6.14e-29	118
g427.t1	VFG013203(gb|WP_012341659)	26.108	406	260	15	18	415	22	395	3.13e-22	98.6
g427.t1	VFG013618(gb|WP_011609384)	25.862	406	261	15	18	415	22	395	7.31e-22	97.4
g729.t1	VFG047527(gb|WP_012429464)	30.841	428	273	10	12	423	20	440	4.63e-64	212
g729.t1	VFG047531(gb|WP_014548270)	30.607	428	274	10	12	423	5	425	9.49e-64	211
g729.t1	VFG047534(gb|WP_014549695)	30.607	428	274	9	12	423	5	425	1.06e-63	211
g729.t1	VFG047524(gb|WP_010030658)	30.607	428	274	10	12	423	5	425	1.66e-63	210
g729.t1	VFG047523(gb|WP_012281075)	30.140	428	276	10	12	423	5	425	2.49e-63	210
g729.t1	VFG047538(gb|WP_013923078)	29.907	428	277	10	12	423	5	425	2.57e-63	209
g729.t1	VFG047530(gb|WP_003026018)	30.607	428	274	10	12	423	5	425	6.74e-63	209
g729.t1	VFG047529(gb|WP_003029409)	30.607	428	274	10	12	423	5	425	8.78e-63	208
g729.t1	VFG047522(gb|WP_033144277)	30.374	428	275	10	12	423	5	425	9.65e-63	208
g729.t1	VFG047525(gb|WP_003016405)	30.374	428	275	10	12	423	5	425	1.54e-62	207
g729.t1	VFG044396(gb|AAF33137)	30.769	351	211	8	32	375	333	658	7.44e-33	131
g729.t1	VFG044347(gb|WP_042318253)	27.171	449	274	16	8	421	19	449	5.26e-32	126
g729.t1	VFG016055(gb|WP_011062454)	27.416	445	273	14	8	415	26	457	5.46e-31	124
g729.t1	VFG044201(gb|WP_011267793)	31.805	349	187	12	107	421	122	453	7.25e-31	123
g729.t1	VFG016057(gb|WP_012019057)	27.945	433	256	14	29	423	58	472	4.83e-30	121
g729.t1	VFG016054(gb|WP_011534775)	28.074	431	256	15	29	421	49	463	5.94e-30	120
g729.t1	VFG016049(gb|WP_005770701)	27.033	455	278	14	8	421	26	467	1.52e-29	119
g729.t1	VFG016053(gb|WP_012051710)	27.570	428	258	15	29	421	49	459	3.01e-29	119
g729.t1	VFG016051(gb|WP_041924771)	26.402	428	267	12	29	421	53	467	5.69e-29	118
g729.t1	VFG016052(gb|WP_049588211)	27.143	420	258	14	29	415	49	453	3.21e-28	115
g729.t1	VFG015825(gb|WP_012315382)	27.465	426	261	15	29	421	49	459	5.16e-28	115
g729.t1	VFG016050(gb|WP_011267338)	26.374	455	281	14	8	421	26	467	1.30e-27	114
g729.t1	VFG020075(gb|WP_015885139)	26.651	424	267	13	29	421	47	457	6.49e-27	112
g729.t1	VFG016056(gb|WP_011335247)	26.168	428	272	12	29	425	53	467	1.77e-26	110
g729.t1	VFG015824(gb|WP_012273379)	26.995	426	263	14	29	421	49	459	1.45e-25	108
g729.t1	VFG016047(gb|WP_012075653)	26.392	413	260	14	29	410	53	452	2.53e-25	107
g729.t1	VFG016046(gb|NP_251103)	26.150	413	261	12	29	410	53	452	2.73e-25	107
g729.t1	VFG020072(gb|WP_012614127)	26.150	413	261	12	29	410	53	452	1.22e-24	105
g729.t1	VFG013618(gb|WP_011609384)	26.276	392	236	18	25	392	33	395	1.31e-21	96.3
g729.t1	VFG013203(gb|WP_012341659)	26.276	392	236	18	25	392	33	395	3.50e-21	95.1
g729.t1	VFG015897(gb|WP_017698917)	27.869	366	217	13	51	405	68	397	1.43e-16	81.3
