g206.t1	VFG014454(gb|WP_012051628)	30.000	240	154	5	156	386	153	387	2.02e-17	84.0
g206.t1	VFG014453(gb|WP_010955088)	30.000	240	154	5	156	386	153	387	2.20e-17	83.6
g206.t1	VFG015690(gb|WP_012273508)	30.000	240	154	5	156	386	153	387	2.26e-17	83.6
g206.t1	VFG042168(gb|WP_010875105)	29.779	272	164	7	157	415	160	417	4.51e-17	82.8
g206.t1	VFG042117(gb|WP_010913971)	29.963	267	170	7	157	415	161	418	4.74e-17	82.8
g206.t1	VFG014455(gb|WP_011534906)	30.000	240	154	6	156	386	153	387	6.80e-17	82.4
g206.t1	VFG015691(gb|WP_012315521)	29.583	240	155	5	156	386	153	387	6.82e-17	82.4
g206.t1	VFG014450(gb|WP_005767000)	28.467	274	175	7	124	381	120	388	7.40e-17	82.0
g206.t1	VFG014451(gb|WP_011268440)	28.467	274	175	7	124	381	120	388	8.64e-17	82.0
g206.t1	VFG001254(gb|NP_249795)	29.461	241	150	7	156	381	153	388	9.43e-17	81.6
g206.t1	VFG014452(gb|WP_004664459)	28.467	274	175	7	124	381	120	388	1.08e-16	81.6
g206.t1	VFG014456(gb|WP_011059977)	29.167	240	156	5	156	386	153	387	1.37e-16	81.3
g206.t1	VFG043340(gb|WP_011946712)	27.801	241	160	5	156	387	148	383	2.64e-16	80.5
g206.t1	VFG041471(gb|WP_004155876)	28.000	275	163	9	160	415	143	401	3.52e-16	80.1
g206.t1	VFG014457(gb|WP_011333051)	28.750	240	157	5	156	386	153	387	3.83e-16	80.1
g206.t1	VFG014459(gb|WP_041755571)	29.046	241	151	6	156	381	153	388	4.51e-16	79.7
g206.t1	VFG002331(gb|WP_026018001)	27.413	259	170	6	138	387	145	394	5.16e-16	79.7
g206.t1	VFG043225(gb|WP_002211440)	28.512	242	160	5	153	386	142	378	5.53e-16	79.3
g206.t1	VFG014458(gb|WP_003243195)	29.167	240	156	5	156	386	153	387	6.33e-16	79.3
g206.t1	VFG020860(gb|WP_000787210)	30.579	242	142	7	160	387	144	373	6.41e-16	79.3
g206.t1	VFG020864(gb|WP_000787219)	29.752	242	144	7	160	387	144	373	7.48e-16	79.0
g206.t1	VFG003418(gb|WP_011192179)	27.801	241	160	5	156	387	171	406	7.58e-16	79.0
g206.t1	VFG023641(gb|WP_005160385)	27.413	259	170	6	138	387	145	394	7.68e-16	79.0
g206.t1	VFG014448(gb|WP_012076709)	29.046	241	151	7	156	381	153	388	7.88e-16	79.0
g206.t1	VFG020224(gb|WP_012413664)	27.801	241	160	5	156	387	177	412	8.69e-16	79.0
g206.t1	VFG003285(gb|WP_016674241)	27.801	241	160	5	156	387	183	418	8.93e-16	79.0
g206.t1	VFG002660(gb|WP_002211140)	27.801	241	160	5	156	387	189	424	9.17e-16	79.0
g206.t1	VFG017315(gb|WP_012105274)	27.801	241	160	5	156	387	177	412	9.26e-16	79.0
g206.t1	VFG025488(gb|WP_020979409)	29.046	241	157	5	156	387	216	451	1.34e-15	78.6
g206.t1	VFG020111(gb|WP_000120388)	26.966	267	181	6	160	417	141	402	1.39e-15	78.2
g206.t1	VFG018450(gb|WP_000787204)	31.222	221	126	7	160	366	144	352	1.44e-15	78.2
g206.t1	VFG000515(gb|NP_460380)	29.752	242	144	7	160	387	144	373	1.57e-15	77.8
g206.t1	VFG025486(gb|WP_041489263)	29.046	241	157	5	156	387	216	451	1.62e-15	78.2
g206.t1	VFG020866(gb|WP_000787223)	29.752	242	144	7	160	387	144	373	1.63e-15	77.8
g206.t1	VFG003918(gb|WP_000787208)	30.579	242	142	7	160	387	144	373	1.74e-15	77.8
g206.t1	VFG025489(gb|WP_012329410)	29.046	241	157	5	156	387	216	451	1.76e-15	78.2
g206.t1	VFG001008(gb|NP_858282)	26.966	267	181	6	160	417	141	402	1.76e-15	77.8
g206.t1	VFG012691(gb|WP_000122614)	26.966	267	181	6	160	417	141	402	1.86e-15	77.8
g206.t1	VFG003920(gb|WP_000787220)	29.323	266	158	8	160	411	144	393	1.89e-15	77.8
g206.t1	VFG041993(gb|WP_011004167)	30.000	260	164	8	160	411	150	399	2.17e-15	77.4
g206.t1	VFG018984(gb|WP_012304215)	27.386	241	161	5	156	387	177	412	2.47e-15	77.4
g206.t1	VFG019838(gb|WP_015885190)	29.046	241	151	6	156	381	153	388	2.71e-15	77.4
g206.t1	VFG012694(gb|WP_000122615)	26.966	267	181	6	160	417	141	402	2.85e-15	77.0
g206.t1	VFG019951(gb|WP_012614296)	27.899	276	174	6	156	419	148	410	3.02e-15	77.0
g206.t1	VFG025498(gb|WP_009893510)	28.631	241	158	5	156	387	211	446	3.38e-15	77.4
g206.t1	VFG015108(gb|WP_003100796)	27.536	276	175	6	156	419	148	410	4.38e-15	76.6
g206.t1	VFG020862(gb|WP_000787216)	29.752	242	144	7	160	387	144	373	4.42e-15	76.6
g206.t1	VFG020863(gb|WP_000787222)	29.752	242	144	7	160	387	144	373	4.75e-15	76.6
g206.t1	VFG020861(gb|WP_000787214)	29.752	242	144	7	160	387	144	373	4.79e-15	76.6
g206.t1	VFG041687(gb|WP_015888354)	29.520	271	166	6	157	415	157	414	4.84e-15	76.6
g206.t1	VFG003921(gb|WP_001539917)	29.752	242	144	7	160	387	144	373	5.11e-15	76.3
g206.t1	VFG041849(gb|WP_011136175)	29.317	249	148	7	160	393	141	376	5.16e-15	76.3
g206.t1	VFG020859(gb|WP_000787227)	29.752	242	144	7	160	387	144	373	5.20e-15	76.3
g206.t1	VFG041584(gb|WP_012847742)	29.344	259	161	7	160	409	149	394	5.50e-15	76.3
g206.t1	VFG023720(gb|WP_010891217)	27.798	277	171	8	153	415	144	405	8.06e-15	75.9
g206.t1	VFG000390(gb|WP_002212955)	27.798	277	171	8	153	415	144	405	8.28e-15	75.9
g206.t1	VFG041866(gb|WP_011136150)	27.405	343	201	12	82	411	98	405	8.66e-15	75.9
g206.t1	VFG042236(gb|ABB77414)	27.863	262	171	7	160	413	162	413	8.88e-15	75.9
g206.t1	VFG003193(gb|WP_011901825)	27.798	277	171	8	153	415	144	405	1.03e-14	75.5
g206.t1	VFG002499(gb|WP_004197164)	28.216	241	159	5	156	387	225	460	1.09e-14	75.9
g206.t1	VFG025495(gb|WP_004525876)	28.216	241	159	5	156	387	228	463	1.11e-14	75.9
g206.t1	VFG015227(gb|WP_005763862)	29.615	260	165	8	160	411	157	406	1.29e-14	75.1
g206.t1	VFG043275(gb|NP_464243)	27.985	268	165	8	160	413	146	399	1.57e-14	75.1
g206.t1	VFG043059(gb|NP_460925)	27.801	241	160	5	156	387	160	395	1.59e-14	75.1
g206.t1	VFG000192(gb|NP_250388)	27.174	276	176	6	156	419	148	410	2.03e-14	74.7
g206.t1	VFG042081(gb|NP_311757)	27.875	287	174	7	122	393	109	377	2.28e-14	74.3
g206.t1	VFG041785(gb|WP_011176697)	27.376	263	173	6	157	411	147	399	2.50e-14	74.3
g206.t1	VFG041547(gb|WP_012907119)	29.630	243	148	7	157	387	156	387	2.64e-14	74.3
g206.t1	VFG025123(gb|WP_009896119)	29.496	278	155	10	160	415	148	406	2.92e-14	73.9
g206.t1	VFG041613(gb|WP_041382367)	29.596	223	139	7	160	374	135	347	3.21e-14	73.9
g206.t1	VFG041821(gb|WP_011147908)	27.574	272	170	7	156	414	148	405	4.03e-14	73.6
g206.t1	VFG041450(gb|WP_004157280)	28.364	275	162	9	160	415	143	401	4.31e-14	73.6
g206.t1	VFG033543(gb|WP_000622549)	29.213	267	162	8	157	411	156	407	4.49e-14	73.6
g206.t1	VFG033536(gb|WP_000622543)	30.041	243	147	7	157	387	156	387	5.68e-14	73.2
g206.t1	VFG000812(gb|WP_000622545)	30.041	243	147	7	157	387	156	387	5.78e-14	73.2
g206.t1	VFG033542(gb|WP_000622542)	30.041	243	147	7	157	387	156	387	6.79e-14	73.2
g206.t1	VFG015229(gb|WP_004666087)	29.231	260	166	8	160	411	157	406	7.04e-14	72.8
g206.t1	VFG041657(gb|WP_012777227)	26.199	271	175	6	156	414	148	405	7.12e-14	72.8
g206.t1	VFG033544(gb|WP_000599710)	30.041	243	147	7	157	387	156	387	7.84e-14	72.8
g206.t1	VFG018518(gb|WP_000856770)	28.458	253	145	7	160	393	141	376	9.95e-14	72.4
g206.t1	VFG000555(gb|NP_461815)	28.512	242	159	6	160	393	141	376	1.07e-13	72.4
g206.t1	VFG003743(gb|WP_000856761)	28.512	242	159	6	160	393	141	376	1.12e-13	72.4
g206.t1	VFG015228(gb|WP_011266891)	29.231	260	166	8	160	411	157	406	1.43e-13	72.0
g206.t1	VFG038867(gb|WP_005314284)	29.694	229	141	7	168	381	162	385	1.47e-13	72.0
g206.t1	VFG038641(gb|WP_005334747)	28.636	220	143	5	156	366	145	359	1.81e-13	71.6
g206.t1	VFG002459(gb|WP_004525313)	28.777	278	157	10	160	415	147	405	1.81e-13	71.6
g206.t1	VFG025116(gb|WP_004188269)	28.777	278	157	10	160	415	148	406	1.82e-13	71.6
g206.t1	VFG038640(gb|WP_005319328)	28.636	220	143	5	156	366	145	359	2.16e-13	71.6
g206.t1	VFG007186(gb|WP_005463220)	29.515	227	142	7	160	378	135	351	2.23e-13	71.2
g206.t1	VFG038639(gb|WP_011705275)	28.636	220	143	5	156	366	145	359	2.43e-13	71.2
g206.t1	VFG041507(gb|WP_004155347)	26.923	260	172	6	160	411	162	411	2.67e-13	71.2
g206.t1	VFG041718(gb|WP_006487564)	32.420	219	126	5	160	366	166	374	3.25e-13	70.9
g206.t1	VFG041746(gb|WP_004528905)	26.814	317	198	8	120	419	113	412	3.83e-13	70.9
g206.t1	VFG043143(gb|WP_005478244)	28.700	223	145	6	153	366	149	366	4.16e-13	70.5
g206.t1	VFG025119(gb|WP_004533187)	28.832	274	162	10	160	415	147	405	4.52e-13	70.5
g206.t1	VFG038348(gb|WP_005320755)	26.103	272	176	6	156	415	148	406	4.68e-13	70.5
g206.t1	VFG006672(gb|WP_001128709)	24.275	276	186	8	126	385	111	379	7.86e-13	69.7
g206.t1	VFG019638(gb|WP_001128706)	24.275	276	186	8	126	385	111	379	8.00e-13	69.7
g206.t1	VFG042265(gb|AAS91810)	25.735	272	177	6	156	415	148	406	8.37e-13	69.7
g206.t1	VFG019640(gb|WP_001128782)	24.275	276	186	8	126	385	111	379	8.60e-13	69.7
g206.t1	VFG007456(gb|WP_005457757)	26.556	241	163	5	156	387	144	379	9.21e-13	69.3
g206.t1	VFG043178(gb|AAZ99740)	28.631	241	152	7	156	381	147	382	9.32e-13	69.3
g206.t1	VFG006673(gb|WP_001128767)	24.275	276	186	8	126	385	111	379	9.40e-13	69.3
g206.t1	VFG007158(gb|WP_005477722)	26.000	250	161	5	157	393	148	386	1.07e-12	69.3
g206.t1	VFG041940(gb|WP_011036431)	27.000	300	182	9	104	393	115	387	1.11e-12	69.3
g206.t1	VFG019639(gb|WP_001128731)	24.907	269	179	8	133	385	118	379	1.18e-12	69.3
g206.t1	VFG041775(gb|WP_011205607)	28.750	240	149	5	160	387	159	388	1.19e-12	69.3
g206.t1	VFG006671(gb|WP_001128788)	24.907	269	179	8	133	385	118	379	1.24e-12	68.9
g206.t1	VFG016960(gb|WP_010229194)	28.631	241	149	6	160	387	153	383	1.27e-12	68.9
g206.t1	VFG003523(gb|WP_005173750)	27.372	274	164	9	160	414	142	399	1.65e-12	68.6
g206.t1	VFG011861(gb|WP_002850774)	26.360	239	158	6	160	385	147	380	1.84e-12	68.6
g206.t1	VFG016961(gb|WP_010883345)	28.216	241	150	6	160	387	153	383	1.87e-12	68.6
g206.t1	VFG016967(gb|WP_011458515)	28.216	241	150	6	160	387	153	383	2.02e-12	68.6
g206.t1	VFG016966(gb|WP_011006008)	28.216	241	150	6	160	387	153	383	2.08e-12	68.6
g206.t1	VFG002144(gb|NP_220188)	28.216	241	150	6	160	387	153	383	2.19e-12	68.2
g206.t1	VFG016959(gb|WP_011324814)	28.216	241	150	6	160	387	153	383	2.29e-12	68.2
g206.t1	VFG006674(gb|WP_011577083)	24.275	276	186	8	126	385	111	379	2.32e-12	68.2
g206.t1	VFG015588(gb|WP_009873281)	28.216	241	150	6	160	387	153	383	2.51e-12	68.2
g206.t1	VFG011354(gb|WP_010928069)	27.347	245	160	5	156	387	187	426	3.61e-12	67.8
g206.t1	VFG007457(gb|WP_026130674)	26.141	241	164	5	156	387	144	379	3.70e-12	67.8
g206.t1	VFG007458(gb|WP_043877279)	26.141	241	164	5	156	387	144	379	3.83e-12	67.4
g206.t1	VFG018965(gb|WP_012304702)	26.056	284	175	7	141	412	142	402	4.36e-12	67.4
g206.t1	VFG011353(gb|WP_019247562)	27.347	245	160	5	156	387	187	426	4.60e-12	67.4
g206.t1	VFG017296(gb|WP_012105851)	26.415	265	169	6	160	412	152	402	4.90e-12	67.4
g206.t1	VFG011355(gb|WP_003811843)	27.347	245	160	5	156	387	187	426	4.98e-12	67.4
g206.t1	VFG001759(gb|WP_002209046)	26.415	265	169	6	160	412	152	402	5.12e-12	67.0
g206.t1	VFG007459(gb|WP_005420355)	26.556	241	163	5	156	387	144	379	5.32e-12	67.0
g206.t1	VFG016965(gb|WP_006343712)	27.386	241	152	6	160	387	153	383	8.30e-12	66.6
g206.t1	VFG007455(gb|WP_000880257)	25.726	241	165	5	156	387	144	379	2.40e-11	65.1
g206.t1	VFG007454(gb|WP_000880258)	25.726	241	165	5	156	387	144	379	2.75e-11	65.1
g206.t1	VFG000048(gb|WP_003820061)	27.273	220	144	5	156	366	149	361	3.23e-11	64.7
g206.t1	VFG011044(gb|WP_003809898)	27.273	220	144	5	156	366	149	361	3.44e-11	64.7
g206.t1	VFG011043(gb|WP_010928435)	27.273	220	144	5	156	366	149	361	3.70e-11	64.7
g206.t1	VFG043422(gb|WP_001080960)	26.022	269	171	7	160	414	147	401	4.46e-11	64.3
g206.t1	VFG001896(gb|YP_002343653)	24.891	229	158	6	160	381	147	368	5.54e-11	63.9
g206.t1	VFG011859(gb|WP_002867112)	24.891	229	158	6	160	381	147	368	6.00e-11	63.9
g206.t1	VFG011860(gb|WP_002854283)	24.891	229	158	6	160	381	147	368	6.22e-11	63.9
g206.t1	VFG017784(gb|WP_011989577)	24.891	229	158	6	160	381	147	368	6.33e-11	63.9
g206.t1	VFG043297(gb|WP_011860700)	26.667	240	154	5	160	387	151	380	8.43e-11	63.5
g206.t1	VFG011356(gb|WP_039051777)	26.531	245	162	5	156	387	180	419	8.72e-11	63.5
g206.t1	VFG043110(gb|WP_000213294)	28.216	241	159	5	156	387	160	395	3.42e-10	61.6
g206.t1	VFG023594(gb|WP_013649096)	26.054	261	175	6	160	412	152	402	4.40e-10	61.2
g206.t1	VFG006675(gb|WP_011115407)	24.590	244	172	5	156	392	164	402	5.93e-10	60.8
g206.t1	VFG016776(gb|WP_005767781)	27.434	226	149	7	149	366	238	456	8.80e-09	57.4
g206.t1	VFG042185(gb|NP_220236)	25.333	225	142	7	160	371	146	357	9.37e-06	47.4
g877.t1	VFG023720(gb|WP_010891217)	29.412	289	173	9	312	583	116	390	2.50e-19	90.9
g877.t1	VFG000390(gb|WP_002212955)	29.412	289	173	9	312	583	116	390	2.52e-19	90.9
g877.t1	VFG003193(gb|WP_011901825)	29.412	289	173	9	312	583	116	390	3.05e-19	90.5
g877.t1	VFG042117(gb|WP_010913971)	28.939	311	177	8	308	605	132	411	4.02e-19	90.5
g877.t1	VFG020864(gb|WP_000787219)	30.268	261	157	7	335	583	136	383	5.54e-19	89.7
g877.t1	VFG020860(gb|WP_000787210)	30.268	261	157	7	335	583	136	383	5.54e-19	89.7
g877.t1	VFG042168(gb|WP_010875105)	28.660	321	179	9	308	605	117	410	6.72e-19	89.7
g877.t1	VFG003918(gb|WP_000787208)	30.268	261	157	7	335	583	136	383	1.87e-18	88.2
g877.t1	VFG041687(gb|WP_015888354)	32.114	246	138	7	326	552	136	371	2.30e-18	87.8
g877.t1	VFG041866(gb|WP_011136150)	30.370	270	162	7	327	583	139	395	4.82e-18	87.0
g877.t1	VFG041657(gb|WP_012777227)	28.521	284	172	8	317	583	122	391	5.03e-18	87.0
g877.t1	VFG020866(gb|WP_000787223)	29.885	261	158	6	335	583	136	383	6.37e-18	86.7
g877.t1	VFG000515(gb|NP_460380)	29.885	261	158	6	335	583	136	383	6.43e-18	86.7
g877.t1	VFG003920(gb|WP_000787220)	29.885	261	158	6	335	583	136	383	7.56e-18	86.3
g877.t1	VFG041584(gb|WP_012847742)	28.889	270	162	9	327	583	134	386	1.03e-17	85.9
g877.t1	VFG041718(gb|WP_006487564)	32.567	261	149	8	336	583	159	405	1.05e-17	85.9
g877.t1	VFG007158(gb|WP_005477722)	28.028	289	177	9	312	583	116	390	1.21e-17	85.9
g877.t1	VFG042265(gb|AAS91810)	28.169	284	173	9	317	583	122	391	1.39e-17	85.5
g877.t1	VFG020862(gb|WP_000787216)	29.885	261	158	6	335	583	136	383	2.14e-17	84.7
g877.t1	VFG020863(gb|WP_000787222)	29.885	261	158	6	335	583	136	383	2.18e-17	84.7
g877.t1	VFG020859(gb|WP_000787227)	29.885	261	158	6	335	583	136	383	2.30e-17	84.7
g877.t1	VFG003921(gb|WP_001539917)	29.885	261	158	6	335	583	136	383	2.39e-17	84.7
g877.t1	VFG041940(gb|WP_011036431)	28.464	267	164	7	330	583	139	391	2.41e-17	84.7
g877.t1	VFG041821(gb|WP_011147908)	28.169	284	173	8	317	583	122	391	2.75e-17	84.7
g877.t1	VFG041746(gb|WP_004528905)	29.804	255	152	7	342	583	153	393	3.64e-17	84.3
g877.t1	VFG018450(gb|WP_000787204)	29.630	270	163	7	327	583	128	383	4.77e-17	84.0
g877.t1	VFG041993(gb|WP_011004167)	28.125	288	172	8	308	571	104	380	4.77e-17	84.0
g877.t1	VFG033542(gb|WP_000622542)	26.333	300	183	9	308	583	112	397	6.15e-17	83.6
g877.t1	VFG038348(gb|WP_005320755)	28.169	284	173	9	317	583	122	391	6.68e-17	83.6
g877.t1	VFG033544(gb|WP_000599710)	26.398	322	185	10	308	605	112	405	7.98e-17	83.2
g877.t1	VFG019951(gb|WP_012614296)	28.428	299	178	8	308	583	106	391	8.06e-17	83.2
g877.t1	VFG041547(gb|WP_012907119)	26.168	321	187	9	308	605	112	405	9.04e-17	83.2
g877.t1	VFG000192(gb|NP_250388)	28.904	301	174	10	308	583	106	391	9.91e-17	82.8
g877.t1	VFG015108(gb|WP_003100796)	28.904	301	174	10	308	583	106	391	1.08e-16	82.8
g877.t1	VFG020861(gb|WP_000787214)	30.120	249	152	5	335	571	136	374	1.41e-16	82.4
g877.t1	VFG033536(gb|WP_000622543)	28.571	266	155	8	308	549	112	366	1.80e-16	82.0
g877.t1	VFG033543(gb|WP_000622549)	25.979	281	168	7	337	605	153	405	1.97e-16	82.0
g877.t1	VFG000812(gb|WP_000622545)	26.641	259	164	7	337	583	153	397	3.10e-16	81.3
g877.t1	VFG041785(gb|WP_011176697)	27.891	294	183	10	303	583	112	389	1.58e-15	79.0
g877.t1	VFG018965(gb|WP_012304702)	28.295	258	158	7	340	583	147	391	3.05e-15	78.2
g877.t1	VFG015227(gb|WP_005763862)	28.832	274	163	10	325	583	140	396	3.08e-15	78.2
g877.t1	VFG001759(gb|WP_002209046)	28.295	258	158	7	340	583	147	391	3.39e-15	78.2
g877.t1	VFG017296(gb|WP_012105851)	28.295	258	158	7	340	583	147	391	3.51e-15	78.2
g877.t1	VFG003523(gb|WP_005173750)	27.953	254	155	7	313	549	108	350	3.93e-15	77.8
g877.t1	VFG015228(gb|WP_011266891)	31.405	242	133	9	325	549	140	365	5.34e-15	77.4
g877.t1	VFG000555(gb|NP_461815)	30.196	255	151	9	342	581	140	382	6.17e-15	77.4
g877.t1	VFG003743(gb|WP_000856761)	30.196	255	151	9	342	581	140	382	6.57e-15	77.0
g877.t1	VFG015229(gb|WP_004666087)	30.962	239	138	8	325	549	140	365	7.48e-15	77.0
g877.t1	VFG041775(gb|WP_011205607)	27.451	255	158	7	342	583	158	398	1.27e-14	76.3
g877.t1	VFG041471(gb|WP_004155876)	26.446	242	154	6	342	570	142	372	1.38e-14	76.3
g877.t1	VFG042081(gb|NP_311757)	29.752	242	144	7	321	549	122	350	2.05e-14	75.5
g877.t1	VFG014456(gb|WP_011059977)	26.718	262	166	6	335	582	149	398	2.20e-14	75.5
g877.t1	VFG018518(gb|WP_000856770)	31.532	222	126	8	342	549	140	349	2.41e-14	75.5
g877.t1	VFG000048(gb|WP_003820061)	25.850	294	190	8	302	583	115	392	2.54e-14	75.5
g877.t1	VFG043143(gb|WP_005478244)	27.481	262	165	7	324	571	138	388	3.66e-14	75.1
g877.t1	VFG011356(gb|WP_039051777)	26.074	326	193	11	280	571	109	420	5.09e-14	74.7
g877.t1	VFG041849(gb|WP_011136175)	28.182	220	136	6	342	549	140	349	6.36e-14	73.9
g877.t1	VFG011043(gb|WP_010928435)	25.850	294	190	8	302	583	115	392	6.38e-14	74.3
g877.t1	VFG011044(gb|WP_003809898)	25.850	294	190	8	302	583	115	392	6.61e-14	73.9
g877.t1	VFG014452(gb|WP_004664459)	25.896	251	162	5	335	571	149	389	9.64e-14	73.6
g877.t1	VFG014450(gb|WP_005767000)	25.896	251	162	5	335	571	149	389	9.64e-14	73.6
g877.t1	VFG041507(gb|WP_004155347)	28.309	272	163	10	327	583	147	401	9.80e-14	73.6
g877.t1	VFG014451(gb|WP_011268440)	25.896	251	162	5	335	571	149	389	1.34e-13	73.2
g877.t1	VFG041613(gb|WP_041382367)	29.515	227	134	8	334	549	128	339	1.58e-13	72.8
g877.t1	VFG014455(gb|WP_011534906)	26.616	263	165	7	335	582	149	398	2.43e-13	72.4
g877.t1	VFG025123(gb|WP_009896119)	28.516	256	157	9	339	579	142	386	2.91e-13	72.0
g877.t1	VFG014458(gb|WP_003243195)	26.190	252	160	7	335	571	149	389	3.16e-13	72.0
g877.t1	VFG043059(gb|NP_460925)	26.894	264	168	7	324	573	146	398	3.56e-13	72.0
g877.t1	VFG014457(gb|WP_011333051)	25.498	251	163	5	335	571	149	389	4.29e-13	71.6
g877.t1	VFG002459(gb|WP_004525313)	28.516	256	157	9	339	579	141	385	4.93e-13	71.2
g877.t1	VFG025116(gb|WP_004188269)	28.516	256	157	9	339	579	142	386	4.95e-13	71.2
g877.t1	VFG002331(gb|WP_026018001)	25.979	281	178	7	312	573	128	397	6.61e-13	70.9
g877.t1	VFG038641(gb|WP_005334747)	25.301	249	162	5	337	571	143	381	7.58e-13	70.9
g877.t1	VFG038640(gb|WP_005319328)	25.301	249	162	5	337	571	143	381	7.92e-13	70.9
g877.t1	VFG019838(gb|WP_015885190)	25.498	251	163	5	335	571	149	389	8.70e-13	70.5
g877.t1	VFG023641(gb|WP_005160385)	25.979	281	178	7	312	573	128	397	9.16e-13	70.5
g877.t1	VFG025119(gb|WP_004533187)	28.516	256	157	9	339	579	141	385	1.10e-12	70.1
g877.t1	VFG014453(gb|WP_010955088)	26.996	263	164	8	335	582	149	398	1.11e-12	70.5
g877.t1	VFG038639(gb|WP_011705275)	25.301	249	162	5	337	571	143	381	1.13e-12	70.1
g877.t1	VFG042236(gb|ABB77414)	29.046	241	136	10	327	549	147	370	1.15e-12	70.1
g877.t1	VFG015690(gb|WP_012273508)	26.996	263	164	8	335	582	149	398	1.19e-12	70.1
g877.t1	VFG014454(gb|WP_012051628)	26.996	263	164	8	335	582	149	398	1.26e-12	70.1
g877.t1	VFG023594(gb|WP_013649096)	27.559	254	165	8	340	583	147	391	1.32e-12	70.1
g877.t1	VFG014448(gb|WP_012076709)	25.498	251	163	5	335	571	149	389	1.59e-12	69.7
g877.t1	VFG011354(gb|WP_010928069)	26.061	330	196	11	276	571	112	427	1.61e-12	70.1
g877.t1	VFG043422(gb|WP_001080960)	27.509	269	160	8	327	571	119	376	1.70e-12	69.7
g877.t1	VFG007186(gb|WP_005463220)	29.412	238	141	9	324	549	117	339	1.74e-12	69.7
g877.t1	VFG020224(gb|WP_012413664)	26.165	279	176	7	312	571	146	413	2.01e-12	69.7
g877.t1	VFG003418(gb|WP_011192179)	26.165	279	176	7	312	571	140	407	2.07e-12	69.7
g877.t1	VFG002660(gb|WP_002211140)	26.165	279	176	7	312	571	158	425	2.12e-12	69.7
g877.t1	VFG011353(gb|WP_019247562)	26.061	330	196	11	276	571	112	427	2.12e-12	69.7
g877.t1	VFG003285(gb|WP_016674241)	26.165	279	176	7	312	571	152	419	2.12e-12	69.7
g877.t1	VFG011355(gb|WP_003811843)	26.061	330	196	11	276	571	112	427	2.66e-12	69.3
g877.t1	VFG017315(gb|WP_012105274)	26.165	279	176	7	312	571	146	413	2.71e-12	69.3
g877.t1	VFG016967(gb|WP_011458515)	27.645	293	176	10	305	579	118	392	3.70e-12	68.6
g877.t1	VFG015691(gb|WP_012315521)	26.616	263	165	8	335	582	149	398	4.18e-12	68.6
g877.t1	VFG001254(gb|NP_249795)	27.074	229	143	5	335	549	149	367	4.63e-12	68.2
g877.t1	VFG016960(gb|WP_010229194)	27.675	271	162	9	327	579	138	392	5.00e-12	68.2
g877.t1	VFG043275(gb|NP_464243)	28.519	270	152	9	329	571	120	375	5.10e-12	68.2
g877.t1	VFG014459(gb|WP_041755571)	25.498	251	163	5	335	571	149	389	5.21e-12	68.2
g877.t1	VFG016966(gb|WP_011006008)	27.675	271	162	9	327	579	138	392	5.70e-12	68.2
g877.t1	VFG016961(gb|WP_010883345)	27.165	254	156	7	342	579	152	392	5.80e-12	68.2
g877.t1	VFG018984(gb|WP_012304215)	25.806	279	177	7	312	571	146	413	6.03e-12	68.2
g877.t1	VFG043225(gb|WP_002211440)	27.734	256	155	8	307	549	120	358	6.77e-12	67.8
g877.t1	VFG041450(gb|WP_004157280)	25.991	227	146	5	335	549	135	351	7.41e-12	67.8
g877.t1	VFG016965(gb|WP_006343712)	27.891	294	174	11	305	579	118	392	7.83e-12	67.8
g877.t1	VFG002144(gb|NP_220188)	27.306	271	163	9	327	579	138	392	8.11e-12	67.4
g877.t1	VFG016959(gb|WP_011324814)	27.306	271	163	9	327	579	138	392	8.48e-12	67.4
g877.t1	VFG015588(gb|WP_009873281)	26.937	271	164	9	327	579	138	392	1.15e-11	67.0
g877.t1	VFG020111(gb|WP_000120388)	27.386	241	146	8	324	549	124	350	1.83e-11	66.2
g877.t1	VFG043178(gb|AAZ99740)	28.631	241	141	8	327	549	134	361	1.88e-11	66.2
g877.t1	VFG025488(gb|WP_020979409)	25.820	244	157	5	342	571	219	452	1.94e-11	66.6
g877.t1	VFG025489(gb|WP_012329410)	25.820	244	157	5	342	571	219	452	2.23e-11	66.2
g877.t1	VFG025486(gb|WP_041489263)	25.820	244	157	5	342	571	219	452	2.25e-11	66.2
g877.t1	VFG012691(gb|WP_000122614)	27.386	241	146	8	324	549	124	350	2.35e-11	65.9
g877.t1	VFG001008(gb|NP_858282)	27.386	241	146	8	324	549	124	350	2.68e-11	65.9
g877.t1	VFG012694(gb|WP_000122615)	27.386	241	146	8	324	549	124	350	2.77e-11	65.9
g877.t1	VFG001896(gb|YP_002343653)	22.222	387	247	14	213	579	33	385	3.45e-11	65.5
g877.t1	VFG011860(gb|WP_002854283)	22.222	387	247	14	213	579	33	385	3.63e-11	65.5
g877.t1	VFG017784(gb|WP_011989577)	22.222	387	247	14	213	579	33	385	3.80e-11	65.5
g877.t1	VFG011859(gb|WP_002867112)	22.222	387	247	14	213	579	33	385	4.64e-11	65.1
g877.t1	VFG025498(gb|WP_009893510)	25.820	244	157	5	342	571	214	447	5.28e-11	65.1
g877.t1	VFG002499(gb|WP_004197164)	25.820	244	157	5	342	571	228	461	7.74e-11	64.7
g877.t1	VFG025495(gb|WP_004525876)	25.820	244	157	5	342	571	231	464	7.78e-11	64.7
g877.t1	VFG019638(gb|WP_001128706)	24.242	264	187	6	323	579	127	384	8.38e-11	64.3
g877.t1	VFG006673(gb|WP_001128767)	24.296	284	197	7	308	579	107	384	8.38e-11	64.3
g877.t1	VFG043340(gb|WP_011946712)	24.913	289	184	8	311	582	123	395	8.53e-11	64.3
g877.t1	VFG006671(gb|WP_001128788)	24.242	264	187	6	323	579	127	384	8.91e-11	64.3
g877.t1	VFG006672(gb|WP_001128709)	24.296	284	197	7	308	579	107	384	9.23e-11	64.3
g877.t1	VFG019639(gb|WP_001128731)	24.242	264	187	6	323	579	127	384	1.09e-10	63.9
g877.t1	VFG007455(gb|WP_000880257)	25.597	293	175	8	308	571	102	380	2.09e-10	63.2
g877.t1	VFG007454(gb|WP_000880258)	25.939	293	174	8	308	571	102	380	2.09e-10	63.2
g877.t1	VFG019640(gb|WP_001128782)	24.296	284	197	7	308	579	107	384	2.20e-10	63.2
g877.t1	VFG007456(gb|WP_005457757)	25.517	290	179	7	308	571	102	380	2.76e-10	62.8
g877.t1	VFG043110(gb|WP_000213294)	26.136	264	170	7	324	573	146	398	2.85e-10	62.8
g877.t1	VFG038867(gb|WP_005314284)	28.241	216	131	6	348	549	159	364	2.89e-10	62.8
g877.t1	VFG007458(gb|WP_043877279)	25.573	262	170	6	324	571	130	380	3.39e-10	62.4
g877.t1	VFG007457(gb|WP_026130674)	25.573	262	170	6	324	571	130	380	3.54e-10	62.4
g877.t1	VFG006674(gb|WP_011577083)	23.944	284	198	7	308	579	107	384	9.39e-10	60.8
g877.t1	VFG011861(gb|WP_002850774)	23.846	260	186	5	327	579	131	385	1.03e-09	60.8
g877.t1	VFG043297(gb|WP_011860700)	27.626	257	154	8	342	582	150	390	3.94e-09	58.9
g877.t1	VFG006675(gb|WP_011115407)	23.600	250	169	6	342	579	167	406	4.19e-09	58.9
g877.t1	VFG016776(gb|WP_005767781)	28.444	225	136	6	339	549	243	456	7.73e-09	58.5
g877.t1	VFG007459(gb|WP_005420355)	25.725	276	164	9	324	577	130	386	2.77e-08	56.2
g877.t1	VFG042185(gb|NP_220236)	26.772	254	156	12	343	582	146	383	4.63e-08	55.8
g1285.t1	VFG020864(gb|WP_000787219)	30.315	254	152	7	334	575	143	383	2.79e-19	90.5
g1285.t1	VFG020860(gb|WP_000787210)	30.315	254	152	7	334	575	143	383	2.94e-19	90.5
g1285.t1	VFG003918(gb|WP_000787208)	30.315	254	152	7	334	575	143	383	1.12e-18	89.0
g1285.t1	VFG020866(gb|WP_000787223)	30.040	253	152	6	335	575	144	383	2.62e-18	87.8
g1285.t1	VFG000515(gb|NP_460380)	29.921	254	153	6	334	575	143	383	2.91e-18	87.4
g1285.t1	VFG042117(gb|WP_010913971)	31.183	279	161	8	300	563	132	394	3.01e-18	87.8
g1285.t1	VFG003920(gb|WP_000787220)	29.921	254	153	6	334	575	143	383	3.10e-18	87.4
g1285.t1	VFG041687(gb|WP_015888354)	31.707	246	139	7	318	544	136	371	3.95e-18	87.0
g1285.t1	VFG041584(gb|WP_012847742)	28.889	270	162	8	319	575	134	386	4.17e-18	87.0
g1285.t1	VFG041657(gb|WP_012777227)	28.521	284	172	8	309	575	122	391	4.95e-18	87.0
g1285.t1	VFG041718(gb|WP_006487564)	32.677	254	146	7	334	575	165	405	5.95e-18	86.7
g1285.t1	VFG000390(gb|WP_002212955)	28.425	292	172	9	304	575	116	390	6.51e-18	86.7
g1285.t1	VFG042168(gb|WP_010875105)	28.793	323	176	10	300	597	117	410	6.82e-18	86.7
g1285.t1	VFG023720(gb|WP_010891217)	28.425	292	172	9	304	575	116	390	7.52e-18	86.3
g1285.t1	VFG020859(gb|WP_000787227)	30.040	253	152	6	335	575	144	383	8.90e-18	85.9
g1285.t1	VFG003193(gb|WP_011901825)	28.425	292	172	9	304	575	116	390	9.08e-18	85.9
g1285.t1	VFG003921(gb|WP_001539917)	30.040	253	152	6	335	575	144	383	9.92e-18	85.9
g1285.t1	VFG020862(gb|WP_000787216)	29.921	254	153	6	334	575	143	383	1.00e-17	85.9
g1285.t1	VFG020863(gb|WP_000787222)	30.040	253	152	6	335	575	144	383	1.02e-17	85.9
g1285.t1	VFG033543(gb|WP_000622549)	26.259	278	165	7	332	597	156	405	1.23e-17	85.5
g1285.t1	VFG041940(gb|WP_011036431)	28.235	255	156	7	334	575	151	391	2.06e-17	85.1
g1285.t1	VFG041821(gb|WP_011147908)	28.169	284	173	8	309	575	122	391	2.24e-17	84.7
g1285.t1	VFG018450(gb|WP_000787204)	30.350	257	146	8	335	575	144	383	2.37e-17	84.7
g1285.t1	VFG041866(gb|WP_011136150)	29.297	256	156	6	332	575	153	395	3.34e-17	84.3
g1285.t1	VFG007158(gb|WP_005477722)	28.028	289	177	9	304	575	116	390	4.85e-17	84.0
g1285.t1	VFG033544(gb|WP_000599710)	26.978	278	163	8	332	597	156	405	6.27e-17	83.6
g1285.t1	VFG020861(gb|WP_000787214)	30.165	242	147	5	334	563	143	374	7.22e-17	83.2
g1285.t1	VFG033542(gb|WP_000622542)	26.953	256	161	7	332	575	156	397	7.24e-17	83.2
g1285.t1	VFG041547(gb|WP_012907119)	26.978	278	163	8	332	597	156	405	7.64e-17	83.2
g1285.t1	VFG042265(gb|AAS91810)	27.817	284	174	8	309	575	122	391	9.16e-17	82.8
g1285.t1	VFG000812(gb|WP_000622545)	25.899	278	166	7	332	597	156	405	9.90e-17	82.8
g1285.t1	VFG033536(gb|WP_000622543)	25.899	278	166	7	332	597	156	405	1.22e-16	82.4
g1285.t1	VFG041993(gb|WP_011004167)	28.214	280	156	8	334	598	149	398	1.42e-16	82.4
g1285.t1	VFG041746(gb|WP_004528905)	29.412	255	153	7	334	575	153	393	1.56e-16	82.4
g1285.t1	VFG018965(gb|WP_012304702)	28.462	260	159	7	330	575	145	391	2.09e-16	82.0
g1285.t1	VFG001759(gb|WP_002209046)	28.462	260	159	7	330	575	145	391	2.18e-16	81.6
g1285.t1	VFG038348(gb|WP_005320755)	27.817	284	174	8	309	575	122	391	2.24e-16	81.6
g1285.t1	VFG017296(gb|WP_012105851)	28.462	260	159	7	330	575	145	391	2.26e-16	81.6
g1285.t1	VFG019951(gb|WP_012614296)	28.094	299	179	8	300	575	106	391	2.80e-16	81.3
g1285.t1	VFG015108(gb|WP_003100796)	28.333	300	177	9	300	575	106	391	4.70e-16	80.9
g1285.t1	VFG000192(gb|NP_250388)	28.333	300	177	9	300	575	106	391	4.96e-16	80.5
g1285.t1	VFG000555(gb|NP_461815)	30.196	255	151	9	334	573	140	382	1.31e-15	79.3
g1285.t1	VFG003743(gb|WP_000856761)	30.196	255	151	9	334	573	140	382	1.33e-15	79.3
g1285.t1	VFG015227(gb|WP_005763862)	28.938	273	164	9	317	575	140	396	2.24e-15	78.6
g1285.t1	VFG041471(gb|WP_004155876)	26.446	242	154	6	334	562	142	372	3.56e-15	77.8
g1285.t1	VFG014456(gb|WP_011059977)	27.451	255	159	6	334	574	156	398	3.64e-15	78.2
g1285.t1	VFG041775(gb|WP_011205607)	27.451	255	158	7	334	575	158	398	5.16e-15	77.4
g1285.t1	VFG015228(gb|WP_011266891)	31.967	244	129	10	317	541	140	365	6.11e-15	77.4
g1285.t1	VFG018518(gb|WP_000856770)	31.532	222	126	8	334	541	140	349	7.81e-15	77.0
g1285.t1	VFG015229(gb|WP_004666087)	30.962	239	138	8	317	541	140	365	8.20e-15	77.0
g1285.t1	VFG014452(gb|WP_004664459)	26.639	244	155	5	334	563	156	389	1.08e-14	76.6
g1285.t1	VFG041849(gb|WP_011136175)	28.182	220	136	6	334	541	140	349	1.12e-14	76.3
g1285.t1	VFG014450(gb|WP_005767000)	26.639	244	155	5	334	563	156	389	1.14e-14	76.6
g1285.t1	VFG014451(gb|WP_011268440)	26.639	244	155	5	334	563	156	389	1.47e-14	76.3
g1285.t1	VFG025123(gb|WP_009896119)	28.358	268	165	10	331	583	142	397	1.95e-14	75.9
g1285.t1	VFG002459(gb|WP_004525313)	28.731	268	164	10	331	583	141	396	2.08e-14	75.5
g1285.t1	VFG025116(gb|WP_004188269)	28.731	268	164	10	331	583	142	397	2.09e-14	75.5
g1285.t1	VFG003523(gb|WP_005173750)	26.792	265	164	8	305	551	108	360	3.17e-14	75.1
g1285.t1	VFG041785(gb|WP_011176697)	27.344	256	161	7	332	575	147	389	3.83e-14	74.7
g1285.t1	VFG025119(gb|WP_004533187)	28.731	268	164	10	331	583	141	396	5.20e-14	74.3
g1285.t1	VFG041507(gb|WP_004155347)	27.675	271	166	9	319	575	147	401	7.88e-14	73.9
g1285.t1	VFG043143(gb|WP_005478244)	26.718	262	167	7	316	563	138	388	1.01e-13	73.6
g1285.t1	VFG014455(gb|WP_011534906)	26.953	256	159	7	334	574	156	398	1.14e-13	73.6
g1285.t1	VFG000048(gb|WP_003820061)	25.510	294	191	8	294	575	115	392	1.36e-13	73.2
g1285.t1	VFG014458(gb|WP_003243195)	25.820	244	157	5	334	563	156	389	1.68e-13	72.8
g1285.t1	VFG042236(gb|ABB77414)	29.167	240	137	10	319	541	147	370	1.87e-13	72.8
g1285.t1	VFG042081(gb|NP_311757)	29.545	220	131	6	335	541	142	350	1.91e-13	72.4
g1285.t1	VFG019838(gb|WP_015885190)	26.230	244	156	5	334	563	156	389	1.93e-13	72.8
g1285.t1	VFG023594(gb|WP_013649096)	27.559	254	165	7	332	575	147	391	2.25e-13	72.4
g1285.t1	VFG014457(gb|WP_011333051)	25.820	244	157	5	334	563	156	389	2.43e-13	72.4
g1285.t1	VFG011044(gb|WP_003809898)	25.510	294	191	8	294	575	115	392	2.91e-13	72.0
g1285.t1	VFG041613(gb|WP_041382367)	29.817	218	129	7	335	541	135	339	2.98e-13	72.0
g1285.t1	VFG011043(gb|WP_010928435)	25.510	294	191	8	294	575	115	392	2.99e-13	72.0
g1285.t1	VFG014453(gb|WP_010955088)	26.667	255	161	6	334	574	156	398	4.77e-13	71.2
g1285.t1	VFG015690(gb|WP_012273508)	26.667	255	161	6	334	574	156	398	4.99e-13	71.2
g1285.t1	VFG014454(gb|WP_012051628)	26.667	255	161	6	334	574	156	398	5.17e-13	71.2
g1285.t1	VFG043059(gb|NP_460925)	26.894	264	168	7	316	565	146	398	5.75e-13	71.2
g1285.t1	VFG002331(gb|WP_026018001)	25.623	281	179	7	304	565	128	397	7.98e-13	70.9
g1285.t1	VFG011356(gb|WP_039051777)	26.599	297	171	10	300	563	138	420	8.16e-13	70.9
g1285.t1	VFG014448(gb|WP_012076709)	25.820	244	157	5	334	563	156	389	8.94e-13	70.5
g1285.t1	VFG023641(gb|WP_005160385)	25.623	281	179	7	304	565	128	397	1.17e-12	70.1
g1285.t1	VFG015691(gb|WP_012315521)	26.275	255	162	6	334	574	156	398	1.27e-12	70.1
g1285.t1	VFG016967(gb|WP_011458515)	27.574	272	164	9	316	571	138	392	1.28e-12	70.1
g1285.t1	VFG016960(gb|WP_010229194)	27.574	272	164	9	316	571	138	392	1.33e-12	70.1
g1285.t1	VFG014459(gb|WP_041755571)	25.820	244	157	5	334	563	156	389	1.42e-12	70.1
g1285.t1	VFG016966(gb|WP_011006008)	27.574	272	164	9	316	571	138	392	1.44e-12	69.7
g1285.t1	VFG038639(gb|WP_011705275)	25.410	244	158	5	334	563	148	381	1.54e-12	69.7
g1285.t1	VFG016961(gb|WP_010883345)	27.165	254	156	7	334	571	152	392	1.72e-12	69.7
g1285.t1	VFG038641(gb|WP_005334747)	25.410	244	158	5	334	563	148	381	1.86e-12	69.7
g1285.t1	VFG038640(gb|WP_005319328)	25.410	244	158	5	334	563	148	381	2.18e-12	69.3
g1285.t1	VFG003418(gb|WP_011192179)	25.573	262	170	6	316	563	157	407	2.19e-12	69.3
g1285.t1	VFG002660(gb|WP_002211140)	25.806	279	177	7	304	563	158	425	2.30e-12	69.3
g1285.t1	VFG020224(gb|WP_012413664)	25.806	279	177	7	304	563	146	413	2.30e-12	69.3
g1285.t1	VFG003285(gb|WP_016674241)	25.806	279	177	7	304	563	152	419	2.56e-12	69.3
g1285.t1	VFG017315(gb|WP_012105274)	25.806	279	177	7	304	563	146	413	2.63e-12	69.3
g1285.t1	VFG041450(gb|WP_004157280)	26.957	230	144	6	326	541	132	351	2.69e-12	68.9
g1285.t1	VFG001254(gb|NP_249795)	27.477	222	137	5	334	541	156	367	2.74e-12	68.9
g1285.t1	VFG016965(gb|WP_006343712)	27.839	273	162	10	316	571	138	392	2.78e-12	68.9
g1285.t1	VFG043275(gb|NP_464243)	28.185	259	164	7	316	563	128	375	4.07e-12	68.6
g1285.t1	VFG002144(gb|NP_220188)	26.766	269	167	8	319	571	138	392	4.39e-12	68.2
g1285.t1	VFG016959(gb|WP_011324814)	26.766	269	167	8	319	571	138	392	4.43e-12	68.2
g1285.t1	VFG011860(gb|WP_002854283)	22.481	387	246	14	205	571	33	385	5.10e-12	68.2
g1285.t1	VFG018984(gb|WP_012304215)	25.448	279	178	7	304	563	146	413	5.12e-12	68.2
g1285.t1	VFG001896(gb|YP_002343653)	22.481	387	246	14	205	571	33	385	5.23e-12	68.2
g1285.t1	VFG025488(gb|WP_020979409)	26.230	244	156	5	334	563	219	452	5.48e-12	68.2
g1285.t1	VFG025486(gb|WP_041489263)	26.230	244	156	5	334	563	219	452	5.87e-12	68.2
g1285.t1	VFG011859(gb|WP_002867112)	22.481	387	246	14	205	571	33	385	6.35e-12	67.8
g1285.t1	VFG025489(gb|WP_012329410)	26.230	244	156	5	334	563	219	452	6.69e-12	68.2
g1285.t1	VFG043422(gb|WP_001080960)	26.996	263	169	6	337	587	149	400	6.70e-12	67.8
g1285.t1	VFG015588(gb|WP_009873281)	26.394	269	168	8	319	571	138	392	6.77e-12	67.8
g1285.t1	VFG025498(gb|WP_009893510)	26.230	244	156	5	334	563	214	447	6.86e-12	68.2
g1285.t1	VFG011354(gb|WP_010928069)	26.022	269	164	8	316	563	173	427	7.51e-12	67.8
g1285.t1	VFG017784(gb|WP_011989577)	22.481	387	246	14	205	571	33	385	8.34e-12	67.4
g1285.t1	VFG007186(gb|WP_005463220)	29.730	222	124	7	335	541	135	339	8.91e-12	67.4
g1285.t1	VFG011355(gb|WP_003811843)	26.022	269	164	8	316	563	173	427	1.04e-11	67.4
g1285.t1	VFG011353(gb|WP_019247562)	26.022	269	164	8	316	563	173	427	1.18e-11	67.0
g1285.t1	VFG043225(gb|WP_002211440)	27.273	242	152	7	313	541	128	358	1.48e-11	66.6
g1285.t1	VFG025495(gb|WP_004525876)	26.230	244	156	5	334	563	231	464	1.68e-11	66.6
g1285.t1	VFG002499(gb|WP_004197164)	26.230	244	156	5	334	563	228	461	1.89e-11	66.6
g1285.t1	VFG020111(gb|WP_000120388)	26.906	223	136	6	334	541	140	350	2.16e-11	66.2
g1285.t1	VFG043178(gb|AAZ99740)	27.928	222	136	6	334	541	150	361	2.48e-11	65.9
g1285.t1	VFG012691(gb|WP_000122614)	25.296	253	162	6	334	571	140	380	2.64e-11	65.9
g1285.t1	VFG012694(gb|WP_000122615)	25.397	252	161	6	335	571	141	380	3.15e-11	65.5
g1285.t1	VFG001008(gb|NP_858282)	25.397	252	161	6	335	571	141	380	3.32e-11	65.5
g1285.t1	VFG019638(gb|WP_001128706)	24.296	284	197	7	300	571	107	384	9.11e-11	64.3
g1285.t1	VFG043340(gb|WP_011946712)	24.476	286	189	7	303	574	123	395	9.27e-11	64.3
g1285.t1	VFG006673(gb|WP_001128767)	24.296	284	197	7	300	571	107	384	1.02e-10	63.9
g1285.t1	VFG007456(gb|WP_005457757)	25.926	243	156	5	335	563	148	380	1.04e-10	63.9
g1285.t1	VFG006672(gb|WP_001128709)	24.296	284	197	7	300	571	107	384	1.25e-10	63.9
g1285.t1	VFG038867(gb|WP_005314284)	28.241	216	131	6	340	541	159	364	1.28e-10	63.9
g1285.t1	VFG006671(gb|WP_001128788)	24.296	284	197	7	300	571	107	384	1.55e-10	63.5
g1285.t1	VFG019639(gb|WP_001128731)	24.296	284	197	7	300	571	107	384	1.70e-10	63.2
g1285.t1	VFG007457(gb|WP_026130674)	25.301	249	162	5	335	569	148	386	2.59e-10	62.8
g1285.t1	VFG007458(gb|WP_043877279)	25.301	249	162	5	335	569	148	386	2.66e-10	62.8
g1285.t1	VFG019640(gb|WP_001128782)	24.296	284	197	7	300	571	107	384	3.47e-10	62.4
g1285.t1	VFG043110(gb|WP_000213294)	26.136	264	170	7	316	565	146	398	4.84e-10	62.0
g1285.t1	VFG006674(gb|WP_011577083)	23.944	284	198	7	300	571	107	384	1.54e-09	60.5
g1285.t1	VFG007454(gb|WP_000880258)	25.084	299	181	8	300	569	102	386	1.72e-09	60.1
g1285.t1	VFG006675(gb|WP_011115407)	23.600	250	169	6	334	571	167	406	1.77e-09	60.1
g1285.t1	VFG007455(gb|WP_000880257)	25.084	299	181	8	300	569	102	386	1.93e-09	60.1
g1285.t1	VFG043297(gb|WP_011860700)	27.344	256	156	7	334	574	150	390	3.27e-09	59.3
g1285.t1	VFG016776(gb|WP_005767781)	26.829	246	155	6	331	562	243	477	3.52e-09	59.3
g1285.t1	VFG011861(gb|WP_002850774)	24.490	245	173	5	334	571	146	385	3.84e-09	58.9
g1285.t1	VFG007459(gb|WP_005420355)	25.794	252	157	6	335	569	148	386	1.58e-08	57.0
g1285.t1	VFG042185(gb|NP_220236)	27.165	254	155	11	335	574	146	383	2.48e-08	56.6
g1285.t1	VFG042144(gb|WP_010883493)	23.320	253	166	8	335	574	146	383	7.92e-06	48.5
g5340.t1	VFG020860(gb|WP_000787210)	31.076	251	148	8	157	393	140	379	2.06e-18	86.7
g5340.t1	VFG020864(gb|WP_000787219)	31.076	251	148	8	157	393	140	379	2.45e-18	86.3
g5340.t1	VFG003918(gb|WP_000787208)	31.076	251	148	8	157	393	140	379	6.68e-18	85.1
g5340.t1	VFG020866(gb|WP_000787223)	30.952	252	147	8	157	393	140	379	9.56e-18	84.7
g5340.t1	VFG000515(gb|NP_460380)	30.952	252	147	8	157	393	140	379	9.65e-18	84.7
g5340.t1	VFG003920(gb|WP_000787220)	30.952	252	147	8	157	393	140	379	1.10e-17	84.3
g5340.t1	VFG020863(gb|WP_000787222)	30.952	252	147	8	157	393	140	379	2.74e-17	83.2
g5340.t1	VFG020862(gb|WP_000787216)	30.952	252	147	8	157	393	140	379	2.85e-17	83.2
g5340.t1	VFG020859(gb|WP_000787227)	30.952	252	147	8	157	393	140	379	2.87e-17	83.2
g5340.t1	VFG003921(gb|WP_001539917)	30.952	252	147	8	157	393	140	379	3.12e-17	83.2
g5340.t1	VFG020861(gb|WP_000787214)	31.301	246	142	8	157	387	140	373	5.70e-17	82.4
g5340.t1	VFG018450(gb|WP_000787204)	31.301	246	142	8	157	387	140	373	1.77e-16	80.9
g5340.t1	VFG043340(gb|WP_011946712)	29.046	241	157	5	156	387	148	383	4.09e-16	79.7
g5340.t1	VFG041687(gb|WP_015888354)	30.488	246	149	5	160	393	160	395	1.08e-15	78.6
g5340.t1	VFG014457(gb|WP_011333051)	28.750	240	157	5	156	386	153	387	2.25e-15	77.4
g5340.t1	VFG042168(gb|WP_010875105)	29.851	268	161	6	160	414	163	416	2.84e-15	77.4
g5340.t1	VFG041821(gb|WP_011147908)	29.368	269	163	8	160	415	152	406	2.93e-15	77.0
g5340.t1	VFG014456(gb|WP_011059977)	27.737	274	180	6	156	416	153	421	3.03e-15	77.0
g5340.t1	VFG041657(gb|WP_012777227)	29.368	269	163	8	160	415	152	406	3.53e-15	77.0
g5340.t1	VFG000390(gb|WP_002212955)	29.259	270	160	9	160	414	151	404	7.28e-15	75.9
g5340.t1	VFG041993(gb|WP_011004167)	29.268	246	158	6	160	396	150	388	7.76e-15	75.9
g5340.t1	VFG023720(gb|WP_010891217)	29.259	270	160	9	160	414	151	404	7.83e-15	75.9
g5340.t1	VFG003193(gb|WP_011901825)	29.259	270	160	9	160	414	151	404	8.34e-15	75.9
g5340.t1	VFG042117(gb|WP_010913971)	30.038	263	167	6	160	414	164	417	9.12e-15	75.9
g5340.t1	VFG041718(gb|WP_006487564)	30.712	267	160	6	160	414	166	419	1.68e-14	74.7
g5340.t1	VFG014450(gb|WP_005767000)	29.185	233	151	5	156	379	153	380	2.37e-14	74.3
g5340.t1	VFG014451(gb|WP_011268440)	29.185	233	151	5	156	379	153	380	2.39e-14	74.3
g5340.t1	VFG041471(gb|WP_004155876)	28.467	274	161	9	160	414	143	400	2.39e-14	74.3
g5340.t1	VFG041866(gb|WP_011136150)	30.364	247	148	7	160	393	156	391	2.97e-14	73.9
g5340.t1	VFG015227(gb|WP_005763862)	29.630	243	155	7	160	393	157	392	3.25e-14	73.9
g5340.t1	VFG014452(gb|WP_004664459)	29.185	233	151	5	156	379	153	380	3.82e-14	73.9
g5340.t1	VFG001254(gb|NP_249795)	29.046	241	151	7	156	381	153	388	3.88e-14	73.9
g5340.t1	VFG014459(gb|WP_041755571)	28.631	241	152	6	156	381	153	388	4.53e-14	73.6
g5340.t1	VFG041746(gb|WP_004528905)	26.235	324	198	9	87	396	96	392	6.94e-14	72.8
g5340.t1	VFG014448(gb|WP_012076709)	30.455	220	139	6	156	366	153	367	7.96e-14	72.8
g5340.t1	VFG043225(gb|WP_002211440)	28.696	230	145	5	168	386	157	378	8.27e-14	72.8
g5340.t1	VFG041785(gb|WP_011176697)	27.985	268	175	8	160	418	150	408	1.04e-13	72.4
g5340.t1	VFG014458(gb|WP_003243195)	29.046	241	151	6	156	381	153	388	1.08e-13	72.4
g5340.t1	VFG014453(gb|WP_010955088)	29.614	233	150	5	156	379	153	380	1.26e-13	72.0
g5340.t1	VFG015108(gb|WP_003100796)	28.358	268	165	7	160	414	152	405	1.38e-13	72.0
g5340.t1	VFG043275(gb|NP_464243)	27.206	272	172	7	160	418	146	404	1.40e-13	72.0
g5340.t1	VFG015690(gb|WP_012273508)	29.614	233	150	5	156	379	153	380	1.40e-13	72.0
g5340.t1	VFG000192(gb|NP_250388)	28.358	268	165	7	160	414	152	405	1.46e-13	72.0
g5340.t1	VFG014454(gb|WP_012051628)	29.614	233	150	5	156	379	153	380	1.46e-13	72.0
g5340.t1	VFG007158(gb|WP_005477722)	29.134	254	153	6	160	400	151	390	1.49e-13	72.0
g5340.t1	VFG019838(gb|WP_015885190)	29.185	233	151	5	156	379	153	380	1.51e-13	72.0
g5340.t1	VFG019951(gb|WP_012614296)	28.090	267	167	6	160	414	152	405	1.55e-13	72.0
g5340.t1	VFG003743(gb|WP_000856761)	27.642	246	163	6	157	393	137	376	1.82e-13	71.6
g5340.t1	VFG000555(gb|NP_461815)	27.642	246	163	6	157	393	137	376	1.85e-13	71.6
g5340.t1	VFG038348(gb|WP_005320755)	28.358	268	165	7	160	414	152	405	2.66e-13	71.2
g5340.t1	VFG015691(gb|WP_012315521)	30.455	220	139	5	156	366	153	367	2.83e-13	71.2
g5340.t1	VFG015229(gb|WP_004666087)	29.218	243	156	7	160	393	157	392	2.91e-13	70.9
g5340.t1	VFG038639(gb|WP_011705275)	27.197	239	160	5	156	385	145	378	3.09e-13	70.9
g5340.t1	VFG041584(gb|WP_012847742)	27.572	243	160	5	160	394	149	383	3.33e-13	70.9
g5340.t1	VFG041940(gb|WP_011036431)	27.236	246	163	6	160	396	152	390	3.50e-13	70.9
g5340.t1	VFG018518(gb|WP_000856770)	27.711	249	159	7	157	393	137	376	3.60e-13	70.9
g5340.t1	VFG015228(gb|WP_011266891)	29.218	243	156	7	160	393	157	392	3.91e-13	70.5
g5340.t1	VFG041849(gb|WP_011136175)	27.755	245	157	7	160	393	141	376	4.02e-13	70.5
g5340.t1	VFG038641(gb|WP_005334747)	27.197	239	160	5	156	385	145	378	4.59e-13	70.5
g5340.t1	VFG038640(gb|WP_005319328)	27.197	239	160	5	156	385	145	378	5.02e-13	70.5
g5340.t1	VFG042265(gb|AAS91810)	27.985	268	166	7	160	414	152	405	5.75e-13	70.1
g5340.t1	VFG014455(gb|WP_011534906)	29.915	234	148	7	156	379	153	380	5.83e-13	70.1
g5340.t1	VFG018965(gb|WP_012304702)	28.745	247	154	5	159	393	151	387	6.91e-13	69.7
g5340.t1	VFG043059(gb|NP_460925)	27.481	262	171	8	136	387	143	395	6.94e-13	70.1
g5340.t1	VFG043143(gb|WP_005478244)	29.630	216	138	6	160	366	156	366	8.00e-13	69.7
g5340.t1	VFG007456(gb|WP_005457757)	27.948	229	151	5	168	387	156	379	8.35e-13	69.7
g5340.t1	VFG033543(gb|WP_000622549)	28.049	246	154	7	160	393	159	393	1.05e-12	69.3
g5340.t1	VFG041613(gb|WP_041382367)	26.692	266	170	7	160	415	135	385	1.15e-12	68.9
g5340.t1	VFG025498(gb|WP_009893510)	28.216	241	159	5	156	387	211	446	1.15e-12	69.3
g5340.t1	VFG033536(gb|WP_000622543)	30.702	228	134	8	160	374	159	375	1.31e-12	68.9
g5340.t1	VFG041547(gb|WP_012907119)	28.455	246	153	7	160	393	159	393	1.31e-12	68.9
g5340.t1	VFG000812(gb|WP_000622545)	30.702	228	134	8	160	374	159	375	1.34e-12	68.9
g5340.t1	VFG033542(gb|WP_000622542)	28.750	240	148	7	160	387	159	387	1.54e-12	68.9
g5340.t1	VFG025488(gb|WP_020979409)	28.216	241	159	5	156	387	216	451	1.68e-12	68.9
g5340.t1	VFG025486(gb|WP_041489263)	28.216	241	159	5	156	387	216	451	2.21e-12	68.6
g5340.t1	VFG025489(gb|WP_012329410)	28.216	241	159	5	156	387	216	451	2.29e-12	68.6
g5340.t1	VFG007457(gb|WP_026130674)	27.511	229	152	5	168	387	156	379	2.61e-12	68.2
g5340.t1	VFG007458(gb|WP_043877279)	27.511	229	152	5	168	387	156	379	2.68e-12	68.2
g5340.t1	VFG033544(gb|WP_000599710)	30.594	219	129	7	160	366	159	366	2.85e-12	67.8
g5340.t1	VFG041775(gb|WP_011205607)	25.767	326	197	11	87	396	101	397	2.95e-12	67.8
g5340.t1	VFG003418(gb|WP_011192179)	26.556	241	163	5	156	387	171	406	3.13e-12	67.8
g5340.t1	VFG020111(gb|WP_000120388)	26.280	293	195	9	134	416	120	401	3.26e-12	67.8
g5340.t1	VFG002499(gb|WP_004197164)	28.216	241	159	5	156	387	225	460	3.57e-12	67.8
g5340.t1	VFG017315(gb|WP_012105274)	26.556	241	163	5	156	387	177	412	3.60e-12	67.8
g5340.t1	VFG020224(gb|WP_012413664)	26.556	241	163	5	156	387	177	412	3.70e-12	67.8
g5340.t1	VFG025495(gb|WP_004525876)	28.216	241	159	5	156	387	228	463	3.71e-12	67.8
g5340.t1	VFG016960(gb|WP_010229194)	29.098	244	144	7	160	387	153	383	3.82e-12	67.4
g5340.t1	VFG001008(gb|NP_858282)	26.280	293	195	9	134	416	120	401	3.86e-12	67.4
g5340.t1	VFG012691(gb|WP_000122614)	26.280	293	195	9	134	416	120	401	4.07e-12	67.4
g5340.t1	VFG002660(gb|WP_002211140)	26.556	241	163	5	156	387	189	424	4.11e-12	67.8
g5340.t1	VFG001759(gb|WP_002209046)	28.455	246	154	5	160	393	152	387	4.33e-12	67.4
g5340.t1	VFG017296(gb|WP_012105851)	28.455	246	154	5	160	393	152	387	4.36e-12	67.4
g5340.t1	VFG016961(gb|WP_010883345)	28.689	244	145	7	160	387	153	383	4.61e-12	67.4
g5340.t1	VFG003285(gb|WP_016674241)	26.556	241	163	5	156	387	183	418	4.68e-12	67.4
g5340.t1	VFG016967(gb|WP_011458515)	28.689	244	145	7	160	387	153	383	4.95e-12	67.4
g5340.t1	VFG016966(gb|WP_011006008)	28.689	244	145	7	160	387	153	383	5.32e-12	67.0
g5340.t1	VFG003523(gb|WP_005173750)	27.668	253	162	7	153	393	134	377	5.83e-12	67.0
g5340.t1	VFG012694(gb|WP_000122615)	26.280	293	195	9	134	416	120	401	5.98e-12	67.0
g5340.t1	VFG041450(gb|WP_004157280)	29.134	254	149	8	157	393	139	378	6.45e-12	66.6
g5340.t1	VFG002331(gb|WP_026018001)	25.869	259	174	6	138	387	145	394	6.67e-12	67.0
g5340.t1	VFG016959(gb|WP_011324814)	28.689	244	145	7	160	387	153	383	7.08e-12	66.6
g5340.t1	VFG002144(gb|NP_220188)	28.689	244	145	7	160	387	153	383	7.53e-12	66.6
g5340.t1	VFG015588(gb|WP_009873281)	28.631	241	149	6	160	387	153	383	7.88e-12	66.6
g5340.t1	VFG018984(gb|WP_012304215)	26.141	241	164	5	156	387	177	412	9.01e-12	66.6
g5340.t1	VFG023641(gb|WP_005160385)	25.869	259	174	6	138	387	145	394	1.10e-11	66.2
g5340.t1	VFG007455(gb|WP_000880257)	28.017	232	147	6	168	387	156	379	1.15e-11	66.2
g5340.t1	VFG007454(gb|WP_000880258)	28.017	232	147	6	168	387	156	379	1.22e-11	65.9
g5340.t1	VFG007186(gb|WP_005463220)	27.652	264	160	8	160	410	135	380	1.40e-11	65.9
g5340.t1	VFG016965(gb|WP_006343712)	28.279	244	146	7	160	387	153	383	1.81e-11	65.5
g5340.t1	VFG038867(gb|WP_005314284)	28.821	229	143	6	168	381	162	385	2.47e-11	65.1
g5340.t1	VFG042081(gb|NP_311757)	28.340	247	153	6	160	393	142	377	4.58e-11	64.3
g5340.t1	VFG011354(gb|WP_010928069)	26.996	263	170	7	138	387	173	426	4.88e-11	64.3
g5340.t1	VFG007459(gb|WP_005420355)	27.049	244	158	6	156	387	144	379	5.86e-11	63.9
g5340.t1	VFG011353(gb|WP_019247562)	26.996	263	170	7	138	387	173	426	6.37e-11	63.9
g5340.t1	VFG011355(gb|WP_003811843)	26.996	263	170	7	138	387	173	426	6.66e-11	63.9
g5340.t1	VFG002459(gb|WP_004525313)	30.180	222	127	8	160	366	147	355	7.79e-11	63.5
g5340.t1	VFG025116(gb|WP_004188269)	30.180	222	127	8	160	366	148	356	7.81e-11	63.5
g5340.t1	VFG043297(gb|WP_011860700)	27.917	240	151	5	160	387	151	380	8.60e-11	63.2
g5340.t1	VFG041507(gb|WP_004155347)	27.612	268	169	9	160	415	162	416	1.36e-10	62.8
g5340.t1	VFG043422(gb|WP_001080960)	25.651	269	174	6	160	415	147	402	1.50e-10	62.4
g5340.t1	VFG011861(gb|WP_002850774)	26.172	256	171	6	160	402	147	397	1.63e-10	62.4
g5340.t1	VFG025119(gb|WP_004533187)	30.180	222	127	8	160	366	147	355	1.67e-10	62.4
g5340.t1	VFG006672(gb|WP_001128709)	25.941	239	159	6	160	385	146	379	1.78e-10	62.4
g5340.t1	VFG019639(gb|WP_001128731)	25.941	239	159	6	160	385	146	379	1.89e-10	62.4
g5340.t1	VFG019638(gb|WP_001128706)	25.941	239	159	6	160	385	146	379	1.91e-10	62.4
g5340.t1	VFG006673(gb|WP_001128767)	25.941	239	159	6	160	385	146	379	2.03e-10	62.0
g5340.t1	VFG019640(gb|WP_001128782)	25.941	239	159	6	160	385	146	379	2.09e-10	62.0
g5340.t1	VFG023594(gb|WP_013649096)	28.926	242	158	5	160	393	152	387	2.11e-10	62.0
g5340.t1	VFG006671(gb|WP_001128788)	25.941	239	159	6	160	385	146	379	2.82e-10	61.6
g5340.t1	VFG043178(gb|AAZ99740)	28.216	241	153	6	156	381	147	382	3.12e-10	61.6
g5340.t1	VFG042236(gb|ABB77414)	27.236	246	163	8	160	396	162	400	3.79e-10	61.2
g5340.t1	VFG011044(gb|WP_003809898)	28.571	224	136	6	156	366	149	361	4.12e-10	61.2
g5340.t1	VFG000048(gb|WP_003820061)	28.571	224	136	6	156	366	149	361	4.20e-10	61.2
g5340.t1	VFG011043(gb|WP_010928435)	28.571	224	136	6	156	366	149	361	4.59e-10	61.2
g5340.t1	VFG025123(gb|WP_009896119)	29.545	220	131	8	160	366	148	356	5.05e-10	60.8
g5340.t1	VFG011860(gb|WP_002854283)	24.908	273	182	9	121	381	107	368	5.67e-10	60.8
g5340.t1	VFG017784(gb|WP_011989577)	24.908	273	182	9	121	381	107	368	6.48e-10	60.8
g5340.t1	VFG011859(gb|WP_002867112)	24.908	273	182	9	121	381	107	368	7.14e-10	60.5
g5340.t1	VFG006674(gb|WP_011577083)	25.941	239	159	6	160	385	146	379	7.30e-10	60.5
g5340.t1	VFG001896(gb|YP_002343653)	24.908	273	182	9	121	381	107	368	1.22e-09	59.7
g5340.t1	VFG011356(gb|WP_039051777)	26.236	263	172	7	138	387	166	419	6.90e-09	57.4
g5340.t1	VFG043110(gb|WP_000213294)	27.863	262	170	8	136	387	143	395	1.16e-08	56.6
g5340.t1	VFG006675(gb|WP_011115407)	25.000	240	168	5	160	392	168	402	9.74e-08	53.9
g3662.t1	VFG020864(gb|WP_000787219)	30.279	251	149	7	160	396	144	382	3.20e-18	86.3
g3662.t1	VFG020860(gb|WP_000787210)	30.279	251	149	7	160	396	144	382	3.51e-18	85.9
g3662.t1	VFG000515(gb|NP_460380)	30.400	250	150	6	160	396	144	382	7.88e-18	85.1
g3662.t1	VFG042117(gb|WP_010913971)	30.137	292	178	8	123	401	126	404	7.95e-18	85.1
g3662.t1	VFG003920(gb|WP_000787220)	30.400	250	150	6	160	396	144	382	8.48e-18	84.7
g3662.t1	VFG020866(gb|WP_000787223)	30.400	250	150	6	160	396	144	382	8.96e-18	84.7
g3662.t1	VFG003918(gb|WP_000787208)	31.250	240	139	7	160	385	144	371	9.65e-18	84.7
g3662.t1	VFG020862(gb|WP_000787216)	31.381	239	140	6	160	385	144	371	2.10e-17	83.6
g3662.t1	VFG020861(gb|WP_000787214)	31.381	239	140	6	160	385	144	371	2.12e-17	83.6
g3662.t1	VFG003921(gb|WP_001539917)	31.381	239	140	6	160	385	144	371	2.24e-17	83.6
g3662.t1	VFG020859(gb|WP_000787227)	31.381	239	140	6	160	385	144	371	2.31e-17	83.6
g3662.t1	VFG020863(gb|WP_000787222)	31.381	239	140	6	160	385	144	371	2.35e-17	83.6
g3662.t1	VFG042168(gb|WP_010875105)	29.293	297	174	8	123	401	125	403	3.03e-17	83.2
g3662.t1	VFG041687(gb|WP_015888354)	30.159	252	154	5	157	396	157	398	3.93e-16	79.7
g3662.t1	VFG041821(gb|WP_011147908)	28.968	252	157	5	157	396	149	390	4.17e-16	79.7
g3662.t1	VFG018450(gb|WP_000787204)	29.876	241	141	6	160	385	144	371	5.67e-16	79.3
g3662.t1	VFG041785(gb|WP_011176697)	29.839	248	160	6	157	396	147	388	8.80e-16	78.6
g3662.t1	VFG041746(gb|WP_004528905)	28.966	290	183	6	120	396	113	392	9.87e-16	78.6
g3662.t1	VFG000390(gb|WP_002212955)	29.020	255	155	7	156	396	147	389	1.19e-15	78.2
g3662.t1	VFG023720(gb|WP_010891217)	29.020	255	155	7	156	396	147	389	1.24e-15	78.2
g3662.t1	VFG003193(gb|WP_011901825)	29.020	255	155	7	156	396	147	389	1.42e-15	78.2
g3662.t1	VFG033543(gb|WP_000622549)	29.412	238	155	5	157	387	156	387	1.81e-15	77.8
g3662.t1	VFG041584(gb|WP_012847742)	30.165	242	153	7	160	393	149	382	2.03e-15	77.8
g3662.t1	VFG000812(gb|WP_000622545)	29.412	238	155	5	157	387	156	387	2.05e-15	77.8
g3662.t1	VFG033536(gb|WP_000622543)	29.412	238	155	5	157	387	156	387	2.13e-15	77.8
g3662.t1	VFG014450(gb|WP_005767000)	26.277	274	183	6	123	381	119	388	2.29e-15	77.4
g3662.t1	VFG033542(gb|WP_000622542)	29.412	238	155	5	157	387	156	387	2.39e-15	77.4
g3662.t1	VFG041657(gb|WP_012777227)	28.195	266	166	6	157	410	149	401	2.66e-15	77.4
g3662.t1	VFG014451(gb|WP_011268440)	26.277	274	183	6	123	381	119	388	2.82e-15	77.4
g3662.t1	VFG041718(gb|WP_006487564)	31.325	249	149	5	160	396	166	404	3.17e-15	77.0
g3662.t1	VFG003743(gb|WP_000856761)	28.512	242	159	5	160	393	141	376	3.19e-15	77.0
g3662.t1	VFG000555(gb|NP_461815)	28.512	242	159	5	160	393	141	376	3.52e-15	77.0
g3662.t1	VFG014452(gb|WP_004664459)	26.277	274	183	6	123	381	119	388	3.54e-15	77.0
g3662.t1	VFG041471(gb|WP_004155876)	30.769	234	134	7	160	378	143	363	3.65e-15	76.6
g3662.t1	VFG041866(gb|WP_011136150)	27.829	327	194	9	82	396	98	394	4.39e-15	76.6
g3662.t1	VFG041547(gb|WP_012907119)	28.340	247	164	5	157	396	156	396	7.07e-15	75.9
g3662.t1	VFG018518(gb|WP_000856770)	28.571	245	155	6	160	393	141	376	9.19e-15	75.5
g3662.t1	VFG033544(gb|WP_000599710)	28.926	242	151	5	157	387	156	387	1.76e-14	74.7
g3662.t1	VFG038348(gb|WP_005320755)	30.631	222	132	5	157	366	149	360	1.84e-14	74.7
g3662.t1	VFG042265(gb|AAS91810)	30.493	223	133	5	156	366	148	360	1.95e-14	74.7
g3662.t1	VFG043340(gb|WP_011946712)	27.386	241	161	6	156	387	148	383	3.58e-14	73.9
g3662.t1	VFG014457(gb|WP_011333051)	26.778	239	163	4	156	386	153	387	4.33e-14	73.6
g3662.t1	VFG003523(gb|WP_005173750)	29.200	250	147	8	160	393	142	377	1.03e-13	72.4
g3662.t1	VFG041940(gb|WP_011036431)	29.150	247	157	6	160	396	152	390	1.27e-13	72.0
g3662.t1	VFG007158(gb|WP_005477722)	30.631	222	132	5	157	366	148	359	1.54e-13	72.0
g3662.t1	VFG015229(gb|WP_004666087)	27.899	276	175	7	160	418	157	425	1.67e-13	71.6
g3662.t1	VFG041849(gb|WP_011136175)	27.273	242	162	5	160	393	141	376	1.96e-13	71.6
g3662.t1	VFG043225(gb|WP_002211440)	28.634	227	149	5	168	386	157	378	1.98e-13	71.6
g3662.t1	VFG041993(gb|WP_011004167)	28.163	245	162	5	160	396	150	388	2.92e-13	70.9
g3662.t1	VFG015228(gb|WP_011266891)	29.032	248	156	7	160	396	157	395	3.26e-13	70.9
g3662.t1	VFG001254(gb|NP_249795)	27.083	240	157	5	156	381	153	388	3.53e-13	70.9
g3662.t1	VFG019838(gb|WP_015885190)	27.586	232	156	4	156	379	153	380	5.69e-13	70.1
g3662.t1	VFG019951(gb|WP_012614296)	29.279	222	135	5	157	366	149	360	6.51e-13	70.1
g3662.t1	VFG041775(gb|WP_011205607)	28.916	249	155	5	160	396	159	397	6.57e-13	70.1
g3662.t1	VFG014459(gb|WP_041755571)	26.667	240	158	5	156	381	153	388	6.86e-13	70.1
g3662.t1	VFG015108(gb|WP_003100796)	29.279	222	135	5	157	366	149	360	7.65e-13	69.7
g3662.t1	VFG000192(gb|NP_250388)	29.279	222	135	5	157	366	149	360	7.65e-13	69.7
g3662.t1	VFG015227(gb|WP_005763862)	28.455	246	160	6	160	396	157	395	8.51e-13	69.7
g3662.t1	VFG014456(gb|WP_011059977)	25.941	239	165	4	156	386	153	387	9.99e-13	69.3
g3662.t1	VFG043275(gb|NP_464243)	26.441	295	187	8	138	419	128	405	1.17e-12	68.9
g3662.t1	VFG014458(gb|WP_003243195)	26.667	240	158	4	156	381	153	388	1.25e-12	68.9
g3662.t1	VFG014448(gb|WP_012076709)	28.311	219	145	4	156	366	153	367	1.86e-12	68.6
g3662.t1	VFG011044(gb|WP_003809898)	30.000	220	138	5	156	366	149	361	2.78e-12	68.2
g3662.t1	VFG000048(gb|WP_003820061)	30.000	220	138	5	156	366	149	361	2.91e-12	67.8
g3662.t1	VFG011043(gb|WP_010928435)	30.000	220	138	5	156	366	149	361	2.94e-12	67.8
g3662.t1	VFG016961(gb|WP_010883345)	29.455	275	163	8	138	400	138	393	3.46e-12	67.8
g3662.t1	VFG016967(gb|WP_011458515)	29.455	275	163	8	138	400	138	393	5.87e-12	67.0
g3662.t1	VFG014455(gb|WP_011534906)	26.754	228	149	5	168	381	165	388	6.39e-12	67.0
g3662.t1	VFG016966(gb|WP_011006008)	29.455	275	163	8	138	400	138	393	7.20e-12	66.6
g3662.t1	VFG015690(gb|WP_012273508)	26.250	240	159	4	156	381	153	388	7.78e-12	66.6
g3662.t1	VFG020111(gb|WP_000120388)	26.284	331	201	11	101	408	96	406	8.26e-12	66.6
g3662.t1	VFG014454(gb|WP_012051628)	26.250	240	159	4	156	381	153	388	8.66e-12	66.6
g3662.t1	VFG014453(gb|WP_010955088)	26.250	240	159	4	156	381	153	388	9.13e-12	66.2
g3662.t1	VFG012694(gb|WP_000122615)	26.284	331	201	11	101	408	96	406	9.87e-12	66.2
g3662.t1	VFG001008(gb|NP_858282)	26.284	331	201	11	101	408	96	406	1.02e-11	66.2
g3662.t1	VFG018965(gb|WP_012304702)	28.340	247	155	6	160	394	152	388	1.09e-11	66.2
g3662.t1	VFG011354(gb|WP_010928069)	27.668	253	155	6	153	387	184	426	1.12e-11	66.2
g3662.t1	VFG012691(gb|WP_000122614)	26.937	271	171	8	160	408	141	406	1.13e-11	66.2
g3662.t1	VFG017296(gb|WP_012105851)	28.340	247	155	6	160	394	152	388	1.19e-11	65.9
g3662.t1	VFG015691(gb|WP_012315521)	26.250	240	159	4	156	381	153	388	1.20e-11	66.2
g3662.t1	VFG001759(gb|WP_002209046)	28.340	247	155	6	160	394	152	388	1.22e-11	65.9
g3662.t1	VFG011353(gb|WP_019247562)	27.668	253	155	6	153	387	184	426	1.34e-11	65.9
g3662.t1	VFG011355(gb|WP_003811843)	27.668	253	155	6	153	387	184	426	1.64e-11	65.9
g3662.t1	VFG041613(gb|WP_041382367)	27.413	259	167	7	160	410	135	380	1.84e-11	65.5
g3662.t1	VFG043059(gb|NP_460925)	26.556	241	163	6	156	387	160	395	1.89e-11	65.5
g3662.t1	VFG016965(gb|WP_006343712)	29.091	275	164	8	138	400	138	393	2.36e-11	65.1
g3662.t1	VFG038639(gb|WP_011705275)	26.360	239	162	5	156	385	145	378	2.41e-11	65.1
g3662.t1	VFG041450(gb|WP_004157280)	27.309	249	153	7	160	393	143	378	2.81e-11	64.7
g3662.t1	VFG002459(gb|WP_004525313)	27.626	257	155	8	160	401	147	387	2.87e-11	64.7
g3662.t1	VFG025116(gb|WP_004188269)	27.626	257	155	8	160	401	148	388	2.88e-11	64.7
g3662.t1	VFG025498(gb|WP_009893510)	27.386	241	161	5	156	387	211	446	3.09e-11	65.1
g3662.t1	VFG025488(gb|WP_020979409)	27.386	241	161	5	156	387	216	451	3.82e-11	64.7
g3662.t1	VFG025489(gb|WP_012329410)	27.386	241	161	5	156	387	216	451	4.03e-11	64.7
g3662.t1	VFG038641(gb|WP_005334747)	26.360	239	162	5	156	385	145	378	4.11e-11	64.3
g3662.t1	VFG025486(gb|WP_041489263)	27.386	241	161	5	156	387	216	451	4.14e-11	64.7
g3662.t1	VFG038640(gb|WP_005319328)	26.360	239	162	5	156	385	145	378	4.37e-11	64.3
g3662.t1	VFG025119(gb|WP_004533187)	27.668	253	160	8	160	401	147	387	6.63e-11	63.5
g3662.t1	VFG016960(gb|WP_010229194)	27.099	262	163	8	138	387	138	383	8.98e-11	63.2
g3662.t1	VFG025495(gb|WP_004525876)	27.386	241	161	5	156	387	228	463	9.44e-11	63.5
g3662.t1	VFG023594(gb|WP_013649096)	27.755	245	163	6	160	396	152	390	1.05e-10	63.2
g3662.t1	VFG002331(gb|WP_026018001)	26.971	241	162	6	156	387	159	394	1.05e-10	63.2
g3662.t1	VFG002499(gb|WP_004197164)	27.386	241	161	5	156	387	225	460	1.09e-10	63.2
g3662.t1	VFG025123(gb|WP_009896119)	27.237	257	156	8	160	401	148	388	1.16e-10	62.8
g3662.t1	VFG002144(gb|NP_220188)	26.718	262	164	8	138	387	138	383	1.19e-10	62.8
g3662.t1	VFG016959(gb|WP_011324814)	26.718	262	164	8	138	387	138	383	1.26e-10	62.8
g3662.t1	VFG015588(gb|WP_009873281)	27.481	262	162	8	138	387	138	383	1.26e-10	62.8
g3662.t1	VFG043297(gb|WP_011860700)	27.953	254	158	6	160	401	151	391	1.39e-10	62.8
g3662.t1	VFG017315(gb|WP_012105274)	26.556	241	163	6	156	387	177	412	2.02e-10	62.4
g3662.t1	VFG002660(gb|WP_002211140)	26.556	241	163	6	156	387	189	424	2.10e-10	62.4
g3662.t1	VFG003418(gb|WP_011192179)	26.556	241	163	6	156	387	171	406	2.10e-10	62.4
g3662.t1	VFG003285(gb|WP_016674241)	26.556	241	163	6	156	387	183	418	2.23e-10	62.0
g3662.t1	VFG020224(gb|WP_012413664)	26.556	241	163	6	156	387	177	412	2.26e-10	62.0
g3662.t1	VFG007186(gb|WP_005463220)	28.814	236	138	8	160	384	135	351	2.47e-10	62.0
g3662.t1	VFG023641(gb|WP_005160385)	26.556	241	163	6	156	387	159	394	2.78e-10	61.6
g3662.t1	VFG018984(gb|WP_012304215)	26.556	241	163	6	156	387	177	412	3.06e-10	61.6
g3662.t1	VFG007456(gb|WP_005457757)	26.201	229	155	5	168	387	156	379	3.50e-10	61.6
g3662.t1	VFG043143(gb|WP_005478244)	28.846	208	134	6	168	366	164	366	4.76e-10	61.2
g3662.t1	VFG042081(gb|NP_311757)	27.237	257	160	6	122	366	109	350	5.49e-10	60.8
g3662.t1	VFG038867(gb|WP_005314284)	27.948	229	145	6	168	381	162	385	6.01e-10	60.8
g3662.t1	VFG042236(gb|ABB77414)	26.210	248	163	6	160	396	162	400	8.87e-10	60.1
g3662.t1	VFG011860(gb|WP_002854283)	24.164	269	189	7	121	381	107	368	9.74e-10	60.1
g3662.t1	VFG017784(gb|WP_011989577)	25.764	229	156	6	160	381	147	368	1.04e-09	60.1
g3662.t1	VFG011859(gb|WP_002867112)	25.764	229	156	6	160	381	147	368	1.12e-09	60.1
g3662.t1	VFG001896(gb|YP_002343653)	25.764	229	156	6	160	381	147	368	1.12e-09	60.1
g3662.t1	VFG011356(gb|WP_039051777)	26.642	274	172	7	123	377	146	409	1.48e-09	59.7
g3662.t1	VFG007458(gb|WP_043877279)	25.764	229	156	5	168	387	156	379	1.66e-09	59.3
g3662.t1	VFG007457(gb|WP_026130674)	25.764	229	156	5	168	387	156	379	1.77e-09	59.3
g3662.t1	VFG007459(gb|WP_005420355)	25.764	229	156	5	168	387	156	379	2.79e-09	58.5
g3662.t1	VFG043178(gb|AAZ99740)	26.829	246	150	6	156	381	147	382	6.83e-09	57.4
g3662.t1	VFG007455(gb|WP_000880257)	26.201	229	155	5	168	387	156	379	7.60e-09	57.4
g3662.t1	VFG007454(gb|WP_000880258)	26.201	229	155	5	168	387	156	379	8.16e-09	57.0
g3662.t1	VFG043422(gb|WP_001080960)	25.954	262	180	5	160	414	147	401	1.21e-08	56.6
g3662.t1	VFG041507(gb|WP_004155347)	26.054	261	176	6	160	412	162	413	1.66e-08	56.2
g3662.t1	VFG011861(gb|WP_002850774)	24.621	264	184	7	121	375	107	364	1.81e-08	56.2
g3662.t1	VFG016776(gb|WP_005767781)	27.626	257	170	8	140	387	228	477	2.79e-08	55.8
g3662.t1	VFG043110(gb|WP_000213294)	26.141	241	164	6	156	387	160	395	8.70e-07	50.8
g3662.t1	VFG042185(gb|NP_220236)	29.012	162	97	4	160	310	146	300	5.01e-06	48.5
