g988.t1	VFG011643(gb|WP_011731796)	34.507	142	90	2	27	167	202	341	1.94e-15	72.4
g988.t1	VFG041154(gb|WP_006494417)	33.333	120	72	2	49	167	201	313	4.91e-15	70.9
g988.t1	VFG043482(gb|WP_011060196)	43.434	99	54	2	69	165	219	317	3.49e-14	68.6
g988.t1	VFG011641(gb|WP_002867241)	33.613	119	76	2	52	167	197	315	1.66e-13	66.6
g988.t1	VFG001931(gb|YP_002344858)	33.613	119	76	2	52	167	197	315	1.68e-13	66.6
g988.t1	VFG017966(gb|WP_002867041)	33.613	119	76	2	52	167	197	315	1.69e-13	66.6
g988.t1	VFG011642(gb|WP_002869202)	33.613	119	76	2	52	167	197	315	1.83e-13	66.6
g988.t1	VFG017734(gb|WP_011990805)	33.051	118	76	2	53	167	198	315	7.79e-13	64.7
g988.t1	VFG031435(gb|WP_158019550)	36.607	112	69	2	56	166	180	290	6.25e-12	62.0
g988.t1	VFG031450(gb|YP_007957052)	33.929	112	71	2	58	166	212	323	1.57e-11	61.2
g988.t1	VFG031433(gb|WP_014000491)	33.929	112	71	2	58	166	212	323	1.81e-11	60.8
g988.t1	VFG001388(gb|NP_215414)	33.929	112	71	2	58	166	212	323	1.83e-11	60.8
g988.t1	VFG031438(gb|WP_015302712)	33.929	112	71	2	58	166	212	323	1.96e-11	60.8
g988.t1	VFG031439(gb|WP_015289379)	33.036	112	72	2	58	166	212	323	4.35e-11	59.7
g988.t1	VFG043479(gb|AAD53408)	34.821	112	59	4	69	167	259	369	4.46e-11	60.1
g988.t1	VFG039075(gb|WP_010265113)	37.383	107	42	4	84	166	46	151	6.01e-11	58.9
g988.t1	VFG014745(gb|WP_020308878)	38.776	98	56	3	71	164	178	275	7.80e-11	58.9
g988.t1	VFG039074(gb|WP_012880578)	37.383	107	42	4	84	166	46	151	1.22e-10	57.8
g988.t1	VFG031440(gb|WP_015292520)	33.036	112	72	2	58	166	212	323	1.39e-10	58.5
g988.t1	VFG043580(gb|WP_003662682)	31.544	149	89	5	28	165	287	433	2.64e-10	57.8
g988.t1	VFG013219(gb|WP_010944115)	32.143	112	62	3	69	167	288	398	1.09e-09	55.8
g988.t1	VFG041209(gb|WP_012906947)	33.043	115	73	3	56	166	475	589	1.62e-09	55.5
g988.t1	VFG013218(gb|WP_010944114)	31.250	112	63	3	69	167	284	394	1.87e-09	55.5
g988.t1	VFG014737(gb|WP_011268722)	41.429	70	41	0	97	166	208	277	1.92e-09	55.1
g988.t1	VFG014733(gb|NP_252216)	38.824	85	50	1	84	166	193	277	2.13e-09	55.1
g988.t1	VFG014735(gb|WP_003138116)	38.824	85	50	1	84	166	193	277	2.20e-09	55.1
g988.t1	VFG000335(gb|WP_010869142)	29.630	108	66	2	69	166	240	347	2.22e-09	55.1
g988.t1	VFG043149(gb|WP_005462797)	38.028	71	44	0	97	167	242	312	2.49e-09	54.7
g988.t1	VFG013146(gb|WP_012340653)	34.746	118	63	4	60	166	222	336	2.70e-09	54.7
g988.t1	VFG013216(gb|WP_011272418)	30.556	108	65	2	69	166	246	353	2.72e-09	54.7
g988.t1	VFG013217(gb|WP_041174700)	29.630	108	66	2	69	166	243	350	2.98e-09	54.7
g988.t1	VFG035158(gb|WP_000558483)	36.000	100	62	2	69	166	449	548	3.68e-09	54.7
g988.t1	VFG014734(gb|WP_012074781)	38.824	85	50	1	84	166	193	277	3.84e-09	54.3
g988.t1	VFG013220(gb|WP_041604237)	32.479	117	67	3	60	166	222	336	5.13e-09	53.9
g988.t1	VFG001443(gb|AAF37887)	33.036	112	61	3	69	167	223	333	5.57e-09	53.9
g988.t1	VFG014729(gb|WP_011060008)	31.847	157	92	6	25	166	84	240	5.89e-09	53.5
g988.t1	VFG031429(gb|WP_011738615)	27.536	138	93	3	32	166	196	329	7.91e-09	53.5
g988.t1	VFG014738(gb|WP_004658181)	38.571	70	43	0	97	166	208	277	9.11e-09	53.1
g988.t1	VFG031434(gb|WP_012396179)	27.536	138	93	3	32	166	196	329	9.76e-09	53.1
g988.t1	VFG048669(gb|WP_014229669)	33.000	100	65	2	69	166	441	540	1.09e-08	53.1
g988.t1	VFG039077(gb|WP_011450469)	33.654	104	44	4	84	163	52	154	1.21e-08	52.0
g988.t1	VFG043544(gb|WP_000750416)	32.143	112	62	3	69	167	223	333	1.69e-08	52.4
g988.t1	VFG031441(gb|WP_015357089)	27.737	137	92	3	32	165	196	328	1.70e-08	52.4
g988.t1	VFG014744(gb|WP_198134352)	39.706	68	41	0	100	167	202	269	1.70e-08	52.4
g988.t1	VFG049231(gb|WP_015958637)	35.000	100	63	2	69	166	436	535	1.87e-08	52.4
g988.t1	VFG049226(gb|WP_014907359)	35.000	100	63	2	69	166	436	535	2.35e-08	52.4
g988.t1	VFG049229(gb|WP_004200312)	36.000	100	62	2	69	166	436	535	2.56e-08	52.0
g988.t1	VFG014730(gb|WP_011333075)	35.294	102	60	3	71	166	139	240	3.27e-08	51.6
g988.t1	VFG002008(gb|WP_010947506)	34.314	102	63	2	69	166	129	230	3.83e-08	51.2
g988.t1	VFG049227(gb|WP_012541321)	34.000	100	64	2	69	166	436	535	4.04e-08	51.6
g988.t1	VFG015732(gb|WP_012273485)	36.275	102	59	3	71	166	140	241	4.18e-08	51.2
g988.t1	VFG049230(gb|WP_004899020)	36.000	100	62	2	69	166	436	535	4.28e-08	51.6
g988.t1	VFG014728(gb|WP_011534883)	36.275	102	59	3	71	166	140	241	5.92e-08	50.8
g988.t1	VFG019880(gb|WP_043205705)	35.294	102	60	3	71	166	140	241	8.11e-08	50.4
g988.t1	VFG049228(gb|YP_005227575)	36.000	100	62	2	69	166	436	535	9.43e-08	50.4
g988.t1	VFG014727(gb|WP_012051647)	35.294	102	60	3	71	166	140	241	1.17e-07	49.7
g988.t1	VFG046503(gb|WP_014547642)	25.281	178	119	5	3	166	1	178	1.27e-07	50.1
g988.t1	VFG015406(gb|WP_011167349)	29.655	145	83	4	41	167	682	825	1.43e-07	50.1
g988.t1	VFG014726(gb|WP_010955065)	35.294	102	60	3	71	166	140	241	1.43e-07	49.7
g988.t1	VFG049233(gb|WP_004145459)	36.000	100	62	2	69	166	436	535	1.70e-07	49.7
g988.t1	VFG015405(gb|WP_011269333)	28.966	145	84	4	41	167	682	825	2.55e-07	49.3
g988.t1	VFG048676(gb|WP_014907726)	32.407	108	71	2	61	166	431	538	2.58e-07	49.3
g988.t1	VFG048674(gb|WP_004224349)	32.407	108	71	2	61	166	431	538	2.79e-07	48.9
g988.t1	VFG048678(gb|WP_012968411)	32.407	108	71	2	61	166	431	538	3.01e-07	48.9
g988.t1	VFG041199(gb|WP_012906931)	30.097	103	68	1	68	166	345	447	3.19e-07	48.9
g988.t1	VFG048672(gb|YP_005226601)	32.407	108	71	2	61	166	431	538	3.40e-07	48.9
g988.t1	VFG048671(gb|WP_012541981)	32.407	108	71	2	61	166	430	537	3.57e-07	48.9
g988.t1	VFG049224(gb|WP_171817012)	31.481	108	72	2	61	166	437	544	3.64e-07	48.9
g988.t1	VFG048675(gb|WP_015958244)	32.407	108	71	2	61	166	431	538	4.07e-07	48.5
g988.t1	VFG015733(gb|WP_012315492)	35.294	102	60	3	71	166	140	241	4.19e-07	48.1
g988.t1	VFG014741(gb|WP_011532523)	36.047	86	53	1	84	167	194	279	5.23e-07	48.1
g988.t1	VFG048677(gb|WP_004140193)	32.407	108	71	2	61	166	431	538	5.31e-07	48.1
g988.t1	VFG038753(gb|WP_024944879)	26.718	131	94	1	38	166	153	283	5.67e-07	47.8
g988.t1	VFG014739(gb|WP_049588514)	37.143	70	44	0	98	167	210	279	9.52e-07	47.4
g988.t1	VFG014740(gb|WP_012051398)	37.143	70	44	0	98	167	210	279	1.02e-06	47.4
g988.t1	VFG043304(gb|WP_003435983)	29.245	106	70	2	66	166	121	226	1.39e-06	46.6
g988.t1	VFG043407(gb|WP_000596046)	26.126	111	77	2	59	164	109	219	1.44e-06	46.6
g988.t1	VFG019617(gb|WP_001085364)	25.275	182	117	6	2	166	51	230	1.77e-06	46.2
g988.t1	VFG043363(gb|WP_016357050)	29.808	104	67	2	65	164	186	287	1.79e-06	46.6
g988.t1	VFG019618(gb|WP_001085355)	25.000	180	120	6	2	166	51	230	1.97e-06	46.2
g988.t1	VFG038752(gb|WP_172583085)	25.191	131	96	1	38	166	153	283	2.11e-06	46.2
g988.t1	VFG015734(gb|WP_012273881)	31.250	96	64	1	74	167	184	279	2.18e-06	46.2
g988.t1	VFG046495(gb|WP_012279961)	24.581	179	120	4	3	166	1	179	2.18e-06	46.2
g988.t1	VFG006637(gb|WP_001085308)	24.725	182	118	6	2	166	51	230	2.34e-06	45.8
g988.t1	VFG015735(gb|WP_012313034)	33.684	95	61	1	75	167	185	279	2.39e-06	46.2
g988.t1	VFG019619(gb|WP_001085304)	24.725	182	118	6	2	166	51	230	2.39e-06	45.8
g988.t1	VFG051851(gb|WP_012272408.1)	30.709	127	68	5	60	167	701	826	3.23e-06	46.2
g988.t1	VFG006636(gb|WP_001085351)	25.000	180	120	6	2	166	51	230	3.44e-06	45.4
g988.t1	VFG049225(gb|WP_014230201)	30.556	108	73	2	61	166	437	544	3.44e-06	45.8
g988.t1	VFG038721(gb|WP_005353664)	31.373	102	66	1	67	164	150	251	3.81e-06	45.4
g988.t1	VFG014742(gb|WP_011063108)	31.915	94	62	1	75	166	184	277	4.02e-06	45.4
g988.t1	VFG014732(gb|WP_011913674)	36.275	102	59	3	71	166	138	239	6.57e-06	44.7
g988.t1	VFG051850(gb|WP_012052416.1)	29.134	127	70	5	60	167	701	826	7.62e-06	45.1
g988.t1	VFG014743(gb|WP_007953200)	31.884	69	47	0	98	166	209	277	8.01e-06	44.7
g988.t1	VFG051852(gb|WP_010953988.1)	29.134	127	70	5	60	167	701	826	8.07e-06	45.1
g988.t1	VFG014731(gb|WP_003243236)	33.333	102	62	3	71	166	131	232	8.56e-06	44.3
g988.t1	VFG046496(gb|WP_003014506)	29.204	113	69	3	65	166	66	178	8.61e-06	44.7
g988.t1	VFG046494(gb|WP_003038361)	29.204	113	69	3	65	166	66	178	8.69e-06	44.7
g988.t1	VFG046502(gb|WP_003026584)	29.204	113	69	3	65	166	66	178	8.77e-06	44.7
g988.t1	VFG046506(gb|WP_014549353)	29.204	113	69	3	65	166	66	178	8.85e-06	44.7
g988.t1	VFG038754(gb|WP_011898827)	31.884	69	47	0	98	166	215	283	8.97e-06	44.3
g988.t1	VFG046501(gb|WP_003020782)	29.204	113	69	3	65	166	66	178	9.02e-06	44.7
g690.t1	VFG039074(gb|WP_012880578)	40.367	109	58	2	72	173	44	152	1.43e-18	79.0
g690.t1	VFG039075(gb|WP_010265113)	41.284	109	57	2	72	173	44	152	1.84e-18	79.3
g690.t1	VFG039077(gb|WP_011450469)	42.202	109	56	2	72	173	50	158	1.59e-17	76.3
g690.t1	VFG043482(gb|WP_011060196)	40.404	99	58	1	72	169	217	315	4.51e-14	68.6
g690.t1	VFG011643(gb|WP_011731796)	34.375	96	63	0	74	169	242	337	1.21e-13	67.4
g690.t1	VFG014744(gb|WP_198134352)	42.529	87	49	1	87	172	182	268	2.25e-12	63.5
g690.t1	VFG017734(gb|WP_011990805)	35.714	98	63	0	73	170	215	312	2.02e-11	60.8
g690.t1	VFG015406(gb|WP_011167349)	39.759	83	42	2	82	156	719	801	9.19e-11	59.3
g690.t1	VFG015405(gb|WP_011269333)	38.554	83	43	2	82	156	719	801	1.31e-10	58.9
g690.t1	VFG014745(gb|WP_020308878)	39.535	86	51	1	87	171	191	276	1.53e-10	58.2
g690.t1	VFG014734(gb|WP_012074781)	37.931	87	53	1	87	172	191	277	2.03e-10	58.2
g690.t1	VFG043580(gb|WP_003662682)	33.333	111	70	2	63	169	321	431	2.14e-10	58.2
g690.t1	VFG011642(gb|WP_002869202)	34.694	98	64	0	73	170	215	312	2.27e-10	57.8
g690.t1	VFG011641(gb|WP_002867241)	34.694	98	64	0	73	170	215	312	2.29e-10	57.8
g690.t1	VFG001931(gb|YP_002344858)	34.694	98	64	0	73	170	215	312	2.33e-10	57.8
g690.t1	VFG017966(gb|WP_002867041)	34.694	98	64	0	73	170	215	312	2.38e-10	57.8
g690.t1	VFG014733(gb|NP_252216)	36.782	87	54	1	87	172	191	277	1.58e-09	55.5
g690.t1	VFG014735(gb|WP_003138116)	36.782	87	54	1	87	172	191	277	1.61e-09	55.5
g690.t1	VFG013217(gb|WP_041174700)	34.066	91	60	0	64	154	233	323	2.89e-09	54.7
g690.t1	VFG013216(gb|WP_011272418)	34.066	91	60	0	64	154	236	326	2.91e-09	54.7
g690.t1	VFG000335(gb|WP_010869142)	34.066	91	60	0	64	154	230	320	3.14e-09	54.7
g690.t1	VFG048669(gb|WP_014229669)	25.714	105	77	1	66	169	433	537	7.14e-09	53.9
g690.t1	VFG031439(gb|WP_015289379)	34.409	93	60	1	81	173	233	324	7.57e-09	53.5
g690.t1	VFG014738(gb|WP_004658181)	34.524	84	54	1	87	169	191	274	7.91e-09	53.5
g690.t1	VFG001388(gb|NP_215414)	34.884	86	56	0	88	173	239	324	8.66e-09	53.5
g690.t1	VFG031450(gb|YP_007957052)	34.884	86	56	0	88	173	239	324	8.74e-09	53.5
g690.t1	VFG031433(gb|WP_014000491)	34.884	86	56	0	88	173	239	324	8.82e-09	53.5
g690.t1	VFG031438(gb|WP_015302712)	34.884	86	56	0	88	173	239	324	9.08e-09	53.1
g690.t1	VFG014737(gb|WP_011268722)	34.524	84	54	1	87	169	191	274	2.36e-08	52.0
g690.t1	VFG014741(gb|WP_011532523)	35.714	84	53	1	87	169	192	275	2.52e-08	52.0
g690.t1	VFG046503(gb|WP_014547642)	25.824	182	115	6	3	170	1	176	4.31e-08	51.6
g690.t1	VFG031440(gb|WP_015292520)	33.333	93	61	1	81	173	233	324	7.28e-08	50.8
g690.t1	VFG031429(gb|WP_011738615)	31.068	103	71	0	72	174	229	331	9.15e-08	50.4
g690.t1	VFG035167(gb|WP_001243153)	29.310	116	79	3	56	169	420	534	1.14e-07	50.4
g690.t1	VFG035155(gb|WP_001246521)	29.310	116	79	3	56	169	420	534	1.14e-07	50.4
g690.t1	VFG035154(gb|WP_001246523)	29.310	116	79	3	56	169	420	534	1.14e-07	50.4
g690.t1	VFG035153(gb|WP_001246526)	29.310	116	79	3	56	169	420	534	1.14e-07	50.4
g690.t1	VFG015734(gb|WP_012273881)	33.333	84	55	1	87	169	192	275	1.31e-07	50.1
g690.t1	VFG041154(gb|WP_006494417)	29.060	117	81	1	53	169	195	309	1.69e-07	49.7
g690.t1	VFG031441(gb|WP_015357089)	31.633	98	67	0	72	169	229	326	2.02e-07	49.3
g690.t1	VFG051853(gb|WP_012314359.1)	34.940	83	46	2	82	156	720	802	2.07e-07	49.7
g690.t1	VFG013220(gb|WP_041604237)	31.731	104	69	1	69	172	224	325	2.38e-07	49.3
g690.t1	VFG046502(gb|WP_003026584)	28.440	109	68	2	72	170	68	176	3.93e-07	48.5
g690.t1	VFG046496(gb|WP_003014506)	28.440	109	68	2	72	170	68	176	3.96e-07	48.5
g690.t1	VFG046501(gb|WP_003020782)	28.440	109	68	2	72	170	68	176	4.00e-07	48.5
g690.t1	VFG046506(gb|WP_014549353)	28.440	109	68	2	72	170	68	176	4.08e-07	48.5
g690.t1	VFG046494(gb|WP_003038361)	28.440	109	68	2	72	170	68	176	4.24e-07	48.5
g690.t1	VFG051851(gb|WP_012272408.1)	34.940	83	46	2	82	156	720	802	4.42e-07	48.9
g690.t1	VFG015735(gb|WP_012313034)	31.193	109	70	2	62	169	171	275	6.65e-07	47.8
g690.t1	VFG013219(gb|WP_010944115)	35.632	87	50	2	72	154	286	370	6.75e-07	48.1
g690.t1	VFG013146(gb|WP_012340653)	33.721	86	57	0	69	154	224	309	7.08e-07	47.8
g690.t1	VFG014742(gb|WP_011063108)	30.769	91	62	1	80	169	184	274	7.99e-07	47.8
g690.t1	VFG051852(gb|WP_010953988.1)	33.735	83	47	2	82	156	720	802	8.16e-07	48.1
g690.t1	VFG051850(gb|WP_012052416.1)	33.735	83	47	2	82	156	720	802	8.16e-07	48.1
g690.t1	VFG013218(gb|WP_010944114)	33.333	111	59	4	72	169	282	390	8.85e-07	47.8
g690.t1	VFG014740(gb|WP_012051398)	32.143	84	56	1	87	169	192	275	1.37e-06	47.0
g690.t1	VFG014739(gb|WP_049588514)	32.143	84	56	1	87	169	192	275	1.44e-06	47.0
g690.t1	VFG049227(gb|WP_012541321)	25.234	107	79	1	64	169	426	532	1.75e-06	47.0
g690.t1	VFG046511(gb|WP_013922151)	25.281	178	122	3	3	170	1	177	1.80e-06	46.6
g690.t1	VFG014743(gb|WP_007953200)	30.952	84	57	1	87	169	191	274	2.10e-06	46.2
g690.t1	VFG043544(gb|WP_000750416)	31.633	98	65	2	61	156	210	307	2.41e-06	46.2
g690.t1	VFG001443(gb|AAF37887)	34.343	99	61	2	61	156	210	307	2.70e-06	46.2
g690.t1	VFG049229(gb|WP_004200312)	24.299	107	80	1	64	169	426	532	4.55e-06	45.8
g690.t1	VFG049230(gb|WP_004899020)	24.299	107	80	1	64	169	426	532	5.29e-06	45.4
g690.t1	VFG035158(gb|WP_000558483)	23.364	107	81	1	64	169	439	545	5.36e-06	45.4
g690.t1	VFG043479(gb|AAD53408)	34.286	105	61	5	72	172	257	357	6.18e-06	45.1
g690.t1	VFG049231(gb|WP_015958637)	24.299	107	80	1	64	169	426	532	6.89e-06	45.1
g690.t1	VFG046510(gb|WP_014714420)	24.862	181	119	5	3	170	1	177	7.50e-06	45.1
g690.t1	VFG049228(gb|YP_005227575)	24.299	107	80	1	64	169	426	532	8.63e-06	44.7
g690.t1	VFG049226(gb|WP_014907359)	24.299	107	80	1	64	169	426	532	8.97e-06	44.7
