g3209.t1	VFG014110(gb|NP_251838)	100.000	354	0	0	1	354	1	354	0.0	726
g3209.t1	VFG011164(gb|WP_041937072)	57.222	360	142	5	2	352	4	360	9.03e-137	393
g3209.t1	VFG011165(gb|WP_033447875)	57.222	360	142	5	2	352	4	360	1.11e-136	393
g3209.t1	VFG000035(gb|WP_010929613)	56.944	360	143	5	2	352	4	360	1.82e-135	390
g3209.t1	VFG005042(gb|WP_011274720)	32.849	344	215	8	1	336	4	339	1.42e-56	188
g3209.t1	VFG005036(gb|WP_000413167)	32.948	346	212	9	1	336	4	339	7.00e-56	186
g3209.t1	VFG001303(gb|WP_000413169)	32.948	346	212	9	1	336	4	339	7.79e-56	186
g3209.t1	VFG005033(gb|WP_000413171)	32.948	346	212	9	1	336	4	339	9.43e-56	186
g3209.t1	VFG005040(gb|WP_000413164)	32.948	346	212	9	1	336	4	339	1.17e-55	186
g3209.t1	VFG005030(gb|WP_000413173)	32.659	346	213	9	1	336	4	339	7.90e-55	184
g3209.t1	VFG014131(gb|WP_025297833)	32.317	328	210	6	1	321	4	326	8.67e-54	181
g3209.t1	VFG050199(gb|WP_000734425)	32.219	329	211	7	1	321	4	328	9.78e-54	181
g3209.t1	VFG037994(gb|WP_000734323)	32.249	338	215	7	1	330	4	335	5.27e-51	174
g3209.t1	VFG005132(gb|WP_000723437)	32.609	368	217	12	2	349	3	359	1.62e-47	165
g3209.t1	VFG005130(gb|WP_000723436)	32.609	368	217	12	2	349	3	359	1.78e-47	164
g3209.t1	VFG005131(gb|WP_000723445)	32.880	368	216	12	2	349	3	359	2.46e-47	164
g3209.t1	VFG001312(gb|WP_000723452)	32.609	368	217	12	2	349	3	359	4.00e-47	164
g3209.t1	VFG005127(gb|WP_000723454)	32.337	368	218	12	2	349	3	359	6.35e-47	163
g3209.t1	VFG007639(gb|WP_043920918)	33.952	377	217	12	2	353	5	374	7.05e-47	163
g3209.t1	VFG005135(gb|WP_000723444)	32.609	368	217	12	2	349	3	359	1.30e-46	162
g3209.t1	VFG001373(gb|WP_000758382)	32.791	369	219	12	2	351	3	361	3.00e-46	161
g3209.t1	VFG007640(gb|WP_043877039)	33.952	377	217	12	2	353	5	374	4.31e-46	160
g3209.t1	VFG001376(gb|WP_000695335)	29.971	347	224	10	1	334	18	358	9.13e-46	160
g3209.t1	VFG005134(gb|YP_498729)	32.065	368	219	12	2	349	3	359	2.05e-45	159
g3209.t1	VFG006334(gb|WP_002236579)	32.895	380	218	13	1	353	1	370	3.90e-45	158
g3209.t1	VFG019127(gb|WP_000723325)	33.607	366	218	11	2	351	3	359	5.72e-44	155
g3209.t1	VFG007637(gb|WP_000756756)	31.926	379	222	12	2	353	3	372	2.21e-43	154
g3209.t1	VFG014137(gb|WP_003138472)	34.748	377	210	12	2	351	4	371	1.29e-41	149
g3209.t1	VFG045301(gb|WP_010946490)	25.000	376	244	13	2	354	4	364	3.79e-07	51.2
g3665.t1	VFG007639(gb|WP_043920918)	71.467	368	105	0	2	369	5	372	0.0	558
g3665.t1	VFG007640(gb|WP_043877039)	71.196	368	106	0	2	369	5	372	0.0	555
g3665.t1	VFG007637(gb|WP_000756756)	68.207	368	117	0	2	369	3	370	0.0	521
g3665.t1	VFG014137(gb|WP_003138472)	67.120	368	121	0	2	369	4	371	2.09e-174	490
g3665.t1	VFG006334(gb|WP_002236579)	57.373	373	158	1	1	373	1	372	2.04e-159	452
g3665.t1	VFG001373(gb|WP_000758382)	52.941	374	159	3	2	371	3	363	1.47e-134	388
g3665.t1	VFG019127(gb|WP_000723325)	52.973	370	163	2	2	371	3	361	8.25e-130	376
g3665.t1	VFG005132(gb|WP_000723437)	50.674	371	174	1	2	372	3	364	1.95e-129	376
g3665.t1	VFG005130(gb|WP_000723436)	50.674	371	174	1	2	372	3	364	2.05e-129	376
g3665.t1	VFG005131(gb|WP_000723445)	51.213	371	172	1	2	372	3	364	3.58e-129	375
g3665.t1	VFG001312(gb|WP_000723452)	50.674	371	174	1	2	372	3	364	9.87e-129	374
g3665.t1	VFG005127(gb|WP_000723454)	50.404	371	175	1	2	372	3	364	1.92e-128	374
g3665.t1	VFG005135(gb|WP_000723444)	50.674	371	174	1	2	372	3	364	9.73e-128	372
g3665.t1	VFG005134(gb|YP_498729)	50.135	371	176	1	2	372	3	364	5.21e-127	370
g3665.t1	VFG011164(gb|WP_041937072)	34.197	386	212	12	2	372	4	362	1.89e-48	167
g3665.t1	VFG011165(gb|WP_033447875)	34.197	386	212	12	2	372	4	362	2.23e-48	167
g3665.t1	VFG000035(gb|WP_010929613)	34.197	386	212	12	2	372	4	362	4.20e-48	166
g3665.t1	VFG014110(gb|NP_251838)	33.422	377	217	14	1	369	1	351	1.58e-43	154
g3665.t1	VFG005036(gb|WP_000413167)	28.721	383	241	12	1	373	4	364	3.74e-37	137
g3665.t1	VFG005030(gb|WP_000413173)	28.721	383	241	12	1	373	4	364	5.42e-37	137
g3665.t1	VFG001303(gb|WP_000413169)	28.721	383	241	12	1	373	4	364	8.88e-37	136
g3665.t1	VFG005033(gb|WP_000413171)	28.721	383	241	12	1	373	4	364	9.07e-37	136
g3665.t1	VFG005040(gb|WP_000413164)	28.460	383	242	12	1	373	4	364	9.55e-37	136
g3665.t1	VFG005042(gb|WP_011274720)	30.000	380	240	13	1	373	4	364	2.53e-35	132
g3665.t1	VFG050199(gb|WP_000734425)	29.032	341	217	12	1	333	4	327	6.80e-34	129
g3665.t1	VFG014131(gb|WP_025297833)	29.082	392	229	15	1	373	4	365	2.52e-30	119
g3665.t1	VFG037994(gb|WP_000734323)	27.859	341	219	11	1	333	4	325	1.39e-27	111
g3665.t1	VFG001376(gb|WP_000695335)	25.824	364	227	14	1	344	18	358	4.40e-23	99.4
g3665.t1	VFG045301(gb|WP_010946490)	27.797	295	170	12	2	282	4	269	6.09e-13	69.3
g3665.t1	VFG037952(gb|YP_005796974)	22.938	388	260	15	1	371	1	366	1.33e-11	65.1
g3665.t1	VFG037935(gb|WP_000717544)	22.938	388	260	16	1	371	1	366	2.06e-11	64.7
g3665.t1	VFG050183(gb|WP_001971578)	20.260	385	275	11	2	374	3	367	6.33e-11	63.2
g3665.t1	VFG014120(gb|WP_042169654)	24.919	309	203	10	77	375	85	374	1.32e-10	62.4
g3665.t1	VFG037951(gb|WP_000717545)	22.938	388	260	15	1	371	1	366	3.26e-10	60.8
g3665.t1	VFG011796(gb|WP_002869019)	20.820	317	207	9	2	300	3	293	1.86e-08	55.5
g3665.t1	VFG017981(gb|WP_012006769)	20.820	317	207	9	2	300	3	293	2.66e-08	55.1
g3665.t1	VFG001943(gb|YP_002344535)	22.660	203	135	6	2	198	3	189	8.22e-08	53.5
g3665.t1	VFG036741(gb|WP_002243936)	21.003	319	214	12	2	305	3	298	1.52e-07	52.8
g3665.t1	VFG018816(gb|WP_002224753)	21.003	319	214	12	2	305	3	298	1.78e-07	52.4
g3665.t1	VFG036745(gb|WP_002224373)	21.069	318	215	10	2	305	3	298	1.93e-07	52.4
g3665.t1	VFG005881(gb|WP_000717630)	21.026	390	261	13	2	372	3	364	1.34e-06	49.7
g3665.t1	VFG005882(gb|WP_000717643)	21.026	390	261	13	2	372	3	364	1.62e-06	49.7
g3665.t1	VFG000254(gb|WP_002226892)	20.440	318	217	10	2	305	3	298	1.76e-06	49.3
