g3708.t1	VFG013468(gb|WP_011962004)	66.784	283	92	1	1	281	1	283	2.33e-144	406
g3708.t1	VFG013465(gb|WP_005693586)	66.784	283	92	1	1	281	1	283	2.40e-144	406
g3708.t1	VFG013466(gb|WP_005654784)	66.784	283	92	1	1	281	1	283	5.00e-144	405
g3708.t1	VFG013467(gb|WP_005687765)	66.431	283	93	1	1	281	1	283	2.32e-143	404
g3708.t1	VFG013469(gb|WP_010944797)	67.491	283	90	1	1	281	1	283	2.23e-140	396
g3708.t1	VFG013470(gb|WP_011609100)	65.371	283	96	1	1	281	1	283	5.63e-140	395
g3708.t1	VFG013179(gb|WP_012340566)	65.371	283	96	1	1	281	1	283	6.42e-140	395
g3708.t1	VFG052316(gb|WP_011180500.1)	49.071	269	137	0	5	273	7	275	1.22e-85	257
g3708.t1	VFG052317(gb|WP_011179272.1)	49.071	269	137	0	5	273	7	275	1.49e-84	254
g3708.t1	VFG052318(gb|WP_012231404.1)	47.037	270	143	0	6	275	8	277	2.69e-84	254
g3708.t1	VFG052315(gb|WP_005766656.1)	46.097	269	145	0	6	274	8	276	2.07e-81	246
g3708.t1	VFG011414(gb|WP_002964262)	45.620	274	149	0	2	275	4	277	5.59e-75	230
g3708.t1	VFG011417(gb|WP_004690885)	45.620	274	149	0	2	275	4	277	5.78e-75	230
g3708.t1	VFG011415(gb|WP_002966843)	45.255	274	150	0	2	275	4	277	2.67e-74	228
g1655.t1	VFG013466(gb|WP_005654784)	82.270	282	50	0	1	282	1	282	2.34e-178	492
g1655.t1	VFG013465(gb|WP_005693586)	81.915	282	51	0	1	282	1	282	1.37e-177	490
g1655.t1	VFG013470(gb|WP_011609100)	79.930	284	57	0	1	284	1	284	4.05e-177	489
g1655.t1	VFG013179(gb|WP_012340566)	79.930	284	57	0	1	284	1	284	4.93e-177	489
g1655.t1	VFG013468(gb|WP_011962004)	81.560	282	52	0	1	282	1	282	4.98e-177	489
g1655.t1	VFG013467(gb|WP_005687765)	81.915	282	51	0	1	282	1	282	5.94e-177	489
g1655.t1	VFG013469(gb|WP_010944797)	79.433	282	58	0	1	282	1	282	8.20e-173	478
g1655.t1	VFG052316(gb|WP_011180500.1)	46.125	271	144	1	5	275	7	275	7.90e-80	242
g1655.t1	VFG052317(gb|WP_011179272.1)	46.494	271	143	1	5	275	7	275	4.75e-79	240
g1655.t1	VFG052318(gb|WP_012231404.1)	44.689	273	149	1	6	278	8	278	1.27e-77	237
g1655.t1	VFG011417(gb|WP_004690885)	45.091	275	149	1	3	277	5	277	1.44e-71	221
g1655.t1	VFG052315(gb|WP_005766656.1)	45.018	271	147	1	6	276	8	276	1.38e-70	219
g1655.t1	VFG011414(gb|WP_002964262)	44.727	275	150	1	3	277	5	277	2.56e-70	218
g1655.t1	VFG011415(gb|WP_002966843)	44.364	275	151	1	3	277	5	277	9.19e-70	216
