g502.t1	VFG001867(gb|WP_016357051)	62.944	197	66	3	3	199	2	191	7.96e-87	254
g502.t1	VFG009705(gb|WP_011731275)	39.614	207	106	4	1	200	1	195	7.55e-44	145
g502.t1	VFG026942(gb|WP_015357664)	44.271	192	102	4	1	192	1	187	2.04e-43	144
g502.t1	VFG009704(gb|WP_011742484)	44.271	192	102	4	1	192	1	187	2.13e-43	144
g502.t1	VFG026941(gb|WP_015294685)	40.500	200	114	4	1	200	1	195	9.83e-42	140
g502.t1	VFG001421(gb|NP_218363)	40.500	200	114	4	1	200	1	195	1.19e-41	139
g502.t1	VFG009699(gb|WP_010950947)	40.500	200	114	4	1	200	1	195	1.21e-41	139
g502.t1	VFG022845(gb|YP_001700872)	40.704	199	99	5	1	192	1	187	4.71e-41	138
g502.t1	VFG022851(gb|WP_013831079)	37.864	206	111	3	1	200	1	195	5.87e-41	138
g502.t1	VFG009706(gb|WP_011562419)	38.942	208	106	5	1	200	1	195	9.51e-41	137
g502.t1	VFG009703(gb|WP_010907505)	38.384	198	105	3	1	192	1	187	2.92e-40	136
g502.t1	VFG009701(gb|WP_010948769)	39.062	192	112	4	1	192	1	187	6.65e-40	135
g502.t1	VFG009702(gb|WP_003872294)	38.191	199	104	4	1	192	1	187	1.94e-39	134
g502.t1	VFG024116(gb|WP_007771867)	38.021	192	114	4	1	192	1	187	2.04e-39	134
g57.t1	VFG009703(gb|WP_010907505)	100.000	207	0	0	1	207	1	207	1.44e-154	426
g57.t1	VFG024116(gb|WP_007771867)	90.777	206	19	0	1	206	1	206	5.21e-141	391
g57.t1	VFG009702(gb|WP_003872294)	91.262	206	18	0	1	206	1	206	6.85e-141	391
g57.t1	VFG009701(gb|WP_010948769)	90.777	206	19	0	1	206	1	206	1.61e-140	390
g57.t1	VFG022851(gb|WP_013831079)	88.835	206	23	0	1	206	1	206	2.39e-137	382
g57.t1	VFG022845(gb|YP_001700872)	87.864	206	25	0	1	206	1	206	3.93e-136	379
g57.t1	VFG009705(gb|WP_011731275)	86.408	206	28	0	1	206	1	206	1.59e-134	375
g57.t1	VFG009706(gb|WP_011562419)	82.927	205	35	0	1	205	1	205	4.66e-129	361
g57.t1	VFG009704(gb|WP_011742484)	81.553	206	38	0	1	206	1	206	1.12e-126	355
g57.t1	VFG026942(gb|WP_015357664)	81.068	206	39	0	1	206	1	206	4.41e-126	354
g57.t1	VFG026941(gb|WP_015294685)	80.583	206	40	0	1	206	1	206	1.00e-125	353
g57.t1	VFG001421(gb|NP_218363)	80.583	206	40	0	1	206	1	206	1.66e-125	352
g57.t1	VFG009699(gb|WP_010950947)	80.097	206	41	0	1	206	1	206	8.61e-125	350
g57.t1	VFG001867(gb|WP_016357051)	39.247	186	107	4	4	187	3	184	1.45e-39	134
g4450.t1	VFG001867(gb|WP_016357051)	66.492	191	64	0	1	191	1	191	2.20e-98	283
g4450.t1	VFG009705(gb|WP_011731275)	44.279	201	94	4	3	193	4	196	5.46e-48	155
g4450.t1	VFG009701(gb|WP_010948769)	44.162	197	100	5	3	193	4	196	1.37e-46	152
g4450.t1	VFG009702(gb|WP_003872294)	44.162	197	100	5	3	193	4	196	1.69e-46	151
g4450.t1	VFG009706(gb|WP_011562419)	44.103	195	101	4	3	192	4	195	4.62e-46	150
g4450.t1	VFG022845(gb|YP_001700872)	42.786	201	97	4	3	193	4	196	6.83e-46	150
g4450.t1	VFG024116(gb|WP_007771867)	43.147	197	102	5	3	193	4	196	8.13e-46	150
g4450.t1	VFG022851(gb|WP_013831079)	42.786	201	97	4	3	193	4	196	5.88e-45	147
g4450.t1	VFG026941(gb|WP_015294685)	42.564	195	106	4	3	193	4	196	1.60e-44	146
g4450.t1	VFG009699(gb|WP_010950947)	42.564	195	106	4	3	193	4	196	2.94e-44	145
g4450.t1	VFG001421(gb|NP_218363)	42.564	195	106	4	3	193	4	196	3.04e-44	145
g4450.t1	VFG009704(gb|WP_011742484)	42.051	195	107	4	3	193	4	196	6.64e-44	145
g4450.t1	VFG026942(gb|WP_015357664)	42.051	195	107	4	3	193	4	196	6.71e-44	145
g4450.t1	VFG009703(gb|WP_010907505)	39.698	199	106	3	3	193	4	196	6.60e-43	142
g4553.t1	VFG001867(gb|WP_016357051)	43.979	191	100	1	1	191	1	184	4.41e-59	183
g4553.t1	VFG022845(gb|YP_001700872)	43.000	200	107	3	3	201	4	197	2.90e-47	154
g4553.t1	VFG009706(gb|WP_011562419)	42.500	200	108	3	3	201	4	197	2.11e-46	151
g4553.t1	VFG009701(gb|WP_010948769)	42.000	200	109	3	3	201	4	197	3.96e-46	151
g4553.t1	VFG009702(gb|WP_003872294)	42.000	200	109	3	3	201	4	197	4.23e-46	150
g4553.t1	VFG024116(gb|WP_007771867)	42.000	200	109	3	3	201	4	197	6.74e-46	150
g4553.t1	VFG009705(gb|WP_011731275)	42.000	200	109	3	3	201	4	197	8.56e-46	150
g4553.t1	VFG022851(gb|WP_013831079)	40.099	202	110	3	3	201	4	197	3.53e-44	146
g4553.t1	VFG009703(gb|WP_010907505)	40.500	200	112	3	3	201	4	197	1.53e-43	144
g4553.t1	VFG026942(gb|WP_015357664)	40.394	203	108	3	3	201	4	197	2.01e-43	144
g4553.t1	VFG009704(gb|WP_011742484)	40.394	203	108	3	3	201	4	197	2.06e-43	144
g4553.t1	VFG026941(gb|WP_015294685)	39.901	203	109	3	3	201	4	197	9.26e-43	142
g4553.t1	VFG009699(gb|WP_010950947)	39.901	203	109	3	3	201	4	197	1.04e-42	142
g4553.t1	VFG001421(gb|NP_218363)	39.901	203	109	3	3	201	4	197	1.15e-42	142
g1329.t1	VFG001867(gb|WP_016357051)	68.063	191	61	0	1	191	1	191	2.63e-99	285
g1329.t1	VFG009705(gb|WP_011731275)	39.698	199	106	3	3	193	4	196	2.86e-40	135
g1329.t1	VFG009706(gb|WP_011562419)	41.026	195	107	4	3	192	4	195	3.48e-40	135
g1329.t1	VFG001421(gb|NP_218363)	41.026	195	109	4	3	193	4	196	1.23e-39	134
g1329.t1	VFG009699(gb|WP_010950947)	41.026	195	109	4	3	193	4	196	1.39e-39	134
g1329.t1	VFG026941(gb|WP_015294685)	40.513	195	110	4	3	193	4	196	4.92e-39	132
g1329.t1	VFG009704(gb|WP_011742484)	40.860	186	104	4	3	184	4	187	2.51e-38	130
g1329.t1	VFG026942(gb|WP_015357664)	40.860	186	104	4	3	184	4	187	2.62e-38	130
g1329.t1	VFG022845(gb|YP_001700872)	39.796	196	110	4	3	193	4	196	2.65e-38	130
g1329.t1	VFG022851(gb|WP_013831079)	38.000	200	110	3	2	193	3	196	5.68e-38	129
g1329.t1	VFG024116(gb|WP_007771867)	39.086	197	110	5	3	193	4	196	1.77e-37	128
g1329.t1	VFG009701(gb|WP_010948769)	39.086	197	110	5	3	193	4	196	3.25e-37	127
g1329.t1	VFG009702(gb|WP_003872294)	39.086	197	110	5	3	193	4	196	3.99e-37	127
g1329.t1	VFG009703(gb|WP_010907505)	37.824	193	118	2	3	193	4	196	4.23e-36	125
g3785.t1	VFG001867(gb|WP_016357051)	44.390	205	97	6	1	202	1	191	5.65e-54	171
g3785.t1	VFG009706(gb|WP_011562419)	41.232	211	95	5	3	203	4	195	4.23e-45	148
g3785.t1	VFG009705(gb|WP_011731275)	41.038	212	96	5	3	204	4	196	1.48e-44	147
g3785.t1	VFG009704(gb|WP_011742484)	41.475	217	88	8	3	204	4	196	7.30e-44	145
g3785.t1	VFG026942(gb|WP_015357664)	40.930	215	92	7	3	204	4	196	8.87e-44	145
g3785.t1	VFG022845(gb|YP_001700872)	42.788	208	98	6	3	204	4	196	1.98e-43	144
g3785.t1	VFG009701(gb|WP_010948769)	42.718	206	101	5	3	204	4	196	2.73e-43	144
g3785.t1	VFG009702(gb|WP_003872294)	42.718	206	101	5	3	204	4	196	2.92e-43	144
g3785.t1	VFG022851(gb|WP_013831079)	40.566	212	97	5	3	204	4	196	4.14e-43	143
g3785.t1	VFG024116(gb|WP_007771867)	42.233	206	102	5	3	204	4	196	4.45e-43	143
g3785.t1	VFG001421(gb|NP_218363)	40.930	215	92	7	3	204	4	196	4.59e-43	143
g3785.t1	VFG009699(gb|WP_010950947)	40.930	215	92	7	3	204	4	196	4.85e-43	143
g3785.t1	VFG026941(gb|WP_015294685)	40.930	215	92	7	3	204	4	196	4.96e-43	143
g3785.t1	VFG009703(gb|WP_010907505)	39.720	214	96	6	3	204	4	196	4.13e-41	138
