g891.t1	VFG037474(gb|WP_001105562)	22.333	300	227	3	1	298	1	296	1.02e-11	64.3
g891.t1	VFG049114(gb|WP_012737527)	27.174	184	125	2	3	180	2	182	2.31e-11	63.2
g891.t1	VFG037468(gb|WP_001105542)	22.000	300	228	3	1	298	1	296	2.57e-11	63.2
g891.t1	VFG037467(gb|WP_001105559)	22.000	300	228	3	1	298	1	296	3.82e-11	62.4
g891.t1	VFG037478(gb|WP_001105560)	22.000	300	228	3	1	298	1	296	4.15e-11	62.4
g891.t1	VFG037470(gb|WP_001105554)	22.000	300	228	3	1	298	1	296	6.10e-11	62.0
g891.t1	VFG037476(gb|WP_001105546)	21.667	300	229	3	1	298	1	296	3.05e-10	59.7
g891.t1	VFG006042(gb|WP_001222601)	21.834	229	143	6	8	215	6	219	4.32e-10	59.3
g891.t1	VFG037471(gb|YP_001083951)	22.180	266	203	2	35	298	11	274	1.44e-09	57.8
g891.t1	VFG044083(gb|NP_250948)	25.763	295	209	6	2	292	10	298	1.55e-07	51.6
g793.t1	VFG006042(gb|WP_001222601)	26.415	212	130	5	5	199	3	205	5.89e-13	67.8
g793.t1	VFG049114(gb|WP_012737527)	21.260	254	174	7	3	243	2	242	9.17e-10	58.5
