g1672.t1	VFG022924(gb|WP_010908722)	99.554	224	1	0	1	224	10	233	3.06e-157	434
g1672.t1	VFG009831(gb|WP_172591973)	99.554	224	1	0	1	224	13	236	4.68e-157	434
g1672.t1	VFG009829(gb|WP_024637144)	97.321	224	6	0	1	224	13	236	4.03e-154	426
g1672.t1	VFG022918(gb|WP_012396175)	97.321	224	6	0	1	224	13	236	1.14e-153	425
g1672.t1	VFG024176(gb|WP_008253900)	96.875	224	7	0	1	224	13	236	4.86e-153	424
g1672.t1	VFG009832(gb|WP_011738612)	96.429	224	8	0	1	224	13	236	4.50e-152	421
g1672.t1	VFG027175(gb|YP_005359605)	95.775	213	9	0	12	224	21	233	1.51e-144	402
g1672.t1	VFG001389(gb|NP_215418)	95.775	213	9	0	12	224	24	236	1.86e-144	402
g1672.t1	VFG027172(gb|YP_007957056)	94.836	213	11	0	12	224	24	236	1.29e-142	397
g1672.t1	VFG009833(gb|WP_168189073)	94.366	213	12	0	12	224	27	239	5.14e-142	396
g1672.t1	VFG009835(gb|WP_011782153)	94.366	213	12	0	12	224	21	233	1.03e-141	395
g1672.t1	VFG009838(gb|WP_011561825)	94.366	213	12	0	12	224	21	233	1.53e-141	395
g1672.t1	VFG009837(gb|WP_172800613)	94.366	213	12	0	12	224	24	236	2.31e-141	394
g1672.t1	VFG009834(gb|WP_011892635)	94.366	213	12	0	12	224	19	231	2.60e-141	394
g1672.t1	VFG027180(gb|WP_198345124)	94.366	213	12	0	12	224	24	236	2.82e-141	394
g1672.t1	VFG009836(gb|WP_011857018)	93.897	213	13	0	12	224	21	233	5.83e-141	393
g1672.t1	VFG022919(gb|YP_001701702)	91.981	212	17	0	13	224	22	233	2.70e-137	384
g1672.t1	VFG022925(gb|WP_013827765)	91.549	213	18	0	12	224	24	236	3.24e-133	374
g1672.t1	VFG009863(gb|WP_014878347)	50.901	222	109	0	1	222	3	224	4.18e-71	216
g1672.t1	VFG022941(gb|WP_013827874)	50.901	222	109	0	1	222	5	226	2.09e-69	212
g1672.t1	VFG009866(gb|WP_011561679)	50.450	222	110	0	1	222	5	226	4.81e-68	208
g1672.t1	VFG009867(gb|WP_041309847)	50.450	222	110	0	1	222	3	224	5.38e-68	208
g1672.t1	VFG009857(gb|WP_014588181)	50.000	222	111	0	1	222	3	224	1.29e-67	207
g1672.t1	VFG001390(gb|NP_215496)	50.000	222	111	0	1	222	3	224	1.84e-67	207
g1672.t1	VFG009859(gb|WP_003872811)	50.000	222	111	0	1	222	3	224	2.15e-67	206
g1672.t1	VFG027208(gb|WP_041181419)	50.000	222	111	0	1	222	3	224	2.55e-67	206
g1672.t1	VFG022934(gb|WP_020726450)	49.554	224	111	1	1	222	3	226	3.77e-67	206
g1672.t1	VFG027205(gb|WP_005098722)	49.550	222	112	0	1	222	3	224	5.97e-67	205
g1672.t1	VFG022935(gb|YP_001701820)	49.550	222	112	0	1	222	5	226	6.43e-67	205
g1672.t1	VFG027211(gb|WP_005063392)	49.550	222	112	0	1	222	3	224	6.96e-67	205
g1672.t1	VFG009862(gb|WP_071498255)	49.554	224	111	1	1	222	3	226	7.25e-67	205
g1672.t1	VFG027215(gb|YP_007960876)	49.550	222	112	0	1	222	3	224	1.43e-66	204
g1672.t1	VFG009864(gb|WP_041787729)	49.776	223	111	1	1	222	3	225	1.49e-66	204
g1672.t1	VFG024189(gb|WP_008254065)	49.550	222	112	0	1	222	3	224	3.97e-66	203
g1672.t1	VFG024188(gb|WP_014941347)	49.550	222	112	0	1	222	3	224	4.73e-66	203
g1672.t1	VFG009861(gb|WP_010907575)	49.099	222	113	0	1	222	3	224	6.35e-66	203
g1672.t1	VFG009865(gb|WP_041307013)	49.776	223	111	1	1	222	3	225	6.99e-66	202
g1672.t1	VFG027220(gb|YP_007957122)	49.099	222	113	0	1	222	3	224	1.55e-65	202
g1672.t1	VFG027229(gb|WP_041312672)	50.450	222	110	0	1	222	3	224	7.64e-61	190
g1672.t1	VFG022904(gb|WP_012396471)	45.291	223	120	2	1	222	16	237	4.73e-60	188
g1672.t1	VFG009803(gb|WP_011738792)	44.843	223	121	2	1	222	16	237	1.31e-59	187
g1672.t1	VFG009801(gb|WP_010948903)	45.291	223	120	2	1	222	15	236	1.48e-59	187
g1672.t1	VFG009802(gb|WP_003875752)	45.291	223	120	2	1	222	15	236	1.93e-59	187
g1672.t1	VFG024168(gb|WP_014379067)	45.291	223	120	2	1	222	15	236	2.37e-59	186
g1672.t1	VFG024164(gb|WP_008263800)	45.291	223	120	2	1	222	15	236	3.28e-59	186
g1672.t1	VFG001386(gb|NP_215271)	44.843	223	121	2	1	222	23	244	6.87e-59	186
g1672.t1	VFG027122(gb|WP_015456166)	44.843	223	121	2	1	222	23	244	9.94e-59	185
g1672.t1	VFG009797(gb|WP_012054162)	44.843	223	121	2	1	222	23	244	2.76e-58	184
g1672.t1	VFG009807(gb|WP_011561967)	45.089	224	119	3	1	222	15	236	7.40e-58	182
g1672.t1	VFG009804(gb|WP_011730856)	43.946	223	123	2	1	222	15	236	3.35e-57	181
g1672.t1	VFG027123(gb|YP_007956929)	43.946	223	123	2	1	222	23	244	5.57e-57	181
g1672.t1	VFG009805(gb|WP_011892478)	43.946	223	123	2	1	222	14	235	7.10e-57	180
g1672.t1	VFG022910(gb|WP_013830539)	43.946	223	123	2	1	222	15	236	7.64e-57	180
g1672.t1	VFG009806(gb|WP_036377334)	43.946	223	123	2	1	222	14	235	1.26e-56	179
g1672.t1	VFG022905(gb|YP_001701425)	44.395	223	122	2	1	222	23	244	1.88e-56	179
g1672.t1	VFG027131(gb|WP_015309447)	43.498	223	124	2	1	222	15	236	3.20e-56	178
g1672.t1	VFG031747(gb|WP_008261205)	39.910	223	131	3	1	221	4	225	5.03e-45	149
g1672.t1	VFG031754(gb|WP_015302569)	39.910	223	131	3	1	221	4	225	9.11e-45	149
g1672.t1	VFG031726(gb|WP_003873718)	39.910	223	131	3	1	221	4	225	1.03e-44	149
g1672.t1	VFG031735(gb|WP_011742113)	39.910	223	131	3	1	221	4	225	1.18e-44	149
g1672.t1	VFG031728(gb|WP_011799110)	39.910	223	131	3	1	221	4	225	1.27e-44	148
g1672.t1	VFG031722(gb|NP_215005)	39.910	223	131	3	1	221	4	225	1.45e-44	148
g1672.t1	VFG006826(gb|NP_464902)	40.359	223	131	2	1	222	4	225	4.62e-44	147
g1672.t1	VFG031738(gb|YP_001704775)	39.286	224	132	3	1	221	4	226	4.99e-44	147
g1672.t1	VFG031744(gb|WP_013827421)	39.910	223	131	3	1	221	4	225	1.16e-43	146
g1672.t1	VFG031729(gb|WP_011891085)	39.111	225	131	4	1	221	4	226	1.80e-43	145
g1672.t1	VFG031740(gb|WP_012666330)	39.462	223	132	3	1	221	4	225	2.11e-43	145
g1672.t1	VFG031736(gb|WP_011778105)	39.111	225	131	4	1	221	4	226	2.17e-43	145
g1672.t1	VFG031746(gb|WP_013470606)	38.393	224	134	3	1	221	4	226	4.32e-43	144
g1672.t1	VFG031776(gb|WP_015304588)	38.839	224	133	3	1	221	4	226	7.02e-43	144
g1672.t1	VFG031730(gb|WP_014876914)	38.393	224	134	3	1	221	4	226	1.22e-42	143
g1672.t1	VFG031731(gb|WP_011558087)	39.111	225	131	4	1	221	4	226	1.63e-42	143
g1672.t1	VFG031742(gb|WP_010908899)	41.237	194	111	3	30	221	4	196	3.03e-40	136
g1672.t1	VFG021089(gb|WP_024131483)	33.929	224	145	1	1	224	3	223	7.18e-38	131
g1672.t1	VFG004061(gb|WP_001766960)	33.482	224	146	1	1	224	3	223	3.33e-37	129
g1672.t1	VFG000475(gb|NP_460201)	33.482	224	146	1	1	224	4	224	6.11e-37	129
g1672.t1	VFG004063(gb|WP_001537766)	33.482	224	146	1	1	224	3	223	7.46e-37	128
g1672.t1	VFG018395(gb|WP_024131926)	33.482	224	146	1	1	224	3	223	1.39e-36	127
g1672.t1	VFG004064(gb|WP_023234872)	33.036	224	147	1	1	224	3	223	2.33e-36	127
g1672.t1	VFG052340(gb|NP_463157.1)	35.556	225	130	4	1	221	3	216	4.57e-35	124
g1672.t1	VFG038216(gb|WP_000076440)	34.978	223	142	3	1	221	10	231	1.89e-34	122
g1672.t1	VFG041842(gb|WP_011136182)	38.356	219	128	2	1	219	3	214	6.34e-34	120
g1672.t1	VFG011626(gb|WP_002965156)	34.361	227	141	4	3	222	12	237	2.74e-31	114
g1672.t1	VFG006820(gb|WP_003762805)	28.636	220	155	2	3	221	6	224	8.76e-27	102
g1672.t1	VFG006818(gb|NP_465270)	28.636	220	155	2	3	221	6	224	8.85e-27	102
g1672.t1	VFG006821(gb|WP_003729795)	28.636	220	155	2	3	221	6	224	1.11e-26	102
g1672.t1	VFG032572(gb|WP_003748279)	28.636	220	155	2	3	221	6	224	1.47e-26	102
g1672.t1	VFG041119(gb|WP_004528788)	34.052	232	136	6	1	221	10	235	7.71e-26	100
g1672.t1	VFG042127(gb|WP_010913962)	30.769	221	148	3	2	221	4	220	1.36e-25	99.4
g1672.t1	VFG038220(gb|YP_001083790)	35.465	172	108	3	52	221	2	172	1.33e-24	95.5
g1672.t1	VFG050626(gb|YP_001085823.1)	36.607	112	69	1	2	111	1	112	4.87e-18	76.6
g1672.t1	VFG050625(gb|WP_000389061.1)	36.283	113	70	1	1	111	10	122	5.96e-18	76.6
g1672.t1	VFG050634(gb|WP_000389077.1)	36.283	113	70	1	1	111	10	122	6.48e-18	76.6
g1672.t1	VFG042930(gb|WP_012031401)	36.283	113	70	1	1	111	10	122	3.45e-17	74.7
g1672.t1	VFG014004(gb|WP_003148848)	35.965	114	71	1	1	112	10	123	3.34e-16	72.4
g1672.t1	VFG001225(gb|NP_249099)	35.965	114	71	1	1	112	10	123	3.56e-16	72.4
g1672.t1	VFG014012(gb|WP_011064001)	35.398	113	71	1	2	112	11	123	8.62e-16	71.2
g1672.t1	VFG014014(gb|WP_003458788)	35.088	114	72	1	1	112	10	123	9.50e-16	71.2
g1672.t1	VFG014006(gb|WP_002551738)	36.522	115	69	2	1	112	10	123	1.62e-15	70.5
g1672.t1	VFG014008(gb|WP_004654414)	36.522	115	69	2	1	112	10	123	1.71e-15	70.5
g1672.t1	VFG014015(gb|WP_003282729)	35.088	114	72	1	1	112	10	123	1.95e-15	70.5
g1672.t1	VFG042942(gb|WP_004085459)	33.628	113	73	1	1	111	16	128	7.00e-15	68.9
g1672.t1	VFG014013(gb|WP_007953330)	35.088	114	72	1	1	112	10	123	1.28e-14	68.2
g1672.t1	VFG042008(gb|WP_011004150)	33.333	147	96	1	59	203	60	206	1.46e-14	70.5
g1672.t1	VFG019763(gb|WP_003176671)	33.621	116	75	1	1	114	10	125	2.68e-14	67.4
g1672.t1	VFG043345(gb|WP_011946713)	33.913	115	76	0	1	115	4	118	6.96e-14	69.7
g1672.t1	VFG014025(gb|WP_011064000)	36.275	102	63	1	1	100	4	105	6.96e-14	65.9
g1672.t1	VFG014022(gb|WP_003249327)	32.479	117	75	2	1	114	4	119	1.04e-13	65.5
g1672.t1	VFG019765(gb|WP_014720320)	31.034	116	78	1	1	114	4	119	1.79e-13	64.7
g1672.t1	VFG015634(gb|WP_012274551)	31.933	119	73	2	1	114	4	119	1.86e-13	64.7
g1672.t1	VFG015632(gb|WP_012274552)	33.333	114	74	1	1	112	7	120	2.56e-13	64.7
g1672.t1	VFG014024(gb|WP_011536047)	33.613	119	71	2	1	114	4	119	2.97e-13	63.9
g1672.t1	VFG015633(gb|WP_012312414)	33.333	114	74	1	1	112	7	120	3.02e-13	64.3
g1672.t1	VFG014021(gb|WP_002551739)	34.483	116	74	1	1	114	4	119	3.55e-13	63.9
g1672.t1	VFG014009(gb|WP_010955560)	33.333	114	74	1	1	112	7	120	4.51e-13	63.9
g1672.t1	VFG042950(gb|WP_004083584)	29.268	123	85	1	1	121	4	126	4.66e-13	63.9
g1672.t1	VFG001231(gb|NP_249104)	34.483	116	74	1	1	114	2353	2468	4.73e-13	67.8
g1672.t1	VFG014062(gb|WP_004365046)	34.483	116	74	1	1	114	2357	2472	4.73e-13	67.8
g1672.t1	VFG014026(gb|WP_011336365)	35.294	102	64	1	1	100	4	105	4.79e-13	63.5
g1672.t1	VFG014019(gb|WP_003377196)	33.621	116	75	1	1	114	4	119	4.89e-13	63.5
g1672.t1	VFG019771(gb|WP_012613502)	34.483	116	74	1	1	114	2353	2468	5.05e-13	67.8
g1672.t1	VFG014027(gb|WP_003458790)	32.759	116	76	1	1	114	4	119	5.25e-13	63.5
g1672.t1	VFG014061(gb|WP_012074001)	34.483	116	74	1	1	114	2339	2454	5.76e-13	67.4
g1672.t1	VFG014011(gb|WP_044488517)	33.333	114	74	1	1	112	7	120	6.54e-13	63.5
g1672.t1	VFG014072(gb|WP_011914954)	35.652	115	69	2	1	110	2325	2439	1.40e-12	66.2
g1672.t1	VFG014071(gb|WP_041772785)	35.922	103	64	1	1	101	2295	2397	2.13e-12	65.9
g1672.t1	VFG050640(gb|WP_000101096.1)	31.933	119	73	2	1	114	4	119	2.30e-12	61.6
g1672.t1	VFG014028(gb|WP_003297216)	32.759	116	76	1	1	114	4	119	2.50e-12	61.6
g1672.t1	VFG014020(gb|WP_011266432)	33.613	119	71	2	1	114	4	119	2.55e-12	61.6
g1672.t1	VFG014066(gb|WP_010955557)	36.893	103	63	1	1	101	1527	1629	3.16e-12	65.5
g1672.t1	VFG014067(gb|WP_012053912)	36.893	103	63	1	1	101	1527	1629	3.19e-12	65.5
g1672.t1	VFG015640(gb|WP_012274548)	36.893	103	63	1	1	101	1528	1630	3.31e-12	65.1
g1672.t1	VFG038757(gb|WP_011898552)	34.653	101	66	0	1	101	6	106	4.78e-12	64.3
g1672.t1	VFG014064(gb|WP_011266435)	35.398	113	68	2	1	108	1873	1985	6.49e-12	64.3
g1672.t1	VFG014394(gb|WP_041755564)	32.000	175	90	6	1	170	5	155	7.30e-12	63.9
g1672.t1	VFG014388(gb|WP_010955091)	34.653	101	66	0	1	101	5	105	7.48e-12	63.9
g1672.t1	VFG019828(gb|WP_015885195)	35.714	112	69	1	1	109	5	116	8.36e-12	63.5
g1672.t1	VFG006846(gb|NP_464218)	34.314	102	66	1	1	101	4	105	1.08e-11	59.7
g1672.t1	VFG032760(gb|WP_003746076)	34.314	102	66	1	1	101	4	105	1.15e-11	59.7
g1672.t1	VFG042915(gb|WP_012030773)	27.200	125	91	0	2	126	5	129	1.19e-11	63.2
g1672.t1	VFG001226(gb|NP_249100)	31.034	116	78	1	1	114	4	119	1.30e-11	59.7
g1672.t1	VFG014392(gb|WP_011333047)	38.053	113	65	3	1	109	5	116	1.45e-11	63.2
g1672.t1	VFG015641(gb|WP_012312418)	35.922	103	64	1	1	101	1510	1612	1.54e-11	63.2
g1672.t1	VFG014068(gb|WP_044488903)	34.951	103	65	1	1	101	1637	1739	2.00e-11	63.2
g1672.t1	VFG014385(gb|WP_011103783)	34.667	150	93	4	1	148	5	151	2.07e-11	62.4
g1672.t1	VFG015635(gb|WP_012312415)	29.412	119	76	2	1	114	4	119	2.30e-11	58.9
g1672.t1	VFG014065(gb|WP_011167502)	34.513	113	69	2	1	108	1867	1979	2.58e-11	62.8
g1672.t1	VFG038758(gb|WP_005350684)	33.663	101	67	0	1	101	6	106	2.97e-11	62.0
g1672.t1	VFG019772(gb|WP_015886333)	37.931	116	61	3	1	108	1820	1932	3.57e-11	62.4
g1672.t1	VFG014063(gb|WP_011105280)	33.981	103	66	1	1	101	1868	1970	3.58e-11	62.4
g1672.t1	VFG015680(gb|WP_012273511)	29.787	141	91	2	1	141	5	137	4.42e-11	61.6
g1672.t1	VFG043206(gb|WP_005164479)	33.058	121	78	2	1	118	8	128	4.91e-11	58.5
g1672.t1	VFG014393(gb|WP_012019025)	38.938	113	64	3	1	109	5	116	5.05e-11	61.6
g1672.t1	VFG043373(gb|WP_000342347)	30.081	123	80	3	1	118	679	800	5.36e-11	61.6
g1672.t1	VFG014387(gb|WP_004664453)	36.937	111	68	2	1	110	5	114	5.65e-11	61.2
g1672.t1	VFG015681(gb|WP_012315526)	30.952	126	83	1	1	126	5	126	5.91e-11	61.2
g1672.t1	VFG014389(gb|WP_012051624)	30.303	132	89	1	1	132	5	133	5.97e-11	61.2
g1672.t1	VFG042926(gb|WP_012031397)	34.483	116	74	1	1	114	2433	2548	7.92e-11	61.2
g1672.t1	VFG043408(gb|WP_000940577)	33.981	103	66	2	1	101	5	107	8.05e-11	57.8
g1672.t1	VFG038756(gb|WP_011706626)	33.663	101	67	0	1	101	6	106	8.11e-11	60.8
g1672.t1	VFG014070(gb|WP_011336362)	35.398	113	68	2	1	108	1852	1964	8.31e-11	61.2
g1672.t1	VFG043037(gb|NP_460873)	32.231	121	79	2	1	118	8	128	1.03e-10	57.4
g1672.t1	VFG014386(gb|WP_011268444)	34.545	110	72	0	1	110	5	114	1.20e-10	60.5
g1672.t1	VFG043089(gb|WP_000763867)	31.405	121	80	2	1	118	8	128	1.74e-10	57.0
g1672.t1	VFG015070(gb|WP_011103673)	31.395	172	103	7	1	162	669	835	1.79e-10	60.1
g1672.t1	VFG014383(gb|WP_012076712)	37.168	113	66	3	1	109	5	116	1.82e-10	59.7
g1672.t1	VFG019760(gb|WP_012722471)	32.479	117	79	0	1	117	5	121	3.15e-10	58.9
g1672.t1	VFG014069(gb|WP_011063997)	36.207	116	63	3	1	108	1850	1962	3.74e-10	59.3
g1672.t1	VFG001249(gb|NP_249790)	37.168	113	66	3	1	109	5	116	4.93e-10	58.5
g1672.t1	VFG015071(gb|WP_011268595)	30.822	146	90	5	1	136	669	813	5.55e-10	58.5
g1672.t1	VFG014390(gb|WP_011534911)	33.036	112	73	2	1	111	5	115	6.37e-10	58.2
g1672.t1	VFG018953(gb|WP_012304703)	32.743	113	66	3	1	106	696	805	6.91e-10	58.2
g1672.t1	VFG003358(gb|WP_011191566)	32.743	113	66	3	1	106	696	805	6.91e-10	58.2
g1672.t1	VFG015076(gb|WP_011062714)	32.576	132	78	5	2	123	670	800	7.48e-10	58.2
g1672.t1	VFG001747(gb|WP_002209035)	32.743	113	66	3	1	106	696	805	7.88e-10	58.2
g1672.t1	VFG017284(gb|WP_012105858)	32.743	113	66	3	1	106	696	805	9.14e-10	57.8
g1672.t1	VFG043012(gb|NP_250147)	31.092	119	79	2	1	116	3	121	9.87e-10	54.7
g1672.t1	VFG007573(gb|WP_005420316)	31.092	119	79	2	1	116	7	125	1.07e-09	54.7
g1672.t1	VFG015072(gb|WP_011169248)	30.137	146	91	5	1	136	669	813	1.20e-09	57.8
g1672.t1	VFG025917(gb|WP_006482646)	33.621	116	72	2	1	111	5	120	1.23e-09	54.3
g1672.t1	VFG014391(gb|WP_011059972)	37.168	113	66	3	1	109	5	116	1.60e-09	57.0
g1672.t1	VFG038700(gb|WP_005319295)	30.579	121	81	2	1	118	7	127	1.74e-09	53.9
g1672.t1	VFG007550(gb|WP_000985860)	38.554	83	40	3	25	101	31	108	1.94e-09	56.6
g1672.t1	VFG025915(gb|WP_006477352)	33.621	116	72	2	1	111	5	120	2.34e-09	53.5
g1672.t1	VFG043394(gb|YP_002343725)	30.476	105	69	2	1	101	649	753	2.39e-09	56.6
g1672.t1	VFG038699(gb|WP_010634617)	30.579	121	81	2	1	118	7	127	2.48e-09	53.5
g1672.t1	VFG018054(gb|WP_002892246)	29.268	123	78	5	1	119	3	120	3.19e-09	56.2
g1672.t1	VFG017806(gb|WP_011990003)	29.268	123	78	5	1	119	3	120	3.22e-09	56.2
g1672.t1	VFG011947(gb|WP_002867162)	29.268	123	78	5	1	119	3	120	3.51e-09	55.8
g1672.t1	VFG007568(gb|WP_000697869)	30.252	119	80	2	1	116	3	121	3.64e-09	53.1
g1672.t1	VFG007570(gb|WP_021451399)	30.252	119	80	2	1	116	3	121	4.42e-09	52.8
g1672.t1	VFG015068(gb|WP_003156446)	30.818	159	100	3	1	151	667	823	4.84e-09	55.8
g1672.t1	VFG042929(gb|WP_012031400)	29.310	116	80	1	1	114	4	119	5.62e-09	52.4
g1672.t1	VFG015067(gb|NP_249619)	30.818	159	100	3	1	151	667	823	5.77e-09	55.5
g1672.t1	VFG038713(gb|WP_005353666)	33.083	133	65	5	25	138	31	158	5.92e-09	55.1
g1672.t1	VFG007488(gb|WP_011150918)	29.464	112	76	1	1	109	6	117	6.67e-09	55.1
g1672.t1	VFG007487(gb|WP_011079832)	29.464	112	76	1	1	109	6	117	7.05e-09	55.1
g1672.t1	VFG025824(gb|WP_006754880)	31.933	119	78	2	1	116	7	125	7.44e-09	52.4
g1672.t1	VFG007484(gb|WP_000079330)	29.464	112	76	1	1	109	6	117	8.30e-09	54.7
g1672.t1	VFG002525(gb|WP_004185006)	31.933	119	78	2	1	116	7	125	8.31e-09	52.4
g1672.t1	VFG007486(gb|WP_005457658)	29.464	112	76	1	1	109	6	117	8.72e-09	54.7
g1672.t1	VFG038701(gb|WP_013723552)	29.752	121	82	2	1	118	7	127	8.85e-09	52.0
g1672.t1	VFG007571(gb|WP_017052487)	30.252	119	80	2	1	116	3	121	1.25e-08	51.6
g1672.t1	VFG011948(gb|WP_002869127)	28.455	123	79	5	1	119	3	120	1.26e-08	54.3
g1672.t1	VFG011946(gb|YP_002344419)	28.455	123	79	5	1	119	3	120	1.39e-08	54.3
g1672.t1	VFG015783(gb|WP_012313127)	28.169	142	81	3	1	134	671	799	1.39e-08	54.3
g1672.t1	VFG007489(gb|WP_011262361)	29.464	112	76	1	1	109	6	117	1.81e-08	53.9
g1672.t1	VFG050696(gb|WP_000840549.1)	28.205	117	84	0	1	117	8	124	2.12e-08	53.5
g1672.t1	VFG050705(gb|WP_000840555.1)	28.205	117	84	0	1	117	8	124	2.18e-08	53.5
g1672.t1	VFG050703(gb|WP_000840547.1)	28.205	117	84	0	1	117	8	124	2.22e-08	53.5
g1672.t1	VFG050699(gb|WP_000840548.1)	28.205	117	84	0	1	117	8	124	2.33e-08	53.5
g1672.t1	VFG000116(gb|NP_254170)	30.345	145	85	2	1	129	11	155	2.38e-08	53.5
g1672.t1	VFG025826(gb|WP_006485893)	31.092	119	79	2	1	116	7	125	3.78e-08	50.4
g1672.t1	VFG050641(gb|YP_001085822.1)	34.146	82	46	2	38	114	4	82	4.07e-08	49.3
g1672.t1	VFG015782(gb|WP_012270935)	30.714	140	85	5	1	131	670	806	4.28e-08	53.1
g1672.t1	VFG015073(gb|WP_010952710)	29.752	121	77	2	1	113	670	790	4.97e-08	52.8
g1672.t1	VFG015074(gb|WP_012053464)	29.752	121	77	2	1	113	670	790	5.98e-08	52.4
g1672.t1	VFG038710(gb|WP_011705291)	33.333	132	64	5	25	137	31	157	5.98e-08	52.0
g1672.t1	VFG014975(gb|WP_013981629)	32.609	138	85	4	1	132	3	138	6.48e-08	51.6
g1672.t1	VFG038711(gb|WP_016350060)	35.185	108	50	4	25	117	31	133	7.14e-08	52.0
g1672.t1	VFG007554(gb|WP_011150906)	38.272	81	43	2	25	101	31	108	1.02e-07	51.6
g1672.t1	VFG007553(gb|WP_011079855)	38.272	81	43	2	25	101	31	108	1.02e-07	51.6
g1672.t1	VFG043402(gb|YP_002344511)	31.429	105	68	3	1	101	3	107	1.11e-07	49.3
g1672.t1	VFG038712(gb|WP_005319287)	35.659	129	64	6	25	143	31	150	1.20e-07	51.2
g1672.t1	VFG023574(gb|WP_013649086)	28.467	137	85	4	1	127	706	839	1.39e-07	51.6
g1672.t1	VFG013988(gb|WP_011266589)	29.008	131	93	0	1	131	7	137	1.52e-07	51.2
g1672.t1	VFG007552(gb|WP_005479477)	31.250	128	59	6	25	128	31	153	1.61e-07	50.8
g1672.t1	VFG015075(gb|WP_011532652)	30.328	122	75	4	1	113	670	790	1.72e-07	51.2
g1672.t1	VFG043386(gb|WP_000772151)	25.000	120	82	3	1	114	3	120	1.83e-07	48.5
g1672.t1	VFG014964(gb|WP_003157680)	28.333	180	115	6	1	174	3	174	2.05e-07	50.1
g1672.t1	VFG013993(gb|WP_026006503)	27.692	130	94	0	2	131	8	137	2.09e-07	50.8
g1672.t1	VFG011949(gb|WP_011732213)	28.571	112	75	3	1	111	3	110	2.11e-07	50.4
g1672.t1	VFG019944(gb|WP_003190387)	28.676	136	95	2	1	134	4	139	2.25e-07	49.7
g1672.t1	VFG007555(gb|WP_005420308)	32.231	121	58	4	25	125	31	147	2.38e-07	50.4
g1672.t1	VFG014973(gb|WP_011336516)	35.922	103	61	3	1	100	3	103	2.47e-07	49.7
g1672.t1	VFG015083(gb|WP_005737926)	25.862	174	118	5	2	171	5	171	2.54e-07	49.7
g1672.t1	VFG019942(gb|WP_012724914)	29.921	127	80	3	1	118	669	795	3.04e-07	50.4
g1672.t1	VFG000119(gb|NP_253948)	29.444	180	113	7	1	174	3	174	4.09e-07	49.3
g1672.t1	VFG043015(gb|NP_250150)	34.513	113	69	4	25	133	31	142	4.31e-07	49.7
g1672.t1	VFG041873(gb|WP_080509010)	30.075	133	85	2	2	126	705	837	5.99e-07	49.7
g1672.t1	VFG041577(gb|WP_012847750)	33.333	114	65	3	1	106	684	794	7.37e-07	49.3
g1672.t1	VFG001214(gb|NP_253237)	29.268	123	87	0	2	124	7	129	1.04e-06	48.5
g1672.t1	VFG015077(gb|WP_041475601)	27.559	127	84	2	1	119	669	795	1.05e-06	48.9
g1672.t1	VFG019759(gb|WP_003110427)	29.268	123	87	0	2	124	7	129	1.07e-06	48.5
g1672.t1	VFG015079(gb|WP_185745811)	28.261	138	87	3	1	126	670	807	1.31e-06	48.5
g1672.t1	VFG015084(gb|WP_002553344)	25.287	174	119	5	2	171	5	171	1.33e-06	47.4
g1672.t1	VFG014974(gb|WP_003242397)	33.981	103	63	3	1	100	3	103	1.52e-06	47.4
g1672.t1	VFG014968(gb|WP_002551374)	32.727	110	69	3	1	107	3	110	1.52e-06	47.4
g1672.t1	VFG014967(gb|WP_003401565)	32.727	110	69	3	1	107	3	110	1.60e-06	47.4
g1672.t1	VFG019919(gb|WP_015886493)	33.981	103	63	3	1	100	3	103	1.86e-06	47.4
g1672.t1	VFG014966(gb|WP_007247212)	29.825	114	75	3	1	111	3	114	1.97e-06	47.4
g1672.t1	VFG042670(gb|WP_006485049)	32.432	111	70	1	1	106	585	695	2.70e-06	47.4
g1672.t1	VFG013985(gb|WP_012077306)	30.172	116	81	0	2	117	7	122	2.75e-06	47.4
g1672.t1	VFG013987(gb|WP_011103301)	28.800	125	89	0	1	125	7	131	2.80e-06	47.4
g1672.t1	VFG011120(gb|WP_012417544)	30.189	106	73	1	1	105	4	109	2.83e-06	46.6
g1672.t1	VFG015085(gb|WP_011168507)	27.119	177	112	8	2	171	5	171	3.42e-06	46.2
g1672.t1	VFG015092(gb|WP_041755484)	31.858	113	75	2	1	111	4	116	3.62e-06	46.2
g1672.t1	VFG013992(gb|WP_011921055)	30.172	116	81	0	2	117	7	122	4.17e-06	46.6
g1672.t1	VFG002044(gb|WP_010930609)	28.472	144	89	2	1	130	5	148	4.38e-06	45.8
g1672.t1	VFG045728(gb|WP_003635449)	29.927	137	90	4	2	134	5	139	4.57e-06	45.8
g1672.t1	VFG015078(gb|WP_012018243)	27.358	106	72	1	1	101	668	773	5.09e-06	46.6
g1672.t1	VFG014970(gb|WP_003255896)	37.383	107	56	6	1	101	3	104	5.62e-06	45.8
g1672.t1	VFG014969(gb|WP_010951571)	37.383	107	56	6	1	101	3	104	6.84e-06	45.4
g1672.t1	VFG013989(gb|WP_011167664)	28.947	114	81	0	1	114	7	120	7.86e-06	45.8
g1672.t1	VFG015770(gb|WP_012269993)	36.449	107	57	6	1	101	3	104	8.02e-06	45.4
g891.t1	VFG001389(gb|NP_215418)	100.000	236	0	0	1	236	1	236	1.63e-166	458
g891.t1	VFG027172(gb|YP_007957056)	99.153	236	2	0	1	236	1	236	1.34e-164	454
g891.t1	VFG027175(gb|YP_005359605)	100.000	233	0	0	4	236	1	233	6.94e-164	452
g891.t1	VFG024176(gb|WP_008253900)	97.458	236	6	0	1	236	1	236	9.97e-163	449
g891.t1	VFG022918(gb|WP_012396175)	97.458	236	6	0	1	236	1	236	1.14e-162	449
g891.t1	VFG009829(gb|WP_024637144)	97.034	236	7	0	1	236	1	236	2.89e-162	447
g891.t1	VFG009832(gb|WP_011738612)	96.610	236	8	0	1	236	1	236	7.03e-161	444
g891.t1	VFG009831(gb|WP_172591973)	95.339	236	11	0	1	236	1	236	2.85e-150	417
g891.t1	VFG022924(gb|WP_010908722)	95.708	233	10	0	4	236	1	233	8.18e-149	414
g891.t1	VFG027180(gb|WP_198345124)	94.915	236	12	0	1	236	1	236	1.80e-148	413
g891.t1	VFG009837(gb|WP_172800613)	94.492	236	13	0	1	236	1	236	1.82e-147	410
g891.t1	VFG009838(gb|WP_011561825)	95.279	233	11	0	4	236	1	233	5.51e-147	409
g891.t1	VFG009833(gb|WP_168189073)	93.305	239	13	1	1	236	1	239	5.61e-147	409
g891.t1	VFG009836(gb|WP_011857018)	94.850	233	12	0	4	236	1	233	1.63e-146	408
g891.t1	VFG009835(gb|WP_011782153)	94.421	233	13	0	4	236	1	233	2.64e-145	405
g891.t1	VFG009834(gb|WP_011892635)	94.850	233	10	1	4	236	1	231	4.70e-144	401
g891.t1	VFG022919(gb|YP_001701702)	91.845	233	19	0	4	236	1	233	5.88e-141	394
g891.t1	VFG022925(gb|WP_013827765)	91.525	236	20	0	1	236	1	236	5.85e-137	384
g891.t1	VFG009863(gb|WP_014878347)	52.915	223	105	0	12	234	2	224	4.50e-75	226
g891.t1	VFG009866(gb|WP_011561679)	52.018	223	107	0	12	234	4	226	2.12e-71	217
g891.t1	VFG009867(gb|WP_041309847)	52.018	223	107	0	12	234	2	224	2.70e-71	217
g891.t1	VFG022941(gb|WP_013827874)	51.121	223	109	0	12	234	4	226	7.67e-71	216
g891.t1	VFG009859(gb|WP_003872811)	51.121	223	109	0	12	234	2	224	6.57e-70	213
g891.t1	VFG009857(gb|WP_014588181)	50.673	223	110	0	12	234	2	224	2.51e-69	212
g891.t1	VFG001390(gb|NP_215496)	50.673	223	110	0	12	234	2	224	4.01e-69	211
g891.t1	VFG027208(gb|WP_041181419)	50.673	223	110	0	12	234	2	224	4.28e-69	211
g891.t1	VFG009864(gb|WP_041787729)	50.893	224	109	1	12	234	2	225	4.98e-69	211
g891.t1	VFG022934(gb|WP_020726450)	50.222	225	110	1	12	234	2	226	8.21e-69	211
g891.t1	VFG022935(gb|YP_001701820)	50.224	223	111	0	12	234	4	226	1.01e-68	211
g891.t1	VFG027205(gb|WP_005098722)	50.224	223	111	0	12	234	2	224	1.06e-68	210
g891.t1	VFG027211(gb|WP_005063392)	50.224	223	111	0	12	234	2	224	1.15e-68	210
g891.t1	VFG009862(gb|WP_071498255)	50.222	225	110	1	12	234	2	226	1.61e-68	210
g891.t1	VFG009865(gb|WP_041307013)	50.893	224	109	1	12	234	2	225	1.86e-68	210
g891.t1	VFG027215(gb|YP_007960876)	50.224	223	111	0	12	234	2	224	2.37e-68	209
g891.t1	VFG024189(gb|WP_008254065)	50.224	223	111	0	12	234	2	224	7.67e-68	208
g891.t1	VFG024188(gb|WP_014941347)	50.224	223	111	0	12	234	2	224	9.74e-68	208
g891.t1	VFG009861(gb|WP_010907575)	49.776	223	112	0	12	234	2	224	1.07e-67	208
g891.t1	VFG027220(gb|YP_007957122)	49.776	223	112	0	12	234	2	224	1.44e-67	207
g891.t1	VFG027229(gb|WP_041312672)	52.018	223	107	0	12	234	2	224	8.90e-64	198
g891.t1	VFG022904(gb|WP_012396471)	45.415	229	121	3	9	234	10	237	6.25e-61	191
g891.t1	VFG009801(gb|WP_010948903)	46.429	224	118	2	12	234	14	236	9.26e-61	191
g891.t1	VFG024168(gb|WP_014379067)	46.429	224	118	2	12	234	14	236	1.20e-60	190
g891.t1	VFG024164(gb|WP_008263800)	46.429	224	118	2	12	234	14	236	1.23e-60	190
g891.t1	VFG009802(gb|WP_003875752)	46.429	224	118	2	12	234	14	236	1.27e-60	190
g891.t1	VFG009803(gb|WP_011738792)	44.978	229	122	3	9	234	10	237	2.18e-60	189
g891.t1	VFG001386(gb|NP_215271)	45.415	229	121	3	9	234	17	244	5.63e-60	189
g891.t1	VFG027122(gb|WP_015456166)	45.415	229	121	3	9	234	17	244	7.31e-60	188
g891.t1	VFG009797(gb|WP_012054162)	45.415	229	121	3	9	234	17	244	2.05e-59	187
g891.t1	VFG009804(gb|WP_011730856)	43.830	235	130	2	1	234	3	236	5.61e-59	186
g891.t1	VFG009807(gb|WP_011561967)	43.404	235	131	2	1	234	3	236	1.46e-58	185
g891.t1	VFG027123(gb|YP_007956929)	44.541	229	123	3	9	234	17	244	2.99e-58	184
g891.t1	VFG009805(gb|WP_011892478)	44.541	229	125	2	7	234	8	235	3.48e-58	184
g891.t1	VFG009806(gb|WP_036377334)	45.217	230	122	3	7	234	8	235	5.32e-58	183
g891.t1	VFG027131(gb|WP_015309447)	42.553	235	133	2	1	234	3	236	2.27e-57	182
g891.t1	VFG022905(gb|YP_001701425)	43.913	230	127	2	6	234	16	244	5.23e-57	181
g891.t1	VFG022910(gb|WP_013830539)	44.196	224	123	2	12	234	14	236	5.77e-57	181
g891.t1	VFG006826(gb|NP_464902)	41.071	224	130	2	12	234	3	225	1.21e-45	151
g891.t1	VFG031747(gb|WP_008261205)	40.359	223	130	3	13	233	4	225	2.82e-44	148
g891.t1	VFG031735(gb|WP_011742113)	40.359	223	130	3	13	233	4	225	3.08e-44	148
g891.t1	VFG031728(gb|WP_011799110)	40.359	223	130	3	13	233	4	225	3.70e-44	147
g891.t1	VFG031726(gb|WP_003873718)	40.359	223	130	3	13	233	4	225	3.90e-44	147
g891.t1	VFG031754(gb|WP_015302569)	40.359	223	130	3	13	233	4	225	4.16e-44	147
g891.t1	VFG031722(gb|NP_215005)	40.359	223	130	3	13	233	4	225	4.95e-44	147
g891.t1	VFG031738(gb|YP_001704775)	39.732	224	131	3	13	233	4	226	1.68e-43	146
g891.t1	VFG031744(gb|WP_013827421)	40.179	224	131	3	12	233	3	225	4.56e-43	145
g891.t1	VFG031736(gb|WP_011778105)	40.000	225	129	4	13	233	4	226	5.94e-43	144
g891.t1	VFG031740(gb|WP_012666330)	39.910	223	131	3	13	233	4	225	7.40e-43	144
g891.t1	VFG031746(gb|WP_013470606)	38.839	224	133	3	13	233	4	226	2.07e-42	143
g891.t1	VFG031776(gb|WP_015304588)	39.286	224	132	3	13	233	4	226	2.16e-42	143
g891.t1	VFG031729(gb|WP_011891085)	39.111	225	131	4	13	233	4	226	3.33e-42	142
g891.t1	VFG031731(gb|WP_011558087)	39.286	224	132	3	13	233	4	226	6.56e-42	142
g891.t1	VFG031730(gb|WP_014876914)	38.839	224	133	3	13	233	4	226	7.62e-42	142
g891.t1	VFG031742(gb|WP_010908899)	41.237	194	111	3	42	233	4	196	2.39e-39	134
g891.t1	VFG021089(gb|WP_024131483)	34.667	225	144	1	12	236	2	223	3.41e-39	135
g891.t1	VFG004061(gb|WP_001766960)	34.222	225	145	1	12	236	2	223	1.55e-38	133
g891.t1	VFG000475(gb|NP_460201)	34.222	225	145	1	12	236	3	224	3.23e-38	132
g891.t1	VFG004063(gb|WP_001537766)	34.222	225	145	1	12	236	2	223	3.47e-38	132
g891.t1	VFG018395(gb|WP_024131926)	34.222	225	145	1	12	236	2	223	6.32e-38	131
g891.t1	VFG004064(gb|WP_023234872)	33.778	225	146	1	12	236	2	223	1.06e-37	131
g891.t1	VFG052340(gb|NP_463157.1)	35.841	226	130	4	12	233	2	216	4.88e-37	129
g891.t1	VFG038216(gb|WP_000076440)	35.111	225	143	3	11	233	8	231	4.33e-36	127
g891.t1	VFG041842(gb|WP_011136182)	40.724	221	122	4	12	231	2	214	4.92e-35	124
g891.t1	VFG011626(gb|WP_002965156)	33.193	238	151	4	4	234	1	237	6.15e-31	114
g891.t1	VFG006818(gb|NP_465270)	29.596	223	155	2	12	233	3	224	2.27e-29	109
g891.t1	VFG006820(gb|WP_003762805)	29.464	224	156	2	12	234	3	225	3.35e-29	109
g891.t1	VFG006821(gb|WP_003729795)	29.464	224	156	2	12	234	3	225	3.43e-29	109
g891.t1	VFG032572(gb|WP_003748279)	29.464	224	156	2	12	234	3	225	5.02e-29	108
g891.t1	VFG041119(gb|WP_004528788)	34.855	241	140	6	4	233	1	235	8.81e-28	105
g891.t1	VFG042127(gb|WP_010913962)	29.730	222	153	1	12	233	2	220	8.11e-26	100
g891.t1	VFG038220(gb|YP_001083790)	35.465	172	108	3	64	233	2	172	3.15e-24	95.1
g891.t1	VFG050634(gb|WP_000389077.1)	36.066	122	76	1	4	123	1	122	1.90e-19	80.9
g891.t1	VFG050625(gb|WP_000389061.1)	36.066	122	76	1	4	123	1	122	2.32e-19	80.9
g891.t1	VFG042930(gb|WP_012031401)	36.066	122	76	1	4	123	1	122	2.67e-18	77.8
g891.t1	VFG050626(gb|YP_001085823.1)	37.500	112	68	1	14	123	1	112	4.84e-18	77.0
g891.t1	VFG014008(gb|WP_004654414)	35.484	124	76	2	4	124	1	123	7.89e-18	77.0
g891.t1	VFG014006(gb|WP_002551738)	35.484	124	76	2	4	124	1	123	8.14e-18	77.0
g891.t1	VFG014012(gb|WP_011064001)	34.959	123	78	1	4	124	1	123	1.79e-17	75.9
g891.t1	VFG042942(gb|WP_004085459)	34.211	114	73	1	12	123	15	128	3.23e-16	72.8
g891.t1	VFG014004(gb|WP_003148848)	34.783	115	73	1	12	124	9	123	3.24e-16	72.8
g891.t1	VFG001225(gb|NP_249099)	34.783	115	73	1	12	124	9	123	3.31e-16	72.8
g891.t1	VFG014014(gb|WP_003458788)	35.652	115	72	1	12	124	9	123	3.83e-16	72.4
g891.t1	VFG014013(gb|WP_007953330)	33.333	123	80	1	4	124	1	123	5.05e-16	72.0
g891.t1	VFG019763(gb|WP_003176671)	32.800	125	82	1	4	126	1	125	5.51e-16	72.0
g891.t1	VFG014015(gb|WP_003282729)	35.652	115	72	1	12	124	9	123	7.29e-16	71.6
g891.t1	VFG014022(gb|WP_003249327)	33.898	118	74	2	12	126	3	119	1.12e-15	70.9
g891.t1	VFG015634(gb|WP_012274551)	33.333	120	72	2	12	126	3	119	1.93e-15	70.1
g891.t1	VFG014025(gb|WP_011064000)	34.188	117	75	1	12	126	3	119	2.40e-15	70.1
g891.t1	VFG019765(gb|WP_014720320)	32.479	117	77	1	12	126	3	119	2.72e-15	69.7
g891.t1	VFG043345(gb|WP_011946713)	34.483	116	76	0	12	127	3	118	4.18e-15	73.6
g891.t1	VFG014024(gb|WP_011536047)	35.000	120	70	2	12	126	3	119	4.53e-15	69.3
g891.t1	VFG014021(gb|WP_002551739)	35.043	117	74	1	12	126	3	119	9.67e-15	68.2
g891.t1	VFG015632(gb|WP_012274552)	33.913	115	74	1	12	124	6	120	1.12e-14	68.6
g891.t1	VFG042950(gb|WP_004083584)	31.818	110	73	1	12	119	3	112	1.18e-14	68.2
g891.t1	VFG014019(gb|WP_003377196)	34.188	117	75	1	12	126	3	119	1.29e-14	68.2
g891.t1	VFG015633(gb|WP_012312414)	33.913	115	74	1	12	124	6	120	1.32e-14	68.2
g891.t1	VFG014026(gb|WP_011336365)	35.922	103	64	1	12	112	3	105	1.42e-14	67.8
g891.t1	VFG014027(gb|WP_003458790)	33.333	117	76	1	12	126	3	119	1.53e-14	67.8
g891.t1	VFG042008(gb|WP_011004150)	32.530	166	109	2	71	233	60	225	1.77e-14	70.5
g891.t1	VFG014009(gb|WP_010955560)	33.913	115	74	1	12	124	6	120	1.81e-14	67.8
g891.t1	VFG019771(gb|WP_012613502)	35.593	118	74	1	11	126	2351	2468	2.20e-14	72.0
g891.t1	VFG001231(gb|NP_249104)	35.593	118	74	1	11	126	2351	2468	2.24e-14	72.0
g891.t1	VFG014062(gb|WP_004365046)	35.593	118	74	1	11	126	2355	2472	2.28e-14	72.0
g891.t1	VFG014061(gb|WP_012074001)	35.593	118	74	1	11	126	2337	2454	2.42e-14	72.0
g891.t1	VFG014011(gb|WP_044488517)	33.913	115	74	1	12	124	6	120	2.97e-14	67.4
g891.t1	VFG014028(gb|WP_003297216)	34.188	117	75	1	12	126	3	119	4.72e-14	66.6
g891.t1	VFG014020(gb|WP_011266432)	34.167	120	71	2	12	126	3	119	7.29e-14	65.9
g891.t1	VFG014071(gb|WP_041772785)	37.143	105	64	1	11	113	2293	2397	7.82e-14	70.5
g891.t1	VFG038757(gb|WP_011898552)	34.906	106	69	0	8	113	1	106	7.86e-14	70.1
g891.t1	VFG050640(gb|WP_000101096.1)	32.500	120	73	2	12	126	3	119	9.21e-14	65.9
g891.t1	VFG014066(gb|WP_010955557)	37.864	103	62	1	13	113	1527	1629	3.16e-13	68.6
g891.t1	VFG014067(gb|WP_012053912)	37.864	103	62	1	13	113	1527	1629	3.43e-13	68.6
g891.t1	VFG015640(gb|WP_012274548)	37.864	103	62	1	13	113	1528	1630	3.53e-13	68.6
g891.t1	VFG014072(gb|WP_011914954)	36.522	115	68	2	13	122	2325	2439	3.79e-13	68.6
g891.t1	VFG014388(gb|WP_010955091)	35.294	102	66	0	12	113	4	105	3.86e-13	67.8
g891.t1	VFG001226(gb|NP_249100)	31.624	117	78	1	12	126	3	119	4.25e-13	63.9
g891.t1	VFG015635(gb|WP_012312415)	30.833	120	75	2	12	126	3	119	4.86e-13	63.9
g891.t1	VFG038758(gb|WP_005350684)	33.962	106	70	0	8	113	1	106	6.26e-13	67.4
g891.t1	VFG019828(gb|WP_015885195)	36.283	113	69	1	12	121	4	116	6.29e-13	67.4
g891.t1	VFG014064(gb|WP_011266435)	36.283	113	67	2	13	120	1873	1985	6.93e-13	67.8
g891.t1	VFG042915(gb|WP_012030773)	27.559	127	92	0	12	138	3	129	1.19e-12	66.6
g891.t1	VFG015070(gb|WP_011103673)	31.034	174	107	5	10	174	666	835	1.25e-12	66.6
g891.t1	VFG038756(gb|WP_011706626)	33.962	106	70	0	8	113	1	106	1.37e-12	66.2
g891.t1	VFG014392(gb|WP_011333047)	35.714	140	78	4	12	148	4	134	1.71e-12	65.9
g891.t1	VFG015641(gb|WP_012312418)	36.893	103	63	1	13	113	1510	1612	1.93e-12	66.2
g891.t1	VFG014068(gb|WP_044488903)	35.922	103	64	1	13	113	1637	1739	2.23e-12	66.2
g891.t1	VFG014065(gb|WP_011167502)	35.398	113	68	2	13	120	1867	1979	2.39e-12	65.9
g891.t1	VFG015071(gb|WP_011268595)	30.405	148	94	3	10	148	666	813	2.83e-12	65.9
g891.t1	VFG014389(gb|WP_012051624)	34.314	102	67	0	12	113	4	105	2.94e-12	65.5
g891.t1	VFG015680(gb|WP_012273511)	33.036	112	75	0	12	123	4	115	3.17e-12	65.1
g891.t1	VFG019772(gb|WP_015886333)	38.793	116	60	3	13	120	1820	1932	3.53e-12	65.5
g891.t1	VFG014063(gb|WP_011105280)	34.951	103	65	1	13	113	1868	1970	3.92e-12	65.5
g891.t1	VFG014394(gb|WP_041755564)	37.719	114	66	3	12	121	4	116	4.03e-12	65.1
g891.t1	VFG014393(gb|WP_012019025)	40.351	114	63	3	12	121	4	116	4.25e-12	64.7
g891.t1	VFG015681(gb|WP_012315526)	33.333	102	68	0	12	113	4	105	5.88e-12	64.3
g891.t1	VFG006846(gb|NP_464218)	34.951	103	66	1	12	113	3	105	6.30e-12	60.8
g891.t1	VFG032760(gb|WP_003746076)	34.951	103	66	1	12	113	3	105	6.57e-12	60.8
g891.t1	VFG015072(gb|WP_011169248)	29.730	148	95	3	10	148	666	813	8.07e-12	64.3
g891.t1	VFG014070(gb|WP_011336362)	36.283	113	67	2	13	120	1852	1964	8.92e-12	64.3
g891.t1	VFG043206(gb|WP_005164479)	33.607	122	78	2	12	130	7	128	9.66e-12	60.5
g891.t1	VFG015073(gb|WP_010952710)	28.667	150	97	3	2	143	659	806	1.37e-11	63.5
g891.t1	VFG014383(gb|WP_012076712)	38.596	114	65	3	12	121	4	116	1.48e-11	63.2
g891.t1	VFG014069(gb|WP_011063997)	36.508	126	66	4	6	120	1840	1962	1.59e-11	63.5
g891.t1	VFG014385(gb|WP_011103783)	35.333	150	92	4	13	160	5	151	1.67e-11	63.2
g891.t1	VFG014387(gb|WP_004664453)	38.739	111	66	2	13	122	5	114	2.43e-11	62.8
g891.t1	VFG042926(gb|WP_012031397)	35.043	117	74	1	12	126	2432	2548	2.49e-11	63.2
g891.t1	VFG043408(gb|WP_000940577)	33.654	104	67	2	12	113	4	107	3.39e-11	58.9
g891.t1	VFG001249(gb|NP_249790)	38.596	114	65	3	12	121	4	116	4.00e-11	62.0
g891.t1	VFG043037(gb|NP_460873)	31.967	122	80	2	12	130	7	128	4.88e-11	58.5
g891.t1	VFG043012(gb|NP_250147)	31.667	120	79	2	12	128	2	121	4.95e-11	58.5
g891.t1	VFG014386(gb|WP_011268444)	37.838	111	67	2	13	122	5	114	5.43e-11	61.6
g891.t1	VFG015074(gb|WP_012053464)	28.767	146	94	3	6	143	663	806	6.12e-11	61.6
g891.t1	VFG015783(gb|WP_012313127)	28.378	148	85	3	7	146	665	799	6.30e-11	61.6
g891.t1	VFG015076(gb|WP_011062714)	33.088	136	80	5	10	135	666	800	7.24e-11	61.6
g891.t1	VFG043089(gb|WP_000763867)	31.148	122	81	2	12	130	7	128	7.25e-11	58.2
g891.t1	VFG014390(gb|WP_011534911)	32.143	112	76	0	12	123	4	115	7.35e-11	61.2
g891.t1	VFG019760(gb|WP_012722471)	32.479	117	79	0	13	129	5	121	9.11e-11	60.8
g891.t1	VFG043373(gb|WP_000342347)	29.600	125	84	2	13	133	679	803	9.23e-11	61.2
g891.t1	VFG015068(gb|WP_003156446)	33.951	162	95	5	11	163	665	823	9.86e-11	61.2
g891.t1	VFG015067(gb|NP_249619)	33.951	162	95	5	11	163	665	823	1.05e-10	60.8
g891.t1	VFG007487(gb|WP_011079832)	30.973	113	75	1	12	121	5	117	1.40e-10	60.5
g891.t1	VFG007488(gb|WP_011150918)	30.973	113	75	1	12	121	5	117	1.43e-10	60.5
g891.t1	VFG007573(gb|WP_005420316)	30.833	120	80	2	12	128	6	125	1.82e-10	57.0
g891.t1	VFG007486(gb|WP_005457658)	30.973	113	75	1	12	121	5	117	2.22e-10	59.7
g891.t1	VFG043394(gb|YP_002343725)	31.132	106	69	2	12	113	648	753	2.45e-10	59.7
g891.t1	VFG015782(gb|WP_012270935)	31.783	129	78	4	6	125	663	790	2.85e-10	59.7
g891.t1	VFG014391(gb|WP_011059972)	38.596	114	65	3	12	121	4	116	2.99e-10	59.3
g891.t1	VFG001747(gb|WP_002209035)	32.743	113	66	3	13	118	696	805	3.05e-10	59.7
g891.t1	VFG018953(gb|WP_012304703)	32.743	113	66	3	13	118	696	805	3.14e-10	59.7
g891.t1	VFG003358(gb|WP_011191566)	32.743	113	66	3	13	118	696	805	3.14e-10	59.7
g891.t1	VFG038700(gb|WP_005319295)	30.328	122	82	2	12	130	6	127	3.18e-10	56.2
g891.t1	VFG019942(gb|WP_012724914)	31.538	130	80	3	10	130	666	795	3.73e-10	59.3
g891.t1	VFG017284(gb|WP_012105858)	32.743	113	66	3	13	118	696	805	4.15e-10	59.3
g891.t1	VFG038699(gb|WP_010634617)	30.328	122	82	2	12	130	6	127	4.39e-10	55.8
g891.t1	VFG007484(gb|WP_000079330)	30.088	113	76	1	12	121	5	117	5.47e-10	58.5
g891.t1	VFG007550(gb|WP_000985860)	39.286	112	51	5	12	113	4	108	5.67e-10	58.5
g891.t1	VFG007568(gb|WP_000697869)	30.000	120	81	2	12	128	2	121	5.69e-10	55.5
g891.t1	VFG007570(gb|WP_021451399)	30.000	120	81	2	12	128	2	121	7.18e-10	55.1
g891.t1	VFG042929(gb|WP_012031400)	29.310	116	80	1	13	126	4	119	9.22e-10	54.7
g891.t1	VFG000116(gb|NP_254170)	31.081	148	86	2	6	137	4	151	1.02e-09	57.8
g891.t1	VFG007489(gb|WP_011262361)	30.088	113	76	1	12	121	5	117	1.22e-09	57.8
g891.t1	VFG025824(gb|WP_006754880)	31.967	122	80	2	10	128	4	125	1.25e-09	54.7
g891.t1	VFG018054(gb|WP_002892246)	29.915	117	74	4	13	125	3	115	1.38e-09	57.4
g891.t1	VFG050705(gb|WP_000840555.1)	29.167	120	85	0	10	129	5	124	1.40e-09	57.4
g891.t1	VFG011947(gb|WP_002867162)	30.328	122	80	3	13	133	3	120	1.40e-09	57.4
g891.t1	VFG050699(gb|WP_000840548.1)	29.167	120	85	0	10	129	5	124	1.45e-09	57.4
g891.t1	VFG017806(gb|WP_011990003)	30.328	122	80	3	13	133	3	120	1.45e-09	57.4
g891.t1	VFG050696(gb|WP_000840549.1)	29.167	120	85	0	10	129	5	124	1.49e-09	57.4
g891.t1	VFG002525(gb|WP_004185006)	31.967	122	80	2	10	128	4	125	1.53e-09	54.7
g891.t1	VFG050703(gb|WP_000840547.1)	29.167	120	85	0	10	129	5	124	1.56e-09	57.4
g891.t1	VFG015075(gb|WP_011532652)	31.008	129	79	4	6	125	663	790	1.57e-09	57.4
g891.t1	VFG038701(gb|WP_013723552)	29.508	122	83	2	12	130	6	127	1.60e-09	54.3
g891.t1	VFG025917(gb|WP_006482646)	33.621	116	72	2	13	123	5	120	1.93e-09	53.9
g891.t1	VFG007571(gb|WP_017052487)	30.000	120	81	2	12	128	2	121	2.51e-09	53.5
g891.t1	VFG043402(gb|YP_002344511)	30.252	119	79	3	12	126	2	120	2.59e-09	53.9
g891.t1	VFG025915(gb|WP_006477352)	33.621	116	72	2	13	123	5	120	3.50e-09	53.5
g891.t1	VFG015077(gb|WP_041475601)	28.346	127	83	2	10	128	666	792	5.49e-09	55.8
g891.t1	VFG025826(gb|WP_006485893)	31.148	122	81	2	10	128	4	125	5.72e-09	52.8
g891.t1	VFG011946(gb|YP_002344419)	29.060	117	75	4	13	125	3	115	5.76e-09	55.5
g891.t1	VFG011948(gb|WP_002869127)	29.060	117	75	4	13	125	3	115	6.09e-09	55.5
g891.t1	VFG042670(gb|WP_006485049)	32.609	138	85	2	10	142	582	716	1.31e-08	54.7
g891.t1	VFG043386(gb|WP_000772151)	27.731	119	82	3	12	126	2	120	1.78e-08	51.2
g891.t1	VFG011949(gb|WP_011732213)	29.464	112	74	3	13	123	3	110	2.98e-08	53.1
g891.t1	VFG050641(gb|YP_001085822.1)	34.146	82	46	2	50	126	4	82	3.48e-08	49.7
g891.t1	VFG007553(gb|WP_011079855)	39.091	110	54	4	12	113	4	108	3.60e-08	53.1
g891.t1	VFG007554(gb|WP_011150906)	39.091	110	54	4	12	113	4	108	3.63e-08	53.1
g891.t1	VFG014973(gb|WP_011336516)	36.893	103	60	3	13	112	3	103	4.51e-08	52.4
g891.t1	VFG014975(gb|WP_013981629)	37.864	103	59	3	13	112	3	103	5.40e-08	52.0
g891.t1	VFG013993(gb|WP_026006503)	27.273	132	96	0	12	143	6	137	5.80e-08	52.4
g891.t1	VFG019944(gb|WP_003190387)	35.088	114	72	2	12	123	3	116	5.99e-08	51.6
g891.t1	VFG041577(gb|WP_012847750)	33.333	123	71	3	4	118	675	794	6.22e-08	52.8
g891.t1	VFG007555(gb|WP_005420308)	34.641	153	68	7	12	138	4	150	7.34e-08	52.0
g891.t1	VFG023574(gb|WP_013649086)	28.671	143	87	5	13	145	706	843	7.37e-08	52.4
g891.t1	VFG015079(gb|WP_185745811)	28.676	136	88	3	13	139	670	805	9.70e-08	52.0
g891.t1	VFG007552(gb|WP_005479477)	32.484	157	71	8	12	140	4	153	1.02e-07	51.6
g891.t1	VFG013988(gb|WP_011266589)	28.030	132	95	0	12	143	6	137	1.07e-07	51.6
g891.t1	VFG015078(gb|WP_012018243)	31.193	109	68	3	11	113	666	773	1.11e-07	52.0
g891.t1	VFG038713(gb|WP_005353666)	30.625	160	85	6	12	150	4	158	1.30e-07	51.2
g891.t1	VFG038710(gb|WP_011705291)	35.849	106	48	4	39	129	33	133	1.87e-07	50.8
g891.t1	VFG038711(gb|WP_016350060)	35.849	106	48	4	39	129	33	133	1.92e-07	50.8
g891.t1	VFG015083(gb|WP_005737926)	31.579	114	76	2	12	123	3	116	2.16e-07	50.1
g891.t1	VFG014968(gb|WP_002551374)	33.636	110	68	3	13	119	3	110	2.17e-07	50.1
g891.t1	VFG013992(gb|WP_011921055)	30.328	122	85	0	8	129	1	122	2.23e-07	50.8
g891.t1	VFG014967(gb|WP_003401565)	33.636	110	68	3	13	119	3	110	2.43e-07	50.1
g891.t1	VFG002044(gb|WP_010930609)	28.966	145	89	2	12	142	4	148	2.60e-07	49.7
g891.t1	VFG038712(gb|WP_005319287)	33.974	156	82	7	12	155	4	150	2.81e-07	50.4
g891.t1	VFG014964(gb|WP_003157680)	28.333	180	115	6	13	186	3	174	2.93e-07	49.7
g891.t1	VFG019759(gb|WP_003110427)	27.907	129	93	0	8	136	1	129	3.17e-07	50.4
g891.t1	VFG001214(gb|NP_253237)	27.907	129	93	0	8	136	1	129	3.17e-07	50.4
g891.t1	VFG014966(gb|WP_007247212)	30.702	114	74	3	13	123	3	114	3.44e-07	49.7
g891.t1	VFG043015(gb|NP_250150)	33.571	140	86	5	12	145	4	142	3.46e-07	50.1
g891.t1	VFG041873(gb|WP_080509010)	31.933	119	76	1	10	123	701	819	3.65e-07	50.4
g891.t1	VFG024200(gb|WP_008262428)	31.737	167	103	6	13	176	10	168	5.23e-07	48.9
g891.t1	VFG015092(gb|WP_041755484)	33.333	114	74	2	12	123	3	116	5.26e-07	48.9
g891.t1	VFG013991(gb|WP_011335994)	30.579	121	82	1	9	127	3	123	7.27e-07	49.3
g891.t1	VFG013985(gb|WP_012077306)	28.689	122	87	0	8	129	1	122	8.32e-07	48.9
g891.t1	VFG014974(gb|WP_003242397)	34.951	103	62	3	13	112	3	103	8.73e-07	48.5
g891.t1	VFG000119(gb|NP_253948)	34.951	103	62	3	13	112	3	103	9.33e-07	48.5
g891.t1	VFG045728(gb|WP_003635449)	30.216	139	91	4	12	146	3	139	9.50e-07	48.1
g891.t1	VFG019919(gb|WP_015886493)	34.951	103	62	3	13	112	3	103	1.20e-06	48.1
g891.t1	VFG013987(gb|WP_011103301)	28.696	115	82	0	12	126	6	120	1.32e-06	48.5
g891.t1	VFG015084(gb|WP_002553344)	30.702	114	77	2	12	123	3	116	1.44e-06	47.4
g891.t1	VFG011120(gb|WP_012417544)	29.907	107	74	1	12	117	3	109	1.51e-06	47.4
g891.t1	VFG007370(gb|WP_000145786)	30.400	125	76	3	12	126	183	306	1.69e-06	47.8
g891.t1	VFG013989(gb|WP_011167664)	28.696	115	82	0	12	126	6	120	2.18e-06	47.8
g891.t1	VFG015091(gb|WP_003240627)	32.456	114	75	2	12	123	3	116	2.75e-06	46.6
g891.t1	VFG014970(gb|WP_003255896)	38.318	107	55	6	13	113	3	104	3.89e-06	46.6
g891.t1	VFG015085(gb|WP_011168507)	33.333	117	70	5	12	123	3	116	3.90e-06	46.2
g891.t1	VFG010911(gb|WP_011947563)	27.007	137	98	2	12	146	3	139	4.57e-06	46.2
g891.t1	VFG014969(gb|WP_010951571)	38.318	107	55	6	13	113	3	104	4.60e-06	46.2
g891.t1	VFG020693(gb|WP_001050764)	30.702	114	69	4	12	118	690	800	4.77e-06	47.0
g891.t1	VFG018487(gb|WP_001050783)	30.631	111	73	1	12	118	690	800	4.77e-06	47.0
g891.t1	VFG003826(gb|WP_001539908)	30.702	114	69	4	12	118	690	800	4.77e-06	47.0
g891.t1	VFG001889(gb|WP_011216518)	27.007	137	98	2	12	146	3	139	5.16e-06	45.8
g891.t1	VFG020697(gb|WP_001050770)	30.702	114	69	4	12	118	690	800	5.22e-06	47.0
g891.t1	VFG020695(gb|WP_001050774)	30.702	114	69	4	12	118	690	800	5.22e-06	47.0
g891.t1	VFG003825(gb|WP_001050780)	30.702	114	69	4	12	118	690	800	5.37e-06	47.0
g891.t1	VFG015770(gb|WP_012269993)	37.383	107	56	6	13	113	3	104	5.81e-06	45.8
g891.t1	VFG020700(gb|WP_001050758)	30.702	114	69	4	12	118	690	800	6.44e-06	46.6
g891.t1	VFG020698(gb|WP_001050776)	30.702	114	69	4	12	118	690	800	6.44e-06	46.6
g891.t1	VFG020694(gb|WP_001050767)	30.702	114	69	4	12	118	690	800	6.44e-06	46.6
g891.t1	VFG003824(gb|WP_001050755)	30.702	114	69	4	12	118	690	800	6.44e-06	46.6
g891.t1	VFG003823(gb|WP_001050754)	30.702	114	69	4	12	118	690	800	6.44e-06	46.6
g891.t1	VFG020699(gb|WP_001050765)	30.702	114	69	4	12	118	690	800	6.74e-06	46.6
g891.t1	VFG018488(gb|WP_001050778)	30.702	114	69	4	12	118	690	800	6.74e-06	46.6
g891.t1	VFG015089(gb|WP_011061841)	32.456	114	75	2	12	123	3	116	6.95e-06	45.4
g891.t1	VFG015086(gb|WP_003251380)	27.737	137	97	2	12	146	3	139	7.30e-06	45.4
g891.t1	VFG000493(gb|NP_460357)	30.702	114	69	4	12	118	690	800	7.38e-06	46.6
