g5083.t1	VFG000141(gb|NP_253675)	100.000	425	0	0	1	425	1	425	0.0	841
g5083.t1	VFG013157(gb|WP_012341264)	45.261	422	227	3	5	423	5	425	1.03e-127	375
g5083.t1	VFG013312(gb|WP_012055150)	46.136	427	226	3	1	424	1	426	1.33e-127	375
g5083.t1	VFG013314(gb|WP_011609736)	45.024	422	228	3	5	423	5	425	2.70e-127	374
g5083.t1	VFG013310(gb|WP_011272146)	46.136	427	226	3	1	424	1	426	3.79e-127	374
g5083.t1	VFG013311(gb|WP_012054649)	46.118	425	221	4	5	424	4	425	9.14e-127	373
g5083.t1	VFG000330(gb|WP_005694491)	45.921	429	224	4	1	424	1	426	3.22e-126	371
g5083.t1	VFG013313(gb|WP_041603619)	44.131	426	235	2	1	423	1	426	1.51e-123	365
g5083.t1	VFG047248(gb|WP_013922568)	40.380	421	243	7	5	421	15	431	3.15e-115	343
g5083.t1	VFG047239(gb|WP_003022463)	38.810	420	251	4	5	421	15	431	2.44e-114	341
g5083.t1	VFG047234(gb|WP_003014899)	38.571	420	252	4	5	421	15	431	3.92e-113	338
g5083.t1	VFG047233(gb|WP_012280581)	40.855	421	241	7	5	421	15	431	1.75e-112	337
g5083.t1	VFG047241(gb|WP_044247461)	38.810	420	251	4	5	421	15	431	1.92e-111	334
g5083.t1	VFG036780(gb|WP_041423265)	43.421	380	201	7	1	375	1	371	5.65e-85	266
g5083.t1	VFG036777(gb|WP_002246557)	40.191	418	236	7	1	413	1	409	1.96e-84	264
g5083.t1	VFG036789(gb|WP_014581266)	40.191	418	236	7	1	413	1	409	5.06e-84	263
g5083.t1	VFG036794(gb|WP_013449675)	42.356	399	216	7	1	394	1	390	2.99e-83	261
g5083.t1	VFG036785(gb|WP_012779509)	42.632	380	204	7	1	375	1	371	5.55e-83	260
g5083.t1	VFG036791(gb|WP_014581672)	42.895	380	203	7	1	375	1	371	1.40e-82	259
g5083.t1	VFG036784(gb|WP_014573672)	42.632	380	204	7	1	375	1	371	4.27e-82	258
g5083.t1	VFG036788(gb|WP_014580883)	42.895	380	203	7	1	375	1	371	4.41e-82	258
g5083.t1	VFG036786(gb|WP_014575065)	42.368	380	205	7	1	375	1	371	5.83e-82	258
g5083.t1	VFG036787(gb|WP_002228819)	42.368	380	205	7	1	375	1	371	7.46e-82	258
g5083.t1	VFG036781(gb|WP_012221095)	42.368	380	205	7	1	375	1	371	3.21e-81	256
g5083.t1	VFG036778(gb|WP_002225758)	42.368	380	205	7	1	375	1	371	4.88e-81	255
g5083.t1	VFG036782(gb|WP_010360974)	42.368	380	205	7	1	375	1	371	3.13e-79	251
g5083.t1	VFG036779(gb|WP_010355587)	42.368	380	205	7	1	375	1	371	4.22e-79	250
g5083.t1	VFG019320(gb|WP_004685087)	36.320	413	256	4	6	417	13	419	1.07e-75	242
g5083.t1	VFG019241(gb|WP_002966367)	36.320	413	256	4	6	417	13	419	1.59e-75	242
g5083.t1	VFG019288(gb|WP_004690031)	36.320	413	256	4	6	417	13	419	1.97e-75	241
g5083.t1	VFG011536(gb|WP_006015231)	36.320	413	256	4	6	417	13	419	2.34e-75	241
g5083.t1	VFG018277(gb|WP_004692512)	36.320	413	256	4	6	417	13	419	2.42e-75	241
g5083.t1	VFG011535(gb|WP_004681469)	36.077	413	257	4	6	417	13	419	8.90e-75	240
g3482.t1	VFG013312(gb|WP_012055150)	51.300	423	203	3	1	420	1	423	7.59e-154	442
g3482.t1	VFG013311(gb|WP_012054649)	50.711	422	205	2	2	420	1	422	7.49e-153	439
g3482.t1	VFG013310(gb|WP_011272146)	51.064	423	204	3	1	420	1	423	1.20e-152	439
g3482.t1	VFG000330(gb|WP_005694491)	50.591	423	206	2	1	420	1	423	9.51e-152	436
g3482.t1	VFG013157(gb|WP_012341264)	50.000	424	207	3	1	420	1	423	1.26e-151	436
g3482.t1	VFG013314(gb|WP_011609736)	49.528	424	209	3	1	420	1	423	7.87e-151	434
g3482.t1	VFG000141(gb|NP_253675)	53.041	411	192	1	1	410	1	411	1.82e-147	426
g3482.t1	VFG013313(gb|WP_041603619)	46.698	424	222	3	1	420	1	424	4.88e-136	396
g3482.t1	VFG047248(gb|WP_013922568)	42.159	389	220	4	5	390	15	401	1.91e-107	323
g3482.t1	VFG047239(gb|WP_003022463)	42.636	387	215	5	5	387	15	398	1.88e-105	318
g3482.t1	VFG047234(gb|WP_003014899)	42.377	387	216	5	5	387	15	398	1.45e-104	316
g3482.t1	VFG047233(gb|WP_012280581)	42.416	389	219	4	5	390	15	401	8.47e-104	314
g3482.t1	VFG047241(gb|WP_044247461)	41.192	386	222	4	5	387	15	398	2.20e-102	311
g3482.t1	VFG011535(gb|WP_004681469)	38.049	410	246	5	15	422	22	425	1.78e-79	252
g3482.t1	VFG019320(gb|WP_004685087)	37.805	410	247	5	15	422	22	425	4.87e-79	251
g3482.t1	VFG019241(gb|WP_002966367)	37.805	410	247	5	15	422	22	425	5.84e-79	251
g3482.t1	VFG019288(gb|WP_004690031)	37.805	410	247	5	15	422	22	425	9.25e-79	250
g3482.t1	VFG011536(gb|WP_006015231)	37.561	410	248	5	15	422	22	425	9.97e-79	250
g3482.t1	VFG018277(gb|WP_004692512)	37.805	410	247	5	15	422	22	425	1.12e-78	250
g3482.t1	VFG036789(gb|WP_014581266)	38.741	413	226	12	1	397	1	402	4.01e-78	248
g3482.t1	VFG036780(gb|WP_041423265)	38.499	413	227	12	1	397	1	402	1.18e-77	247
g3482.t1	VFG036785(gb|WP_012779509)	38.741	413	226	12	1	397	1	402	1.94e-77	246
g3482.t1	VFG036784(gb|WP_014573672)	38.741	413	226	12	1	397	1	402	3.03e-77	246
g3482.t1	VFG036791(gb|WP_014581672)	38.499	413	227	12	1	397	1	402	8.85e-77	244
g3482.t1	VFG036788(gb|WP_014580883)	38.499	413	227	12	1	397	1	402	9.96e-77	244
g3482.t1	VFG036777(gb|WP_002246557)	39.793	387	215	11	1	380	1	376	1.04e-76	244
g3482.t1	VFG036786(gb|WP_014575065)	38.499	413	227	12	1	397	1	402	2.47e-76	243
g3482.t1	VFG036781(gb|WP_012221095)	38.257	413	228	12	1	397	1	402	4.60e-76	243
g3482.t1	VFG036787(gb|WP_002228819)	38.168	393	226	10	1	386	1	383	1.46e-75	241
g3482.t1	VFG036778(gb|WP_002225758)	38.257	413	228	12	1	397	1	402	2.12e-75	241
g3482.t1	VFG036794(gb|WP_013449675)	37.292	421	251	8	1	416	1	413	5.11e-75	240
g3482.t1	VFG036779(gb|WP_010355587)	37.621	412	232	10	1	397	1	402	1.03e-72	234
g3482.t1	VFG036782(gb|WP_010360974)	38.501	387	222	9	1	381	1	377	2.35e-72	233
