g2907.t1	VFG007953(gb|NP_217474)	100.000	428	0	0	1	428	1	428	0.0	865
g2907.t1	VFG017381(gb|WP_012054333)	99.766	428	1	0	1	428	1	428	0.0	865
g2907.t1	VFG008747(gb|WP_015303659)	99.533	428	2	0	1	428	1	428	0.0	861
g2907.t1	VFG008749(gb|WP_015294058)	96.495	428	15	0	1	428	1	428	0.0	836
g2907.t1	VFG008748(gb|WP_015291077)	96.262	428	16	0	1	428	1	428	0.0	834
g2907.t1	VFG008755(gb|YP_007958962)	98.801	417	5	0	1	417	1	417	0.0	832
g2907.t1	VFG008602(gb|WP_015294060)	77.962	422	92	1	6	427	18	438	0.0	651
g2907.t1	VFG008600(gb|WP_015303661)	77.725	422	93	1	6	427	18	438	0.0	649
g2907.t1	VFG007959(gb|NP_217478)	77.251	422	95	1	6	427	18	438	0.0	645
g2907.t1	VFG022480(gb|WP_014001506)	77.488	422	94	1	6	427	18	438	0.0	645
g2907.t1	VFG008611(gb|YP_005924103)	77.014	422	96	1	6	427	18	438	0.0	642
g2907.t1	VFG007958(gb|WP_010907547)	75.060	417	104	0	11	427	2	418	0.0	638
g2907.t1	VFG008601(gb|WP_015291079)	77.725	422	93	1	6	427	18	438	0.0	633
g2907.t1	VFG022482(gb|WP_010907544)	74.641	418	105	1	11	427	2	419	0.0	630
g2907.t1	VFG007964(gb|WP_041322289)	74.757	412	103	1	17	427	2	413	0.0	622
g2907.t1	VFG008603(gb|WP_015355153)	73.153	406	107	2	23	428	7	410	0.0	609
g2907.t1	VFG022478(gb|WP_012393564)	73.086	405	107	2	23	427	7	409	0.0	605
g2907.t1	VFG044335(gb|WP_015874980)	23.223	211	137	6	224	428	175	366	1.08e-06	50.4
g2907.t1	VFG012513(gb|WP_001221122)	23.280	189	124	6	224	406	175	348	2.14e-06	49.3
g2907.t1	VFG048550(gb|WP_004213623)	23.697	211	136	6	224	428	175	366	2.17e-06	49.3
g2907.t1	VFG019932(gb|WP_012613761)	26.699	412	229	20	46	411	14	398	2.36e-06	49.3
g2907.t1	VFG000155(gb|NP_252168)	27.576	330	189	15	110	411	91	398	4.41e-06	48.5
g2907.t1	VFG044146(gb|NP_461700)	23.849	239	147	9	202	428	151	366	4.53e-06	48.5
g2907.t1	VFG012972(gb|WP_005020367)	22.751	189	125	6	224	406	175	348	6.56e-06	47.8
g2907.t1	VFG012514(gb|WP_001298145)	22.751	189	125	6	224	406	175	348	8.04e-06	47.8
g2907.t1	VFG012515(gb|WP_001318220)	22.751	189	125	6	224	406	175	348	8.48e-06	47.8
g2910.t1	VFG007959(gb|NP_217478)	99.749	398	1	0	1	398	52	449	0.0	805
g2910.t1	VFG008611(gb|YP_005924103)	99.749	398	1	0	1	398	52	449	0.0	805
g2910.t1	VFG022480(gb|WP_014001506)	99.246	398	3	0	1	398	52	449	0.0	801
g2910.t1	VFG008600(gb|WP_015303661)	98.995	398	4	0	1	398	52	449	0.0	800
g2910.t1	VFG008602(gb|WP_015294060)	97.990	398	8	0	1	398	52	449	0.0	790
g2910.t1	VFG008601(gb|WP_015291079)	97.236	398	11	0	1	398	52	449	0.0	787
g2910.t1	VFG022482(gb|WP_010907544)	78.446	399	84	1	1	397	31	429	0.0	639
g2910.t1	VFG007964(gb|WP_041322289)	78.446	399	84	1	1	397	25	423	0.0	639
g2910.t1	VFG022478(gb|WP_012393564)	78.093	388	85	0	2	389	24	411	0.0	633
g2910.t1	VFG008603(gb|WP_015355153)	78.093	388	85	0	2	389	24	411	0.0	633
g2910.t1	VFG008748(gb|WP_015291077)	79.845	387	77	1	2	387	41	427	0.0	632
g2910.t1	VFG008749(gb|WP_015294058)	79.587	387	78	1	2	387	41	427	0.0	631
g2910.t1	VFG007953(gb|NP_217474)	79.070	387	80	1	2	387	41	427	0.0	630
g2910.t1	VFG017381(gb|WP_012054333)	78.811	387	81	1	2	387	41	427	0.0	630
g2910.t1	VFG008747(gb|WP_015303659)	78.553	387	82	1	2	387	41	427	0.0	627
g2910.t1	VFG007958(gb|WP_010907547)	75.126	398	98	1	1	397	31	428	0.0	609
g2910.t1	VFG008755(gb|YP_007958962)	78.249	377	81	1	2	377	41	417	0.0	605
g2910.t1	VFG048550(gb|WP_004213623)	27.647	170	110	4	203	366	190	352	3.46e-09	57.8
g2910.t1	VFG012513(gb|WP_001221122)	26.471	170	112	4	203	366	190	352	5.04e-09	57.4
g2910.t1	VFG044335(gb|WP_015874980)	26.471	170	112	4	203	366	190	352	1.08e-08	56.6
g2910.t1	VFG012972(gb|WP_005020367)	25.882	170	113	4	203	366	190	352	1.41e-08	56.2
g2910.t1	VFG012514(gb|WP_001298145)	25.882	170	113	4	203	366	190	352	1.94e-08	55.5
g2910.t1	VFG012515(gb|WP_001318220)	25.882	170	113	4	203	366	190	352	2.24e-08	55.5
g2910.t1	VFG044146(gb|NP_461700)	27.059	170	111	4	203	366	190	352	2.36e-08	55.5
g2910.t1	VFG000155(gb|NP_252168)	26.879	346	195	16	54	367	75	394	5.49e-07	51.2
g2910.t1	VFG019932(gb|WP_012613761)	26.879	346	195	16	54	367	75	394	5.54e-07	51.2
g2910.t1	VFG048549(gb|WP_004890934)	26.282	156	108	3	218	367	196	350	8.49e-06	47.4
g2574.t1	VFG044146(gb|NP_461700)	100.000	371	0	0	1	371	1	371	0.0	757
g2574.t1	VFG012513(gb|WP_001221122)	86.792	371	49	0	1	371	1	371	0.0	671
g2574.t1	VFG044335(gb|WP_015874980)	86.523	371	50	0	1	371	1	371	0.0	670
g2574.t1	VFG012515(gb|WP_001318220)	86.792	371	49	0	1	371	1	371	0.0	670
g2574.t1	VFG012972(gb|WP_005020367)	86.523	371	50	0	1	371	1	371	0.0	670
g2574.t1	VFG012514(gb|WP_001298145)	86.523	371	50	0	1	371	1	371	0.0	669
g2574.t1	VFG048550(gb|WP_004213623)	86.253	371	51	0	1	371	1	371	0.0	668
g2574.t1	VFG048549(gb|WP_004890934)	77.507	369	80	1	1	369	1	366	0.0	586
g2574.t1	VFG008603(gb|WP_015355153)	27.083	192	119	6	190	366	225	410	1.80e-09	58.9
g2574.t1	VFG007964(gb|WP_041322289)	27.647	170	106	5	190	348	229	392	6.68e-09	57.0
g2574.t1	VFG022482(gb|WP_010907544)	27.647	170	106	5	190	348	235	398	7.25e-09	57.0
g2574.t1	VFG007958(gb|WP_010907547)	27.647	170	106	5	190	348	234	397	9.18e-09	56.6
g2574.t1	VFG022478(gb|WP_012393564)	26.562	192	120	6	190	366	225	410	9.82e-09	56.6
g2574.t1	VFG008602(gb|WP_015294060)	27.059	170	111	4	190	352	254	417	2.13e-08	55.5
g2574.t1	VFG008600(gb|WP_015303661)	27.059	170	111	4	190	352	254	417	2.13e-08	55.5
g2574.t1	VFG007959(gb|NP_217478)	27.059	170	111	4	190	352	254	417	4.04e-08	54.7
g2574.t1	VFG008611(gb|YP_005924103)	27.059	170	111	4	190	352	254	417	4.79e-08	54.3
g2574.t1	VFG008749(gb|WP_015294058)	24.255	235	151	8	151	366	202	428	9.40e-08	53.5
g2574.t1	VFG008748(gb|WP_015291077)	24.255	235	151	8	151	366	202	428	1.08e-07	53.1
g2574.t1	VFG022480(gb|WP_014001506)	26.471	170	112	4	190	352	254	417	2.52e-07	52.4
g2574.t1	VFG000155(gb|NP_252168)	21.569	357	224	12	12	319	12	361	4.55e-07	51.2
g2574.t1	VFG019932(gb|WP_012613761)	21.569	357	224	12	12	319	12	361	4.97e-07	51.2
g2574.t1	VFG015043(gb|WP_003155939)	34.615	78	51	0	242	319	284	361	9.41e-07	50.4
g2574.t1	VFG017381(gb|WP_012054333)	23.849	239	147	9	151	366	202	428	3.82e-06	48.5
g2574.t1	VFG007953(gb|NP_217474)	23.849	239	147	9	151	366	202	428	3.93e-06	48.5
g2574.t1	VFG008747(gb|WP_015303659)	23.849	239	147	9	151	366	202	428	6.16e-06	47.8
