g178.t1	VFG010515(gb|WP_010946906)	41.803	122	67	1	26	143	73	194	5.83e-19	83.2
g178.t1	VFG010515(gb|WP_010946906)	39.316	117	67	1	29	141	327	443	8.38e-16	73.9
g178.t1	VFG010515(gb|WP_010946906)	37.391	115	68	1	33	143	44	158	4.92e-13	66.2
g178.t1	VFG010515(gb|WP_010946906)	36.667	120	72	1	26	141	181	300	9.62e-13	65.1
g178.t1	VFG010515(gb|WP_010946906)	35.200	125	77	1	22	142	105	229	1.18e-12	65.1
g178.t1	VFG010515(gb|WP_010946906)	42.857	91	52	0	22	112	392	482	1.69e-12	64.7
g178.t1	VFG010515(gb|WP_010946906)	36.842	114	69	1	31	141	222	335	2.75e-12	63.9
g178.t1	VFG010515(gb|WP_010946906)	36.667	120	71	2	26	141	289	407	3.02e-11	60.8
g178.t1	VFG010515(gb|WP_010946906)	40.000	90	54	0	30	119	364	453	4.22e-11	60.5
g178.t1	VFG010515(gb|WP_010946906)	37.778	90	56	0	30	119	149	238	9.66e-11	59.3
g178.t1	VFG010515(gb|WP_010946906)	35.000	120	73	2	26	141	253	371	8.27e-09	53.9
g178.t1	VFG010517(gb|WP_041173746)	41.803	122	67	1	26	143	68	189	6.49e-19	83.2
g178.t1	VFG010517(gb|WP_041173746)	39.316	117	67	1	29	141	322	438	2.67e-15	72.8
g178.t1	VFG010517(gb|WP_041173746)	37.391	115	68	1	33	143	39	153	2.42e-13	67.0
g178.t1	VFG010517(gb|WP_041173746)	36.000	125	76	1	22	142	100	224	3.10e-13	66.6
g178.t1	VFG010517(gb|WP_041173746)	36.667	120	72	1	26	141	176	295	9.40e-13	65.5
g178.t1	VFG010517(gb|WP_041173746)	35.965	114	70	1	31	141	217	330	4.38e-12	63.5
g178.t1	VFG010517(gb|WP_041173746)	42.857	91	52	0	22	112	387	477	7.19e-12	62.8
g178.t1	VFG010517(gb|WP_041173746)	36.667	120	71	2	26	141	284	402	2.63e-11	61.2
g178.t1	VFG010517(gb|WP_041173746)	37.778	90	56	0	30	119	144	233	8.67e-11	59.7
g178.t1	VFG010517(gb|WP_041173746)	40.000	90	54	0	30	119	359	448	1.28e-10	58.9
g178.t1	VFG010517(gb|WP_041173746)	35.000	120	73	2	26	141	248	366	6.95e-09	53.9
g178.t1	VFG010518(gb|WP_077383904)	41.803	122	67	1	26	143	73	194	1.10e-18	82.4
g178.t1	VFG010518(gb|WP_077383904)	39.316	117	67	1	29	141	327	443	7.98e-16	74.3
g178.t1	VFG010518(gb|WP_077383904)	37.391	115	68	1	33	143	44	158	4.65e-13	66.2
g178.t1	VFG010518(gb|WP_077383904)	36.667	120	72	1	26	141	181	300	9.52e-13	65.5
g178.t1	VFG010518(gb|WP_077383904)	42.857	91	52	0	22	112	392	482	1.63e-12	64.7
g178.t1	VFG010518(gb|WP_077383904)	35.200	125	77	1	22	142	105	229	2.50e-12	63.9
g178.t1	VFG010518(gb|WP_077383904)	36.842	114	69	1	31	141	222	335	2.80e-12	63.9
g178.t1	VFG010518(gb|WP_077383904)	36.667	120	71	2	26	141	289	407	2.85e-11	60.8
g178.t1	VFG010518(gb|WP_077383904)	40.000	90	54	0	30	119	364	453	4.10e-11	60.5
g178.t1	VFG010518(gb|WP_077383904)	37.778	90	56	0	30	119	149	238	9.30e-11	59.7
g178.t1	VFG010518(gb|WP_077383904)	35.000	120	73	2	26	141	253	371	8.03e-09	53.9
g178.t1	VFG010516(gb|WP_072363922)	41.803	122	67	1	26	143	73	194	1.18e-18	82.4
g178.t1	VFG010516(gb|WP_072363922)	39.316	117	67	1	29	141	327	443	8.30e-16	73.9
g178.t1	VFG010516(gb|WP_072363922)	37.391	115	68	1	33	143	44	158	3.08e-13	66.6
g178.t1	VFG010516(gb|WP_072363922)	36.667	120	72	1	26	141	181	300	1.03e-12	65.1
g178.t1	VFG010516(gb|WP_072363922)	42.857	91	52	0	22	112	392	482	1.69e-12	64.7
g178.t1	VFG010516(gb|WP_072363922)	35.200	125	77	1	22	142	105	229	2.60e-12	63.9
g178.t1	VFG010516(gb|WP_072363922)	36.842	114	69	1	31	141	222	335	2.86e-12	63.9
g178.t1	VFG010516(gb|WP_072363922)	36.667	120	71	2	26	141	289	407	2.96e-11	60.8
g178.t1	VFG010516(gb|WP_072363922)	40.000	90	54	0	30	119	364	453	4.17e-11	60.5
g178.t1	VFG010516(gb|WP_072363922)	37.778	90	56	0	30	119	149	238	9.66e-11	59.3
g178.t1	VFG010516(gb|WP_072363922)	35.000	120	73	2	26	141	253	371	8.26e-09	53.9
g178.t1	VFG010519(gb|WP_010947086)	36.441	118	70	1	31	143	113	230	2.89e-15	72.4
g178.t1	VFG010519(gb|WP_010947086)	40.000	115	65	1	30	140	76	190	3.27e-14	69.3
g178.t1	VFG010519(gb|WP_010947086)	38.144	97	60	0	23	119	33	129	2.02e-11	61.2
g178.t1	VFG010519(gb|WP_010947086)	37.363	91	54	2	29	117	147	236	4.44e-08	51.6
g178.t1	VFG010519(gb|WP_010947086)	38.462	91	56	0	30	120	257	347	2.33e-07	49.3
g178.t1	VFG010519(gb|WP_010947086)	31.304	115	75	1	29	139	220	334	4.15e-07	48.9
g178.t1	VFG010519(gb|WP_010947086)	34.783	92	57	2	30	119	184	274	4.42e-06	45.8
g178.t1	VFG010527(gb|WP_010946797)	37.607	117	69	1	29	141	176	292	7.04e-15	70.9
g178.t1	VFG010527(gb|WP_010946797)	39.623	106	60	1	31	132	70	175	7.62e-15	70.9
g178.t1	VFG010527(gb|WP_010946797)	35.484	124	76	1	23	142	206	329	8.36e-13	65.1
g178.t1	VFG010527(gb|WP_010946797)	45.333	75	41	0	45	119	48	122	7.20e-12	62.4
g178.t1	VFG010527(gb|WP_010946797)	35.165	91	59	0	32	122	251	341	1.56e-09	55.8
g178.t1	VFG010527(gb|WP_010946797)	31.092	119	78	1	26	140	137	255	3.28e-09	54.7
g178.t1	VFG010528(gb|WP_011215169)	39.623	106	60	1	31	132	70	175	7.54e-15	70.9
g178.t1	VFG010528(gb|WP_011215169)	36.752	117	70	1	29	141	176	292	2.43e-14	69.3
g178.t1	VFG010528(gb|WP_011215169)	35.484	124	76	1	23	142	206	329	1.14e-12	64.7
g178.t1	VFG010528(gb|WP_011215169)	45.333	75	41	0	45	119	48	122	7.20e-12	62.4
g178.t1	VFG010528(gb|WP_011215169)	35.165	91	59	0	32	122	251	341	1.24e-09	56.2
g178.t1	VFG010528(gb|WP_011215169)	31.092	119	78	1	26	140	137	255	3.28e-09	54.7
g178.t1	VFG010522(gb|WP_011946383)	43.820	89	50	0	31	119	113	201	7.59e-15	71.2
g178.t1	VFG010522(gb|WP_011946383)	40.000	115	65	1	30	140	76	190	4.41e-14	68.9
g178.t1	VFG010522(gb|WP_011946383)	39.175	97	59	0	23	119	33	129	5.97e-12	62.8
g178.t1	VFG010522(gb|WP_011946383)	37.363	91	54	2	29	117	147	236	2.93e-08	52.0
g178.t1	VFG010522(gb|WP_011946383)	38.462	91	56	0	30	120	257	347	1.95e-07	49.7
g178.t1	VFG010522(gb|WP_011946383)	31.304	115	75	1	29	139	220	334	3.43e-07	48.9
g178.t1	VFG010522(gb|WP_011946383)	34.783	92	57	2	30	119	184	274	3.09e-06	46.2
g178.t1	VFG010520(gb|WP_011213655)	43.820	89	50	0	31	119	113	201	8.04e-15	70.9
g178.t1	VFG010520(gb|WP_011213655)	40.000	115	65	1	30	140	76	190	4.25e-14	68.9
g178.t1	VFG010520(gb|WP_011213655)	39.175	97	59	0	23	119	33	129	6.27e-12	62.8
g178.t1	VFG010520(gb|WP_011213655)	37.363	91	54	2	29	117	147	236	2.93e-08	52.0
g178.t1	VFG010520(gb|WP_011213655)	38.462	91	56	0	30	120	257	347	2.08e-07	49.7
g178.t1	VFG010520(gb|WP_011213655)	31.304	115	75	1	29	139	220	334	3.34e-07	48.9
g178.t1	VFG010520(gb|WP_011213655)	34.783	92	57	2	30	119	184	274	3.18e-06	46.2
g178.t1	VFG041321(gb|WP_010947931)	40.000	115	65	1	30	140	115	229	1.47e-14	70.5
g178.t1	VFG041321(gb|WP_010947931)	41.053	95	56	0	30	124	151	245	4.17e-13	66.2
g178.t1	VFG041321(gb|WP_010947931)	40.000	105	56	1	24	121	246	350	5.74e-12	62.8
g178.t1	VFG041321(gb|WP_010947931)	38.144	97	60	0	23	119	180	276	1.27e-09	56.2
g178.t1	VFG041321(gb|WP_010947931)	33.028	109	68	2	29	133	79	186	1.24e-06	47.4
g178.t1	VFG041321(gb|WP_010947931)	31.624	117	76	1	29	141	222	338	1.86e-06	47.0
g178.t1	VFG010524(gb|WP_021436906)	40.000	115	65	1	30	140	115	229	1.52e-14	70.1
g178.t1	VFG010524(gb|WP_021436906)	41.053	95	56	0	30	124	151	245	4.37e-13	66.2
g178.t1	VFG010524(gb|WP_021436906)	40.000	105	56	1	24	121	246	350	4.18e-12	63.2
g178.t1	VFG010524(gb|WP_021436906)	38.144	97	60	0	23	119	180	276	1.33e-09	55.8
g178.t1	VFG010524(gb|WP_021436906)	33.028	109	68	2	29	133	79	186	1.23e-06	47.4
g178.t1	VFG010524(gb|WP_021436906)	31.624	117	76	1	29	141	222	338	2.10e-06	46.6
g178.t1	VFG010521(gb|WP_011215382)	42.697	89	51	0	31	119	113	201	2.54e-14	69.7
g178.t1	VFG010521(gb|WP_011215382)	40.000	115	65	1	30	140	76	190	4.25e-14	68.9
g178.t1	VFG010521(gb|WP_011215382)	39.175	97	59	0	23	119	33	129	1.18e-11	62.0
g178.t1	VFG010521(gb|WP_011215382)	37.363	91	54	2	29	117	147	236	3.13e-08	52.0
g178.t1	VFG010521(gb|WP_011215382)	38.462	91	56	0	30	120	257	347	2.08e-07	49.7
g178.t1	VFG010521(gb|WP_011215382)	31.304	115	75	1	29	139	220	334	3.37e-07	48.9
g178.t1	VFG010521(gb|WP_011215382)	34.783	92	57	2	30	119	184	274	3.34e-06	46.2
g178.t1	VFG045713(gb|WP_003631795)	37.391	115	68	1	30	140	76	190	1.59e-13	67.4
g178.t1	VFG045713(gb|WP_003631795)	34.483	116	72	1	29	140	39	154	6.70e-13	65.5
g178.t1	VFG045713(gb|WP_003631795)	36.522	115	68	1	31	140	113	227	5.43e-12	62.8
g178.t1	VFG045713(gb|WP_003631795)	39.785	93	56	0	30	122	257	349	6.96e-10	57.0
g178.t1	VFG045713(gb|WP_003631795)	36.264	91	58	0	29	119	220	310	1.01e-08	53.5
g178.t1	VFG045713(gb|WP_003631795)	35.135	111	63	3	30	133	184	292	2.38e-08	52.4
g178.t1	VFG045713(gb|WP_003631795)	30.075	133	78	3	24	146	142	269	3.53e-07	48.9
g178.t1	VFG038376(gb|WP_164927604)	34.167	120	51	1	29	120	174	293	1.88e-11	61.6
g178.t1	VFG038376(gb|WP_164927604)	35.955	89	54	1	29	117	141	226	3.59e-06	46.2
g178.t1	VFG038376(gb|WP_164927604)	33.621	116	69	2	29	140	303	414	6.55e-06	45.4
g178.t1	VFG039492(gb|WP_012569817)	31.818	88	60	0	42	129	116	203	1.59e-10	58.9
g178.t1	VFG039492(gb|WP_012569817)	40.000	70	42	0	31	100	141	210	2.45e-10	58.5
g178.t1	VFG039496(gb|NP_820440)	31.818	88	60	0	42	129	116	203	1.67e-10	58.9
g178.t1	VFG039496(gb|NP_820440)	40.000	70	42	0	31	100	141	210	2.52e-10	58.2
g178.t1	VFG039493(gb|WP_005771987)	31.818	88	60	0	42	129	116	203	1.81e-10	58.9
g178.t1	VFG039493(gb|WP_005771987)	40.000	70	42	0	31	100	141	210	2.74e-10	58.2
g178.t1	VFG045712(gb|WP_003635457)	31.933	119	77	1	26	140	920	1038	1.83e-09	55.8
g178.t1	VFG045712(gb|WP_003635457)	36.782	87	55	0	30	116	996	1082	2.65e-08	52.4
g178.t1	VFG045712(gb|WP_003635457)	37.234	94	56	2	24	117	69	159	4.41e-08	52.0
g178.t1	VFG045712(gb|WP_003635457)	38.202	89	55	0	31	119	961	1049	5.64e-08	51.6
g178.t1	VFG045712(gb|WP_003635457)	33.333	105	69	1	19	122	479	583	3.24e-06	46.2
g178.t1	VFG007621(gb|WP_011262720)	27.737	137	94	2	31	162	64	200	6.57e-08	50.4
g178.t1	VFG010514(gb|WP_011947556)	32.609	92	62	0	30	121	923	1014	1.33e-07	50.4
g178.t1	VFG010514(gb|WP_011947556)	43.548	62	35	0	56	117	99	160	5.23e-07	48.9
g178.t1	VFG010514(gb|WP_011947556)	33.898	118	70	3	27	140	852	965	1.65e-06	47.4
g178.t1	VFG010514(gb|WP_011947556)	31.868	91	62	0	29	119	958	1048	1.74e-06	47.4
g178.t1	VFG010514(gb|WP_011947556)	33.333	87	58	0	30	116	995	1081	8.06e-06	45.1
g178.t1	VFG010512(gb|WP_015961720)	32.609	92	62	0	30	121	923	1014	1.37e-07	50.4
g178.t1	VFG010512(gb|WP_015961720)	43.548	62	35	0	56	117	99	160	5.43e-07	48.5
g178.t1	VFG010512(gb|WP_015961720)	33.898	118	70	3	27	140	852	965	1.60e-06	47.4
g178.t1	VFG010512(gb|WP_015961720)	31.868	91	62	0	29	119	958	1048	1.74e-06	47.4
g178.t1	VFG010512(gb|WP_015961720)	33.333	87	58	0	30	116	995	1081	8.21e-06	45.1
g178.t1	VFG010513(gb|WP_011216512)	32.609	92	62	0	30	121	923	1014	1.42e-07	50.4
g178.t1	VFG010513(gb|WP_011216512)	43.548	62	35	0	56	117	99	160	4.80e-07	48.9
g178.t1	VFG010513(gb|WP_011216512)	31.868	91	62	0	29	119	958	1048	1.79e-06	47.0
g178.t1	VFG010513(gb|WP_011216512)	33.898	118	70	3	27	140	852	965	1.93e-06	47.0
g178.t1	VFG010513(gb|WP_011216512)	33.333	87	58	0	30	116	995	1081	8.61e-06	45.1
g178.t1	VFG001883(gb|WP_010948339)	32.609	92	62	0	30	121	923	1014	2.81e-07	49.7
g178.t1	VFG001883(gb|WP_010948339)	43.548	62	35	0	56	117	99	160	6.31e-07	48.5
g178.t1	VFG001883(gb|WP_010948339)	37.755	98	57	2	27	124	852	945	6.31e-07	48.5
g178.t1	VFG001883(gb|WP_010948339)	31.868	91	62	0	29	119	958	1048	1.78e-06	47.0
g178.t1	VFG001883(gb|WP_010948339)	33.333	87	58	0	30	116	995	1081	8.69e-06	45.1
g178.t1	VFG007616(gb|WP_001883957)	27.007	137	95	2	31	162	65	201	3.73e-07	48.1
g178.t1	VFG007618(gb|WP_005480078)	27.007	137	95	2	31	162	65	201	4.19e-07	48.1
g178.t1	VFG007619(gb|WP_011079282)	26.277	137	96	2	31	162	65	201	1.99e-06	46.2
g178.t1	VFG014794(gb|WP_011914768)	32.184	87	59	0	26	112	49	135	3.27e-06	45.1
g365.t1	VFG010519(gb|WP_010947086)	33.591	259	139	7	7	259	4	235	3.47e-28	112
g365.t1	VFG010519(gb|WP_010947086)	32.773	238	135	5	49	261	108	345	4.68e-20	89.7
g365.t1	VFG010519(gb|WP_010947086)	32.919	161	86	3	32	171	184	343	2.31e-11	63.9
g365.t1	VFG010522(gb|WP_011946383)	33.462	260	138	8	7	259	4	235	8.44e-28	111
g365.t1	VFG010522(gb|WP_011946383)	33.471	242	135	6	46	261	104	345	1.61e-20	90.9
g365.t1	VFG010522(gb|WP_011946383)	32.919	161	86	3	32	171	184	343	1.79e-11	64.3
g365.t1	VFG010527(gb|WP_010946797)	35.468	203	111	2	52	250	140	326	3.73e-27	108
g365.t1	VFG010527(gb|WP_010946797)	34.934	229	124	5	75	278	59	287	6.12e-26	105
g365.t1	VFG010527(gb|WP_010946797)	33.990	203	114	3	52	250	104	290	5.49e-24	100
g365.t1	VFG010527(gb|WP_010946797)	38.462	91	52	1	52	138	248	338	1.87e-09	58.2
g365.t1	VFG010527(gb|WP_010946797)	33.548	155	82	4	133	282	45	183	7.80e-09	56.2
g365.t1	VFG010527(gb|WP_010946797)	31.452	124	81	1	52	171	212	335	2.36e-08	54.7
g365.t1	VFG010528(gb|WP_011215169)	35.468	203	111	2	52	250	140	326	4.61e-27	108
g365.t1	VFG010528(gb|WP_011215169)	35.371	229	123	5	75	278	59	287	1.81e-26	107
g365.t1	VFG010528(gb|WP_011215169)	33.990	203	114	3	52	250	104	290	6.98e-24	100
g365.t1	VFG010528(gb|WP_011215169)	38.462	91	52	1	52	138	248	338	1.74e-09	58.2
g365.t1	VFG010528(gb|WP_011215169)	33.548	155	82	4	133	282	45	183	7.87e-09	56.2
g365.t1	VFG010528(gb|WP_011215169)	30.645	124	82	1	52	171	212	335	7.50e-08	53.1
g365.t1	VFG010520(gb|WP_011213655)	33.462	260	138	8	7	259	4	235	4.81e-27	109
g365.t1	VFG010520(gb|WP_011213655)	33.471	242	135	6	46	261	104	345	1.69e-20	90.9
g365.t1	VFG010520(gb|WP_011213655)	32.919	161	86	3	32	171	184	343	1.82e-11	64.3
g365.t1	VFG010521(gb|WP_011215382)	33.077	260	139	8	7	259	4	235	1.96e-26	107
g365.t1	VFG010521(gb|WP_011215382)	33.058	242	136	6	46	261	104	345	4.29e-20	89.7
g365.t1	VFG010521(gb|WP_011215382)	32.919	161	86	3	32	171	184	343	1.77e-11	64.3
g365.t1	VFG010517(gb|WP_041173746)	36.318	201	107	3	54	250	181	364	6.93e-26	107
g365.t1	VFG010517(gb|WP_041173746)	40.120	167	84	1	83	249	142	292	1.26e-25	106
g365.t1	VFG010517(gb|WP_041173746)	35.227	176	94	3	56	227	39	198	2.07e-22	97.4
g365.t1	VFG010517(gb|WP_041173746)	31.401	207	123	3	54	257	289	479	2.31e-21	94.4
g365.t1	VFG010517(gb|WP_041173746)	33.838	198	103	3	88	273	39	220	2.62e-21	94.0
g365.t1	VFG010517(gb|WP_041173746)	39.231	130	75	1	52	177	322	451	2.08e-19	88.6
g365.t1	VFG010517(gb|WP_041173746)	38.843	121	70	1	53	169	359	479	2.26e-15	76.6
g365.t1	VFG010516(gb|WP_072363922)	36.318	201	107	3	54	250	186	369	7.95e-26	107
g365.t1	VFG010516(gb|WP_072363922)	40.120	167	84	1	83	249	147	297	1.48e-25	106
g365.t1	VFG010516(gb|WP_072363922)	35.795	176	93	3	56	227	44	203	2.57e-23	100
g365.t1	VFG010516(gb|WP_072363922)	31.401	207	123	3	54	257	294	484	2.67e-21	94.0
g365.t1	VFG010516(gb|WP_072363922)	33.838	198	103	3	88	273	44	225	3.68e-21	93.6
g365.t1	VFG010516(gb|WP_072363922)	39.231	130	75	1	52	177	327	456	9.96e-20	89.4
g365.t1	VFG010516(gb|WP_072363922)	38.017	121	71	1	53	169	364	484	3.58e-15	75.9
g365.t1	VFG010518(gb|WP_077383904)	36.318	201	107	3	54	250	186	369	8.51e-26	107
g365.t1	VFG010518(gb|WP_077383904)	40.120	167	84	1	83	249	147	297	1.60e-25	106
g365.t1	VFG010518(gb|WP_077383904)	35.795	176	93	3	56	227	44	203	2.88e-23	99.8
g365.t1	VFG010518(gb|WP_077383904)	31.401	207	123	3	54	257	294	484	2.90e-21	94.0
g365.t1	VFG010518(gb|WP_077383904)	33.838	198	103	3	88	273	44	225	4.12e-21	93.6
g365.t1	VFG010518(gb|WP_077383904)	39.231	130	75	1	52	177	327	456	1.06e-19	89.4
g365.t1	VFG010518(gb|WP_077383904)	38.017	121	71	1	53	169	364	484	3.85e-15	75.9
g365.t1	VFG010515(gb|WP_010946906)	36.318	201	107	3	54	250	186	369	9.16e-26	107
g365.t1	VFG010515(gb|WP_010946906)	40.120	167	84	1	83	249	147	297	1.55e-25	106
g365.t1	VFG010515(gb|WP_010946906)	35.795	176	93	3	56	227	44	203	2.95e-23	99.8
g365.t1	VFG010515(gb|WP_010946906)	31.401	207	123	3	54	257	294	484	3.11e-21	94.0
g365.t1	VFG010515(gb|WP_010946906)	33.838	198	103	3	88	273	44	225	3.95e-21	93.6
g365.t1	VFG010515(gb|WP_010946906)	39.231	130	75	1	52	177	327	456	1.08e-19	89.4
g365.t1	VFG010515(gb|WP_010946906)	38.017	121	71	1	53	169	364	484	4.15e-15	75.9
g365.t1	VFG041321(gb|WP_010947931)	35.795	176	97	2	75	250	141	300	1.93e-23	99.4
g365.t1	VFG041321(gb|WP_010947931)	30.097	206	123	4	49	250	40	228	2.36e-15	75.9
g365.t1	VFG041321(gb|WP_010947931)	31.343	134	71	2	124	255	47	161	5.39e-10	59.7
g365.t1	VFG041321(gb|WP_010947931)	27.879	165	102	3	91	255	50	197	2.16e-08	55.1
g365.t1	VFG010524(gb|WP_021436906)	35.795	176	97	2	75	250	141	300	2.19e-23	99.0
g365.t1	VFG010524(gb|WP_021436906)	34.158	202	107	5	53	247	151	333	1.18e-19	88.6
g365.t1	VFG010524(gb|WP_021436906)	30.097	206	123	4	49	250	40	228	2.85e-15	75.9
g365.t1	VFG010524(gb|WP_021436906)	30.588	170	98	3	54	219	188	341	1.69e-13	70.5
g365.t1	VFG010524(gb|WP_021436906)	35.000	140	85	2	36	170	206	344	1.95e-12	67.4
g365.t1	VFG010524(gb|WP_021436906)	31.343	134	71	2	124	255	47	161	5.69e-10	59.7
g365.t1	VFG010524(gb|WP_021436906)	27.879	165	102	3	91	255	50	197	2.26e-08	55.1
g365.t1	VFG045713(gb|WP_003631795)	31.963	219	122	5	49	259	36	235	5.71e-23	97.8
g365.t1	VFG045713(gb|WP_003631795)	33.654	208	117	4	53	255	76	267	1.68e-21	93.6
g365.t1	VFG045713(gb|WP_003631795)	35.393	178	98	3	74	250	137	298	1.14e-19	88.6
g365.t1	VFG045713(gb|WP_003631795)	36.842	133	79	1	49	176	180	312	1.13e-14	73.9
g365.t1	VFG045713(gb|WP_003631795)	33.846	130	80	2	47	171	215	343	1.33e-10	61.6
g365.t1	VFG045712(gb|WP_003635457)	28.632	234	128	7	35	231	859	1090	7.05e-13	69.3
g365.t1	VFG045712(gb|WP_003635457)	28.340	247	151	6	49	272	780	1023	4.05e-12	67.0
g365.t1	VFG045712(gb|WP_003635457)	29.078	141	96	2	54	190	961	1101	7.27e-09	57.0
g365.t1	VFG045712(gb|WP_003635457)	27.523	218	137	6	52	249	107	323	3.64e-08	55.1
g365.t1	VFG010513(gb|WP_011216512)	26.172	256	144	6	24	255	843	1077	1.10e-12	68.9
g365.t1	VFG010513(gb|WP_011216512)	28.467	137	94	2	49	181	955	1091	1.37e-10	62.4
g365.t1	VFG010513(gb|WP_011216512)	27.041	196	119	3	64	259	59	230	1.43e-10	62.4
g365.t1	VFG010513(gb|WP_011216512)	28.866	194	120	4	80	256	814	1006	1.87e-09	58.9
g365.t1	VFG010513(gb|WP_011216512)	26.457	223	144	5	52	255	108	329	4.12e-07	51.6
g365.t1	VFG010514(gb|WP_011947556)	25.781	256	145	6	24	255	843	1077	4.19e-12	67.0
g365.t1	VFG010514(gb|WP_011947556)	28.061	196	117	3	64	259	59	230	1.21e-11	65.9
g365.t1	VFG010514(gb|WP_011947556)	28.467	137	94	2	49	181	955	1091	1.25e-10	62.4
g365.t1	VFG010514(gb|WP_011947556)	28.866	194	120	4	80	256	814	1006	2.09e-09	58.9
g365.t1	VFG010514(gb|WP_011947556)	25.980	204	127	4	55	255	147	329	2.47e-07	52.4
g365.t1	VFG010512(gb|WP_015961720)	25.781	256	145	6	24	255	843	1077	4.27e-12	67.0
g365.t1	VFG010512(gb|WP_015961720)	28.061	196	117	3	64	259	59	230	1.42e-11	65.5
g365.t1	VFG010512(gb|WP_015961720)	28.467	137	94	2	49	181	955	1091	1.30e-10	62.4
g365.t1	VFG010512(gb|WP_015961720)	28.866	194	120	4	80	256	814	1006	2.20e-09	58.5
g365.t1	VFG010512(gb|WP_015961720)	25.980	204	127	4	55	255	147	329	5.93e-08	54.3
g365.t1	VFG001883(gb|WP_010948339)	25.781	256	145	6	24	255	843	1077	1.05e-11	65.9
g365.t1	VFG001883(gb|WP_010948339)	28.061	196	117	3	64	259	59	230	1.51e-11	65.5
g365.t1	VFG001883(gb|WP_010948339)	28.467	137	94	2	49	181	955	1091	1.28e-10	62.4
g365.t1	VFG001883(gb|WP_010948339)	29.381	194	119	4	80	256	814	1006	1.81e-09	58.9
g365.t1	VFG001883(gb|WP_010948339)	25.980	204	127	4	55	255	147	329	3.16e-08	55.1
g365.t1	VFG038376(gb|WP_164927604)	29.412	221	119	5	52	259	29	225	1.36e-11	65.1
g365.t1	VFG038376(gb|WP_164927604)	31.034	116	80	0	52	167	303	418	1.16e-07	52.8
g365.t1	VFG038376(gb|WP_164927604)	30.693	202	119	5	52	240	174	367	7.56e-06	47.4
g365.t1	VFG014794(gb|WP_011914768)	39.024	82	50	0	86	167	54	135	5.60e-11	60.5
g365.t1	VFG039492(gb|WP_012569817)	34.906	106	59	2	70	165	120	225	2.32e-09	58.5
g365.t1	VFG039492(gb|WP_012569817)	33.333	120	69	2	92	211	111	219	4.09e-09	57.8
g365.t1	VFG039496(gb|NP_820440)	34.906	106	59	2	70	165	120	225	2.41e-09	58.5
g365.t1	VFG039496(gb|NP_820440)	33.333	120	69	2	92	211	111	219	3.30e-09	57.8
g365.t1	VFG039493(gb|WP_005771987)	33.962	106	60	2	70	165	120	225	9.23e-09	56.6
g365.t1	VFG039493(gb|WP_005771987)	32.773	119	69	2	92	210	111	218	1.18e-08	56.2
g4056.t1	VFG014794(gb|WP_011914768)	70.556	180	51	1	1	180	1	178	2.84e-79	233
g4056.t1	VFG041321(gb|WP_010947931)	34.146	123	80	1	42	164	248	369	3.61e-15	72.0
g4056.t1	VFG041321(gb|WP_010947931)	30.702	114	76	1	1	111	132	245	3.76e-10	57.8
g4056.t1	VFG041321(gb|WP_010947931)	34.066	91	60	0	41	131	139	229	2.05e-09	55.5
g4056.t1	VFG041321(gb|WP_010947931)	37.234	94	55	2	42	135	72	161	7.55e-09	53.9
g4056.t1	VFG041321(gb|WP_010947931)	33.735	83	54	1	38	120	101	182	7.14e-08	50.8
g4056.t1	VFG010516(gb|WP_072363922)	37.500	104	65	0	28	131	16	119	4.15e-15	72.0
g4056.t1	VFG010516(gb|WP_072363922)	30.252	119	83	0	39	157	171	289	7.95e-13	65.5
g4056.t1	VFG010516(gb|WP_072363922)	39.362	94	57	0	41	134	65	158	1.33e-12	65.1
g4056.t1	VFG010516(gb|WP_072363922)	40.541	74	44	0	41	114	137	210	3.85e-12	63.5
g4056.t1	VFG010516(gb|WP_072363922)	29.524	105	74	0	41	145	101	205	5.17e-08	51.6
g4056.t1	VFG010516(gb|WP_072363922)	32.292	96	65	0	41	136	388	483	5.79e-08	51.2
g4056.t1	VFG010516(gb|WP_072363922)	34.783	92	57	2	41	131	281	370	3.58e-07	48.9
g4056.t1	VFG010515(gb|WP_010946906)	37.500	104	65	0	28	131	16	119	4.61e-15	72.0
g4056.t1	VFG010515(gb|WP_010946906)	30.252	119	83	0	39	157	171	289	8.59e-13	65.5
g4056.t1	VFG010515(gb|WP_010946906)	39.362	94	57	0	41	134	65	158	1.11e-12	65.1
g4056.t1	VFG010515(gb|WP_010946906)	39.189	74	45	0	41	114	137	210	4.82e-11	60.5
g4056.t1	VFG010515(gb|WP_010946906)	32.292	96	65	0	41	136	388	483	6.61e-08	51.2
g4056.t1	VFG010515(gb|WP_010946906)	34.783	92	57	2	41	131	281	370	4.29e-07	48.9
g4056.t1	VFG010515(gb|WP_010946906)	28.571	105	75	0	41	145	101	205	6.25e-07	48.5
g4056.t1	VFG010524(gb|WP_021436906)	34.146	123	80	1	42	164	248	369	5.55e-15	71.6
g4056.t1	VFG010524(gb|WP_021436906)	30.702	114	76	1	1	111	132	245	3.69e-10	57.8
g4056.t1	VFG010524(gb|WP_021436906)	34.066	91	60	0	41	131	139	229	1.94e-09	55.5
g4056.t1	VFG010524(gb|WP_021436906)	37.234	94	55	2	42	135	72	161	6.93e-09	53.9
g4056.t1	VFG010524(gb|WP_021436906)	33.735	83	54	1	38	120	101	182	6.75e-08	51.2
g4056.t1	VFG010518(gb|WP_077383904)	37.500	104	65	0	28	131	16	119	5.97e-15	71.6
g4056.t1	VFG010518(gb|WP_077383904)	30.252	119	83	0	39	157	171	289	8.34e-13	65.5
g4056.t1	VFG010518(gb|WP_077383904)	39.362	94	57	0	41	134	65	158	1.41e-12	64.7
g4056.t1	VFG010518(gb|WP_077383904)	40.541	74	44	0	41	114	137	210	4.11e-12	63.5
g4056.t1	VFG010518(gb|WP_077383904)	29.524	105	74	0	41	145	101	205	5.31e-08	51.6
g4056.t1	VFG010518(gb|WP_077383904)	32.292	96	65	0	41	136	388	483	6.18e-08	51.2
g4056.t1	VFG010518(gb|WP_077383904)	34.783	92	57	2	41	131	281	370	3.68e-07	48.9
g4056.t1	VFG010517(gb|WP_041173746)	36.538	104	66	0	28	131	11	114	8.06e-14	68.6
g4056.t1	VFG010517(gb|WP_041173746)	30.252	119	83	0	39	157	166	284	9.69e-13	65.5
g4056.t1	VFG010517(gb|WP_041173746)	40.541	74	44	0	41	114	132	205	4.14e-12	63.5
g4056.t1	VFG010517(gb|WP_041173746)	38.298	94	58	0	41	134	60	153	4.22e-12	63.5
g4056.t1	VFG010517(gb|WP_041173746)	34.783	92	57	2	41	131	276	365	3.89e-07	48.9
g4056.t1	VFG010517(gb|WP_041173746)	28.571	105	75	0	41	145	96	200	6.59e-07	48.1
g4056.t1	VFG010517(gb|WP_041173746)	31.250	96	66	0	41	136	383	478	9.52e-07	47.8
g4056.t1	VFG045713(gb|WP_003631795)	30.769	130	90	0	41	170	245	374	2.60e-13	66.6
g4056.t1	VFG045713(gb|WP_003631795)	36.082	97	59	2	41	135	172	267	9.61e-11	59.3
g4056.t1	VFG045713(gb|WP_003631795)	34.615	78	51	0	54	131	41	118	2.12e-06	46.6
g4056.t1	VFG045713(gb|WP_003631795)	33.333	96	62	2	41	135	64	158	3.03e-06	46.2
g4056.t1	VFG045713(gb|WP_003631795)	27.551	98	67	1	34	131	97	190	4.06e-06	45.8
g4056.t1	VFG010527(gb|WP_010946797)	36.893	103	61	1	29	131	229	327	9.52e-11	59.3
g4056.t1	VFG010527(gb|WP_010946797)	36.471	85	54	0	54	138	70	154	1.39e-08	53.1
g4056.t1	VFG010527(gb|WP_010946797)	34.118	85	56	0	47	131	207	291	1.20e-07	50.4
g4056.t1	VFG010527(gb|WP_010946797)	38.235	68	40	1	74	141	54	119	3.11e-06	46.2
g4056.t1	VFG010527(gb|WP_010946797)	31.765	85	58	0	47	131	171	255	7.47e-06	45.1
g4056.t1	VFG010528(gb|WP_011215169)	36.893	103	61	1	29	131	229	327	1.32e-10	58.9
g4056.t1	VFG010528(gb|WP_011215169)	36.471	85	54	0	54	138	70	154	1.43e-08	53.1
g4056.t1	VFG010528(gb|WP_011215169)	34.118	85	56	0	47	131	207	291	1.10e-07	50.4
g4056.t1	VFG010528(gb|WP_011215169)	38.235	68	40	1	74	141	54	119	3.09e-06	46.2
g4056.t1	VFG010528(gb|WP_011215169)	31.765	85	58	0	47	131	171	255	7.34e-06	45.1
g4056.t1	VFG010521(gb|WP_011215382)	40.964	83	49	0	53	135	257	339	1.31e-09	56.2
g4056.t1	VFG010521(gb|WP_011215382)	34.021	97	61	2	41	135	172	267	1.68e-09	55.8
g4056.t1	VFG010521(gb|WP_011215382)	36.458	96	59	2	41	135	64	158	5.17e-09	54.3
g4056.t1	VFG010521(gb|WP_011215382)	29.032	93	66	0	41	133	100	192	7.24e-07	48.1
g4056.t1	VFG010521(gb|WP_011215382)	29.808	104	68	2	29	131	128	227	8.42e-07	47.8
g4056.t1	VFG010519(gb|WP_010947086)	40.964	83	49	0	53	135	257	339	1.50e-09	55.8
g4056.t1	VFG010519(gb|WP_010947086)	34.021	97	61	2	41	135	172	267	3.03e-09	55.1
g4056.t1	VFG010519(gb|WP_010947086)	35.417	96	60	2	41	135	64	158	4.99e-08	51.6
g4056.t1	VFG010519(gb|WP_010947086)	30.108	93	65	0	41	133	100	192	9.86e-08	50.4
g4056.t1	VFG010519(gb|WP_010947086)	29.808	104	68	2	29	131	128	227	2.76e-06	46.2
g4056.t1	VFG010519(gb|WP_010947086)	34.615	78	51	0	54	131	41	118	7.20e-06	45.1
g4056.t1	VFG010520(gb|WP_011213655)	40.964	83	49	0	53	135	257	339	1.51e-09	55.8
g4056.t1	VFG010520(gb|WP_011213655)	34.021	97	61	2	41	135	172	267	1.98e-09	55.5
g4056.t1	VFG010520(gb|WP_011213655)	35.417	96	60	2	41	135	64	158	3.23e-08	52.0
g4056.t1	VFG010520(gb|WP_011213655)	29.032	93	66	0	41	133	100	192	9.98e-07	47.8
g4056.t1	VFG010520(gb|WP_011213655)	29.808	104	68	2	29	131	128	227	1.07e-06	47.8
g4056.t1	VFG010522(gb|WP_011946383)	40.964	83	49	0	53	135	257	339	1.54e-09	55.8
g4056.t1	VFG010522(gb|WP_011946383)	34.021	97	61	2	41	135	172	267	1.94e-09	55.5
g4056.t1	VFG010522(gb|WP_011946383)	35.417	96	60	2	41	135	64	158	3.17e-08	52.0
g4056.t1	VFG010522(gb|WP_011946383)	29.032	93	66	0	41	133	100	192	9.98e-07	47.8
g4056.t1	VFG010522(gb|WP_011946383)	29.808	104	68	2	29	131	128	227	1.09e-06	47.4
g4056.t1	VFG045712(gb|WP_003635457)	35.238	105	68	0	40	144	911	1015	6.69e-09	54.3
g4056.t1	VFG010512(gb|WP_015961720)	35.238	105	68	0	40	144	910	1014	1.15e-08	53.5
g4056.t1	VFG010512(gb|WP_015961720)	33.019	106	68	2	25	127	789	894	2.41e-06	47.0
g4056.t1	VFG010514(gb|WP_011947556)	35.238	105	68	0	40	144	910	1014	1.17e-08	53.5
g4056.t1	VFG010514(gb|WP_011947556)	33.019	106	68	2	25	127	789	894	2.34e-06	47.0
g4056.t1	VFG001883(gb|WP_010948339)	35.238	105	68	0	40	144	910	1014	1.26e-08	53.5
g4056.t1	VFG001883(gb|WP_010948339)	32.075	106	69	2	25	127	789	894	6.27e-06	45.4
g4056.t1	VFG010513(gb|WP_011216512)	35.238	105	68	0	40	144	910	1014	1.30e-08	53.5
g4056.t1	VFG010513(gb|WP_011216512)	33.019	106	68	2	25	127	789	894	1.61e-06	47.4
g4056.t1	VFG038376(gb|WP_164927604)	30.435	115	75	1	48	162	336	445	2.52e-07	49.7
g4601.t1	VFG010515(gb|WP_010946906)	33.040	227	135	5	34	249	79	299	9.11e-26	105
g4601.t1	VFG010515(gb|WP_010946906)	31.489	235	147	3	24	249	141	370	1.50e-22	96.3
g4601.t1	VFG010515(gb|WP_010946906)	31.841	201	129	3	22	215	280	479	1.91e-18	84.3
g4601.t1	VFG010515(gb|WP_010946906)	28.378	222	150	4	35	249	44	263	7.03e-17	79.7
g4601.t1	VFG010515(gb|WP_010946906)	34.146	123	81	0	34	156	366	488	2.33e-11	63.5
g4601.t1	VFG010517(gb|WP_041173746)	31.818	242	145	6	22	249	59	294	2.37e-24	101
g4601.t1	VFG010517(gb|WP_041173746)	34.715	193	119	4	71	257	39	230	3.87e-18	83.6
g4601.t1	VFG010517(gb|WP_041173746)	31.373	204	132	3	19	215	272	474	1.86e-17	81.6
g4601.t1	VFG010517(gb|WP_041173746)	27.928	222	151	4	35	249	39	258	2.95e-15	75.1
g4601.t1	VFG010517(gb|WP_041173746)	34.146	123	81	0	34	156	361	483	1.02e-11	64.7
g4601.t1	VFG010518(gb|WP_077383904)	32.599	227	136	5	34	249	79	299	2.65e-24	101
g4601.t1	VFG010518(gb|WP_077383904)	35.233	193	118	4	71	257	44	235	2.14e-19	87.0
g4601.t1	VFG010518(gb|WP_077383904)	31.841	201	129	3	22	215	280	479	1.75e-18	84.7
g4601.t1	VFG010518(gb|WP_077383904)	28.378	222	150	4	35	249	44	263	1.04e-16	79.3
g4601.t1	VFG010518(gb|WP_077383904)	35.000	120	78	0	34	153	366	485	2.28e-11	63.5
g4601.t1	VFG010516(gb|WP_072363922)	32.599	227	136	5	34	249	79	299	2.76e-24	101
g4601.t1	VFG010516(gb|WP_072363922)	35.233	193	118	4	71	257	44	235	1.99e-19	87.4
g4601.t1	VFG010516(gb|WP_072363922)	32.000	200	128	3	22	214	280	478	1.75e-18	84.7
g4601.t1	VFG010516(gb|WP_072363922)	28.378	222	150	4	35	249	44	263	8.64e-17	79.7
g4601.t1	VFG010516(gb|WP_072363922)	34.146	123	81	0	34	156	366	488	2.18e-11	63.5
g4601.t1	VFG010520(gb|WP_011213655)	31.250	208	138	1	15	217	23	230	2.66e-22	94.7
g4601.t1	VFG010520(gb|WP_011213655)	35.366	164	100	3	22	180	171	333	9.18e-15	73.2
g4601.t1	VFG010520(gb|WP_011213655)	32.086	187	122	2	34	215	150	336	1.82e-13	69.3
g4601.t1	VFG010522(gb|WP_011946383)	31.250	208	138	1	15	217	23	230	3.47e-22	94.4
g4601.t1	VFG010522(gb|WP_011946383)	35.366	164	100	3	22	180	171	333	1.20e-14	72.8
g4601.t1	VFG010522(gb|WP_011946383)	32.086	187	122	2	34	215	150	336	2.22e-13	69.3
g4601.t1	VFG010521(gb|WP_011215382)	30.769	208	139	1	15	217	23	230	1.45e-21	92.8
g4601.t1	VFG010521(gb|WP_011215382)	35.366	164	100	3	22	180	171	333	1.21e-14	72.8
g4601.t1	VFG010521(gb|WP_011215382)	32.086	187	122	2	34	215	150	336	2.16e-13	69.3
g4601.t1	VFG010519(gb|WP_010947086)	33.143	175	117	0	15	189	23	197	3.20e-21	91.7
g4601.t1	VFG010519(gb|WP_010947086)	35.366	164	100	3	22	180	171	333	2.42e-14	72.0
g4601.t1	VFG010519(gb|WP_010947086)	32.086	187	122	2	34	215	150	336	3.46e-13	68.6
g4601.t1	VFG041321(gb|WP_010947931)	32.973	185	120	2	34	214	117	301	1.44e-20	89.7
g4601.t1	VFG041321(gb|WP_010947931)	32.927	164	109	1	34	197	189	351	4.48e-15	73.9
g4601.t1	VFG041321(gb|WP_010947931)	28.155	206	137	5	34	232	153	354	7.31e-12	64.7
g4601.t1	VFG010524(gb|WP_021436906)	32.973	185	120	2	34	214	117	301	1.51e-20	89.7
g4601.t1	VFG010524(gb|WP_021436906)	32.927	164	109	1	34	197	189	351	3.21e-15	74.7
g4601.t1	VFG045713(gb|WP_003631795)	30.159	189	129	2	4	189	9	197	1.04e-17	81.6
g4601.t1	VFG045713(gb|WP_003631795)	30.526	190	125	4	32	215	112	300	2.44e-15	74.7
g4601.t1	VFG045713(gb|WP_003631795)	33.537	164	103	3	22	180	171	333	1.00e-14	73.2
g4601.t1	VFG045713(gb|WP_003631795)	25.466	161	116	2	59	215	31	191	7.69e-08	52.8
g4601.t1	VFG045712(gb|WP_003635457)	27.481	262	145	6	26	246	814	1071	1.96e-15	75.9
g4601.t1	VFG045712(gb|WP_003635457)	29.605	152	107	0	34	185	962	1113	3.65e-09	57.0
g4601.t1	VFG010527(gb|WP_010946797)	30.769	195	131	1	26	216	135	329	3.54e-11	62.4
g4601.t1	VFG010527(gb|WP_010946797)	26.712	146	107	0	42	187	187	332	1.74e-09	57.4
g4601.t1	VFG010527(gb|WP_010946797)	26.570	207	143	4	53	252	54	258	3.59e-09	56.6
g4601.t1	VFG010527(gb|WP_010946797)	24.876	201	145	2	20	215	57	256	2.59e-07	50.8
g4601.t1	VFG010528(gb|WP_011215169)	30.769	195	131	1	26	216	135	329	4.87e-11	62.0
g4601.t1	VFG010528(gb|WP_011215169)	26.712	146	107	0	42	187	187	332	2.00e-09	57.4
g4601.t1	VFG010528(gb|WP_011215169)	26.570	207	143	4	53	252	54	258	3.46e-09	56.6
g4601.t1	VFG010528(gb|WP_011215169)	24.876	201	145	2	20	215	57	256	2.52e-07	50.8
g4601.t1	VFG010513(gb|WP_011216512)	30.263	152	98	2	34	183	857	1002	7.73e-11	62.4
g4601.t1	VFG010513(gb|WP_011216512)	32.353	136	92	0	53	188	944	1079	1.77e-10	61.2
g4601.t1	VFG010513(gb|WP_011216512)	28.671	143	99	1	22	161	946	1088	1.48e-06	49.3
g4601.t1	VFG010512(gb|WP_015961720)	30.263	152	98	2	34	183	857	1002	1.15e-10	61.6
g4601.t1	VFG010512(gb|WP_015961720)	32.353	136	92	0	53	188	944	1079	1.72e-10	61.2
g4601.t1	VFG010512(gb|WP_015961720)	28.671	143	99	1	22	161	946	1088	1.32e-06	49.3
g4601.t1	VFG010514(gb|WP_011947556)	30.263	152	98	2	34	183	857	1002	1.19e-10	61.6
g4601.t1	VFG010514(gb|WP_011947556)	32.353	136	92	0	53	188	944	1079	1.66e-10	61.2
g4601.t1	VFG010514(gb|WP_011947556)	28.671	143	99	1	22	161	946	1088	1.32e-06	49.3
g4601.t1	VFG001883(gb|WP_010948339)	30.921	152	97	2	34	183	857	1002	1.21e-10	61.6
g4601.t1	VFG001883(gb|WP_010948339)	32.353	136	92	0	53	188	944	1079	3.78e-10	60.1
g4601.t1	VFG001883(gb|WP_010948339)	29.688	128	90	0	34	161	961	1088	1.53e-06	49.3
g4601.t1	VFG038376(gb|WP_164927604)	33.557	149	89	3	31	175	303	445	6.42e-09	56.2
g405.t1	VFG045713(gb|WP_003631795)	27.215	316	206	7	56	363	54	353	6.47e-18	85.5
g405.t1	VFG010520(gb|WP_011213655)	26.871	294	197	6	56	345	54	333	1.19e-14	75.5
g405.t1	VFG010520(gb|WP_011213655)	28.351	194	121	4	226	406	74	262	1.37e-09	59.7
g405.t1	VFG010520(gb|WP_011213655)	33.621	116	72	2	230	345	42	152	4.44e-09	58.2
g405.t1	VFG010522(gb|WP_011946383)	26.871	294	197	6	56	345	54	333	1.22e-14	75.5
g405.t1	VFG010522(gb|WP_011946383)	28.351	194	121	4	226	406	74	262	1.45e-09	59.7
g405.t1	VFG010522(gb|WP_011946383)	33.621	116	72	2	230	345	42	152	5.07e-09	58.2
g405.t1	VFG010521(gb|WP_011215382)	27.609	297	191	7	56	345	54	333	1.59e-14	75.1
g405.t1	VFG010521(gb|WP_011215382)	27.273	231	144	6	189	406	43	262	6.05e-10	60.8
g405.t1	VFG010521(gb|WP_011215382)	33.621	116	72	2	230	345	42	152	6.50e-09	57.8
g405.t1	VFG010519(gb|WP_010947086)	26.531	294	198	6	56	345	54	333	9.00e-14	72.8
g405.t1	VFG010519(gb|WP_010947086)	28.638	213	131	6	151	357	3	200	1.45e-09	59.7
g405.t1	VFG010517(gb|WP_041173746)	25.600	375	215	10	18	345	78	435	3.15e-12	68.6
g405.t1	VFG010517(gb|WP_041173746)	26.280	293	165	8	55	345	49	292	8.67e-12	67.0
g405.t1	VFG010517(gb|WP_041173746)	34.615	130	80	2	226	355	142	266	2.17e-09	59.7
g405.t1	VFG010517(gb|WP_041173746)	24.060	266	183	5	56	317	230	480	5.41e-09	58.2
g405.t1	VFG010517(gb|WP_041173746)	33.043	115	72	2	231	345	39	148	7.45e-08	54.7
g405.t1	VFG010527(gb|WP_010946797)	21.823	362	249	9	1	355	1	335	4.18e-12	67.4
g405.t1	VFG010515(gb|WP_010946906)	25.000	328	198	8	54	345	125	440	5.96e-12	67.8
g405.t1	VFG010515(gb|WP_010946906)	26.280	293	165	8	55	345	54	297	2.76e-11	65.5
g405.t1	VFG010515(gb|WP_010946906)	34.615	130	80	2	226	355	147	271	2.28e-09	59.7
g405.t1	VFG010515(gb|WP_010946906)	24.060	266	183	5	56	317	235	485	3.20e-09	58.9
g405.t1	VFG010515(gb|WP_010946906)	28.061	196	123	5	150	345	12	189	5.00e-09	58.5
g405.t1	VFG010516(gb|WP_072363922)	25.000	328	198	8	54	345	125	440	6.16e-12	67.8
g405.t1	VFG010516(gb|WP_072363922)	26.280	293	165	8	55	345	54	297	3.91e-11	65.1
g405.t1	VFG010516(gb|WP_072363922)	34.615	130	80	2	226	355	147	271	2.50e-09	59.3
g405.t1	VFG010516(gb|WP_072363922)	28.061	196	123	5	150	345	12	189	2.73e-09	59.3
g405.t1	VFG010516(gb|WP_072363922)	24.060	266	183	5	56	317	235	485	3.52e-09	58.9
g405.t1	VFG010518(gb|WP_077383904)	25.000	328	198	8	54	345	125	440	6.73e-12	67.4
g405.t1	VFG010518(gb|WP_077383904)	26.280	293	165	8	55	345	54	297	4.02e-11	65.1
g405.t1	VFG010518(gb|WP_077383904)	34.615	130	80	2	226	355	147	271	2.50e-09	59.3
g405.t1	VFG010518(gb|WP_077383904)	28.061	196	123	5	150	345	12	189	2.68e-09	59.3
g405.t1	VFG010518(gb|WP_077383904)	24.060	266	183	5	56	317	235	485	3.61e-09	58.9
g405.t1	VFG010528(gb|WP_011215169)	23.148	324	218	9	45	355	30	335	8.32e-12	66.2
g405.t1	VFG045712(gb|WP_003635457)	35.897	117	70	2	226	342	958	1069	9.89e-11	64.3
g405.t1	VFG045712(gb|WP_003635457)	29.070	172	111	4	173	344	875	1035	3.27e-07	53.1
g405.t1	VFG010512(gb|WP_015961720)	33.333	123	77	2	223	345	954	1071	7.40e-10	61.6
g405.t1	VFG010512(gb|WP_015961720)	33.065	124	69	5	182	296	765	883	8.42e-06	48.5
g405.t1	VFG010513(gb|WP_011216512)	33.333	123	77	2	223	345	954	1071	7.46e-10	61.6
g405.t1	VFG010513(gb|WP_011216512)	33.065	124	69	5	182	296	765	883	6.07e-06	48.9
g405.t1	VFG001883(gb|WP_010948339)	33.333	123	77	2	223	345	954	1071	7.53e-10	61.6
g405.t1	VFG001883(gb|WP_010948339)	33.553	152	62	5	226	344	853	998	3.95e-09	59.3
g405.t1	VFG001883(gb|WP_010948339)	33.065	124	69	5	182	296	765	883	4.31e-06	49.7
g405.t1	VFG010514(gb|WP_011947556)	33.333	123	77	2	223	345	954	1071	8.00e-10	61.6
g405.t1	VFG010514(gb|WP_011947556)	33.065	124	69	5	182	296	765	883	9.09e-06	48.5
g405.t1	VFG010524(gb|WP_021436906)	28.659	164	94	3	218	363	141	299	3.54e-09	58.5
g405.t1	VFG010524(gb|WP_021436906)	30.894	123	80	2	223	345	110	227	3.14e-08	55.5
g405.t1	VFG010524(gb|WP_021436906)	25.000	224	148	5	56	274	129	337	8.92e-08	54.3
g405.t1	VFG010524(gb|WP_021436906)	27.500	160	75	4	220	343	179	333	2.46e-06	49.7
g405.t1	VFG041321(gb|WP_010947931)	28.659	164	94	3	218	363	141	299	3.94e-09	58.5
g405.t1	VFG041321(gb|WP_010947931)	30.894	123	80	2	223	345	110	227	3.31e-08	55.5
g405.t1	VFG041321(gb|WP_010947931)	25.000	224	148	5	56	274	129	337	9.92e-08	53.9
g405.t1	VFG041321(gb|WP_010947931)	26.087	207	100	6	220	390	179	368	1.34e-06	50.4
g405.t1	VFG038376(gb|WP_164927604)	31.707	123	66	3	171	289	88	196	3.33e-07	52.8
g406.t1	VFG010517(gb|WP_041173746)	26.786	336	217	6	20	344	80	397	8.32e-21	95.1
g406.t1	VFG010517(gb|WP_041173746)	30.241	291	170	7	48	326	39	308	1.30e-17	85.1
g406.t1	VFG010517(gb|WP_041173746)	28.041	296	158	6	39	333	217	458	5.55e-17	83.2
g406.t1	VFG010517(gb|WP_041173746)	29.605	152	106	1	190	341	65	215	1.78e-12	69.3
g406.t1	VFG010517(gb|WP_041173746)	38.532	109	66	1	236	344	39	146	4.20e-11	65.1
g406.t1	VFG010516(gb|WP_072363922)	26.786	336	217	6	20	344	85	402	3.12e-20	93.2
g406.t1	VFG010516(gb|WP_072363922)	29.897	291	171	7	48	326	44	313	1.83e-17	84.7
g406.t1	VFG010516(gb|WP_072363922)	31.707	287	161	9	39	316	222	482	1.72e-16	81.6
g406.t1	VFG010516(gb|WP_072363922)	29.605	152	106	1	190	341	70	220	5.18e-12	67.8
g406.t1	VFG010516(gb|WP_072363922)	39.450	109	65	1	236	344	44	151	3.38e-11	65.1
g406.t1	VFG010518(gb|WP_077383904)	26.786	336	217	6	20	344	85	402	3.48e-20	93.2
g406.t1	VFG010518(gb|WP_077383904)	29.897	291	171	7	48	326	44	313	1.98e-17	84.7
g406.t1	VFG010518(gb|WP_077383904)	28.041	296	158	6	39	333	222	463	6.06e-16	80.1
g406.t1	VFG010518(gb|WP_077383904)	29.605	152	106	1	190	341	70	220	5.61e-12	67.8
g406.t1	VFG010518(gb|WP_077383904)	39.450	109	65	1	236	344	44	151	3.29e-11	65.5
g406.t1	VFG010515(gb|WP_010946906)	26.786	336	217	6	20	344	85	402	9.53e-20	92.0
g406.t1	VFG010515(gb|WP_010946906)	29.553	291	172	7	48	326	44	313	8.86e-17	82.8
g406.t1	VFG010515(gb|WP_010946906)	31.707	287	161	9	39	316	222	482	2.03e-16	81.6
g406.t1	VFG010515(gb|WP_010946906)	29.605	152	106	1	190	341	70	220	2.56e-12	68.9
g406.t1	VFG010515(gb|WP_010946906)	39.450	109	65	1	236	344	44	151	4.18e-11	65.1
g406.t1	VFG010521(gb|WP_011215382)	25.490	306	182	6	40	344	35	295	1.02e-17	84.7
g406.t1	VFG010519(gb|WP_010947086)	25.407	307	181	6	40	344	35	295	1.70e-17	84.0
g406.t1	VFG010522(gb|WP_011946383)	25.163	306	183	6	40	344	35	295	3.83e-17	82.8
g406.t1	VFG010520(gb|WP_011213655)	25.163	306	183	6	40	344	35	295	4.52e-17	82.8
g406.t1	VFG010527(gb|WP_010946797)	24.850	334	191	9	32	360	56	334	1.02e-16	81.3
g406.t1	VFG010527(gb|WP_010946797)	32.432	148	96	3	224	368	96	242	2.20e-09	58.9
g406.t1	VFG010528(gb|WP_011215169)	24.850	334	191	9	32	360	56	334	1.71e-16	80.5
g406.t1	VFG010528(gb|WP_011215169)	32.432	148	96	3	224	368	96	242	2.13e-09	58.9
g406.t1	VFG045713(gb|WP_003631795)	24.000	300	194	8	48	334	43	321	1.92e-15	77.8
g406.t1	VFG045713(gb|WP_003631795)	30.872	149	98	2	196	344	43	186	4.74e-10	61.2
g406.t1	VFG045712(gb|WP_003635457)	25.882	340	201	9	35	341	674	995	4.82e-13	71.6
g406.t1	VFG045712(gb|WP_003635457)	30.469	128	88	1	214	341	941	1067	8.32e-11	64.7
g406.t1	VFG045712(gb|WP_003635457)	24.126	286	192	7	30	307	801	1069	4.27e-08	55.8
g406.t1	VFG045712(gb|WP_003635457)	33.036	112	70	3	236	347	823	929	1.34e-07	54.3
g406.t1	VFG045712(gb|WP_003635457)	36.047	86	55	0	39	124	990	1075	3.07e-07	53.1
g406.t1	VFG045712(gb|WP_003635457)	24.686	239	132	7	54	292	900	1090	3.43e-07	53.1
g406.t1	VFG010513(gb|WP_011216512)	26.765	340	198	9	35	341	673	994	8.17e-12	67.8
g406.t1	VFG010513(gb|WP_011216512)	34.167	120	78	1	222	341	948	1066	5.35e-11	65.1
g406.t1	VFG010513(gb|WP_011216512)	36.047	86	55	0	39	124	989	1074	5.30e-08	55.8
g406.t1	VFG010513(gb|WP_011216512)	21.192	302	219	5	31	329	805	1090	1.24e-07	54.3
g406.t1	VFG010512(gb|WP_015961720)	24.818	274	193	3	68	341	806	1066	1.18e-11	67.4
g406.t1	VFG010512(gb|WP_015961720)	36.047	86	55	0	39	124	989	1074	4.78e-08	55.8
g406.t1	VFG010512(gb|WP_015961720)	21.495	321	231	6	12	329	788	1090	2.07e-07	53.9
g406.t1	VFG010514(gb|WP_011947556)	24.818	274	193	3	68	341	806	1066	1.32e-11	67.4
g406.t1	VFG010514(gb|WP_011947556)	36.047	86	55	0	39	124	989	1074	4.90e-08	55.8
g406.t1	VFG010514(gb|WP_011947556)	21.630	319	229	6	12	327	788	1088	2.27e-07	53.5
g406.t1	VFG041321(gb|WP_010947931)	32.653	147	91	3	196	341	47	186	3.95e-11	64.7
g406.t1	VFG041321(gb|WP_010947931)	31.293	147	100	1	191	337	145	290	1.05e-10	63.2
g406.t1	VFG041321(gb|WP_010947931)	33.333	117	77	1	228	344	146	261	7.31e-10	60.5
g406.t1	VFG041321(gb|WP_010947931)	32.203	118	79	1	227	344	109	225	1.53e-09	59.7
g406.t1	VFG041321(gb|WP_010947931)	24.832	298	178	8	44	341	79	330	3.35e-09	58.5
g406.t1	VFG041321(gb|WP_010947931)	25.556	270	156	5	48	317	118	342	1.42e-07	53.5
g406.t1	VFG041321(gb|WP_010947931)	23.171	246	144	6	31	276	137	337	7.73e-06	48.1
g406.t1	VFG010524(gb|WP_021436906)	32.653	147	91	3	196	341	47	186	4.32e-11	64.3
g406.t1	VFG010524(gb|WP_021436906)	31.293	147	100	1	191	337	145	290	1.08e-10	63.2
g406.t1	VFG010524(gb|WP_021436906)	33.333	117	77	1	228	344	146	261	7.18e-10	60.5
g406.t1	VFG010524(gb|WP_021436906)	32.203	118	79	1	227	344	109	225	1.49e-09	59.7
g406.t1	VFG010524(gb|WP_021436906)	24.832	298	178	8	44	341	79	330	3.72e-09	58.5
g406.t1	VFG010524(gb|WP_021436906)	25.818	275	155	6	48	318	118	347	1.55e-07	53.5
g406.t1	VFG010524(gb|WP_021436906)	23.171	246	144	6	31	276	137	337	7.53e-06	48.1
g406.t1	VFG001883(gb|WP_010948339)	34.167	120	78	1	222	341	948	1066	1.04e-10	64.3
g406.t1	VFG001883(gb|WP_010948339)	36.047	86	55	0	39	124	989	1074	5.03e-08	55.8
g406.t1	VFG001883(gb|WP_010948339)	20.619	291	218	3	39	329	813	1090	1.68e-07	53.9
g406.t1	VFG038619(gb|WP_016349413)	30.435	92	64	0	255	346	76	167	1.82e-06	48.5
g406.t1	VFG038620(gb|WP_005313532)	30.435	92	64	0	255	346	73	164	3.31e-06	47.8
g406.t1	VFG038376(gb|WP_164927604)	31.405	121	74	2	196	316	110	221	4.22e-06	48.9
g612.t1	VFG010516(gb|WP_072363922)	39.796	294	173	3	22	314	188	478	3.68e-55	187
g612.t1	VFG010516(gb|WP_072363922)	36.735	294	182	3	22	314	44	334	6.84e-53	181
g612.t1	VFG010516(gb|WP_072363922)	39.381	226	137	0	89	314	38	263	1.02e-46	164
g612.t1	VFG010516(gb|WP_072363922)	38.697	261	154	3	19	277	221	477	3.60e-43	155
g612.t1	VFG010516(gb|WP_072363922)	38.053	226	136	3	22	246	260	482	2.84e-38	142
g612.t1	VFG010518(gb|WP_077383904)	39.796	294	173	3	22	314	188	478	4.40e-55	186
g612.t1	VFG010518(gb|WP_077383904)	36.735	294	182	3	22	314	44	334	9.17e-53	181
g612.t1	VFG010518(gb|WP_077383904)	39.381	226	137	0	89	314	38	263	1.50e-46	164
g612.t1	VFG010518(gb|WP_077383904)	38.697	261	154	3	19	277	221	477	4.28e-43	155
g612.t1	VFG010518(gb|WP_077383904)	38.053	226	136	3	22	246	260	482	3.28e-38	141
g612.t1	VFG010515(gb|WP_010946906)	39.796	294	173	3	22	314	188	478	4.63e-55	186
g612.t1	VFG010515(gb|WP_010946906)	36.735	294	182	3	22	314	44	334	1.33e-52	180
g612.t1	VFG010515(gb|WP_010946906)	38.938	226	138	0	89	314	38	263	1.08e-45	162
g612.t1	VFG010515(gb|WP_010946906)	38.697	261	154	3	19	277	221	477	4.53e-43	154
g612.t1	VFG010515(gb|WP_010946906)	38.053	226	136	3	22	246	260	482	3.35e-38	141
g612.t1	VFG010517(gb|WP_041173746)	39.796	294	173	3	22	314	183	473	6.46e-55	186
g612.t1	VFG010517(gb|WP_041173746)	36.735	294	182	3	22	314	39	329	1.73e-52	179
g612.t1	VFG010517(gb|WP_041173746)	38.938	226	138	0	89	314	33	258	3.70e-46	163
g612.t1	VFG010517(gb|WP_041173746)	38.697	261	154	3	19	277	216	472	4.22e-43	154
g612.t1	VFG010517(gb|WP_041173746)	38.053	226	136	3	22	246	255	477	1.13e-37	140
g612.t1	VFG010524(gb|WP_021436906)	37.410	278	166	5	3	279	66	336	7.81e-46	159
g612.t1	VFG010524(gb|WP_021436906)	34.177	316	200	4	18	330	43	353	5.59e-44	154
g612.t1	VFG010524(gb|WP_021436906)	34.884	215	132	3	104	314	19	229	5.68e-30	117
g612.t1	VFG041321(gb|WP_010947931)	37.410	278	166	5	3	279	66	336	1.05e-45	159
g612.t1	VFG041321(gb|WP_010947931)	34.177	316	200	4	18	330	43	353	1.13e-43	154
g612.t1	VFG041321(gb|WP_010947931)	34.884	215	132	3	104	314	19	229	6.23e-30	117
g612.t1	VFG045713(gb|WP_003631795)	34.586	266	171	2	51	314	35	299	5.74e-43	152
g612.t1	VFG045713(gb|WP_003631795)	36.066	244	155	1	83	325	31	274	4.88e-40	144
g612.t1	VFG045713(gb|WP_003631795)	32.215	298	166	3	18	279	39	336	8.86e-37	135
g612.t1	VFG010527(gb|WP_010946797)	31.385	325	215	3	4	328	25	341	1.32e-42	150
g612.t1	VFG010520(gb|WP_011213655)	33.013	312	172	1	55	329	39	350	2.08e-42	150
g612.t1	VFG010520(gb|WP_011213655)	36.680	259	162	2	22	279	79	336	2.64e-39	142
g612.t1	VFG010520(gb|WP_011213655)	34.498	229	142	4	22	246	115	339	8.04e-29	114
g612.t1	VFG010520(gb|WP_011213655)	35.714	196	122	3	10	203	139	332	1.70e-23	99.4
g612.t1	VFG010522(gb|WP_011946383)	33.013	312	172	1	55	329	39	350	2.98e-42	150
g612.t1	VFG010522(gb|WP_011946383)	36.680	259	162	2	22	279	79	336	3.36e-39	142
g612.t1	VFG010522(gb|WP_011946383)	34.498	229	142	4	22	246	115	339	8.80e-29	114
g612.t1	VFG010522(gb|WP_011946383)	35.714	196	122	3	10	203	139	332	1.99e-23	99.4
g612.t1	VFG010528(gb|WP_011215169)	31.077	325	216	3	4	328	25	341	6.20e-42	148
g612.t1	VFG010519(gb|WP_010947086)	32.692	312	173	1	55	329	39	350	9.82e-42	149
g612.t1	VFG010519(gb|WP_010947086)	36.680	259	162	2	22	279	79	336	5.36e-39	141
g612.t1	VFG010519(gb|WP_010947086)	34.498	229	142	4	22	246	115	339	1.09e-28	114
g612.t1	VFG010519(gb|WP_010947086)	35.714	196	122	3	10	203	139	332	5.50e-23	98.2
g612.t1	VFG010521(gb|WP_011215382)	32.692	312	173	1	55	329	39	350	1.64e-41	148
g612.t1	VFG010521(gb|WP_011215382)	33.221	298	163	2	18	279	39	336	2.38e-39	142
g612.t1	VFG010521(gb|WP_011215382)	34.498	229	142	4	22	246	115	339	1.09e-28	114
g612.t1	VFG010521(gb|WP_011215382)	35.714	196	122	3	10	203	139	332	1.56e-23	99.8
g612.t1	VFG010513(gb|WP_011216512)	32.246	276	183	2	53	328	852	1123	3.95e-33	129
g612.t1	VFG010513(gb|WP_011216512)	30.120	332	187	9	20	317	684	1004	2.09e-22	98.2
g612.t1	VFG010513(gb|WP_011216512)	23.810	336	210	8	18	310	561	893	1.55e-12	68.6
g612.t1	VFG010513(gb|WP_011216512)	27.219	169	115	3	123	289	71	233	2.32e-11	64.7
g612.t1	VFG010513(gb|WP_011216512)	23.129	294	184	9	25	310	496	755	1.25e-08	56.2
g612.t1	VFG010513(gb|WP_011216512)	23.767	223	164	2	54	276	107	323	1.99e-06	49.7
g612.t1	VFG001883(gb|WP_010948339)	32.246	276	183	2	53	328	852	1123	4.59e-33	129
g612.t1	VFG001883(gb|WP_010948339)	29.819	332	188	9	20	317	684	1004	2.44e-21	95.1
g612.t1	VFG001883(gb|WP_010948339)	21.867	407	206	8	18	314	561	965	4.11e-12	67.0
g612.t1	VFG001883(gb|WP_010948339)	27.219	169	115	3	123	289	71	233	3.88e-11	64.3
g612.t1	VFG001883(gb|WP_010948339)	22.789	294	185	9	25	310	496	755	4.87e-09	57.8
g612.t1	VFG001883(gb|WP_010948339)	24.000	225	161	4	54	276	107	323	7.75e-07	50.8
g612.t1	VFG010512(gb|WP_015961720)	32.246	276	183	2	53	328	852	1123	1.39e-32	128
g612.t1	VFG010512(gb|WP_015961720)	29.518	332	189	9	20	317	684	1004	5.53e-21	94.0
g612.t1	VFG010512(gb|WP_015961720)	22.113	407	205	9	18	314	561	965	7.11e-13	69.3
g612.t1	VFG010512(gb|WP_015961720)	27.811	169	114	3	123	289	71	233	1.62e-11	65.5
g612.t1	VFG010512(gb|WP_015961720)	23.129	294	184	9	25	310	496	755	2.32e-09	58.5
g612.t1	VFG010512(gb|WP_015961720)	24.000	225	161	4	54	276	107	323	7.68e-07	50.8
g612.t1	VFG010514(gb|WP_011947556)	32.246	276	183	2	53	328	852	1123	1.46e-32	128
g612.t1	VFG010514(gb|WP_011947556)	29.518	332	189	9	20	317	684	1004	5.23e-21	94.0
g612.t1	VFG010514(gb|WP_011947556)	22.113	407	205	9	18	314	561	965	8.84e-13	69.3
g612.t1	VFG010514(gb|WP_011947556)	27.219	169	115	3	123	289	71	233	4.06e-11	63.9
g612.t1	VFG010514(gb|WP_011947556)	23.129	294	184	9	25	310	496	755	3.90e-09	58.2
g612.t1	VFG010514(gb|WP_011947556)	24.000	225	161	4	54	276	107	323	1.14e-06	50.1
g612.t1	VFG045712(gb|WP_003635457)	30.128	312	211	4	21	331	822	1127	5.21e-28	114
g612.t1	VFG045712(gb|WP_003635457)	25.188	266	185	4	63	325	46	300	1.93e-15	77.4
g612.t1	VFG045712(gb|WP_003635457)	23.246	228	168	3	54	280	106	327	3.87e-08	54.7
g612.t1	VFG045712(gb|WP_003635457)	25.532	282	170	8	25	299	497	745	4.78e-08	54.7
g612.t1	VFG045712(gb|WP_003635457)	23.410	346	209	9	13	310	557	894	3.35e-07	52.0
g612.t1	VFG038376(gb|WP_164927604)	28.758	306	192	7	22	324	145	427	8.52e-19	86.7
g612.t1	VFG038376(gb|WP_164927604)	28.014	282	166	6	54	310	105	374	1.83e-14	73.6
g612.t1	VFG038376(gb|WP_164927604)	28.571	273	162	7	55	314	29	281	5.88e-14	72.0
g612.t1	VFG038376(gb|WP_164927604)	29.018	224	125	7	66	275	11	214	2.97e-13	70.1
g612.t1	VFG039492(gb|WP_012569817)	30.357	224	116	6	93	310	30	219	9.43e-17	80.9
g612.t1	VFG039492(gb|WP_012569817)	30.909	110	71	1	140	244	116	225	2.01e-10	61.6
g612.t1	VFG039492(gb|WP_012569817)	29.134	127	83	2	45	166	95	219	2.21e-07	52.4
g612.t1	VFG039492(gb|WP_012569817)	31.884	69	47	0	246	314	114	182	2.04e-06	49.3
g612.t1	VFG039496(gb|NP_820440)	30.357	224	116	6	93	310	30	219	1.10e-16	80.9
g612.t1	VFG039496(gb|NP_820440)	30.909	110	71	1	140	244	116	225	1.77e-10	62.0
g612.t1	VFG039496(gb|NP_820440)	29.134	127	83	2	45	166	95	219	1.74e-07	52.8
g612.t1	VFG039496(gb|NP_820440)	31.884	69	47	0	246	314	114	182	2.16e-06	49.3
g612.t1	VFG039493(gb|WP_005771987)	30.045	223	116	6	93	309	30	218	3.40e-16	79.3
g612.t1	VFG039493(gb|WP_005771987)	29.032	124	81	2	45	163	95	216	6.03e-07	50.8
g612.t1	VFG039493(gb|WP_005771987)	31.884	69	47	0	246	314	114	182	1.98e-06	49.3
g612.t1	VFG014794(gb|WP_011914768)	35.714	84	47	1	138	214	63	146	4.91e-09	55.1
g612.t1	VFG014794(gb|WP_011914768)	25.806	93	69	0	157	249	46	138	2.16e-06	47.4
g1643.t1	VFG010518(gb|WP_077383904)	36.383	470	240	8	25	454	41	491	1.61e-73	240
g1643.t1	VFG010518(gb|WP_077383904)	34.257	397	247	4	9	404	99	482	1.22e-59	204
g1643.t1	VFG010518(gb|WP_077383904)	39.286	224	125	3	229	452	22	234	1.57e-39	149
g1643.t1	VFG010516(gb|WP_072363922)	37.104	442	229	6	25	429	41	470	2.51e-73	239
g1643.t1	VFG010516(gb|WP_072363922)	34.257	397	247	4	9	404	99	482	1.26e-59	204
g1643.t1	VFG010516(gb|WP_072363922)	39.446	289	170	3	148	434	46	331	1.42e-52	185
g1643.t1	VFG010516(gb|WP_072363922)	39.286	224	125	3	229	452	22	234	1.77e-39	149
g1643.t1	VFG010516(gb|WP_072363922)	33.981	309	190	3	28	334	188	484	7.28e-38	144
g1643.t1	VFG010515(gb|WP_010946906)	36.383	470	240	8	25	454	41	491	3.46e-73	239
g1643.t1	VFG010515(gb|WP_010946906)	34.257	397	247	4	9	404	99	482	3.11e-59	202
g1643.t1	VFG010515(gb|WP_010946906)	39.286	224	125	3	229	452	22	234	1.23e-39	149
g1643.t1	VFG010517(gb|WP_041173746)	37.104	442	229	6	25	429	36	465	5.11e-73	239
g1643.t1	VFG010517(gb|WP_041173746)	38.754	289	172	3	148	434	41	326	6.23e-51	180
g1643.t1	VFG010517(gb|WP_041173746)	39.732	224	124	3	229	452	17	229	1.93e-40	151
g1643.t1	VFG010517(gb|WP_041173746)	33.981	309	190	3	28	334	183	479	3.72e-37	142
g1643.t1	VFG010528(gb|WP_011215169)	36.789	299	176	3	112	408	48	335	6.50e-48	168
g1643.t1	VFG010528(gb|WP_011215169)	33.108	296	185	3	43	336	51	335	6.95e-39	144
g1643.t1	VFG010528(gb|WP_011215169)	34.050	279	179	3	159	434	48	324	6.19e-38	141
g1643.t1	VFG010528(gb|WP_011215169)	28.475	295	164	3	12	306	94	341	4.06e-24	103
g1643.t1	VFG010528(gb|WP_011215169)	38.095	105	64	1	330	434	41	144	7.55e-15	75.5
g1643.t1	VFG010528(gb|WP_011215169)	43.939	66	36	1	373	438	48	112	1.01e-08	57.0
g1643.t1	VFG010527(gb|WP_010946797)	36.455	299	177	3	112	408	48	335	2.12e-47	167
g1643.t1	VFG010527(gb|WP_010946797)	33.108	296	185	3	43	336	51	335	1.52e-38	143
g1643.t1	VFG010527(gb|WP_010946797)	34.050	279	179	3	159	434	48	324	1.44e-37	140
g1643.t1	VFG010527(gb|WP_010946797)	33.858	254	147	4	190	434	11	252	7.27e-33	127
g1643.t1	VFG010527(gb|WP_010946797)	28.475	295	164	3	12	306	94	341	9.08e-24	102
g1643.t1	VFG010527(gb|WP_010946797)	43.939	66	36	1	373	438	48	112	1.03e-08	57.0
g1643.t1	VFG010521(gb|WP_011215382)	34.259	324	199	2	52	372	31	343	1.90e-42	154
g1643.t1	VFG010521(gb|WP_011215382)	42.197	173	100	0	262	434	52	224	3.83e-37	140
g1643.t1	VFG010521(gb|WP_011215382)	33.728	338	177	6	98	434	41	332	2.57e-34	132
g1643.t1	VFG010521(gb|WP_011215382)	30.263	304	164	5	25	326	76	333	8.90e-28	114
g1643.t1	VFG010521(gb|WP_011215382)	35.185	216	132	5	244	457	70	279	7.55e-27	111
g1643.t1	VFG010521(gb|WP_011215382)	41.772	158	91	1	277	434	31	187	4.80e-26	109
g1643.t1	VFG010520(gb|WP_011213655)	33.951	324	200	2	52	372	31	343	3.67e-42	154
g1643.t1	VFG010520(gb|WP_011213655)	42.775	173	99	0	262	434	52	224	9.32e-38	142
g1643.t1	VFG010520(gb|WP_011213655)	33.136	338	179	5	98	434	41	332	9.77e-35	133
g1643.t1	VFG010520(gb|WP_011213655)	29.467	319	177	5	25	341	76	348	2.99e-27	112
g1643.t1	VFG010520(gb|WP_011213655)	35.185	216	132	5	244	457	70	279	5.99e-27	111
g1643.t1	VFG010520(gb|WP_011213655)	41.772	158	91	1	277	434	31	187	2.36e-26	110
g1643.t1	VFG010522(gb|WP_011946383)	33.951	324	200	2	52	372	31	343	3.82e-42	154
g1643.t1	VFG010522(gb|WP_011946383)	42.775	173	99	0	262	434	52	224	1.10e-37	142
g1643.t1	VFG010522(gb|WP_011946383)	33.136	338	179	5	98	434	41	332	9.97e-35	133
g1643.t1	VFG010522(gb|WP_011946383)	29.467	319	177	5	25	341	76	348	3.23e-27	112
g1643.t1	VFG010522(gb|WP_011946383)	35.185	216	132	5	244	457	70	279	7.41e-27	111
g1643.t1	VFG010522(gb|WP_011946383)	41.772	158	91	1	277	434	31	187	2.57e-26	110
g1643.t1	VFG010519(gb|WP_010947086)	33.951	324	200	2	52	372	31	343	1.60e-41	152
g1643.t1	VFG010519(gb|WP_010947086)	42.775	173	99	0	262	434	52	224	2.01e-37	141
g1643.t1	VFG010519(gb|WP_010947086)	32.544	338	181	5	98	434	41	332	1.50e-33	130
g1643.t1	VFG010519(gb|WP_010947086)	29.467	319	177	5	25	341	76	348	4.15e-27	112
g1643.t1	VFG010519(gb|WP_010947086)	35.185	216	132	5	244	457	70	279	8.24e-27	111
g1643.t1	VFG010519(gb|WP_010947086)	41.772	158	91	1	277	434	31	187	1.47e-26	110
g1643.t1	VFG045713(gb|WP_003631795)	33.968	315	198	5	154	465	50	357	2.17e-38	144
g1643.t1	VFG045713(gb|WP_003631795)	30.000	350	225	3	34	374	7	345	3.65e-36	137
g1643.t1	VFG045713(gb|WP_003631795)	40.506	158	93	1	277	434	31	187	7.78e-27	111
g1643.t1	VFG045713(gb|WP_003631795)	32.328	232	151	4	207	434	31	260	2.21e-24	104
g1643.t1	VFG010524(gb|WP_021436906)	32.530	332	205	7	137	465	44	359	7.55e-38	142
g1643.t1	VFG010524(gb|WP_021436906)	30.790	367	208	3	45	411	28	348	2.25e-37	140
g1643.t1	VFG010524(gb|WP_021436906)	31.013	316	168	4	22	335	77	344	1.07e-32	128
g1643.t1	VFG010524(gb|WP_021436906)	31.452	248	145	3	25	247	115	362	2.09e-23	101
g1643.t1	VFG041321(gb|WP_010947931)	30.790	367	208	3	45	411	28	348	2.43e-37	140
g1643.t1	VFG041321(gb|WP_010947931)	31.013	316	168	4	22	335	77	344	1.25e-32	127
g1643.t1	VFG041321(gb|WP_010947931)	32.082	293	156	4	137	429	44	293	1.96e-29	119
g1643.t1	VFG001883(gb|WP_010948339)	27.083	432	233	7	25	426	683	1062	1.01e-26	114
g1643.t1	VFG001883(gb|WP_010948339)	25.704	284	177	6	32	289	47	322	7.63e-14	74.3
g1643.t1	VFG001883(gb|WP_010948339)	28.571	203	131	2	13	212	911	1102	7.94e-12	67.8
g1643.t1	VFG001883(gb|WP_010948339)	26.531	245	172	5	190	434	50	286	4.09e-11	65.5
g1643.t1	VFG001883(gb|WP_010948339)	24.058	345	243	9	132	474	33	360	4.20e-11	65.5
g1643.t1	VFG001883(gb|WP_010948339)	23.906	297	204	6	104	398	47	323	5.54e-11	65.1
g1643.t1	VFG001883(gb|WP_010948339)	24.781	456	278	15	28	428	148	593	5.78e-11	65.1
g1643.t1	VFG001883(gb|WP_010948339)	24.201	438	265	14	52	440	481	900	2.25e-08	57.0
g1643.t1	VFG010513(gb|WP_011216512)	26.389	432	236	7	25	426	683	1062	1.53e-25	110
g1643.t1	VFG010513(gb|WP_011216512)	23.894	339	203	3	20	337	778	1082	3.00e-14	75.5
g1643.t1	VFG010513(gb|WP_011216512)	25.704	284	177	6	32	289	47	322	5.47e-13	71.6
g1643.t1	VFG010513(gb|WP_011216512)	28.571	203	131	2	13	212	911	1102	7.94e-12	67.8
g1643.t1	VFG010513(gb|WP_011216512)	22.718	515	300	12	1	428	90	593	5.21e-11	65.1
g1643.t1	VFG010513(gb|WP_011216512)	23.906	297	204	6	104	398	47	323	5.63e-10	62.0
g1643.t1	VFG010513(gb|WP_011216512)	23.188	345	246	9	132	474	33	360	2.24e-09	60.1
g1643.t1	VFG010513(gb|WP_011216512)	23.570	437	269	13	52	440	481	900	4.22e-08	55.8
g1643.t1	VFG010513(gb|WP_011216512)	21.786	459	244	12	100	480	493	914	5.40e-07	52.4
g1643.t1	VFG010512(gb|WP_015961720)	26.619	417	218	10	79	426	665	1062	3.68e-24	106
g1643.t1	VFG010512(gb|WP_015961720)	26.291	426	265	6	25	418	683	1091	6.45e-23	102
g1643.t1	VFG010512(gb|WP_015961720)	23.894	339	203	3	20	337	778	1082	8.68e-15	77.4
g1643.t1	VFG010512(gb|WP_015961720)	25.704	284	177	6	32	289	47	322	1.33e-13	73.6
g1643.t1	VFG010512(gb|WP_015961720)	28.571	203	131	2	13	212	911	1102	6.68e-12	68.2
g1643.t1	VFG010512(gb|WP_015961720)	27.391	230	160	4	190	419	50	272	1.05e-11	67.4
g1643.t1	VFG010512(gb|WP_015961720)	23.906	297	204	6	104	398	47	323	6.82e-11	65.1
g1643.t1	VFG010512(gb|WP_015961720)	22.718	515	300	12	1	428	90	593	1.37e-10	63.9
g1643.t1	VFG010512(gb|WP_015961720)	23.768	345	244	9	132	474	33	360	1.78e-10	63.5
g1643.t1	VFG010512(gb|WP_015961720)	23.973	438	266	14	52	440	481	900	3.66e-07	52.8
g1643.t1	VFG010514(gb|WP_011947556)	26.619	417	218	10	79	426	665	1062	4.36e-24	106
g1643.t1	VFG010514(gb|WP_011947556)	26.291	426	265	6	25	418	683	1091	7.45e-23	102
g1643.t1	VFG010514(gb|WP_011947556)	23.894	339	203	3	20	337	778	1082	9.47e-15	77.0
g1643.t1	VFG010514(gb|WP_011947556)	25.704	284	177	6	32	289	47	322	1.35e-13	73.6
g1643.t1	VFG010514(gb|WP_011947556)	28.571	203	131	2	13	212	911	1102	7.35e-12	68.2
g1643.t1	VFG010514(gb|WP_011947556)	27.391	230	160	4	190	419	50	272	1.48e-11	67.0
g1643.t1	VFG010514(gb|WP_011947556)	24.928	345	240	10	132	474	33	360	4.50e-11	65.5
g1643.t1	VFG010514(gb|WP_011947556)	23.779	307	212	6	104	408	47	333	7.50e-11	64.7
g1643.t1	VFG010514(gb|WP_011947556)	24.561	456	279	15	28	428	148	593	2.92e-10	62.8
g1643.t1	VFG010514(gb|WP_011947556)	23.973	438	266	14	52	440	481	900	4.24e-07	52.8
g1643.t1	VFG010514(gb|WP_011947556)	21.569	459	245	12	100	480	493	914	1.88e-06	50.4
g1643.t1	VFG045712(gb|WP_003635457)	28.488	344	186	8	2	337	792	1083	1.34e-23	104
g1643.t1	VFG045712(gb|WP_003635457)	27.255	521	268	12	17	491	676	1131	1.47e-23	104
g1643.t1	VFG045712(gb|WP_003635457)	24.742	291	200	5	35	324	49	321	1.76e-14	76.3
g1643.t1	VFG045712(gb|WP_003635457)	26.255	259	142	6	178	434	39	250	1.78e-11	66.6
g1643.t1	VFG045712(gb|WP_003635457)	24.068	295	181	5	132	392	32	317	4.50e-11	65.5
g1643.t1	VFG045712(gb|WP_003635457)	22.454	432	300	8	13	434	203	609	1.78e-10	63.5
g1643.t1	VFG038376(gb|WP_164927604)	28.732	355	201	9	35	361	81	411	5.51e-20	92.4
g1643.t1	VFG038376(gb|WP_164927604)	30.882	204	108	4	259	434	80	278	1.92e-11	65.9
g1643.t1	VFG038376(gb|WP_164927604)	32.642	193	112	5	251	434	31	214	3.82e-11	65.1
g1643.t1	VFG039496(gb|NP_820440)	37.143	105	61	1	300	399	118	222	3.79e-15	78.2
g1643.t1	VFG039496(gb|NP_820440)	31.818	132	77	1	297	415	66	197	3.71e-12	68.6
g1643.t1	VFG039496(gb|NP_820440)	26.500	200	118	4	191	385	66	241	2.20e-11	66.2
g1643.t1	VFG039496(gb|NP_820440)	27.528	178	99	6	274	434	15	179	1.41e-09	60.5
g1643.t1	VFG039496(gb|NP_820440)	34.694	98	53	1	71	168	114	200	1.73e-09	60.1
g1643.t1	VFG039492(gb|WP_012569817)	37.143	105	61	1	300	399	118	222	4.05e-15	77.8
g1643.t1	VFG039492(gb|WP_012569817)	31.818	132	77	1	297	415	66	197	3.73e-12	68.6
g1643.t1	VFG039492(gb|WP_012569817)	26.500	200	118	4	191	385	66	241	2.01e-11	66.2
g1643.t1	VFG039492(gb|WP_012569817)	27.374	179	100	6	273	434	14	179	1.41e-09	60.5
g1643.t1	VFG039492(gb|WP_012569817)	34.694	98	53	1	71	168	114	200	1.79e-09	60.1
g1643.t1	VFG039493(gb|WP_005771987)	36.190	105	62	1	300	399	118	222	1.35e-14	76.3
g1643.t1	VFG039493(gb|WP_005771987)	31.818	132	77	1	297	415	66	197	3.57e-12	68.6
g1643.t1	VFG039493(gb|WP_005771987)	26.000	200	119	4	191	385	66	241	7.33e-11	64.3
g1643.t1	VFG039493(gb|WP_005771987)	27.528	178	99	6	274	434	15	179	1.42e-09	60.5
g1643.t1	VFG039493(gb|WP_005771987)	34.694	98	53	1	71	168	114	200	1.68e-09	60.1
g1643.t1	VFG014794(gb|WP_011914768)	29.032	124	81	2	352	475	47	163	3.54e-07	50.4
g1643.t1	VFG014794(gb|WP_011914768)	38.806	67	41	0	262	328	65	131	3.65e-06	47.4
g3986.t1	VFG010527(gb|WP_010946797)	32.298	161	101	5	57	216	139	292	6.25e-09	55.1
g3986.t1	VFG010528(gb|WP_011215169)	31.677	161	102	5	57	216	139	292	2.25e-08	53.5
g3986.t1	VFG010517(gb|WP_041173746)	29.744	195	117	7	30	215	39	222	7.19e-08	52.4
g3986.t1	VFG010520(gb|WP_011213655)	26.882	186	120	5	49	229	30	204	1.17e-07	51.2
g3986.t1	VFG010520(gb|WP_011213655)	28.713	202	127	7	26	219	111	303	3.25e-07	50.1
g3986.t1	VFG010522(gb|WP_011946383)	26.882	186	120	5	49	229	30	204	1.29e-07	51.2
g3986.t1	VFG010522(gb|WP_011946383)	28.713	202	127	7	26	219	111	303	3.67e-07	50.1
g3986.t1	VFG010519(gb|WP_010947086)	26.882	186	120	5	49	229	30	204	1.75e-07	50.8
g3986.t1	VFG010519(gb|WP_010947086)	28.713	202	127	7	26	219	111	303	8.05e-07	48.9
g3986.t1	VFG010521(gb|WP_011215382)	28.713	202	127	7	26	219	111	303	3.13e-07	50.1
g3986.t1	VFG010521(gb|WP_011215382)	26.344	186	121	5	49	229	30	204	7.07e-07	48.9
g3986.t1	VFG010518(gb|WP_077383904)	27.350	234	108	10	30	215	44	263	3.44e-07	50.1
g3986.t1	VFG010516(gb|WP_072363922)	27.350	234	108	10	30	215	44	263	3.92e-07	50.1
g3986.t1	VFG045712(gb|WP_003635457)	33.146	178	107	4	2	174	831	1001	4.22e-07	50.1
g3986.t1	VFG010515(gb|WP_010946906)	26.496	234	110	9	30	215	44	263	4.76e-07	49.7
g3986.t1	VFG045713(gb|WP_003631795)	32.000	125	80	3	28	147	222	346	1.64e-06	48.1
g3986.t1	VFG001883(gb|WP_010948339)	31.169	154	95	3	26	175	854	1000	2.09e-06	48.1
g3986.t1	VFG010513(gb|WP_011216512)	30.519	154	96	3	26	175	854	1000	4.38e-06	47.0
