g728.t1	VFG026447(gb|WP_015293213)	59.322	59	21	1	15	70	90	148	6.36e-13	60.8
g728.t1	VFG026446(gb|WP_015290161)	59.322	59	21	1	15	70	90	148	7.05e-13	60.8
g728.t1	VFG022672(gb|WP_012394401)	54.237	59	24	1	15	70	90	148	3.56e-12	58.9
g728.t1	VFG009422(gb|WP_011740927)	55.932	59	23	1	15	70	90	148	6.31e-12	58.2
g728.t1	VFG026445(gb|WP_015303226)	52.542	59	24	2	15	70	90	147	6.78e-10	52.8
g728.t1	VFG026462(gb|YP_005923048)	52.542	59	24	2	15	70	90	147	7.28e-10	52.8
g728.t1	VFG026457(gb|WP_003900414)	52.542	59	24	2	15	70	90	147	7.28e-10	52.8
g728.t1	VFG001395(gb|NP_216327)	52.542	59	24	2	15	70	90	147	7.36e-10	52.8
g728.t1	VFG026458(gb|YP_007957881)	52.542	59	24	2	15	70	90	147	7.66e-10	52.8
g728.t1	VFG026455(gb|WP_009940592)	52.542	59	24	2	15	70	90	147	7.82e-10	52.4
g728.t1	VFG023976(gb|WP_014380185)	51.724	58	25	1	15	69	90	147	1.78e-09	51.6
g728.t1	VFG023972(gb|WP_014942115)	51.724	58	25	1	15	69	90	147	2.32e-09	51.2
g728.t1	VFG023974(gb|WP_009957627)	51.724	58	25	1	15	69	90	147	2.34e-09	51.2
g728.t1	VFG023973(gb|WP_008257013)	51.724	58	25	1	15	69	90	147	2.34e-09	51.2
g728.t1	VFG022674(gb|WP_003910449)	50.847	59	25	2	15	70	90	147	3.84e-09	50.8
g728.t1	VFG009421(gb|WP_011725124)	51.724	58	25	1	15	69	90	147	4.19e-09	50.4
g728.t1	VFG009420(gb|WP_003876491)	51.724	58	25	1	15	69	90	147	4.19e-09	50.4
g1790.t1	VFG001395(gb|NP_216327)	100.000	234	0	0	1	234	1	234	2.83e-170	468
g1790.t1	VFG026462(gb|YP_005923048)	99.573	234	1	0	1	234	1	234	4.25e-170	467
g1790.t1	VFG026445(gb|WP_015303226)	99.573	234	1	0	1	234	1	234	8.38e-170	466
g1790.t1	VFG022674(gb|WP_003910449)	99.573	234	1	0	1	234	1	234	9.25e-170	466
g1790.t1	VFG026458(gb|YP_007957881)	99.573	234	1	0	1	234	1	234	1.19e-169	466
g1790.t1	VFG026455(gb|WP_009940592)	99.573	234	1	0	1	234	1	234	1.47e-169	466
g1790.t1	VFG026457(gb|WP_003900414)	99.573	234	1	0	1	234	1	234	1.85e-169	466
g1790.t1	VFG026447(gb|WP_015293213)	93.617	235	14	1	1	234	1	235	1.55e-161	446
g1790.t1	VFG026446(gb|WP_015290161)	92.766	235	16	1	1	234	1	235	1.68e-160	443
g1790.t1	VFG022672(gb|WP_012394401)	82.833	233	39	1	1	232	1	233	9.63e-141	393
g1790.t1	VFG009422(gb|WP_011740927)	81.974	233	41	1	1	232	1	233	1.51e-139	390
g1790.t1	VFG023976(gb|WP_014380185)	78.723	235	49	1	1	234	1	235	2.62e-130	367
g1790.t1	VFG023974(gb|WP_009957627)	78.298	235	50	1	1	234	1	235	1.51e-129	365
g1790.t1	VFG023972(gb|WP_014942115)	78.298	235	50	1	1	234	1	235	1.76e-129	365
g1790.t1	VFG023973(gb|WP_008257013)	78.298	235	50	1	1	234	1	235	3.01e-129	364
g1790.t1	VFG009420(gb|WP_003876491)	77.447	235	52	1	1	234	1	235	8.55e-129	363
g1790.t1	VFG009421(gb|WP_011725124)	77.778	234	51	1	1	233	1	234	1.25e-128	363
g1790.t1	VFG022678(gb|WP_013828841)	75.439	228	55	1	1	227	1	228	1.27e-116	332
g1790.t1	VFG018400(gb|WP_012210793)	42.056	214	118	4	20	230	21	231	7.43e-49	160
g1790.t1	VFG004047(gb|WP_000392700)	43.689	206	110	4	23	225	24	226	2.58e-48	158
g1790.t1	VFG000575(gb|NP_462663)	43.204	206	111	4	23	225	24	226	4.24e-48	158
g1790.t1	VFG021062(gb|WP_000392698)	42.647	204	115	2	23	225	24	226	1.04e-47	157
g1790.t1	VFG004044(gb|WP_000392697)	43.204	206	111	4	23	225	24	226	1.64e-47	156
g1790.t1	VFG004046(gb|WP_000392696)	43.204	206	111	4	23	225	24	226	1.69e-47	156
g1790.t1	VFG009424(gb|WP_011561489)	40.265	226	132	2	8	230	5	230	1.07e-43	147
g1790.t1	VFG009423(gb|WP_011856686)	39.823	226	133	2	8	230	5	230	2.30e-42	143
g1790.t1	VFG022673(gb|YP_001704322)	42.672	232	128	3	8	234	5	236	1.08e-35	126
g1790.t1	VFG026443(gb|WP_005056278)	42.672	232	128	3	8	234	5	236	1.16e-35	126
g2188.t1	VFG018400(gb|WP_012210793)	45.217	115	59	2	30	144	13	123	2.66e-19	81.3
g2188.t1	VFG026455(gb|WP_009940592)	43.902	123	59	3	18	140	6	118	1.98e-17	76.3
g2188.t1	VFG026445(gb|WP_015303226)	43.902	123	59	3	18	140	6	118	4.70e-17	75.1
g2188.t1	VFG001395(gb|NP_216327)	43.902	123	59	3	18	140	6	118	4.70e-17	75.1
g2188.t1	VFG023972(gb|WP_014942115)	45.528	123	62	3	28	150	10	127	5.89e-17	75.1
g2188.t1	VFG026457(gb|WP_003900414)	43.902	123	59	3	18	140	6	118	5.96e-17	74.7
g2188.t1	VFG023973(gb|WP_008257013)	45.528	123	62	3	28	150	10	127	6.27e-17	74.7
g2188.t1	VFG023974(gb|WP_009957627)	45.528	123	62	3	28	150	10	127	6.33e-17	74.7
g2188.t1	VFG026446(gb|WP_015290161)	43.902	123	59	3	18	140	6	118	7.07e-17	74.7
g2188.t1	VFG026462(gb|YP_005923048)	43.089	123	60	3	18	140	6	118	7.19e-17	74.7
g2188.t1	VFG026447(gb|WP_015293213)	43.902	123	59	3	18	140	6	118	7.69e-17	74.7
g2188.t1	VFG026458(gb|YP_007957881)	43.902	123	59	3	18	140	6	118	8.49e-17	74.3
g2188.t1	VFG022674(gb|WP_003910449)	43.902	123	59	3	18	140	6	118	1.40e-16	73.9
g2188.t1	VFG004044(gb|WP_000392697)	39.370	127	69	3	41	163	24	146	1.50e-16	73.9
g2188.t1	VFG004046(gb|WP_000392696)	39.370	127	69	3	41	163	24	146	1.70e-16	73.6
g2188.t1	VFG009421(gb|WP_011725124)	46.429	112	56	2	29	140	11	118	2.27e-16	73.6
g2188.t1	VFG009420(gb|WP_003876491)	46.429	112	56	2	29	140	11	118	2.27e-16	73.6
g2188.t1	VFG023976(gb|WP_014380185)	44.715	123	63	3	28	150	10	127	2.49e-16	73.2
g2188.t1	VFG021062(gb|WP_000392698)	44.231	104	54	2	41	144	24	123	2.51e-16	73.2
g2188.t1	VFG004047(gb|WP_000392700)	40.000	125	67	3	41	161	24	144	2.65e-16	73.2
g2188.t1	VFG000575(gb|NP_462663)	44.231	104	54	2	41	144	24	123	2.85e-16	73.2
g2188.t1	VFG009422(gb|WP_011740927)	43.200	125	65	3	25	147	7	127	7.09e-16	72.0
g2188.t1	VFG022672(gb|WP_012394401)	43.966	116	61	2	25	140	7	118	1.77e-15	71.2
g2188.t1	VFG022678(gb|WP_013828841)	46.392	97	48	2	25	121	7	99	1.64e-13	65.9
g2188.t1	VFG009423(gb|WP_011856686)	44.000	100	53	2	30	129	9	105	3.96e-13	64.7
g2188.t1	VFG009424(gb|WP_011561489)	43.000	100	54	2	30	129	9	105	2.46e-12	62.4
g2188.t1	VFG022673(gb|YP_001704322)	47.436	78	38	2	29	104	8	84	8.12e-11	58.2
g2188.t1	VFG026443(gb|WP_005056278)	47.436	78	38	2	29	104	8	84	8.20e-11	58.2
g2597.t1	VFG026457(gb|WP_003900414)	40.088	227	134	2	4	230	8	232	2.02e-50	164
g2597.t1	VFG026458(gb|YP_007957881)	40.088	227	134	2	4	230	8	232	2.16e-50	164
g2597.t1	VFG001395(gb|NP_216327)	40.088	227	134	2	4	230	8	232	2.59e-50	163
g2597.t1	VFG026462(gb|YP_005923048)	39.648	227	135	2	4	230	8	232	4.55e-50	163
g2597.t1	VFG026445(gb|WP_015303226)	40.088	227	134	2	4	230	8	232	5.77e-50	162
g2597.t1	VFG022674(gb|WP_003910449)	40.088	227	134	2	4	230	8	232	9.19e-50	162
g2597.t1	VFG026455(gb|WP_009940592)	39.648	227	135	2	4	230	8	232	1.58e-49	161
g2597.t1	VFG026447(gb|WP_015293213)	39.035	228	136	3	4	230	8	233	2.48e-48	158
g2597.t1	VFG026446(gb|WP_015290161)	39.035	228	136	3	4	230	8	233	4.69e-48	157
g2597.t1	VFG009424(gb|WP_011561489)	41.553	219	123	3	7	223	10	225	3.92e-46	153
g2597.t1	VFG022672(gb|WP_012394401)	39.189	222	130	4	4	223	8	226	1.69e-45	151
g2597.t1	VFG009423(gb|WP_011856686)	41.553	219	123	3	7	223	10	225	2.83e-45	150
g2597.t1	VFG009420(gb|WP_003876491)	38.393	224	125	4	13	230	17	233	3.13e-45	150
g2597.t1	VFG009421(gb|WP_011725124)	38.393	224	125	4	13	230	17	233	3.17e-45	150
g2597.t1	VFG022678(gb|WP_013828841)	42.081	221	125	3	4	223	8	226	3.23e-45	150
g2597.t1	VFG023972(gb|WP_014942115)	38.496	226	126	4	4	223	8	226	3.29e-45	150
g2597.t1	VFG023974(gb|WP_009957627)	38.496	226	126	4	4	223	8	226	3.51e-45	150
g2597.t1	VFG023973(gb|WP_008257013)	38.496	226	126	4	4	223	8	226	3.86e-45	150
g2597.t1	VFG023976(gb|WP_014380185)	38.053	226	127	4	4	223	8	226	1.36e-44	149
g2597.t1	VFG009422(gb|WP_011740927)	38.739	222	131	4	4	223	8	226	1.52e-44	149
g2597.t1	VFG018400(gb|WP_012210793)	39.381	226	134	3	1	226	7	229	7.07e-40	137
g2597.t1	VFG004046(gb|WP_000392696)	40.191	209	121	3	19	226	24	229	4.87e-38	132
g2597.t1	VFG004044(gb|WP_000392697)	40.191	209	121	3	19	226	24	229	9.47e-38	131
g2597.t1	VFG021062(gb|WP_000392698)	38.942	208	125	2	19	226	24	229	1.12e-37	131
g2597.t1	VFG000575(gb|NP_462663)	38.942	208	125	2	19	226	24	229	2.74e-37	130
g2597.t1	VFG004047(gb|WP_000392700)	38.942	208	125	2	19	226	24	229	3.15e-37	130
g2597.t1	VFG022673(gb|YP_001704322)	37.826	230	140	2	4	230	5	234	2.03e-28	107
g2597.t1	VFG026443(gb|WP_005056278)	38.053	226	137	2	4	226	5	230	2.82e-28	107
g4722.t1	VFG018400(gb|WP_012210793)	46.903	226	114	3	6	230	10	230	1.61e-62	194
g4722.t1	VFG004044(gb|WP_000392697)	49.289	211	99	4	20	228	24	228	6.61e-62	193
g4722.t1	VFG004047(gb|WP_000392700)	48.815	211	100	4	20	228	24	228	8.77e-62	193
g4722.t1	VFG004046(gb|WP_000392696)	49.761	209	97	4	20	226	24	226	1.70e-61	192
g4722.t1	VFG000575(gb|NP_462663)	48.815	211	100	4	20	228	24	228	3.34e-61	191
g4722.t1	VFG026447(gb|WP_015293213)	45.374	227	121	2	6	232	9	232	1.35e-60	190
g4722.t1	VFG021062(gb|WP_000392698)	48.341	211	101	4	20	228	24	228	2.84e-60	189
g4722.t1	VFG026446(gb|WP_015290161)	45.374	227	121	2	6	232	9	232	3.69e-60	189
g4722.t1	VFG026457(gb|WP_003900414)	45.374	227	120	3	6	232	9	231	5.02e-60	188
g4722.t1	VFG009421(gb|WP_011725124)	47.534	223	110	3	6	226	9	226	1.52e-59	187
g4722.t1	VFG009420(gb|WP_003876491)	47.534	223	110	3	6	226	9	226	1.52e-59	187
g4722.t1	VFG001395(gb|NP_216327)	44.934	227	121	3	6	232	9	231	1.62e-58	184
g4722.t1	VFG026445(gb|WP_015303226)	44.493	227	122	3	6	232	9	231	1.89e-58	184
g4722.t1	VFG026458(gb|YP_007957881)	44.934	227	121	3	6	232	9	231	1.95e-58	184
g4722.t1	VFG023972(gb|WP_014942115)	47.534	223	110	3	6	226	9	226	2.20e-58	184
g4722.t1	VFG023974(gb|WP_009957627)	47.534	223	110	3	6	226	9	226	2.27e-58	184
g4722.t1	VFG023973(gb|WP_008257013)	47.534	223	110	3	6	226	9	226	2.35e-58	184
g4722.t1	VFG026462(gb|YP_005923048)	44.493	227	122	3	6	232	9	231	2.45e-58	184
g4722.t1	VFG022674(gb|WP_003910449)	44.934	227	121	3	6	232	9	231	5.29e-58	183
g4722.t1	VFG023976(gb|WP_014380185)	47.085	223	111	3	6	226	9	226	8.73e-58	183
g4722.t1	VFG022672(gb|WP_012394401)	44.000	225	123	2	6	230	9	230	1.25e-57	182
g4722.t1	VFG009422(gb|WP_011740927)	44.444	225	122	2	6	230	9	230	1.36e-57	182
g4722.t1	VFG026455(gb|WP_009940592)	44.493	227	122	3	6	232	9	231	1.69e-57	182
g4722.t1	VFG022678(gb|WP_013828841)	47.137	227	107	4	6	227	9	227	3.94e-56	179
g4722.t1	VFG009423(gb|WP_011856686)	41.410	227	128	4	6	230	6	229	4.74e-48	158
g4722.t1	VFG009424(gb|WP_011561489)	40.969	227	129	4	6	230	6	229	5.87e-47	155
g4722.t1	VFG026443(gb|WP_005056278)	42.291	227	129	2	3	228	4	229	6.25e-38	132
g4722.t1	VFG022673(gb|YP_001704322)	42.291	227	129	2	3	228	4	229	7.03e-38	132
g3521.t1	VFG000575(gb|NP_462663)	100.000	227	0	0	1	227	5	231	1.31e-166	458
g3521.t1	VFG004044(gb|WP_000392697)	99.119	227	2	0	1	227	5	231	7.40e-166	456
g3521.t1	VFG004047(gb|WP_000392700)	99.119	227	2	0	1	227	5	231	8.81e-166	456
g3521.t1	VFG021062(gb|WP_000392698)	99.119	227	2	0	1	227	5	231	1.11e-165	456
g3521.t1	VFG004046(gb|WP_000392696)	98.678	227	3	0	1	227	5	231	9.64e-165	453
g3521.t1	VFG018400(gb|WP_012210793)	92.070	227	18	0	1	227	5	231	4.34e-151	419
g3521.t1	VFG026457(gb|WP_003900414)	42.273	220	121	4	6	222	9	225	3.10e-50	163
g3521.t1	VFG026458(gb|YP_007957881)	42.273	220	121	4	6	222	9	225	3.98e-50	163
g3521.t1	VFG001395(gb|NP_216327)	42.273	220	121	4	6	222	9	225	4.73e-50	162
g3521.t1	VFG026462(gb|YP_005923048)	41.818	220	122	4	6	222	9	225	8.22e-50	162
g3521.t1	VFG026445(gb|WP_015303226)	42.273	220	121	4	6	222	9	225	8.31e-50	162
g3521.t1	VFG022674(gb|WP_003910449)	42.273	220	121	4	6	222	9	225	1.23e-49	162
g3521.t1	VFG026455(gb|WP_009940592)	41.818	220	122	4	6	222	9	225	2.95e-49	160
g3521.t1	VFG026447(gb|WP_015293213)	40.724	221	124	4	6	222	9	226	8.39e-48	157
g3521.t1	VFG026446(gb|WP_015290161)	40.724	221	124	4	6	222	9	226	9.76e-48	157
g3521.t1	VFG022672(gb|WP_012394401)	42.222	225	125	3	6	227	9	231	1.16e-47	157
g3521.t1	VFG009422(gb|WP_011740927)	42.222	225	125	3	6	227	9	231	1.68e-47	156
g3521.t1	VFG009424(gb|WP_011561489)	38.961	231	136	3	1	227	1	230	3.94e-45	150
g3521.t1	VFG023974(gb|WP_009957627)	41.364	220	124	3	6	222	9	226	6.01e-45	150
g3521.t1	VFG023973(gb|WP_008257013)	41.364	220	124	3	6	222	9	226	6.69e-45	149
g3521.t1	VFG009421(gb|WP_011725124)	40.455	220	126	3	6	222	9	226	7.42e-45	149
g3521.t1	VFG023972(gb|WP_014942115)	41.364	220	124	3	6	222	9	226	7.46e-45	149
g3521.t1	VFG009420(gb|WP_003876491)	40.455	220	126	3	6	222	9	226	7.92e-45	149
g3521.t1	VFG023976(gb|WP_014380185)	40.909	220	125	3	6	222	9	226	2.29e-44	148
g3521.t1	VFG009423(gb|WP_011856686)	38.528	231	137	3	1	227	1	230	9.30e-44	147
g3521.t1	VFG022678(gb|WP_013828841)	38.839	224	134	2	6	227	9	231	4.51e-40	137
g3521.t1	VFG022673(gb|YP_001704322)	36.207	232	143	3	1	227	1	232	9.75e-28	105
g3521.t1	VFG026443(gb|WP_005056278)	36.207	232	143	3	1	227	1	232	1.03e-27	105
