g1730.t1	VFG000202(gb|NP_250398)	100.000	167	0	0	1	167	1	167	4.83e-121	338
g1730.t1	VFG015128(gb|WP_003087708)	98.214	168	2	1	1	167	1	168	1.52e-117	329
g1730.t1	VFG041649(gb|WP_012777236)	69.091	165	50	1	3	166	4	168	7.00e-81	236
g1730.t1	VFG041830(gb|WP_011147898)	71.250	160	45	1	2	160	3	162	3.81e-78	229
g1730.t1	VFG038338(gb|WP_005320778)	67.763	152	49	0	15	166	15	166	2.64e-72	214
g1730.t1	VFG042275(gb|AAS91820)	67.763	152	49	0	15	166	15	166	1.44e-71	213
g1730.t1	VFG023702(gb|WP_010891209)	58.683	167	68	1	1	166	1	167	3.15e-70	209
g1730.t1	VFG003317(gb|WP_011117633)	58.683	167	68	1	1	166	1	167	4.99e-70	209
g1730.t1	VFG000380(gb|WP_002222758)	58.084	167	69	1	1	166	1	167	7.21e-69	206
g1730.t1	VFG007148(gb|WP_005464462)	54.375	160	71	1	1	158	1	160	6.58e-58	178
g1730.t1	VFG041797(gb|WP_011176687)	34.667	150	96	2	11	158	16	165	5.36e-22	86.7
g1730.t1	VFG041895(gb|WP_011136125)	30.137	146	101	1	6	151	8	152	1.52e-15	69.7
g1730.t1	VFG025056(gb|WP_004525319)	30.882	136	90	1	19	154	24	155	1.52e-15	70.1
g1730.t1	VFG000057(gb|WP_004568102)	42.991	107	61	0	12	118	16	122	1.84e-15	69.7
g1730.t1	VFG002451(gb|WP_004188618)	34.000	100	66	0	19	118	24	123	4.09e-15	68.9
g1730.t1	VFG025059(gb|WP_009896148)	30.882	136	90	1	19	154	24	155	6.04e-15	68.6
g1730.t1	VFG011023(gb|WP_010926204)	42.056	107	62	0	12	118	16	122	6.57e-15	68.2
g1730.t1	VFG016935(gb|WP_006344521)	25.478	157	114	2	4	157	43	199	2.27e-14	68.2
g1730.t1	VFG033601(gb|WP_000087469)	31.304	115	79	0	13	127	9	123	4.54e-14	65.9
g1730.t1	VFG041538(gb|WP_012907127)	26.667	135	99	0	18	152	14	148	1.03e-13	64.7
g1730.t1	VFG003515(gb|WP_011817129)	27.439	164	108	2	1	153	1	164	1.35e-13	64.7
g1730.t1	VFG041462(gb|WP_168382877)	27.586	145	101	1	10	154	9	149	2.90e-13	63.9
g1730.t1	VFG018475(gb|WP_000712078)	28.671	143	97	2	18	157	16	156	3.33e-13	63.5
g1730.t1	VFG041856(gb|WP_011136167)	27.451	153	106	2	2	154	4	151	4.33e-13	63.5
g1730.t1	VFG000820(gb|WP_000087467)	32.353	102	69	0	18	119	14	115	7.60e-13	62.4
g1730.t1	VFG016930(gb|WP_010232278)	25.610	164	116	2	4	161	43	206	8.15e-13	63.9
g1730.t1	VFG041589(gb|WP_012847736)	26.174	149	110	0	7	155	2	150	1.19e-12	62.0
g1730.t1	VFG016937(gb|WP_011457619)	24.675	154	113	1	4	154	43	196	1.42e-12	63.2
g1730.t1	VFG000988(gb|NP_858262)	25.532	141	101	1	19	159	19	155	1.46e-12	61.6
g1730.t1	VFG016936(gb|WP_011006904)	24.026	154	114	1	4	154	43	196	1.92e-12	62.8
g1730.t1	VFG020745(gb|WP_000711025)	28.671	143	97	2	18	157	16	156	3.19e-12	60.8
g1730.t1	VFG020743(gb|WP_000711023)	28.671	143	97	2	18	157	16	156	3.69e-12	60.8
g1730.t1	VFG018534(gb|WP_000386308)	28.676	136	93	1	19	154	20	151	3.80e-12	60.8
g1730.t1	VFG000547(gb|NP_461807)	28.676	136	93	1	19	154	20	151	4.05e-12	60.8
g1730.t1	VFG020744(gb|WP_000711026)	28.671	143	97	2	18	157	16	156	4.18e-12	60.5
g1730.t1	VFG002134(gb|NP_220091)	24.852	169	121	2	4	166	43	211	5.07e-12	61.6
g1730.t1	VFG000500(gb|NP_460364)	28.671	143	97	2	18	157	16	156	6.75e-12	60.1
g1730.t1	VFG003856(gb|WP_000711028)	28.671	143	97	2	18	157	16	156	6.82e-12	60.1
g1730.t1	VFG015582(gb|WP_009873911)	24.852	169	121	2	4	166	43	211	7.23e-12	61.2
g1730.t1	VFG003853(gb|WP_000711030)	27.972	143	98	2	18	157	16	156	7.89e-12	59.7
g1730.t1	VFG018476(gb|WP_000711024)	27.972	143	98	2	18	157	16	156	1.11e-11	59.3
g1730.t1	VFG017020(gb|WP_010229948)	26.174	149	106	1	6	150	20	168	2.63e-11	58.9
g1730.t1	VFG016931(gb|WP_010883448)	24.675	154	113	1	4	154	46	199	1.05e-10	58.2
g1730.t1	VFG041444(gb|WP_004157289)	27.049	122	82	2	2	117	11	131	1.29e-10	57.0
g1730.t1	VFG002152(gb|NP_220384)	29.126	103	73	0	24	126	68	170	1.15e-09	54.7
g1730.t1	VFG042096(gb|NP_311735)	26.897	145	95	4	15	155	19	156	1.69e-09	53.9
g1730.t1	VFG015836(gb|WP_012263572)	28.155	103	74	0	24	126	68	170	8.82e-09	52.4
g1730.t1	VFG041595(gb|WP_012847732)	29.371	143	97	1	17	155	19	161	1.88e-08	50.8
g1730.t1	VFG017025(gb|WP_173024163)	25.000	144	93	1	2	145	61	189	5.29e-08	50.1
g1730.t1	VFG017026(gb|WP_193328800)	24.590	122	92	0	24	145	68	189	5.73e-08	50.1
g1730.t1	VFG017027(gb|WP_011457829)	25.410	122	91	0	24	145	42	163	2.84e-07	47.8
g1730.t1	VFG017021(gb|WP_010883654)	22.535	142	106	1	6	143	20	161	3.44e-07	47.8
g1300.t1	VFG000500(gb|NP_460364)	100.000	157	0	0	1	157	1	157	2.96e-117	327
g1300.t1	VFG020745(gb|WP_000711025)	99.363	157	1	0	1	157	1	157	2.44e-116	325
g1300.t1	VFG003856(gb|WP_000711028)	99.363	157	1	0	1	157	1	157	3.46e-116	325
g1300.t1	VFG018476(gb|WP_000711024)	98.726	157	2	0	1	157	1	157	1.13e-115	323
g1300.t1	VFG020743(gb|WP_000711023)	98.726	157	2	0	1	157	1	157	2.76e-115	322
g1300.t1	VFG003853(gb|WP_000711030)	98.089	157	3	0	1	157	1	157	6.15e-115	322
g1300.t1	VFG020744(gb|WP_000711026)	98.726	157	2	0	1	157	1	157	7.25e-115	321
g1300.t1	VFG018475(gb|WP_000712078)	91.720	157	13	0	1	157	1	157	5.19e-106	299
g1300.t1	VFG041895(gb|WP_011136125)	42.647	136	77	1	15	150	18	152	2.02e-28	102
g1300.t1	VFG041589(gb|WP_012847736)	32.824	131	81	2	16	143	13	139	2.48e-21	84.3
g1300.t1	VFG007148(gb|WP_005464462)	28.105	153	109	1	4	156	8	159	7.17e-18	75.5
g1300.t1	VFG041538(gb|WP_012907127)	29.333	150	102	2	3	152	4	149	1.04e-15	69.7
g1300.t1	VFG033601(gb|WP_000087469)	30.201	149	100	2	2	150	3	147	4.60e-15	68.2
g1300.t1	VFG000380(gb|WP_002222758)	26.623	154	112	1	1	153	1	154	3.65e-13	63.5
g1300.t1	VFG003317(gb|WP_011117633)	27.143	140	102	0	14	153	15	154	9.37e-13	62.4
g1300.t1	VFG023702(gb|WP_010891209)	27.143	140	102	0	14	153	15	154	1.14e-12	62.0
g1300.t1	VFG041649(gb|WP_012777236)	27.211	147	106	1	8	154	12	157	6.04e-12	60.1
g1300.t1	VFG000820(gb|WP_000087467)	30.216	139	96	1	12	150	10	147	9.19e-12	59.3
g1300.t1	VFG000202(gb|NP_250398)	28.671	143	97	2	16	156	18	157	1.06e-11	59.3
g1300.t1	VFG015128(gb|WP_003087708)	28.671	143	97	2	16	156	19	158	1.22e-11	59.3
g1300.t1	VFG041830(gb|WP_011147898)	31.776	107	72	1	8	114	12	117	3.14e-10	55.5
g1300.t1	VFG042275(gb|AAS91820)	31.897	116	76	2	1	114	1	115	2.00e-09	53.5
g1300.t1	VFG038338(gb|WP_005320778)	25.949	158	114	2	1	156	1	157	2.03e-08	50.8
g1300.t1	VFG016937(gb|WP_011457619)	24.828	145	106	2	12	155	56	198	3.11e-07	48.1
g1300.t1	VFG016935(gb|WP_006344521)	24.390	123	93	0	35	157	78	200	5.13e-07	47.4
g1300.t1	VFG016936(gb|WP_011006904)	24.503	151	111	2	6	155	50	198	8.78e-07	46.6
g1300.t1	VFG041797(gb|WP_011176687)	29.508	122	84	2	35	154	41	162	1.48e-06	45.4
g1300.t1	VFG016931(gb|WP_010883448)	25.210	119	89	0	35	153	81	199	2.54e-06	45.4
g1300.t1	VFG011023(gb|WP_010926204)	33.333	129	81	3	21	149	30	153	7.25e-06	43.5
