g245.t1	VFG006495(gb|WP_011578340)	61.929	197	75	0	7	203	2	198	8.98e-94	271
g245.t1	VFG006492(gb|WP_000238747)	61.929	197	75	0	7	203	2	198	1.49e-93	271
g245.t1	VFG019533(gb|WP_000238754)	61.421	197	76	0	7	203	2	198	1.64e-93	271
g245.t1	VFG006496(gb|WP_011115254)	59.898	197	79	0	7	203	2	198	2.97e-93	270
g245.t1	VFG000274(gb|WP_000238762)	61.421	197	76	0	7	203	2	198	6.44e-93	270
g1832.t1	VFG006495(gb|WP_011578340)	55.440	193	86	0	26	218	2	194	2.05e-77	231
g1832.t1	VFG006492(gb|WP_000238747)	55.440	193	86	0	26	218	2	194	3.73e-77	230
g1832.t1	VFG000274(gb|WP_000238762)	54.922	193	87	0	26	218	2	194	9.04e-77	229
g1832.t1	VFG019533(gb|WP_000238754)	54.922	193	87	0	26	218	2	194	2.24e-76	228
g1832.t1	VFG006496(gb|WP_011115254)	52.604	192	91	0	26	217	2	193	2.42e-76	228
g4987.t1	VFG019533(gb|WP_000238754)	67.347	196	64	0	6	201	2	197	2.09e-101	291
g4987.t1	VFG000274(gb|WP_000238762)	67.347	196	64	0	6	201	2	197	3.38e-101	290
g4987.t1	VFG006495(gb|WP_011578340)	66.837	196	65	0	6	201	2	197	9.88e-101	289
g4987.t1	VFG006492(gb|WP_000238747)	66.837	196	65	0	6	201	2	197	1.67e-100	288
g4987.t1	VFG006496(gb|WP_011115254)	65.816	196	67	0	6	201	2	197	2.35e-100	288
