g169.t1	VFG009665(gb|WP_011894310)	60.159	630	226	8	3	612	122	746	0.0	717
g169.t1	VFG024099(gb|WP_013471717)	60.159	630	226	8	3	612	122	746	0.0	717
g169.t1	VFG001861(gb|WP_010945955)	57.280	625	251	6	3	612	117	740	0.0	715
g169.t1	VFG001861(gb|WP_010945955)	40.816	98	49	4	355	449	102	193	8.52e-09	58.5
g169.t1	VFG009667(gb|WP_011780414)	59.429	631	229	10	3	612	122	746	0.0	712
g169.t1	VFG009668(gb|WP_011560076)	59.048	630	232	9	3	612	123	746	0.0	709
g169.t1	VFG001862(gb|WP_015444101)	57.327	621	252	5	1	613	106	721	0.0	707
g169.t1	VFG009664(gb|WP_011731250)	57.903	620	253	5	1	613	121	739	0.0	697
g169.t1	VFG009664(gb|WP_011731250)	38.235	102	54	4	355	453	108	203	1.13e-06	51.6
g169.t1	VFG026887(gb|WP_015307337)	58.320	619	233	8	15	613	135	748	0.0	696
g169.t1	VFG009662(gb|WP_009976853)	57.468	616	241	8	15	612	135	747	0.0	684
g169.t1	VFG009661(gb|WP_003877970)	57.143	616	243	8	15	612	135	747	0.0	677
g169.t1	VFG024102(gb|WP_008256682)	57.686	631	242	9	1	612	121	745	0.0	675
g169.t1	VFG024100(gb|WP_014711614)	57.686	631	242	9	1	612	121	745	0.0	674
g169.t1	VFG026868(gb|WP_015293289)	60.065	616	227	9	13	612	127	739	0.0	672
g169.t1	VFG026866(gb|WP_015303277)	60.065	616	227	9	13	612	127	739	0.0	672
g169.t1	VFG026867(gb|WP_015290248)	59.903	616	228	9	13	612	127	739	0.0	669
g169.t1	VFG009659(gb|WP_003901285)	59.740	616	229	9	13	612	127	739	0.0	668
g169.t1	VFG026876(gb|WP_025202605)	59.578	616	230	9	13	612	127	739	0.0	666
g169.t1	VFG001396(gb|NP_216424)	59.740	616	229	9	13	612	127	739	0.0	666
g169.t1	VFG026864(gb|WP_005058381)	55.302	613	258	5	13	612	128	737	0.0	665
g169.t1	VFG017475(gb|WP_009937678)	59.578	616	230	9	13	612	127	739	0.0	665
g169.t1	VFG026869(gb|WP_041299212)	57.724	615	239	9	15	612	132	742	0.0	664
g169.t1	VFG022822(gb|WP_012394612)	57.886	615	238	9	15	612	132	742	0.0	664
g169.t1	VFG009663(gb|WP_071498273)	57.724	615	239	9	15	612	132	742	0.0	663
g169.t1	VFG022823(gb|YP_001703205)	54.486	613	263	5	13	612	128	737	0.0	659
g169.t1	VFG009666(gb|WP_011780194)	54.575	623	264	8	3	612	117	733	0.0	652
g169.t1	VFG026879(gb|YP_007957969)	54.949	293	117	5	181	459	1	292	1.01e-96	298
g1582.t1	VFG026868(gb|WP_015293289)	66.265	83	26	2	3	83	439	521	1.72e-29	109
g1582.t1	VFG026876(gb|WP_025202605)	66.265	83	26	2	3	83	439	521	2.41e-29	109
g1582.t1	VFG009659(gb|WP_003901285)	66.265	83	26	2	3	83	439	521	2.51e-29	109
g1582.t1	VFG026867(gb|WP_015290248)	66.265	83	26	2	3	83	439	521	2.77e-29	109
g1582.t1	VFG026866(gb|WP_015303277)	66.265	83	26	2	3	83	439	521	2.77e-29	109
g1582.t1	VFG026879(gb|YP_007957969)	60.440	91	34	2	3	91	144	234	1.48e-28	103
g1582.t1	VFG017475(gb|WP_009937678)	65.060	83	27	2	3	83	439	521	1.84e-28	107
g1582.t1	VFG001396(gb|NP_216424)	65.060	83	27	2	3	83	439	521	1.92e-28	106
g1582.t1	VFG026864(gb|WP_005058381)	64.634	82	27	2	3	83	441	521	5.23e-25	97.1
g1582.t1	VFG022823(gb|YP_001703205)	62.195	82	29	2	3	83	441	521	4.15e-24	94.4
g1582.t1	VFG009668(gb|WP_011560076)	53.659	82	37	1	3	83	446	527	1.72e-23	92.8
g1582.t1	VFG026887(gb|WP_015307337)	50.562	89	43	1	3	90	447	535	3.70e-23	91.7
g1582.t1	VFG024099(gb|WP_013471717)	52.809	89	41	1	3	90	446	534	3.74e-23	91.7
g1582.t1	VFG009665(gb|WP_011894310)	52.809	89	41	1	3	90	446	534	4.08e-23	91.7
g1582.t1	VFG009667(gb|WP_011780414)	50.562	89	43	1	3	90	446	534	1.07e-22	90.5
g1582.t1	VFG022822(gb|WP_012394612)	52.439	82	38	1	3	83	442	523	1.34e-22	90.1
g1582.t1	VFG009663(gb|WP_071498273)	52.439	82	38	1	3	83	442	523	1.35e-22	90.1
g1582.t1	VFG026869(gb|WP_041299212)	52.439	82	38	1	3	83	442	523	1.49e-22	90.1
g1582.t1	VFG001861(gb|WP_010945955)	53.659	82	37	1	3	83	440	521	2.22e-22	89.7
g1582.t1	VFG024102(gb|WP_008256682)	47.191	89	46	1	3	90	445	533	4.09e-22	89.0
g1582.t1	VFG024100(gb|WP_014711614)	47.191	89	46	1	3	90	445	533	4.38e-22	88.6
g1582.t1	VFG009662(gb|WP_009976853)	47.191	89	46	1	3	90	447	535	2.81e-21	86.3
g1582.t1	VFG009661(gb|WP_003877970)	47.191	89	46	1	3	90	447	535	2.92e-21	86.3
g1582.t1	VFG009664(gb|WP_011731250)	66.154	65	21	1	18	81	459	523	3.99e-20	83.2
g1582.t1	VFG009666(gb|WP_011780194)	64.706	68	23	1	17	83	453	520	4.27e-20	83.2
g1582.t1	VFG001862(gb|WP_015444101)	46.341	82	39	2	3	83	434	511	4.69e-12	60.1
g1888.t1	VFG001396(gb|NP_216424)	100.000	740	0	0	1	740	1	740	0.0	1513
g1888.t1	VFG017475(gb|WP_009937678)	99.865	740	1	0	1	740	1	740	0.0	1511
g1888.t1	VFG009659(gb|WP_003901285)	99.865	740	1	0	1	740	1	740	0.0	1510
g1888.t1	VFG026876(gb|WP_025202605)	99.730	740	2	0	1	740	1	740	0.0	1508
g1888.t1	VFG026867(gb|WP_015290248)	99.324	740	5	0	1	740	1	740	0.0	1501
g1888.t1	VFG026868(gb|WP_015293289)	99.189	740	6	0	1	740	1	740	0.0	1501
g1888.t1	VFG026866(gb|WP_015303277)	99.054	740	7	0	1	740	1	740	0.0	1499
g1888.t1	VFG026864(gb|WP_005058381)	72.849	744	192	8	1	740	1	738	0.0	1071
g1888.t1	VFG022823(gb|YP_001703205)	72.312	744	196	8	1	740	1	738	0.0	1066
g1888.t1	VFG009664(gb|WP_011731250)	71.486	740	199	7	3	739	8	738	0.0	1055
g1888.t1	VFG009662(gb|WP_009976853)	70.986	710	200	5	35	740	41	748	0.0	1007
g1888.t1	VFG009661(gb|WP_003877970)	70.704	710	202	5	35	740	41	748	0.0	1001
g1888.t1	VFG009666(gb|WP_011780194)	68.091	749	213	12	1	739	1	733	0.0	997
g1888.t1	VFG024100(gb|WP_014711614)	70.904	708	202	4	35	740	41	746	0.0	996
g1888.t1	VFG024102(gb|WP_008256682)	70.904	708	202	4	35	740	41	746	0.0	996
g1888.t1	VFG026869(gb|WP_041299212)	71.045	708	201	4	35	740	38	743	0.0	984
g1888.t1	VFG022822(gb|WP_012394612)	71.045	708	201	4	35	740	38	743	0.0	983
g1888.t1	VFG009663(gb|WP_071498273)	70.904	708	202	4	35	740	38	743	0.0	982
g1888.t1	VFG009667(gb|WP_011780414)	66.011	712	230	7	35	739	40	746	0.0	955
g1888.t1	VFG009668(gb|WP_011560076)	64.607	712	241	7	35	740	41	747	0.0	942
g1888.t1	VFG009665(gb|WP_011894310)	64.607	712	242	6	35	740	40	747	0.0	942
g1888.t1	VFG024099(gb|WP_013471717)	64.466	712	243	6	35	740	40	747	0.0	941
g1888.t1	VFG026887(gb|WP_015307337)	65.682	711	234	6	35	739	41	747	0.0	936
g1888.t1	VFG001861(gb|WP_010945955)	60.169	708	279	3	35	740	35	741	0.0	887
g1888.t1	VFG001862(gb|WP_015444101)	56.131	734	297	10	13	739	5	720	0.0	803
g1888.t1	VFG026879(gb|YP_007957969)	97.966	295	6	0	296	590	1	295	0.0	583
g3836.t1	VFG009667(gb|WP_011780414)	60.759	711	257	8	33	725	40	746	0.0	850
g3836.t1	VFG024099(gb|WP_013471717)	60.253	712	261	8	33	726	40	747	0.0	848
g3836.t1	VFG009665(gb|WP_011894310)	60.253	712	261	8	33	726	40	747	0.0	848
g3836.t1	VFG009668(gb|WP_011560076)	59.192	718	270	9	27	726	35	747	0.0	838
g3836.t1	VFG001861(gb|WP_010945955)	57.456	731	295	7	10	726	13	741	0.0	837
g3836.t1	VFG026887(gb|WP_015307337)	60.197	711	261	8	33	725	41	747	0.0	829
g3836.t1	VFG009662(gb|WP_009976853)	60.306	718	263	10	27	726	35	748	0.0	825
g3836.t1	VFG009661(gb|WP_003877970)	60.028	718	265	10	27	726	35	748	0.0	819
g3836.t1	VFG024102(gb|WP_008256682)	60.585	718	259	10	27	726	35	746	0.0	813
g3836.t1	VFG001862(gb|WP_015444101)	57.341	722	291	7	12	725	8	720	0.0	813
g3836.t1	VFG024100(gb|WP_014711614)	60.446	718	260	10	27	726	35	746	0.0	812
g3836.t1	VFG026869(gb|WP_041299212)	60.224	714	264	9	29	726	34	743	0.0	796
g3836.t1	VFG009663(gb|WP_071498273)	60.084	714	265	9	29	726	34	743	0.0	795
g3836.t1	VFG022822(gb|WP_012394612)	60.224	714	264	9	29	726	34	743	0.0	795
g3836.t1	VFG009664(gb|WP_011731250)	56.328	719	304	7	14	725	23	738	0.0	786
g3836.t1	VFG026864(gb|WP_005058381)	55.296	727	316	4	9	726	12	738	0.0	783
g3836.t1	VFG022823(gb|YP_001703205)	54.746	727	320	4	9	726	12	738	0.0	777
g3836.t1	VFG026868(gb|WP_015293289)	56.911	738	297	10	4	726	9	740	0.0	768
g3836.t1	VFG026866(gb|WP_015303277)	56.775	738	298	10	4	726	9	740	0.0	766
g3836.t1	VFG026867(gb|WP_015290248)	56.775	738	298	10	4	726	9	740	0.0	765
g3836.t1	VFG001396(gb|NP_216424)	56.640	738	299	10	4	726	9	740	0.0	764
g3836.t1	VFG017475(gb|WP_009937678)	56.504	738	300	10	4	726	9	740	0.0	763
g3836.t1	VFG009659(gb|WP_003901285)	56.640	738	299	10	4	726	9	740	0.0	763
g3836.t1	VFG026876(gb|WP_025202605)	56.504	738	300	10	4	726	9	740	0.0	761
g3836.t1	VFG009666(gb|WP_011780194)	54.302	709	304	8	30	725	32	733	0.0	739
g3836.t1	VFG026879(gb|YP_007957969)	54.266	293	120	5	294	573	2	293	2.04e-94	295
