g4591.t1	VFG016532(gb|NP_975942)	44.928	138	75	1	124	260	126	263	4.15e-38	137
g4591.t1	VFG030684(gb|WP_011781637)	33.571	280	169	9	16	291	9	275	8.20e-36	133
g4591.t1	VFG016540(gb|NP_975950)	43.478	138	76	2	124	260	126	262	3.60e-35	129
g4591.t1	VFG030692(gb|WP_013828150)	33.906	233	144	6	29	261	19	241	1.45e-33	127
g4591.t1	VFG030676(gb|WP_011724098)	34.008	247	148	8	16	261	9	241	2.69e-33	126
g4591.t1	VFG030675(gb|WP_003875535)	34.008	247	148	8	16	261	9	241	3.17e-33	126
g4591.t1	VFG030704(gb|WP_015292799)	33.333	252	153	8	16	266	9	246	1.07e-32	124
g4591.t1	VFG030671(gb|NP_215754)	33.333	252	153	8	16	266	9	246	1.19e-32	124
g4591.t1	VFG030689(gb|WP_014000675)	33.333	252	153	8	16	266	9	246	1.21e-32	124
g4591.t1	VFG030715(gb|YP_007957369)	32.937	252	154	8	16	266	9	246	1.02e-31	122
g4591.t1	VFG030686(gb|YP_001702115)	32.922	243	149	7	15	256	8	237	1.05e-31	122
g4591.t1	VFG030705(gb|WP_015356778)	32.800	250	153	8	16	264	9	244	1.06e-31	122
g4591.t1	VFG030691(gb|WP_012395776)	32.800	250	153	8	16	264	9	244	1.08e-31	122
g4591.t1	VFG030706(gb|WP_005059672)	32.922	243	149	7	15	256	8	237	1.24e-31	122
g4591.t1	VFG030722(gb|WP_020821925)	33.198	247	150	8	16	261	9	241	1.26e-31	122
g4591.t1	VFG030724(gb|WP_015308640)	33.755	237	145	7	29	264	19	244	1.38e-31	122
g4591.t1	VFG030696(gb|WP_014711073)	33.198	247	150	8	16	261	9	241	1.42e-31	121
g4591.t1	VFG030699(gb|WP_009957422)	33.198	247	150	8	16	261	9	241	1.93e-31	121
g4591.t1	VFG030697(gb|WP_014382019)	33.198	247	150	8	16	261	9	241	1.97e-31	121
g4591.t1	VFG030695(gb|WP_014941456)	33.198	247	150	8	16	261	9	241	2.09e-31	121
g4591.t1	VFG030679(gb|WP_011730288)	33.871	248	151	8	16	261	9	245	2.32e-31	121
g4591.t1	VFG030681(gb|WP_011561359)	33.333	234	144	7	29	261	19	241	2.71e-31	121
g4591.t1	VFG030680(gb|WP_011856409)	33.333	234	144	7	29	261	19	241	2.83e-31	121
g4591.t1	VFG030678(gb|WP_011894706)	32.900	231	145	5	29	258	19	240	3.02e-31	121
g4591.t1	VFG030694(gb|WP_013471930)	32.900	231	145	5	29	258	19	240	3.41e-31	120
g4591.t1	VFG036559(gb|WP_013449339)	32.468	231	145	3	18	245	8	230	5.16e-31	119
g4591.t1	VFG030700(gb|WP_005098896)	32.510	243	150	7	15	256	8	237	5.64e-31	120
g4591.t1	VFG030673(gb|WP_010908121)	31.518	257	157	8	29	284	19	257	2.48e-29	115
g4591.t1	VFG013573(gb|WP_011608934)	28.571	231	154	4	24	254	13	232	2.97e-28	112
g4591.t1	VFG013192(gb|WP_012340414)	28.571	231	154	4	24	254	13	232	3.01e-28	112
g4591.t1	VFG006259(gb|WP_003687540)	32.174	230	143	5	20	245	10	230	2.02e-27	109
g4591.t1	VFG000344(gb|WP_005693820)	28.405	257	163	5	4	257	11	249	2.28e-27	109
g4591.t1	VFG036553(gb|WP_014581175)	32.174	230	143	5	20	245	10	230	3.74e-27	108
g4591.t1	VFG001206(gb|WP_002219640)	32.174	230	143	5	20	245	10	230	4.18e-27	108
g4591.t1	VFG013572(gb|WP_080334646)	28.016	257	164	5	4	257	6	244	4.42e-27	108
g4591.t1	VFG036552(gb|WP_002214252)	32.174	230	143	5	20	245	10	230	5.01e-27	108
g4591.t1	VFG013571(gb|WP_032821670)	28.405	257	163	5	4	257	11	249	7.13e-27	108
g4591.t1	VFG036556(gb|WP_014581848)	32.174	230	143	5	20	245	10	230	1.10e-26	107
g4591.t1	VFG009587(gb|WP_011731354)	35.470	234	115	9	23	241	340	552	3.09e-23	100
g4591.t1	VFG009585(gb|WP_011724227)	33.929	224	128	8	25	241	343	553	4.83e-23	99.4
g4591.t1	VFG009584(gb|WP_003873185)	34.247	219	124	8	30	241	348	553	9.79e-23	98.6
g4591.t1	VFG009586(gb|WP_011741578)	33.621	232	130	9	30	251	349	566	1.19e-22	98.2
g4591.t1	VFG026736(gb|WP_015356663)	33.621	232	130	9	30	251	349	566	1.29e-22	98.2
g4591.t1	VFG022787(gb|WP_012395627)	33.621	232	130	9	30	251	349	566	1.38e-22	98.2
g4591.t1	VFG024070(gb|WP_014711102)	33.628	226	130	8	23	241	344	556	3.85e-22	96.7
g4591.t1	VFG024071(gb|WP_009952859)	33.628	226	130	8	23	241	344	556	4.87e-22	96.7
g4591.t1	VFG024069(gb|WP_014941520)	33.628	226	130	8	23	241	344	556	5.10e-22	96.3
g4591.t1	VFG024072(gb|WP_014384095)	33.628	226	130	8	23	241	344	556	5.45e-22	96.3
g4591.t1	VFG026731(gb|WP_005058854)	32.000	225	125	7	30	243	350	557	7.94e-22	95.9
g4591.t1	VFG022788(gb|YP_001702996)	32.000	225	125	7	30	243	350	557	8.56e-22	95.9
g4591.t1	VFG013716(gb|WP_041626280)	29.508	244	148	6	12	246	6	234	1.07e-21	92.8
g4591.t1	VFG013731(gb|WP_005291888)	26.446	242	161	5	12	243	22	256	2.66e-21	91.7
g4591.t1	VFG007026(gb|WP_155116723)	35.616	219	123	8	29	241	471	677	2.93e-20	91.3
g4591.t1	VFG009579(gb|NP_215865)	35.321	218	123	9	30	241	349	554	5.28e-20	90.5
g4591.t1	VFG013732(gb|WP_006769637)	26.695	236	141	5	10	230	1	219	6.51e-20	87.4
g4591.t1	VFG026735(gb|WP_015292877)	35.321	218	123	9	30	241	349	554	8.65e-20	89.7
g4591.t1	VFG026734(gb|WP_015289787)	35.321	218	123	9	30	241	349	554	9.50e-20	89.7
g4591.t1	VFG007025(gb|WP_086016961)	35.616	219	123	8	29	241	471	677	1.04e-19	89.7
g4591.t1	VFG044228(gb|WP_044488032)	31.746	252	122	10	23	245	331	561	2.01e-19	88.6
g4591.t1	VFG007023(gb|WP_149591715)	32.174	230	116	7	29	241	471	677	2.53e-19	88.6
g4591.t1	VFG026750(gb|WP_020822015)	32.420	219	128	8	30	241	348	553	4.05e-19	87.8
g4591.t1	VFG035923(gb|WP_000621745)	27.835	194	121	6	30	217	17	197	4.92e-19	84.0
g4591.t1	VFG022793(gb|WP_013828472)	32.727	220	126	8	30	241	349	554	6.96e-19	87.0
g4591.t1	VFG044310(gb|WP_006486076)	26.638	229	161	4	17	243	10	233	8.30e-19	84.7
g4591.t1	VFG035919(gb|WP_000621743)	27.835	194	121	6	30	217	17	197	1.07e-18	82.8
g4591.t1	VFG021855(gb|WP_011726608)	27.511	229	153	5	23	246	21	241	1.08e-18	84.3
g4591.t1	VFG044213(gb|WP_000403742)	28.194	227	137	6	30	244	17	229	1.32e-18	83.6
g4591.t1	VFG013715(gb|WP_010934432)	28.682	258	139	6	2	244	4	231	1.47e-18	84.0
g4591.t1	VFG044358(gb|WP_013317301)	27.948	229	148	5	17	235	6	227	1.98e-18	83.6
g4591.t1	VFG013248(gb|WP_010868928)	32.159	227	125	9	29	243	363	572	2.60e-18	85.5
g4591.t1	VFG044135(gb|WP_002209058)	30.000	260	155	10	24	271	20	264	2.86e-18	82.8
g4591.t1	VFG044147(gb|NP_461701)	30.085	236	146	9	28	255	355	579	3.46e-18	85.5
g4591.t1	VFG044147(gb|NP_461701)	29.954	217	138	7	30	241	983	1190	4.78e-13	69.7
g4591.t1	VFG044362(gb|WP_033111968)	30.806	211	136	5	33	239	23	227	5.47e-18	82.0
g4591.t1	VFG035924(gb|WP_000593973)	27.895	190	130	4	29	217	16	199	5.51e-18	80.9
g4591.t1	VFG007914(gb|WP_011780329)	28.452	239	152	6	16	249	9	233	5.88e-18	83.2
g4591.t1	VFG022453(gb|WP_012393578)	26.549	226	153	5	18	241	11	225	7.55e-18	82.8
g4591.t1	VFG008825(gb|WP_015355163)	26.549	226	153	5	18	241	11	225	7.93e-18	82.8
g4591.t1	VFG033929(gb|WP_001111198)	33.149	181	98	4	24	192	352	521	9.92e-18	84.0
g4591.t1	VFG033929(gb|WP_001111198)	28.767	219	140	7	29	241	979	1187	2.49e-13	70.9
g4591.t1	VFG012511(gb|WP_001442133)	33.149	181	98	4	24	192	352	521	9.92e-18	84.0
g4591.t1	VFG012511(gb|WP_001442133)	28.767	219	140	7	29	241	979	1187	4.61e-13	70.1
g4591.t1	VFG012512(gb|WP_001111199)	33.149	181	98	4	24	192	352	521	1.05e-17	84.0
g4591.t1	VFG012512(gb|WP_001111199)	28.767	219	140	7	29	241	979	1187	4.57e-13	70.1
g4591.t1	VFG007912(gb|WP_011740072)	26.549	226	153	5	18	241	11	225	1.09e-17	82.4
g4591.t1	VFG007238(gb|WP_000379797)	27.935	247	162	6	23	264	29	264	1.20e-17	81.3
g4591.t1	VFG013249(gb|WP_011271803)	32.159	227	125	9	29	243	363	572	1.27e-17	83.2
g4591.t1	VFG012509(gb|WP_001111200)	33.149	181	98	4	24	192	352	521	1.31e-17	83.6
g4591.t1	VFG012509(gb|WP_001111200)	28.767	219	140	7	29	241	979	1187	2.35e-13	70.9
g4591.t1	VFG012971(gb|WP_011378643)	33.149	181	98	4	24	192	352	521	1.33e-17	83.6
g4591.t1	VFG012971(gb|WP_011378643)	28.767	219	140	7	29	241	979	1187	2.72e-13	70.5
g4591.t1	VFG013250(gb|WP_005687513)	32.159	227	125	9	29	243	363	572	1.38e-17	83.2
g4591.t1	VFG012510(gb|WP_001298170)	33.149	181	98	4	24	192	352	521	1.38e-17	83.6
g4591.t1	VFG012510(gb|WP_001298170)	28.767	219	140	7	29	241	979	1187	2.42e-13	70.9
g4591.t1	VFG013251(gb|WP_012054790)	32.159	227	125	9	29	243	363	572	2.00e-17	82.8
g4591.t1	VFG033884(gb|WP_000376541)	31.602	231	132	10	30	250	485	699	2.17e-17	82.8
g4591.t1	VFG044077(gb|YP_002344985)	28.319	226	148	6	23	242	10	227	2.19e-17	80.1
g4591.t1	VFG012480(gb|WP_000376543)	31.602	231	132	10	30	250	485	699	2.43e-17	82.8
g4591.t1	VFG012478(gb|WP_000376544)	31.602	231	132	10	30	250	485	699	2.52e-17	82.4
g4591.t1	VFG000907(gb|WP_000376545)	31.602	231	132	10	30	250	485	699	2.68e-17	82.4
g4591.t1	VFG034048(gb|WP_024256148)	28.745	247	136	9	29	259	360	582	3.56e-17	82.0
g4591.t1	VFG034049(gb|WP_000654452)	28.745	247	136	9	29	259	360	582	3.87e-17	82.0
g4591.t1	VFG012535(gb|WP_001327263)	28.745	247	136	9	29	259	360	582	3.87e-17	82.0
g4591.t1	VFG012536(gb|WP_001295637)	28.745	247	136	9	29	259	360	582	4.05e-17	82.0
g4591.t1	VFG003507(gb|WP_005168689)	29.555	247	134	10	29	259	360	582	5.40e-17	81.6
g4591.t1	VFG000366(gb|WP_002212761)	29.555	247	134	10	29	259	360	582	5.40e-17	81.6
g4591.t1	VFG048566(gb|WP_014907271)	29.555	247	134	10	29	259	360	582	5.40e-17	81.6
g4591.t1	VFG044325(gb|WP_002212761)	29.555	247	134	10	29	259	360	582	5.40e-17	81.6
g4591.t1	VFG048567(gb|YP_005227763)	29.555	247	134	10	29	259	360	582	5.50e-17	81.6
g4591.t1	VFG034050(gb|WP_001446633)	29.555	247	134	10	29	259	360	582	5.50e-17	81.6
g4591.t1	VFG034051(gb|WP_014639938)	29.555	247	134	10	29	259	360	582	5.65e-17	81.3
g4591.t1	VFG012537(gb|WP_001304269)	29.555	247	134	10	29	259	360	582	5.71e-17	81.3
g4591.t1	VFG033885(gb|WP_000376538)	31.169	231	133	10	30	250	485	699	5.72e-17	81.6
g4591.t1	VFG034056(gb|WP_001608389)	29.555	247	134	10	29	259	360	582	5.81e-17	81.3
g4591.t1	VFG012538(gb|WP_001350678)	29.555	247	134	10	29	259	360	582	5.98e-17	81.3
g4591.t1	VFG034041(gb|WP_000654453)	29.555	247	134	10	29	259	360	582	6.49e-17	81.3
g4591.t1	VFG016167(gb|WP_004665393)	27.111	225	129	6	30	235	19	227	6.63e-17	79.0
g4591.t1	VFG016166(gb|WP_003372869)	27.111	225	129	6	30	235	19	227	6.63e-17	79.0
g4591.t1	VFG048565(gb|WP_014229380)	28.745	247	136	10	29	259	360	582	7.19e-17	81.3
g4591.t1	VFG044336(gb|WP_050767835)	33.728	169	105	4	28	192	355	520	7.28e-17	81.3
g4591.t1	VFG044336(gb|WP_050767835)	28.636	220	139	8	29	241	978	1186	4.66e-12	67.0
g4591.t1	VFG008680(gb|WP_015309619)	26.250	240	164	5	12	249	5	233	9.93e-17	79.3
g4591.t1	VFG048551(gb|WP_011251260)	33.728	169	105	4	28	192	355	520	1.13e-16	80.9
g4591.t1	VFG048551(gb|WP_011251260)	28.378	222	137	9	29	241	978	1186	1.02e-11	65.9
g4591.t1	VFG018924(gb|WP_012229555)	29.630	243	139	9	29	259	360	582	1.45e-16	80.1
g4591.t1	VFG000841(gb|WP_000987091)	31.466	232	131	10	30	249	485	700	1.64e-16	80.1
g4591.t1	VFG044153(gb|WP_011063599)	32.159	227	124	8	29	243	348	556	1.91e-16	79.7
g4591.t1	VFG038918(gb|WP_164927583)	31.839	223	124	7	30	241	489	694	2.16e-16	79.7
g4591.t1	VFG048480(gb|WP_014837773)	28.042	189	119	5	33	214	26	204	2.60e-16	77.4
g4591.t1	VFG009578(gb|WP_011731355)	29.060	234	137	9	21	243	616	831	2.73e-16	79.7
g4591.t1	VFG023849(gb|WP_013471676)	27.615	239	154	6	16	249	9	233	2.76e-16	78.2
g4591.t1	VFG033882(gb|WP_000987096)	31.489	235	127	11	30	249	485	700	2.77e-16	79.3
g4591.t1	VFG002176(gb|AAM75252)	27.778	234	127	7	30	245	488	697	3.16e-16	79.3
g4591.t1	VFG007913(gb|WP_011894249)	27.615	239	154	6	16	249	9	233	3.38e-16	78.2
g4591.t1	VFG015379(gb|WP_011979124)	32.068	237	139	8	10	234	2	228	4.30e-16	76.3
g4591.t1	VFG048486(gb|WP_004223579)	27.700	213	131	6	40	239	33	235	4.54e-16	76.6
g4591.t1	VFG048481(gb|WP_014228352)	28.571	182	113	5	40	214	33	204	4.96e-16	76.6
g4591.t1	VFG013252(gb|WP_010945439)	33.182	220	130	9	28	241	357	565	5.27e-16	78.6
g4591.t1	VFG013025(gb|WP_000140630)	26.733	202	131	5	20	214	13	204	6.74e-16	76.3
g4591.t1	VFG002059(gb|NP_248763)	32.068	237	139	8	10	234	2	228	8.57e-16	75.5
g4591.t1	VFG015380(gb|WP_003136959)	32.068	237	139	8	10	234	2	228	9.36e-16	75.5
g4591.t1	VFG048488(gb|WP_002893737)	27.700	213	131	6	40	239	33	235	1.05e-15	75.5
g4591.t1	VFG048564(gb|WP_014838498)	28.340	247	137	10	29	259	360	582	1.23e-15	77.4
g4591.t1	VFG007915(gb|WP_011560224)	25.600	250	170	6	16	260	14	252	2.05e-15	75.9
g4591.t1	VFG048489(gb|WP_012968728)	28.571	182	113	5	40	214	33	204	2.24e-15	74.7
g4591.t1	VFG020177(gb|WP_000140632)	26.238	202	132	5	20	214	13	204	2.43e-15	74.7
g4591.t1	VFG048483(gb|WP_012542491)	28.571	182	113	5	40	214	33	204	2.45e-15	74.7
g4591.t1	VFG044173(gb|WP_005477430)	29.224	219	142	6	33	246	20	230	2.81e-15	74.3
g4591.t1	VFG013728(gb|WP_011273788)	28.634	227	152	6	23	246	14	233	3.73e-15	73.9
g4591.t1	VFG007911(gb|WP_010908851)	26.407	231	149	6	18	241	11	227	5.03e-15	74.7
g4591.t1	VFG013021(gb|WP_000140647)	26.238	202	132	5	20	214	13	204	5.33e-15	73.6
g4591.t1	VFG013022(gb|NP_706444)	26.238	202	132	5	20	214	13	204	6.59e-15	73.6
g4591.t1	VFG013253(gb|WP_011609176)	31.390	223	128	9	29	241	358	565	6.85e-15	75.1
g4591.t1	VFG023850(gb|WP_043955033)	27.907	215	142	6	29	241	21	224	7.02e-15	73.9
g4591.t1	VFG013149(gb|WP_041605303)	31.390	223	128	9	29	241	358	565	7.24e-15	75.1
g4591.t1	VFG021792(gb|WP_013241846)	27.468	233	157	6	18	248	20	242	7.80e-15	73.2
g4591.t1	VFG034073(gb|WP_014640167)	31.163	215	128	7	29	236	329	530	8.06e-15	75.1
g4591.t1	VFG021788(gb|WP_013241313)	27.232	224	140	3	30	244	22	231	8.06e-15	73.2
g4591.t1	VFG034058(gb|WP_001386872)	30.909	220	132	7	29	241	329	535	8.28e-15	74.7
g4591.t1	VFG001269(gb|WP_010929996)	32.258	217	133	7	29	241	487	693	8.32e-15	75.1
g4591.t1	VFG046110(gb|WP_001317926)	30.909	220	132	7	29	241	329	535	8.59e-15	74.7
g4591.t1	VFG012541(gb|WP_001327954)	30.909	220	132	7	29	241	329	535	8.67e-15	74.7
g4591.t1	VFG002747(gb|WP_001327262)	31.163	215	128	7	29	236	329	530	8.75e-15	74.7
g4591.t1	VFG044326(gb|WP_001327262)	31.163	215	128	7	29	236	329	530	8.75e-15	74.7
g4591.t1	VFG034064(gb|WP_001304268)	31.163	215	128	7	29	236	329	530	8.75e-15	74.7
g4591.t1	VFG012539(gb|WP_001327262)	31.163	215	128	7	29	236	329	530	8.75e-15	74.7
g4591.t1	VFG003387(gb|WP_012413641)	31.163	215	128	7	29	236	329	530	8.91e-15	74.7
g4591.t1	VFG003506(gb|WP_042661463)	31.163	215	128	7	29	236	329	530	9.77e-15	74.7
g4591.t1	VFG013049(gb|WP_000983723)	28.631	241	123	7	22	242	18	229	9.97e-15	73.2
g4591.t1	VFG012576(gb|WP_000983716)	29.046	241	122	8	22	242	18	229	1.31e-14	72.8
g4591.t1	VFG000925(gb|WP_000140634)	25.743	202	133	5	20	214	13	204	1.32e-14	72.8
g4591.t1	VFG012578(gb|WP_000983714)	29.046	241	122	8	22	242	18	229	1.41e-14	72.4
g4591.t1	VFG013718(gb|WP_011896674)	25.664	226	144	5	28	244	17	227	1.47e-14	72.4
g4591.t1	VFG007907(gb|WP_003414846)	27.933	179	121	2	23	201	18	188	1.61e-14	73.2
g4591.t1	VFG008823(gb|WP_015291060)	27.933	179	121	2	23	201	18	188	1.63e-14	73.2
g4591.t1	VFG007904(gb|NP_217452)	27.933	179	121	2	23	201	18	188	1.66e-14	73.2
g4591.t1	VFG016184(gb|WP_005762826)	29.956	227	123	8	30	241	352	557	1.67e-14	73.9
g4591.t1	VFG008835(gb|WP_009939128)	27.933	179	121	2	23	201	18	188	1.72e-14	73.2
g4591.t1	VFG012579(gb|WP_000983706)	29.046	241	122	8	22	242	18	229	1.76e-14	72.4
g4591.t1	VFG034217(gb|WP_000983704)	29.046	241	122	8	22	242	18	229	1.88e-14	72.4
g4591.t1	VFG016111(gb|WP_003137473)	33.195	241	134	8	6	236	321	544	1.94e-14	73.9
g4591.t1	VFG013703(gb|WP_011273220)	29.224	219	126	10	30	236	17	218	2.00e-14	72.0
g4591.t1	VFG013050(gb|WP_000983719)	26.496	234	137	7	22	242	18	229	2.07e-14	72.0
g4591.t1	VFG013719(gb|WP_011013622)	26.106	226	143	5	28	244	17	227	2.29e-14	72.0
g4591.t1	VFG013045(gb|WP_000983722)	26.496	234	137	7	22	242	18	229	2.30e-14	72.0
g4591.t1	VFG044143(gb|WP_002209483)	31.414	191	116	6	27	212	350	530	2.32e-14	73.6
g4591.t1	VFG013026(gb|WP_000140653)	24.554	224	152	4	20	236	13	226	2.42e-14	72.0
g4591.t1	VFG048570(gb|WP_014907270)	32.927	164	93	4	29	185	329	482	2.44e-14	73.6
g4591.t1	VFG034207(gb|WP_000983720)	26.496	234	137	7	22	242	18	229	2.51e-14	72.0
g4591.t1	VFG034066(gb|WP_001296192)	30.698	215	129	7	29	236	329	530	2.68e-14	73.2
g4591.t1	VFG034214(gb|WP_000983710)	26.496	234	137	7	22	242	18	229	2.77e-14	71.6
g4591.t1	VFG023853(gb|WP_026071342)	26.977	215	144	6	29	241	21	224	2.84e-14	72.0
g4591.t1	VFG012577(gb|WP_000983702)	26.496	234	137	7	22	242	18	229	2.85e-14	71.6
g4591.t1	VFG044295(gb|WP_004243181)	27.059	255	152	8	30	269	25	260	3.22e-14	71.2
g4591.t1	VFG013047(gb|WP_000983717)	26.496	234	137	7	22	242	18	229	3.48e-14	71.6
g4591.t1	VFG000365(gb|WP_002214412)	30.698	215	129	7	29	236	329	530	3.97e-14	72.8
g4591.t1	VFG020087(gb|WP_012613544)	34.211	228	123	8	19	236	334	544	4.31e-14	72.8
g4591.t1	VFG008678(gb|WP_041321021)	28.372	215	141	5	29	241	21	224	4.39e-14	71.6
g4591.t1	VFG012580(gb|WP_000983712)	26.496	234	137	7	22	242	18	229	4.92e-14	70.9
g4591.t1	VFG013717(gb|WP_006769628)	28.315	279	163	12	13	281	9	260	5.31e-14	70.9
g4591.t1	VFG007909(gb|WP_003876146)	28.837	215	140	6	29	241	21	224	8.28e-14	70.9
g4591.t1	VFG044229(gb|WP_011533702)	32.766	235	124	10	30	251	370	583	8.91e-14	71.6
g4591.t1	VFG044303(gb|WP_001044024)	27.273	220	140	7	24	236	348	554	8.96e-14	71.6
g4591.t1	VFG046675(gb|WP_010031959)	30.964	197	116	7	28	217	366	549	9.72e-14	71.6
g4591.t1	VFG046677(gb|WP_011648738)	30.964	197	116	7	28	217	369	552	9.93e-14	71.6
g4591.t1	VFG048569(gb|WP_014229381)	32.727	165	92	5	29	185	329	482	1.09e-13	71.6
g4591.t1	VFG046680(gb|WP_003020700)	30.964	197	116	7	28	217	366	549	1.11e-13	71.6
g4591.t1	VFG046678(gb|WP_012429567)	30.769	195	119	6	28	217	366	549	1.14e-13	71.2
g4591.t1	VFG048568(gb|WP_014838499)	32.727	165	92	5	29	185	329	482	1.15e-13	71.2
g4591.t1	VFG044236(gb|WP_011815405)	28.235	255	157	9	28	271	25	264	1.27e-13	69.7
g4591.t1	VFG046688(gb|WP_041263713)	28.934	197	120	4	28	217	366	549	1.42e-13	71.2
g4591.t1	VFG044172(gb|WP_000622316)	28.017	232	139	9	28	246	15	231	1.87e-13	68.9
g4591.t1	VFG016185(gb|WP_011168851)	33.028	218	128	8	30	241	352	557	2.45e-13	70.5
g4591.t1	VFG013070(gb|WP_001626196)	27.586	232	140	9	28	246	15	231	2.67e-13	68.6
g4591.t1	VFG023851(gb|WP_036428980)	28.372	215	141	6	29	241	21	224	2.69e-13	69.3
g4591.t1	VFG001267(gb|NP_252913)	33.772	228	124	8	19	236	334	544	2.83e-13	70.1
g4591.t1	VFG044250(gb|WP_005311724)	30.769	247	132	12	30	250	23	256	3.24e-13	68.6
g4591.t1	VFG046674(gb|WP_012280806)	28.856	201	115	6	28	217	366	549	3.32e-13	70.1
g4591.t1	VFG016112(gb|WP_171053477)	30.455	220	136	8	30	244	351	558	3.60e-13	70.1
g4591.t1	VFG021794(gb|WP_013240890)	25.481	208	144	4	33	236	43	243	3.64e-13	68.6
g4591.t1	VFG016108(gb|WP_011061774)	28.261	230	131	8	30	245	346	555	4.08e-13	69.7
g4591.t1	VFG016186(gb|WP_005762824)	29.915	234	134	9	23	244	353	568	4.14e-13	69.7
g4591.t1	VFG045320(gb|WP_010946510)	26.699	206	125	7	29	231	79	261	4.44e-13	69.3
g4591.t1	VFG049041(gb|WP_002912371)	24.280	243	149	6	8	243	25	239	5.72e-13	67.4
g4591.t1	VFG016110(gb|WP_012074239)	32.589	224	134	8	18	236	333	544	7.45e-13	68.9
g4591.t1	VFG013733(gb|WP_003854229)	25.778	225	152	7	44	264	34	247	7.69e-13	67.4
g4591.t1	VFG016106(gb|WP_012074240)	29.577	213	122	7	30	231	344	539	7.83e-13	68.9
g4591.t1	VFG013734(gb|WP_011013698)	25.778	225	152	7	44	264	34	247	8.79e-13	67.4
g4591.t1	VFG013730(gb|WP_010934773)	28.641	206	128	5	33	230	26	220	9.48e-13	67.4
g4591.t1	VFG026708(gb|WP_016342533)	29.279	222	136	9	30	244	631	838	9.83e-13	68.9
g4591.t1	VFG046673(gb|WP_003039938)	30.457	197	117	7	28	217	366	549	9.89e-13	68.6
g4591.t1	VFG022781(gb|YP_001702997)	29.333	225	138	9	27	244	628	838	1.00e-12	68.9
g4591.t1	VFG026714(gb|WP_005058852)	29.279	222	136	9	30	244	631	838	1.04e-12	68.9
g4591.t1	VFG013702(gb|WP_010934023)	31.250	224	130	8	30	246	22	228	1.25e-12	66.6
g4591.t1	VFG009576(gb|WP_024637120)	28.879	232	136	9	21	241	627	840	1.64e-12	68.2
g4591.t1	VFG013727(gb|WP_004566911)	27.315	216	149	4	33	246	32	241	1.71e-12	66.6
g4591.t1	VFG046684(gb|WP_014549988)	30.457	197	117	7	28	217	366	549	1.94e-12	67.8
g4591.t1	VFG049077(gb|WP_014230053)	24.280	243	149	6	8	243	25	239	2.01e-12	65.9
g4591.t1	VFG049076(gb|WP_004852439)	24.280	243	149	6	8	243	25	239	2.27e-12	65.9
g4591.t1	VFG049080(gb|YP_005227849)	23.868	243	150	6	8	243	25	239	2.55e-12	65.5
g4591.t1	VFG016187(gb|WP_011168850)	29.825	228	132	8	28	244	358	568	2.88e-12	67.0
g4591.t1	VFG049084(gb|WP_004175264)	23.868	243	150	6	8	243	25	239	3.12e-12	65.5
g4591.t1	VFG016107(gb|WP_003137474)	28.972	214	122	7	30	231	344	539	3.88e-12	66.6
g4591.t1	VFG015383(gb|WP_011064245)	31.602	231	117	8	35	243	25	236	5.27e-12	64.7
g4591.t1	VFG009575(gb|WP_003873186)	28.017	232	138	9	21	241	627	840	5.38e-12	66.6
g4591.t1	VFG002181(gb|WP_002387127)	25.877	228	137	7	29	249	56	258	7.83e-12	65.5
g4591.t1	VFG026712(gb|WP_015292876)	30.667	225	129	9	27	241	624	831	7.91e-12	66.2
g4591.t1	VFG044105(gb|WP_010922614)	24.885	217	153	5	29	241	22	232	8.05e-12	64.7
g4591.t1	VFG037264(gb|WP_020753356)	26.842	190	120	6	29	212	336	512	8.18e-12	65.9
g4591.t1	VFG037260(gb|WP_001095752)	26.842	190	120	6	29	212	336	512	9.29e-12	65.5
g4591.t1	VFG037273(gb|WP_001281554)	27.103	214	132	7	28	240	342	532	9.61e-12	65.5
g4591.t1	VFG026722(gb|YP_007957462)	30.088	226	129	9	27	241	626	833	9.93e-12	65.9
g4591.t1	VFG037261(gb|YP_001085396)	26.842	190	120	6	29	212	269	445	1.03e-11	65.5
g4591.t1	VFG026719(gb|WP_025202597)	30.222	225	130	9	27	241	623	830	1.07e-11	65.5
g4591.t1	VFG022783(gb|WP_014000720)	30.222	225	130	9	27	241	623	830	1.15e-11	65.5
g4591.t1	VFG045715(gb|WP_012979218)	29.747	158	99	5	30	185	17	164	1.26e-11	62.8
g4591.t1	VFG026726(gb|YP_005922613)	30.222	225	130	9	27	241	623	830	1.28e-11	65.5
g4591.t1	VFG009570(gb|NP_215864)	30.222	225	130	9	27	241	623	830	1.28e-11	65.5
g4591.t1	VFG044189(gb|WP_011179200)	23.581	229	156	7	22	241	11	229	1.34e-11	63.9
g4591.t1	VFG005775(gb|WP_000403526)	28.780	205	122	7	18	214	6	194	1.35e-11	64.3
g4591.t1	VFG026710(gb|WP_015302951)	30.222	225	130	9	27	241	623	830	1.37e-11	65.5
g4591.t1	VFG037280(gb|WP_001281545)	27.103	214	132	7	28	240	342	532	1.42e-11	65.1
g4591.t1	VFG022780(gb|WP_012395628)	29.778	225	131	7	27	241	638	845	1.84e-11	65.1
g4591.t1	VFG044091(gb|NP_252096)	31.188	202	104	6	30	216	349	530	2.15e-11	64.7
g4591.t1	VFG022786(gb|WP_013828471)	30.137	219	138	8	27	241	629	836	2.16e-11	64.7
g4591.t1	VFG038916(gb|WP_011705263)	31.004	229	108	8	30	236	468	668	2.17e-11	64.7
g4591.t1	VFG044110(gb|WP_010929751)	29.268	246	149	7	5	241	3	232	2.67e-11	62.8
g4591.t1	VFG037266(gb|WP_001090102)	27.551	196	111	7	29	212	336	512	2.71e-11	64.3
g4591.t1	VFG026713(gb|WP_015356664)	29.778	225	131	7	27	241	638	845	2.80e-11	64.3
g4591.t1	VFG037258(gb|WP_001090101)	26.842	190	120	6	29	212	336	512	3.05e-11	63.9
g4591.t1	VFG026711(gb|WP_015289786)	30.222	225	130	9	27	241	623	830	3.18e-11	64.3
g4591.t1	VFG022782(gb|WP_003910332)	29.778	225	131	9	27	241	623	830	4.10e-11	63.9
g4591.t1	VFG037272(gb|WP_001281555)	26.636	214	133	7	28	240	342	532	4.74e-11	63.5
g4591.t1	VFG037274(gb|WP_001281538)	26.636	214	133	7	28	240	342	532	5.63e-11	63.2
g4591.t1	VFG037277(gb|WP_031967279)	26.636	214	133	7	28	240	333	523	6.56e-11	62.8
g4591.t1	VFG044100(gb|NP_253394)	28.571	252	152	9	30	269	17	252	8.03e-11	61.2
g4591.t1	VFG009577(gb|WP_011741579)	29.825	228	127	8	27	241	638	845	9.12e-11	62.8
g4591.t1	VFG020086(gb|WP_012613545)	28.502	207	118	7	30	224	344	532	1.16e-10	62.4
g4591.t1	VFG001266(gb|NP_252912)	28.502	207	118	7	30	224	344	532	1.25e-10	62.0
g4591.t1	VFG044304(gb|WP_000588838)	28.037	214	133	9	44	249	366	566	1.30e-10	62.0
g4591.t1	VFG016024(gb|WP_011267350)	30.542	203	123	6	30	231	356	541	1.49e-10	62.0
g4591.t1	VFG044281(gb|WP_012367516)	28.342	187	114	7	40	219	35	208	2.07e-10	60.5
g4591.t1	VFG024064(gb|WP_043955645)	30.594	219	137	8	27	241	635	842	2.39e-10	61.6
g4591.t1	VFG024065(gb|WP_014711101)	30.594	219	137	8	27	241	635	842	2.54e-10	61.6
g4591.t1	VFG019986(gb|WP_015886547)	29.167	192	111	6	34	213	24	202	2.61e-10	59.7
g4591.t1	VFG024066(gb|WP_026071504)	30.594	219	137	8	27	241	635	842	2.61e-10	61.2
g4591.t1	VFG024067(gb|WP_036458564)	30.088	226	129	9	27	241	635	842	2.66e-10	61.2
g4591.t1	VFG015384(gb|WP_003246989)	30.653	199	117	7	35	221	21	210	3.36e-10	59.3
g4591.t1	VFG016023(gb|WP_011103875)	30.049	203	124	6	30	231	356	541	3.96e-10	60.5
g4591.t1	VFG005922(gb|WP_011837183)	23.451	226	143	6	21	241	37	237	4.45e-10	60.1
g4591.t1	VFG024068(gb|WP_014379607)	29.646	226	130	9	27	241	635	842	4.73e-10	60.5
g4591.t1	VFG016025(gb|WP_005753277)	29.557	203	125	7	30	231	356	541	5.50e-10	60.1
g4591.t1	VFG049059(gb|WP_020956643)	28.000	200	117	9	24	219	34	210	5.68e-10	60.1
g4591.t1	VFG026729(gb|WP_020822014)	29.646	226	130	9	27	241	635	842	6.13e-10	60.1
g4591.t1	VFG020065(gb|WP_012614134)	29.798	198	117	8	40	234	366	544	8.04e-10	59.7
g4591.t1	VFG018671(gb|WP_012000441)	23.077	221	140	6	22	237	39	234	1.04e-09	58.9
g4591.t1	VFG049057(gb|WP_012541096)	26.500	200	120	7	24	219	34	210	1.31e-09	58.9
g4591.t1	VFG016029(gb|WP_011062372)	27.700	213	132	9	30	238	356	550	1.41e-09	58.9
g4591.t1	VFG006082(gb|WP_011226326)	21.951	246	161	7	22	261	39	259	1.58e-09	58.5
g4591.t1	VFG037056(gb|WP_180298705)	28.824	170	107	6	29	196	17	174	1.90e-09	57.0
g4591.t1	VFG044405(gb|CAA57069)	30.137	219	127	9	30	243	339	536	2.08e-09	58.5
g4591.t1	VFG016027(gb|WP_041168379)	30.811	185	111	7	30	213	356	524	2.37e-09	58.2
g4591.t1	VFG037278(gb|WP_139161447)	29.293	198	113	10	44	236	349	524	2.80e-09	57.8
g4591.t1	VFG000160(gb|NP_251087)	27.273	187	115	6	30	213	356	524	3.10e-09	57.8
g4591.t1	VFG016021(gb|WP_003148545)	28.022	182	114	5	33	213	360	525	4.77e-09	57.4
g4591.t1	VFG010865(gb|WP_011945967)	29.299	157	96	4	30	185	17	159	4.99e-09	55.5
g4591.t1	VFG037052(gb|WP_002229142)	27.485	171	108	6	29	196	17	174	5.23e-09	55.8
g4591.t1	VFG037050(gb|WP_169577348)	28.235	170	108	6	29	196	17	174	5.28e-09	55.8
g4591.t1	VFG037062(gb|WP_181778380)	28.235	170	108	6	29	196	17	174	6.42e-09	55.5
g4591.t1	VFG037053(gb|WP_173361995)	28.488	172	105	7	29	196	17	174	6.86e-09	55.5
g4591.t1	VFG044441(gb|CAF25489)	31.858	113	71	2	124	231	48	159	7.13e-09	54.7
g4591.t1	VFG010864(gb|WP_011215036)	29.299	157	96	5	30	185	17	159	7.73e-09	54.7
g4591.t1	VFG037047(gb|WP_010361246)	28.235	170	108	6	29	196	17	174	7.96e-09	55.5
g4591.t1	VFG006059(gb|WP_011681436)	22.083	240	148	7	22	247	39	253	8.64e-09	56.2
g4591.t1	VFG006065(gb|WP_011227428)	22.083	240	148	7	22	247	39	253	8.87e-09	56.2
g4591.t1	VFG016026(gb|WP_010954971)	29.189	185	114	8	30	213	356	524	8.88e-09	56.6
g4591.t1	VFG010862(gb|WP_010946592)	29.299	157	96	4	30	185	17	159	9.61e-09	54.7
g4591.t1	VFG037384(gb|WP_000582117)	23.611	216	156	6	18	231	5	213	1.35e-08	54.7
g4591.t1	VFG015821(gb|WP_012315374)	30.476	210	124	8	5	213	336	524	1.36e-08	55.8
g4591.t1	VFG044225(gb|WP_011533698)	23.502	217	159	4	22	237	9	219	1.56e-08	54.7
g4591.t1	VFG037392(gb|WP_000582124)	23.611	216	156	6	18	231	5	213	1.67e-08	54.7
g4591.t1	VFG037045(gb|WP_173024114)	23.977	171	114	3	29	196	17	174	4.77e-08	53.1
g4591.t1	VFG015820(gb|WP_012273662)	29.121	182	112	6	33	213	360	525	5.22e-08	53.9
g4591.t1	VFG037054(gb|WP_187287149)	23.977	171	114	3	29	196	17	174	5.74e-08	52.8
g4591.t1	VFG037390(gb|WP_000582116)	23.148	216	157	6	18	231	5	213	6.11e-08	52.8
g4591.t1	VFG037386(gb|WP_000582115)	23.148	216	157	6	18	231	5	213	7.49e-08	52.8
g4591.t1	VFG037048(gb|WP_002255537)	23.977	171	114	3	29	196	17	174	7.66e-08	52.4
g4591.t1	VFG045332(gb|AHK25017)	24.336	226	138	9	43	265	34	229	9.44e-08	52.8
g4591.t1	VFG020068(gb|WP_012723750)	28.108	185	117	5	30	213	356	525	9.76e-08	53.1
g4591.t1	VFG037046(gb|WP_176607322)	27.647	170	109	6	29	196	17	174	1.47e-07	51.6
g4591.t1	VFG007259(gb|WP_011151970)	20.087	229	174	5	20	246	7	228	1.91e-07	51.2
g4591.t1	VFG016028(gb|WP_011534370)	29.268	205	123	8	30	231	356	541	2.55e-07	52.0
g4591.t1	VFG007255(gb|WP_000615308)	22.845	232	158	6	10	238	7	220	3.92e-07	50.4
g4591.t1	VFG000258(gb|WP_002224750)	21.491	228	129	7	29	243	20	210	4.93e-07	49.7
g4591.t1	VFG026747(gb|YP_005922614)	31.737	167	98	8	81	241	399	555	7.15e-07	50.4
g4591.t1	VFG011189(gb|WP_010925718)	24.064	187	119	4	29	211	46	213	8.44e-07	50.1
g4591.t1	VFG016030(gb|WP_011333314)	30.769	156	93	5	30	185	356	496	9.82e-07	50.1
g4591.t1	VFG011188(gb|WP_003807073)	24.064	187	119	4	29	211	46	213	1.04e-06	49.7
g4591.t1	VFG006316(gb|WP_002218516)	21.818	220	138	8	29	243	20	210	1.83e-06	48.1
g4591.t1	VFG036716(gb|WP_002215285)	21.818	220	138	8	29	243	20	210	1.99e-06	47.8
g4591.t1	VFG036719(gb|WP_002243173)	22.222	216	142	6	29	243	20	210	2.05e-06	47.8
g4591.t1	VFG044219(gb|WP_000590068)	23.005	213	150	7	38	246	26	228	2.34e-06	48.1
g4591.t1	VFG000696(gb|AAP42188)	20.705	227	132	6	29	243	20	210	5.29e-06	46.6
g1629.t1	VFG016532(gb|NP_975942)	51.825	137	65	1	134	269	125	261	3.31e-43	151
g1629.t1	VFG016540(gb|NP_975950)	51.095	137	65	2	134	269	125	260	4.94e-41	145
g1629.t1	VFG030704(gb|WP_015292799)	34.188	234	144	4	34	267	14	237	2.51e-36	134
g1629.t1	VFG030689(gb|WP_014000675)	34.188	234	144	4	34	267	14	237	2.70e-36	134
g1629.t1	VFG030671(gb|NP_215754)	34.188	234	144	4	34	267	14	237	2.78e-36	134
g1629.t1	VFG030684(gb|WP_011781637)	33.624	229	142	4	39	267	19	237	2.20e-35	132
g1629.t1	VFG030676(gb|WP_011724098)	33.761	234	145	5	34	267	14	237	3.63e-35	131
g1629.t1	VFG030675(gb|WP_003875535)	33.761	234	145	5	34	267	14	237	3.66e-35	131
g1629.t1	VFG030715(gb|YP_007957369)	33.761	234	145	4	34	267	14	237	5.83e-35	131
g1629.t1	VFG030692(gb|WP_013828150)	33.333	234	146	5	34	267	14	237	4.27e-34	128
g1629.t1	VFG013573(gb|WP_011608934)	31.429	245	156	4	45	289	24	256	1.23e-33	126
g1629.t1	VFG013192(gb|WP_012340414)	31.429	245	156	4	45	289	24	256	1.34e-33	126
g1629.t1	VFG030696(gb|WP_014711073)	32.906	234	147	5	34	267	14	237	3.84e-33	126
g1629.t1	VFG030722(gb|WP_020821925)	32.906	234	147	5	34	267	14	237	4.26e-33	126
g1629.t1	VFG030699(gb|WP_009957422)	32.906	234	147	5	34	267	14	237	4.81e-33	125
g1629.t1	VFG030695(gb|WP_014941456)	32.906	234	147	5	34	267	14	237	4.91e-33	125
g1629.t1	VFG030697(gb|WP_014382019)	32.906	234	147	5	34	267	14	237	5.12e-33	125
g1629.t1	VFG030724(gb|WP_015308640)	32.051	234	149	5	34	267	14	237	9.87e-33	125
g1629.t1	VFG030700(gb|WP_005098896)	32.314	229	145	4	39	267	19	237	1.60e-32	124
g1629.t1	VFG030673(gb|WP_010908121)	29.779	272	167	6	34	291	14	275	1.69e-32	124
g1629.t1	VFG030679(gb|WP_011730288)	33.188	229	143	5	39	267	23	241	2.29e-32	124
g1629.t1	VFG030691(gb|WP_012395776)	32.051	234	149	5	34	267	14	237	2.36e-32	124
g1629.t1	VFG030705(gb|WP_015356778)	32.051	234	149	5	34	267	14	237	2.43e-32	124
g1629.t1	VFG030706(gb|WP_005059672)	32.314	229	145	4	39	267	19	237	2.61e-32	124
g1629.t1	VFG030686(gb|YP_001702115)	32.314	229	145	4	39	267	19	237	2.71e-32	124
g1629.t1	VFG030681(gb|WP_011561359)	31.624	234	150	5	34	267	14	237	5.81e-32	123
g1629.t1	VFG030680(gb|WP_011856409)	31.624	234	150	5	34	267	14	237	5.93e-32	123
g1629.t1	VFG030694(gb|WP_013471930)	32.906	234	144	5	39	270	19	241	9.15e-32	122
g1629.t1	VFG030678(gb|WP_011894706)	32.906	234	144	5	39	270	19	241	9.73e-32	122
g1629.t1	VFG006259(gb|WP_003687540)	33.486	218	137	5	40	256	20	230	2.93e-30	117
g1629.t1	VFG036553(gb|WP_014581175)	33.486	218	137	5	40	256	20	230	1.56e-29	115
g1629.t1	VFG001206(gb|WP_002219640)	33.486	218	137	5	40	256	20	230	1.76e-29	115
g1629.t1	VFG036552(gb|WP_002214252)	33.486	218	137	5	40	256	20	230	2.05e-29	115
g1629.t1	VFG000344(gb|WP_005693820)	31.224	237	156	5	43	278	30	260	2.26e-29	115
g1629.t1	VFG013572(gb|WP_080334646)	30.859	256	167	6	43	296	25	272	2.28e-29	115
g1629.t1	VFG036559(gb|WP_013449339)	31.818	220	142	5	40	258	20	232	6.85e-29	114
g1629.t1	VFG036556(gb|WP_014581848)	33.028	218	138	5	40	256	20	230	1.33e-28	113
g1629.t1	VFG013571(gb|WP_032821670)	31.224	237	156	5	43	278	30	260	2.38e-28	112
g1629.t1	VFG013732(gb|WP_006769637)	30.806	211	140	3	43	252	25	230	6.98e-23	95.9
g1629.t1	VFG013715(gb|WP_010934432)	29.108	213	145	3	43	255	25	231	1.02e-22	95.5
g1629.t1	VFG033885(gb|WP_000376538)	31.600	250	140	9	30	266	475	706	4.37e-22	97.1
g1629.t1	VFG012478(gb|WP_000376544)	31.200	250	141	9	30	266	475	706	1.70e-21	95.1
g1629.t1	VFG033884(gb|WP_000376541)	31.200	250	141	9	30	266	475	706	1.72e-21	95.1
g1629.t1	VFG000907(gb|WP_000376545)	31.200	250	141	9	30	266	475	706	1.78e-21	95.1
g1629.t1	VFG012480(gb|WP_000376543)	31.200	250	141	9	30	266	475	706	1.96e-21	95.1
g1629.t1	VFG013731(gb|WP_005291888)	27.004	237	162	5	40	273	40	268	4.09e-20	88.6
g1629.t1	VFG021855(gb|WP_011726608)	30.631	222	142	6	40	257	28	241	2.04e-19	86.7
g1629.t1	VFG007025(gb|WP_086016961)	29.091	220	137	6	39	252	471	677	3.24e-19	88.6
g1629.t1	VFG007026(gb|WP_155116723)	30.000	220	135	7	39	252	471	677	3.40e-19	88.6
g1629.t1	VFG044310(gb|WP_006486076)	30.093	216	141	4	40	252	23	231	3.77e-19	85.9
g1629.t1	VFG024070(gb|WP_014711102)	32.727	220	127	7	40	252	351	556	3.81e-19	88.2
g1629.t1	VFG044172(gb|WP_000622316)	28.378	222	141	5	38	252	15	225	5.18e-19	85.1
g1629.t1	VFG024071(gb|WP_009952859)	32.727	220	127	7	40	252	351	556	7.36e-19	87.4
g1629.t1	VFG024072(gb|WP_014384095)	32.727	220	127	7	40	252	351	556	7.43e-19	87.4
g1629.t1	VFG013070(gb|WP_001626196)	27.928	222	142	5	38	252	15	225	7.63e-19	84.3
g1629.t1	VFG024069(gb|WP_014941520)	32.727	220	127	7	40	252	351	556	7.86e-19	87.0
g1629.t1	VFG044077(gb|YP_002344985)	25.792	221	147	5	40	253	17	227	7.88e-19	84.3
g1629.t1	VFG009585(gb|WP_011724227)	31.915	235	109	6	40	252	348	553	9.33e-19	87.0
g1629.t1	VFG000925(gb|WP_000140634)	28.837	215	145	5	40	252	23	231	1.23e-18	84.3
g1629.t1	VFG007023(gb|WP_149591715)	29.545	220	136	6	39	252	471	677	1.29e-18	86.7
g1629.t1	VFG044135(gb|WP_002209058)	27.854	219	142	4	40	252	27	235	1.61e-18	84.0
g1629.t1	VFG009584(gb|WP_003873185)	31.489	235	110	6	40	252	348	553	1.82e-18	86.3
g1629.t1	VFG001269(gb|WP_010929996)	31.356	236	129	8	30	252	478	693	2.32e-18	85.9
g1629.t1	VFG013702(gb|WP_010934023)	29.200	250	148	8	12	257	3	227	2.57e-18	82.8
g1629.t1	VFG021792(gb|WP_013241846)	28.216	241	161	6	40	277	32	263	3.32e-18	83.2
g1629.t1	VFG013025(gb|WP_000140630)	28.372	215	146	5	40	252	23	231	3.59e-18	82.8
g1629.t1	VFG013026(gb|WP_000140653)	28.704	216	144	5	40	252	23	231	3.63e-18	82.8
g1629.t1	VFG020177(gb|WP_000140632)	28.372	215	146	5	40	252	23	231	4.21e-18	82.8
g1629.t1	VFG013022(gb|NP_706444)	28.837	215	145	5	40	252	23	231	4.69e-18	82.4
g1629.t1	VFG013021(gb|WP_000140647)	28.837	215	145	5	40	252	23	231	5.12e-18	82.4
g1629.t1	VFG009587(gb|WP_011731354)	33.486	218	124	8	40	250	347	550	5.98e-18	84.7
g1629.t1	VFG044147(gb|NP_461701)	26.296	270	167	9	5	266	334	579	8.21e-18	84.3
g1629.t1	VFG044147(gb|NP_461701)	24.464	233	151	7	30	252	973	1190	7.12e-10	60.5
g1629.t1	VFG038918(gb|WP_164927583)	28.205	234	139	6	30	252	479	694	1.76e-17	83.2
g1629.t1	VFG021788(gb|WP_013241313)	26.852	216	152	3	40	255	22	231	1.76e-17	81.3
g1629.t1	VFG013703(gb|WP_011273220)	29.719	249	142	10	11	252	1	223	1.93e-17	80.5
g1629.t1	VFG026750(gb|WP_020822015)	31.818	220	129	7	40	252	348	553	2.14e-17	82.8
g1629.t1	VFG013716(gb|WP_041626280)	26.389	216	137	4	50	257	33	234	2.86e-17	80.5
g1629.t1	VFG013717(gb|WP_006769628)	30.000	240	148	6	36	270	16	240	3.40e-17	80.1
g1629.t1	VFG009586(gb|WP_011741578)	32.143	224	123	8	40	252	349	554	3.66e-17	82.0
g1629.t1	VFG026736(gb|WP_015356663)	32.143	224	123	8	40	252	349	554	3.83e-17	82.0
g1629.t1	VFG022787(gb|WP_012395627)	32.143	224	123	8	40	252	349	554	3.94e-17	82.0
g1629.t1	VFG044236(gb|WP_011815405)	28.959	221	141	4	38	252	25	235	4.21e-17	79.7
g1629.t1	VFG048486(gb|WP_004223579)	29.612	206	137	5	49	252	32	231	4.74e-17	79.7
g1629.t1	VFG044358(gb|WP_013317301)	26.582	237	163	6	40	273	19	247	8.30e-17	79.0
g1629.t1	VFG013734(gb|WP_011013698)	29.000	200	135	4	54	252	34	227	1.20e-16	78.6
g1629.t1	VFG016167(gb|WP_004665393)	27.228	202	139	4	40	239	19	214	1.21e-16	78.6
g1629.t1	VFG013733(gb|WP_003854229)	29.000	200	135	4	54	252	34	227	1.22e-16	78.6
g1629.t1	VFG044336(gb|WP_050767835)	26.568	271	167	10	4	266	333	579	1.27e-16	80.9
g1629.t1	VFG044336(gb|WP_050767835)	27.468	233	144	7	30	252	969	1186	1.82e-11	65.1
g1629.t1	VFG013730(gb|WP_010934773)	27.861	201	137	5	43	241	26	220	1.46e-16	78.6
g1629.t1	VFG048488(gb|WP_002893737)	29.612	206	137	5	49	252	32	231	1.63e-16	78.2
g1629.t1	VFG048489(gb|WP_012968728)	28.372	215	146	5	40	252	23	231	1.66e-16	78.2
g1629.t1	VFG048551(gb|WP_011251260)	26.568	271	167	10	4	266	333	579	1.77e-16	80.5
g1629.t1	VFG048551(gb|WP_011251260)	25.738	237	143	6	30	252	969	1186	4.68e-11	63.9
g1629.t1	VFG048483(gb|WP_012542491)	29.612	206	137	5	49	252	32	231	1.79e-16	77.8
g1629.t1	VFG035919(gb|WP_000621743)	28.079	203	126	8	32	228	9	197	1.95e-16	76.6
g1629.t1	VFG016166(gb|WP_003372869)	26.540	211	145	4	40	247	19	222	3.50e-16	77.0
g1629.t1	VFG048480(gb|WP_014837773)	26.606	218	154	3	41	257	24	236	3.69e-16	77.0
g1629.t1	VFG048481(gb|WP_014228352)	27.619	210	146	3	49	257	32	236	4.19e-16	77.0
g1629.t1	VFG035923(gb|WP_000621745)	28.079	203	126	8	32	228	9	197	5.30e-16	75.5
g1629.t1	VFG044219(gb|WP_000590068)	26.961	204	141	4	55	257	32	228	7.33e-16	75.9
g1629.t1	VFG044228(gb|WP_044488032)	30.667	225	127	7	43	256	355	561	8.06e-16	78.2
g1629.t1	VFG044281(gb|WP_012367516)	29.902	204	133	6	50	252	35	229	1.10e-15	75.9
g1629.t1	VFG009579(gb|NP_215865)	31.064	235	111	6	40	252	349	554	1.38e-15	77.4
g1629.t1	VFG022793(gb|WP_013828472)	31.364	220	130	7	40	252	349	554	1.41e-15	77.4
g1629.t1	VFG048566(gb|WP_014907271)	26.860	242	146	7	39	267	360	583	1.47e-15	77.4
g1629.t1	VFG000841(gb|WP_000987091)	28.448	232	151	9	40	266	485	706	1.50e-15	77.4
g1629.t1	VFG044295(gb|WP_004243181)	27.854	219	142	6	40	252	25	233	1.51e-15	75.5
g1629.t1	VFG026734(gb|WP_015289787)	31.064	235	111	6	40	252	349	554	1.65e-15	77.0
g1629.t1	VFG023850(gb|WP_043955033)	27.315	216	143	6	39	252	21	224	1.76e-15	75.9
g1629.t1	VFG026735(gb|WP_015292877)	31.064	235	111	6	40	252	349	554	2.56e-15	76.6
g1629.t1	VFG007238(gb|WP_000379797)	26.667	210	144	5	41	247	37	239	2.96e-15	74.7
g1629.t1	VFG033882(gb|WP_000987096)	28.448	232	151	9	40	266	485	706	3.39e-15	76.3
g1629.t1	VFG013718(gb|WP_011896674)	26.147	218	154	4	38	255	17	227	3.55e-15	74.3
g1629.t1	VFG013727(gb|WP_004566911)	25.000	236	169	5	43	277	32	260	3.97e-15	74.3
g1629.t1	VFG013719(gb|WP_011013622)	25.229	218	156	4	38	255	17	227	4.22e-15	74.3
g1629.t1	VFG003507(gb|WP_005168689)	26.423	246	142	8	39	267	360	583	6.52e-15	75.5
g1629.t1	VFG000366(gb|WP_002212761)	26.423	246	142	8	39	267	360	583	6.95e-15	75.5
g1629.t1	VFG044325(gb|WP_002212761)	26.423	246	142	8	39	267	360	583	6.95e-15	75.5
g1629.t1	VFG034051(gb|WP_014639938)	26.423	246	142	8	39	267	360	583	7.15e-15	75.5
g1629.t1	VFG034056(gb|WP_001608389)	26.423	246	142	8	39	267	360	583	7.21e-15	75.1
g1629.t1	VFG048567(gb|YP_005227763)	26.423	246	142	8	39	267	360	583	7.28e-15	75.1
g1629.t1	VFG034050(gb|WP_001446633)	26.423	246	142	8	39	267	360	583	7.28e-15	75.1
g1629.t1	VFG012538(gb|WP_001350678)	26.423	246	142	8	39	267	360	583	7.48e-15	75.1
g1629.t1	VFG034041(gb|WP_000654453)	26.423	246	142	8	39	267	360	583	7.69e-15	75.1
g1629.t1	VFG012537(gb|WP_001304269)	26.423	246	142	8	39	267	360	583	7.76e-15	75.1
g1629.t1	VFG012577(gb|WP_000983702)	27.706	231	142	8	31	253	16	229	8.05e-15	73.6
g1629.t1	VFG044173(gb|WP_005477430)	27.143	210	148	5	43	252	20	224	8.24e-15	73.2
g1629.t1	VFG023853(gb|WP_026071342)	26.852	216	144	6	39	252	21	224	1.13e-14	73.6
g1629.t1	VFG012536(gb|WP_001295637)	26.423	246	142	8	39	267	360	583	1.16e-14	74.7
g1629.t1	VFG034049(gb|WP_000654452)	26.423	246	142	8	39	267	360	583	1.18e-14	74.7
g1629.t1	VFG012535(gb|WP_001327263)	26.423	246	142	8	39	267	360	583	1.18e-14	74.7
g1629.t1	VFG026731(gb|WP_005058854)	27.928	222	131	6	42	252	352	555	1.19e-14	74.7
g1629.t1	VFG034048(gb|WP_024256148)	26.423	246	142	8	39	267	360	583	1.19e-14	74.7
g1629.t1	VFG018924(gb|WP_012229555)	26.446	242	147	7	39	267	360	583	1.23e-14	74.7
g1629.t1	VFG022788(gb|YP_001702996)	27.928	222	131	6	42	252	352	555	1.32e-14	74.3
g1629.t1	VFG012576(gb|WP_000983716)	28.319	226	147	8	31	253	16	229	1.46e-14	72.8
g1629.t1	VFG044189(gb|WP_011179200)	27.179	195	126	6	55	241	32	218	1.51e-14	72.4
g1629.t1	VFG044105(gb|WP_010922614)	25.000	200	140	6	40	236	23	215	1.59e-14	72.8
g1629.t1	VFG012579(gb|WP_000983706)	29.469	207	133	7	50	253	33	229	1.65e-14	72.4
g1629.t1	VFG009578(gb|WP_011731355)	26.977	215	139	6	43	252	628	829	1.93e-14	74.3
g1629.t1	VFG013050(gb|WP_000983719)	27.273	231	143	8	31	253	16	229	4.11e-14	71.2
g1629.t1	VFG013049(gb|WP_000983723)	27.273	231	143	8	31	253	16	229	4.65e-14	71.2
g1629.t1	VFG013045(gb|WP_000983722)	27.273	231	143	8	31	253	16	229	4.70e-14	71.2
g1629.t1	VFG034214(gb|WP_000983710)	28.302	212	129	7	50	253	33	229	4.84e-14	71.2
g1629.t1	VFG034207(gb|WP_000983720)	27.273	231	143	8	31	253	16	229	4.93e-14	71.2
g1629.t1	VFG012580(gb|WP_000983712)	28.302	212	129	7	50	253	33	229	6.08e-14	70.9
g1629.t1	VFG037272(gb|WP_001281555)	28.358	201	127	5	38	237	342	526	6.17e-14	72.4
g1629.t1	VFG021794(gb|WP_013240890)	23.902	205	148	4	50	252	50	248	7.04e-14	70.9
g1629.t1	VFG013047(gb|WP_000983717)	27.273	231	143	8	31	253	16	229	7.43e-14	70.5
g1629.t1	VFG012578(gb|WP_000983714)	27.876	226	148	8	31	253	16	229	8.02e-14	70.5
g1629.t1	VFG007909(gb|WP_003876146)	27.570	214	145	5	39	252	21	224	8.48e-14	70.9
g1629.t1	VFG034217(gb|WP_000983704)	28.986	207	134	7	50	253	33	229	8.58e-14	70.5
g1629.t1	VFG013252(gb|WP_010945439)	27.511	229	148	5	30	252	349	565	9.38e-14	72.0
g1629.t1	VFG013149(gb|WP_041605303)	27.706	231	145	6	30	252	349	565	9.72e-14	72.0
g1629.t1	VFG007257(gb|WP_005482130)	25.688	218	150	5	38	252	15	223	9.73e-14	70.1
g1629.t1	VFG048565(gb|WP_014229380)	27.049	244	139	9	39	267	360	579	1.08e-13	71.6
g1629.t1	VFG013253(gb|WP_011609176)	27.706	231	145	6	30	252	349	565	1.16e-13	71.6
g1629.t1	VFG011190(gb|WP_003807078)	26.087	253	151	5	12	252	8	236	1.22e-13	71.2
g1629.t1	VFG037273(gb|WP_001281554)	28.358	201	127	5	38	237	342	526	1.28e-13	71.2
g1629.t1	VFG044213(gb|WP_000403742)	26.009	223	150	4	39	252	9	225	1.52e-13	69.3
g1629.t1	VFG049041(gb|WP_002912371)	23.457	243	153	7	14	252	24	237	1.75e-13	68.9
g1629.t1	VFG007255(gb|WP_000615308)	25.000	220	153	5	36	252	13	223	2.31e-13	68.9
g1629.t1	VFG049077(gb|WP_014230053)	23.457	243	153	7	14	252	24	237	2.50e-13	68.6
g1629.t1	VFG022453(gb|WP_012393578)	24.885	217	151	5	39	254	22	227	2.91e-13	69.3
g1629.t1	VFG033929(gb|WP_001111198)	27.407	270	165	10	5	266	334	580	2.91e-13	70.9
g1629.t1	VFG033929(gb|WP_001111198)	27.511	229	149	6	30	252	970	1187	2.68e-11	64.7
g1629.t1	VFG044362(gb|WP_033111968)	27.179	195	134	4	55	247	35	223	2.92e-13	68.9
g1629.t1	VFG049076(gb|WP_004852439)	23.457	243	153	7	14	252	24	237	3.00e-13	68.6
g1629.t1	VFG012511(gb|WP_001442133)	27.407	270	165	10	5	266	334	580	3.02e-13	70.9
g1629.t1	VFG012511(gb|WP_001442133)	27.468	233	144	7	30	252	970	1187	1.73e-10	62.4
g1629.t1	VFG012512(gb|WP_001111199)	27.407	270	165	10	5	266	334	580	3.13e-13	70.5
g1629.t1	VFG012512(gb|WP_001111199)	27.468	233	144	7	30	252	970	1187	1.75e-10	62.0
g1629.t1	VFG046677(gb|WP_011648738)	29.126	206	125	9	31	229	362	553	3.41e-13	70.1
g1629.t1	VFG046675(gb|WP_010031959)	29.126	206	125	9	31	229	359	550	3.49e-13	70.1
g1629.t1	VFG046680(gb|WP_003020700)	29.126	206	125	9	31	229	359	550	3.65e-13	70.1
g1629.t1	VFG012971(gb|WP_011378643)	28.879	232	145	8	43	266	361	580	3.72e-13	70.5
g1629.t1	VFG012971(gb|WP_011378643)	27.511	229	149	6	30	252	970	1187	2.73e-11	64.7
g1629.t1	VFG012509(gb|WP_001111200)	28.879	232	145	8	43	266	361	580	3.75e-13	70.5
g1629.t1	VFG012509(gb|WP_001111200)	27.511	229	149	6	30	252	970	1187	2.63e-11	64.7
g1629.t1	VFG012510(gb|WP_001298170)	28.879	232	145	8	43	266	361	580	3.86e-13	70.5
g1629.t1	VFG012510(gb|WP_001298170)	27.511	229	149	6	30	252	970	1187	2.43e-11	64.7
g1629.t1	VFG008825(gb|WP_015355163)	24.885	217	151	5	39	254	22	227	4.19e-13	68.9
g1629.t1	VFG044100(gb|NP_253394)	30.734	218	137	6	40	252	17	225	4.35e-13	68.2
g1629.t1	VFG008678(gb|WP_041321021)	25.778	225	147	5	35	254	17	226	4.43e-13	68.9
g1629.t1	VFG007912(gb|WP_011740072)	24.885	217	151	5	39	254	22	227	5.91e-13	68.6
g1629.t1	VFG007914(gb|WP_011780329)	25.551	227	155	6	36	260	19	233	5.91e-13	68.6
g1629.t1	VFG045320(gb|WP_010946510)	24.201	219	145	5	32	250	72	269	5.96e-13	69.3
g1629.t1	VFG049080(gb|YP_005227849)	23.789	227	140	7	14	236	24	221	6.28e-13	67.4
g1629.t1	VFG049084(gb|WP_004175264)	23.789	227	140	7	14	236	24	221	6.59e-13	67.4
g1629.t1	VFG046678(gb|WP_012429567)	29.126	206	125	9	31	229	359	550	6.78e-13	69.3
g1629.t1	VFG016184(gb|WP_005762826)	28.870	239	151	6	20	252	332	557	7.87e-13	68.9
g1629.t1	VFG035924(gb|WP_000593973)	28.125	192	126	7	40	228	17	199	7.88e-13	66.6
g1629.t1	VFG044250(gb|WP_005311724)	26.577	222	144	7	40	252	23	234	8.28e-13	67.4
g1629.t1	VFG002181(gb|WP_002387127)	25.692	253	151	8	14	260	37	258	8.37e-13	68.9
g1629.t1	VFG013728(gb|WP_011273788)	25.229	218	152	6	43	257	24	233	8.47e-13	67.4
g1629.t1	VFG037280(gb|WP_001281545)	27.363	201	129	5	38	237	342	526	1.11e-12	68.6
g1629.t1	VFG023851(gb|WP_036428980)	26.389	216	149	5	39	254	21	226	1.74e-12	67.0
g1629.t1	VFG007911(gb|WP_010908851)	24.424	217	152	4	39	254	24	229	1.79e-12	67.0
g1629.t1	VFG044225(gb|WP_011533698)	25.123	203	138	4	43	241	20	212	1.80e-12	66.2
g1629.t1	VFG048564(gb|WP_014838498)	26.639	244	140	9	39	267	360	579	1.90e-12	67.8
g1629.t1	VFG046673(gb|WP_003039938)	28.641	206	126	9	31	229	359	550	2.33e-12	67.8
g1629.t1	VFG037274(gb|WP_001281538)	26.866	201	130	5	38	237	342	526	2.77e-12	67.4
g1629.t1	VFG037277(gb|WP_031967279)	26.866	201	130	5	38	237	333	517	2.97e-12	67.4
g1629.t1	VFG008680(gb|WP_015309619)	25.225	222	156	5	39	260	22	233	3.06e-12	66.6
g1629.t1	VFG046674(gb|WP_012280806)	25.571	219	139	5	31	241	359	561	3.09e-12	67.4
g1629.t1	VFG007915(gb|WP_011560224)	26.126	222	154	5	39	260	27	238	3.36e-12	66.6
g1629.t1	VFG013248(gb|WP_010868928)	27.273	220	136	7	39	249	363	567	3.63e-12	67.0
g1629.t1	VFG007259(gb|WP_011151970)	25.116	215	151	4	40	252	17	223	3.82e-12	65.5
g1629.t1	VFG038916(gb|WP_011705263)	33.188	229	125	9	31	249	460	670	3.87e-12	67.0
g1629.t1	VFG046684(gb|WP_014549988)	28.641	206	126	9	31	229	359	550	3.95e-12	67.0
g1629.t1	VFG023849(gb|WP_013471676)	25.221	226	155	6	37	260	20	233	5.28e-12	65.9
g1629.t1	VFG044110(gb|WP_010929751)	27.778	216	135	6	43	247	21	226	5.52e-12	65.1
g1629.t1	VFG007913(gb|WP_011894249)	25.221	226	155	6	37	260	20	233	5.74e-12	65.9
g1629.t1	VFG007258(gb|WP_011081097)	25.116	215	151	4	40	252	17	223	6.14e-12	64.7
g1629.t1	VFG046688(gb|WP_041263713)	26.570	207	129	6	31	229	359	550	6.57e-12	66.2
g1629.t1	VFG013250(gb|WP_005687513)	27.727	220	135	7	39	249	363	567	7.09e-12	66.2
g1629.t1	VFG013251(gb|WP_012054790)	27.727	220	135	7	39	249	363	567	7.69e-12	65.9
g1629.t1	VFG013249(gb|WP_011271803)	27.727	220	135	7	39	249	363	567	8.12e-12	65.9
g1629.t1	VFG037278(gb|WP_139161447)	26.866	201	130	5	38	237	333	517	9.81e-12	65.5
g1629.t1	VFG044229(gb|WP_011533702)	27.928	222	134	8	40	252	370	574	1.94e-11	64.7
g1629.t1	VFG034058(gb|WP_001386872)	28.125	224	142	6	35	252	325	535	2.36e-11	64.7
g1629.t1	VFG012541(gb|WP_001327954)	28.125	224	142	6	35	252	325	535	2.59e-11	64.3
g1629.t1	VFG002747(gb|WP_001327262)	28.125	224	142	6	35	252	325	535	2.63e-11	64.3
g1629.t1	VFG044326(gb|WP_001327262)	28.125	224	142	6	35	252	325	535	2.63e-11	64.3
g1629.t1	VFG012539(gb|WP_001327262)	28.125	224	142	6	35	252	325	535	2.63e-11	64.3
g1629.t1	VFG034064(gb|WP_001304268)	28.125	224	142	6	35	252	325	535	2.71e-11	64.3
g1629.t1	VFG046110(gb|WP_001317926)	28.125	224	142	6	35	252	325	535	2.73e-11	64.3
g1629.t1	VFG003387(gb|WP_012413641)	28.125	224	142	6	35	252	325	535	2.81e-11	64.3
g1629.t1	VFG034073(gb|WP_014640167)	28.125	224	142	6	35	252	325	535	2.96e-11	64.3
g1629.t1	VFG016112(gb|WP_171053477)	28.182	220	142	8	34	249	345	552	2.97e-11	64.3
g1629.t1	VFG002059(gb|NP_248763)	30.047	213	115	7	44	238	25	221	3.01e-11	62.4
g1629.t1	VFG000365(gb|WP_002214412)	28.125	224	142	6	35	252	325	535	3.04e-11	64.3
g1629.t1	VFG015380(gb|WP_003136959)	30.047	213	115	7	44	238	25	221	3.09e-11	62.4
g1629.t1	VFG007904(gb|NP_217452)	23.963	217	153	4	39	254	24	229	3.14e-11	63.5
g1629.t1	VFG008823(gb|WP_015291060)	23.963	217	153	4	39	254	24	229	3.20e-11	63.5
g1629.t1	VFG008835(gb|WP_009939128)	23.963	217	153	4	39	254	24	229	3.26e-11	63.5
g1629.t1	VFG007907(gb|WP_003414846)	23.963	217	153	4	39	254	24	229	3.29e-11	63.5
g1629.t1	VFG015379(gb|WP_011979124)	29.577	213	116	7	44	238	25	221	3.47e-11	62.4
g1629.t1	VFG037384(gb|WP_000582117)	23.618	199	146	3	43	241	20	212	3.91e-11	62.4
g1629.t1	VFG009576(gb|WP_024637120)	25.455	220	136	6	43	252	639	840	4.00e-11	63.9
g1629.t1	VFG003506(gb|WP_042661463)	27.679	224	143	6	35	252	325	535	4.03e-11	63.9
g1629.t1	VFG037392(gb|WP_000582124)	23.958	192	140	3	50	241	27	212	4.10e-11	62.4
g1629.t1	VFG009575(gb|WP_003873186)	25.455	220	136	6	43	252	639	840	5.95e-11	63.5
g1629.t1	VFG048570(gb|WP_014907270)	27.679	224	143	6	35	252	325	535	6.21e-11	63.2
g1629.t1	VFG044303(gb|WP_001044024)	25.339	221	142	8	40	252	354	559	7.83e-11	62.8
g1629.t1	VFG005775(gb|WP_000403526)	27.604	192	126	5	36	225	14	194	8.16e-11	62.0
g1629.t1	VFG044153(gb|WP_011063599)	28.636	220	118	8	39	242	348	544	9.37e-11	62.8
g1629.t1	VFG016185(gb|WP_011168851)	28.689	244	145	7	20	252	332	557	1.09e-10	62.4
g1629.t1	VFG016108(gb|WP_011061774)	26.087	230	137	8	40	256	346	555	1.11e-10	62.4
g1629.t1	VFG034066(gb|WP_001296192)	27.679	224	143	6	35	252	325	535	1.16e-10	62.4
g1629.t1	VFG037390(gb|WP_000582116)	23.116	199	147	3	43	241	20	212	1.53e-10	60.8
g1629.t1	VFG037386(gb|WP_000582115)	23.116	199	147	3	43	241	20	212	2.29e-10	60.1
g1629.t1	VFG021859(gb|WP_011726610)	24.887	221	145	6	38	252	366	571	2.46e-10	61.2
g1629.t1	VFG026722(gb|YP_007957462)	26.606	218	142	7	40	252	629	833	2.78e-10	61.6
g1629.t1	VFG037260(gb|WP_001095752)	26.178	191	121	5	39	223	336	512	3.15e-10	60.8
g1629.t1	VFG037264(gb|WP_020753356)	26.178	191	121	5	39	223	336	512	3.33e-10	60.8
g1629.t1	VFG022781(gb|YP_001702997)	25.000	236	157	7	25	255	618	838	3.67e-10	61.2
g1629.t1	VFG022786(gb|WP_013828471)	26.818	220	133	7	43	252	635	836	4.67e-10	60.8
g1629.t1	VFG026726(gb|YP_005922613)	26.606	218	142	7	40	252	626	830	5.19e-10	60.5
g1629.t1	VFG026711(gb|WP_015289786)	26.606	218	142	7	40	252	626	830	5.58e-10	60.5
g1629.t1	VFG009570(gb|NP_215864)	26.606	218	142	7	40	252	626	830	5.73e-10	60.5
g1629.t1	VFG037261(gb|YP_001085396)	26.178	191	121	5	39	223	269	445	6.55e-10	60.1
g1629.t1	VFG044091(gb|NP_252096)	31.217	189	102	5	50	227	359	530	7.97e-10	59.7
g1629.t1	VFG016110(gb|WP_012074239)	30.415	217	123	7	43	249	348	546	7.98e-10	59.7
g1629.t1	VFG002176(gb|AAM75252)	22.944	231	143	7	40	256	488	697	8.20e-10	60.1
g1629.t1	VFG026712(gb|WP_015292876)	27.064	218	141	7	40	252	627	831	8.34e-10	60.1
g1629.t1	VFG026710(gb|WP_015302951)	26.606	218	142	7	40	252	626	830	8.65e-10	60.1
g1629.t1	VFG026708(gb|WP_016342533)	25.688	218	144	6	43	255	634	838	8.97e-10	59.7
g1629.t1	VFG022783(gb|WP_014000720)	26.606	218	142	7	40	252	626	830	9.04e-10	59.7
g1629.t1	VFG026714(gb|WP_005058852)	25.688	218	144	6	43	255	634	838	9.13e-10	59.7
g1629.t1	VFG020087(gb|WP_012613544)	30.189	212	130	8	43	249	348	546	9.90e-10	59.7
g1629.t1	VFG016111(gb|WP_003137473)	30.189	212	130	8	43	249	348	546	1.09e-09	59.3
g1629.t1	VFG037258(gb|WP_001090101)	26.178	191	121	5	39	223	336	512	1.21e-09	59.3
g1629.t1	VFG015384(gb|WP_003246989)	27.805	205	116	6	45	232	21	210	1.46e-09	57.4
g1629.t1	VFG045332(gb|AHK25017)	24.454	229	144	8	49	275	30	231	1.55e-09	58.2
g1629.t1	VFG026719(gb|WP_025202597)	26.147	218	143	7	40	252	626	830	1.74e-09	58.9
g1629.t1	VFG020065(gb|WP_012614134)	25.957	235	147	8	12	245	336	544	1.74e-09	58.9
g1629.t1	VFG037395(gb|YP_005799714)	23.404	188	138	3	54	241	3	184	1.83e-09	57.0
g1629.t1	VFG022782(gb|WP_003910332)	26.147	218	143	7	40	252	626	830	1.88e-09	58.9
g1629.t1	VFG048568(gb|WP_014838499)	27.232	224	144	6	35	252	325	535	2.26e-09	58.5
g1629.t1	VFG048569(gb|WP_014229381)	27.232	224	144	6	35	252	325	535	2.54e-09	58.2
g1629.t1	VFG016186(gb|WP_005762824)	25.108	231	140	8	38	255	358	568	2.59e-09	58.2
g1629.t1	VFG022780(gb|WP_012395628)	26.977	215	139	7	43	252	644	845	3.29e-09	58.2
g1629.t1	VFG001267(gb|NP_252913)	30.189	212	130	8	43	249	348	546	3.93e-09	57.8
g1629.t1	VFG037052(gb|WP_002229142)	24.576	236	161	5	39	272	17	237	4.30e-09	56.2
g1629.t1	VFG037053(gb|WP_173361995)	24.576	236	161	5	39	272	17	237	4.86e-09	56.2
g1629.t1	VFG009577(gb|WP_011741579)	26.977	215	139	7	43	252	644	845	5.46e-09	57.4
g1629.t1	VFG037266(gb|WP_001090102)	26.531	196	114	5	39	223	336	512	5.93e-09	57.0
g1629.t1	VFG037056(gb|WP_180298705)	26.425	193	126	4	39	229	17	195	6.43e-09	55.8
g1629.t1	VFG026227(gb|WP_004538663)	21.318	258	180	7	32	288	50	285	7.67e-09	56.6
g1629.t1	VFG026713(gb|WP_015356664)	26.977	215	139	7	43	252	644	845	9.16e-09	56.6
g1629.t1	VFG037046(gb|WP_176607322)	24.153	236	162	5	39	272	17	237	9.78e-09	55.1
g1629.t1	VFG026729(gb|WP_020822014)	25.000	220	137	6	43	252	641	842	1.01e-08	56.6
g1629.t1	VFG037054(gb|WP_187287149)	26.289	194	125	5	39	229	17	195	1.63e-08	54.3
g1629.t1	VFG016187(gb|WP_011168850)	25.738	237	135	9	36	255	356	568	1.97e-08	55.5
g1629.t1	VFG037048(gb|WP_002255537)	26.289	194	125	5	39	229	17	195	2.00e-08	54.3
g1629.t1	VFG037062(gb|WP_181778380)	25.907	193	127	4	39	229	17	195	2.08e-08	54.3
g1629.t1	VFG037045(gb|WP_173024114)	26.289	194	125	5	39	229	17	195	2.12e-08	54.3
g1629.t1	VFG016026(gb|WP_010954971)	24.424	217	132	6	12	224	336	524	2.29e-08	55.5
g1629.t1	VFG044441(gb|CAF25489)	28.319	113	75	2	134	241	47	158	2.32e-08	53.5
g1629.t1	VFG037047(gb|WP_010361246)	25.907	193	127	4	39	229	17	195	2.85e-08	53.9
g1629.t1	VFG016025(gb|WP_005753277)	23.790	248	154	8	12	252	336	555	2.88e-08	55.1
g1629.t1	VFG002563(gb|WP_004194035)	20.332	241	141	5	27	254	8	210	3.07e-08	53.5
g1629.t1	VFG015383(gb|WP_011064245)	27.753	227	118	9	18	224	6	206	3.81e-08	53.5
g1629.t1	VFG000160(gb|NP_251087)	25.234	214	134	7	12	224	336	524	4.92e-08	54.3
g1629.t1	VFG016106(gb|WP_012074240)	29.032	217	119	9	40	242	344	539	5.85e-08	53.9
g1629.t1	VFG037050(gb|WP_169577348)	27.179	195	122	7	39	229	17	195	1.00e-07	52.0
g1629.t1	VFG019986(gb|WP_015886547)	27.919	197	108	7	43	224	25	202	1.87e-07	51.2
g1629.t1	VFG026747(gb|YP_005922614)	32.168	143	72	4	132	252	416	555	2.19e-07	52.4
g1629.t1	VFG016024(gb|WP_011267350)	23.404	235	147	9	12	242	336	541	2.19e-07	52.4
g1629.t1	VFG016023(gb|WP_011103875)	23.605	233	147	7	12	241	336	540	2.52e-07	52.0
g1629.t1	VFG024067(gb|WP_036458564)	26.540	211	145	5	43	252	641	842	2.84e-07	52.0
g1629.t1	VFG044304(gb|WP_000588838)	23.482	247	160	6	17	252	329	557	2.95e-07	52.0
g1629.t1	VFG024068(gb|WP_014379607)	26.540	211	145	5	43	252	641	842	4.33e-07	51.6
g1629.t1	VFG045715(gb|WP_012979218)	25.478	157	108	3	40	196	17	164	8.08e-07	48.9
g1629.t1	VFG037387(gb|YP_001085408)	25.781	128	94	1	114	241	42	168	1.03e-06	48.9
g1629.t1	VFG015821(gb|WP_012315374)	25.581	215	132	9	12	224	336	524	1.12e-06	50.1
g1629.t1	VFG024064(gb|WP_043955645)	27.442	215	138	8	43	252	641	842	1.13e-06	50.1
g1629.t1	VFG024065(gb|WP_014711101)	27.442	215	138	8	43	252	641	842	1.13e-06	50.1
g1629.t1	VFG024066(gb|WP_026071504)	27.442	215	138	8	43	252	641	842	1.22e-06	50.1
g1629.t1	VFG016021(gb|WP_003148545)	26.341	205	130	9	43	245	360	545	4.44e-06	48.1
g1629.t1	VFG026717(gb|YP_007961261)	32.955	88	56	2	165	252	58	142	5.94e-06	45.8
g1629.t1	VFG016107(gb|WP_003137474)	27.103	214	127	7	40	242	344	539	8.10e-06	47.4
g3388.t1	VFG016532(gb|NP_975942)	45.669	127	69	0	142	268	137	263	5.57e-34	127
g3388.t1	VFG036559(gb|WP_013449339)	35.185	216	135	4	38	253	20	230	1.30e-32	124
g3388.t1	VFG006259(gb|WP_003687540)	34.722	216	136	4	38	253	20	230	6.00e-32	122
g3388.t1	VFG036553(gb|WP_014581175)	35.648	216	134	4	38	253	20	230	9.05e-32	122
g3388.t1	VFG001206(gb|WP_002219640)	35.648	216	134	4	38	253	20	230	9.72e-32	121
g3388.t1	VFG036552(gb|WP_002214252)	35.648	216	134	4	38	253	20	230	1.10e-31	121
g3388.t1	VFG016540(gb|NP_975950)	44.094	127	70	1	142	268	137	262	6.90e-31	119
g3388.t1	VFG036556(gb|WP_014581848)	35.185	216	135	4	38	253	20	230	7.93e-31	119
g3388.t1	VFG030724(gb|WP_015308640)	31.915	235	146	5	37	269	19	241	2.06e-29	116
g3388.t1	VFG030681(gb|WP_011561359)	31.915	235	146	5	37	269	19	241	4.44e-29	115
g3388.t1	VFG030680(gb|WP_011856409)	31.915	235	146	5	37	269	19	241	4.62e-29	115
g3388.t1	VFG000344(gb|WP_005693820)	26.103	272	158	4	8	265	7	249	4.99e-29	114
g3388.t1	VFG030700(gb|WP_005098896)	30.901	233	151	5	37	269	19	241	6.02e-29	115
g3388.t1	VFG030686(gb|YP_001702115)	30.901	233	151	5	37	269	19	241	9.28e-29	114
g3388.t1	VFG030706(gb|WP_005059672)	30.901	233	151	5	37	269	19	241	9.37e-29	114
g3388.t1	VFG030675(gb|WP_003875535)	31.064	235	148	5	37	269	19	241	1.25e-28	114
g3388.t1	VFG030676(gb|WP_011724098)	31.064	235	148	5	37	269	19	241	1.36e-28	114
g3388.t1	VFG013573(gb|WP_011608934)	29.204	226	149	3	37	262	18	232	1.75e-28	112
g3388.t1	VFG013192(gb|WP_012340414)	29.204	226	149	3	37	262	18	232	1.81e-28	112
g3388.t1	VFG013571(gb|WP_032821670)	26.103	272	158	4	8	265	7	249	1.98e-28	112
g3388.t1	VFG030678(gb|WP_011894706)	29.565	230	154	3	37	266	19	240	2.42e-28	113
g3388.t1	VFG013572(gb|WP_080334646)	25.735	272	159	4	8	265	2	244	2.80e-28	112
g3388.t1	VFG030694(gb|WP_013471930)	29.565	230	154	3	37	266	19	240	2.86e-28	113
g3388.t1	VFG030692(gb|WP_013828150)	31.330	233	150	6	37	269	19	241	1.06e-27	111
g3388.t1	VFG030684(gb|WP_011781637)	31.064	235	148	5	37	269	19	241	1.48e-27	111
g3388.t1	VFG030704(gb|WP_015292799)	30.638	235	149	5	37	269	19	241	1.52e-27	111
g3388.t1	VFG030671(gb|NP_215754)	30.638	235	149	5	37	269	19	241	1.58e-27	110
g3388.t1	VFG030689(gb|WP_014000675)	30.638	235	149	5	37	269	19	241	1.73e-27	110
g3388.t1	VFG030679(gb|WP_011730288)	30.709	254	157	7	18	269	9	245	2.80e-27	110
g3388.t1	VFG030722(gb|WP_020821925)	30.638	235	149	5	37	269	19	241	4.78e-27	109
g3388.t1	VFG030696(gb|WP_014711073)	30.638	235	149	5	37	269	19	241	5.23e-27	109
g3388.t1	VFG030697(gb|WP_014382019)	30.638	235	149	5	37	269	19	241	6.45e-27	109
g3388.t1	VFG030695(gb|WP_014941456)	30.638	235	149	5	37	269	19	241	6.52e-27	109
g3388.t1	VFG030699(gb|WP_009957422)	30.638	235	149	5	37	269	19	241	6.92e-27	109
g3388.t1	VFG030705(gb|WP_015356778)	30.043	233	153	5	37	269	19	241	1.05e-26	108
g3388.t1	VFG030691(gb|WP_012395776)	30.043	233	153	5	37	269	19	241	1.17e-26	108
g3388.t1	VFG030715(gb|YP_007957369)	30.472	233	152	5	37	269	19	241	1.30e-26	108
g3388.t1	VFG030673(gb|WP_010908121)	29.362	235	152	5	37	269	19	241	5.31e-25	103
g3388.t1	VFG009586(gb|WP_011741578)	35.088	228	112	9	38	250	349	555	4.44e-24	102
g3388.t1	VFG022787(gb|WP_012395627)	35.088	228	112	9	38	250	349	555	4.65e-24	102
g3388.t1	VFG026736(gb|WP_015356663)	35.088	228	112	9	38	250	349	555	4.83e-24	102
g3388.t1	VFG033884(gb|WP_000376541)	31.034	232	132	7	38	258	485	699	1.43e-23	101
g3388.t1	VFG012478(gb|WP_000376544)	31.034	232	132	7	38	258	485	699	1.57e-23	101
g3388.t1	VFG000907(gb|WP_000376545)	31.034	232	132	7	38	258	485	699	1.81e-23	101
g3388.t1	VFG012480(gb|WP_000376543)	31.034	232	132	7	38	258	485	699	1.83e-23	101
g3388.t1	VFG007025(gb|WP_086016961)	33.191	235	117	7	37	254	471	682	2.82e-23	100
g3388.t1	VFG033885(gb|WP_000376538)	30.603	232	133	7	38	258	485	699	5.01e-23	99.8
g3388.t1	VFG024069(gb|WP_014941520)	33.205	259	147	11	1	250	316	557	5.50e-23	99.8
g3388.t1	VFG007026(gb|WP_155116723)	33.191	235	117	7	37	254	471	682	8.48e-23	99.4
g3388.t1	VFG009587(gb|WP_011731354)	34.862	218	126	7	38	250	347	553	1.00e-22	99.0
g3388.t1	VFG024071(gb|WP_009952859)	33.054	239	139	9	17	250	335	557	1.17e-22	98.6
g3388.t1	VFG024072(gb|WP_014384095)	33.054	239	139	9	17	250	335	557	1.23e-22	98.6
g3388.t1	VFG022793(gb|WP_013828472)	34.101	217	127	7	38	249	349	554	2.99e-22	97.4
g3388.t1	VFG009585(gb|WP_011724227)	31.963	219	135	6	35	249	345	553	6.44e-22	96.3
g3388.t1	VFG009584(gb|WP_003873185)	32.407	216	132	6	38	249	348	553	6.62e-22	96.3
g3388.t1	VFG024070(gb|WP_014711102)	32.636	239	140	9	17	250	335	557	8.90e-22	95.9
g3388.t1	VFG026731(gb|WP_005058854)	30.493	223	127	7	38	249	350	555	1.04e-21	95.9
g3388.t1	VFG022788(gb|YP_001702996)	30.493	223	127	7	38	249	350	555	1.40e-21	95.5
g3388.t1	VFG044135(gb|WP_002209058)	28.936	235	122	5	38	251	27	237	3.71e-21	91.3
g3388.t1	VFG048480(gb|WP_014837773)	28.571	217	144	4	39	251	24	233	3.81e-21	91.3
g3388.t1	VFG026734(gb|WP_015289787)	33.333	219	130	8	38	251	349	556	5.33e-21	93.6
g3388.t1	VFG044213(gb|WP_000403742)	27.556	225	152	3	24	244	3	220	8.23e-21	90.1
g3388.t1	VFG009579(gb|NP_215865)	33.333	219	130	8	38	251	349	556	1.03e-20	92.8
g3388.t1	VFG033882(gb|WP_000987096)	30.802	237	124	7	38	257	485	698	1.12e-20	92.8
g3388.t1	VFG044105(gb|WP_010922614)	28.634	227	152	5	21	244	7	226	1.13e-20	90.1
g3388.t1	VFG048481(gb|WP_014228352)	28.111	217	145	4	39	251	24	233	1.24e-20	89.7
g3388.t1	VFG044173(gb|WP_005477430)	31.455	213	138	6	41	251	20	226	1.59e-20	89.4
g3388.t1	VFG007023(gb|WP_149591715)	32.035	231	117	7	37	250	471	678	1.77e-20	92.4
g3388.t1	VFG048566(gb|WP_014907271)	29.719	249	143	7	37	272	360	589	2.10e-20	92.0
g3388.t1	VFG012538(gb|WP_001350678)	28.777	278	151	8	23	272	331	589	2.55e-20	91.7
g3388.t1	VFG003507(gb|WP_005168689)	29.719	249	143	7	37	272	360	589	2.72e-20	91.7
g3388.t1	VFG034056(gb|WP_001608389)	29.719	249	143	7	37	272	360	589	2.75e-20	91.7
g3388.t1	VFG012537(gb|WP_001304269)	29.719	249	143	7	37	272	360	589	2.80e-20	91.7
g3388.t1	VFG000366(gb|WP_002212761)	29.719	249	143	7	37	272	360	589	2.85e-20	91.7
g3388.t1	VFG044325(gb|WP_002212761)	29.719	249	143	7	37	272	360	589	2.85e-20	91.7
g3388.t1	VFG034051(gb|WP_014639938)	29.719	249	143	7	37	272	360	589	2.88e-20	91.7
g3388.t1	VFG048567(gb|YP_005227763)	29.719	249	143	7	37	272	360	589	3.07e-20	91.7
g3388.t1	VFG034050(gb|WP_001446633)	29.719	249	143	7	37	272	360	589	3.07e-20	91.7
g3388.t1	VFG034041(gb|WP_000654453)	29.719	249	143	7	37	272	360	589	3.31e-20	91.3
g3388.t1	VFG026735(gb|WP_015292877)	32.877	219	131	8	38	251	349	556	3.40e-20	91.3
g3388.t1	VFG034048(gb|WP_024256148)	29.644	253	138	8	37	272	360	589	4.50e-20	90.9
g3388.t1	VFG034049(gb|WP_000654452)	29.644	253	138	8	37	272	360	589	4.67e-20	90.9
g3388.t1	VFG012535(gb|WP_001327263)	29.644	253	138	8	37	272	360	589	4.67e-20	90.9
g3388.t1	VFG012536(gb|WP_001295637)	29.719	249	143	7	37	272	360	589	5.22e-20	90.9
g3388.t1	VFG018924(gb|WP_012229555)	29.719	249	143	7	37	272	360	589	5.27e-20	90.9
g3388.t1	VFG000841(gb|WP_000987091)	30.380	237	125	7	38	257	485	698	8.76e-20	90.1
g3388.t1	VFG013731(gb|WP_005291888)	26.141	241	159	5	19	251	21	250	1.14e-19	87.4
g3388.t1	VFG013025(gb|WP_000140630)	28.111	217	145	6	39	251	24	233	4.13e-19	85.5
g3388.t1	VFG026750(gb|WP_020822015)	31.651	218	133	7	38	250	348	554	5.11e-19	87.8
g3388.t1	VFG048565(gb|WP_014229380)	29.707	239	138	7	37	264	360	579	5.11e-19	87.8
g3388.t1	VFG044147(gb|NP_461701)	30.120	249	155	10	24	264	343	580	6.52e-19	87.8
g3388.t1	VFG013732(gb|WP_006769637)	27.230	213	148	3	41	251	25	232	1.00e-18	84.3
g3388.t1	VFG012511(gb|WP_001442133)	31.250	240	134	9	38	263	358	580	1.01e-18	87.4
g3388.t1	VFG012511(gb|WP_001442133)	27.982	218	147	7	37	251	979	1189	2.38e-10	62.0
g3388.t1	VFG012512(gb|WP_001111199)	31.250	240	134	9	38	263	358	580	1.03e-18	87.4
g3388.t1	VFG012512(gb|WP_001111199)	27.982	218	147	7	37	251	979	1189	2.46e-10	61.6
g3388.t1	VFG008680(gb|WP_015309619)	27.801	241	155	7	24	259	9	235	1.05e-18	85.5
g3388.t1	VFG033929(gb|WP_001111198)	31.250	240	134	9	38	263	358	580	1.05e-18	87.4
g3388.t1	VFG033929(gb|WP_001111198)	28.440	218	146	7	37	251	979	1189	3.43e-11	64.3
g3388.t1	VFG044336(gb|WP_050767835)	28.049	246	140	7	36	264	355	580	1.21e-18	87.0
g3388.t1	VFG020177(gb|WP_000140632)	27.650	217	146	6	39	251	24	233	1.46e-18	84.0
g3388.t1	VFG048489(gb|WP_012968728)	27.189	217	147	4	39	251	24	233	1.46e-18	84.0
g3388.t1	VFG012510(gb|WP_001298170)	31.250	240	134	9	38	263	358	580	1.50e-18	86.7
g3388.t1	VFG012510(gb|WP_001298170)	28.440	218	146	7	37	251	979	1189	3.49e-11	64.3
g3388.t1	VFG012971(gb|WP_011378643)	31.250	240	134	9	38	263	358	580	1.51e-18	86.7
g3388.t1	VFG012971(gb|WP_011378643)	28.440	218	146	7	37	251	979	1189	3.89e-11	64.3
g3388.t1	VFG012509(gb|WP_001111200)	31.250	240	134	9	38	263	358	580	1.64e-18	86.7
g3388.t1	VFG012509(gb|WP_001111200)	28.440	218	146	7	37	251	979	1189	3.75e-11	64.3
g3388.t1	VFG048551(gb|WP_011251260)	30.085	236	148	9	36	264	355	580	1.73e-18	86.7
g3388.t1	VFG048551(gb|WP_011251260)	25.561	223	156	6	31	250	972	1187	5.03e-10	60.8
g3388.t1	VFG016167(gb|WP_004665393)	28.899	218	144	5	38	251	19	229	2.12e-18	83.6
g3388.t1	VFG013022(gb|NP_706444)	27.650	217	146	6	39	251	24	233	2.44e-18	83.6
g3388.t1	VFG013021(gb|WP_000140647)	27.650	217	146	6	39	251	24	233	2.47e-18	83.6
g3388.t1	VFG016166(gb|WP_003372869)	28.899	218	144	5	38	251	19	229	2.61e-18	83.2
g3388.t1	VFG048486(gb|WP_004223579)	27.189	217	147	4	39	251	24	233	3.16e-18	82.8
g3388.t1	VFG048488(gb|WP_002893737)	27.189	217	147	4	39	251	24	233	3.53e-18	82.8
g3388.t1	VFG013252(gb|WP_010945439)	29.958	237	134	8	28	250	348	566	3.97e-18	85.1
g3388.t1	VFG044310(gb|WP_006486076)	29.224	219	148	4	38	254	23	236	5.06e-18	82.8
g3388.t1	VFG013026(gb|WP_000140653)	27.189	217	147	5	39	251	24	233	6.22e-18	82.4
g3388.t1	VFG038918(gb|WP_164927583)	27.155	232	129	5	36	250	487	695	7.53e-18	84.3
g3388.t1	VFG000925(gb|WP_000140634)	27.189	217	147	6	39	251	24	233	7.65e-18	82.0
g3388.t1	VFG048483(gb|WP_012542491)	26.728	217	148	4	39	251	24	233	1.13e-17	81.3
g3388.t1	VFG013248(gb|WP_010868928)	31.278	227	123	8	37	249	363	570	1.26e-17	83.6
g3388.t1	VFG048564(gb|WP_014838498)	29.289	239	139	7	37	264	360	579	1.32e-17	83.6
g3388.t1	VFG044228(gb|WP_044488032)	32.569	218	131	8	41	253	355	561	1.85e-17	83.2
g3388.t1	VFG013716(gb|WP_041626280)	28.444	225	136	5	38	252	23	232	2.23e-17	80.9
g3388.t1	VFG022453(gb|WP_012393578)	25.581	215	151	4	35	249	20	225	2.33e-17	81.6
g3388.t1	VFG007914(gb|WP_011780329)	27.391	230	148	8	35	259	20	235	2.85e-17	81.3
g3388.t1	VFG035919(gb|WP_000621743)	25.654	191	133	5	38	227	17	199	2.94e-17	79.0
g3388.t1	VFG044295(gb|WP_004243181)	29.487	234	120	8	38	250	25	234	3.01e-17	80.1
g3388.t1	VFG021855(gb|WP_011726608)	28.440	218	145	5	38	251	28	238	3.50e-17	80.1
g3388.t1	VFG035924(gb|WP_000593973)	27.885	208	132	8	23	225	5	199	3.84e-17	78.6
g3388.t1	VFG007912(gb|WP_011740072)	25.581	215	151	4	35	249	20	225	4.27e-17	80.9
g3388.t1	VFG013250(gb|WP_005687513)	31.532	222	119	8	37	244	363	565	6.70e-17	81.6
g3388.t1	VFG008825(gb|WP_015355163)	25.581	215	151	4	35	249	20	225	7.16e-17	80.1
g3388.t1	VFG044358(gb|WP_013317301)	25.424	236	166	5	38	271	19	246	7.20e-17	79.3
g3388.t1	VFG013249(gb|WP_011271803)	31.532	222	119	8	37	244	363	565	7.21e-17	81.3
g3388.t1	VFG013251(gb|WP_012054790)	31.532	222	119	8	37	244	363	565	7.28e-17	81.3
g3388.t1	VFG013730(gb|WP_010934773)	30.275	218	135	4	41	251	26	233	8.56e-17	79.0
g3388.t1	VFG007915(gb|WP_011560224)	25.357	280	185	6	24	289	14	283	9.44e-17	80.1
g3388.t1	VFG044236(gb|WP_011815405)	29.114	237	123	5	36	251	25	237	1.14e-16	78.6
g3388.t1	VFG007913(gb|WP_011894249)	27.386	241	156	8	24	259	9	235	1.25e-16	79.3
g3388.t1	VFG023849(gb|WP_013471676)	27.386	241	156	8	24	259	9	235	1.32e-16	79.3
g3388.t1	VFG035923(gb|WP_000621745)	25.654	191	133	5	38	227	17	199	1.69e-16	77.0
g3388.t1	VFG013253(gb|WP_011609176)	29.515	227	129	8	37	250	358	566	2.67e-16	79.7
g3388.t1	VFG013149(gb|WP_041605303)	29.515	227	129	8	37	250	358	566	2.69e-16	79.7
g3388.t1	VFG007911(gb|WP_010908851)	24.696	247	145	6	35	267	22	241	7.01e-16	77.4
g3388.t1	VFG002176(gb|AAM75252)	28.261	230	131	8	38	253	488	697	7.01e-16	78.6
g3388.t1	VFG001269(gb|WP_010929996)	30.303	231	121	5	37	250	487	694	7.68e-16	78.6
g3388.t1	VFG015384(gb|WP_003246989)	32.727	220	123	8	43	250	21	227	2.07e-15	74.3
g3388.t1	VFG002059(gb|NP_248763)	32.883	222	120	9	42	243	25	237	4.29e-15	73.6
g3388.t1	VFG015380(gb|WP_003136959)	33.810	210	118	8	42	239	25	225	4.42e-15	73.6
g3388.t1	VFG046674(gb|WP_012280806)	31.188	202	111	7	36	226	366	550	6.81e-15	75.5
g3388.t1	VFG038916(gb|WP_011705263)	32.569	218	141	4	38	255	468	679	7.13e-15	75.5
g3388.t1	VFG037277(gb|WP_031967279)	28.216	241	142	8	5	235	298	517	8.95e-15	75.1
g3388.t1	VFG037274(gb|WP_001281538)	28.216	241	142	8	5	235	307	526	1.03e-14	74.7
g3388.t1	VFG037273(gb|WP_001281554)	28.856	201	126	6	36	235	342	526	1.05e-14	74.7
g3388.t1	VFG046677(gb|WP_011648738)	31.683	202	110	7	36	226	369	553	1.06e-14	74.7
g3388.t1	VFG015379(gb|WP_011979124)	33.333	210	119	8	42	239	25	225	1.09e-14	72.4
g3388.t1	VFG046675(gb|WP_010031959)	31.683	202	110	7	36	226	366	550	1.10e-14	74.7
g3388.t1	VFG046680(gb|WP_003020700)	31.683	202	110	7	36	226	366	550	1.11e-14	74.7
g3388.t1	VFG007238(gb|WP_000379797)	27.273	209	143	4	39	244	37	239	1.29e-14	72.8
g3388.t1	VFG044303(gb|WP_001044024)	28.054	221	139	8	38	251	354	561	1.32e-14	74.7
g3388.t1	VFG049076(gb|WP_004852439)	25.368	272	155	9	10	261	2	245	1.48e-14	72.4
g3388.t1	VFG023853(gb|WP_026071342)	26.271	236	160	7	37	272	21	242	1.57e-14	73.2
g3388.t1	VFG049077(gb|WP_014230053)	25.368	272	155	9	10	261	2	245	1.65e-14	72.0
g3388.t1	VFG037280(gb|WP_001281545)	28.856	201	126	6	36	235	342	526	1.97e-14	73.9
g3388.t1	VFG049084(gb|WP_004175264)	23.897	272	159	7	10	261	2	245	2.72e-14	71.6
g3388.t1	VFG049080(gb|YP_005227849)	23.897	272	159	7	10	261	2	245	2.94e-14	71.2
g3388.t1	VFG021794(gb|WP_013240890)	26.407	231	150	6	29	251	32	250	2.99e-14	72.0
g3388.t1	VFG046673(gb|WP_003039938)	31.683	202	110	7	36	226	366	550	3.68e-14	73.2
g3388.t1	VFG037272(gb|WP_001281555)	28.358	201	127	6	36	235	342	526	4.32e-14	72.8
g3388.t1	VFG044229(gb|WP_011533702)	30.453	243	130	7	29	255	361	580	4.78e-14	72.8
g3388.t1	VFG046684(gb|WP_014549988)	31.683	202	110	7	36	226	366	550	6.42e-14	72.4
g3388.t1	VFG044153(gb|WP_011063599)	30.488	246	145	9	19	250	322	555	8.08e-14	72.0
g3388.t1	VFG008835(gb|WP_009939128)	25.322	233	161	5	35	267	22	241	8.55e-14	71.2
g3388.t1	VFG049041(gb|WP_002912371)	23.529	272	160	7	10	261	2	245	8.65e-14	70.1
g3388.t1	VFG007904(gb|NP_217452)	25.581	215	151	4	35	249	22	227	8.79e-14	71.2
g3388.t1	VFG007257(gb|WP_005482130)	23.721	215	159	2	36	250	15	224	8.90e-14	70.1
g3388.t1	VFG037278(gb|WP_139161447)	28.293	205	122	6	36	235	333	517	9.01e-14	72.0
g3388.t1	VFG007907(gb|WP_003414846)	25.581	215	151	4	35	249	22	227	9.22e-14	70.9
g3388.t1	VFG008823(gb|WP_015291060)	25.581	215	151	4	35	249	22	227	9.57e-14	70.9
g3388.t1	VFG009578(gb|WP_011731355)	28.251	223	141	7	35	251	622	831	1.21e-13	71.6
g3388.t1	VFG046688(gb|WP_041263713)	30.198	202	113	7	36	226	366	550	1.46e-13	71.2
g3388.t1	VFG007909(gb|WP_003876146)	27.731	238	154	9	37	272	21	242	1.89e-13	70.1
g3388.t1	VFG013717(gb|WP_006769628)	27.064	218	146	5	37	250	19	227	2.14e-13	69.3
g3388.t1	VFG049050(gb|WP_015958690)	24.176	273	178	10	37	305	52	299	2.73e-13	70.1
g3388.t1	VFG048568(gb|WP_014838499)	27.801	241	139	7	21	250	320	536	3.58e-13	70.1
g3388.t1	VFG048569(gb|WP_014229381)	27.801	241	139	7	21	250	320	536	3.85e-13	70.1
g3388.t1	VFG045320(gb|WP_010946510)	25.366	205	133	4	37	241	79	263	4.01e-13	69.7
g3388.t1	VFG013703(gb|WP_011273220)	26.667	225	138	9	38	251	17	225	4.21e-13	68.2
g3388.t1	VFG003387(gb|WP_012413641)	27.734	256	147	8	9	250	305	536	4.22e-13	70.1
g3388.t1	VFG002747(gb|WP_001327262)	27.734	256	147	8	9	250	305	536	4.50e-13	69.7
g3388.t1	VFG044326(gb|WP_001327262)	27.734	256	147	8	9	250	305	536	4.50e-13	69.7
g3388.t1	VFG046110(gb|WP_001317926)	27.734	256	147	8	9	250	305	536	4.50e-13	69.7
g3388.t1	VFG012539(gb|WP_001327262)	27.734	256	147	8	9	250	305	536	4.50e-13	69.7
g3388.t1	VFG012541(gb|WP_001327954)	27.734	256	147	8	9	250	305	536	4.62e-13	69.7
g3388.t1	VFG013718(gb|WP_011896674)	25.877	228	141	5	36	252	17	227	4.68e-13	68.2
g3388.t1	VFG023851(gb|WP_036428980)	26.222	225	153	6	37	259	21	234	4.73e-13	68.9
g3388.t1	VFG034073(gb|WP_014640167)	27.734	256	147	8	9	250	305	536	4.97e-13	69.7
g3388.t1	VFG000365(gb|WP_002214412)	27.734	256	147	8	9	250	305	536	5.11e-13	69.7
g3388.t1	VFG034064(gb|WP_001304268)	27.734	256	147	8	9	250	305	536	5.11e-13	69.7
g3388.t1	VFG034058(gb|WP_001386872)	27.734	256	147	8	9	250	305	536	5.69e-13	69.7
g3388.t1	VFG044077(gb|YP_002344985)	26.695	236	156	5	38	269	17	239	5.70e-13	67.8
g3388.t1	VFG013702(gb|WP_010934023)	26.638	229	139	7	33	252	17	225	5.83e-13	67.8
g3388.t1	VFG044362(gb|WP_033111968)	27.064	218	142	4	41	251	23	230	5.94e-13	67.8
g3388.t1	VFG046678(gb|WP_012429567)	30.693	202	112	7	36	226	366	550	6.28e-13	69.3
g3388.t1	VFG013734(gb|WP_011013698)	28.571	203	135	5	52	251	34	229	6.58e-13	67.8
g3388.t1	VFG023850(gb|WP_043955033)	24.664	223	159	5	37	259	21	234	6.75e-13	68.2
g3388.t1	VFG007258(gb|WP_011081097)	23.474	213	150	4	42	250	21	224	6.78e-13	67.4
g3388.t1	VFG013733(gb|WP_003854229)	28.571	203	135	5	52	251	34	229	7.04e-13	67.8
g3388.t1	VFG007255(gb|WP_000615308)	24.017	229	157	5	18	245	7	219	7.44e-13	67.4
g3388.t1	VFG044172(gb|WP_000622316)	25.514	243	144	8	28	250	1	226	8.30e-13	67.4
g3388.t1	VFG008678(gb|WP_041321021)	25.911	247	166	8	37	281	21	252	1.07e-12	67.8
g3388.t1	VFG007259(gb|WP_011151970)	23.041	217	154	4	38	250	17	224	1.11e-12	67.0
g3388.t1	VFG013070(gb|WP_001626196)	25.103	243	145	8	28	250	1	226	1.19e-12	67.0
g3388.t1	VFG021788(gb|WP_013241313)	23.913	230	140	6	38	252	22	231	1.28e-12	67.0
g3388.t1	VFG048570(gb|WP_014907270)	27.344	256	148	8	9	250	305	536	1.29e-12	68.6
g3388.t1	VFG034066(gb|WP_001296192)	27.734	256	147	8	9	250	305	536	1.38e-12	68.2
g3388.t1	VFG016106(gb|WP_012074240)	28.311	219	127	6	38	244	344	544	1.44e-12	68.2
g3388.t1	VFG003506(gb|WP_042661463)	27.344	256	148	8	9	250	305	536	1.77e-12	68.2
g3388.t1	VFG013719(gb|WP_011013622)	25.641	234	134	6	36	252	17	227	2.30e-12	66.2
g3388.t1	VFG021792(gb|WP_013241846)	26.484	219	141	6	41	251	35	241	2.43e-12	66.2
g3388.t1	VFG037261(gb|YP_001085396)	28.302	212	126	8	21	225	258	450	3.21e-12	67.0
g3388.t1	VFG016186(gb|WP_005762824)	27.193	228	138	6	36	252	358	568	3.70e-12	67.0
g3388.t1	VFG026722(gb|YP_007957462)	27.155	232	130	6	35	250	626	834	4.66e-12	67.0
g3388.t1	VFG026711(gb|WP_015289786)	27.155	232	130	6	35	250	623	831	4.83e-12	67.0
g3388.t1	VFG020065(gb|WP_012614134)	28.079	203	128	5	41	242	359	544	5.08e-12	66.6
g3388.t1	VFG013715(gb|WP_010934432)	25.926	243	145	6	31	252	3	231	5.68e-12	65.1
g3388.t1	VFG037258(gb|WP_001090101)	28.302	212	126	8	21	225	325	517	6.76e-12	66.2
g3388.t1	VFG020087(gb|WP_012613544)	31.416	226	128	7	35	250	342	550	1.01e-11	65.9
g3388.t1	VFG026712(gb|WP_015292876)	27.586	232	129	6	35	250	624	832	1.20e-11	65.9
g3388.t1	VFG026726(gb|YP_005922613)	27.155	232	130	6	35	250	623	831	1.37e-11	65.5
g3388.t1	VFG009570(gb|NP_215864)	27.155	232	130	6	35	250	623	831	1.38e-11	65.5
g3388.t1	VFG026719(gb|WP_025202597)	27.155	232	130	6	35	250	623	831	1.44e-11	65.5
g3388.t1	VFG037264(gb|WP_020753356)	27.830	212	127	8	21	225	325	517	1.61e-11	65.1
g3388.t1	VFG009576(gb|WP_024637120)	26.293	232	132	6	35	250	633	841	1.73e-11	65.1
g3388.t1	VFG001267(gb|NP_252913)	31.416	226	128	7	35	250	342	550	1.73e-11	65.1
g3388.t1	VFG037260(gb|WP_001095752)	27.830	212	127	8	21	225	325	517	1.73e-11	65.1
g3388.t1	VFG015383(gb|WP_011064245)	30.052	193	110	5	43	221	25	206	1.87e-11	63.2
g3388.t1	VFG013727(gb|WP_004566911)	28.037	214	146	5	41	252	32	239	2.44e-11	63.2
g3388.t1	VFG022782(gb|WP_003910332)	27.155	232	130	6	35	250	623	831	2.46e-11	64.7
g3388.t1	VFG016184(gb|WP_005762826)	26.339	224	137	6	38	250	352	558	2.62e-11	64.3
g3388.t1	VFG013728(gb|WP_011273788)	26.267	217	150	6	38	251	21	230	3.02e-11	62.8
g3388.t1	VFG044250(gb|WP_005311724)	27.111	225	142	7	38	251	23	236	3.20e-11	62.8
g3388.t1	VFG016187(gb|WP_011168850)	26.316	228	140	5	36	252	358	568	3.41e-11	63.9
g3388.t1	VFG016112(gb|WP_171053477)	26.957	230	135	7	36	252	349	558	3.72e-11	63.9
g3388.t1	VFG016108(gb|WP_011061774)	27.897	233	148	10	27	253	337	555	3.85e-11	63.9
g3388.t1	VFG016023(gb|WP_011103875)	27.000	200	128	5	41	239	359	541	4.23e-11	63.9
g3388.t1	VFG044225(gb|WP_011533698)	23.529	221	156	4	38	254	17	228	4.28e-11	62.4
g3388.t1	VFG016111(gb|WP_003137473)	30.973	226	129	7	35	250	342	550	4.33e-11	63.9
g3388.t1	VFG009575(gb|WP_003873186)	26.549	226	139	6	35	250	633	841	4.81e-11	63.9
g3388.t1	VFG022781(gb|YP_001702997)	26.809	235	138	7	35	255	628	842	5.02e-11	63.9
g3388.t1	VFG022783(gb|WP_014000720)	26.724	232	131	6	35	250	623	831	5.19e-11	63.9
g3388.t1	VFG026710(gb|WP_015302951)	26.724	232	131	6	35	250	623	831	5.24e-11	63.5
g3388.t1	VFG044189(gb|WP_011179200)	23.214	224	155	7	38	252	17	232	5.52e-11	62.0
g3388.t1	VFG022786(gb|WP_013828471)	29.091	220	141	7	35	250	629	837	6.33e-11	63.5
g3388.t1	VFG037266(gb|WP_001090102)	27.830	212	127	8	21	225	325	517	6.52e-11	63.2
g3388.t1	VFG016025(gb|WP_005753277)	26.866	201	129	5	41	240	359	542	9.98e-11	62.8
g3388.t1	VFG026714(gb|WP_005058852)	27.074	229	133	7	41	255	634	842	1.14e-10	62.8
g3388.t1	VFG026708(gb|WP_016342533)	27.074	229	133	7	41	255	634	842	1.20e-10	62.8
g3388.t1	VFG013050(gb|WP_000983719)	23.913	276	174	9	37	298	22	275	1.21e-10	61.2
g3388.t1	VFG016021(gb|WP_003148545)	28.079	203	130	4	41	243	360	546	1.71e-10	62.0
g3388.t1	VFG026227(gb|WP_004538663)	26.291	213	126	8	37	244	57	243	2.04e-10	61.6
g3388.t1	VFG044281(gb|WP_012367516)	24.336	226	156	7	29	251	18	231	2.16e-10	60.5
g3388.t1	VFG016185(gb|WP_011168851)	26.407	231	142	6	31	250	345	558	2.79e-10	61.2
g3388.t1	VFG011190(gb|WP_003807078)	23.810	252	146	8	17	249	12	236	2.86e-10	60.8
g3388.t1	VFG013045(gb|WP_000983722)	23.348	227	144	6	37	251	22	230	3.20e-10	60.1
g3388.t1	VFG034207(gb|WP_000983720)	23.348	227	144	6	37	251	22	230	3.29e-10	60.1
g3388.t1	VFG037384(gb|WP_000582117)	23.077	221	147	6	38	249	17	223	3.69e-10	59.7
g3388.t1	VFG013049(gb|WP_000983723)	23.348	227	144	6	37	251	22	230	3.75e-10	59.7
g3388.t1	VFG037392(gb|WP_000582124)	22.973	222	148	6	37	249	16	223	3.79e-10	59.7
g3388.t1	VFG016110(gb|WP_012074239)	30.222	225	130	7	36	250	343	550	4.22e-10	60.8
g3388.t1	VFG012577(gb|WP_000983702)	22.907	227	145	6	37	251	22	230	4.47e-10	59.7
g3388.t1	VFG016107(gb|WP_003137474)	26.667	225	135	7	38	250	344	550	4.55e-10	60.5
g3388.t1	VFG034214(gb|WP_000983710)	23.348	227	144	6	37	251	22	230	4.59e-10	59.3
g3388.t1	VFG013047(gb|WP_000983717)	23.348	227	144	6	37	251	22	230	5.09e-10	59.3
g3388.t1	VFG012578(gb|WP_000983714)	23.348	227	144	6	37	251	22	230	5.14e-10	59.3
g3388.t1	VFG012576(gb|WP_000983716)	22.907	227	145	6	37	251	22	230	6.91e-10	58.9
g3388.t1	VFG016029(gb|WP_011062372)	25.854	205	133	5	41	243	359	546	7.55e-10	60.1
g3388.t1	VFG034217(gb|WP_000983704)	23.348	227	144	6	37	251	22	230	7.58e-10	58.9
g3388.t1	VFG045715(gb|WP_012979218)	29.114	158	100	4	38	193	17	164	7.85e-10	57.8
g3388.t1	VFG037386(gb|WP_000582115)	22.624	221	148	5	38	249	17	223	8.55e-10	58.5
g3388.t1	VFG012579(gb|WP_000983706)	22.907	227	145	6	37	251	22	230	1.00e-09	58.5
g3388.t1	VFG019986(gb|WP_015886547)	29.255	188	116	5	42	221	24	202	1.44e-09	57.4
g3388.t1	VFG015820(gb|WP_012273662)	27.094	203	130	5	41	242	360	545	2.04e-09	58.5
g3388.t1	VFG016024(gb|WP_011267350)	25.581	215	138	6	41	254	359	552	2.13e-09	58.5
g3388.t1	VFG010865(gb|WP_011945967)	28.662	157	97	4	38	193	17	159	2.77e-09	56.2
g3388.t1	VFG005775(gb|WP_000403526)	27.895	190	123	4	36	222	16	194	3.20e-09	57.4
g3388.t1	VFG037390(gb|WP_000582116)	22.172	221	149	5	38	249	17	223	3.76e-09	56.6
g3388.t1	VFG015821(gb|WP_012315374)	25.743	202	132	5	41	241	359	543	4.53e-09	57.4
g3388.t1	VFG050113(gb|WP_000590108)	22.807	228	150	5	18	244	7	209	4.88e-09	56.6
g3388.t1	VFG022780(gb|WP_012395628)	25.652	230	124	7	41	250	644	846	6.82e-09	57.0
g3388.t1	VFG020086(gb|WP_012613545)	28.962	183	103	5	38	208	344	511	6.98e-09	57.0
g3388.t1	VFG001266(gb|NP_252912)	28.962	183	103	5	38	208	344	511	6.98e-09	57.0
g3388.t1	VFG044110(gb|WP_010929751)	26.549	226	151	7	38	255	18	236	8.29e-09	55.5
g3388.t1	VFG044441(gb|CAF25489)	28.682	129	86	2	131	254	47	174	8.62e-09	54.7
g3388.t1	VFG012580(gb|WP_000983712)	22.907	227	145	6	37	251	22	230	8.86e-09	55.5
g3388.t1	VFG044304(gb|WP_000588838)	25.446	224	139	7	37	249	351	557	8.97e-09	56.6
g3388.t1	VFG044091(gb|NP_252096)	28.761	226	116	7	23	224	326	530	9.65e-09	56.6
g3388.t1	VFG037395(gb|YP_005799714)	22.705	207	137	5	52	249	3	195	1.12e-08	54.7
g3388.t1	VFG009577(gb|WP_011741579)	25.652	230	124	7	41	250	644	846	1.21e-08	56.2
g3388.t1	VFG045332(gb|AHK25017)	26.457	223	135	9	51	272	34	228	1.43e-08	55.1
g3388.t1	VFG026729(gb|WP_020822014)	27.803	223	140	7	35	250	635	843	1.69e-08	55.8
g3388.t1	VFG010862(gb|WP_010946592)	28.662	157	97	4	38	193	17	159	2.62e-08	53.1
g3388.t1	VFG024068(gb|WP_014379607)	26.724	232	131	7	35	250	635	843	2.70e-08	55.5
g3388.t1	VFG010864(gb|WP_011215036)	28.025	157	98	4	38	193	17	159	2.93e-08	53.1
g3388.t1	VFG044219(gb|WP_000590068)	28.866	97	69	0	156	252	130	226	3.60e-08	53.5
g3388.t1	VFG036719(gb|WP_002243173)	23.288	219	136	8	18	235	7	194	4.04e-08	53.1
g3388.t1	VFG044100(gb|NP_253394)	28.959	221	138	9	38	250	17	226	4.15e-08	53.5
g3388.t1	VFG024067(gb|WP_036458564)	26.293	232	132	6	35	250	635	843	4.68e-08	54.7
g3388.t1	VFG026713(gb|WP_015356664)	25.217	230	125	7	41	250	644	846	4.94e-08	54.7
g3388.t1	VFG002563(gb|WP_004194035)	22.511	231	149	6	12	242	1	201	5.07e-08	52.8
g3388.t1	VFG036716(gb|WP_002215285)	23.364	214	132	7	37	249	20	202	5.25e-08	52.8
g3388.t1	VFG024064(gb|WP_043955645)	26.724	232	131	7	35	250	635	843	5.34e-08	54.3
g3388.t1	VFG024065(gb|WP_014711101)	26.724	232	131	7	35	250	635	843	5.45e-08	54.3
g3388.t1	VFG000160(gb|NP_251087)	26.570	207	128	8	41	243	359	545	5.45e-08	54.3
g3388.t1	VFG024066(gb|WP_026071504)	26.724	232	131	7	35	250	635	843	5.69e-08	54.3
g3388.t1	VFG006316(gb|WP_002218516)	23.000	200	128	6	37	235	20	194	7.22e-08	52.4
g3388.t1	VFG000258(gb|WP_002224750)	23.000	200	128	6	37	235	20	194	1.04e-07	51.6
g3388.t1	VFG026717(gb|YP_007961261)	34.831	89	55	2	162	250	58	143	1.21e-07	50.8
g3388.t1	VFG016027(gb|WP_041168379)	25.743	202	130	5	41	240	359	542	2.00e-07	52.4
g3388.t1	VFG020068(gb|WP_012723750)	24.757	206	134	6	41	243	359	546	3.35e-07	51.6
g3388.t1	VFG026747(gb|YP_005922614)	28.736	174	108	8	83	251	395	557	4.67e-07	51.2
g3388.t1	VFG037387(gb|YP_001085408)	27.174	92	67	0	158	249	88	179	7.88e-07	49.3
g3388.t1	VFG044405(gb|CAA57069)	29.279	222	139	9	30	250	331	535	9.73e-07	50.4
g3388.t1	VFG016030(gb|WP_011333314)	23.645	203	139	4	41	243	359	545	1.31e-06	49.7
g3388.t1	VFG002228(gb|WP_002963677)	23.744	219	137	6	35	248	46	239	1.53e-06	48.5
g3388.t1	VFG011493(gb|WP_006189961)	23.744	219	137	6	35	248	46	239	1.66e-06	48.5
g3388.t1	VFG019310(gb|WP_004686562)	23.744	219	137	6	35	248	46	239	1.67e-06	48.5
g3388.t1	VFG016026(gb|WP_010954971)	22.388	201	138	5	41	240	359	542	1.78e-06	49.3
g3388.t1	VFG044314(gb|WP_012492604)	24.528	212	131	7	41	242	371	563	3.58e-06	48.5
g3388.t1	VFG037056(gb|WP_180298705)	22.831	219	153	6	37	253	17	221	3.82e-06	47.4
g3388.t1	VFG026222(gb|WP_012327958)	24.299	214	127	10	17	227	6	187	4.35e-06	47.0
g3388.t1	VFG037046(gb|WP_176607322)	22.831	219	153	6	37	253	17	221	5.17e-06	47.0
g3388.t1	VFG037052(gb|WP_002229142)	23.182	220	151	7	37	253	17	221	5.31e-06	47.0
