g3612.t1	VFG000123(gb|NP_252231)	100.000	494	0	0	4	497	1	494	0.0	1009
g3612.t1	VFG014760(gb|WP_003138103)	99.798	494	1	0	4	497	1	494	0.0	1006
g3612.t1	VFG014759(gb|WP_074197298)	99.393	494	3	0	4	497	1	494	0.0	1005
g3612.t1	VFG015739(gb|WP_174142263)	80.122	493	98	0	5	497	1	493	0.0	838
g3612.t1	VFG014761(gb|WP_172679527)	82.794	494	85	0	4	497	1	494	0.0	838
g3612.t1	VFG014767(gb|WP_162865005)	83.198	494	83	0	4	497	1	494	0.0	837
g3612.t1	VFG014763(gb|WP_172685779)	82.389	494	87	0	4	497	1	494	0.0	833
g3612.t1	VFG014762(gb|WP_170846032)	82.389	494	87	0	4	497	1	494	0.0	833
g3612.t1	VFG019886(gb|WP_162471071)	82.150	493	88	0	5	497	1	493	0.0	824
g3612.t1	VFG014768(gb|WP_176247718)	83.164	493	83	0	5	497	1	493	0.0	821
g3612.t1	VFG015738(gb|WP_041166586)	79.716	493	100	0	5	497	1	493	0.0	820
g3612.t1	VFG014766(gb|WP_162042931)	79.310	493	102	0	5	497	1	493	0.0	818
g3612.t1	VFG014764(gb|WP_003251762)	79.716	493	100	0	5	497	1	493	0.0	815
g3612.t1	VFG014769(gb|WP_003243113)	79.716	493	100	0	5	497	1	493	0.0	800
