g1248.t1	VFG042389(gb|WP_000012013)	21.076	223	172	3	15	236	24	243	1.12e-14	70.9
g1248.t1	VFG048341(gb|WP_032694725)	29.379	177	118	3	59	233	62	233	2.93e-14	69.7
g1248.t1	VFG048343(gb|WP_012540634)	28.814	177	115	4	60	232	63	232	5.90e-13	65.9
g1248.t1	VFG048350(gb|WP_012967268)	28.249	177	116	4	60	232	63	232	1.58e-12	64.7
g1248.t1	VFG048344(gb|YP_005228642)	26.590	173	124	2	60	232	63	232	7.35e-12	62.8
g1248.t1	VFG042568(gb|WP_000012016)	19.731	223	175	3	15	236	24	243	7.41e-12	63.2
g1248.t1	VFG048348(gb|WP_004149658)	26.590	173	124	2	60	232	63	232	1.10e-11	62.4
g3372.t1	VFG048348(gb|WP_004149658)	34.361	227	129	9	32	252	20	232	2.99e-29	110
g3372.t1	VFG048344(gb|YP_005228642)	34.361	227	129	9	32	252	20	232	3.26e-29	110
g3372.t1	VFG048341(gb|WP_032694725)	29.148	223	146	4	32	252	20	232	5.91e-28	107
g3372.t1	VFG048350(gb|WP_012967268)	31.111	225	139	7	32	252	20	232	6.22e-27	104
g3372.t1	VFG048343(gb|WP_012540634)	31.111	225	139	7	32	252	20	232	1.38e-26	103
g3372.t1	VFG049933(gb|WP_011199086)	30.252	119	78	2	130	243	759	877	7.20e-10	58.9
g3372.t1	VFG049934(gb|WP_011181932)	30.252	119	78	2	130	243	759	877	7.26e-10	58.9
g3372.t1	VFG042389(gb|WP_000012013)	21.759	216	156	4	33	241	23	232	2.09e-08	53.5
g3372.t1	VFG042568(gb|WP_000012016)	21.296	216	157	4	33	241	23	232	1.11e-07	51.2
g3372.t1	VFG043139(gb|WP_005478021)	25.510	98	73	0	155	252	671	768	8.69e-06	46.6
