g1198.t1	VFG052281(gb|WP_006768076.1)	34.242	330	203	9	66	388	82	404	9.97e-39	148
g1198.t1	VFG052282(gb|WP_011014937.1)	33.566	286	183	4	66	346	63	346	1.07e-38	148
g1198.t1	VFG052284(gb|WP_011897576.1)	33.566	286	183	4	66	346	63	346	1.10e-38	148
g1198.t1	VFG052280(gb|WP_041628076.1)	34.722	288	171	7	67	342	58	340	7.03e-37	139
g1198.t1	VFG052286(gb|WP_013242860.1)	35.252	278	171	4	66	338	60	333	2.47e-35	135
g1198.t1	VFG052141(gb|WP_041314378.1)	34.768	302	169	10	66	346	44	338	3.43e-33	129
g1198.t1	VFG052130(gb|WP_011893846.1)	35.570	298	166	9	66	343	44	335	1.43e-31	124
g1198.t1	VFG052131(gb|WP_013471456.1)	35.570	298	166	9	66	343	44	335	1.51e-31	124
g1198.t1	VFG052166(gb|WP_197095512.1)	32.997	297	174	6	66	343	49	339	3.52e-30	120
g1198.t1	VFG052136(gb|WP_193375019.1)	32.997	297	174	6	66	343	49	339	3.88e-30	120
g1198.t1	VFG052137(gb|WP_010908002.1)	34.551	301	165	12	66	343	45	336	4.43e-30	120
g1198.t1	VFG052165(gb|WP_011780742.1)	34.551	301	171	10	66	346	44	338	5.56e-30	120
g1198.t1	VFG052132(gb|WP_193375232.1)	34.333	300	166	10	66	343	49	339	1.09e-29	119
g1198.t1	VFG052133(gb|WP_026071577.1)	34.448	299	167	10	66	343	49	339	1.85e-29	119
g1198.t1	VFG052155(gb|NP_216697.1)	31.392	309	188	7	66	356	45	347	2.24e-29	118
g1198.t1	VFG052159(gb|YP_005923399.1)	31.392	309	188	7	66	356	29	331	2.99e-29	117
g1198.t1	VFG052116(gb|WP_003910520.1)	31.392	309	188	7	66	356	45	347	3.99e-29	117
g1198.t1	VFG052144(gb|WP_011856051.1)	32.639	288	185	6	66	346	41	326	5.82e-29	117
g1198.t1	VFG052145(gb|WP_011560659.1)	32.639	288	185	6	66	346	41	326	6.17e-29	117
g1198.t1	VFG052128(gb|WP_015290469.1)	32.362	309	185	8	66	356	45	347	1.77e-28	115
g1198.t1	VFG052129(gb|WP_015293511.1)	32.686	309	184	8	66	356	45	347	6.93e-28	114
g1198.t1	VFG052163(gb|YP_007958225.1)	30.405	296	184	6	66	343	45	336	2.58e-27	112
g1198.t1	VFG052142(gb|WP_014877982.1)	34.740	308	168	10	66	346	44	345	9.93e-27	111
g1198.t1	VFG052285(gb|WP_011273928.1)	31.385	325	192	6	66	373	49	359	4.22e-26	109
g1198.t1	VFG052117(gb|WP_010949412.1)	34.154	325	189	9	66	374	48	363	4.19e-25	106
g1198.t1	VFG052143(gb|WP_013828658.1)	32.542	295	180	6	66	343	45	337	1.18e-24	105
g1198.t1	VFG052139(gb|WP_041299332.1)	33.333	297	180	9	66	346	45	339	2.35e-24	104
g1198.t1	VFG052164(gb|WP_011741291.1)	33.333	297	180	9	66	346	45	339	3.13e-24	103
g1198.t1	VFG052140(gb|WP_012394888.1)	33.333	297	180	9	66	346	45	339	3.97e-24	103
g1198.t1	VFG052115(gb|WP_005117590.1)	30.422	332	211	8	64	391	45	360	2.14e-19	89.7
g1198.t1	VFG052114(gb|WP_005065133.1)	30.422	332	211	8	64	391	45	360	3.90e-19	89.0
g1198.t1	VFG052288(gb|WP_011014935.1)	29.252	294	187	8	66	341	61	351	4.50e-18	85.9
g1198.t1	VFG052290(gb|WP_011897574.1)	28.571	294	189	7	66	341	61	351	4.85e-18	85.5
g1198.t1	VFG052113(gb|WP_005112852.1)	30.000	290	192	6	64	349	45	327	6.55e-18	85.1
g1198.t1	VFG052287(gb|WP_006768073.1)	27.378	347	226	11	16	341	2	343	9.15e-18	85.1
g1146.t1	VFG052286(gb|WP_013242860.1)	35.740	277	171	4	69	341	60	333	2.10e-37	141
g1146.t1	VFG052282(gb|WP_011014937.1)	30.556	288	193	4	69	351	63	348	4.41e-37	144
g1146.t1	VFG052284(gb|WP_011897576.1)	30.556	288	193	4	69	351	63	348	4.62e-37	144
g1146.t1	VFG052280(gb|WP_041628076.1)	33.681	288	174	7	70	345	58	340	5.81e-35	134
g1146.t1	VFG052281(gb|WP_006768076.1)	31.438	299	198	5	69	362	82	378	1.31e-33	133
g1146.t1	VFG052137(gb|WP_010908002.1)	33.030	330	192	12	39	346	14	336	2.91e-30	121
g1146.t1	VFG052141(gb|WP_041314378.1)	33.993	303	170	12	69	349	44	338	6.03e-30	120
g1146.t1	VFG052163(gb|YP_007958225.1)	31.757	296	180	8	69	346	45	336	1.44e-29	119
g1146.t1	VFG052155(gb|NP_216697.1)	32.095	296	179	8	69	346	45	336	1.51e-29	119
g1146.t1	VFG052116(gb|WP_003910520.1)	32.095	296	179	8	69	346	45	336	1.88e-29	119
g1146.t1	VFG052159(gb|YP_005923399.1)	32.095	296	179	8	69	346	29	320	2.34e-29	118
g1146.t1	VFG052136(gb|WP_193375019.1)	32.660	297	175	9	69	346	49	339	2.88e-29	118
g1146.t1	VFG052166(gb|WP_197095512.1)	32.660	297	175	9	69	346	49	339	3.12e-29	118
g1146.t1	VFG052132(gb|WP_193375232.1)	32.660	297	175	9	69	346	49	339	7.82e-29	117
g1146.t1	VFG052133(gb|WP_026071577.1)	34.007	297	171	12	69	346	49	339	1.38e-28	116
g1146.t1	VFG052285(gb|WP_011273928.1)	32.822	326	186	12	69	376	49	359	3.74e-28	115
g1146.t1	VFG052143(gb|WP_013828658.1)	31.564	358	215	10	69	405	45	393	1.85e-27	113
g1146.t1	VFG052130(gb|WP_011893846.1)	34.448	299	168	10	69	346	44	335	1.91e-27	113
g1146.t1	VFG052131(gb|WP_013471456.1)	34.448	299	168	10	69	346	44	335	2.18e-27	113
g1146.t1	VFG052129(gb|WP_015293511.1)	31.757	296	180	9	69	346	45	336	4.63e-27	112
g1146.t1	VFG052128(gb|WP_015290469.1)	31.081	296	182	9	69	346	45	336	1.78e-26	110
g1146.t1	VFG052165(gb|WP_011780742.1)	33.775	302	172	11	69	349	44	338	3.08e-26	109
g1146.t1	VFG052145(gb|WP_011560659.1)	32.653	294	177	12	69	349	41	326	3.26e-26	109
g1146.t1	VFG052144(gb|WP_011856051.1)	32.653	294	177	12	69	349	41	326	3.32e-26	109
g1146.t1	VFG052142(gb|WP_014877982.1)	35.048	311	163	15	69	349	44	345	1.89e-24	104
g1146.t1	VFG052139(gb|WP_041299332.1)	31.683	303	177	10	69	349	45	339	7.46e-24	102
g1146.t1	VFG052164(gb|WP_011741291.1)	31.544	298	184	8	69	349	45	339	2.45e-23	101
g1146.t1	VFG052140(gb|WP_012394888.1)	31.353	303	178	10	69	349	45	339	3.22e-23	100
g1146.t1	VFG052117(gb|WP_010949412.1)	33.233	331	184	14	69	377	48	363	3.34e-22	98.2
g1146.t1	VFG052287(gb|WP_006768073.1)	28.923	325	203	11	42	344	25	343	1.66e-21	96.3
g1146.t1	VFG052115(gb|WP_005117590.1)	30.897	301	189	7	67	359	45	334	2.43e-20	92.8
g1146.t1	VFG052114(gb|WP_005065133.1)	31.229	301	188	7	67	359	45	334	3.39e-20	92.4
g1146.t1	VFG052113(gb|WP_005112852.1)	31.298	262	158	7	103	352	76	327	1.19e-19	90.5
g1146.t1	VFG052288(gb|WP_011014935.1)	29.097	299	181	11	69	344	61	351	4.57e-19	89.0
g1146.t1	VFG052290(gb|WP_011897574.1)	27.576	330	208	11	69	375	61	382	6.32e-19	88.2
