g768.t1	VFG022911(gb|WP_012396470)	30.655	473	269	18	18	458	22	467	9.87e-31	124
g768.t1	VFG027137(gb|WP_015357321)	30.655	473	269	18	18	458	22	467	1.12e-30	123
g768.t1	VFG009817(gb|WP_011738793)	30.655	473	269	18	18	458	22	467	1.14e-30	123
g768.t1	VFG052339(gb|NP_463156.1)	30.686	277	172	8	176	443	73	338	8.01e-28	113
g768.t1	VFG009880(gb|WP_203431724)	33.333	297	169	10	172	450	149	434	2.14e-27	114
g768.t1	VFG009882(gb|WP_011561678)	34.783	276	152	10	192	450	188	452	6.23e-27	113
g768.t1	VFG009881(gb|WP_011856925)	34.783	276	152	10	192	450	188	452	8.99e-27	112
g768.t1	VFG009879(gb|WP_173362732)	33.758	314	172	10	172	458	142	446	1.34e-26	111
g768.t1	VFG009876(gb|WP_010907576)	35.395	291	152	14	171	437	160	438	9.27e-26	109
g768.t1	VFG009874(gb|WP_003877497)	35.125	279	155	11	188	450	187	455	1.81e-25	108
g768.t1	VFG009872(gb|WP_003405123)	33.452	281	157	11	188	450	183	451	4.34e-25	107
g768.t1	VFG027234(gb|WP_015292586)	33.452	281	157	11	188	450	183	451	4.85e-25	107
g768.t1	VFG009875(gb|WP_019732008)	35.125	279	155	11	188	450	187	455	5.81e-25	107
g768.t1	VFG009869(gb|NP_215497)	33.452	281	157	11	188	450	183	451	9.96e-25	106
g768.t1	VFG027248(gb|YP_005359673)	33.452	281	157	11	188	450	66	334	1.08e-24	105
g768.t1	VFG024195(gb|WP_008254067)	34.409	279	157	10	188	450	187	455	1.48e-24	106
g768.t1	VFG022949(gb|WP_013827875)	32.534	292	165	11	188	458	183	463	1.50e-24	105
g768.t1	VFG024194(gb|WP_036397793)	34.409	279	157	10	188	450	187	455	1.60e-24	106
g768.t1	VFG024196(gb|WP_036390311)	34.409	279	157	10	188	450	187	455	1.84e-24	105
g768.t1	VFG018397(gb|WP_001031692)	25.615	488	305	17	6	457	12	477	2.45e-24	105
g768.t1	VFG009877(gb|WP_011742227)	33.096	281	158	11	188	450	183	451	2.71e-24	105
g768.t1	VFG009878(gb|WP_014878346)	34.182	275	151	11	194	450	190	452	3.81e-24	104
g768.t1	VFG022943(gb|YP_001701821)	31.930	285	148	10	194	452	200	464	7.54e-23	100
g768.t1	VFG027236(gb|WP_014850324)	31.930	285	148	10	194	452	191	455	9.70e-23	100
g768.t1	VFG027230(gb|WP_005063389)	31.930	285	148	10	194	452	191	455	9.70e-23	100
g768.t1	VFG027254(gb|WP_015309037)	32.867	286	140	9	194	450	195	457	1.03e-22	100
g768.t1	VFG004056(gb|WP_001031689)	25.261	479	318	16	6	457	12	477	1.10e-22	100
g768.t1	VFG027154(gb|WP_020821555)	30.769	325	160	10	178	458	163	466	1.11e-22	100
g768.t1	VFG024170(gb|WP_014381773)	30.769	325	160	10	178	458	163	466	1.11e-22	100
g768.t1	VFG000474(gb|NP_460200)	25.261	479	318	16	6	457	12	477	1.21e-22	100
g768.t1	VFG021077(gb|WP_001031685)	25.261	479	318	16	6	457	12	477	1.43e-22	100
g768.t1	VFG024171(gb|WP_014710887)	30.769	325	160	10	178	458	163	466	1.80e-22	99.8
g768.t1	VFG031693(gb|WP_013470605)	35.266	207	118	9	248	443	162	363	2.64e-21	95.5
g768.t1	VFG027142(gb|YP_007960665)	31.641	256	129	8	228	458	9	243	4.44e-21	92.4
g768.t1	VFG022917(gb|WP_013830538)	31.310	313	174	10	178	458	165	468	6.02e-21	95.1
g768.t1	VFG024169(gb|WP_099961986)	29.909	331	157	13	178	458	181	486	8.72e-21	94.7
g768.t1	VFG031676(gb|WP_011891086)	34.783	207	119	9	248	443	162	363	9.43e-21	94.0
g768.t1	VFG031683(gb|WP_011778104)	34.300	207	120	9	248	443	162	363	1.19e-20	93.6
g768.t1	VFG031685(gb|YP_001704776)	35.749	207	117	9	248	443	160	361	1.55e-20	94.0
g768.t1	VFG009816(gb|WP_165928405)	30.000	330	165	11	173	458	158	465	1.89e-20	93.6
g768.t1	VFG009815(gb|WP_162830471)	30.000	330	165	11	173	458	158	465	1.98e-20	93.6
g768.t1	VFG009819(gb|WP_041799901)	31.348	319	168	12	178	458	154	459	2.41e-20	93.6
g768.t1	VFG027135(gb|WP_015289263)	29.969	327	162	11	178	458	162	467	2.93e-20	93.2
g768.t1	VFG031699(gb|WP_005062022)	35.266	207	118	9	248	443	160	361	7.49e-20	91.7
g768.t1	VFG027133(gb|WP_015287911)	29.664	327	163	11	178	458	162	467	7.50e-20	91.7
g768.t1	VFG009812(gb|WP_003898576)	29.664	327	163	11	178	458	162	467	7.99e-20	91.7
g768.t1	VFG027147(gb|YP_007956930)	29.664	327	163	11	178	458	162	467	8.33e-20	91.7
g768.t1	VFG009822(gb|WP_011561966)	27.183	504	264	17	10	458	8	463	8.83e-20	91.7
g768.t1	VFG027151(gb|YP_005922066)	32.068	237	115	7	247	458	3	218	9.31e-20	88.2
g768.t1	VFG009813(gb|WP_003403870)	29.664	327	163	11	178	458	162	467	9.50e-20	91.7
g768.t1	VFG009810(gb|NP_215272)	31.641	256	129	8	228	458	233	467	9.95e-20	91.3
g768.t1	VFG022913(gb|WP_013988770)	31.641	256	129	8	228	458	233	467	1.81e-19	90.5
g768.t1	VFG009821(gb|WP_011857087)	26.984	504	265	19	10	458	8	463	1.97e-19	90.5
g768.t1	VFG027181(gb|WP_005092753)	27.688	372	227	16	106	458	87	435	2.06e-19	90.1
g768.t1	VFG027136(gb|WP_015292432)	29.052	327	165	10	178	458	162	467	2.43e-19	90.1
g768.t1	VFG022914(gb|WP_014000393)	29.052	327	165	10	178	458	162	467	2.83e-19	90.1
g768.t1	VFG022927(gb|YP_001701701)	27.419	372	228	16	106	458	120	468	3.32e-19	89.7
g768.t1	VFG009820(gb|WP_036377494)	28.615	325	167	10	178	458	164	467	4.98e-19	89.4
g768.t1	VFG031677(gb|WP_014876913)	32.701	211	118	8	248	443	162	363	1.69e-18	87.0
g768.t1	VFG031691(gb|WP_013827420)	34.615	208	118	10	248	443	164	365	2.80e-18	86.3
g768.t1	VFG011634(gb|WP_006191047)	28.522	291	167	10	177	437	291	570	2.85e-18	87.4
g768.t1	VFG018297(gb|WP_004691160)	28.522	291	167	10	177	437	291	570	2.92e-18	87.4
g768.t1	VFG011635(gb|WP_006014486)	28.866	291	166	10	177	437	291	570	3.03e-18	87.4
g768.t1	VFG011632(gb|WP_002965157)	28.866	291	166	10	177	437	291	570	3.50e-18	87.0
g768.t1	VFG011631(gb|WP_004684547)	28.866	291	166	10	177	437	291	570	3.53e-18	87.0
g768.t1	VFG041841(gb|WP_011136181)	32.180	289	167	10	151	433	118	383	4.05e-18	85.9
g768.t1	VFG027156(gb|WP_085976583)	30.189	318	174	11	178	458	162	468	4.74e-18	86.3
g768.t1	VFG019282(gb|WP_006071786)	28.522	291	167	10	177	437	291	570	5.14e-18	86.7
g768.t1	VFG032654(gb|WP_003747594)	24.675	308	215	7	163	458	174	476	8.70e-18	85.5
g768.t1	VFG031721(gb|WP_198345043)	33.649	211	116	8	248	443	150	351	1.33e-17	84.3
g768.t1	VFG032653(gb|WP_014092758)	24.675	308	215	7	163	458	174	476	1.84e-17	84.3
g768.t1	VFG038238(gb|WP_000226703)	26.715	277	183	7	196	458	243	513	1.87e-17	84.7
g768.t1	VFG022926(gb|WP_036426280)	25.693	397	239	14	98	458	67	443	2.81e-17	83.6
g768.t1	VFG006833(gb|WP_011702190)	24.351	308	213	7	167	458	173	476	2.97e-17	84.0
g768.t1	VFG027186(gb|WP_041299634)	25.693	397	239	14	98	458	67	443	3.08e-17	83.6
g768.t1	VFG027132(gb|WP_005064129)	26.392	485	292	14	7	458	12	464	5.33e-17	83.2
g768.t1	VFG022933(gb|WP_013827764)	26.870	361	223	11	119	458	101	441	5.35e-17	82.8
g768.t1	VFG006830(gb|NP_464903)	24.351	308	213	7	167	458	173	476	6.43e-17	82.8
g768.t1	VFG031678(gb|WP_011854538)	32.381	210	120	8	248	443	162	363	6.55e-17	82.0
g768.t1	VFG031679(gb|WP_011558086)	32.381	210	120	8	248	443	162	363	6.61e-17	82.0
g768.t1	VFG009818(gb|WP_014878477)	30.435	230	114	7	239	443	247	455	6.76e-17	82.8
g768.t1	VFG038243(gb|WP_134815986)	26.766	269	177	7	196	450	247	509	6.87e-17	82.8
g768.t1	VFG038237(gb|WP_000226704)	26.354	277	184	7	196	458	243	513	7.05e-17	82.8
g768.t1	VFG038240(gb|WP_043960856)	26.766	269	177	7	196	450	262	524	7.50e-17	82.8
g768.t1	VFG019396(gb|WP_003736550)	24.351	308	213	7	167	458	173	476	7.84e-17	82.4
g768.t1	VFG038231(gb|WP_000472465)	26.766	269	177	7	196	450	262	524	8.20e-17	82.8
g768.t1	VFG006832(gb|WP_003771747)	24.351	308	213	7	167	458	173	476	8.43e-17	82.4
g768.t1	VFG022912(gb|YP_001701426)	26.392	485	292	14	7	458	34	486	8.79e-17	82.4
g768.t1	VFG032638(gb|WP_014654264)	24.351	308	213	7	167	458	173	476	8.81e-17	82.4
g768.t1	VFG038232(gb|WP_001985884)	26.766	269	177	7	196	450	262	524	9.21e-17	82.4
g768.t1	VFG038235(gb|YP_001083791)	26.766	269	177	7	196	450	188	450	9.46e-17	82.4
g768.t1	VFG009839(gb|NP_215417)	26.027	365	228	12	116	458	99	443	1.06e-16	82.0
g768.t1	VFG027184(gb|WP_015289381)	26.027	365	228	12	116	458	99	443	1.30e-16	81.6
g768.t1	VFG009847(gb|WP_011738613)	25.441	397	240	14	98	458	67	443	1.70e-16	81.3
g768.t1	VFG027203(gb|WP_015632690)	25.693	397	238	15	98	458	67	442	2.89e-16	80.5
g768.t1	VFG024182(gb|WP_008253899)	26.650	394	238	16	98	458	67	442	3.96e-16	80.1
g768.t1	VFG009845(gb|WP_011723897)	25.693	397	238	15	98	458	67	442	4.62e-16	80.1
g768.t1	VFG009848(gb|WP_011730694)	27.059	340	207	11	119	437	103	422	5.16e-15	76.6
g768.t1	VFG031703(gb|WP_015292194)	33.645	214	112	10	248	443	161	362	7.75e-15	75.9
g768.t1	VFG031669(gb|NP_215004)	33.645	214	112	10	248	443	161	362	8.07e-15	75.9
g768.t1	VFG031675(gb|WP_011799109)	33.645	214	112	10	248	443	161	362	8.14e-15	75.9
g768.t1	VFG031686(gb|WP_003910136)	33.645	214	112	10	248	443	161	362	8.71e-15	75.9
g768.t1	VFG031674(gb|WP_085989560)	33.981	206	118	10	248	441	160	359	1.10e-14	75.5
g768.t1	VFG009846(gb|WP_010908723)	26.486	370	222	14	116	458	99	445	2.00e-14	75.1
g768.t1	VFG027204(gb|WP_015309198)	26.855	283	179	8	180	445	159	430	2.62e-14	74.7
g768.t1	VFG031673(gb|WP_010950191)	32.692	208	118	8	248	441	160	359	4.18e-14	73.9
g768.t1	VFG009851(gb|WP_011561826)	28.809	361	195	18	107	437	95	423	5.15e-14	73.6
g768.t1	VFG027195(gb|YP_007957055)	25.410	366	230	13	116	458	99	444	5.18e-14	73.6
g768.t1	VFG015068(gb|WP_003156446)	27.706	231	146	7	245	458	284	510	9.10e-14	73.6
g768.t1	VFG011123(gb|WP_010926708)	30.806	211	106	9	245	429	720	916	1.00e-13	73.6
g768.t1	VFG009849(gb|WP_011892634)	28.521	284	174	11	172	437	151	423	1.05e-13	72.8
g768.t1	VFG011122(gb|WP_010928858)	30.806	211	106	9	245	429	720	916	1.21e-13	73.6
g768.t1	VFG015067(gb|NP_249619)	27.273	231	147	7	245	458	284	510	1.23e-13	73.2
g768.t1	VFG015070(gb|WP_011103673)	27.391	230	148	5	245	458	285	511	1.44e-13	73.2
g768.t1	VFG015075(gb|WP_011532652)	24.202	376	223	10	139	458	143	512	1.60e-13	72.8
g768.t1	VFG031671(gb|WP_010908900)	34.434	212	109	10	248	441	159	358	1.79e-13	72.0
g768.t1	VFG002045(gb|WP_010930608)	30.332	211	107	9	245	429	720	916	2.13e-13	72.8
g768.t1	VFG015071(gb|WP_011268595)	27.391	230	148	5	245	458	285	511	2.58e-13	72.4
g768.t1	VFG015072(gb|WP_011169248)	27.391	230	148	5	245	458	285	511	2.86e-13	72.0
g768.t1	VFG031694(gb|WP_008261206)	33.493	209	115	9	248	441	160	359	3.78e-13	70.9
g768.t1	VFG015073(gb|WP_010952710)	26.957	230	149	5	245	458	286	512	3.86e-13	71.6
g768.t1	VFG031690(gb|WP_012392756)	32.381	210	116	7	248	441	160	359	3.86e-13	70.9
g768.t1	VFG031682(gb|WP_094987106)	32.381	210	116	7	248	441	160	359	4.04e-13	70.9
g768.t1	VFG001747(gb|WP_002209035)	31.156	199	125	7	244	435	397	590	5.67e-13	71.2
g768.t1	VFG001213(gb|NP_253236)	29.358	218	135	7	250	457	315	523	6.37e-13	70.5
g768.t1	VFG015074(gb|WP_012053464)	26.957	230	149	5	245	458	286	512	6.47e-13	70.9
g768.t1	VFG018953(gb|WP_012304703)	31.156	199	125	7	244	435	397	590	7.19e-13	70.9
g768.t1	VFG003358(gb|WP_011191566)	31.156	199	125	7	244	435	397	590	7.25e-13	70.9
g768.t1	VFG019761(gb|WP_012614544)	29.358	218	135	7	250	457	315	523	7.54e-13	70.5
g768.t1	VFG015783(gb|WP_012313127)	26.957	230	149	5	245	458	286	512	9.35e-13	70.5
g768.t1	VFG013995(gb|WP_003150028)	28.440	218	137	7	250	457	315	523	1.04e-12	69.7
g768.t1	VFG009850(gb|WP_011782154)	27.507	349	211	16	116	444	103	429	1.06e-12	69.7
g768.t1	VFG041577(gb|WP_012847750)	28.959	221	148	5	245	460	389	605	1.23e-12	70.1
g768.t1	VFG003825(gb|WP_001050780)	28.099	242	158	7	228	460	379	613	1.36e-12	70.1
g768.t1	VFG015782(gb|WP_012270935)	26.522	230	150	5	245	458	286	512	1.47e-12	69.7
g768.t1	VFG010917(gb|WP_011946809)	24.242	231	158	4	244	460	297	524	1.67e-12	69.7
g768.t1	VFG001888(gb|WP_010947629)	24.242	231	158	4	244	460	297	524	1.67e-12	69.7
g768.t1	VFG010915(gb|WP_011214165)	24.242	231	158	4	244	460	297	524	1.94e-12	69.3
g768.t1	VFG017284(gb|WP_012105858)	30.653	199	126	7	244	435	397	590	1.98e-12	69.3
g768.t1	VFG031713(gb|YP_007956676)	32.558	215	114	11	248	443	161	363	2.01e-12	68.6
g768.t1	VFG019942(gb|WP_012724914)	26.522	230	150	5	245	458	285	511	2.36e-12	69.3
g768.t1	VFG007490(gb|WP_001881834)	27.897	233	146	7	236	460	121	339	2.84e-12	67.8
g768.t1	VFG003824(gb|WP_001050755)	27.686	242	159	7	228	460	379	613	4.25e-12	68.6
g768.t1	VFG020694(gb|WP_001050767)	27.686	242	159	7	228	460	379	613	4.33e-12	68.6
g768.t1	VFG020700(gb|WP_001050758)	27.686	242	159	7	228	460	379	613	4.44e-12	68.2
g768.t1	VFG018488(gb|WP_001050778)	27.686	242	159	7	228	460	379	613	4.44e-12	68.2
g768.t1	VFG003823(gb|WP_001050754)	27.686	242	159	7	228	460	379	613	4.60e-12	68.2
g768.t1	VFG020693(gb|WP_001050764)	27.686	242	159	7	228	460	379	613	4.68e-12	68.2
g768.t1	VFG020698(gb|WP_001050776)	27.686	242	159	7	228	460	379	613	6.47e-12	67.8
g768.t1	VFG003826(gb|WP_001539908)	27.686	242	159	7	228	460	379	613	6.47e-12	67.8
g768.t1	VFG020699(gb|WP_001050765)	27.686	242	159	7	228	460	379	613	6.52e-12	67.8
g768.t1	VFG018487(gb|WP_001050783)	24.355	349	221	12	147	460	273	613	6.70e-12	67.8
g768.t1	VFG000493(gb|NP_460357)	27.686	242	159	7	228	460	379	613	6.70e-12	67.8
g768.t1	VFG007495(gb|WP_011262362)	31.532	222	118	12	236	443	121	322	6.85e-12	66.6
g768.t1	VFG020695(gb|WP_001050774)	27.686	242	159	7	228	460	379	613	6.88e-12	67.8
g768.t1	VFG041873(gb|WP_080509010)	24.439	401	249	13	89	449	226	612	7.75e-12	67.8
g768.t1	VFG045729(gb|WP_085956275)	25.641	234	145	7	244	455	297	523	8.16e-12	67.4
g768.t1	VFG015079(gb|WP_185745811)	26.636	214	140	4	245	444	284	494	1.07e-11	67.0
g768.t1	VFG015076(gb|WP_011062714)	26.522	230	150	5	245	458	285	511	1.23e-11	67.0
g768.t1	VFG023574(gb|WP_013649086)	30.288	208	133	7	243	443	396	598	1.30e-11	67.0
g768.t1	VFG015077(gb|WP_041475601)	26.522	230	150	5	245	458	285	511	1.76e-11	66.6
g768.t1	VFG015078(gb|WP_012018243)	26.087	230	151	5	245	458	284	510	1.87e-11	66.2
g768.t1	VFG014001(gb|WP_003243065)	25.806	217	144	5	250	457	315	523	3.96e-11	65.1
g768.t1	VFG010916(gb|WP_011215874)	23.810	231	159	4	244	460	297	524	4.17e-11	65.1
g768.t1	VFG020697(gb|WP_001050770)	27.273	242	160	7	228	460	379	613	5.78e-11	64.7
g768.t1	VFG027245(gb|YP_007957124)	31.280	211	122	9	188	387	14	212	2.00e-10	60.5
g768.t1	VFG007493(gb|WP_011079831)	27.468	233	147	7	236	460	118	336	4.16e-10	60.8
g768.t1	VFG014002(gb|WP_011914664)	27.523	218	139	7	250	457	315	523	5.53e-10	61.2
g768.t1	VFG042914(gb|WP_012030772)	26.697	221	131	9	250	455	362	566	7.27e-10	60.8
g768.t1	VFG038761(gb|WP_005320182)	25.806	248	155	10	223	460	106	334	2.47e-09	58.5
g768.t1	VFG038762(gb|WP_005350683)	27.481	262	161	10	209	460	92	334	3.59e-09	58.2
g768.t1	VFG007492(gb|WP_005457625)	26.778	239	141	10	236	460	118	336	7.80e-09	57.0
g768.t1	VFG014000(gb|WP_011335993)	27.523	218	138	7	250	457	315	522	1.97e-08	56.2
g768.t1	VFG050686(gb|YP_001083312.1)	26.168	214	142	8	250	459	221	422	1.98e-08	56.2
g768.t1	VFG050689(gb|WP_002037247.1)	26.168	214	142	8	250	459	304	505	1.99e-08	56.2
g768.t1	VFG050685(gb|WP_001160337.1)	26.168	214	142	9	250	459	319	520	2.41e-08	56.2
g768.t1	VFG013999(gb|WP_011167665)	26.457	223	135	9	250	457	315	523	2.93e-08	55.8
g768.t1	VFG050688(gb|WP_002001070.1)	24.766	214	145	8	250	459	304	505	3.16e-08	55.8
g768.t1	VFG038759(gb|WP_011706627)	26.692	266	158	12	209	460	92	334	3.30e-08	55.1
g768.t1	VFG050682(gb|WP_001160333.1)	24.766	214	145	8	250	459	319	520	3.37e-08	55.8
g768.t1	VFG038760(gb|WP_016351312)	26.692	266	158	12	209	460	92	334	6.69e-08	54.3
g768.t1	VFG042669(gb|WP_006485030)	28.571	238	134	8	245	458	335	560	8.69e-08	54.7
g768.t1	VFG041120(gb|WP_011205628)	43.836	73	39	2	388	458	519	591	1.32e-07	53.9
g768.t1	VFG006824(gb|WP_003762796)	21.429	224	159	6	243	457	119	334	1.88e-07	52.8
g768.t1	VFG013998(gb|WP_003403505)	25.229	218	144	6	250	457	315	523	6.12e-07	51.6
g768.t1	VFG013997(gb|WP_005769277)	25.792	221	140	8	250	457	315	524	1.63e-06	50.4
g768.t1	VFG015679(gb|WP_012315527)	28.696	230	145	6	236	459	180	396	7.63e-06	48.1
g768.t1	VFG043346(gb|WP_010947489)	33.645	107	66	4	355	459	234	337	8.54e-06	47.8
g2517.t1	VFG041841(gb|WP_011136181)	42.708	288	152	5	153	437	131	408	4.38e-51	177
g2517.t1	VFG052339(gb|NP_463156.1)	28.188	298	204	5	136	428	51	343	9.49e-26	107
g2517.t1	VFG032638(gb|WP_014654264)	25.402	311	196	9	156	440	179	479	9.49e-19	88.2
g2517.t1	VFG006832(gb|WP_003771747)	25.402	311	196	9	156	440	179	479	1.09e-18	88.2
g2517.t1	VFG019396(gb|WP_003736550)	25.402	311	196	9	156	440	179	479	1.11e-18	88.2
g2517.t1	VFG006830(gb|NP_464903)	25.402	311	196	9	156	440	179	479	1.17e-18	87.8
g2517.t1	VFG006833(gb|WP_011702190)	25.890	309	193	9	156	438	179	477	1.20e-18	87.8
g2517.t1	VFG032654(gb|WP_003747594)	24.759	311	198	9	156	440	179	479	5.10e-18	85.9
g2517.t1	VFG027203(gb|WP_015632690)	28.117	377	221	14	89	437	88	442	1.92e-17	84.0
g2517.t1	VFG009845(gb|WP_011723897)	28.117	377	221	14	89	437	88	442	2.22e-17	84.0
g2517.t1	VFG032653(gb|WP_014092758)	25.540	278	186	7	156	415	179	453	2.72e-17	84.0
g2517.t1	VFG022911(gb|WP_012396470)	34.951	206	111	7	224	415	248	444	1.41e-16	81.6
g2517.t1	VFG027137(gb|WP_015357321)	34.951	206	111	7	224	415	248	444	1.48e-16	81.6
g2517.t1	VFG009817(gb|WP_011738793)	34.951	206	111	7	224	415	248	444	1.50e-16	81.6
g2517.t1	VFG022917(gb|WP_013830538)	30.861	337	180	11	116	415	125	445	2.28e-16	80.9
g2517.t1	VFG009875(gb|WP_019732008)	31.679	262	144	9	174	414	192	439	2.61e-15	77.8
g2517.t1	VFG022933(gb|WP_013827764)	26.998	463	277	20	2	437	13	441	3.18e-15	77.4
g2517.t1	VFG009876(gb|WP_010907576)	30.000	280	159	10	174	431	188	452	3.43e-15	77.4
g2517.t1	VFG022943(gb|YP_001701821)	30.797	276	128	12	174	414	199	446	3.75e-15	77.4
g2517.t1	VFG024182(gb|WP_008253899)	27.056	377	225	14	89	437	88	442	4.38e-15	76.6
g2517.t1	VFG009874(gb|WP_003877497)	31.298	262	145	9	174	414	192	439	6.44e-15	76.6
g2517.t1	VFG024196(gb|WP_036390311)	32.319	263	141	12	174	414	192	439	1.79e-14	75.1
g2517.t1	VFG024194(gb|WP_036397793)	32.319	263	141	12	174	414	192	439	1.87e-14	75.1
g2517.t1	VFG009877(gb|WP_011742227)	30.534	262	147	11	174	414	188	435	2.04e-14	75.1
g2517.t1	VFG024195(gb|WP_008254067)	32.319	263	141	12	174	414	192	439	2.10e-14	75.1
g2517.t1	VFG022949(gb|WP_013827875)	30.279	251	162	7	174	414	188	435	3.68e-14	73.9
g2517.t1	VFG027230(gb|WP_005063389)	30.435	276	129	12	174	414	190	437	4.68e-14	73.9
g2517.t1	VFG027236(gb|WP_014850324)	30.435	276	129	12	174	414	190	437	5.40e-14	73.6
g2517.t1	VFG022912(gb|YP_001701426)	32.227	211	104	6	224	413	269	461	5.97e-14	73.6
g2517.t1	VFG027132(gb|WP_005064129)	31.754	211	105	6	224	413	247	439	6.07e-14	73.6
g2517.t1	VFG009848(gb|WP_011730694)	28.395	324	200	12	108	410	103	415	6.99e-14	73.2
g2517.t1	VFG027156(gb|WP_085976583)	32.683	205	118	5	224	415	248	445	9.34e-14	72.8
g2517.t1	VFG009880(gb|WP_203431724)	28.169	284	161	10	171	429	168	433	1.02e-13	72.8
g2517.t1	VFG024171(gb|WP_014710887)	36.585	205	109	7	224	415	247	443	1.38e-13	72.4
g2517.t1	VFG027154(gb|WP_020821555)	34.783	207	110	8	224	415	247	443	1.39e-13	72.4
g2517.t1	VFG024170(gb|WP_014381773)	34.783	207	110	8	224	415	247	443	1.39e-13	72.4
g2517.t1	VFG009882(gb|WP_011561678)	30.620	258	152	10	174	414	189	436	1.81e-13	72.0
g2517.t1	VFG009851(gb|WP_011561826)	27.746	346	208	12	89	410	89	416	1.82e-13	72.0
g2517.t1	VFG009881(gb|WP_011856925)	30.620	258	152	10	174	414	189	436	2.13e-13	72.0
g2517.t1	VFG009878(gb|WP_014878346)	30.325	277	156	12	175	429	190	451	3.42e-13	71.2
g2517.t1	VFG009813(gb|WP_003403870)	26.957	345	175	12	119	414	127	443	7.37e-13	70.1
g2517.t1	VFG009812(gb|WP_003898576)	26.957	345	175	12	119	414	127	443	8.06e-13	70.1
g2517.t1	VFG027184(gb|WP_015289381)	25.054	463	288	17	2	437	13	443	8.94e-13	69.7
g2517.t1	VFG009869(gb|NP_215497)	30.620	258	152	9	174	414	188	435	1.00e-12	69.7
g2517.t1	VFG027254(gb|WP_015309037)	29.670	273	163	10	175	429	195	456	1.03e-12	69.7
g2517.t1	VFG009879(gb|WP_173362732)	28.364	275	166	10	174	429	171	433	1.04e-12	69.7
g2517.t1	VFG022913(gb|WP_013988770)	26.957	345	175	12	119	414	127	443	1.04e-12	69.7
g2517.t1	VFG009872(gb|WP_003405123)	30.769	260	149	11	174	414	188	435	1.25e-12	69.3
g2517.t1	VFG009849(gb|WP_011892634)	26.389	360	221	12	77	410	75	416	1.28e-12	69.3
g2517.t1	VFG027248(gb|YP_005359673)	30.620	258	152	9	174	414	71	318	1.40e-12	68.9
g2517.t1	VFG027234(gb|WP_015292586)	30.769	260	149	11	174	414	188	435	1.40e-12	69.3
g2517.t1	VFG027133(gb|WP_015287911)	26.957	345	175	12	119	414	127	443	1.57e-12	68.9
g2517.t1	VFG027142(gb|YP_007960665)	32.877	219	96	10	224	414	24	219	1.65e-12	67.4
g2517.t1	VFG009810(gb|NP_215272)	26.549	339	184	11	119	414	127	443	2.72e-12	68.2
g2517.t1	VFG009839(gb|NP_215417)	24.838	463	289	17	2	437	13	443	2.73e-12	68.2
g2517.t1	VFG009816(gb|WP_165928405)	31.532	222	97	8	224	415	246	442	3.08e-12	68.2
g2517.t1	VFG009815(gb|WP_162830471)	31.532	222	97	8	224	415	246	442	3.45e-12	67.8
g2517.t1	VFG022914(gb|WP_014000393)	26.957	345	175	12	119	414	127	443	3.71e-12	67.8
g2517.t1	VFG027204(gb|WP_015309198)	24.434	442	262	17	2	410	13	415	3.89e-12	67.8
g2517.t1	VFG027147(gb|YP_007956930)	27.273	341	179	11	119	414	127	443	4.59e-12	67.8
g2517.t1	VFG027151(gb|YP_005922066)	31.776	214	99	8	227	414	2	194	5.66e-12	65.1
g2517.t1	VFG027135(gb|WP_015289263)	26.667	345	176	12	119	414	127	443	7.49e-12	67.0
g2517.t1	VFG024169(gb|WP_099961986)	28.163	245	120	7	224	437	267	486	7.58e-12	67.0
g2517.t1	VFG027186(gb|WP_041299634)	24.622	463	290	17	2	437	13	443	1.09e-11	66.2
g2517.t1	VFG022926(gb|WP_036426280)	24.622	463	290	17	2	437	13	443	1.20e-11	66.2
g2517.t1	VFG009822(gb|WP_011561966)	33.168	202	118	5	224	414	244	439	1.97e-11	65.5
g2517.t1	VFG009847(gb|WP_011738613)	24.622	463	290	17	2	437	13	443	2.06e-11	65.5
g2517.t1	VFG009819(gb|WP_041799901)	27.755	245	121	7	224	437	240	459	2.68e-11	65.1
g2517.t1	VFG027136(gb|WP_015292432)	26.667	345	176	12	119	414	127	443	3.01e-11	65.1
g2517.t1	VFG009821(gb|WP_011857087)	33.168	202	118	5	224	414	244	439	3.24e-11	65.1
g2517.t1	VFG027181(gb|WP_005092753)	24.561	456	301	19	1	437	4	435	3.26e-11	64.7
g2517.t1	VFG022927(gb|YP_001701701)	26.377	345	231	14	109	437	131	468	6.36e-11	63.9
g2517.t1	VFG009850(gb|WP_011782154)	25.762	361	221	14	77	410	75	415	9.14e-11	63.5
g2517.t1	VFG009820(gb|WP_036377494)	32.673	202	119	5	224	414	248	443	1.42e-10	62.8
g2517.t1	VFG009846(gb|WP_010908723)	29.730	259	157	10	168	410	166	415	2.07e-10	62.4
g2517.t1	VFG014000(gb|WP_011335993)	29.646	226	125	10	228	434	312	522	2.56e-10	62.4
g2517.t1	VFG027195(gb|YP_007957055)	24.569	464	290	18	2	437	13	444	6.91e-10	60.8
g2517.t1	VFG009818(gb|WP_014878477)	31.188	202	122	5	224	414	251	446	1.19e-09	60.1
g2517.t1	VFG038232(gb|WP_001985884)	25.954	262	146	9	178	413	267	506	4.90e-09	58.2
g2517.t1	VFG038243(gb|WP_134815986)	25.954	262	146	9	178	413	252	491	5.39e-09	58.2
g2517.t1	VFG038240(gb|WP_043960856)	25.954	262	146	9	178	413	267	506	5.59e-09	58.2
g2517.t1	VFG038237(gb|WP_000226704)	25.954	262	146	9	178	413	248	487	6.23e-09	57.8
g2517.t1	VFG038235(gb|YP_001083791)	25.954	262	146	9	178	413	193	432	6.34e-09	57.8
g2517.t1	VFG038238(gb|WP_000226703)	27.308	260	145	10	178	413	248	487	6.57e-09	57.8
g2517.t1	VFG038231(gb|WP_000472465)	25.954	262	146	9	178	413	267	506	6.72e-09	57.8
g2517.t1	VFG014370(gb|WP_003152330)	31.250	224	125	10	228	438	184	391	1.12e-08	56.6
g2517.t1	VFG007490(gb|WP_001881834)	33.333	99	64	2	341	438	241	338	3.15e-08	55.1
g2517.t1	VFG014002(gb|WP_011914664)	28.479	309	162	14	171	437	235	526	5.15e-08	55.1
g2517.t1	VFG014001(gb|WP_003243065)	26.786	224	141	9	228	437	312	526	6.59e-08	54.7
g2517.t1	VFG031677(gb|WP_014876913)	27.363	201	125	7	227	413	160	353	9.76e-08	53.9
g2517.t1	VFG031676(gb|WP_011891086)	25.630	238	131	8	227	437	160	378	1.02e-07	53.9
g2517.t1	VFG013995(gb|WP_003150028)	25.000	224	145	6	228	437	312	526	1.13e-07	53.9
g2517.t1	VFG031691(gb|WP_013827420)	33.962	106	64	2	338	437	275	380	2.07e-07	52.8
g2517.t1	VFG019761(gb|WP_012614544)	25.000	224	145	6	228	437	312	526	2.43e-07	52.8
g2517.t1	VFG050685(gb|WP_001160337.1)	23.256	215	151	7	228	438	316	520	3.41e-07	52.4
g2517.t1	VFG001213(gb|NP_253236)	25.446	224	144	8	228	437	312	526	3.60e-07	52.4
g2517.t1	VFG031693(gb|WP_013470605)	26.540	211	114	7	227	413	160	353	4.19e-07	52.0
g2517.t1	VFG007492(gb|WP_005457625)	31.313	99	66	2	341	438	238	335	4.40e-07	51.6
g2517.t1	VFG007495(gb|WP_011262362)	30.303	99	67	2	341	438	241	338	4.97e-07	51.6
g2517.t1	VFG002045(gb|WP_010930608)	28.879	232	125	9	234	439	728	945	6.04e-07	52.0
g2517.t1	VFG031683(gb|WP_011778104)	25.359	209	119	5	227	413	160	353	6.15e-07	51.2
g2517.t1	VFG050688(gb|WP_002001070.1)	23.256	215	151	7	228	438	301	505	9.76e-07	50.8
g2517.t1	VFG050682(gb|WP_001160333.1)	23.256	215	151	7	228	438	316	520	1.04e-06	50.8
g2517.t1	VFG013997(gb|WP_005769277)	24.670	227	147	9	228	439	312	529	1.41e-06	50.4
g2517.t1	VFG011123(gb|WP_010926708)	28.448	232	126	9	234	439	728	945	1.56e-06	50.4
g2517.t1	VFG027245(gb|YP_007957124)	36.782	87	51	3	174	257	19	104	1.68e-06	48.9
g2517.t1	VFG031699(gb|WP_005062022)	25.751	233	143	7	227	440	158	379	2.23e-06	49.7
g2517.t1	VFG031682(gb|WP_094987106)	32.710	107	66	2	337	437	270	376	2.67e-06	49.3
g2517.t1	VFG031721(gb|WP_198345043)	26.190	210	116	6	227	413	148	341	2.72e-06	49.3
g2517.t1	VFG031690(gb|WP_012392756)	32.710	107	66	2	337	437	270	376	2.76e-06	49.3
g2517.t1	VFG014379(gb|WP_162803862)	28.155	206	130	6	228	426	182	376	3.01e-06	49.3
g2517.t1	VFG007493(gb|WP_011079831)	31.313	99	66	2	341	438	238	335	3.38e-06	48.9
g2517.t1	VFG031673(gb|WP_010950191)	25.333	225	148	7	227	437	158	376	4.57e-06	48.5
g2517.t1	VFG031671(gb|WP_010908900)	26.872	227	142	8	227	437	157	375	4.94e-06	48.5
g2517.t1	VFG041873(gb|WP_080509010)	25.366	205	133	7	217	409	397	593	5.59e-06	48.9
g2517.t1	VFG031679(gb|WP_011558086)	37.037	81	46	1	338	413	273	353	6.35e-06	48.1
g2517.t1	VFG031686(gb|WP_003910136)	37.037	81	46	1	338	413	272	352	6.50e-06	48.1
g2517.t1	VFG031678(gb|WP_011854538)	37.037	81	46	1	338	413	273	353	6.52e-06	48.1
g2517.t1	VFG031669(gb|NP_215004)	37.037	81	46	1	338	413	272	352	6.62e-06	48.1
g2517.t1	VFG031674(gb|WP_085989560)	25.333	225	148	7	227	437	158	376	6.85e-06	48.1
g2517.t1	VFG031675(gb|WP_011799109)	37.037	81	46	1	338	413	272	352	6.86e-06	48.1
g2517.t1	VFG031685(gb|YP_001704776)	24.891	229	146	7	227	438	158	377	6.99e-06	48.1
g2517.t1	VFG031703(gb|WP_015292194)	37.037	81	46	1	338	413	272	352	7.06e-06	48.1
g2517.t1	VFG019942(gb|WP_012724914)	25.210	238	152	10	209	425	264	496	7.21e-06	48.5
g2517.t1	VFG015782(gb|WP_012270935)	27.273	242	142	11	209	425	265	497	8.95e-06	48.1
g2517.t1	VFG015783(gb|WP_012313127)	26.250	240	147	10	209	425	265	497	9.60e-06	48.1
g4868.t1	VFG022911(gb|WP_012396470)	30.526	380	230	13	102	457	99	468	4.42e-33	130
g4868.t1	VFG027137(gb|WP_015357321)	30.263	380	231	13	102	457	99	468	1.18e-32	129
g4868.t1	VFG009817(gb|WP_011738793)	30.526	380	230	13	102	457	99	468	1.45e-32	129
g4868.t1	VFG009877(gb|WP_011742227)	35.314	303	174	11	188	476	188	482	2.88e-32	129
g4868.t1	VFG027230(gb|WP_005063389)	33.550	307	179	11	188	476	190	489	9.12e-31	124
g4868.t1	VFG027236(gb|WP_014850324)	33.550	307	179	11	188	476	190	489	1.12e-30	124
g4868.t1	VFG009878(gb|WP_014878346)	34.629	283	164	9	198	464	198	475	1.35e-29	120
g4868.t1	VFG022943(gb|YP_001701821)	33.225	307	180	11	188	476	199	498	1.92e-29	120
g4868.t1	VFG027234(gb|WP_015292586)	32.941	340	200	10	135	456	134	463	2.03e-29	120
g4868.t1	VFG009872(gb|WP_003405123)	32.647	340	201	10	135	456	134	463	5.36e-29	119
g4868.t1	VFG027248(gb|YP_005359673)	32.647	340	201	10	135	456	17	346	6.46e-29	117
g4868.t1	VFG009869(gb|NP_215497)	32.647	340	201	10	135	456	134	463	1.31e-28	118
g4868.t1	VFG052339(gb|NP_463156.1)	32.323	297	176	8	170	457	75	355	3.05e-28	115
g4868.t1	VFG027132(gb|WP_005064129)	33.141	347	207	9	131	457	124	465	8.97e-28	115
g4868.t1	VFG022912(gb|YP_001701426)	33.141	347	207	9	131	457	146	487	1.43e-27	115
g4868.t1	VFG009882(gb|WP_011561678)	34.737	285	168	9	185	456	185	464	1.47e-27	115
g4868.t1	VFG009881(gb|WP_011856925)	34.737	285	168	9	185	456	185	464	1.60e-27	115
g4868.t1	VFG009875(gb|WP_019732008)	29.333	375	243	12	97	456	100	467	1.83e-27	115
g4868.t1	VFG027254(gb|WP_015309037)	33.452	281	169	7	198	465	203	478	2.63e-27	114
g4868.t1	VFG022917(gb|WP_013830538)	28.646	384	248	9	102	465	100	477	4.05e-27	113
g4868.t1	VFG024196(gb|WP_036390311)	30.423	355	225	11	135	474	138	485	4.06e-27	114
g4868.t1	VFG009815(gb|WP_162830471)	30.649	385	231	12	103	457	88	466	4.94e-27	113
g4868.t1	VFG009816(gb|WP_165928405)	30.649	385	231	12	103	457	88	466	5.22e-27	113
g4868.t1	VFG009874(gb|WP_003877497)	29.288	379	238	12	97	456	100	467	8.31e-27	113
g4868.t1	VFG041841(gb|WP_011136181)	34.035	285	168	8	180	460	144	412	9.58e-27	111
g4868.t1	VFG024194(gb|WP_036397793)	30.423	355	225	11	135	474	138	485	1.18e-26	112
g4868.t1	VFG024195(gb|WP_008254067)	30.357	336	214	9	135	456	138	467	2.01e-26	112
g4868.t1	VFG009880(gb|WP_203431724)	31.564	358	209	13	133	471	115	455	1.22e-25	108
g4868.t1	VFG009876(gb|WP_010907576)	32.624	282	171	8	188	456	188	463	1.69e-25	109
g4868.t1	VFG024171(gb|WP_014710887)	29.870	385	234	12	103	457	89	467	1.89e-25	108
g4868.t1	VFG009820(gb|WP_036377494)	27.848	395	248	11	102	472	99	480	2.03e-25	108
g4868.t1	VFG027154(gb|WP_020821555)	30.130	385	233	12	103	457	89	467	2.99e-25	108
g4868.t1	VFG024170(gb|WP_014381773)	30.130	385	233	12	103	457	89	467	4.55e-25	107
g4868.t1	VFG009822(gb|WP_011561966)	28.871	381	235	10	102	457	95	464	5.30e-25	107
g4868.t1	VFG022949(gb|WP_013827875)	31.879	298	174	10	188	467	188	474	5.86e-25	107
g4868.t1	VFG009821(gb|WP_011857087)	28.982	383	232	11	102	457	95	464	6.70e-25	107
g4868.t1	VFG009879(gb|WP_173362732)	32.203	354	193	14	141	456	102	446	6.53e-24	103
g4868.t1	VFG027156(gb|WP_085976583)	30.000	380	233	11	102	457	99	469	6.83e-24	103
g4868.t1	VFG015067(gb|NP_249619)	31.000	300	183	11	184	467	230	521	1.71e-23	103
g4868.t1	VFG024169(gb|WP_099961986)	27.342	395	251	11	102	471	118	501	2.05e-22	100
g4868.t1	VFG015068(gb|WP_003156446)	30.847	295	180	11	184	462	230	516	2.13e-22	100
g4868.t1	VFG032654(gb|WP_003747594)	26.400	250	161	5	226	462	243	482	4.78e-22	98.6
g4868.t1	VFG009819(gb|WP_041799901)	29.630	378	236	11	102	457	91	460	6.59e-22	98.2
g4868.t1	VFG006833(gb|WP_011702190)	26.400	250	161	5	226	462	243	482	9.01e-22	97.8
g4868.t1	VFG006832(gb|WP_003771747)	26.400	250	161	5	226	462	243	482	1.21e-21	97.4
g4868.t1	VFG006830(gb|NP_464903)	26.400	250	161	5	226	462	243	482	1.24e-21	97.4
g4868.t1	VFG032638(gb|WP_014654264)	26.400	250	161	5	226	462	243	482	1.32e-21	97.4
g4868.t1	VFG019396(gb|WP_003736550)	26.400	250	161	5	226	462	243	482	1.32e-21	97.4
g4868.t1	VFG031676(gb|WP_011891086)	30.901	233	155	5	237	464	155	386	1.42e-21	96.3
g4868.t1	VFG031683(gb|WP_011778104)	32.857	210	134	5	237	440	155	363	1.58e-21	96.3
g4868.t1	VFG009818(gb|WP_014878477)	30.736	231	147	5	234	457	247	471	1.89e-21	96.7
g4868.t1	VFG011634(gb|WP_006191047)	28.959	221	146	4	229	438	354	574	2.88e-21	96.7
g4868.t1	VFG011631(gb|WP_004684547)	29.412	221	145	4	229	438	354	574	2.88e-21	96.7
g4868.t1	VFG011635(gb|WP_006014486)	29.412	221	145	4	229	438	354	574	2.93e-21	96.7
g4868.t1	VFG018297(gb|WP_004691160)	28.959	221	146	4	229	438	354	574	3.07e-21	96.7
g4868.t1	VFG011632(gb|WP_002965157)	29.412	221	145	4	229	438	354	574	3.33e-21	96.7
g4868.t1	VFG019282(gb|WP_006071786)	28.959	221	146	4	229	438	354	574	5.17e-21	95.9
g4868.t1	VFG031677(gb|WP_014876913)	30.622	209	140	4	237	440	155	363	9.63e-21	94.0
g4868.t1	VFG032653(gb|WP_014092758)	27.559	254	153	7	226	462	243	482	1.02e-20	94.7
g4868.t1	VFG022913(gb|WP_013988770)	28.852	357	221	11	126	457	120	468	1.05e-20	94.7
g4868.t1	VFG027142(gb|YP_007960665)	34.746	236	137	8	231	457	17	244	1.11e-20	91.3
g4868.t1	VFG027135(gb|WP_015289263)	29.132	357	220	11	126	457	120	468	1.25e-20	94.4
g4868.t1	VFG009810(gb|NP_215272)	28.969	359	218	13	126	457	120	468	1.35e-20	94.4
g4868.t1	VFG027147(gb|YP_007956930)	28.732	355	224	10	126	457	120	468	1.44e-20	94.4
g4868.t1	VFG027133(gb|WP_015287911)	28.852	357	221	11	126	457	120	468	1.48e-20	94.0
g4868.t1	VFG009812(gb|WP_003898576)	28.852	357	221	11	126	457	120	468	1.59e-20	94.0
g4868.t1	VFG009813(gb|WP_003403870)	28.852	357	221	11	126	457	120	468	1.75e-20	94.0
g4868.t1	VFG031721(gb|WP_198345043)	32.057	209	137	4	237	440	143	351	1.79e-20	92.8
g4868.t1	VFG031682(gb|WP_094987106)	30.738	244	160	7	237	472	153	395	1.85e-20	93.2
g4868.t1	VFG031690(gb|WP_012392756)	30.508	236	157	6	237	466	153	387	2.71e-20	92.8
g4868.t1	VFG027151(gb|YP_005922066)	35.398	226	129	8	241	457	2	219	2.88e-20	89.7
g4868.t1	VFG027136(gb|WP_015292432)	27.684	354	229	9	126	457	120	468	3.52e-20	92.8
g4868.t1	VFG031693(gb|WP_013470605)	30.568	229	153	5	237	460	155	382	3.73e-20	92.0
g4868.t1	VFG031673(gb|WP_010950191)	31.579	209	138	4	237	440	153	361	5.88e-20	91.7
g4868.t1	VFG022914(gb|WP_014000393)	28.732	355	224	10	126	457	120	468	6.08e-20	92.4
g4868.t1	VFG031699(gb|WP_005062022)	31.579	209	138	4	237	440	153	361	8.03e-20	91.7
g4868.t1	VFG022933(gb|WP_013827764)	26.190	378	240	13	100	456	82	441	8.98e-20	91.3
g4868.t1	VFG027203(gb|WP_015632690)	26.912	353	233	13	102	440	86	427	1.33e-19	90.9
g4868.t1	VFG009849(gb|WP_011892634)	27.300	337	220	12	122	442	104	431	1.50e-19	90.9
g4868.t1	VFG024182(gb|WP_008253899)	26.989	352	234	13	102	440	86	427	2.00e-19	90.5
g4868.t1	VFG031674(gb|WP_085989560)	31.100	209	139	4	237	440	153	361	2.46e-19	89.7
g4868.t1	VFG027204(gb|WP_015309198)	25.556	360	230	14	102	440	86	428	3.61e-19	89.7
g4868.t1	VFG031685(gb|YP_001704776)	31.100	209	139	4	237	440	153	361	3.68e-19	89.7
g4868.t1	VFG009845(gb|WP_011723897)	26.629	353	234	13	102	440	86	427	6.04e-19	89.0
g4868.t1	VFG031678(gb|WP_011854538)	29.187	209	143	4	237	440	155	363	6.37e-19	88.6
g4868.t1	VFG031679(gb|WP_011558086)	29.187	209	143	4	237	440	155	363	6.55e-19	88.2
g4868.t1	VFG015079(gb|WP_185745811)	29.293	297	190	10	184	466	230	520	7.50e-19	89.7
g4868.t1	VFG015070(gb|WP_011103673)	29.210	291	188	9	184	461	231	516	1.30e-18	89.0
g4868.t1	VFG009850(gb|WP_011782154)	28.652	356	225	16	102	440	85	428	1.83e-18	87.4
g4868.t1	VFG015078(gb|WP_012018243)	29.934	304	194	11	184	474	230	527	1.84e-18	88.6
g4868.t1	VFG009848(gb|WP_011730694)	27.826	345	219	15	115	442	99	430	2.44e-18	87.0
g4868.t1	VFG019942(gb|WP_012724914)	28.283	297	195	9	184	467	231	522	2.51e-18	88.2
g4868.t1	VFG015076(gb|WP_011062714)	29.000	300	193	10	184	470	231	523	3.39e-18	87.8
g4868.t1	VFG031691(gb|WP_013827420)	29.187	209	143	4	237	440	157	365	3.59e-18	86.3
g4868.t1	VFG038235(gb|YP_001083791)	27.632	228	162	2	218	443	219	445	4.03e-18	86.7
g4868.t1	VFG031669(gb|NP_215004)	31.076	251	161	8	237	476	154	403	4.97e-18	85.9
g4868.t1	VFG031686(gb|WP_003910136)	31.076	251	161	8	237	476	154	403	5.12e-18	85.9
g4868.t1	VFG031671(gb|WP_010908900)	29.694	229	155	5	237	460	152	379	5.15e-18	86.3
g4868.t1	VFG038231(gb|WP_000472465)	27.632	228	162	2	218	443	293	519	5.17e-18	86.7
g4868.t1	VFG038237(gb|WP_000226704)	27.632	228	162	2	218	443	274	500	5.28e-18	86.7
g4868.t1	VFG038243(gb|WP_134815986)	27.632	228	162	2	218	443	278	504	5.39e-18	86.7
g4868.t1	VFG031675(gb|WP_011799109)	31.076	251	161	8	237	476	154	403	5.86e-18	85.5
g4868.t1	VFG009851(gb|WP_011561826)	27.164	335	219	12	122	440	104	429	5.90e-18	85.9
g4868.t1	VFG015071(gb|WP_011268595)	29.210	291	188	9	184	461	231	516	5.93e-18	87.0
g4868.t1	VFG015072(gb|WP_011169248)	29.210	291	188	9	184	461	231	516	6.09e-18	87.0
g4868.t1	VFG031703(gb|WP_015292194)	31.401	207	137	4	237	438	154	360	6.83e-18	85.5
g4868.t1	VFG015077(gb|WP_041475601)	28.620	297	194	9	184	467	231	522	7.15e-18	86.7
g4868.t1	VFG031694(gb|WP_008261206)	29.694	229	155	5	237	460	153	380	1.58e-17	84.3
g4868.t1	VFG038238(gb|WP_000226703)	27.193	228	163	2	218	443	274	500	1.99e-17	84.7
g4868.t1	VFG038232(gb|WP_001985884)	27.193	228	163	2	218	443	293	519	2.87e-17	84.3
g4868.t1	VFG038240(gb|WP_043960856)	27.193	228	163	2	218	443	293	519	3.00e-17	84.3
g4868.t1	VFG027181(gb|WP_005092753)	29.661	236	149	10	213	440	194	420	3.06e-17	83.6
g4868.t1	VFG022927(gb|YP_001701701)	29.386	228	146	9	219	440	235	453	3.14e-17	84.0
g4868.t1	VFG009839(gb|NP_215417)	25.378	331	226	10	124	440	105	428	4.12e-17	83.2
g4868.t1	VFG015782(gb|WP_012270935)	28.617	311	198	12	174	466	218	522	4.97e-17	84.0
g4868.t1	VFG027184(gb|WP_015289381)	25.904	332	223	11	124	440	105	428	5.46e-17	82.8
g4868.t1	VFG031713(gb|YP_007956676)	31.349	252	160	9	237	476	154	404	6.54e-17	82.4
g4868.t1	VFG004056(gb|WP_001031689)	28.378	296	191	11	170	460	203	482	1.58e-16	81.6
g4868.t1	VFG000474(gb|NP_460200)	28.378	296	191	11	170	460	203	482	1.59e-16	81.6
g4868.t1	VFG021077(gb|WP_001031685)	28.378	296	191	11	170	460	203	482	1.64e-16	81.6
g4868.t1	VFG015073(gb|WP_010952710)	29.555	247	159	7	234	466	277	522	3.03e-16	81.6
g4868.t1	VFG007495(gb|WP_011262362)	28.929	280	179	11	171	440	53	322	4.35e-16	79.3
g4868.t1	VFG015075(gb|WP_011532652)	29.032	248	163	7	234	468	277	524	5.48e-16	80.9
g4868.t1	VFG027186(gb|WP_041299634)	29.646	226	148	7	219	440	210	428	5.94e-16	79.7
g4868.t1	VFG022926(gb|WP_036426280)	29.646	226	148	7	219	440	210	428	6.32e-16	79.7
g4868.t1	VFG009847(gb|WP_011738613)	29.646	226	148	7	219	440	210	428	6.32e-16	79.7
g4868.t1	VFG009846(gb|WP_010908723)	27.574	272	175	10	182	440	166	428	9.74e-16	79.0
g4868.t1	VFG015783(gb|WP_012313127)	28.713	303	200	11	174	462	218	518	1.02e-15	80.1
g4868.t1	VFG015074(gb|WP_012053464)	27.273	297	196	9	184	466	232	522	2.47e-15	79.0
g4868.t1	VFG018397(gb|WP_001031692)	27.365	296	194	11	170	460	203	482	3.24e-15	77.8
g4868.t1	VFG027195(gb|YP_007957055)	25.000	332	227	11	124	440	105	429	8.18e-15	76.3
g4868.t1	VFG010917(gb|WP_011946809)	24.925	333	206	11	152	440	175	507	3.58e-14	75.1
g4868.t1	VFG010915(gb|WP_011214165)	24.925	333	206	11	152	440	175	507	4.19e-14	74.7
g4868.t1	VFG001888(gb|WP_010947629)	24.925	333	206	11	152	440	175	507	4.19e-14	74.7
g4868.t1	VFG010916(gb|WP_011215874)	24.925	333	206	11	152	440	175	507	1.36e-13	73.2
g4868.t1	VFG007490(gb|WP_001881834)	28.197	305	197	13	171	464	53	346	1.80e-13	71.6
g4868.t1	VFG011123(gb|WP_010926708)	30.159	252	149	10	222	455	702	944	2.88e-13	72.4
g4868.t1	VFG045729(gb|WP_085956275)	23.373	338	213	11	152	444	175	511	4.27e-13	71.6
g4868.t1	VFG011122(gb|WP_010928858)	28.916	249	156	8	222	455	702	944	6.04e-13	71.2
g4868.t1	VFG014001(gb|WP_003243065)	30.732	205	113	6	242	432	312	501	8.81e-13	70.1
g4868.t1	VFG002045(gb|WP_010930608)	30.159	252	149	10	222	455	702	944	9.76e-13	70.9
g4868.t1	VFG032600(gb|WP_003748272)	23.113	212	156	4	248	457	130	336	1.06e-12	68.9
g4868.t1	VFG020693(gb|WP_001050764)	23.874	222	160	6	248	465	404	620	1.07e-12	70.5
g4868.t1	VFG003825(gb|WP_001050780)	23.423	222	161	6	248	465	404	620	1.70e-12	69.7
g4868.t1	VFG020699(gb|WP_001050765)	23.423	222	161	6	248	465	404	620	2.01e-12	69.7
g4868.t1	VFG018488(gb|WP_001050778)	23.423	222	161	6	248	465	404	620	2.01e-12	69.7
g4868.t1	VFG020695(gb|WP_001050774)	23.423	222	161	6	248	465	404	620	2.06e-12	69.7
g4868.t1	VFG014000(gb|WP_011335993)	30.000	210	118	5	237	432	307	501	2.16e-12	68.9
g4868.t1	VFG003823(gb|WP_001050754)	23.944	213	153	6	248	456	404	611	2.35e-12	69.3
g4868.t1	VFG020698(gb|WP_001050776)	23.423	222	161	6	248	465	404	620	2.37e-12	69.3
g4868.t1	VFG020694(gb|WP_001050767)	23.423	222	161	6	248	465	404	620	2.37e-12	69.3
g4868.t1	VFG020700(gb|WP_001050758)	23.423	222	161	6	248	465	404	620	2.39e-12	69.3
g4868.t1	VFG003826(gb|WP_001539908)	23.423	222	161	6	248	465	404	620	2.48e-12	69.3
g4868.t1	VFG003824(gb|WP_001050755)	23.944	213	153	6	248	456	404	611	2.52e-12	69.3
g4868.t1	VFG000493(gb|NP_460357)	23.423	222	161	6	248	465	404	620	2.52e-12	69.3
g4868.t1	VFG006824(gb|WP_003762796)	23.256	215	152	5	248	457	130	336	2.98e-12	67.8
g4868.t1	VFG027245(gb|YP_007957124)	32.353	204	115	7	188	378	19	212	3.07e-12	65.9
g4868.t1	VFG032594(gb|WP_014601459)	23.585	212	155	4	248	457	130	336	3.47e-12	67.4
g4868.t1	VFG006822(gb|NP_465266)	23.585	212	155	4	248	457	130	336	3.60e-12	67.4
g4868.t1	VFG018487(gb|WP_001050783)	23.944	213	153	6	248	456	404	611	3.74e-12	68.6
g4868.t1	VFG032574(gb|WP_003722218)	23.585	212	155	4	248	457	130	336	3.83e-12	67.4
g4868.t1	VFG001747(gb|WP_002209035)	25.806	248	163	9	229	466	384	620	5.52e-12	68.2
g4868.t1	VFG006823(gb|WP_003725519)	23.113	212	156	4	248	457	130	336	6.08e-12	66.6
g4868.t1	VFG001213(gb|NP_253236)	29.864	221	126	6	242	448	312	517	8.63e-12	67.0
g4868.t1	VFG006825(gb|WP_011702537)	23.113	212	156	4	248	457	130	336	9.31e-12	66.2
g4868.t1	VFG019761(gb|WP_012614544)	30.942	223	121	8	242	448	312	517	1.20e-11	66.6
g4868.t1	VFG007493(gb|WP_011079831)	28.523	298	188	14	171	456	50	334	1.26e-11	65.9
g4868.t1	VFG020697(gb|WP_001050770)	27.536	138	89	4	328	465	494	620	1.29e-11	67.0
g4868.t1	VFG019392(gb|WP_012581166)	22.642	212	157	4	248	457	130	336	2.75e-11	64.7
g4868.t1	VFG013995(gb|WP_003150028)	29.412	221	127	6	242	448	312	517	2.76e-11	65.5
g4868.t1	VFG032588(gb|WP_003729792)	22.642	212	157	4	248	457	130	336	3.32e-11	64.3
g4868.t1	VFG013997(gb|WP_005769277)	29.557	203	128	5	237	432	307	501	3.44e-11	65.1
g4868.t1	VFG041873(gb|WP_080509010)	26.872	227	157	7	248	470	415	636	4.27e-11	65.5
g4868.t1	VFG003358(gb|WP_011191566)	25.523	239	157	10	238	466	393	620	5.74e-11	65.1
g4868.t1	VFG018953(gb|WP_012304703)	25.523	239	157	10	238	466	393	620	5.85e-11	65.1
g4868.t1	VFG007492(gb|WP_005457625)	26.733	303	201	12	171	462	50	342	6.14e-11	63.5
g4868.t1	VFG013999(gb|WP_011167665)	29.557	203	128	6	237	432	307	501	6.29e-11	64.3
g4868.t1	VFG013998(gb|WP_003403505)	30.049	203	127	6	237	432	307	501	6.63e-11	64.3
g4868.t1	VFG017284(gb|WP_012105858)	25.523	239	157	10	238	466	393	620	6.96e-11	64.7
g4868.t1	VFG032599(gb|WP_014093098)	22.326	215	154	5	248	457	130	336	9.12e-11	63.2
g4868.t1	VFG050691(gb|WP_001160336.1)	24.554	224	146	6	237	453	311	518	1.54e-10	63.2
g4868.t1	VFG038762(gb|WP_005350683)	25.081	307	193	12	171	459	48	335	1.61e-10	62.4
g4868.t1	VFG041577(gb|WP_012847750)	26.613	248	162	8	211	446	356	595	3.12e-10	62.8
g4868.t1	VFG014002(gb|WP_011914664)	30.583	206	112	10	242	432	312	501	3.22e-10	62.0
g4868.t1	VFG023574(gb|WP_013649086)	26.016	246	150	8	220	440	360	598	3.22e-10	62.4
g4868.t1	VFG050682(gb|WP_001160333.1)	24.107	224	147	6	237	453	311	518	5.06e-10	61.6
g4868.t1	VFG050688(gb|WP_002001070.1)	24.107	224	147	6	237	453	296	503	5.59e-10	61.2
g4868.t1	VFG014377(gb|WP_011534912)	28.990	307	176	13	171	456	110	395	6.00e-10	60.8
g4868.t1	VFG050689(gb|WP_002037247.1)	24.201	219	153	5	237	453	296	503	8.16e-10	60.8
g4868.t1	VFG050686(gb|YP_001083312.1)	23.744	219	154	5	237	453	213	420	1.98e-09	59.3
g4868.t1	VFG050685(gb|WP_001160337.1)	24.201	219	153	5	237	453	311	518	2.31e-09	59.3
g4868.t1	VFG014378(gb|WP_162470466)	27.946	297	190	13	171	456	105	388	2.89e-09	58.9
g4868.t1	VFG042669(gb|WP_006485030)	28.959	221	142	7	248	456	343	560	8.81e-09	57.8
g4868.t1	VFG015679(gb|WP_012315527)	28.713	303	182	13	171	456	110	395	1.08e-08	57.0
g4868.t1	VFG015678(gb|WP_012273512)	28.713	303	182	13	171	456	110	395	1.45e-08	56.6
g4868.t1	VFG038761(gb|WP_005320182)	24.915	293	179	13	173	442	45	319	1.60e-08	56.2
g4868.t1	VFG038759(gb|WP_011706627)	26.613	248	158	10	218	459	106	335	2.31e-08	55.8
g4868.t1	VFG038760(gb|WP_016351312)	26.613	248	158	10	218	459	106	335	2.68e-08	55.5
g4868.t1	VFG043346(gb|WP_010947489)	28.870	239	133	12	236	456	117	336	2.84e-08	55.5
g4868.t1	VFG014375(gb|WP_010955092)	28.713	303	182	13	171	456	110	395	4.54e-08	55.1
g4868.t1	VFG042914(gb|WP_012030772)	22.156	334	202	10	142	431	226	545	2.20e-07	53.1
g4868.t1	VFG019826(gb|WP_162471079)	26.557	305	184	13	171	456	99	382	1.36e-06	50.4
g4868.t1	VFG014381(gb|WP_011913655)	27.922	308	179	13	172	456	99	386	2.38e-06	49.7
g4868.t1	VFG014379(gb|WP_162803862)	27.645	293	168	14	185	456	119	388	5.40e-06	48.5
g2583.t1	VFG052339(gb|NP_463156.1)	28.731	268	181	6	179	445	75	333	3.01e-20	91.7
g2583.t1	VFG027234(gb|WP_015292586)	31.646	237	150	5	214	444	208	438	4.35e-20	92.8
g2583.t1	VFG009872(gb|WP_003405123)	31.224	237	151	5	214	444	208	438	1.25e-19	91.3
g2583.t1	VFG022949(gb|WP_013827875)	29.779	272	171	7	191	448	184	449	7.91e-19	89.0
g2583.t1	VFG027248(gb|YP_005359673)	30.932	236	153	4	214	444	91	321	1.26e-18	87.8
g2583.t1	VFG009869(gb|NP_215497)	31.224	237	151	5	214	444	208	438	1.77e-18	87.8
g2583.t1	VFG009877(gb|WP_011742227)	30.085	236	155	4	214	444	208	438	2.27e-18	87.4
g2583.t1	VFG027230(gb|WP_005063389)	28.959	221	148	5	229	444	224	440	3.01e-18	87.0
g2583.t1	VFG027236(gb|WP_014850324)	28.959	221	148	5	229	444	224	440	3.14e-18	87.0
g2583.t1	VFG022943(gb|YP_001701821)	28.959	221	148	5	229	444	233	449	3.23e-18	87.0
g2583.t1	VFG009876(gb|WP_010907576)	29.730	259	169	6	193	444	186	438	1.97e-17	84.7
g2583.t1	VFG009878(gb|WP_014878346)	30.085	236	155	4	214	444	209	439	2.02e-17	84.3
g2583.t1	VFG009881(gb|WP_011856925)	30.085	236	155	4	214	444	209	439	3.46e-17	84.0
g2583.t1	VFG009882(gb|WP_011561678)	29.845	258	170	5	193	444	187	439	3.69e-17	84.0
g2583.t1	VFG009874(gb|WP_003877497)	28.682	258	173	5	193	444	190	442	4.75e-17	83.6
g2583.t1	VFG009875(gb|WP_019732008)	28.295	258	174	5	193	444	190	442	1.49e-16	82.0
g2583.t1	VFG022917(gb|WP_013830538)	26.735	389	232	12	86	444	82	447	1.69e-16	81.6
g2583.t1	VFG024195(gb|WP_008254067)	29.344	259	170	6	193	444	190	442	2.06e-16	81.6
g2583.t1	VFG024194(gb|WP_036397793)	29.344	259	170	6	193	444	190	442	2.06e-16	81.6
g2583.t1	VFG024196(gb|WP_036390311)	29.344	259	170	6	193	444	190	442	2.12e-16	81.6
g2583.t1	VFG027254(gb|WP_015309037)	29.412	255	169	5	196	444	195	444	1.26e-15	79.0
g2583.t1	VFG009816(gb|WP_165928405)	26.510	298	182	7	174	444	157	444	2.04e-15	78.2
g2583.t1	VFG009815(gb|WP_162830471)	26.510	298	182	7	174	444	157	444	2.18e-15	78.2
g2583.t1	VFG009879(gb|WP_173362732)	28.261	276	187	5	175	444	151	421	2.87e-15	77.8
g2583.t1	VFG027135(gb|WP_015289263)	24.935	385	246	12	85	444	80	446	1.03e-14	76.3
g2583.t1	VFG022914(gb|WP_014000393)	24.675	385	247	12	85	444	80	446	2.12e-14	75.1
g2583.t1	VFG027136(gb|WP_015292432)	24.675	385	247	12	85	444	80	446	2.13e-14	75.1
g2583.t1	VFG024171(gb|WP_014710887)	25.260	289	191	6	175	444	163	445	2.14e-14	75.1
g2583.t1	VFG009822(gb|WP_011561966)	23.454	388	246	10	86	444	77	442	4.56e-14	73.9
g2583.t1	VFG031699(gb|WP_005062022)	28.696	230	146	10	224	444	135	355	5.21e-14	73.9
g2583.t1	VFG031693(gb|WP_013470605)	28.384	229	156	7	220	444	133	357	5.31e-14	73.6
g2583.t1	VFG027156(gb|WP_085976583)	26.351	296	192	8	170	444	157	447	5.62e-14	73.9
g2583.t1	VFG031685(gb|YP_001704776)	28.755	233	148	10	221	444	132	355	8.57e-14	73.2
g2583.t1	VFG027133(gb|WP_015287911)	24.416	385	248	12	85	444	80	446	9.51e-14	73.2
g2583.t1	VFG041841(gb|WP_011136181)	28.185	259	141	7	200	441	154	384	1.60e-13	72.0
g2583.t1	VFG009817(gb|WP_011738793)	26.027	292	187	7	175	444	162	446	2.00e-13	72.0
g2583.t1	VFG027154(gb|WP_020821555)	26.280	293	183	7	175	444	163	445	2.09e-13	72.0
g2583.t1	VFG024170(gb|WP_014381773)	26.280	293	183	7	175	444	163	445	2.09e-13	72.0
g2583.t1	VFG027137(gb|WP_015357321)	26.027	292	187	7	175	444	162	446	2.19e-13	72.0
g2583.t1	VFG022913(gb|WP_013988770)	23.896	385	250	11	85	444	80	446	2.23e-13	72.0
g2583.t1	VFG009813(gb|WP_003403870)	23.896	385	250	11	85	444	80	446	2.25e-13	72.0
g2583.t1	VFG009812(gb|WP_003898576)	23.896	385	250	11	85	444	80	446	2.37e-13	72.0
g2583.t1	VFG009821(gb|WP_011857087)	23.196	388	247	10	86	444	77	442	3.34e-13	71.2
g2583.t1	VFG022911(gb|WP_012396470)	26.027	292	187	7	175	444	162	446	3.93e-13	71.2
g2583.t1	VFG031676(gb|WP_011891086)	27.948	229	157	7	220	444	133	357	4.10e-13	70.9
g2583.t1	VFG009820(gb|WP_036377494)	24.390	287	192	6	178	444	165	446	4.20e-13	71.2
g2583.t1	VFG027147(gb|YP_007956930)	23.711	388	247	11	85	444	80	446	4.87e-13	70.9
g2583.t1	VFG027132(gb|WP_005064129)	27.148	291	183	10	175	444	161	443	6.06e-13	70.5
g2583.t1	VFG009880(gb|WP_203431724)	26.449	276	192	5	175	444	151	421	6.09e-13	70.5
g2583.t1	VFG022912(gb|YP_001701426)	27.148	291	183	10	175	444	183	465	6.74e-13	70.5
g2583.t1	VFG009810(gb|NP_215272)	23.636	385	251	11	85	444	80	446	1.90e-12	68.9
g2583.t1	VFG009818(gb|WP_014878477)	27.755	245	156	5	217	444	209	449	3.06e-12	68.2
g2583.t1	VFG009819(gb|WP_041799901)	25.939	293	196	6	170	444	149	438	5.77e-12	67.4
g2583.t1	VFG024169(gb|WP_099961986)	24.407	295	198	6	170	444	176	465	5.86e-12	67.8
g2583.t1	VFG031683(gb|WP_011778104)	27.155	232	157	7	219	444	132	357	7.04e-12	67.0
g2583.t1	VFG031679(gb|WP_011558086)	27.586	261	162	8	193	444	115	357	1.34e-11	65.9
g2583.t1	VFG031678(gb|WP_011854538)	27.586	261	162	8	193	444	115	357	1.36e-11	65.9
g2583.t1	VFG032653(gb|WP_014092758)	25.081	307	197	12	147	436	157	447	1.67e-11	66.2
g2583.t1	VFG006833(gb|WP_011702190)	25.503	298	207	10	147	436	157	447	2.21e-11	65.9
g2583.t1	VFG006832(gb|WP_003771747)	25.081	307	197	12	147	436	157	447	2.81e-11	65.5
g2583.t1	VFG032638(gb|WP_014654264)	25.081	307	197	12	147	436	157	447	2.91e-11	65.5
g2583.t1	VFG006830(gb|NP_464903)	25.081	307	197	12	147	436	157	447	2.94e-11	65.5
g2583.t1	VFG019396(gb|WP_003736550)	25.081	307	197	12	147	436	157	447	2.96e-11	65.1
g2583.t1	VFG038238(gb|WP_000226703)	22.932	266	195	5	197	458	246	505	3.55e-11	65.1
g2583.t1	VFG038231(gb|WP_000472465)	22.932	266	195	5	197	458	265	524	5.11e-11	64.7
g2583.t1	VFG038243(gb|WP_134815986)	22.932	266	195	5	197	458	250	509	5.36e-11	64.7
g2583.t1	VFG031721(gb|WP_198345043)	26.724	232	158	7	219	444	120	345	5.37e-11	63.9
g2583.t1	VFG038240(gb|WP_043960856)	22.932	266	195	5	197	458	265	524	6.03e-11	64.3
g2583.t1	VFG038235(gb|YP_001083791)	22.932	266	195	5	197	458	191	450	6.06e-11	64.3
g2583.t1	VFG038237(gb|WP_000226704)	22.932	266	195	5	197	458	246	505	6.08e-11	64.3
g2583.t1	VFG038232(gb|WP_001985884)	22.932	266	195	5	197	458	265	524	6.88e-11	64.3
g2583.t1	VFG001747(gb|WP_002209035)	28.856	201	124	8	255	447	406	595	8.93e-11	64.3
g2583.t1	VFG027245(gb|YP_007957124)	29.756	205	134	4	189	388	13	212	8.96e-11	61.6
g2583.t1	VFG032654(gb|WP_003747594)	25.163	306	198	12	147	436	157	447	9.74e-11	63.5
g2583.t1	VFG003358(gb|WP_011191566)	28.856	201	124	8	255	447	406	595	1.52e-10	63.5
g2583.t1	VFG018953(gb|WP_012304703)	28.856	201	124	8	255	447	406	595	1.55e-10	63.5
g2583.t1	VFG031677(gb|WP_014876913)	26.407	231	158	6	220	444	133	357	1.55e-10	62.8
g2583.t1	VFG017284(gb|WP_012105858)	28.856	201	124	8	255	447	406	595	1.67e-10	63.5
g2583.t1	VFG007493(gb|WP_011079831)	27.500	240	158	6	224	461	105	330	5.48e-10	60.8
g2583.t1	VFG031673(gb|WP_010950191)	27.706	231	155	6	220	444	131	355	5.78e-10	60.8
g2583.t1	VFG019282(gb|WP_006071786)	23.675	283	195	9	178	444	293	570	6.32e-10	61.2
g2583.t1	VFG011632(gb|WP_002965157)	24.126	286	190	9	178	444	293	570	1.01e-09	60.8
g2583.t1	VFG011631(gb|WP_004684547)	24.126	286	190	9	178	444	293	570	1.02e-09	60.5
g2583.t1	VFG011635(gb|WP_006014486)	24.126	286	190	9	178	444	293	570	1.09e-09	60.5
g2583.t1	VFG031674(gb|WP_085989560)	27.706	231	155	6	220	444	131	355	1.22e-09	60.1
g2583.t1	VFG018297(gb|WP_004691160)	23.776	286	191	9	178	444	293	570	1.22e-09	60.5
g2583.t1	VFG027142(gb|YP_007960665)	37.079	89	54	1	358	444	134	222	1.23e-09	58.9
g2583.t1	VFG011634(gb|WP_006191047)	23.776	286	191	9	178	444	293	570	1.27e-09	60.5
g2583.t1	VFG023574(gb|WP_013649086)	27.835	194	127	7	255	443	406	591	1.29e-09	60.5
g2583.t1	VFG027151(gb|YP_005922066)	37.079	89	54	1	358	444	109	197	1.49e-09	58.2
g2583.t1	VFG027204(gb|WP_015309198)	22.762	391	245	13	75	444	68	422	1.92e-09	59.3
g2583.t1	VFG031671(gb|WP_010908900)	27.273	231	156	6	220	444	130	354	5.81e-09	57.8
g2583.t1	VFG015070(gb|WP_011103673)	25.758	198	137	5	247	437	285	479	6.93e-09	58.2
g2583.t1	VFG031703(gb|WP_015292194)	26.407	231	158	6	220	444	132	356	9.70e-09	57.0
g2583.t1	VFG031686(gb|WP_003910136)	26.407	231	158	6	220	444	132	356	1.00e-08	57.0
g2583.t1	VFG031669(gb|NP_215004)	26.407	231	158	6	220	444	132	356	1.00e-08	57.0
g2583.t1	VFG031675(gb|WP_011799109)	26.407	231	158	6	220	444	132	356	1.01e-08	57.0
g2583.t1	VFG041577(gb|WP_012847750)	37.647	85	50	2	359	443	501	582	3.43e-08	55.8
g2583.t1	VFG015079(gb|WP_185745811)	24.747	198	139	4	247	437	284	478	4.31e-08	55.8
g2583.t1	VFG022933(gb|WP_013827764)	24.080	299	188	10	187	465	161	440	4.43e-08	55.1
g2583.t1	VFG015077(gb|WP_041475601)	26.131	199	135	6	247	437	285	479	4.82e-08	55.5
g2583.t1	VFG015075(gb|WP_011532652)	26.263	198	136	5	247	437	286	480	6.81e-08	55.1
g2583.t1	VFG015071(gb|WP_011268595)	25.253	198	138	5	247	437	285	479	7.89e-08	54.7
g2583.t1	VFG007490(gb|WP_001881834)	25.833	240	162	5	224	461	108	333	8.76e-08	53.9
g2583.t1	VFG031713(gb|YP_007956676)	26.180	233	157	8	220	444	132	357	1.01e-07	53.9
g2583.t1	VFG015072(gb|WP_011169248)	25.253	198	138	5	247	437	285	479	1.01e-07	54.7
g2583.t1	VFG009851(gb|WP_011561826)	23.611	288	176	10	180	444	157	423	1.05e-07	53.9
g2583.t1	VFG015078(gb|WP_012018243)	26.768	198	135	5	247	437	284	478	1.06e-07	54.3
g2583.t1	VFG015076(gb|WP_011062714)	26.131	199	135	6	247	437	285	479	1.31e-07	54.3
g2583.t1	VFG031694(gb|WP_008261206)	37.079	89	54	1	358	444	267	355	1.58e-07	53.1
g2583.t1	VFG031682(gb|WP_094987106)	25.957	235	154	5	220	444	131	355	1.85e-07	53.1
g2583.t1	VFG031690(gb|WP_012392756)	25.957	235	154	5	220	444	131	355	1.93e-07	53.1
g2583.t1	VFG003825(gb|WP_001050780)	27.551	196	125	9	255	443	404	589	2.97e-07	53.1
g2583.t1	VFG002045(gb|WP_010930608)	28.000	200	125	7	250	436	723	916	3.04e-07	53.1
g2583.t1	VFG027184(gb|WP_015289381)	23.140	363	234	11	123	465	105	442	3.23e-07	52.4
g2583.t1	VFG019942(gb|WP_012724914)	25.758	198	137	5	247	437	285	479	3.43e-07	52.8
g2583.t1	VFG011123(gb|WP_010926708)	26.601	203	124	7	250	436	723	916	5.05e-07	52.4
g2583.t1	VFG031691(gb|WP_013827420)	25.306	245	169	8	207	444	122	359	6.14e-07	51.6
g2583.t1	VFG011122(gb|WP_010928858)	26.601	203	124	7	250	436	723	916	7.19e-07	52.0
g2583.t1	VFG009839(gb|NP_215417)	22.865	363	235	11	123	465	105	442	7.62e-07	51.2
g2583.t1	VFG009849(gb|WP_011892634)	22.337	291	183	10	179	444	151	423	8.86e-07	51.2
g2583.t1	VFG015783(gb|WP_012313127)	25.000	200	136	5	247	437	286	480	9.27e-07	51.6
g2583.t1	VFG015067(gb|NP_249619)	25.126	199	137	6	247	437	284	478	1.05e-06	51.2
g2583.t1	VFG015073(gb|WP_010952710)	25.758	198	137	5	247	437	286	480	1.08e-06	51.2
g2583.t1	VFG015074(gb|WP_012053464)	25.758	198	137	5	247	437	286	480	1.12e-06	51.2
g2583.t1	VFG041873(gb|WP_080509010)	25.123	203	139	6	246	443	406	600	1.91e-06	50.4
g2583.t1	VFG015782(gb|WP_012270935)	24.500	200	137	5	247	437	286	480	2.46e-06	50.1
g2583.t1	VFG015068(gb|WP_003156446)	24.623	199	138	6	247	437	284	478	2.64e-06	50.1
g2583.t1	VFG014377(gb|WP_011534912)	30.483	269	105	17	210	445	156	375	2.71e-06	49.3
g2583.t1	VFG009848(gb|WP_011730694)	24.727	275	177	10	186	444	162	422	4.43e-06	48.9
g2583.t1	VFG014001(gb|WP_003243065)	24.779	226	147	7	249	465	312	523	6.75e-06	48.5
g2583.t1	VFG027203(gb|WP_015632690)	24.167	240	151	8	238	465	221	441	7.88e-06	48.1
g2583.t1	VFG009845(gb|WP_011723897)	24.167	240	151	8	238	465	221	441	8.98e-06	47.8
g2583.t1	VFG009846(gb|WP_010908723)	23.986	296	186	10	190	465	166	442	8.99e-06	47.8
g2955.t1	VFG052339(gb|NP_463156.1)	32.192	292	173	8	160	440	66	343	1.87e-29	117
g2955.t1	VFG041841(gb|WP_011136181)	34.728	239	143	5	197	430	158	388	4.91e-27	112
g2955.t1	VFG009878(gb|WP_014878346)	31.365	271	164	8	186	442	190	452	3.96e-21	95.5
g2955.t1	VFG031683(gb|WP_011778104)	30.660	212	136	5	231	433	152	361	7.04e-21	94.0
g2955.t1	VFG031699(gb|WP_005062022)	31.905	210	135	3	233	435	153	361	3.82e-20	92.4
g2955.t1	VFG009877(gb|WP_011742227)	24.892	462	305	14	1	442	12	451	4.37e-20	92.4
g2955.t1	VFG009880(gb|WP_203431724)	30.627	271	166	10	186	442	172	434	4.72e-20	92.0
g2955.t1	VFG031685(gb|YP_001704776)	32.843	204	129	3	233	429	153	355	7.57e-20	91.7
g2955.t1	VFG009876(gb|WP_010907576)	30.627	271	164	9	186	441	189	450	8.33e-20	91.7
g2955.t1	VFG022943(gb|YP_001701821)	29.779	272	169	10	186	443	200	463	3.35e-19	89.7
g2955.t1	VFG031669(gb|NP_215004)	30.769	208	136	3	233	433	154	360	4.17e-19	89.0
g2955.t1	VFG031675(gb|WP_011799109)	30.769	208	136	3	233	433	154	360	4.29e-19	89.0
g2955.t1	VFG027230(gb|WP_005063389)	29.779	272	169	10	186	443	191	454	4.31e-19	89.4
g2955.t1	VFG031686(gb|WP_003910136)	30.769	208	136	3	233	433	154	360	4.38e-19	89.0
g2955.t1	VFG031703(gb|WP_015292194)	30.769	208	136	3	233	433	154	360	4.40e-19	89.0
g2955.t1	VFG027236(gb|WP_014850324)	29.779	272	169	10	186	443	191	454	4.72e-19	89.4
g2955.t1	VFG031691(gb|WP_013827420)	29.245	212	138	5	233	435	157	365	5.30e-19	88.6
g2955.t1	VFG009851(gb|WP_011561826)	32.441	299	160	12	155	435	155	429	5.80e-19	88.6
g2955.t1	VFG031676(gb|WP_011891086)	30.660	212	136	5	231	433	152	361	6.13e-19	88.2
g2955.t1	VFG031677(gb|WP_014876913)	29.717	212	138	5	231	433	152	361	7.31e-19	88.2
g2955.t1	VFG027254(gb|WP_015309037)	30.686	277	158	10	186	442	195	457	7.44e-19	88.6
g2955.t1	VFG009875(gb|WP_019732008)	29.779	272	167	9	186	442	193	455	8.11e-19	88.6
g2955.t1	VFG032654(gb|WP_003747594)	25.362	276	194	6	169	434	187	460	8.50e-19	88.6
g2955.t1	VFG009849(gb|WP_011892634)	32.343	303	161	13	155	438	155	432	1.35e-18	87.8
g2955.t1	VFG031721(gb|WP_198345043)	29.858	211	139	4	231	433	140	349	1.45e-18	87.0
g2955.t1	VFG027203(gb|WP_015632690)	31.699	306	166	12	155	442	154	434	1.52e-18	87.4
g2955.t1	VFG031673(gb|WP_010950191)	31.905	210	133	4	233	434	153	360	1.58e-18	87.0
g2955.t1	VFG022926(gb|WP_036426280)	31.683	303	171	10	155	442	154	435	1.61e-18	87.4
g2955.t1	VFG027186(gb|WP_041299634)	31.683	303	171	10	155	442	154	435	1.74e-18	87.4
g2955.t1	VFG024195(gb|WP_008254067)	29.779	272	167	9	186	442	193	455	1.89e-18	87.4
g2955.t1	VFG024194(gb|WP_036397793)	29.779	272	167	9	186	442	193	455	1.97e-18	87.4
g2955.t1	VFG009845(gb|WP_011723897)	31.699	306	166	12	155	442	154	434	2.03e-18	87.0
g2955.t1	VFG024196(gb|WP_036390311)	29.603	277	161	9	186	442	193	455	2.16e-18	87.4
g2955.t1	VFG009874(gb|WP_003877497)	29.151	271	170	8	186	442	193	455	2.17e-18	87.4
g2955.t1	VFG031674(gb|WP_085989560)	31.905	210	133	4	233	434	153	360	2.46e-18	86.7
g2955.t1	VFG009847(gb|WP_011738613)	31.353	303	172	10	155	442	154	435	4.32e-18	86.3
g2955.t1	VFG031693(gb|WP_013470605)	30.189	212	137	5	231	433	152	361	5.11e-18	85.5
g2955.t1	VFG009850(gb|WP_011782154)	31.879	298	163	11	155	435	154	428	6.88e-18	85.5
g2955.t1	VFG031713(gb|YP_007956676)	31.100	209	135	4	233	433	154	361	7.50e-18	85.1
g2955.t1	VFG032653(gb|WP_014092758)	24.638	276	196	6	169	434	187	460	1.31e-17	84.7
g2955.t1	VFG006833(gb|WP_011702190)	24.627	268	190	6	169	426	187	452	1.59e-17	84.7
g2955.t1	VFG019396(gb|WP_003736550)	25.000	268	189	6	169	426	187	452	1.60e-17	84.7
g2955.t1	VFG032638(gb|WP_014654264)	25.000	268	189	6	169	426	187	452	1.63e-17	84.7
g2955.t1	VFG009879(gb|WP_173362732)	28.889	270	172	8	186	442	172	434	1.72e-17	84.3
g2955.t1	VFG006830(gb|NP_464903)	25.000	268	189	6	169	426	187	452	1.74e-17	84.3
g2955.t1	VFG006832(gb|WP_003771747)	25.000	268	189	6	169	426	187	452	1.87e-17	84.3
g2955.t1	VFG019282(gb|WP_006071786)	29.066	289	171	12	174	437	299	578	3.41e-17	84.0
g2955.t1	VFG022933(gb|WP_013827764)	29.703	303	175	11	157	443	154	434	4.16e-17	83.2
g2955.t1	VFG027204(gb|WP_015309198)	29.667	300	169	12	157	438	156	431	6.37e-17	82.4
g2955.t1	VFG027234(gb|WP_015292586)	25.376	465	299	14	1	442	12	451	6.44e-17	82.8
g2955.t1	VFG011631(gb|WP_004684547)	28.966	290	170	12	174	437	299	578	8.05e-17	82.8
g2955.t1	VFG031671(gb|WP_010908900)	30.622	209	137	3	233	434	152	359	8.18e-17	82.0
g2955.t1	VFG011635(gb|WP_006014486)	28.966	290	170	12	174	437	299	578	8.49e-17	82.8
g2955.t1	VFG009848(gb|WP_011730694)	29.178	353	195	16	116	438	104	431	9.49e-17	82.0
g2955.t1	VFG011634(gb|WP_006191047)	28.716	296	163	13	174	437	299	578	1.05e-16	82.4
g2955.t1	VFG018297(gb|WP_004691160)	28.716	296	163	13	174	437	299	578	1.08e-16	82.4
g2955.t1	VFG009872(gb|WP_003405123)	25.161	465	300	14	1	442	12	451	1.65e-16	81.6
g2955.t1	VFG009839(gb|NP_215417)	31.373	306	168	11	155	442	154	435	1.68e-16	81.3
g2955.t1	VFG009882(gb|WP_011561678)	29.779	272	167	9	186	442	190	452	1.81e-16	81.6
g2955.t1	VFG009846(gb|WP_010908723)	31.183	279	166	8	180	442	167	435	1.99e-16	80.9
g2955.t1	VFG009817(gb|WP_011738793)	29.831	295	162	11	181	443	179	460	2.62e-16	80.9
g2955.t1	VFG009881(gb|WP_011856925)	29.779	272	167	9	186	442	190	452	2.86e-16	80.9
g2955.t1	VFG011632(gb|WP_002965157)	28.621	290	171	12	174	437	299	578	3.45e-16	80.9
g2955.t1	VFG027248(gb|YP_005359673)	29.964	277	160	10	186	442	72	334	3.50e-16	80.1
g2955.t1	VFG022911(gb|WP_012396470)	29.831	295	162	11	181	443	179	460	3.66e-16	80.5
g2955.t1	VFG009869(gb|NP_215497)	25.161	465	300	14	1	442	12	451	3.68e-16	80.5
g2955.t1	VFG027137(gb|WP_015357321)	29.831	295	162	11	181	443	179	460	3.73e-16	80.5
g2955.t1	VFG027184(gb|WP_015289381)	30.921	304	172	10	155	442	154	435	4.11e-16	80.1
g2955.t1	VFG027181(gb|WP_005092753)	28.309	272	171	9	186	442	165	427	4.91e-16	79.7
g2955.t1	VFG031679(gb|WP_011558086)	29.808	208	130	6	233	429	155	357	4.99e-16	79.3
g2955.t1	VFG031678(gb|WP_011854538)	29.808	208	130	6	233	429	155	357	5.08e-16	79.3
g2955.t1	VFG031690(gb|WP_012392756)	29.808	208	138	3	233	433	153	359	7.27e-16	79.0
g2955.t1	VFG031682(gb|WP_094987106)	29.808	208	138	3	233	433	153	359	7.67e-16	79.0
g2955.t1	VFG022927(gb|YP_001701701)	28.309	272	171	9	186	442	198	460	7.79e-16	79.3
g2955.t1	VFG024182(gb|WP_008253899)	29.836	305	173	12	155	442	154	434	1.98e-15	77.8
g2955.t1	VFG022949(gb|WP_013827875)	28.309	272	169	9	186	441	189	450	2.26e-15	77.8
g2955.t1	VFG038238(gb|WP_000226703)	24.731	279	197	6	178	449	240	512	7.94e-15	76.3
g2955.t1	VFG038240(gb|WP_043960856)	24.731	279	197	6	178	449	259	531	8.01e-15	76.6
g2955.t1	VFG038232(gb|WP_001985884)	24.731	279	197	6	178	449	259	531	8.76e-15	76.3
g2955.t1	VFG038231(gb|WP_000472465)	24.731	279	197	6	178	449	259	531	1.78e-14	75.5
g2955.t1	VFG038243(gb|WP_134815986)	24.731	279	197	6	178	449	244	516	2.23e-14	75.1
g2955.t1	VFG038237(gb|WP_000226704)	24.731	279	197	6	178	449	240	512	2.35e-14	75.1
g2955.t1	VFG038235(gb|YP_001083791)	24.731	279	197	6	178	449	185	457	2.49e-14	74.7
g2955.t1	VFG024169(gb|WP_099961986)	26.005	423	265	13	53	447	81	483	3.11e-14	74.7
g2955.t1	VFG031694(gb|WP_008261206)	29.665	209	137	4	233	433	153	359	3.95e-14	73.9
g2955.t1	VFG009819(gb|WP_041799901)	25.420	476	300	15	7	447	1	456	5.61e-14	73.6
g2955.t1	VFG027195(gb|YP_007957055)	30.392	306	172	11	155	442	154	436	6.93e-14	73.2
g2955.t1	VFG009818(gb|WP_014878477)	26.519	362	218	10	120	448	122	468	9.54e-13	69.7
g2955.t1	VFG009820(gb|WP_036377494)	26.301	346	221	9	129	448	128	465	1.01e-12	69.7
g2955.t1	VFG022913(gb|WP_013988770)	25.361	485	299	17	3	448	5	465	1.34e-12	69.3
g2955.t1	VFG009813(gb|WP_003403870)	25.263	475	292	17	3	438	5	455	1.78e-12	68.9
g2955.t1	VFG009812(gb|WP_003898576)	25.684	475	290	18	3	438	5	455	3.60e-12	68.2
g2955.t1	VFG009810(gb|NP_215272)	25.420	476	290	19	3	438	5	455	3.79e-12	67.8
g2955.t1	VFG022912(gb|YP_001701426)	27.606	355	205	12	123	443	143	479	3.92e-12	68.2
g2955.t1	VFG027147(gb|YP_007956930)	25.684	475	290	18	3	438	5	455	4.25e-12	67.8
g2955.t1	VFG027156(gb|WP_085976583)	26.176	340	220	9	129	443	128	461	4.46e-12	67.8
g2955.t1	VFG022914(gb|WP_014000393)	25.413	484	280	20	3	438	5	455	5.13e-12	67.4
g2955.t1	VFG027132(gb|WP_005064129)	27.606	355	205	12	123	443	121	457	5.18e-12	67.4
g2955.t1	VFG027136(gb|WP_015292432)	25.413	484	280	20	3	438	5	455	5.55e-12	67.4
g2955.t1	VFG027133(gb|WP_015287911)	25.684	475	290	18	3	438	5	455	5.70e-12	67.4
g2955.t1	VFG027135(gb|WP_015289263)	25.413	484	280	20	3	438	5	455	7.18e-12	67.0
g2955.t1	VFG019761(gb|WP_012614544)	28.889	225	119	9	239	442	312	516	5.07e-11	64.7
g2955.t1	VFG013995(gb|WP_003150028)	29.907	214	131	8	239	442	312	516	5.78e-11	64.3
g2955.t1	VFG027154(gb|WP_020821555)	27.010	311	184	11	167	443	158	459	8.61e-11	63.5
g2955.t1	VFG018487(gb|WP_001050783)	27.753	227	146	6	214	430	373	591	9.72e-11	63.9
g2955.t1	VFG001213(gb|NP_253236)	28.700	223	122	8	239	442	312	516	9.81e-11	63.5
g2955.t1	VFG024170(gb|WP_014381773)	26.688	311	185	11	167	443	158	459	1.32e-10	63.2
g2955.t1	VFG024171(gb|WP_014710887)	27.010	311	184	11	167	443	158	459	1.58e-10	62.8
g2955.t1	VFG018488(gb|WP_001050778)	26.300	327	187	12	157	442	290	603	3.41e-10	62.4
g2955.t1	VFG027142(gb|YP_007960665)	29.439	214	133	6	236	438	25	231	6.44e-10	59.7
g2955.t1	VFG027151(gb|YP_005922066)	29.245	212	132	6	238	438	2	206	8.64e-10	58.9
g2955.t1	VFG020694(gb|WP_001050767)	26.639	244	151	8	214	442	373	603	8.75e-10	60.8
g2955.t1	VFG003824(gb|WP_001050755)	26.639	244	151	8	214	442	373	603	9.29e-10	60.8
g2955.t1	VFG003823(gb|WP_001050754)	26.639	244	151	8	214	442	373	603	9.38e-10	60.8
g2955.t1	VFG020700(gb|WP_001050758)	26.639	244	151	8	214	442	373	603	9.46e-10	60.8
g2955.t1	VFG022917(gb|WP_013830538)	26.857	350	192	13	129	437	129	455	1.05e-09	60.5
g2955.t1	VFG020699(gb|WP_001050765)	26.639	244	151	8	214	442	373	603	1.27e-09	60.5
g2955.t1	VFG009816(gb|WP_165928405)	27.517	298	165	10	181	443	177	458	1.32e-09	60.1
g2955.t1	VFG020698(gb|WP_001050776)	26.639	244	151	8	214	442	373	603	1.36e-09	60.5
g2955.t1	VFG020695(gb|WP_001050774)	26.639	244	151	8	214	442	373	603	1.38e-09	60.5
g2955.t1	VFG003825(gb|WP_001050780)	27.876	226	135	8	220	430	379	591	1.46e-09	60.5
g2955.t1	VFG000493(gb|NP_460357)	26.639	244	151	8	214	442	373	603	1.46e-09	60.5
g2955.t1	VFG020693(gb|WP_001050764)	26.891	238	146	8	220	442	379	603	1.51e-09	60.1
g2955.t1	VFG003826(gb|WP_001539908)	26.891	238	146	8	220	442	379	603	1.58e-09	60.1
g2955.t1	VFG009815(gb|WP_162830471)	27.517	298	165	10	181	443	177	458	1.63e-09	59.7
g2955.t1	VFG009821(gb|WP_011857087)	25.217	345	224	9	129	447	124	460	5.71e-09	57.8
g2955.t1	VFG015782(gb|WP_012270935)	27.442	215	127	8	228	425	283	485	7.42e-09	58.2
g2955.t1	VFG009822(gb|WP_011561966)	25.217	345	224	9	129	447	124	460	7.83e-09	57.4
g2955.t1	VFG020697(gb|WP_001050770)	26.230	244	152	8	214	442	373	603	1.02e-08	57.8
g2955.t1	VFG010917(gb|WP_011946809)	26.168	214	132	10	236	430	297	503	1.19e-08	57.4
g2955.t1	VFG015075(gb|WP_011532652)	26.360	239	145	8	228	448	283	508	1.91e-08	56.6
g2955.t1	VFG007490(gb|WP_001881834)	25.888	197	134	5	239	430	128	317	2.07e-08	55.8
g2955.t1	VFG041577(gb|WP_012847750)	27.317	205	135	6	245	441	397	595	2.16e-08	56.6
g2955.t1	VFG015070(gb|WP_011103673)	26.050	238	147	8	228	448	282	507	4.48e-08	55.5
g2955.t1	VFG001888(gb|WP_010947629)	25.701	214	133	10	236	430	297	503	4.55e-08	55.5
g2955.t1	VFG010915(gb|WP_011214165)	25.701	214	133	10	236	430	297	503	5.09e-08	55.5
g2955.t1	VFG045729(gb|WP_085956275)	22.511	231	156	7	229	442	290	514	5.13e-08	55.5
g2955.t1	VFG015071(gb|WP_011268595)	26.050	238	147	8	228	448	282	507	6.12e-08	55.1
g2955.t1	VFG015072(gb|WP_011169248)	26.050	238	147	8	228	448	282	507	7.28e-08	54.7
g2955.t1	VFG015073(gb|WP_010952710)	26.977	215	128	8	228	425	283	485	7.60e-08	54.7
g2955.t1	VFG015074(gb|WP_012053464)	26.977	215	128	8	228	425	283	485	8.01e-08	54.7
g2955.t1	VFG027245(gb|YP_007957124)	27.861	201	129	6	186	378	20	212	1.05e-07	52.4
g2955.t1	VFG015783(gb|WP_012313127)	26.977	215	128	8	228	425	283	485	1.16e-07	54.3
g2955.t1	VFG011123(gb|WP_010926708)	25.234	214	142	5	240	438	723	933	1.28e-07	54.3
g2955.t1	VFG010916(gb|WP_011215874)	25.701	214	133	10	236	430	297	503	1.52e-07	53.9
g2955.t1	VFG011122(gb|WP_010928858)	25.234	214	142	5	240	438	723	933	1.52e-07	53.9
g2955.t1	VFG014001(gb|WP_003243065)	27.149	221	128	7	239	442	312	516	3.10e-07	52.4
g2955.t1	VFG013997(gb|WP_005769277)	28.856	201	118	9	239	426	312	500	3.67e-07	52.4
g2955.t1	VFG019942(gb|WP_012724914)	25.523	239	147	8	228	448	282	507	5.16e-07	52.0
g2955.t1	VFG007495(gb|WP_011262362)	29.524	105	67	2	329	429	215	316	5.37e-07	51.2
g2955.t1	VFG015076(gb|WP_011062714)	25.630	238	148	8	228	448	282	507	6.29e-07	52.0
g2955.t1	VFG002045(gb|WP_010930608)	24.766	214	143	5	240	438	723	933	6.89e-07	52.0
g2955.t1	VFG015079(gb|WP_185745811)	24.051	237	153	7	228	448	281	506	7.48e-07	51.6
g2955.t1	VFG015078(gb|WP_012018243)	23.605	233	159	6	228	448	281	506	9.13e-07	51.2
g2955.t1	VFG015077(gb|WP_041475601)	25.523	239	147	8	228	448	282	507	1.00e-06	51.2
g2955.t1	VFG001747(gb|WP_002209035)	27.149	221	134	8	236	441	397	605	1.08e-06	51.2
g2955.t1	VFG007492(gb|WP_005457625)	23.077	195	140	3	239	429	125	313	1.23e-06	50.1
g2955.t1	VFG013998(gb|WP_003403505)	27.273	220	129	10	239	442	312	516	1.79e-06	50.1
g2955.t1	VFG014000(gb|WP_011335993)	26.852	216	135	8	239	442	312	516	2.04e-06	50.1
g2955.t1	VFG043346(gb|WP_010947489)	27.143	210	132	9	240	441	130	326	2.44e-06	49.3
g2955.t1	VFG015067(gb|NP_249619)	24.034	233	158	6	228	448	281	506	3.23e-06	49.7
g2955.t1	VFG003358(gb|WP_011191566)	26.484	219	138	8	236	441	397	605	3.99e-06	49.3
g2955.t1	VFG018953(gb|WP_012304703)	26.484	219	138	8	236	441	397	605	4.06e-06	49.3
g2955.t1	VFG017284(gb|WP_012105858)	26.484	219	138	8	236	441	397	605	4.17e-06	49.3
g2955.t1	VFG019826(gb|WP_162471079)	31.731	104	60	4	332	429	263	361	4.33e-06	48.5
