g11.t1	VFG013437(gb|WP_005656817)	29.066	289	190	8	8	289	23	303	1.75e-28	111
g11.t1	VFG037756(gb|WP_012297031)	25.000	248	184	2	41	288	43	288	1.87e-27	108
g11.t1	VFG037757(gb|YP_005799955)	25.000	248	184	2	41	288	35	280	2.72e-27	108
g11.t1	VFG037747(gb|WP_001984639)	25.000	248	184	2	41	288	43	288	3.56e-27	107
g11.t1	VFG037746(gb|WP_001985534)	25.000	248	184	2	41	288	43	288	3.78e-27	107
g11.t1	VFG013438(gb|WP_011962020)	28.374	289	192	8	8	289	23	303	7.88e-27	106
g11.t1	VFG013436(gb|WP_005693550)	28.223	287	195	7	8	289	23	303	1.11e-26	106
g11.t1	VFG037768(gb|WP_000078879)	25.862	290	209	3	8	295	26	311	1.30e-26	105
g11.t1	VFG037760(gb|WP_000078875)	25.862	290	209	3	8	295	26	311	1.74e-26	105
g11.t1	VFG037763(gb|YP_001083488)	26.148	283	203	3	15	295	2	280	3.47e-26	104
g11.t1	VFG037762(gb|WP_000078878)	25.517	290	210	3	8	295	26	311	3.74e-26	104
g11.t1	VFG037766(gb|WP_020752758)	25.517	290	210	3	8	295	26	311	4.64e-26	104
g11.t1	VFG037771(gb|WP_000078876)	25.172	290	211	3	8	295	26	311	1.57e-25	103
g11.t1	VFG013440(gb|WP_011608733)	27.473	273	186	7	27	293	42	308	2.05e-23	97.4
g11.t1	VFG013174(gb|WP_012341732)	27.106	273	187	7	27	293	42	308	2.05e-22	94.7
g11.t1	VFG013439(gb|WP_010945021)	23.759	282	204	7	13	289	29	304	2.49e-19	86.3
g11.t1	VFG019194(gb|WP_006072591)	26.389	288	191	11	8	284	30	307	1.53e-14	72.4
g11.t1	VFG011765(gb|WP_002850265)	20.803	274	185	5	29	286	30	287	1.77e-14	72.0
g11.t1	VFG013257(gb|WP_005653851)	24.306	288	197	6	13	291	39	314	2.43e-14	72.0
g11.t1	VFG011423(gb|WP_006012264)	26.389	288	191	11	8	284	30	307	2.47e-14	72.0
g11.t1	VFG013254(gb|WP_005694093)	24.306	288	197	6	13	291	39	314	3.56e-14	71.6
g11.t1	VFG011422(gb|WP_004690769)	26.389	288	191	11	8	284	30	307	3.58e-14	71.2
g11.t1	VFG019296(gb|WP_004685580)	26.389	288	191	11	8	284	30	307	5.26e-14	70.9
g11.t1	VFG011420(gb|WP_002963981)	26.042	288	192	11	8	284	30	307	7.70e-14	70.5
g11.t1	VFG013255(gb|WP_011271920)	23.958	288	198	6	13	291	39	314	2.19e-13	69.3
g11.t1	VFG011419(gb|WP_004683664)	26.042	288	192	11	8	284	30	307	6.38e-13	67.8
g11.t1	VFG013084(gb|WP_004996485)	23.986	296	209	8	8	295	26	313	1.03e-11	64.3
g11.t1	VFG020187(gb|WP_012421740)	23.649	296	210	8	8	295	26	313	3.37e-11	62.8
g11.t1	VFG013087(gb|WP_005027201)	23.649	296	210	8	8	295	26	313	4.71e-11	62.4
g11.t1	VFG013259(gb|WP_011609357)	22.109	294	206	7	8	291	33	313	4.79e-11	62.4
g11.t1	VFG013150(gb|WP_012341217)	21.769	294	207	7	8	291	33	313	1.26e-10	61.2
g11.t1	VFG052325(gb|WP_011179296.1)	23.282	262	164	6	43	283	61	306	1.74e-10	60.5
g11.t1	VFG013258(gb|WP_192940797)	19.758	248	188	5	48	291	73	313	3.96e-10	59.7
g11.t1	VFG052326(gb|WP_038474608.1)	24.701	251	174	7	43	283	61	306	9.01e-10	58.5
g11.t1	VFG011763(gb|WP_002867215)	21.223	278	204	8	13	284	15	283	1.21e-09	58.2
g11.t1	VFG052323(gb|WP_011807344.1)	22.867	293	196	6	8	283	19	298	1.35e-09	57.8
g11.t1	VFG002025(gb|YP_002344527)	21.717	198	145	5	13	205	15	207	7.18e-09	55.8
g11.t1	VFG017765(gb|WP_011989870)	20.863	278	205	8	13	284	15	283	8.17e-09	55.5
g11.t1	VFG011764(gb|WP_002855840)	20.144	278	207	7	13	284	15	283	4.66e-08	53.1
g11.t1	VFG052324(gb|WP_011180644.1)	24.514	257	176	8	38	283	57	306	5.89e-08	53.1
g3305.t1	VFG013437(gb|WP_005656817)	44.000	300	160	5	4	299	7	302	4.13e-86	261
g3305.t1	VFG013438(gb|WP_011962020)	43.000	300	163	5	4	299	7	302	3.74e-84	256
g3305.t1	VFG013436(gb|WP_005693550)	43.522	301	160	6	4	299	7	302	3.62e-83	253
g3305.t1	VFG013440(gb|WP_011608733)	45.033	302	155	8	4	299	7	303	3.58e-79	243
g3305.t1	VFG013174(gb|WP_012341732)	45.033	302	155	8	4	299	7	303	4.45e-79	243
g3305.t1	VFG013439(gb|WP_010945021)	41.042	307	171	6	3	304	7	308	3.13e-78	241
g3305.t1	VFG037768(gb|WP_000078879)	39.274	303	179	3	6	306	12	311	4.51e-75	232
g3305.t1	VFG037766(gb|WP_020752758)	38.614	303	181	3	6	306	12	311	2.44e-74	231
g3305.t1	VFG037760(gb|WP_000078875)	38.614	303	181	3	6	306	12	311	3.61e-74	230
g3305.t1	VFG037762(gb|WP_000078878)	38.284	303	182	3	6	306	12	311	7.86e-74	229
g3305.t1	VFG037771(gb|WP_000078876)	38.284	303	182	3	6	306	12	311	1.34e-73	229
g3305.t1	VFG037763(gb|YP_001083488)	38.596	285	164	4	27	306	2	280	3.03e-67	211
g3305.t1	VFG013257(gb|WP_005653851)	31.667	300	197	4	6	302	20	314	7.03e-44	152
g3305.t1	VFG013254(gb|WP_005694093)	31.667	300	197	4	6	302	20	314	8.51e-44	152
g3305.t1	VFG013255(gb|WP_011271920)	30.333	300	201	4	6	302	20	314	4.75e-42	147
g3305.t1	VFG013259(gb|WP_011609357)	29.568	301	208	3	3	302	16	313	2.32e-39	140
g3305.t1	VFG013150(gb|WP_012341217)	29.236	301	209	3	3	302	16	313	9.33e-39	139
g3305.t1	VFG020187(gb|WP_012421740)	31.629	313	197	8	4	307	10	314	1.64e-37	135
g3305.t1	VFG013087(gb|WP_005027201)	31.629	313	197	8	4	307	10	314	2.89e-37	135
g3305.t1	VFG013084(gb|WP_004996485)	31.629	313	197	8	4	307	10	314	3.87e-37	134
g3305.t1	VFG013258(gb|WP_192940797)	27.832	309	203	8	5	302	14	313	1.06e-34	128
g3305.t1	VFG037757(gb|YP_005799955)	25.856	263	191	4	39	299	20	280	1.58e-23	98.2
g3305.t1	VFG037746(gb|WP_001985534)	25.856	263	191	4	39	299	28	288	1.90e-23	98.2
g3305.t1	VFG037747(gb|WP_001984639)	25.856	263	191	4	39	299	28	288	1.94e-23	98.2
g3305.t1	VFG037756(gb|WP_012297031)	25.856	263	191	4	39	299	28	288	2.08e-23	98.2
g3305.t1	VFG017765(gb|WP_011989870)	22.917	288	207	8	15	297	8	285	7.64e-13	67.8
g3305.t1	VFG011765(gb|WP_002850265)	19.708	274	215	4	26	296	15	286	1.16e-12	67.0
g3305.t1	VFG002025(gb|YP_002344527)	22.222	288	209	8	15	297	8	285	1.19e-12	67.0
g3305.t1	VFG011763(gb|WP_002867215)	22.819	298	195	9	15	297	8	285	2.24e-12	66.2
g3305.t1	VFG011764(gb|WP_002855840)	21.951	287	211	7	15	297	8	285	3.04e-12	65.9
g3305.t1	VFG017999(gb|WP_002801091)	21.918	292	213	8	15	301	8	289	1.29e-11	63.9
g3305.t1	VFG011420(gb|WP_002963981)	26.154	260	173	7	49	294	52	306	4.32e-10	59.7
g3305.t1	VFG011423(gb|WP_006012264)	25.843	267	179	7	42	294	45	306	4.87e-10	59.3
g3305.t1	VFG019296(gb|WP_004685580)	25.843	267	179	7	42	294	45	306	5.86e-10	59.3
g3305.t1	VFG019194(gb|WP_006072591)	25.468	267	180	7	42	294	45	306	9.74e-10	58.5
g3305.t1	VFG011422(gb|WP_004690769)	25.468	267	180	7	42	294	45	306	1.20e-09	58.2
g3305.t1	VFG011419(gb|WP_004683664)	25.468	267	180	7	42	294	45	306	3.88e-09	56.6
g3305.t1	VFG052323(gb|WP_011807344.1)	23.322	283	202	7	22	294	21	298	1.21e-07	52.4
g3305.t1	VFG052325(gb|WP_011179296.1)	24.324	259	174	9	53	297	59	309	4.26e-07	50.4
g3305.t1	VFG052326(gb|WP_038474608.1)	23.723	274	174	8	39	294	50	306	7.06e-06	47.0
g1075.t1	VFG013437(gb|WP_005656817)	55.987	309	128	6	3	306	5	310	2.35e-120	347
g1075.t1	VFG013438(gb|WP_011962020)	55.016	309	131	6	3	306	5	310	4.85e-118	342
g1075.t1	VFG013436(gb|WP_005693550)	54.693	309	132	6	3	306	5	310	1.31e-116	338
g1075.t1	VFG013439(gb|WP_010945021)	53.311	302	136	3	2	300	5	304	3.43e-115	334
g1075.t1	VFG013440(gb|WP_011608733)	53.135	303	136	4	2	300	4	304	3.01e-110	322
g1075.t1	VFG013174(gb|WP_012341732)	53.135	303	136	4	2	300	4	304	7.29e-110	321
g1075.t1	VFG037768(gb|WP_000078879)	38.944	303	181	3	6	306	11	311	5.73e-66	209
g1075.t1	VFG037760(gb|WP_000078875)	38.614	303	182	3	6	306	11	311	8.73e-66	208
g1075.t1	VFG037762(gb|WP_000078878)	37.954	303	184	3	6	306	11	311	3.87e-65	207
g1075.t1	VFG037771(gb|WP_000078876)	38.284	303	183	3	6	306	11	311	4.09e-65	207
g1075.t1	VFG037766(gb|WP_020752758)	38.614	303	182	3	6	306	11	311	4.36e-65	206
g1075.t1	VFG037763(gb|YP_001083488)	38.790	281	168	3	28	306	2	280	6.37e-60	192
g1075.t1	VFG013259(gb|WP_011609357)	33.775	302	189	6	5	301	17	312	1.60e-45	156
g1075.t1	VFG013257(gb|WP_005653851)	33.555	301	187	6	7	301	20	313	2.46e-45	155
g1075.t1	VFG013254(gb|WP_005694093)	33.555	301	187	6	7	301	20	313	2.89e-45	155
g1075.t1	VFG013150(gb|WP_012341217)	33.444	302	190	6	5	301	17	312	6.25e-45	155
g1075.t1	VFG013255(gb|WP_011271920)	32.890	301	189	6	7	301	20	313	1.26e-43	151
g1075.t1	VFG013258(gb|WP_192940797)	31.148	305	195	7	6	301	14	312	9.58e-43	149
g1075.t1	VFG013084(gb|WP_004996485)	30.645	310	187	12	4	298	9	305	1.36e-30	117
g1075.t1	VFG020187(gb|WP_012421740)	30.645	310	187	12	4	298	9	305	7.71e-30	115
g1075.t1	VFG013087(gb|WP_005027201)	30.645	310	187	12	4	298	9	305	8.64e-30	115
g1075.t1	VFG037757(gb|YP_005799955)	22.709	251	188	4	52	299	33	280	2.05e-11	63.5
g1075.t1	VFG037756(gb|WP_012297031)	22.709	251	188	4	52	299	41	288	2.81e-11	63.2
g1075.t1	VFG037747(gb|WP_001984639)	22.709	251	188	4	52	299	41	288	2.91e-11	63.2
g1075.t1	VFG037746(gb|WP_001985534)	22.709	251	188	4	52	299	41	288	3.00e-11	63.2
g1075.t1	VFG052326(gb|WP_038474608.1)	25.692	253	169	8	55	294	60	306	2.90e-08	53.9
g2242.t1	VFG013437(gb|WP_005656817)	48.485	297	147	4	6	298	8	302	1.10e-102	303
g2242.t1	VFG013438(gb|WP_011962020)	48.485	297	147	4	6	298	8	302	5.71e-102	301
g2242.t1	VFG013436(gb|WP_005693550)	47.811	297	149	4	6	298	8	302	7.13e-100	295
g2242.t1	VFG013439(gb|WP_010945021)	45.946	296	154	4	7	298	10	303	4.65e-97	288
g2242.t1	VFG013174(gb|WP_012341732)	45.752	306	158	5	6	305	8	311	1.09e-90	272
g2242.t1	VFG013440(gb|WP_011608733)	45.752	306	158	5	6	305	8	311	1.71e-90	271
g2242.t1	VFG037768(gb|WP_000078879)	37.255	306	181	5	6	305	11	311	1.32e-63	203
g2242.t1	VFG037760(gb|WP_000078875)	36.928	306	182	5	6	305	11	311	2.31e-63	202
g2242.t1	VFG037766(gb|WP_020752758)	36.601	306	183	5	6	305	11	311	4.09e-63	201
g2242.t1	VFG037771(gb|WP_000078876)	36.601	306	183	5	6	305	11	311	1.40e-62	200
g2242.t1	VFG037762(gb|WP_000078878)	36.275	306	184	5	6	305	11	311	2.47e-62	199
g2242.t1	VFG037763(gb|YP_001083488)	36.842	285	167	5	28	305	2	280	1.09e-56	184
g2242.t1	VFG013258(gb|WP_192940797)	30.464	302	202	5	6	301	14	313	3.03e-44	153
g2242.t1	VFG013257(gb|WP_005653851)	29.000	300	209	4	4	301	17	314	5.43e-42	147
g2242.t1	VFG013254(gb|WP_005694093)	29.000	300	209	4	4	301	17	314	5.78e-42	147
g2242.t1	VFG013255(gb|WP_011271920)	28.333	300	211	4	4	301	17	314	9.03e-41	144
g2242.t1	VFG013259(gb|WP_011609357)	29.470	302	205	5	4	301	16	313	6.98e-40	141
g2242.t1	VFG013150(gb|WP_012341217)	29.139	302	206	5	4	301	16	313	5.75e-39	139
g2242.t1	VFG013084(gb|WP_004996485)	28.479	309	206	9	6	305	11	313	9.01e-30	114
g2242.t1	VFG013087(gb|WP_005027201)	28.155	309	207	9	6	305	11	313	7.31e-29	112
g2242.t1	VFG020187(gb|WP_012421740)	27.832	309	208	9	6	305	11	313	1.92e-28	111
g2242.t1	VFG002025(gb|YP_002344527)	22.333	300	203	8	8	296	5	285	1.61e-13	69.7
g2242.t1	VFG037757(gb|YP_005799955)	23.596	267	194	8	38	298	18	280	3.81e-13	68.6
g2242.t1	VFG037746(gb|WP_001985534)	23.596	267	194	8	38	298	26	288	4.30e-13	68.6
g2242.t1	VFG037756(gb|WP_012297031)	23.596	267	194	8	38	298	26	288	4.68e-13	68.6
g2242.t1	VFG037747(gb|WP_001984639)	23.596	267	194	8	38	298	26	288	4.90e-13	68.6
g2242.t1	VFG011763(gb|WP_002867215)	21.429	294	213	7	8	296	5	285	1.17e-12	67.0
g2242.t1	VFG017765(gb|WP_011989870)	21.667	300	205	8	8	296	5	285	2.26e-12	66.2
g2242.t1	VFG011764(gb|WP_002855840)	22.000	300	204	8	8	296	5	285	6.88e-12	64.7
g2242.t1	VFG017999(gb|WP_002801091)	21.711	304	208	8	8	300	5	289	7.11e-12	64.7
g2242.t1	VFG011765(gb|WP_002850265)	21.181	288	207	8	24	295	3	286	5.80e-10	58.9
g2242.t1	VFG011420(gb|WP_002963981)	24.430	307	202	12	6	293	11	306	5.21e-06	47.4
