g1777.t1	VFG006042(gb|WP_001222601)	22.143	280	177	9	1	258	1	261	3.97e-11	62.8
g1777.t1	VFG037476(gb|WP_001105546)	25.000	220	136	6	28	234	27	230	4.44e-11	62.8
g1777.t1	VFG037467(gb|WP_001105559)	24.091	220	138	6	28	234	27	230	9.34e-11	61.6
g1777.t1	VFG037471(gb|YP_001083951)	24.074	216	143	5	28	234	5	208	1.26e-10	60.8
g1777.t1	VFG037478(gb|WP_001105560)	23.474	213	148	5	28	234	27	230	2.19e-10	60.5
g1777.t1	VFG037470(gb|WP_001105554)	23.611	216	144	5	28	234	27	230	4.27e-10	59.7
g1777.t1	VFG037468(gb|WP_001105542)	24.091	220	138	6	28	234	27	230	5.79e-10	59.3
g1777.t1	VFG037474(gb|WP_001105562)	23.611	216	144	5	28	234	27	230	1.14e-09	58.5
g1777.t1	VFG049114(gb|WP_012737527)	23.030	165	124	3	18	180	18	181	3.09e-06	48.1
g1601.t1	VFG006042(gb|WP_001222601)	26.512	215	135	9	1	201	1	206	6.13e-13	68.2
g1601.t1	VFG037471(gb|YP_001083951)	26.291	213	142	5	28	234	5	208	1.95e-11	63.5
g1601.t1	VFG037478(gb|WP_001105560)	25.352	213	144	5	28	234	27	230	2.61e-11	63.2
g1601.t1	VFG037467(gb|WP_001105559)	25.352	213	144	5	28	234	27	230	3.61e-11	62.8
g1601.t1	VFG037476(gb|WP_001105546)	25.352	213	144	5	28	234	27	230	9.60e-11	61.6
g1601.t1	VFG037470(gb|WP_001105554)	25.352	213	144	5	28	234	27	230	1.32e-10	61.2
g1601.t1	VFG037468(gb|WP_001105542)	25.352	213	144	5	28	234	27	230	1.35e-10	61.2
g1601.t1	VFG037474(gb|WP_001105562)	25.822	213	143	5	28	234	27	230	2.13e-10	60.5
g1601.t1	VFG049114(gb|WP_012737527)	25.628	199	137	7	4	196	5	198	4.97e-08	53.5
