g238.t1	VFG052256(gb|NP_214750.1)	100.000	1400	0	0	1	1400	1	1400	0.0	2716
g238.t1	VFG052217(gb|WP_003902628.1)	99.929	1400	1	0	1	1400	1	1400	0.0	2715
g238.t1	VFG052250(gb|WP_003911073.1)	99.857	1400	2	0	1	1400	1	1400	0.0	2713
g238.t1	VFG052254(gb|WP_011961632.1)	99.857	1400	2	0	1	1400	1	1400	0.0	2712
g238.t1	VFG052253(gb|WP_014585488.1)	99.857	1400	2	0	1	1400	1	1400	0.0	2712
g238.t1	VFG052221(gb|WP_010950366.1)	99.786	1400	3	0	1	1400	1	1400	0.0	2711
g238.t1	VFG052228(gb|WP_015302466.1)	99.714	1400	4	0	1	1400	1	1400	0.0	2710
g238.t1	VFG052226(gb|WP_014000128.1)	99.786	1400	3	0	1	1400	1	1400	0.0	2710
g238.t1	VFG052230(gb|WP_015291999.1)	98.217	1402	23	1	1	1400	1	1402	0.0	2667
g238.t1	VFG052229(gb|WP_015288879.1)	97.071	1400	41	0	1	1400	1	1400	0.0	2641
g238.t1	VFG052238(gb|WP_010908966.1)	78.825	1379	286	3	1	1373	1	1379	0.0	2027
g238.t1	VFG052219(gb|WP_003879140.1)	78.495	1395	291	3	11	1400	3	1393	0.0	1999
g238.t1	VFG052218(gb|WP_011726334.1)	78.423	1395	292	3	11	1400	3	1393	0.0	1998
g238.t1	VFG052264(gb|WP_171944435.1)	79.756	1393	276	3	11	1397	3	1395	0.0	1989
g238.t1	VFG052240(gb|WP_193376275.1)	80.187	1393	270	3	11	1397	3	1395	0.0	1972
g238.t1	VFG052241(gb|WP_181013059.1)	80.115	1393	271	3	11	1397	3	1395	0.0	1971
g238.t1	VFG052236(gb|WP_014385989.1)	78.932	1405	283	6	4	1398	1	1402	0.0	1956
g238.t1	VFG052237(gb|WP_008261791.1)	78.932	1405	283	6	4	1398	1	1402	0.0	1956
g238.t1	VFG052233(gb|WP_014943080.1)	78.861	1405	284	6	4	1398	1	1402	0.0	1954
g238.t1	VFG052234(gb|WP_014381397.1)	79.182	1393	279	5	4	1388	1	1390	0.0	1949
g238.t1	VFG052244(gb|WP_013827162.1)	70.938	1397	385	8	1	1377	1	1396	0.0	1868
g238.t1	VFG052232(gb|WP_013470434.1)	69.054	1396	407	5	3	1378	5	1395	0.0	1812
g238.t1	VFG052243(gb|WP_011726878.1)	70.639	1393	388	8	11	1388	1	1387	0.0	1804
g238.t1	VFG052246(gb|WP_208856651.1)	70.644	1366	395	5	11	1373	3	1365	0.0	1788
g238.t1	VFG052247(gb|WP_085975443.1)	70.830	1361	391	5	16	1373	6	1363	0.0	1787
g238.t1	VFG052231(gb|WP_193373614.1)	68.777	1406	404	5	3	1378	5	1405	0.0	1787
g238.t1	VFG052245(gb|WP_085976279.1)	70.904	1361	390	5	16	1373	6	1363	0.0	1771
g238.t1	VFG052242(gb|WP_015304236.1)	71.613	1395	381	8	2	1388	3	1390	0.0	1769
g238.t1	VFG052265(gb|WP_011777576.1)	69.253	1379	398	6	16	1374	6	1378	0.0	1705
g238.t1	VFG052215(gb|WP_016343572.1)	62.178	1396	520	4	4	1398	10	1398	0.0	1618
g238.t1	VFG052216(gb|WP_005063956.1)	62.106	1396	521	4	4	1398	10	1398	0.0	1614
g238.t1	VFG052214(gb|WP_005112422.1)	62.062	1397	520	5	4	1398	10	1398	0.0	1593
g238.t1	VFG052263(gb|YP_007956434.1)	98.344	785	13	0	1	785	1	785	0.0	1501
g238.t1	VFG052249(gb|YP_007960126.1)	95.380	368	14	2	530	897	1	365	0.0	628
