g138.t1	VFG013372(gb|WP_010944658)	22.823	333	213	12	6	314	4	316	8.83e-09	56.2
g138.t1	VFG049107(gb|WP_015958694)	24.786	351	210	11	6	327	4	329	1.83e-08	55.1
g138.t1	VFG048840(gb|WP_015958698)	25.000	348	213	13	6	327	4	329	2.54e-08	54.7
g138.t1	VFG048837(gb|YP_005227858)	24.786	351	210	11	6	327	4	329	2.63e-08	54.7
g138.t1	VFG013373(gb|WP_011608862)	24.735	283	168	13	6	255	4	274	4.89e-08	53.9
g138.t1	VFG037923(gb|WP_000699387)	24.597	248	167	8	6	234	4	250	7.18e-08	53.5
g138.t1	VFG048986(gb|WP_004144150)	24.365	197	117	5	6	183	4	187	1.08e-07	52.8
g138.t1	VFG013164(gb|WP_012340298)	24.735	283	168	13	6	255	4	274	1.18e-07	52.8
g138.t1	VFG016542(gb|NP_975952)	23.899	159	114	4	6	160	4	159	3.85e-07	50.1
g138.t1	VFG049098(gb|WP_014838941)	27.273	187	124	7	6	183	4	187	4.42e-07	50.8
g138.t1	VFG049099(gb|WP_014230054)	27.273	187	124	7	6	183	4	187	4.58e-07	50.8
g138.t1	VFG016528(gb|NP_975938)	23.899	159	114	4	6	160	4	159	4.75e-07	50.8
g138.t1	VFG048981(gb|WP_004144152)	23.350	197	119	5	6	183	4	187	4.89e-07	50.8
g138.t1	VFG016535(gb|NP_975945)	23.899	159	114	4	6	160	4	159	4.97e-07	50.8
g138.t1	VFG014119(gb|WP_012075025)	25.556	180	120	6	6	177	5	178	1.25e-06	49.3
g138.t1	VFG007645(gb|WP_011078841)	25.077	323	189	15	6	313	3	287	5.52e-06	47.4
g138.t1	VFG007658(gb|WP_011149273)	24.501	351	216	13	6	329	4	332	7.36e-06	47.0
