g66.t1	VFG015602(gb|WP_005768204)	28.218	202	127	8	15	209	52	242	9.40e-09	54.7
g66.t1	VFG015603(gb|WP_011266128)	27.228	202	129	8	15	209	52	242	1.10e-08	54.3
g66.t1	VFG015604(gb|WP_011167284)	27.228	202	129	8	15	209	52	242	1.75e-08	53.9
g66.t1	VFG019940(gb|WP_012721457)	28.902	173	105	8	15	180	52	213	9.81e-08	51.6
g66.t1	VFG015608(gb|WP_011920370)	29.167	168	104	7	17	180	57	213	3.00e-07	50.1
g695.t1	VFG015608(gb|WP_011920370)	27.461	193	130	5	20	211	62	245	1.89e-10	59.3
g695.t1	VFG015607(gb|WP_011531470)	28.025	157	88	7	3	150	46	186	7.92e-10	57.4
g695.t1	VFG019939(gb|WP_012613418)	28.058	139	78	5	20	150	62	186	7.96e-09	54.7
g695.t1	VFG015600(gb|WP_003150817)	28.777	139	77	5	20	150	62	186	1.04e-08	54.3
g695.t1	VFG015599(gb|NP_064725)	28.058	139	78	5	20	150	62	186	1.62e-08	53.5
g695.t1	VFG019940(gb|WP_012721457)	28.824	170	92	7	20	178	62	213	2.84e-08	53.1
g695.t1	VFG015065(gb|WP_011058401)	28.824	170	92	7	20	178	62	213	2.98e-08	52.8
g695.t1	VFG015605(gb|WP_010951467)	26.042	192	102	9	3	178	51	218	8.50e-08	51.6
g695.t1	VFG015780(gb|WP_012269866)	26.042	192	102	9	3	178	51	218	1.26e-07	51.2
g695.t1	VFG015609(gb|WP_011911258)	28.249	177	115	6	4	178	47	213	1.30e-07	50.8
g695.t1	VFG015066(gb|WP_041475091)	27.461	193	90	10	4	178	53	213	1.50e-07	50.8
g695.t1	VFG015604(gb|WP_011167284)	30.827	133	78	4	22	150	64	186	2.15e-07	50.4
g695.t1	VFG015603(gb|WP_011266128)	29.231	130	84	3	22	150	64	186	2.77e-07	50.1
g695.t1	VFG015602(gb|WP_005768204)	28.571	140	72	6	22	150	64	186	3.71e-07	49.7
g695.t1	VFG015781(gb|WP_012312029)	27.545	167	94	7	22	178	64	213	3.82e-07	49.7
g2154.t1	VFG015608(gb|WP_011920370)	31.138	167	92	7	20	178	62	213	6.81e-10	57.8
g2154.t1	VFG015607(gb|WP_011531470)	30.657	137	73	6	22	150	64	186	1.65e-09	56.6
g2154.t1	VFG019940(gb|WP_012721457)	28.743	167	96	7	20	178	62	213	6.02e-08	52.0
g2154.t1	VFG019939(gb|WP_012613418)	30.216	139	75	6	20	150	62	186	7.18e-08	52.0
g2154.t1	VFG015065(gb|WP_011058401)	28.743	167	96	7	20	178	62	213	9.82e-08	51.6
g2154.t1	VFG015599(gb|NP_064725)	30.216	139	75	6	20	150	62	186	1.25e-07	51.2
g2154.t1	VFG015605(gb|WP_010951467)	28.485	165	95	7	22	178	69	218	1.93e-07	50.4
g2154.t1	VFG015600(gb|WP_003150817)	29.496	139	76	6	20	150	62	186	2.11e-07	50.4
g2154.t1	VFG015780(gb|WP_012269866)	28.485	165	95	7	22	178	69	218	2.46e-07	50.4
g2154.t1	VFG015603(gb|WP_011266128)	29.231	130	84	3	22	150	64	186	4.66e-07	49.3
g2154.t1	VFG015781(gb|WP_012312029)	29.091	165	94	7	22	178	64	213	5.51e-07	49.3
g2154.t1	VFG015609(gb|WP_011911258)	27.879	165	109	5	16	178	57	213	7.09e-07	48.9
g2154.t1	VFG015604(gb|WP_011167284)	29.231	130	84	3	22	150	64	186	7.16e-07	48.9
g2154.t1	VFG015602(gb|WP_005768204)	28.467	137	76	6	22	150	64	186	1.26e-06	48.1
g2154.t1	VFG015066(gb|WP_041475091)	27.545	167	98	7	20	178	62	213	2.33e-06	47.4
g5.t1	VFG015599(gb|NP_064725)	100.000	257	0	0	1	257	1	257	0.0	521
g5.t1	VFG019939(gb|WP_012613418)	99.611	257	1	0	1	257	1	257	0.0	519
g5.t1	VFG015600(gb|WP_003150817)	96.887	257	8	0	1	257	1	257	0.0	509
g5.t1	VFG019940(gb|WP_012721457)	69.615	260	68	2	1	257	1	252	1.12e-131	372
g5.t1	VFG015603(gb|WP_011266128)	68.651	252	79	0	1	252	1	252	1.39e-130	369
g5.t1	VFG015602(gb|WP_005768204)	69.200	250	76	1	1	249	1	250	1.35e-129	367
g5.t1	VFG015604(gb|WP_011167284)	68.651	252	79	0	1	252	1	252	3.85e-129	365
g5.t1	VFG015609(gb|WP_011911258)	70.400	250	73	1	1	250	1	249	4.37e-129	365
g5.t1	VFG015608(gb|WP_011920370)	73.228	254	65	1	1	251	1	254	5.74e-128	362
g5.t1	VFG015065(gb|WP_011058401)	68.852	244	76	0	1	244	1	244	5.88e-128	362
g5.t1	VFG015781(gb|WP_012312029)	68.000	250	77	1	1	247	1	250	2.81e-126	358
g5.t1	VFG015066(gb|WP_041475091)	68.033	244	78	0	1	244	1	244	3.62e-125	355
g5.t1	VFG015607(gb|WP_011531470)	65.873	252	86	0	1	252	1	252	2.37e-124	353
g5.t1	VFG015780(gb|WP_012269866)	64.683	252	89	0	1	252	6	257	4.04e-121	345
g5.t1	VFG015605(gb|WP_010951467)	64.286	252	90	0	1	252	6	257	2.43e-120	343
