g4300.t1	VFG044096(gb|NP_252908)	100.000	414	0	0	1	414	1	414	0.0	791
g4300.t1	VFG044297(gb|WP_000974234)	25.061	411	254	12	17	398	6	391	8.09e-22	96.7
g4300.t1	VFG046108(gb|WP_001286290)	31.771	192	107	6	9	183	17	201	1.33e-12	68.9
g4300.t1	VFG034024(gb|WP_001286294)	31.250	192	108	6	9	183	17	201	1.57e-11	65.5
g4300.t1	VFG048561(gb|WP_014229379)	27.751	418	262	14	9	402	17	418	3.26e-11	64.7
g4300.t1	VFG048560(gb|WP_014838497)	27.751	418	262	14	9	402	17	418	3.44e-11	64.3
g4300.t1	VFG034039(gb|WP_001286282)	31.720	186	115	4	9	183	17	201	8.85e-11	63.2
g4300.t1	VFG012531(gb|WP_001286281)	31.720	186	115	4	9	183	17	201	8.93e-11	63.2
g4300.t1	VFG020302(gb|WP_012413642)	31.720	186	115	4	9	183	17	201	1.00e-10	63.2
g4300.t1	VFG000367(gb|WP_001286280)	31.720	186	115	4	9	183	17	201	1.01e-10	63.2
g4300.t1	VFG048563(gb|YP_005227762)	31.720	186	115	4	9	183	17	201	1.01e-10	63.2
g4300.t1	VFG034033(gb|WP_001286280)	31.720	186	115	4	9	183	17	201	1.01e-10	63.2
g4300.t1	VFG044324(gb|WP_032447693)	31.720	186	115	4	9	183	17	201	1.02e-10	63.2
g4300.t1	VFG048562(gb|WP_014907272)	31.720	186	115	4	9	183	17	201	1.26e-10	62.8
g4300.t1	VFG034032(gb|WP_001286284)	31.183	186	116	4	9	183	17	201	1.46e-10	62.4
g4300.t1	VFG034028(gb|WP_001286286)	31.183	186	116	4	9	183	17	201	2.63e-10	61.6
g4300.t1	VFG003508(gb|WP_005168691)	31.395	172	106	4	9	169	17	187	4.51e-09	57.8
g4478.t1	VFG044297(gb|WP_000974234)	26.293	232	153	4	30	253	12	233	3.22e-16	80.9
g4478.t1	VFG044096(gb|NP_252908)	32.927	164	106	2	19	181	12	172	8.66e-09	57.8
g412.t1	VFG044096(gb|NP_252908)	27.157	313	211	7	8	310	2	307	3.97e-13	70.9
g412.t1	VFG044297(gb|WP_000974234)	21.851	389	278	10	44	417	28	405	2.30e-12	68.6
g412.t1	VFG046108(gb|WP_001286290)	25.858	379	249	8	31	390	34	399	2.54e-08	55.8
g412.t1	VFG048561(gb|WP_014229379)	24.869	382	253	8	31	392	34	401	8.24e-08	54.3
g412.t1	VFG034024(gb|WP_001286294)	25.594	379	250	8	31	390	34	399	2.63e-07	52.8
g412.t1	VFG048560(gb|WP_014838497)	24.607	382	254	8	31	392	34	401	4.33e-07	52.0
g412.t1	VFG034028(gb|WP_001286286)	25.722	381	247	8	31	390	34	399	4.94e-07	52.0
g412.t1	VFG020302(gb|WP_012413642)	25.459	381	248	8	31	390	34	399	1.07e-06	50.8
g412.t1	VFG000367(gb|WP_001286280)	25.459	381	248	8	31	390	34	399	2.12e-06	50.1
g412.t1	VFG048563(gb|YP_005227762)	25.459	381	248	8	31	390	34	399	2.12e-06	50.1
g412.t1	VFG034033(gb|WP_001286280)	25.459	381	248	8	31	390	34	399	2.12e-06	50.1
g412.t1	VFG044324(gb|WP_032447693)	25.459	381	248	8	31	390	34	399	2.13e-06	50.1
g412.t1	VFG012531(gb|WP_001286281)	25.459	381	248	8	31	390	34	399	2.39e-06	49.7
g412.t1	VFG034039(gb|WP_001286282)	25.459	381	248	8	31	390	34	399	2.41e-06	49.7
g412.t1	VFG034032(gb|WP_001286284)	25.197	381	249	8	31	390	34	399	3.45e-06	49.3
g412.t1	VFG048562(gb|WP_014907272)	25.722	381	247	8	31	390	34	399	3.52e-06	49.3
