g1397.t1	VFG045467(gb|WP_011204972)	39.831	236	137	3	57	292	333	563	1.15e-46	164
g1397.t1	VFG049934(gb|WP_011181932)	38.075	239	143	2	53	291	646	879	1.60e-46	167
g1397.t1	VFG049933(gb|WP_011199086)	38.075	239	143	2	53	291	646	879	2.55e-46	166
g1397.t1	VFG043139(gb|WP_005478021)	32.721	272	175	4	26	296	502	766	4.54e-44	159
g1397.t1	VFG043641(gb|WP_011105816)	27.686	242	170	2	48	289	351	587	3.96e-28	113
g1397.t1	VFG042738(gb|NP_253646)	23.108	251	183	3	46	293	443	686	1.15e-15	77.0
g1397.t1	VFG048319(gb|WP_012967256)	25.620	242	161	7	53	289	222	449	1.57e-08	55.1
g1397.t1	VFG043612(gb|WP_040968855)	25.620	242	161	7	53	289	222	449	1.73e-08	55.1
g1397.t1	VFG048315(gb|WP_014599252)	25.105	239	166	6	53	289	222	449	3.33e-08	54.3
g1345.t1	VFG049934(gb|WP_011181932)	35.223	247	155	3	27	273	634	875	2.16e-42	154
g1345.t1	VFG049933(gb|WP_011199086)	35.223	247	155	3	27	273	634	875	3.43e-42	154
g1345.t1	VFG043139(gb|WP_005478021)	33.858	254	156	6	32	282	522	766	4.82e-41	150
g1345.t1	VFG045467(gb|WP_011204972)	34.657	277	175	4	3	278	292	563	1.61e-40	147
g1345.t1	VFG043641(gb|WP_011105816)	25.385	260	189	2	18	277	335	589	2.83e-26	107
g1345.t1	VFG042738(gb|NP_253646)	25.403	248	173	5	36	279	447	686	2.06e-15	75.9
g1345.t1	VFG043612(gb|WP_040968855)	25.417	240	164	7	39	275	222	449	5.89e-10	59.3
g1345.t1	VFG048319(gb|WP_012967256)	25.417	240	164	7	39	275	222	449	5.94e-10	59.3
g1345.t1	VFG048315(gb|WP_014599252)	25.000	240	165	7	39	275	222	449	2.18e-08	54.7
g1345.t1	VFG048318(gb|WP_004144030)	25.417	240	164	7	39	275	222	449	3.73e-08	53.9
g1345.t1	VFG048317(gb|WP_014906959)	25.000	240	165	7	39	275	222	449	1.23e-07	52.4
g1345.t1	VFG048316(gb|WP_015958940)	25.000	240	165	7	39	275	222	449	1.32e-07	52.4
g2170.t1	VFG043641(gb|WP_011105816)	26.446	242	162	8	31	262	354	589	1.02e-10	62.0
g2170.t1	VFG043612(gb|WP_040968855)	25.843	178	127	4	91	263	275	452	2.28e-06	48.5
g2170.t1	VFG048319(gb|WP_012967256)	25.843	178	127	4	91	263	275	452	2.30e-06	48.5
g2243.t1	VFG043139(gb|WP_005478021)	35.385	260	151	6	278	529	522	772	4.03e-37	146
g2243.t1	VFG045467(gb|WP_011204972)	32.685	257	162	4	277	527	321	572	4.96e-31	127
g2243.t1	VFG049934(gb|WP_011181932)	30.252	238	163	3	278	513	639	875	9.93e-26	111
g2243.t1	VFG043641(gb|WP_011105816)	33.750	240	152	7	282	517	353	589	1.11e-25	110
g2243.t1	VFG049933(gb|WP_011199086)	30.252	238	163	3	278	513	639	875	2.48e-25	110
g2243.t1	VFG042738(gb|NP_253646)	21.359	206	161	1	280	484	445	650	3.63e-07	52.8
g2243.t1	VFG048350(gb|WP_012967268)	22.165	194	128	6	303	491	29	204	6.46e-06	47.4
g2243.t1	VFG048343(gb|WP_012540634)	21.939	196	130	6	303	493	29	206	9.41e-06	47.0
g2608.t1	VFG049934(gb|WP_011181932)	28.434	415	286	8	169	576	467	877	4.14e-51	189
g2608.t1	VFG045467(gb|WP_011204972)	33.594	384	242	7	210	581	183	565	8.59e-51	184
g2608.t1	VFG049933(gb|WP_011199086)	28.193	415	287	8	169	576	467	877	4.35e-50	186
g2608.t1	VFG043139(gb|WP_005478021)	27.885	416	271	12	186	587	370	770	1.75e-42	162
g2608.t1	VFG043641(gb|WP_011105816)	23.611	432	311	9	153	576	167	587	1.34e-31	129
g2608.t1	VFG042738(gb|NP_253646)	26.207	435	281	14	162	575	263	678	8.22e-21	96.7
g2608.t1	VFG048315(gb|WP_014599252)	29.435	248	163	7	344	587	221	460	3.18e-17	84.3
g2608.t1	VFG048317(gb|WP_014906959)	29.435	248	163	7	344	587	221	460	3.94e-17	84.3
g2608.t1	VFG048316(gb|WP_015958940)	29.435	248	163	7	344	587	221	460	4.09e-17	84.3
g2608.t1	VFG048318(gb|WP_004144030)	29.435	248	163	7	344	587	221	460	4.20e-17	84.0
g2608.t1	VFG048319(gb|WP_012967256)	28.862	246	167	5	344	587	221	460	1.62e-15	79.3
g2608.t1	VFG043612(gb|WP_040968855)	28.862	246	167	5	344	587	221	460	1.76e-15	79.0
g2608.t1	VFG006925(gb|WP_011261157)	21.903	452	287	14	152	569	213	632	2.94e-12	69.3
g2608.t1	VFG048310(gb|WP_179294850)	25.101	247	177	5	342	586	237	477	3.80e-12	68.9
g2608.t1	VFG048311(gb|WP_171817011)	25.203	246	176	5	342	585	237	476	4.85e-12	68.6
g2608.t1	VFG006923(gb|WP_043877331)	21.640	439	304	15	152	569	213	632	1.36e-11	67.4
g2608.t1	VFG048313(gb|YP_005228662)	27.679	224	150	7	344	563	221	436	6.96e-11	64.7
g2608.t1	VFG006920(gb|WP_164923315)	21.560	436	314	11	152	572	213	635	9.11e-11	64.7
g2608.t1	VFG006921(gb|WP_001918202)	21.330	436	315	10	152	572	213	635	5.25e-09	58.9
g2608.t1	VFG006922(gb|WP_011106082)	20.796	452	313	15	152	578	213	644	4.20e-07	52.8
g2877.t1	VFG049934(gb|WP_011181932)	32.245	245	164	1	374	616	639	883	2.67e-36	145
g2877.t1	VFG049933(gb|WP_011199086)	32.245	245	164	1	374	616	639	883	6.23e-36	144
g2877.t1	VFG045467(gb|WP_011204972)	35.600	250	153	2	371	615	319	565	8.03e-36	142
g2877.t1	VFG043139(gb|WP_005478021)	35.484	248	159	1	369	615	517	764	8.74e-34	137
g2877.t1	VFG043641(gb|WP_011105816)	29.787	235	163	1	381	613	356	590	2.77e-25	110
g2877.t1	VFG048317(gb|WP_014906959)	27.160	243	161	7	380	615	221	454	9.09e-12	67.8
g2877.t1	VFG048316(gb|WP_015958940)	26.337	243	163	6	380	615	221	454	1.41e-11	67.0
g2877.t1	VFG048318(gb|WP_004144030)	26.337	243	163	6	380	615	221	454	1.80e-11	66.6
g2877.t1	VFG048315(gb|WP_014599252)	25.926	243	164	6	380	615	221	454	1.06e-10	64.3
g2877.t1	VFG048319(gb|WP_012967256)	25.514	243	165	6	380	615	221	454	1.05e-09	61.2
g2877.t1	VFG043612(gb|WP_040968855)	25.514	243	165	6	380	615	221	454	1.18e-09	60.8
g2877.t1	VFG042738(gb|NP_253646)	25.854	205	144	3	370	570	439	639	7.29e-09	58.9
g3898.t1	VFG049934(gb|WP_011181932)	35.169	236	153	0	264	499	642	877	2.50e-42	161
g3898.t1	VFG049933(gb|WP_011199086)	34.746	236	154	0	264	499	642	877	1.75e-41	159
g3898.t1	VFG045467(gb|WP_011204972)	35.409	257	152	4	263	512	324	573	8.07e-38	146
g3898.t1	VFG043139(gb|WP_005478021)	32.950	261	163	7	256	509	517	772	3.00e-32	131
g3898.t1	VFG043641(gb|WP_011105816)	26.778	239	175	0	265	503	353	591	8.35e-26	111
g3898.t1	VFG048319(gb|WP_012967256)	26.141	241	174	4	264	504	218	454	3.03e-15	78.2
g3898.t1	VFG048317(gb|WP_014906959)	25.714	245	172	5	263	504	217	454	3.34e-15	77.8
g3898.t1	VFG043612(gb|WP_040968855)	26.141	241	174	4	264	504	218	454	3.53e-15	77.8
g3898.t1	VFG048318(gb|WP_004144030)	25.714	245	172	5	263	504	217	454	6.75e-15	77.0
g3898.t1	VFG048316(gb|WP_015958940)	25.714	245	172	5	263	504	217	454	6.75e-15	77.0
g3898.t1	VFG048315(gb|WP_014599252)	25.410	244	172	5	264	504	218	454	4.71e-14	74.3
g3898.t1	VFG048313(gb|YP_005228662)	24.123	228	163	5	264	488	218	438	1.10e-10	63.5
g3898.t1	VFG048310(gb|WP_179294850)	22.989	261	195	5	264	522	236	492	3.96e-10	62.0
g3898.t1	VFG048311(gb|WP_171817011)	22.822	241	182	4	264	504	236	472	1.58e-09	60.1
g3898.t1	VFG042738(gb|NP_253646)	27.004	237	165	6	265	498	447	678	1.25e-07	54.3
g3898.t1	VFG048350(gb|WP_012967268)	24.468	94	70	1	413	506	141	233	1.57e-06	49.3
g3898.t1	VFG006920(gb|WP_164923315)	23.077	208	155	3	289	495	432	635	1.70e-06	50.8
g3898.t1	VFG006921(gb|WP_001918202)	23.077	208	155	3	289	495	432	635	2.81e-06	50.1
g4024.t1	VFG045467(gb|WP_011204972)	35.081	248	140	4	149	385	324	561	5.99e-40	149
g4024.t1	VFG049934(gb|WP_011181932)	28.947	304	206	2	94	387	577	880	1.32e-37	144
g4024.t1	VFG049933(gb|WP_011199086)	28.947	304	206	2	94	387	577	880	1.69e-37	144
g4024.t1	VFG043139(gb|WP_005478021)	31.439	264	171	5	129	389	508	764	2.73e-35	137
g4024.t1	VFG043641(gb|WP_011105816)	28.378	222	158	1	164	384	366	587	8.70e-28	115
g4024.t1	VFG042738(gb|NP_253646)	24.701	251	181	5	148	395	444	689	1.73e-11	65.9
g4024.t1	VFG048315(gb|WP_014599252)	27.170	265	178	9	133	391	201	456	5.74e-11	63.9
g4024.t1	VFG048316(gb|WP_015958940)	26.415	265	180	9	133	391	201	456	1.33e-09	59.7
g4024.t1	VFG048318(gb|WP_004144030)	26.423	246	166	9	152	391	220	456	1.49e-09	59.3
g4024.t1	VFG048317(gb|WP_014906959)	26.415	265	180	9	133	391	201	456	2.03e-09	58.9
g4024.t1	VFG048343(gb|WP_012540634)	22.747	233	151	8	160	387	22	230	2.15e-08	54.3
g4024.t1	VFG048319(gb|WP_012967256)	26.104	249	163	5	152	391	220	456	2.54e-08	55.5
g4024.t1	VFG043612(gb|WP_040968855)	26.104	249	163	5	152	391	220	456	2.60e-08	55.5
g4024.t1	VFG048350(gb|WP_012967268)	22.318	233	152	8	160	387	22	230	3.05e-08	53.9
g4024.t1	VFG048310(gb|WP_179294850)	23.013	239	173	5	150	384	236	467	5.83e-08	54.3
g4024.t1	VFG048311(gb|WP_171817011)	23.013	239	173	5	150	384	236	467	6.09e-08	54.3
g4024.t1	VFG048341(gb|WP_032694725)	22.556	266	165	10	124	387	4	230	1.17e-07	52.4
g4024.t1	VFG048348(gb|WP_004149658)	22.363	237	147	8	160	387	22	230	1.21e-07	52.4
g4024.t1	VFG048344(gb|YP_005228642)	21.941	237	148	8	160	387	22	230	2.11e-07	51.6
g4024.t1	VFG006921(gb|WP_001918202)	24.510	204	148	5	179	380	436	635	2.23e-06	49.7
g317.t1	VFG045467(gb|WP_011204972)	33.871	248	160	3	253	496	318	565	2.55e-41	156
g317.t1	VFG049934(gb|WP_011181932)	34.661	251	160	2	257	503	639	889	3.30e-38	149
g317.t1	VFG049933(gb|WP_011199086)	34.661	251	160	2	257	503	639	889	4.57e-38	149
g317.t1	VFG043139(gb|WP_005478021)	33.597	253	161	4	255	502	520	770	1.67e-37	147
g317.t1	VFG043641(gb|WP_011105816)	30.531	226	151	4	271	491	363	587	8.87e-27	114
g317.t1	VFG048315(gb|WP_014599252)	25.112	223	157	6	274	491	232	449	2.10e-12	69.3
g317.t1	VFG048317(gb|WP_014906959)	24.664	223	158	6	274	491	232	449	2.43e-11	65.9
g317.t1	VFG048318(gb|WP_004144030)	24.664	223	158	6	274	491	232	449	2.92e-11	65.5
g317.t1	VFG048316(gb|WP_015958940)	24.664	223	158	6	274	491	232	449	3.11e-11	65.5
g317.t1	VFG048319(gb|WP_012967256)	23.423	222	162	4	274	491	232	449	4.50e-11	65.1
g317.t1	VFG043612(gb|WP_040968855)	23.423	222	162	4	274	491	232	449	4.54e-11	65.1
g317.t1	VFG048310(gb|WP_179294850)	20.325	246	188	4	259	500	235	476	1.12e-09	60.5
g317.t1	VFG048311(gb|WP_171817011)	20.325	246	188	4	259	500	235	476	1.27e-09	60.5
g317.t1	VFG042738(gb|NP_253646)	23.265	245	172	6	261	496	447	684	7.32e-09	58.2
g317.t1	VFG048341(gb|WP_032694725)	25.000	196	133	8	274	468	22	204	4.13e-06	48.1
g435.t1	VFG043139(gb|WP_005478021)	38.247	251	146	5	265	508	516	764	5.64e-42	160
g435.t1	VFG045467(gb|WP_011204972)	33.333	237	152	3	275	505	326	562	1.41e-34	137
g435.t1	VFG049934(gb|WP_011181932)	32.083	240	153	4	274	505	642	879	7.27e-29	121
g435.t1	VFG049933(gb|WP_011199086)	32.083	240	153	4	274	505	642	879	8.18e-29	120
g435.t1	VFG043641(gb|WP_011105816)	29.960	247	151	5	275	507	353	591	1.34e-27	116
g435.t1	VFG048315(gb|WP_014599252)	25.417	240	153	10	278	503	222	449	5.74e-10	61.2
g435.t1	VFG048318(gb|WP_004144030)	25.417	240	153	10	278	503	222	449	1.10e-09	60.5
g435.t1	VFG048316(gb|WP_015958940)	25.417	240	153	10	278	503	222	449	1.20e-09	60.5
g435.t1	VFG048317(gb|WP_014906959)	25.417	240	153	10	278	503	222	449	1.24e-09	60.5
g435.t1	VFG043612(gb|WP_040968855)	25.847	236	157	9	278	503	222	449	1.27e-08	57.0
g435.t1	VFG048319(gb|WP_012967256)	25.847	236	157	9	278	503	222	449	1.28e-08	57.0
g435.t1	VFG048343(gb|WP_012540634)	23.469	196	131	5	297	487	30	211	6.04e-08	53.5
g435.t1	VFG042738(gb|NP_253646)	23.849	239	176	4	275	508	447	684	1.05e-07	54.7
g435.t1	VFG048350(gb|WP_012967268)	22.959	196	132	5	297	487	30	211	2.48e-07	51.6
g435.t1	VFG048313(gb|YP_005228662)	24.561	228	146	10	278	491	222	437	3.76e-06	49.3
g435.t1	VFG048348(gb|WP_004149658)	22.449	196	133	5	297	487	30	211	4.39e-06	48.1
g435.t1	VFG048310(gb|WP_179294850)	22.176	239	168	7	275	503	237	467	5.89e-06	48.9
g435.t1	VFG048344(gb|YP_005228642)	21.939	196	134	5	297	487	30	211	6.28e-06	47.4
g435.t1	VFG048311(gb|WP_171817011)	22.176	239	168	7	275	503	237	467	6.31e-06	48.5
g1710.t1	VFG043139(gb|WP_005478021)	31.579	247	151	4	277	512	529	768	1.65e-35	141
g1710.t1	VFG049933(gb|WP_011199086)	33.193	238	150	5	273	503	642	877	3.12e-32	131
g1710.t1	VFG049934(gb|WP_011181932)	32.489	237	153	4	273	503	642	877	5.14e-32	130
g1710.t1	VFG045467(gb|WP_011204972)	30.859	256	166	4	263	510	315	567	5.36e-31	126
g1710.t1	VFG043641(gb|WP_011105816)	30.705	241	160	4	277	511	356	595	7.25e-25	108
g1710.t1	VFG043612(gb|WP_040968855)	27.132	258	168	7	263	509	207	455	9.14e-15	76.6
g1710.t1	VFG048319(gb|WP_012967256)	27.132	258	168	7	263	509	207	455	1.02e-14	76.3
g1710.t1	VFG048316(gb|WP_015958940)	26.295	251	166	6	269	509	214	455	1.96e-14	75.5
g1710.t1	VFG048318(gb|WP_004144030)	26.400	250	165	6	270	509	215	455	2.60e-14	75.1
g1710.t1	VFG048317(gb|WP_014906959)	26.295	251	166	6	269	509	214	455	2.60e-14	75.1
g1710.t1	VFG048315(gb|WP_014599252)	26.104	249	169	6	269	509	214	455	1.14e-13	73.2
g1710.t1	VFG042738(gb|NP_253646)	25.200	250	182	4	263	508	436	684	5.02e-09	58.9
g1710.t1	VFG048310(gb|WP_179294850)	23.552	259	188	6	265	516	228	483	8.84e-07	51.6
g1710.t1	VFG048311(gb|WP_171817011)	23.045	243	180	5	265	503	228	467	3.34e-06	49.7
g2071.t1	VFG049934(gb|WP_011181932)	33.195	241	158	2	267	505	642	881	1.04e-37	147
g2071.t1	VFG049933(gb|WP_011199086)	32.780	241	159	2	267	505	642	881	4.16e-37	146
g2071.t1	VFG045467(gb|WP_011204972)	32.549	255	151	6	259	502	317	561	3.66e-30	124
g2071.t1	VFG043139(gb|WP_005478021)	28.000	250	170	5	270	514	528	772	2.07e-29	122
g2071.t1	VFG043641(gb|WP_011105816)	27.734	256	176	2	257	503	334	589	6.09e-26	111
g2071.t1	VFG048319(gb|WP_012967256)	25.833	240	167	6	266	501	217	449	1.23e-12	69.7
g2071.t1	VFG048317(gb|WP_014906959)	25.417	240	168	6	266	501	217	449	1.24e-12	69.7
g2071.t1	VFG043612(gb|WP_040968855)	25.833	240	167	6	266	501	217	449	1.46e-12	69.7
g2071.t1	VFG048316(gb|WP_015958940)	25.417	240	168	6	266	501	217	449	2.00e-12	69.3
g2071.t1	VFG048318(gb|WP_004144030)	25.417	240	168	6	266	501	217	449	2.09e-12	68.9
g2071.t1	VFG048315(gb|WP_014599252)	25.417	240	168	6	266	501	217	449	3.60e-12	68.6
g2071.t1	VFG042738(gb|NP_253646)	25.620	242	167	6	271	506	450	684	6.17e-10	61.6
g2071.t1	VFG048310(gb|WP_179294850)	22.800	250	162	6	266	501	235	467	1.25e-08	57.4
g2071.t1	VFG048311(gb|WP_171817011)	22.800	250	162	6	266	501	235	467	1.46e-08	57.0
g2071.t1	VFG048350(gb|WP_012967268)	29.032	124	77	4	376	496	108	223	1.97e-08	55.1
g2071.t1	VFG048341(gb|WP_032694725)	24.762	210	137	8	291	496	31	223	1.23e-07	52.8
g2071.t1	VFG048343(gb|WP_012540634)	28.226	124	78	4	376	496	108	223	3.11e-07	51.6
g2071.t1	VFG048348(gb|WP_004149658)	27.660	94	65	2	415	507	141	232	9.12e-07	50.1
g2071.t1	VFG048344(gb|YP_005228642)	27.660	94	65	2	415	507	141	232	9.46e-07	50.1
g3967.t1	VFG043139(gb|WP_005478021)	36.078	255	160	3	249	501	517	770	3.47e-45	169
g3967.t1	VFG045467(gb|WP_011204972)	34.156	243	152	4	258	495	326	565	1.88e-35	139
g3967.t1	VFG049934(gb|WP_011181932)	30.453	243	159	3	258	494	643	881	6.26e-31	127
g3967.t1	VFG049933(gb|WP_011199086)	30.453	243	159	3	258	494	643	881	9.96e-31	126
g3967.t1	VFG043641(gb|WP_011105816)	28.745	247	164	4	251	490	346	587	9.44e-28	117
g3967.t1	VFG042738(gb|NP_253646)	23.377	231	175	2	257	486	446	675	1.15e-10	63.9
g3967.t1	VFG048319(gb|WP_012967256)	24.790	238	164	7	260	492	221	448	1.35e-10	63.5
g3967.t1	VFG043612(gb|WP_040968855)	24.790	238	164	7	260	492	221	448	1.42e-10	63.2
g3967.t1	VFG048317(gb|WP_014906959)	24.051	237	167	6	260	492	221	448	1.88e-09	59.7
g3967.t1	VFG048316(gb|WP_015958940)	22.881	236	171	5	260	492	221	448	3.23e-09	58.9
g3967.t1	VFG048315(gb|WP_014599252)	23.629	237	168	6	260	492	221	448	7.11e-09	58.2
g3967.t1	VFG048318(gb|WP_004144030)	23.629	237	168	6	260	492	221	448	7.17e-09	57.8
g3967.t1	VFG048310(gb|WP_179294850)	23.166	259	191	5	245	500	224	477	1.26e-08	57.4
g3967.t1	VFG048311(gb|WP_171817011)	23.577	246	180	5	245	487	224	464	1.28e-08	57.4
g3967.t1	VFG048313(gb|YP_005228662)	22.072	222	165	4	260	478	221	437	3.25e-07	52.8
g3967.t1	VFG006923(gb|WP_043877331)	26.852	108	76	1	388	492	537	644	8.69e-07	51.6
g3967.t1	VFG048343(gb|WP_012540634)	22.072	222	151	8	280	497	30	233	9.59e-07	50.1
g3967.t1	VFG006922(gb|WP_011106082)	22.311	251	186	5	244	487	389	637	1.04e-06	51.2
g3967.t1	VFG048350(gb|WP_012967268)	21.622	222	152	8	280	497	30	233	1.65e-06	49.3
g3967.t1	VFG048344(gb|YP_005228642)	22.172	221	152	7	280	497	30	233	2.25e-06	48.9
g3967.t1	VFG048348(gb|WP_004149658)	21.719	221	153	7	280	497	30	233	3.22e-06	48.5
