g239.t1	VFG044370(gb|AAQ21378)	30.695	417	260	9	13	416	9	409	9.00e-41	150
g1031.t1	VFG044370(gb|AAQ21378)	24.824	427	270	12	1	389	1	414	5.82e-17	82.8
g2039.t1	VFG044370(gb|AAQ21378)	28.369	423	281	9	6	414	8	422	2.50e-29	119
g2509.t1	VFG044370(gb|AAQ21378)	30.238	420	273	7	11	418	9	420	5.24e-35	135
g3537.t1	VFG044370(gb|AAQ21378)	33.652	419	258	6	6	417	8	413	1.43e-57	196
g3537.t1	VFG036959(gb|WP_012222039)	29.496	139	94	1	28	166	18	152	1.31e-09	60.1
g3537.t1	VFG036965(gb|WP_002226030)	29.496	139	94	1	28	166	18	152	1.41e-09	60.1
g3537.t1	VFG036963(gb|WP_015815889)	29.496	139	94	1	28	166	18	152	2.64e-09	58.9
g3537.t1	VFG036956(gb|WP_002224867)	29.496	139	94	1	28	166	18	152	2.83e-09	58.9
g3537.t1	VFG036958(gb|WP_002247957)	29.496	139	94	1	28	166	18	152	3.01e-09	58.9
g3537.t1	VFG036962(gb|WP_014573759)	29.496	139	94	1	28	166	18	152	3.06e-09	58.9
g3537.t1	VFG036955(gb|WP_002236670)	29.496	139	94	1	28	166	18	152	3.06e-09	58.9
g3537.t1	VFG036964(gb|WP_002218710)	29.496	139	94	1	28	166	18	152	3.09e-09	58.9
g3537.t1	VFG036966(gb|WP_014581242)	29.496	139	94	1	28	166	18	152	3.34e-09	58.9
g3537.t1	VFG036957(gb|WP_010951322)	29.496	139	94	1	28	166	18	152	6.07e-09	57.8
g3537.t1	VFG036960(gb|WP_003703449)	29.496	139	94	1	28	166	18	152	6.23e-09	57.8
g3537.t1	VFG036972(gb|WP_042508130)	28.777	139	95	1	28	166	18	152	6.46e-09	57.8
g3537.t1	VFG045330(gb|WP_010947054)	25.600	125	93	0	26	150	7	131	1.22e-06	50.4
g4994.t1	VFG044370(gb|AAQ21378)	30.769	390	246	11	29	402	33	414	2.39e-32	127
g4997.t1	VFG044370(gb|AAQ21378)	30.273	403	251	11	27	412	32	421	1.48e-24	105
g2037.t1	VFG044370(gb|AAQ21378)	28.810	420	280	7	6	413	9	421	1.89e-35	136
