g447.t1	VFG016676(gb|WP_011180552)	25.543	736	455	19	7	721	135	798	5.01e-53	196
g447.t1	VFG016677(gb|WP_011179439)	25.000	736	459	20	7	721	135	798	7.98e-51	189
g447.t1	VFG016675(gb|WP_005766757)	24.864	736	456	19	9	721	137	798	6.67e-48	181
g447.t1	VFG018687(gb|WP_012231505)	25.479	730	463	16	7	721	135	798	8.68e-48	181
g3720.t1	VFG016677(gb|WP_011179439)	28.034	824	508	23	8	797	26	798	1.68e-78	269
g3720.t1	VFG016676(gb|WP_011180552)	28.155	824	519	22	3	797	19	798	2.12e-78	269
g3720.t1	VFG018687(gb|WP_012231505)	27.404	832	513	20	4	797	20	798	1.52e-77	266
g3720.t1	VFG016675(gb|WP_005766757)	25.397	819	537	20	9	797	24	798	3.88e-67	238
g219.t1	VFG018687(gb|WP_012231505)	27.805	820	531	16	1	800	16	794	4.33e-83	282
g219.t1	VFG016676(gb|WP_011180552)	27.628	818	535	16	1	800	16	794	1.71e-81	277
g219.t1	VFG016677(gb|WP_011179439)	27.561	820	533	16	1	800	16	794	3.71e-81	276
g219.t1	VFG016675(gb|WP_005766757)	26.966	801	530	16	21	804	36	798	2.47e-76	263
