g1098.t1	VFG001241(gb|NP_249774)	100.000	231	0	0	1	231	1	231	5.16e-171	469
g1098.t1	VFG014228(gb|WP_003086407)	99.567	231	1	0	1	231	1	231	2.76e-170	468
g1098.t1	VFG014227(gb|WP_012076725)	99.134	231	2	0	1	231	1	231	3.30e-169	465
g1098.t1	VFG015656(gb|WP_012273524)	81.385	231	43	0	1	231	1	231	5.00e-136	381
g1098.t1	VFG014232(gb|WP_003254461)	80.952	231	44	0	1	231	1	231	4.62e-135	379
g1098.t1	VFG014233(gb|WP_012051602)	80.087	231	46	0	1	231	1	231	1.54e-134	377
g1098.t1	VFG014234(gb|WP_011534927)	80.519	231	45	0	1	231	1	231	1.90e-134	377
g1098.t1	VFG015657(gb|WP_012315555)	80.087	231	46	0	1	231	1	231	2.98e-134	376
g1098.t1	VFG014236(gb|WP_011333018)	78.788	231	49	0	1	231	1	231	2.55e-133	374
g1098.t1	VFG014229(gb|WP_007244381)	80.702	228	43	1	4	231	11	237	2.74e-132	372
g1098.t1	VFG014235(gb|WP_011059951)	78.355	231	50	0	1	231	1	231	3.39e-132	371
g1098.t1	VFG014230(gb|WP_011268457)	77.731	238	45	2	1	231	1	237	1.19e-131	370
g1098.t1	VFG014231(gb|WP_004658720)	77.311	238	46	2	1	231	1	237	3.22e-131	369
g1098.t1	VFG019804(gb|WP_015885208)	79.310	232	46	2	1	231	1	231	4.32e-131	369
g1098.t1	VFG014238(gb|WP_011912566)	78.355	231	50	0	1	231	1	231	1.19e-127	360
g1098.t1	VFG014237(gb|WP_003247068)	72.500	240	57	2	1	231	1	240	6.29e-121	343
g1098.t1	VFG038877(gb|WP_005314257)	45.299	234	110	5	1	231	5	223	3.71e-64	198
g1098.t1	VFG043189(gb|AAZ99751)	45.299	234	110	5	1	231	5	223	5.73e-64	198
g1098.t1	VFG038785(gb|WP_005320200)	46.957	230	113	3	4	231	1	223	5.33e-63	196
g1098.t1	VFG038784(gb|WP_011706638)	47.210	233	111	3	1	231	1	223	1.07e-62	195
g1098.t1	VFG038786(gb|WP_005350662)	46.087	230	115	3	4	231	1	223	9.73e-62	192
g1098.t1	VFG043232(gb|WP_002211429)	42.489	233	120	4	1	231	1	221	8.07e-60	187
g1098.t1	VFG043133(gb|WP_011106240)	44.298	228	113	4	4	231	10	223	4.25e-57	181
g1098.t1	VFG007326(gb|WP_011149748)	45.581	215	109	3	11	224	48	255	2.52e-55	177
g1098.t1	VFG007325(gb|WP_011078335)	45.581	215	109	3	11	224	48	255	2.63e-55	177
g1098.t1	VFG007324(gb|WP_005462288)	45.545	202	104	2	24	224	59	255	2.53e-53	172
g1098.t1	VFG007322(gb|WP_001911822)	44.554	202	105	2	24	224	59	254	1.48e-52	170
g1098.t1	VFG007327(gb|WP_011262373)	43.564	202	108	2	24	224	63	259	1.21e-51	168
g1098.t1	VFG001997(gb|WP_010946954)	41.453	234	128	4	1	230	1	229	6.74e-50	162
g1098.t1	VFG011300(gb|WP_039052127)	41.848	184	95	3	46	225	48	223	1.95e-37	130
g1098.t1	VFG025683(gb|WP_006495504)	38.537	205	113	6	26	226	30	225	1.28e-34	123
g1098.t1	VFG025681(gb|WP_011546413)	38.049	205	114	6	26	226	30	225	4.28e-34	122
g1098.t1	VFG043028(gb|NP_460151)	38.696	230	119	9	7	226	11	228	1.30e-33	120
g1098.t1	VFG025685(gb|WP_004197258)	40.110	182	98	4	47	226	46	218	1.47e-33	120
g1098.t1	VFG025689(gb|WP_004536126)	40.110	182	98	4	47	226	64	236	1.67e-33	120
g1098.t1	VFG025686(gb|WP_011832298)	40.110	182	98	4	47	226	62	234	1.68e-33	120
g1098.t1	VFG025688(gb|WP_004203461)	40.110	182	98	4	47	226	64	236	1.76e-33	120
g1098.t1	VFG002514(gb|WP_004523041)	40.110	182	98	4	47	226	64	236	2.53e-33	120
g1098.t1	VFG025693(gb|WP_009893438)	39.560	182	99	4	47	226	64	236	7.20e-33	119
g1098.t1	VFG043080(gb|WP_001295442)	37.555	229	124	7	6	226	11	228	1.42e-32	118
g1098.t1	VFG002345(gb|WP_005160434)	38.117	223	113	8	16	226	25	234	2.98e-32	117
g1098.t1	VFG002674(gb|WP_002211116)	36.937	222	117	7	16	226	16	225	5.06e-32	116
g1098.t1	VFG011299(gb|WP_033447174)	39.720	214	114	5	18	225	20	224	5.33e-32	116
g1098.t1	VFG011298(gb|WP_033460279)	39.720	214	114	5	18	225	20	224	6.89e-32	116
g1098.t1	VFG011297(gb|WP_010930326)	38.073	218	112	5	18	225	20	224	3.03e-31	114
g1098.t1	VFG001911(gb|YP_002344105)	25.551	227	153	6	15	231	12	232	6.26e-20	84.7
g1098.t1	VFG011917(gb|WP_011731966)	26.809	235	153	8	9	231	7	234	6.69e-20	84.7
g1098.t1	VFG011916(gb|WP_002861373)	25.551	227	153	6	15	231	12	232	1.03e-19	84.3
g1098.t1	VFG016769(gb|WP_005767762)	30.052	193	124	6	39	231	49	230	2.09e-19	83.2
g1098.t1	VFG017798(gb|WP_011990429)	24.670	227	155	6	15	231	12	232	4.90e-18	79.7
g1098.t1	VFG006547(gb|WP_000709978)	23.611	216	158	3	10	219	12	226	5.56e-15	71.6
g1098.t1	VFG006548(gb|WP_000709989)	23.611	216	158	3	10	219	12	226	9.20e-15	70.9
g1098.t1	VFG019565(gb|WP_000709994)	23.611	216	158	3	10	219	12	226	1.32e-14	70.5
g1098.t1	VFG006549(gb|WP_000709980)	23.611	216	158	3	10	219	12	226	2.02e-14	70.1
g1098.t1	VFG006551(gb|WP_193328816)	25.000	204	138	4	33	231	44	237	4.24e-14	68.9
g1098.t1	VFG019564(gb|WP_000710017)	23.148	216	159	3	10	219	12	226	4.93e-14	68.9
g1098.t1	VFG006550(gb|WP_011577876)	24.623	199	143	3	27	219	24	221	5.64e-14	68.6
g1098.t1	VFG019566(gb|WP_000709998)	23.148	216	159	3	10	219	12	226	1.38e-13	67.8
g1099.t1	VFG043028(gb|NP_460151)	100.000	232	0	0	1	232	1	232	3.14e-173	475
g1099.t1	VFG043080(gb|WP_001295442)	90.948	232	21	0	1	232	1	232	6.01e-151	419
g1099.t1	VFG002674(gb|WP_002211116)	81.081	222	40	1	10	231	9	228	1.03e-123	350
g1099.t1	VFG002345(gb|WP_005160434)	80.180	222	42	1	10	231	18	237	2.78e-122	347
g1099.t1	VFG025681(gb|WP_011546413)	59.048	210	73	5	25	231	29	228	1.19e-76	230
g1099.t1	VFG025683(gb|WP_006495504)	58.571	210	74	5	25	231	29	228	4.95e-76	229
g1099.t1	VFG025685(gb|WP_004197258)	59.242	211	79	3	21	231	18	221	7.51e-76	228
g1099.t1	VFG025686(gb|WP_011832298)	59.242	211	79	3	21	231	34	237	1.06e-75	228
g1099.t1	VFG025688(gb|WP_004203461)	59.242	211	79	3	21	231	36	239	1.13e-75	228
g1099.t1	VFG025689(gb|WP_004536126)	59.242	211	79	3	21	231	36	239	1.74e-75	228
g1099.t1	VFG025693(gb|WP_009893438)	59.242	211	79	3	21	231	36	239	2.79e-75	227
g1099.t1	VFG002514(gb|WP_004523041)	59.048	210	79	3	22	231	37	239	5.02e-75	227
g1099.t1	VFG011299(gb|WP_033447174)	55.128	234	98	4	1	232	1	229	5.99e-73	221
g1099.t1	VFG011298(gb|WP_033460279)	55.128	234	98	4	1	232	1	229	8.49e-73	221
g1099.t1	VFG011297(gb|WP_010930326)	54.274	234	100	4	1	232	1	229	1.89e-70	214
g1099.t1	VFG011300(gb|WP_039052127)	50.455	220	103	3	14	231	12	227	2.45e-69	212
g1099.t1	VFG014227(gb|WP_012076725)	39.316	234	118	10	11	232	7	228	3.13e-38	132
g1099.t1	VFG014228(gb|WP_003086407)	38.889	234	119	10	11	232	7	228	3.24e-37	130
g1099.t1	VFG001241(gb|NP_249774)	38.889	234	119	10	11	232	7	228	6.03e-37	129
g1099.t1	VFG014233(gb|WP_012051602)	40.704	199	100	7	43	232	39	228	6.44e-37	129
g1099.t1	VFG019804(gb|WP_015885208)	38.961	231	123	8	11	232	7	228	8.78e-37	129
g1099.t1	VFG014237(gb|WP_003247068)	38.934	244	121	11	6	232	5	237	9.42e-37	129
g1099.t1	VFG015657(gb|WP_012315555)	38.739	222	119	7	19	232	16	228	1.69e-36	128
g1099.t1	VFG014232(gb|WP_003254461)	40.704	199	100	7	43	232	39	228	1.72e-36	128
g1099.t1	VFG014234(gb|WP_011534927)	38.298	235	127	8	7	232	3	228	3.98e-36	127
g1099.t1	VFG007327(gb|WP_011262373)	36.275	204	117	3	23	226	69	259	5.22e-36	127
g1099.t1	VFG015656(gb|WP_012273524)	39.698	199	102	7	43	232	39	228	4.06e-35	124
g1099.t1	VFG043232(gb|WP_002211429)	34.375	224	134	3	6	226	1	214	5.30e-35	124
g1099.t1	VFG038877(gb|WP_005314257)	34.802	227	112	6	15	226	11	216	2.37e-34	122
g1099.t1	VFG043189(gb|AAZ99751)	34.802	227	112	6	15	226	11	216	3.30e-34	122
g1099.t1	VFG007326(gb|WP_011149748)	36.275	204	117	3	23	226	65	255	3.33e-34	123
g1099.t1	VFG007325(gb|WP_011078335)	36.275	204	117	3	23	226	65	255	3.44e-34	123
g1099.t1	VFG014236(gb|WP_011333018)	37.131	237	119	7	11	232	7	228	3.48e-34	122
g1099.t1	VFG014230(gb|WP_011268457)	36.364	231	118	6	16	232	19	234	4.54e-34	122
g1099.t1	VFG001997(gb|WP_010946954)	34.842	221	134	3	11	226	8	223	6.23e-34	121
g1099.t1	VFG014229(gb|WP_007244381)	34.661	251	115	9	9	232	6	234	6.46e-34	121
g1099.t1	VFG014231(gb|WP_004658720)	35.931	231	119	6	16	232	19	234	1.20e-33	120
g1099.t1	VFG007324(gb|WP_005462288)	35.294	204	119	2	23	226	65	255	3.11e-33	120
g1099.t1	VFG014235(gb|WP_011059951)	38.627	233	121	10	11	232	7	228	4.05e-33	119
g1099.t1	VFG043133(gb|WP_011106240)	34.978	223	121	7	13	226	9	216	4.52e-33	119
g1099.t1	VFG038786(gb|WP_005350662)	36.323	223	125	7	11	226	4	216	3.09e-32	117
g1099.t1	VFG038784(gb|WP_011706638)	35.111	225	125	5	11	226	4	216	3.26e-32	117
g1099.t1	VFG038785(gb|WP_005320200)	38.000	200	111	5	36	226	21	216	3.66e-32	116
g1099.t1	VFG007322(gb|WP_001911822)	33.816	207	117	4	23	226	65	254	5.23e-32	117
g1099.t1	VFG014238(gb|WP_011912566)	39.796	196	100	6	43	228	39	226	1.78e-31	115
g1099.t1	VFG011917(gb|WP_011731966)	30.000	180	118	3	61	232	55	234	7.99e-22	90.1
g1099.t1	VFG017798(gb|WP_011990429)	27.193	228	152	4	1	221	1	221	3.33e-20	85.5
g1099.t1	VFG011916(gb|WP_002861373)	26.316	228	154	3	1	221	1	221	4.28e-20	85.1
g1099.t1	VFG001911(gb|YP_002344105)	26.316	228	154	3	1	221	1	221	4.28e-20	85.1
g1099.t1	VFG006547(gb|WP_000709978)	29.714	175	105	3	61	221	56	226	1.84e-18	80.9
g1099.t1	VFG006550(gb|WP_011577876)	29.143	175	106	3	61	221	51	221	2.25e-18	80.5
g1099.t1	VFG006548(gb|WP_000709989)	29.143	175	106	3	61	221	56	226	2.66e-18	80.5
g1099.t1	VFG019565(gb|WP_000709994)	29.143	175	106	3	61	221	56	226	3.65e-18	80.1
g1099.t1	VFG006549(gb|WP_000709980)	29.143	175	106	2	61	221	56	226	5.62e-18	79.7
g1099.t1	VFG019564(gb|WP_000710017)	29.143	175	106	2	61	221	56	226	5.79e-18	79.7
g1099.t1	VFG016769(gb|WP_005767762)	27.638	199	134	2	34	232	42	230	5.78e-17	76.6
g1099.t1	VFG019566(gb|WP_000709998)	28.571	175	107	2	61	221	56	226	1.19e-16	76.3
g1099.t1	VFG006551(gb|WP_193328816)	26.519	181	109	3	49	215	50	220	5.41e-11	60.5
