g247.t1	VFG030270(gb|WP_015291172)	29.327	208	127	6	14	217	6	197	9.85e-09	55.1
g247.t1	VFG038841(gb|WP_005318273)	27.650	217	122	7	14	219	7	199	1.01e-08	55.1
g247.t1	VFG030264(gb|WP_013988971)	29.327	208	127	6	14	217	6	197	1.65e-08	54.7
g247.t1	VFG012976(gb|WP_000347662)	28.095	210	123	6	11	218	2	185	1.68e-08	54.3
g247.t1	VFG012977(gb|WP_000347664)	27.358	212	122	6	11	218	2	185	1.93e-08	53.9
g247.t1	VFG030266(gb|WP_014001574)	29.327	208	127	6	14	217	6	197	1.97e-08	54.3
g247.t1	VFG030274(gb|WP_015575276)	28.846	208	128	6	14	217	6	197	5.49e-08	53.1
g247.t1	VFG049997(gb|WP_003185961)	31.469	143	86	4	14	150	3	139	5.66e-08	52.8
g247.t1	VFG030269(gb|WP_015303737)	28.846	208	128	6	14	217	6	197	6.19e-08	52.8
g247.t1	VFG030258(gb|NP_217601)	28.846	208	128	6	14	217	6	197	6.19e-08	52.8
g247.t1	VFG030263(gb|WP_012054339)	28.846	208	128	6	14	217	6	197	6.25e-08	52.8
g247.t1	VFG030268(gb|WP_015288451)	28.846	208	128	6	14	217	6	197	6.31e-08	52.8
g247.t1	VFG012974(gb|NP_706451)	27.619	210	124	6	11	218	2	185	6.55e-08	52.4
g247.t1	VFG012978(gb|WP_000347634)	26.415	212	124	6	11	218	2	185	6.67e-08	52.4
g247.t1	VFG030282(gb|YP_005361637)	28.846	208	128	6	14	217	6	197	6.84e-08	52.8
g247.t1	VFG000934(gb|WP_000348393)	26.415	212	124	6	11	218	2	185	8.03e-08	52.4
g247.t1	VFG038840(gb|WP_005300916)	25.116	215	126	7	13	218	4	192	8.24e-08	52.0
g247.t1	VFG048407(gb|WP_024622880)	26.636	214	121	7	11	218	2	185	8.82e-08	52.0
g247.t1	VFG048405(gb|YP_005225749)	26.636	214	121	7	11	218	5	188	9.01e-08	52.0
g247.t1	VFG048409(gb|WP_086074289)	26.636	214	121	7	11	218	2	185	1.35e-07	51.6
g247.t1	VFG030279(gb|YP_007959089)	28.365	208	129	6	14	217	6	197	1.40e-07	51.6
g247.t1	VFG012973(gb|WP_000347670)	26.415	212	124	6	11	218	2	185	2.31e-07	50.8
g247.t1	VFG048402(gb|WP_014228362)	26.636	214	121	7	11	218	5	188	1.16e-06	48.9
g247.t1	VFG048401(gb|WP_014837779)	26.636	214	121	7	11	218	5	188	1.64e-06	48.5
g247.t1	VFG048408(gb|WP_012068428)	26.168	214	122	7	11	218	5	188	2.65e-06	47.8
g247.t1	VFG048404(gb|WP_008805588)	26.168	214	122	7	11	218	5	188	3.83e-06	47.4
g66.t1	VFG048405(gb|YP_005225749)	28.169	213	119	8	11	218	5	188	2.46e-08	53.9
g66.t1	VFG048407(gb|WP_024622880)	28.169	213	119	8	11	218	2	185	2.54e-08	53.9
g66.t1	VFG048409(gb|WP_086074289)	28.169	213	119	8	11	218	2	185	4.28e-08	53.1
g66.t1	VFG048404(gb|WP_008805588)	27.700	213	120	8	11	218	5	188	5.68e-08	52.8
g66.t1	VFG048408(gb|WP_012068428)	28.169	213	119	8	11	218	5	188	8.71e-08	52.0
g66.t1	VFG012976(gb|WP_000347662)	26.066	211	126	7	11	218	2	185	2.43e-07	50.8
g66.t1	VFG012978(gb|WP_000347634)	27.014	211	124	8	11	218	2	185	2.48e-07	50.8
g66.t1	VFG000934(gb|WP_000348393)	26.066	211	126	7	11	218	2	185	3.27e-07	50.4
g66.t1	VFG038840(gb|WP_005300916)	26.214	206	131	4	13	216	4	190	3.49e-07	50.4
g66.t1	VFG012977(gb|WP_000347664)	26.066	211	126	7	11	218	2	185	4.20e-07	50.1
g66.t1	VFG012973(gb|WP_000347670)	26.066	211	126	7	11	218	2	185	4.52e-07	50.1
g66.t1	VFG011619(gb|WP_004688790)	27.830	212	115	7	14	218	15	195	6.30e-07	49.7
g66.t1	VFG011617(gb|WP_002966566)	27.830	212	115	7	14	218	15	195	6.53e-07	49.7
g66.t1	VFG011616(gb|WP_004681144)	27.830	212	115	7	14	218	15	195	6.72e-07	49.7
g66.t1	VFG019276(gb|WP_006073147)	27.830	212	115	7	14	218	15	195	6.97e-07	49.7
g66.t1	VFG049997(gb|WP_003185961)	30.769	143	87	4	14	150	3	139	2.52e-06	47.8
g66.t1	VFG038841(gb|WP_005318273)	26.415	212	131	6	14	219	7	199	5.09e-06	47.0
g434.t1	VFG038840(gb|WP_005300916)	29.756	205	126	5	22	226	6	192	1.26e-10	60.5
g434.t1	VFG050144(gb|WP_001048423)	27.404	208	127	4	21	226	8	193	1.86e-09	57.4
g434.t1	VFG048405(gb|YP_005225749)	30.374	214	114	7	18	226	5	188	3.80e-09	56.2
g434.t1	VFG048407(gb|WP_024622880)	30.374	214	114	7	18	226	2	185	3.81e-09	56.2
g434.t1	VFG012974(gb|NP_706451)	29.858	211	119	7	18	226	2	185	4.03e-09	56.2
g434.t1	VFG012976(gb|WP_000347662)	29.858	211	119	7	18	226	2	185	4.77e-09	55.8
g434.t1	VFG012977(gb|WP_000347664)	29.384	211	120	6	18	226	2	185	5.86e-09	55.8
g434.t1	VFG048409(gb|WP_086074289)	30.374	214	114	7	18	226	2	185	7.76e-09	55.5
g434.t1	VFG050142(gb|WP_001100506)	28.767	146	97	2	15	158	2	142	9.95e-09	55.1
g434.t1	VFG049994(gb|WP_001048422)	30.000	140	89	2	21	158	8	140	1.16e-08	55.1
g434.t1	VFG030264(gb|WP_013988971)	27.885	208	131	5	21	225	6	197	1.33e-08	55.1
g434.t1	VFG049996(gb|WP_001100500)	28.082	146	98	2	15	158	2	142	2.40e-08	53.9
g434.t1	VFG050000(gb|WP_001100501)	28.082	146	98	2	15	158	2	142	2.47e-08	53.9
g434.t1	VFG049991(gb|WP_001100504)	28.082	146	98	2	15	158	2	142	2.47e-08	53.9
g434.t1	VFG030279(gb|YP_007959089)	27.273	209	133	5	20	225	5	197	2.73e-08	53.9
g434.t1	VFG030282(gb|YP_005361637)	27.273	209	133	5	20	225	5	197	3.84e-08	53.5
g434.t1	VFG030269(gb|WP_015303737)	27.404	208	132	5	21	225	6	197	4.03e-08	53.5
g434.t1	VFG048404(gb|WP_008805588)	28.436	211	122	5	18	226	5	188	4.25e-08	53.1
g434.t1	VFG030263(gb|WP_012054339)	27.404	208	132	5	21	225	6	197	4.26e-08	53.5
g434.t1	VFG030258(gb|NP_217601)	27.404	208	132	5	21	225	6	197	4.26e-08	53.5
g434.t1	VFG030274(gb|WP_015575276)	27.404	208	132	5	21	225	6	197	4.30e-08	53.5
g434.t1	VFG030268(gb|WP_015288451)	27.404	208	132	5	21	225	6	197	4.67e-08	53.1
g434.t1	VFG000934(gb|WP_000348393)	28.436	211	122	6	18	226	2	185	4.82e-08	53.1
g434.t1	VFG012978(gb|WP_000347634)	27.488	211	124	6	18	226	2	185	7.81e-08	52.4
g434.t1	VFG012973(gb|WP_000347670)	28.436	211	122	6	18	226	2	185	1.14e-07	52.0
g434.t1	VFG030266(gb|WP_014001574)	26.923	208	133	5	21	225	6	197	1.31e-07	52.0
g434.t1	VFG048408(gb|WP_012068428)	28.505	214	118	6	18	226	5	188	1.49e-07	51.6
g434.t1	VFG030270(gb|WP_015291172)	26.923	208	133	5	21	225	6	197	2.19e-07	51.2
g434.t1	VFG048402(gb|WP_014228362)	28.505	214	118	7	18	226	5	188	6.40e-07	49.7
g434.t1	VFG048401(gb|WP_014837779)	28.505	214	118	7	18	226	5	188	8.51e-07	49.3
g434.t1	VFG038841(gb|WP_005318273)	26.255	259	163	8	21	271	7	245	1.09e-06	48.9
g434.t1	VFG050143(gb|WP_001972439)	27.891	147	88	3	21	158	8	145	1.19e-06	48.9
g434.t1	VFG038839(gb|WP_011707832)	24.419	258	169	6	21	271	7	245	3.31e-06	47.4
g2236.t1	VFG011619(gb|WP_004688790)	30.583	206	114	6	12	215	13	191	1.00e-14	72.8
g2236.t1	VFG019276(gb|WP_006073147)	30.583	206	114	6	12	215	13	191	1.03e-14	72.8
g2236.t1	VFG011616(gb|WP_004681144)	30.097	206	115	6	12	215	13	191	5.37e-14	70.5
g2236.t1	VFG011617(gb|WP_002966566)	30.097	206	115	6	12	215	13	191	5.52e-14	70.5
g2236.t1	VFG012974(gb|NP_706451)	28.365	208	120	6	11	216	2	182	5.18e-11	61.6
g2236.t1	VFG044369(gb|WP_013318793)	29.717	212	112	6	11	216	6	186	5.93e-11	61.6
g2236.t1	VFG012976(gb|WP_000347662)	28.365	208	120	6	11	216	2	182	6.82e-11	61.6
g2236.t1	VFG012977(gb|WP_000347664)	28.365	208	120	6	11	216	2	182	1.64e-10	60.5
g2236.t1	VFG000934(gb|WP_000348393)	27.885	208	121	6	11	216	2	182	2.02e-10	60.1
g2236.t1	VFG012973(gb|WP_000347670)	28.365	208	120	6	11	216	2	182	2.37e-10	59.7
g2236.t1	VFG038839(gb|WP_011707832)	29.204	226	133	8	12	233	5	207	5.09e-10	58.9
g2236.t1	VFG038841(gb|WP_005318273)	27.778	216	132	7	12	222	5	201	1.65e-09	57.4
g2236.t1	VFG012978(gb|WP_000347634)	27.885	208	121	6	11	216	2	182	1.81e-09	57.4
g2236.t1	VFG050144(gb|WP_001048423)	26.087	207	131	4	11	216	5	190	6.97e-09	55.5
g2236.t1	VFG005765(gb|WP_000861303)	24.783	230	130	8	15	233	2	199	1.95e-08	53.9
g2236.t1	VFG048409(gb|WP_086074289)	28.365	208	120	7	11	216	2	182	5.97e-08	52.8
g2236.t1	VFG048407(gb|WP_024622880)	28.365	208	120	7	11	216	2	182	1.47e-07	51.6
g2236.t1	VFG048405(gb|YP_005225749)	28.365	208	120	7	11	216	5	185	1.74e-07	51.2
g2236.t1	VFG038840(gb|WP_005300916)	24.878	205	134	5	12	215	3	188	2.44e-07	50.8
g2236.t1	VFG007210(gb|WP_011081751)	27.014	211	130	5	12	217	6	197	3.32e-07	50.4
g2236.t1	VFG048408(gb|WP_012068428)	27.885	208	121	7	11	216	5	185	4.59e-07	50.1
g2236.t1	VFG048401(gb|WP_014837779)	29.327	208	118	7	11	216	5	185	6.51e-07	49.7
g2236.t1	VFG048402(gb|WP_014228362)	29.327	208	118	7	11	216	5	185	7.54e-07	49.3
g2236.t1	VFG048404(gb|WP_008805588)	25.962	208	125	5	11	216	5	185	8.35e-07	49.3
g2236.t1	VFG026114(gb|WP_082194386)	28.111	217	125	8	18	227	10	202	9.13e-07	49.3
g2236.t1	VFG049999(gb|NP_391080)	28.986	207	128	5	12	216	6	195	1.67e-06	48.5
g2236.t1	VFG050142(gb|WP_001100506)	27.143	210	133	5	8	216	2	192	7.31e-06	46.6
g2236.t1	VFG049994(gb|WP_001048422)	26.087	207	131	4	11	216	5	190	9.69e-06	46.2
g5126.t1	VFG038840(gb|WP_005300916)	28.922	204	126	7	45	247	6	191	5.06e-10	58.9
g5126.t1	VFG019276(gb|WP_006073147)	28.090	178	102	3	41	216	12	165	1.21e-06	48.9
g5126.t1	VFG011616(gb|WP_004681144)	28.090	178	102	3	41	216	12	165	1.22e-06	48.9
g5126.t1	VFG011617(gb|WP_002966566)	28.090	178	102	3	41	216	12	165	1.23e-06	48.9
g5126.t1	VFG011619(gb|WP_004688790)	28.090	178	102	3	41	216	12	165	1.27e-06	48.9
g5126.t1	VFG050143(gb|WP_001972439)	29.897	97	66	1	38	134	2	96	1.41e-06	48.9
g5126.t1	VFG049999(gb|NP_391080)	32.990	97	63	1	38	134	2	96	1.42e-06	48.9
g5126.t1	VFG049991(gb|WP_001100504)	28.866	97	64	1	38	134	2	93	3.96e-06	47.4
g5126.t1	VFG050000(gb|WP_001100501)	28.866	97	64	1	38	134	2	93	4.22e-06	47.4
g5126.t1	VFG049996(gb|WP_001100500)	28.866	97	64	1	38	134	2	93	4.30e-06	47.4
g5126.t1	VFG050142(gb|WP_001100506)	27.835	97	65	1	38	134	2	93	8.68e-06	46.6
