g775.t1	VFG000134(gb|NP_249454)	100.000	194	0	0	1	194	1	194	2.80e-140	389
g775.t1	VFG014920(gb|WP_003150208)	98.969	194	2	0	1	194	1	194	5.25e-139	385
g775.t1	VFG014929(gb|WP_011332903)	67.857	196	60	3	1	194	1	195	2.97e-76	227
g775.t1	VFG015765(gb|WP_012312987)	66.169	201	56	4	1	194	1	196	2.50e-73	219
g775.t1	VFG014925(gb|WP_003252050)	65.672	201	57	4	1	194	1	196	6.86e-72	216
g775.t1	VFG014928(gb|WP_011059788)	69.898	196	56	3	1	194	1	195	1.21e-71	215
g775.t1	VFG014927(gb|WP_011535353)	65.174	201	58	4	1	194	1	196	1.92e-71	214
g775.t1	VFG019912(gb|WP_012722767)	68.878	196	58	3	1	194	1	195	4.25e-71	214
g775.t1	VFG014930(gb|WP_012018035)	66.667	195	60	3	1	194	1	191	1.28e-68	207
g775.t1	VFG014922(gb|WP_007246812)	67.005	197	61	4	1	194	1	196	3.61e-67	204
g775.t1	VFG014924(gb|WP_004658251)	67.005	197	61	4	1	194	1	196	3.73e-67	204
g775.t1	VFG014923(gb|WP_003405339)	67.005	197	61	4	1	194	1	196	6.09e-67	203
g775.t1	VFG014931(gb|WP_014596050)	68.182	198	56	6	1	194	1	195	8.94e-66	200
g2462.t1	VFG014920(gb|WP_003150208)	35.772	123	54	5	3	122	7	107	1.40e-07	50.1
g2462.t1	VFG000134(gb|NP_249454)	35.772	123	54	5	3	122	7	107	1.40e-07	50.1
