g2681.t1	VFG000549(gb|NP_461809)	100.000	263	0	0	1	263	1	263	0.0	525
g2681.t1	VFG020491(gb|WP_000498968)	99.620	263	1	0	1	263	1	263	0.0	524
g2681.t1	VFG003713(gb|WP_000964940)	99.620	263	1	0	1	263	1	263	0.0	522
g2681.t1	VFG003711(gb|WP_000964941)	99.240	263	2	0	1	263	1	263	0.0	519
g2681.t1	VFG003714(gb|WP_011264370)	98.479	263	4	0	1	263	1	263	0.0	516
g2681.t1	VFG018530(gb|WP_000498972)	96.578	263	9	0	1	263	1	263	0.0	513
g2681.t1	VFG041854(gb|WP_011136169)	60.000	260	94	2	1	255	1	255	4.75e-108	312
g2681.t1	VFG012717(gb|WP_031942476)	50.909	220	103	1	20	234	21	240	1.04e-70	218
g2681.t1	VFG001014(gb|NP_858288)	50.909	220	103	1	20	234	21	240	1.53e-70	217
g2681.t1	VFG002453(gb|WP_011205637)	43.612	227	125	2	17	242	16	240	7.35e-58	184
g2681.t1	VFG025068(gb|WP_004528819)	43.172	227	126	2	17	242	16	240	2.42e-57	183
g2681.t1	VFG003517(gb|WP_005173735)	39.357	249	144	4	1	243	8	255	4.60e-55	178
g2681.t1	VFG025075(gb|WP_011401046)	42.009	219	124	2	25	242	24	240	2.88e-53	173
g2681.t1	VFG041465(gb|WP_004155887)	36.402	239	128	5	4	230	5	231	4.94e-44	149
g2681.t1	VFG041442(gb|WP_004157287)	34.483	232	148	3	1	230	2	231	3.51e-43	147
g2681.t1	VFG042210(gb|NP_306456)	45.139	144	79	0	7	150	7	150	1.39e-39	134
g2681.t1	VFG000042(gb|WP_010930816)	32.911	237	145	4	6	232	7	239	6.15e-31	115
g2681.t1	VFG011062(gb|WP_010926208)	33.778	225	135	4	6	220	7	227	6.39e-29	110
g2681.t1	VFG042114(gb|WP_010913976)	32.549	255	156	6	11	253	17	267	1.56e-27	106
g2681.t1	VFG011061(gb|WP_010928437)	33.191	235	143	4	6	230	7	237	1.94e-27	106
g2681.t1	VFG041668(gb|WP_012777221)	30.870	230	151	5	8	230	5	233	2.49e-27	105
g2681.t1	VFG007164(gb|WP_005464642)	30.472	233	153	5	6	230	3	234	2.85e-27	105
g2681.t1	VFG041684(gb|WP_015888358)	29.218	243	157	7	4	235	9	247	5.01e-26	102
g2681.t1	VFG041816(gb|WP_011147914)	31.304	230	150	5	8	230	5	233	1.79e-25	101
g2681.t1	VFG000396(gb|WP_002212938)	32.258	217	127	6	27	230	24	233	1.88e-25	100
g2681.t1	VFG003473(gb|WP_011100765)	32.258	217	127	6	27	230	24	233	3.98e-25	100
g2681.t1	VFG023731(gb|WP_013749462)	32.258	217	127	6	27	230	24	233	9.04e-25	99.4
g2681.t1	VFG042259(gb|AAS91804)	31.019	216	141	5	22	230	19	233	3.77e-24	97.4
g2681.t1	VFG041533(gb|WP_012907132)	31.441	229	149	4	8	229	3	230	4.17e-24	97.4
g2681.t1	VFG041719(gb|WP_006489708)	32.258	217	136	5	22	230	24	237	5.80e-24	97.4
g2681.t1	VFG042173(gb|WP_010875100)	31.646	237	150	7	26	252	32	266	2.18e-23	95.9
g2681.t1	VFG033639(gb|WP_001002835)	30.802	237	155	5	8	237	3	237	3.51e-23	94.7
g2681.t1	VFG033645(gb|WP_001002808)	30.802	237	155	5	8	237	3	237	5.19e-23	94.4
g2681.t1	VFG000825(gb|WP_001002833)	30.380	237	156	5	8	237	3	237	1.50e-22	93.2
g2681.t1	VFG019946(gb|WP_003103206)	32.195	205	131	5	22	219	19	222	4.29e-22	92.0
g2681.t1	VFG000186(gb|NP_250382)	32.195	205	131	5	22	219	19	222	4.29e-22	92.0
g2681.t1	VFG015096(gb|WP_003132884)	31.707	205	132	5	22	219	19	222	7.94e-22	91.3
g2681.t1	VFG042230(gb|ABB77408)	25.541	231	160	4	9	230	9	236	9.37e-22	91.3
g2681.t1	VFG038354(gb|WP_005320741)	30.093	216	143	5	22	230	19	233	3.16e-20	87.0
g2681.t1	VFG041865(gb|WP_011136156)	27.928	222	153	4	18	232	11	232	1.44e-19	85.1
g2681.t1	VFG001765(gb|WP_002209052)	30.841	214	132	5	17	219	12	220	2.98e-18	81.6
g2681.t1	VFG018971(gb|WP_012304699)	30.841	214	132	5	17	219	12	220	3.10e-18	81.6
g2681.t1	VFG041779(gb|WP_004530539)	28.440	218	143	5	22	230	21	234	4.61e-17	78.6
g2681.t1	VFG023605(gb|WP_013649100)	27.230	213	145	5	16	219	9	220	1.26e-15	74.3
g2681.t1	VFG015206(gb|WP_005763879)	27.917	240	165	3	11	243	10	248	1.77e-15	73.9
g2681.t1	VFG020918(gb|WP_000068770)	26.486	185	131	2	73	253	73	256	7.49e-15	72.0
g2681.t1	VFG003951(gb|WP_001539923)	26.486	185	131	2	73	253	73	256	9.98e-15	71.6
g2681.t1	VFG020912(gb|WP_000068763)	26.486	185	131	2	73	253	73	256	1.13e-14	71.6
g2681.t1	VFG003948(gb|WP_000194051)	26.486	185	131	2	73	253	73	256	1.13e-14	71.6
g2681.t1	VFG020914(gb|WP_000068766)	26.486	185	131	2	73	253	73	256	1.34e-14	71.6
g2681.t1	VFG020911(gb|WP_000068760)	26.486	185	131	2	73	253	73	256	1.38e-14	71.2
g2681.t1	VFG018439(gb|WP_000068768)	26.486	185	131	2	73	253	73	256	1.41e-14	71.2
g2681.t1	VFG015207(gb|WP_003339813)	27.801	241	159	5	7	235	3	240	1.41e-14	71.6
g2681.t1	VFG003950(gb|WP_000068769)	26.486	185	131	2	73	253	73	256	1.56e-14	71.2
g2681.t1	VFG018438(gb|WP_000193732)	24.658	219	155	4	43	253	40	256	1.62e-14	71.2
g2681.t1	VFG020913(gb|WP_000068761)	26.486	185	131	2	73	253	73	256	1.90e-14	70.9
g2681.t1	VFG020915(gb|WP_000068767)	26.486	185	131	2	73	253	73	256	3.33e-14	70.5
g2681.t1	VFG015208(gb|WP_004656223)	27.234	235	163	3	8	235	7	240	3.63e-14	70.5
g2681.t1	VFG000521(gb|NP_460386)	26.486	185	131	2	73	253	73	256	4.38e-14	70.1
g2681.t1	VFG041991(gb|WP_011004169)	26.389	216	146	4	22	228	31	242	7.02e-14	69.7
g2681.t1	VFG041513(gb|WP_004155340)	25.806	248	167	6	9	243	9	252	1.85e-12	65.5
g2681.t1	VFG011320(gb|WP_039051751)	29.167	168	113	2	73	238	74	237	6.01e-12	63.9
g2681.t1	VFG014571(gb|WP_012051635)	27.354	223	154	5	8	224	8	228	1.14e-11	63.2
g2681.t1	VFG014568(gb|WP_011268436)	25.664	226	160	5	8	227	11	234	1.32e-11	63.2
g2681.t1	VFG002133(gb|NP_220079)	26.946	167	111	4	73	229	91	256	2.98e-11	62.4
g2681.t1	VFG016926(gb|WP_011006892)	26.347	167	112	4	73	229	92	257	3.54e-11	62.0
g2681.t1	VFG016920(gb|WP_010231757)	26.946	167	111	4	73	229	91	256	3.86e-11	62.0
g2681.t1	VFG015708(gb|WP_012273496)	26.887	212	149	4	8	215	8	217	4.88e-11	61.2
g2681.t1	VFG006536(gb|WP_011115546)	23.431	239	165	3	21	248	21	252	5.12e-11	61.2
g2681.t1	VFG014572(gb|WP_011534894)	26.786	224	154	5	8	224	8	228	6.64e-11	60.8
g2681.t1	VFG015709(gb|WP_012315509)	26.577	222	157	4	8	224	8	228	7.04e-11	60.8
g2681.t1	VFG041581(gb|WP_015683273)	27.632	152	106	2	91	239	90	240	1.00e-10	60.5
g2681.t1	VFG041745(gb|WP_009940890)	28.025	157	107	2	75	226	82	237	1.47e-10	60.5
g2681.t1	VFG043309(gb|WP_011860706)	25.478	157	112	3	75	227	62	217	1.71e-10	60.8
g2681.t1	VFG016925(gb|WP_011097417)	25.749	167	113	4	73	229	92	257	1.81e-10	60.1
g2681.t1	VFG014570(gb|WP_010955080)	28.169	142	99	2	76	215	77	217	2.33e-10	59.3
g2681.t1	VFG014575(gb|WP_012019017)	27.778	162	94	3	76	224	77	228	8.60e-10	57.8
g2681.t1	VFG014569(gb|WP_041924593)	25.221	226	161	5	8	227	11	234	1.04e-09	57.4
g2681.t1	VFG019856(gb|WP_043205710)	24.664	223	160	5	8	224	11	231	1.31e-09	57.4
g2681.t1	VFG014567(gb|WP_007244363)	25.221	226	161	5	8	227	8	231	1.44e-09	57.0
g2681.t1	VFG038675(gb|WP_011705283)	29.677	155	103	3	76	225	76	229	1.65e-09	57.0
g2681.t1	VFG041939(gb|WP_011036433)	25.641	195	138	4	22	210	28	221	1.86e-09	57.0
g2681.t1	VFG016927(gb|WP_011457631)	23.952	167	116	4	73	229	92	257	1.95e-09	57.0
g2681.t1	VFG038676(gb|WP_005319307)	27.439	164	113	3	67	225	67	229	5.31e-09	55.5
g2681.t1	VFG014576(gb|WP_011913686)	28.873	142	98	2	76	215	77	217	6.91e-09	55.1
g2681.t1	VFG038677(gb|WP_005353677)	27.742	155	106	3	76	225	76	229	7.53e-09	55.1
g2681.t1	VFG016921(gb|WP_010883460)	25.150	167	114	4	73	229	92	257	7.71e-09	55.1
g2681.t1	VFG043068(gb|NP_460934)	23.881	201	147	2	31	227	31	229	2.49e-08	53.5
g2681.t1	VFG011951(gb|WP_002859266)	25.112	223	158	5	13	229	12	231	2.60e-08	53.1
g2681.t1	VFG025448(gb|WP_006477228)	27.673	159	113	1	80	236	81	239	2.72e-08	53.1
g2681.t1	VFG017807(gb|WP_002933873)	25.112	223	158	5	13	229	12	231	5.17e-08	52.4
g2681.t1	VFG011952(gb|WP_002855878)	22.881	236	168	5	13	237	12	244	5.37e-08	52.4
g2681.t1	VFG001918(gb|YP_002344570)	24.664	223	159	5	13	229	12	231	5.42e-08	52.4
g2681.t1	VFG011317(gb|WP_010930333)	26.554	177	118	3	67	238	68	237	5.77e-08	52.4
g2681.t1	VFG038859(gb|WP_005314301)	25.871	201	141	6	20	215	23	220	5.80e-08	52.4
g2681.t1	VFG011319(gb|WP_003811861)	26.190	168	112	3	76	238	77	237	5.82e-08	52.4
g2681.t1	VFG014573(gb|WP_011059989)	25.523	239	140	7	8	225	10	231	6.43e-08	52.4
g2681.t1	VFG025450(gb|WP_006491278)	29.560	159	110	1	80	236	81	239	1.48e-07	51.2
g2681.t1	VFG043170(gb|AAZ99732)	25.871	201	141	6	20	215	23	220	1.59e-07	51.2
g2681.t1	VFG014565(gb|WP_012076409)	26.522	230	149	6	8	225	8	229	4.47e-07	49.7
g2681.t1	VFG043215(gb|WP_002213766)	22.430	214	158	4	8	214	4	216	4.92e-07	49.7
g2681.t1	VFG014566(gb|WP_003083054)	26.522	230	149	6	8	225	8	229	8.48e-07	48.9
g2681.t1	VFG025460(gb|WP_011401628)	27.108	166	119	1	73	236	74	239	1.34e-06	48.1
g2681.t1	VFG043249(gb|NP_464205)	24.766	214	150	3	20	227	13	221	1.38e-06	48.1
g2681.t1	VFG043154(gb|WP_005462790)	24.286	210	148	4	15	215	9	216	2.03e-06	47.8
g2681.t1	VFG014574(gb|WP_011333060)	26.047	215	147	4	8	215	11	220	2.18e-06	47.8
g2681.t1	VFG002669(gb|WP_002211130)	24.336	226	162	4	5	222	2	226	2.33e-06	47.8
g2681.t1	VFG003427(gb|WP_011192174)	24.336	226	162	4	5	222	2	226	2.56e-06	47.4
g2681.t1	VFG025456(gb|WP_004533516)	26.506	166	120	1	73	236	74	239	5.98e-06	46.2
g2681.t1	VFG007400(gb|WP_000456297)	21.935	155	117	2	66	217	67	220	7.00e-06	46.2
g2681.t1	VFG025452(gb|WP_004201278)	26.946	167	118	2	73	236	74	239	8.89e-06	45.8
g2681.t1	VFG001261(gb|NP_250139)	26.087	230	150	6	8	225	8	229	9.23e-06	45.8
g2681.t1	VFG002496(gb|WP_004525780)	26.946	167	118	2	73	236	74	239	9.31e-06	45.8
