g1652.t1	VFG013732(gb|WP_006769637)	41.558	77	41	1	47	119	140	216	9.69e-09	54.3
g1652.t1	VFG037387(gb|YP_001085408)	33.708	89	54	2	45	129	87	174	5.84e-08	51.2
g1652.t1	VFG037395(gb|YP_005799714)	33.708	89	54	2	45	129	103	190	6.97e-08	51.2
g1652.t1	VFG037386(gb|WP_000582115)	33.708	89	54	2	45	129	131	218	8.81e-08	51.2
g1652.t1	VFG037384(gb|WP_000582117)	33.708	89	54	2	45	129	131	218	9.07e-08	51.2
g1652.t1	VFG037392(gb|WP_000582124)	33.708	89	54	2	45	129	131	218	1.02e-07	51.2
g1652.t1	VFG037390(gb|WP_000582116)	33.708	89	54	2	45	129	131	218	1.24e-07	50.8
g1652.t1	VFG013728(gb|WP_011273788)	39.241	79	45	1	49	124	141	219	3.87e-07	49.3
g1652.t1	VFG044358(gb|WP_013317301)	40.476	84	45	2	41	119	130	213	5.62e-07	48.9
g1652.t1	VFG016166(gb|WP_003372869)	38.961	77	43	1	47	119	137	213	1.08e-06	48.1
g1652.t1	VFG016167(gb|WP_004665393)	38.961	77	43	1	47	119	137	213	1.14e-06	48.1
g1652.t1	VFG035924(gb|WP_000593973)	33.750	80	50	1	33	109	120	199	1.15e-06	47.8
g1652.t1	VFG035919(gb|WP_000621743)	33.333	72	45	1	42	110	127	198	1.23e-06	47.4
g1652.t1	VFG035923(gb|WP_000621745)	33.333	72	45	1	42	110	127	198	1.27e-06	47.4
g1652.t1	VFG013703(gb|WP_011273220)	34.146	123	66	4	32	141	119	239	4.03e-06	46.6
g1652.t1	VFG044225(gb|WP_011533698)	35.065	77	46	1	47	119	133	209	4.79e-06	46.2
