g1743.t1	VFG000215(gb|NP_250411)	100.000	115	0	0	1	115	1	115	2.24e-79	228
g1743.t1	VFG015154(gb|WP_003140037)	98.261	115	2	0	1	115	1	115	3.76e-78	225
g1743.t1	VFG041682(gb|WP_012777209)	57.391	115	46	2	1	113	1	114	1.49e-39	127
g1743.t1	VFG041800(gb|WP_011147923)	57.018	114	48	1	1	113	1	114	1.69e-39	127
g1743.t1	VFG003343(gb|WP_011191389)	53.913	115	53	0	1	115	1	115	6.45e-38	123
g1743.t1	VFG023747(gb|WP_010891229)	52.174	115	55	0	1	115	1	115	1.02e-37	123
g1743.t1	VFG003483(gb|WP_005176469)	53.043	115	54	0	1	115	1	115	2.37e-37	122
g1743.t1	VFG000406(gb|WP_002229801)	53.043	115	54	0	1	115	1	115	2.00e-36	120
g1743.t1	VFG003207(gb|WP_011901822)	53.043	115	54	0	1	115	1	115	3.65e-36	119
g1743.t1	VFG042287(gb|AAS91832)	52.586	116	50	2	1	113	2	115	2.97e-30	104
g1743.t1	VFG038325(gb|WP_005320802)	50.877	114	55	1	1	113	2	115	1.98e-29	102
g1743.t1	VFG007171(gb|WP_005477707)	44.068	59	32	1	1	58	1	59	1.81e-06	43.5
