g2763.t1	VFG038595(gb|WP_011704366)	30.303	264	178	5	6	264	3	265	2.52e-28	109
g2763.t1	VFG038596(gb|WP_016349157)	30.303	264	178	5	6	264	3	265	8.22e-28	108
g2763.t1	VFG038263(gb|WP_013723989)	32.584	267	173	5	7	269	4	267	8.73e-28	111
g2763.t1	VFG038261(gb|WP_016352107)	33.333	249	155	5	7	249	4	247	3.08e-27	110
g2763.t1	VFG038598(gb|WP_005348609)	30.038	263	180	3	6	264	3	265	4.32e-27	106
g2763.t1	VFG037929(gb|WP_164927751)	33.603	247	157	5	7	249	4	247	8.21e-27	108
g2763.t1	VFG038262(gb|WP_005313959)	32.530	249	157	5	7	249	4	247	1.02e-26	108
g2763.t1	VFG040945(gb|WP_000281100)	31.227	269	176	6	6	269	3	267	2.02e-26	107
g2763.t1	VFG038597(gb|WP_011899174)	29.699	266	177	5	6	264	3	265	2.06e-26	104
g2763.t1	VFG006952(gb|WP_005456312)	28.287	251	162	5	6	248	3	243	3.16e-23	95.5
g2763.t1	VFG006955(gb|WP_005417458)	27.547	265	188	4	7	270	4	265	6.25e-23	94.7
g2763.t1	VFG040903(gb|WP_011078704)	30.303	264	176	6	2	261	1	260	8.18e-22	94.7
g2763.t1	VFG006950(gb|WP_000281360)	27.308	260	185	4	6	264	3	259	4.07e-21	90.1
g2763.t1	VFG006953(gb|WP_011079395)	25.954	262	187	6	6	264	3	260	3.84e-19	84.7
g2763.t1	VFG006954(gb|WP_011151250)	25.670	261	189	5	6	264	3	260	1.88e-18	82.8
g5132.t1	VFG006950(gb|WP_000281360)	31.658	199	121	6	55	242	48	242	5.00e-12	66.6
g5132.t1	VFG040945(gb|WP_000281100)	32.524	206	115	8	54	242	47	245	1.56e-10	63.5
g5132.t1	VFG006952(gb|WP_005456312)	26.984	252	156	8	10	243	2	243	5.19e-10	60.5
g5132.t1	VFG006955(gb|WP_005417458)	29.353	201	126	6	55	243	48	244	1.74e-08	55.8
g5132.t1	VFG038597(gb|WP_011899174)	28.358	201	131	6	55	242	48	248	2.76e-08	55.5
g5132.t1	VFG038595(gb|WP_011704366)	28.358	201	131	6	55	242	48	248	3.17e-08	55.1
g5132.t1	VFG038596(gb|WP_016349157)	29.353	201	129	7	55	242	48	248	4.63e-08	54.7
g5132.t1	VFG038598(gb|WP_005348609)	27.861	201	132	6	55	242	48	248	7.01e-08	54.3
g5132.t1	VFG040903(gb|WP_011078704)	25.194	258	154	8	54	277	47	299	1.06e-07	54.7
