g175.t1	VFG009987(gb|NP_214688)	100.000	515	0	0	1	515	1	515	0.0	1034
g175.t1	VFG009989(gb|WP_003401091)	99.806	515	1	0	1	515	1	515	0.0	1030
g175.t1	VFG027446(gb|WP_014585015)	99.612	515	2	0	1	515	1	515	0.0	1030
g175.t1	VFG027438(gb|WP_015302428)	99.612	515	2	0	1	515	1	515	0.0	1029
g175.t1	VFG023009(gb|WP_014000090)	98.835	515	6	0	1	515	1	515	0.0	1022
g175.t1	VFG027450(gb|YP_007956379)	97.468	474	12	0	1	474	1	474	0.0	923
g175.t1	VFG024245(gb|WP_008261958)	78.447	515	110	1	1	514	1	515	0.0	831
g175.t1	VFG024244(gb|WP_014381454)	78.252	515	111	1	1	514	1	515	0.0	828
g175.t1	VFG009992(gb|WP_003874126)	77.282	515	116	1	1	514	1	515	0.0	822
g175.t1	VFG009993(gb|WP_041160744)	77.087	515	117	1	1	514	1	515	0.0	821
g175.t1	VFG009994(gb|WP_010908980)	76.505	515	120	1	1	514	1	515	0.0	801
g175.t1	VFG023007(gb|WP_012392396)	77.563	517	112	3	1	514	1	516	0.0	798
g175.t1	VFG009995(gb|WP_011739283)	76.983	517	115	3	1	514	1	516	0.0	792
g175.t1	VFG010067(gb|WP_011854205)	72.885	520	135	4	1	515	1	519	0.0	753
g175.t1	VFG010068(gb|WP_011557550)	72.692	520	136	4	1	515	1	519	0.0	750
g175.t1	VFG027561(gb|WP_015289171)	70.428	514	151	1	1	513	1	514	0.0	739
g175.t1	VFG027562(gb|WP_015292291)	70.233	514	152	1	1	513	1	514	0.0	736
g175.t1	VFG027560(gb|WP_015302613)	70.233	514	152	1	1	513	1	514	0.0	736
g175.t1	VFG027459(gb|WP_015304145)	69.754	529	142	7	1	515	1	525	0.0	723
g175.t1	VFG010058(gb|NP_215108)	70.039	514	153	1	1	513	1	514	0.0	720
g175.t1	VFG027565(gb|WP_003905349)	69.844	514	154	1	1	513	1	514	0.0	717
g175.t1	VFG009996(gb|WP_011726695)	68.919	518	157	2	1	515	2	518	0.0	717
g175.t1	VFG023036(gb|WP_014000319)	69.844	514	154	1	1	513	1	514	0.0	717
g175.t1	VFG010064(gb|WP_024637634)	70.680	515	146	2	1	514	1	511	0.0	710
g175.t1	VFG010063(gb|WP_003879393)	70.485	515	147	2	1	514	1	511	0.0	710
g175.t1	VFG027570(gb|YP_007956777)	69.066	514	158	1	1	513	1	514	0.0	709
g175.t1	VFG010066(gb|WP_011777464)	67.878	523	155	5	1	514	1	519	0.0	692
g175.t1	VFG010065(gb|WP_011891613)	67.113	523	159	5	1	514	1	519	0.0	692
g175.t1	VFG024243(gb|WP_013470341)	67.113	523	159	5	1	514	1	519	0.0	691
g175.t1	VFG023013(gb|WP_013827071)	65.406	529	166	4	1	513	1	528	0.0	690
g175.t1	VFG027574(gb|YP_005921906)	70.492	488	143	1	1	487	16	503	0.0	688
g175.t1	VFG010190(gb|WP_011741598)	43.584	413	221	5	2	403	3	414	5.89e-110	335
g175.t1	VFG027684(gb|WP_015356679)	43.341	413	222	5	2	403	3	414	5.65e-109	333
g175.t1	VFG010422(gb|WP_011557707)	43.026	423	229	4	1	412	1	422	1.06e-106	328
g175.t1	VFG010380(gb|WP_011781300)	41.048	458	253	5	1	448	1	451	1.06e-104	324
g175.t1	VFG010378(gb|WP_011893393)	36.972	568	295	10	1	511	1	562	2.21e-104	323
g175.t1	VFG027886(gb|WP_015308268)	43.614	415	216	5	1	401	1	411	9.24e-104	322
g175.t1	VFG010420(gb|WP_011728632)	38.740	524	277	7	1	511	1	493	1.47e-103	319
g175.t1	VFG024269(gb|WP_013471072)	38.023	526	265	9	4	513	2	482	1.61e-103	318
g175.t1	VFG024374(gb|WP_013471286)	36.796	568	296	10	1	511	1	562	2.96e-103	320
g175.t1	VFG010379(gb|WP_011895013)	43.216	398	220	3	1	393	1	397	2.53e-102	315
g175.t1	VFG010197(gb|WP_011778200)	38.899	527	270	12	2	513	3	492	1.03e-101	314
g175.t1	VFG024385(gb|WP_041785566)	38.015	534	296	10	1	511	1	522	1.79e-101	315
g175.t1	VFG010381(gb|WP_011856224)	41.849	411	229	3	1	401	1	411	2.83e-101	315
g175.t1	VFG010382(gb|WP_011561048)	41.606	411	230	3	1	401	1	411	3.25e-101	315
g175.t1	VFG010421(gb|WP_011895375)	37.148	533	282	8	1	511	1	502	3.94e-100	310
g175.t1	VFG010192(gb|WP_011892994)	40.482	415	237	4	2	406	3	417	6.12e-99	307
g175.t1	VFG027884(gb|WP_020821652)	44.208	423	223	5	1	412	1	421	9.13e-99	308
g175.t1	VFG024377(gb|WP_014379204)	35.529	577	306	12	1	511	1	577	1.34e-98	309
g175.t1	VFG024376(gb|WP_014711003)	35.529	577	306	12	1	511	1	577	1.88e-98	308
g175.t1	VFG024375(gb|WP_014941310)	35.529	577	306	12	1	511	1	577	2.05e-98	308
g175.t1	VFG010377(gb|WP_011730083)	41.330	421	236	4	1	411	1	420	5.94e-98	307
g175.t1	VFG010419(gb|WP_010949511)	41.707	410	230	4	1	401	1	410	7.22e-98	305
g175.t1	VFG027892(gb|WP_003878362)	41.707	410	230	4	1	401	1	410	1.23e-97	305
g175.t1	VFG010376(gb|WP_011723857)	35.889	574	304	12	1	511	1	573	3.91e-97	305
g175.t1	VFG023140(gb|WP_012396244)	41.608	423	234	5	1	412	1	421	4.80e-97	303
g175.t1	VFG010375(gb|WP_003872967)	35.826	575	304	12	1	511	1	574	5.65e-97	305
g175.t1	VFG027697(gb|WP_015308477)	35.932	526	283	10	2	513	3	488	9.38e-97	301
g175.t1	VFG027885(gb|WP_015632692)	35.826	575	304	12	1	511	1	574	1.08e-96	304
g175.t1	VFG010200(gb|WP_011856568)	41.220	410	229	6	2	399	3	412	3.21e-96	300
g175.t1	VFG010191(gb|WP_011726871)	37.476	531	274	13	1	513	1	491	3.32e-95	297
g175.t1	VFG010195(gb|WP_011777689)	39.225	413	238	7	2	403	3	413	6.80e-94	293
g175.t1	VFG010189(gb|WP_023861410)	36.330	534	271	13	2	513	1	487	5.74e-93	291
g175.t1	VFG010187(gb|WP_003872483)	36.142	534	272	13	2	513	1	487	3.32e-92	290
g175.t1	VFG010203(gb|WP_011558936)	39.518	415	238	6	1	403	1	414	5.02e-92	289
g175.t1	VFG010188(gb|WP_011724860)	39.756	410	234	6	2	399	4	412	1.17e-90	285
g175.t1	VFG010286(gb|WP_011782338)	40.447	403	235	3	1	398	1	403	5.55e-90	286
g175.t1	VFG024270(gb|WP_009953720)	39.512	410	235	6	2	399	4	412	6.98e-90	283
g175.t1	VFG010202(gb|WP_011856586)	41.304	414	230	6	2	403	3	415	2.37e-89	282
g175.t1	VFG024271(gb|WP_041785023)	39.277	415	239	6	1	403	2	415	3.79e-89	281
g175.t1	VFG010198(gb|WP_011781548)	34.981	526	280	13	2	513	3	480	4.30e-89	281
g175.t1	VFG027834(gb|WP_015309480)	39.206	403	240	3	1	398	1	403	6.01e-89	284
g175.t1	VFG010285(gb|WP_011892458)	40.594	404	233	5	1	398	1	403	3.35e-87	279
g175.t1	VFG024303(gb|WP_013470771)	40.347	404	234	5	1	398	1	403	3.81e-87	278
g175.t1	VFG010194(gb|WP_011559065)	39.904	416	234	8	2	403	3	416	5.51e-87	276
g175.t1	VFG010288(gb|WP_011561989)	38.462	403	243	3	1	398	1	403	1.63e-86	277
g175.t1	VFG010193(gb|WP_011891583)	39.663	416	235	8	2	403	3	416	1.78e-86	275
g175.t1	VFG010284(gb|WP_011730875)	39.851	404	236	4	1	398	1	403	2.82e-86	276
g175.t1	VFG023099(gb|YP_001704875)	38.424	406	237	5	2	398	1	402	3.43e-85	272
g175.t1	VFG010196(gb|WP_011781134)	39.416	411	234	7	2	399	3	411	5.72e-85	270
g175.t1	VFG027812(gb|WP_016343381)	38.670	406	236	5	2	398	1	402	6.36e-85	271
g175.t1	VFG027829(gb|YP_005924599)	38.710	403	242	3	1	398	1	403	6.11e-83	267
g175.t1	VFG010277(gb|NP_218011)	38.710	403	242	3	1	398	1	403	1.47e-82	266
g175.t1	VFG027814(gb|WP_015303916)	38.710	403	242	3	1	398	1	403	1.53e-82	266
g175.t1	VFG010282(gb|WP_003877162)	38.462	403	243	3	1	398	1	403	1.97e-82	265
g175.t1	VFG027816(gb|WP_015294450)	38.710	403	242	3	1	398	1	403	2.01e-82	266
g175.t1	VFG027686(gb|YP_007961850)	37.882	425	249	7	2	414	4	425	2.36e-82	262
g175.t1	VFG027815(gb|WP_015291491)	38.710	403	242	3	1	398	1	403	2.57e-82	266
g175.t1	VFG010280(gb|WP_010950902)	38.710	403	242	3	1	398	1	403	2.92e-82	266
g175.t1	VFG023104(gb|WP_013830550)	36.634	404	250	3	1	398	1	404	4.93e-82	265
g175.t1	VFG023098(gb|WP_012396506)	38.462	403	243	3	1	398	1	403	1.31e-81	264
g175.t1	VFG027817(gb|WP_015357349)	38.462	403	243	3	1	398	1	403	1.35e-81	264
g175.t1	VFG010287(gb|WP_011857099)	37.221	403	248	3	1	398	1	403	1.70e-81	264
g175.t1	VFG010186(gb|WP_003899108)	37.647	425	250	7	2	414	4	425	7.88e-81	258
g175.t1	VFG027680(gb|WP_015303312)	37.647	425	250	7	2	414	4	425	1.23e-80	258
g175.t1	VFG027681(gb|WP_015290291)	37.412	425	251	7	2	414	4	425	1.42e-80	258
g175.t1	VFG010283(gb|WP_011741712)	37.965	403	245	3	1	398	1	403	1.69e-80	261
g175.t1	VFG010184(gb|NP_216487)	37.647	425	250	7	2	414	4	425	2.54e-80	257
g175.t1	VFG027693(gb|YP_005923201)	37.412	425	251	7	2	414	4	425	8.94e-80	256
g175.t1	VFG017526(gb|WP_009937691)	37.412	425	251	7	2	414	4	425	1.13e-79	255
g175.t1	VFG027683(gb|WP_015355627)	37.470	419	244	7	2	403	3	420	2.02e-79	256
g175.t1	VFG024306(gb|WP_014379055)	37.469	403	247	3	1	398	1	403	4.79e-79	258
g175.t1	VFG024304(gb|WP_009955883)	37.469	403	247	3	1	398	1	403	4.84e-79	258
g175.t1	VFG024305(gb|WP_014710878)	37.469	403	247	3	1	398	1	403	6.79e-79	257
g175.t1	VFG027695(gb|WP_015695554)	37.176	425	252	7	2	414	4	425	1.16e-78	253
g175.t1	VFG027826(gb|YP_007959477)	33.252	412	246	7	1	394	1	401	5.41e-56	196
g175.t1	VFG027854(gb|WP_005066062)	25.594	379	244	10	4	365	14	371	3.55e-25	107
g175.t1	VFG023121(gb|YP_001701749)	25.330	379	245	10	4	365	14	371	1.08e-23	103
g175.t1	VFG010319(gb|WP_010949380)	27.113	284	196	5	1	275	11	292	1.73e-23	102
g175.t1	VFG010320(gb|WP_009976609)	27.113	284	196	5	1	275	11	292	1.94e-23	102
g175.t1	VFG010330(gb|WP_011742393)	25.627	359	248	9	11	365	24	367	8.90e-23	100
g175.t1	VFG027869(gb|WP_015354009)	25.627	359	248	9	11	365	24	367	9.33e-23	100
g175.t1	VFG027856(gb|WP_020822417)	27.636	275	191	4	7	275	20	292	1.42e-22	99.8
g175.t1	VFG023133(gb|WP_012392180)	25.627	359	248	9	11	365	24	367	2.24e-22	99.4
g175.t1	VFG024343(gb|WP_014384590)	27.273	275	192	4	7	275	20	292	3.63e-22	98.6
g175.t1	VFG024342(gb|WP_009953398)	27.273	275	192	4	7	275	20	292	3.83e-22	98.6
g175.t1	VFG024344(gb|WP_014380027)	27.273	275	192	4	7	275	20	292	5.35e-22	98.2
g175.t1	VFG024341(gb|WP_014711534)	27.273	275	192	4	7	275	20	292	5.60e-22	98.2
g175.t1	VFG024340(gb|WP_014941824)	27.972	286	191	7	1	275	11	292	9.85e-22	97.4
g175.t1	VFG010324(gb|WP_011778237)	24.731	279	204	3	2	275	12	289	1.05e-19	91.3
g175.t1	VFG010436(gb|WP_011723341)	26.158	367	250	10	7	365	18	371	6.18e-19	89.0
g175.t1	VFG027855(gb|WP_015356604)	24.468	282	204	4	2	275	9	289	1.04e-18	88.2
g175.t1	VFG024411(gb|WP_014381598)	25.815	368	251	10	7	365	17	371	1.11e-18	88.2
g175.t1	VFG024415(gb|WP_014378797)	25.815	368	251	10	7	365	17	371	1.22e-18	88.2
g175.t1	VFG023134(gb|YP_001702439)	25.000	364	244	9	11	365	11	354	1.16e-17	84.7
g175.t1	VFG023120(gb|WP_012395468)	23.759	282	206	4	2	275	9	289	1.29e-17	85.1
g175.t1	VFG010435(gb|WP_010948739)	25.886	367	251	10	7	365	18	371	1.44e-17	84.7
g175.t1	VFG010321(gb|WP_011741506)	24.028	283	204	5	2	275	9	289	2.52e-17	84.0
g175.t1	VFG024339(gb|WP_013470664)	26.182	275	194	6	7	275	18	289	3.19e-17	83.6
g175.t1	VFG010323(gb|WP_011891009)	24.621	264	193	3	17	275	27	289	8.25e-17	82.4
g175.t1	VFG010322(gb|WP_011727449)	24.555	281	204	4	2	275	12	291	5.92e-16	79.7
g175.t1	VFG027868(gb|WP_016342354)	25.000	336	227	8	39	365	35	354	1.92e-15	78.2
g175.t1	VFG027788(gb|WP_015309482)	21.019	314	232	5	2	307	1	306	2.63e-15	78.2
g175.t1	VFG027767(gb|WP_005071294)	22.667	300	220	5	13	305	13	307	4.91e-14	74.3
g175.t1	VFG010364(gb|WP_011856226)	23.488	281	203	4	37	306	33	312	5.62e-14	73.9
g175.t1	VFG010365(gb|WP_011561050)	23.488	281	203	4	37	306	33	312	7.39e-14	73.6
g175.t1	VFG024363(gb|WP_009951822)	22.483	298	210	6	3	286	6	296	8.07e-14	73.6
g175.t1	VFG023085(gb|YP_001704877)	22.667	300	220	5	13	305	13	307	1.24e-13	72.8
g175.t1	VFG010359(gb|WP_011723856)	23.048	269	188	5	37	291	35	298	2.91e-13	71.6
g175.t1	VFG023122(gb|WP_013827079)	23.551	276	200	5	7	275	18	289	3.86e-13	71.2
g175.t1	VFG010363(gb|WP_011781302)	20.890	292	201	3	35	306	31	312	4.38e-13	71.2
g175.t1	VFG024362(gb|WP_013471284)	22.500	320	225	6	1	306	2	312	4.62e-13	71.2
g175.t1	VFG010362(gb|WP_011895011)	24.638	276	198	3	41	307	35	309	5.70e-13	70.5
g175.t1	VFG024293(gb|WP_014710876)	21.069	318	230	5	1	305	1	310	7.92e-13	70.5
g175.t1	VFG027786(gb|WP_020821542)	21.069	318	230	5	1	305	1	310	8.14e-13	70.5
g175.t1	VFG027879(gb|WP_007168632)	22.761	268	188	3	41	294	36	298	9.76e-13	70.1
g175.t1	VFG024294(gb|WP_014379054)	20.755	318	231	5	1	305	1	310	1.33e-12	69.7
g175.t1	VFG010333(gb|WP_011730089)	23.504	234	176	1	52	282	80	313	1.56e-12	69.3
g175.t1	VFG024295(gb|WP_014383777)	21.069	318	230	5	1	305	1	310	1.61e-12	69.3
g175.t1	VFG027880(gb|WP_015308270)	21.086	313	227	5	7	305	3	309	2.12e-12	69.3
g175.t1	VFG010405(gb|WP_003875939)	21.951	287	193	4	41	306	34	310	2.97e-12	68.6
g175.t1	VFG010361(gb|WP_011893391)	22.082	317	222	5	4	306	7	312	3.47e-12	68.6
g175.t1	VFG024292(gb|WP_014941239)	21.069	318	230	5	1	305	1	310	7.58e-12	67.4
g175.t1	VFG027772(gb|WP_041299696)	21.141	298	216	4	1	286	2	292	9.48e-12	67.0
g175.t1	VFG023084(gb|WP_012396508)	21.141	298	216	4	1	286	2	292	9.48e-12	67.0
g175.t1	VFG027770(gb|WP_015291493)	21.993	291	207	5	8	286	6	288	1.04e-11	66.6
g175.t1	VFG010256(gb|WP_094987084)	21.141	298	216	4	1	286	1	291	1.59e-11	66.2
g175.t1	VFG023087(gb|WP_014001772)	22.337	291	206	5	8	286	12	294	1.63e-11	66.2
g175.t1	VFG027768(gb|WP_080603743)	22.337	291	206	5	8	286	12	294	1.67e-11	66.2
g175.t1	VFG027414(gb|WP_015304143)	22.186	311	225	5	7	305	17	322	1.72e-11	66.2
g175.t1	VFG010356(gb|WP_011561051)	21.212	330	241	7	2	317	1	325	1.72e-11	65.9
g175.t1	VFG010249(gb|NP_218013)	22.337	291	206	5	8	286	12	294	1.81e-11	66.2
g175.t1	VFG027775(gb|WP_015575329)	22.337	291	206	5	8	286	12	294	1.84e-11	66.2
g175.t1	VFG027769(gb|WP_080602933)	22.337	291	206	5	8	286	12	294	1.86e-11	65.9
g175.t1	VFG027771(gb|WP_015294451)	21.993	291	207	5	8	286	6	288	2.34e-11	65.9
g175.t1	VFG010355(gb|WP_011856227)	20.909	330	242	7	2	317	1	325	5.15e-11	64.3
g175.t1	VFG027781(gb|YP_007959479)	22.337	291	206	5	8	286	11	293	5.35e-11	64.7
g175.t1	VFG010360(gb|WP_011730085)	22.183	284	194	5	41	306	35	309	7.58e-11	64.3
g175.t1	VFG010260(gb|WP_041925168)	23.364	321	208	10	4	305	12	313	1.04e-10	63.9
g175.t1	VFG023138(gb|WP_012396246)	22.545	275	203	5	41	305	41	315	1.25e-10	63.5
g175.t1	VFG009973(gb|WP_011726386)	22.327	318	228	6	2	306	12	323	1.27e-10	63.5
g175.t1	VFG010255(gb|WP_009974839)	20.625	320	229	6	1	305	1	310	1.39e-10	63.5
g175.t1	VFG010257(gb|WP_011730877)	21.908	283	199	5	38	305	38	313	1.64e-10	63.2
g175.t1	VFG024291(gb|WP_041787660)	21.905	315	222	6	3	305	10	312	2.16e-10	62.8
g175.t1	VFG010258(gb|WP_011892456)	21.905	315	222	6	3	305	10	312	2.22e-10	62.8
g175.t1	VFG009972(gb|WP_003879092)	22.013	318	229	6	2	306	12	323	3.00e-10	62.4
g175.t1	VFG024383(gb|WP_014384487)	21.603	287	194	4	41	306	32	308	3.14e-10	62.0
g175.t1	VFG027413(gb|WP_015632564)	22.013	318	229	6	2	306	12	323	3.19e-10	62.4
g175.t1	VFG010261(gb|WP_011561991)	23.053	321	209	10	4	305	6	307	3.34e-10	62.0
g175.t1	VFG010154(gb|WP_041925127)	21.951	410	271	9	7	401	3	378	6.89e-10	61.2
g175.t1	VFG010254(gb|WP_010948893)	20.312	320	230	6	1	305	1	310	1.08e-09	60.5
g175.t1	VFG024232(gb|WP_014381456)	21.698	318	230	6	2	306	12	323	1.14e-09	60.5
g175.t1	VFG010259(gb|WP_041307142)	20.900	311	227	4	7	305	9	312	1.25e-09	60.5
g175.t1	VFG024235(gb|WP_014386031)	21.384	318	231	6	2	306	12	323	1.89e-09	60.1
g175.t1	VFG022993(gb|WP_012392394)	21.523	302	217	5	21	306	26	323	2.27e-09	59.7
g175.t1	VFG022999(gb|WP_013827069)	21.839	435	289	12	6	422	15	416	3.93e-09	58.9
g175.t1	VFG009975(gb|WP_011739281)	21.523	302	217	5	21	306	26	323	4.00e-09	58.9
g175.t1	VFG010142(gb|WP_110881864)	23.571	280	192	6	22	286	17	289	4.04e-09	58.5
g175.t1	VFG010245(gb|WP_036375602)	19.463	298	227	3	12	305	14	302	4.42e-09	58.2
g175.t1	VFG027872(gb|WP_015308273)	21.212	231	178	3	56	282	84	314	4.74e-09	58.5
g175.t1	VFG027678(gb|WP_198345110)	27.203	261	158	9	9	261	2	238	5.01e-09	58.2
g175.t1	VFG010043(gb|WP_011557548)	23.744	219	152	4	52	255	59	277	5.10e-09	58.5
g175.t1	VFG010019(gb|WP_011557546)	23.051	295	202	8	10	295	17	295	5.25e-09	57.8
g175.t1	VFG024264(gb|WP_136244918)	22.857	280	194	6	22	286	17	289	5.31e-09	58.2
g175.t1	VFG027623(gb|WP_020787344)	20.209	287	220	4	2	284	1	282	5.38e-09	58.2
g175.t1	VFG027396(gb|WP_015354182)	21.523	302	217	5	21	306	26	323	5.98e-09	58.2
g175.t1	VFG010084(gb|WP_011781553)	21.371	248	188	3	52	296	55	298	6.00e-09	58.2
g175.t1	VFG024233(gb|WP_008261960)	21.384	318	231	6	2	306	12	323	6.04e-09	58.2
g175.t1	VFG023047(gb|WP_012394583)	20.209	287	220	4	2	284	1	282	1.09e-08	57.4
g175.t1	VFG010147(gb|WP_011559063)	21.978	364	244	7	49	401	44	378	1.28e-08	57.0
g175.t1	VFG024262(gb|WP_148280997)	22.500	280	195	6	22	286	17	289	1.37e-08	57.0
g175.t1	VFG010177(gb|WP_011856569)	28.163	245	148	9	36	280	43	259	1.58e-08	56.6
g175.t1	VFG010336(gb|WP_011781305)	22.078	231	177	1	52	279	80	310	1.60e-08	56.6
g175.t1	VFG010018(gb|WP_011777460)	20.890	292	211	7	13	295	15	295	1.65e-08	56.2
g175.t1	VFG009974(gb|WP_010908978)	21.377	276	207	4	41	306	48	323	1.74e-08	57.0
g175.t1	VFG027412(gb|WP_020823820)	21.069	318	232	6	2	306	12	323	1.86e-08	56.6
g175.t1	VFG010246(gb|WP_011857102)	21.088	294	216	6	12	299	14	297	2.16e-08	55.8
g175.t1	VFG010179(gb|WP_011856587)	24.262	305	204	8	3	289	4	299	2.49e-08	55.8
g175.t1	VFG027870(gb|WP_081656308)	20.073	274	211	4	10	279	42	311	2.54e-08	56.2
g175.t1	VFG010004(gb|WP_011738754)	28.571	140	93	4	54	186	54	193	2.63e-08	55.8
g175.t1	VFG010173(gb|WP_203431712)	25.541	231	147	5	36	264	34	241	2.67e-08	55.8
g175.t1	VFG024396(gb|WP_009955638)	19.600	250	192	3	33	278	42	286	2.80e-08	55.5
g175.t1	VFG010083(gb|WP_011778195)	22.727	286	204	6	15	292	24	300	3.35e-08	55.8
g175.t1	VFG010082(gb|WP_011781139)	22.378	286	185	7	11	278	18	284	3.38e-08	55.8
g175.t1	VFG009962(gb|WP_010950035)	22.333	300	201	9	7	290	9	292	3.43e-08	55.8
g175.t1	VFG010407(gb|WP_011895377)	21.127	284	201	5	40	305	39	317	3.64e-08	55.8
g175.t1	VFG010399(gb|WP_011728629)	21.610	236	183	2	43	277	43	277	4.96e-08	55.1
g175.t1	VFG010174(gb|WP_011778199)	25.322	233	153	5	36	268	40	251	4.97e-08	55.1
g175.t1	VFG010386(gb|WP_011895380)	24.686	239	154	7	56	279	54	281	5.34e-08	55.1
g175.t1	VFG009963(gb|WP_011726387)	22.333	300	201	9	7	290	9	292	6.68e-08	55.1
g175.t1	VFG010244(gb|WP_011892455)	19.388	294	232	2	12	305	14	302	7.97e-08	54.3
g175.t1	VFG027639(gb|WP_015303310)	26.087	253	166	9	16	257	11	253	1.15e-07	53.9
g175.t1	VFG010331(gb|WP_003872972)	21.818	275	201	6	15	278	34	305	1.26e-07	53.9
g175.t1	VFG010338(gb|WP_011561053)	21.030	233	178	3	52	279	50	281	1.32e-07	53.9
g175.t1	VFG023014(gb|WP_012396413)	25.967	181	117	5	54	217	54	234	1.38e-07	53.5
g175.t1	VFG024285(gb|WP_013470769)	18.792	298	229	3	12	305	14	302	1.58e-07	53.1
g175.t1	VFG010337(gb|WP_011856229)	21.030	233	178	3	52	279	50	281	1.63e-07	53.5
g175.t1	VFG010040(gb|WP_011726116)	21.944	319	232	6	1	302	1	319	1.83e-07	53.5
g175.t1	VFG027538(gb|WP_003873594)	21.944	319	232	6	1	302	1	319	1.89e-07	53.5
g175.t1	VFG027642(gb|WP_015355625)	21.760	409	276	10	49	444	46	423	1.95e-07	53.1
g175.t1	VFG010406(gb|WP_011728630)	19.649	285	209	4	37	305	36	316	2.01e-07	53.5
g175.t1	VFG010332(gb|WP_009975065)	21.818	275	201	6	15	278	34	305	2.05e-07	53.1
g175.t1	VFG010039(gb|WP_010950231)	21.944	319	232	6	1	302	1	319	2.07e-07	53.5
g175.t1	VFG022978(gb|WP_041316668)	26.667	135	93	2	58	186	65	199	2.13e-07	53.1
g175.t1	VFG010409(gb|WP_011854322)	20.789	279	202	3	41	305	36	309	2.39e-07	53.1
g175.t1	VFG024231(gb|WP_013470339)	22.593	270	194	4	6	267	15	277	2.88e-07	53.1
g175.t1	VFG023051(gb|WP_012394584)	21.370	365	245	8	49	401	46	380	2.90e-07	52.8
g175.t1	VFG027641(gb|WP_015293321)	24.151	265	181	7	1	257	1	253	2.92e-07	52.8
g175.t1	VFG027640(gb|WP_015290290)	25.746	268	173	10	1	257	1	253	3.06e-07	52.8
g175.t1	VFG010042(gb|WP_011777462)	25.405	185	126	3	52	228	59	239	3.34e-07	52.8
g175.t1	VFG027659(gb|WP_015303311)	27.368	285	163	12	6	268	1	263	3.47e-07	52.4
g175.t1	VFG010119(gb|WP_011724857)	19.784	278	209	3	17	289	19	287	3.77e-07	52.4
g175.t1	VFG024263(gb|WP_014385055)	21.875	288	209	3	37	312	32	315	3.77e-07	52.4
g175.t1	VFG024267(gb|WP_167324046)	24.786	234	153	5	36	268	36	247	3.81e-07	52.4
g175.t1	VFG027674(gb|YP_005923200)	27.368	285	163	12	6	268	1	263	4.94e-07	52.0
g175.t1	VFG010161(gb|NP_216486)	27.368	285	163	12	6	268	1	263	4.94e-07	52.0
g175.t1	VFG023057(gb|WP_014001038)	27.368	285	163	12	6	268	1	263	5.07e-07	52.0
g175.t1	VFG024219(gb|WP_013470337)	21.429	294	209	8	13	295	13	295	5.44e-07	51.6
g175.t1	VFG010408(gb|WP_011780069)	20.714	280	205	4	41	305	40	317	5.62e-07	52.0
g175.t1	VFG010017(gb|WP_011891617)	21.429	294	209	8	13	295	13	295	5.69e-07	51.6
g175.t1	VFG010247(gb|WP_011561992)	19.728	294	231	2	12	305	14	302	5.76e-07	51.6
g175.t1	VFG017512(gb|WP_003907216)	22.531	324	218	7	2	305	12	322	5.84e-07	52.0
g175.t1	VFG023053(gb|WP_014001037)	25.311	241	158	8	1	230	1	230	5.85e-07	51.6
g175.t1	VFG027409(gb|YP_005921534)	22.531	324	218	7	2	305	12	322	5.93e-07	52.0
g175.t1	VFG010138(gb|NP_216485)	25.311	241	158	8	1	230	1	230	6.00e-07	51.6
g175.t1	VFG023128(gb|YP_001702436)	23.194	263	187	5	35	290	34	288	6.16e-07	51.2
g175.t1	VFG009967(gb|NP_214686)	22.531	324	218	7	2	305	12	322	6.20e-07	52.0
g175.t1	VFG010073(gb|WP_003878304)	25.668	187	122	4	56	225	69	255	6.48e-07	51.6
g175.t1	VFG010243(gb|WP_011730878)	20.962	291	220	5	12	299	14	297	6.88e-07	51.2
g175.t1	VFG027776(gb|YP_007963385)	30.769	104	68	2	8	111	12	111	6.95e-07	50.8
g175.t1	VFG024258(gb|WP_014379507)	19.784	278	209	3	17	289	19	287	7.07e-07	51.6
g175.t1	VFG027531(gb|YP_007956775)	22.458	236	175	3	41	268	48	283	7.45e-07	51.6
g175.t1	VFG010171(gb|WP_011559064)	24.542	273	174	10	4	268	5	253	7.72e-07	51.2
g175.t1	VFG009976(gb|WP_011726693)	22.684	313	216	7	28	321	35	340	7.91e-07	51.6
g175.t1	VFG010153(gb|WP_011781753)	24.242	297	202	8	49	329	43	332	8.03e-07	51.6
g175.t1	VFG027522(gb|WP_015292289)	22.794	272	200	4	41	302	48	319	8.78e-07	51.2
g175.t1	VFG010126(gb|WP_011777686)	19.549	266	210	3	24	289	26	287	8.97e-07	51.2
g175.t1	VFG010410(gb|WP_011557705)	20.430	279	203	3	41	305	36	309	9.15e-07	51.2
g175.t1	VFG027535(gb|YP_005921904)	23.451	226	158	4	41	258	48	266	9.56e-07	51.2
g175.t1	VFG010034(gb|NP_215106)	22.458	236	175	3	41	268	48	283	9.59e-07	51.2
g175.t1	VFG023127(gb|WP_012392177)	23.333	210	142	4	19	215	30	233	9.68e-07	50.8
g175.t1	VFG027657(gb|WP_015308479)	20.567	282	216	2	39	312	36	317	9.77e-07	51.2
g175.t1	VFG027521(gb|WP_015289169)	23.009	226	159	4	41	258	48	266	1.02e-06	51.2
g175.t1	VFG010169(gb|WP_011892993)	24.242	264	186	6	36	290	42	300	1.02e-06	50.8
g175.t1	VFG024265(gb|WP_013471071)	23.588	301	191	9	36	326	42	313	1.05e-06	50.8
g175.t1	VFG027597(gb|WP_015308482)	24.413	213	136	7	52	261	55	245	1.14e-06	50.8
g175.t1	VFG027520(gb|WP_015302611)	23.009	226	159	4	41	258	48	266	1.16e-06	50.8
g175.t1	VFG027526(gb|YP_007960500)	22.458	236	175	3	41	268	29	264	1.19e-06	50.8
g175.t1	VFG010037(gb|WP_003900182)	23.009	226	159	4	41	258	48	266	1.20e-06	50.8
g175.t1	VFG010087(gb|WP_011559060)	20.921	239	185	3	52	287	55	292	1.29e-06	50.8
g175.t1	VFG027519(gb|WP_015287866)	23.009	226	159	4	41	258	48	266	1.33e-06	50.8
g175.t1	VFG010079(gb|WP_011777810)	20.921	239	185	3	52	287	55	292	1.34e-06	50.8
g175.t1	VFG010170(gb|WP_011891584)	24.176	273	175	10	4	268	5	253	1.36e-06	50.4
g175.t1	VFG027862(gb|WP_025982897)	23.194	263	187	5	35	290	34	288	1.39e-06	50.4
g175.t1	VFG010327(gb|WP_011742396)	23.333	210	142	4	19	215	30	233	1.45e-06	50.4
g175.t1	VFG024347(gb|WP_009951819)	21.645	231	177	2	52	278	39	269	1.54e-06	50.4
g175.t1	VFG009955(gb|WP_011739279)	23.492	315	174	13	11	317	15	270	1.55e-06	50.1
g175.t1	VFG027399(gb|WP_003911067)	22.531	324	218	7	2	305	12	322	1.60e-06	50.4
g175.t1	VFG010149(gb|WP_011777687)	25.000	256	163	7	39	265	35	290	1.72e-06	50.4
g175.t1	VFG027395(gb|WP_015291943)	22.222	324	219	7	2	305	12	322	1.81e-06	50.4
g175.t1	VFG022995(gb|WP_014000088)	22.222	324	219	7	2	305	12	322	1.84e-06	50.4
g175.t1	VFG027650(gb|YP_007958024)	25.311	241	158	8	1	230	1	230	1.97e-06	50.1
g175.t1	VFG010176(gb|WP_036370818)	22.761	268	177	6	8	268	8	252	2.29e-06	49.7
g175.t1	VFG024345(gb|WP_014941309)	21.212	231	178	2	52	278	39	269	2.31e-06	49.7
g175.t1	VFG024346(gb|WP_014383866)	21.212	231	178	2	52	278	39	269	2.45e-06	49.7
g175.t1	VFG027350(gb|WP_015354180)	23.270	318	171	13	11	317	15	270	2.55e-06	49.7
g175.t1	VFG023090(gb|WP_013830552)	19.512	287	220	3	28	306	23	306	2.59e-06	49.7
g175.t1	VFG022979(gb|WP_012392392)	23.270	318	171	13	11	317	15	270	3.07e-06	49.3
g175.t1	VFG027345(gb|WP_015304140)	25.253	198	125	6	54	234	58	249	3.35e-06	49.3
g175.t1	VFG027368(gb|WP_015304141)	22.526	293	205	9	9	290	9	290	3.38e-06	49.3
g175.t1	VFG023052(gb|WP_012395643)	22.654	309	216	8	37	329	31	332	3.54e-06	49.3
g175.t1	VFG027863(gb|WP_015354007)	23.980	196	137	4	19	208	30	219	3.55e-06	48.9
g175.t1	VFG010387(gb|WP_011780066)	19.048	231	183	3	56	282	56	286	3.92e-06	48.9
g175.t1	VFG027670(gb|YP_007958025)	30.631	111	70	2	6	111	1	109	4.16e-06	48.9
g175.t1	VFG023113(gb|WP_041316681)	21.610	236	172	5	62	293	71	297	4.24e-06	48.9
g175.t1	VFG027665(gb|YP_007961849)	26.800	250	146	10	36	268	36	265	4.29e-06	48.9
g175.t1	VFG027405(gb|YP_007956378)	22.945	292	201	6	34	305	35	322	5.12e-06	48.9
g175.t1	VFG027327(gb|WP_015354179)	23.695	249	157	8	16	252	17	244	5.45e-06	48.9
g175.t1	VFG022972(gb|WP_012392391)	23.695	249	157	8	16	252	17	244	5.60e-06	48.5
g175.t1	VFG010146(gb|WP_011892992)	21.708	281	206	6	37	306	30	307	6.13e-06	48.5
g175.t1	VFG010144(gb|WP_011741596)	22.654	309	216	8	37	329	31	332	6.76e-06	48.5
g175.t1	VFG010353(gb|WP_011895010)	22.511	231	171	2	51	277	51	277	6.90e-06	48.1
g175.t1	VFG010041(gb|WP_011891615)	22.321	224	162	3	52	267	58	277	6.96e-06	48.5
g175.t1	VFG023078(gb|YP_001704878)	23.006	326	214	11	12	323	18	320	6.99e-06	48.1
g175.t1	VFG010272(gb|WP_011892457)	24.437	311	177	10	5	303	1	265	7.45e-06	48.1
g175.t1	VFG027766(gb|WP_015309483)	21.839	261	181	5	39	290	36	282	8.08e-06	47.8
g175.t1	VFG010008(gb|WP_011557545)	23.077	247	153	8	10	234	21	252	8.62e-06	48.1
g589.t1	VFG010058(gb|NP_215108)	100.000	516	0	0	1	516	1	516	0.0	1043
g589.t1	VFG027565(gb|WP_003905349)	99.806	516	1	0	1	516	1	516	0.0	1041
g589.t1	VFG023036(gb|WP_014000319)	99.612	516	2	0	1	516	1	516	0.0	1039
g589.t1	VFG027561(gb|WP_015289171)	99.225	516	4	0	1	516	1	516	0.0	1035
g589.t1	VFG027560(gb|WP_015302613)	99.031	516	5	0	1	516	1	516	0.0	1032
g589.t1	VFG027562(gb|WP_015292291)	99.031	516	5	0	1	516	1	516	0.0	1031
g589.t1	VFG027570(gb|YP_007956777)	99.031	516	5	0	1	516	1	516	0.0	1030
g589.t1	VFG027574(gb|YP_005921906)	99.796	489	1	0	1	489	16	504	0.0	985
g589.t1	VFG010063(gb|WP_003879393)	80.273	512	97	1	1	512	1	508	0.0	819
g589.t1	VFG010064(gb|WP_024637634)	80.469	512	96	1	1	512	1	508	0.0	818
g589.t1	VFG009992(gb|WP_003874126)	70.019	517	153	2	1	516	1	516	0.0	743
g589.t1	VFG009993(gb|WP_041160744)	69.826	517	154	2	1	516	1	516	0.0	742
g589.t1	VFG024245(gb|WP_008261958)	68.665	517	160	2	1	516	1	516	0.0	732
g589.t1	VFG024244(gb|WP_014381454)	68.472	517	161	2	1	516	1	516	0.0	729
g589.t1	VFG027438(gb|WP_015302428)	70.428	514	151	1	1	514	1	513	0.0	728
g589.t1	VFG023009(gb|WP_014000090)	70.428	514	151	1	1	514	1	513	0.0	726
g589.t1	VFG009989(gb|WP_003401091)	70.233	514	152	1	1	514	1	513	0.0	726
g589.t1	VFG027446(gb|WP_014585015)	70.039	514	153	1	1	514	1	513	0.0	724
g589.t1	VFG009987(gb|NP_214688)	70.039	514	153	1	1	514	1	513	0.0	722
g589.t1	VFG009994(gb|WP_010908980)	66.538	517	171	2	1	516	1	516	0.0	715
g589.t1	VFG023007(gb|WP_012392396)	69.171	519	155	4	1	516	1	517	0.0	714
g589.t1	VFG010067(gb|WP_011854205)	68.401	519	157	5	1	514	1	517	0.0	712
g589.t1	VFG009995(gb|WP_011739283)	68.979	519	156	4	1	516	1	517	0.0	712
g589.t1	VFG010068(gb|WP_011557550)	68.015	519	159	5	1	514	1	517	0.0	711
g589.t1	VFG027459(gb|WP_015304145)	66.288	528	159	8	1	514	1	523	0.0	688
g589.t1	VFG009996(gb|WP_011726695)	65.511	519	170	3	1	514	2	516	0.0	680
g589.t1	VFG010065(gb|WP_011891613)	65.267	524	170	5	1	516	1	520	0.0	677
g589.t1	VFG024243(gb|WP_013470341)	65.076	524	171	5	1	516	1	520	0.0	676
g589.t1	VFG027450(gb|YP_007956379)	70.402	473	139	1	1	473	1	472	0.0	664
g589.t1	VFG010066(gb|WP_011777464)	64.504	524	174	5	1	516	1	520	0.0	664
g589.t1	VFG023013(gb|WP_013827071)	62.382	529	183	3	1	514	1	528	0.0	652
g589.t1	VFG010380(gb|WP_011781300)	42.298	409	227	3	1	400	1	409	4.59e-107	330
g589.t1	VFG027886(gb|WP_015308268)	43.325	397	213	4	1	389	1	393	2.12e-104	323
g589.t1	VFG010190(gb|WP_011741598)	42.373	413	227	5	2	404	3	414	2.22e-103	318
g589.t1	VFG024385(gb|WP_041785566)	36.961	533	304	10	1	512	1	522	4.85e-103	318
g589.t1	VFG027684(gb|WP_015356679)	42.131	413	228	5	2	404	3	414	1.35e-102	316
g589.t1	VFG010378(gb|WP_011893393)	41.076	409	232	3	1	400	1	409	1.97e-102	318
g589.t1	VFG024374(gb|WP_013471286)	40.831	409	233	3	1	400	1	409	2.68e-102	318
g589.t1	VFG024269(gb|WP_013471072)	38.783	526	263	12	2	514	3	482	2.71e-102	315
g589.t1	VFG010192(gb|WP_011892994)	42.410	415	230	5	2	407	3	417	2.67e-101	313
g589.t1	VFG010199(gb|WP_011781751)	42.155	427	222	6	2	404	3	428	4.09e-100	310
g589.t1	VFG010422(gb|WP_011557707)	40.967	393	228	2	1	389	1	393	8.93e-100	310
g589.t1	VFG010203(gb|WP_011558936)	41.966	417	226	9	1	404	1	414	5.15e-99	307
g589.t1	VFG010200(gb|WP_011856568)	37.192	527	271	11	2	514	3	483	2.11e-98	305
g589.t1	VFG010381(gb|WP_011856224)	40.342	409	235	3	1	400	1	409	7.57e-98	306
g589.t1	VFG010197(gb|WP_011778200)	38.563	529	274	13	2	516	3	494	1.09e-97	304
g589.t1	VFG010382(gb|WP_011561048)	40.098	409	236	3	1	400	1	409	2.45e-97	305
g589.t1	VFG010379(gb|WP_011895013)	36.084	521	286	8	1	514	1	481	2.99e-97	302
g589.t1	VFG010420(gb|WP_011728632)	36.276	521	295	7	1	512	1	493	3.07e-97	303
g589.t1	VFG027697(gb|WP_015308477)	40.723	415	232	7	2	404	3	415	4.81e-97	302
g589.t1	VFG010195(gb|WP_011777689)	40.338	414	233	7	2	404	3	413	5.00e-97	301
g589.t1	VFG010419(gb|WP_010949511)	39.512	410	240	3	1	402	1	410	1.70e-96	302
g589.t1	VFG027892(gb|WP_003878362)	39.512	410	240	3	1	402	1	410	2.57e-96	301
g589.t1	VFG010421(gb|WP_011895375)	40.204	393	231	2	1	389	1	393	6.49e-95	297
g589.t1	VFG010377(gb|WP_011730083)	37.615	436	261	4	1	425	1	436	1.46e-92	293
g589.t1	VFG023059(gb|WP_012394586)	40.338	414	235	6	2	404	3	415	2.84e-92	290
g589.t1	VFG024376(gb|WP_014711003)	33.621	580	314	12	1	512	1	577	9.83e-92	291
g589.t1	VFG010191(gb|WP_011726871)	36.210	533	283	11	1	516	1	493	1.52e-91	288
g589.t1	VFG024377(gb|WP_014379204)	38.235	408	244	3	1	400	1	408	1.60e-91	290
g589.t1	VFG024375(gb|WP_014941310)	38.235	408	244	3	1	400	1	408	2.35e-91	290
g589.t1	VFG010188(gb|WP_011724860)	39.855	414	237	6	2	404	4	416	1.20e-89	283
g589.t1	VFG023140(gb|WP_012396244)	33.880	549	318	8	1	512	1	541	2.44e-89	284
g589.t1	VFG024271(gb|WP_041785023)	40.146	411	234	7	1	400	2	411	4.68e-89	281
g589.t1	VFG027884(gb|WP_020821652)	40.051	392	232	2	1	389	1	392	5.94e-89	283
g589.t1	VFG024270(gb|WP_009953720)	39.614	414	238	6	2	404	4	416	7.14e-89	281
g589.t1	VFG010202(gb|WP_011856586)	40.976	410	230	7	2	400	3	411	9.94e-88	278
g589.t1	VFG010288(gb|WP_011561989)	38.213	403	245	3	1	399	1	403	1.26e-87	280
g589.t1	VFG010196(gb|WP_011781134)	40.049	412	231	8	2	400	3	411	2.29e-87	276
g589.t1	VFG010376(gb|WP_011723857)	36.829	410	251	3	1	402	1	410	9.13e-87	278
g589.t1	VFG010375(gb|WP_003872967)	36.829	410	251	3	1	402	1	410	9.37e-87	278
g589.t1	VFG010194(gb|WP_011559065)	40.048	417	233	9	2	404	3	416	1.61e-86	275
g589.t1	VFG027885(gb|WP_015632692)	37.500	392	242	2	1	389	1	392	2.03e-86	277
g589.t1	VFG010193(gb|WP_011891583)	40.048	417	233	9	2	404	3	416	2.61e-86	274
g589.t1	VFG027683(gb|WP_015355627)	40.811	419	231	8	2	404	3	420	5.90e-86	273
g589.t1	VFG027834(gb|WP_015309480)	37.221	403	249	3	1	399	1	403	7.41e-86	276
g589.t1	VFG010286(gb|WP_011782338)	35.914	465	268	7	1	460	1	440	1.19e-85	275
g589.t1	VFG010189(gb|WP_023861410)	34.848	528	285	11	2	514	4	487	4.99e-85	271
g589.t1	VFG010198(gb|WP_011781548)	34.528	530	282	15	2	516	3	482	1.19e-84	270
g589.t1	VFG010186(gb|WP_003899108)	40.049	412	231	8	2	400	4	412	1.77e-84	268
g589.t1	VFG027680(gb|WP_015303312)	40.049	412	231	8	2	400	4	412	3.21e-84	267
g589.t1	VFG027681(gb|WP_015290291)	39.806	412	232	8	2	400	4	412	4.62e-84	267
g589.t1	VFG010187(gb|WP_003872483)	34.470	528	287	11	2	514	4	487	1.21e-83	267
g589.t1	VFG010184(gb|NP_216487)	39.806	412	232	8	2	400	4	412	1.77e-83	265
g589.t1	VFG027686(gb|YP_007961850)	40.049	412	231	9	2	400	4	412	2.44e-83	265
g589.t1	VFG027693(gb|YP_005923201)	39.806	412	232	8	2	400	4	412	2.81e-83	265
g589.t1	VFG017526(gb|WP_009937691)	39.806	412	232	8	2	400	4	412	5.00e-83	264
g589.t1	VFG027695(gb|WP_015695554)	39.806	412	232	8	2	400	4	412	6.39e-83	264
g589.t1	VFG023099(gb|YP_001704875)	35.123	447	265	5	2	444	1	426	9.90e-83	265
g589.t1	VFG027812(gb|WP_016343381)	34.899	447	266	5	2	444	1	426	5.25e-82	263
g589.t1	VFG027829(gb|YP_005924599)	35.268	448	265	4	1	444	1	427	6.75e-82	264
g589.t1	VFG027814(gb|WP_015303916)	35.635	449	262	5	1	444	1	427	1.53e-81	264
g589.t1	VFG010277(gb|NP_218011)	35.635	449	262	5	1	444	1	427	1.81e-81	264
g589.t1	VFG027817(gb|WP_015357349)	35.045	448	266	5	1	444	1	427	2.43e-81	263
g589.t1	VFG023098(gb|WP_012396506)	35.045	448	266	5	1	444	1	427	2.48e-81	263
g589.t1	VFG027816(gb|WP_015294450)	35.635	449	262	5	1	444	1	427	2.83e-81	263
g589.t1	VFG010280(gb|WP_010950902)	35.635	449	262	5	1	444	1	427	3.80e-81	263
g589.t1	VFG027815(gb|WP_015291491)	35.635	449	262	5	1	444	1	427	4.60e-81	263
g589.t1	VFG010287(gb|WP_011857099)	36.725	403	251	3	1	399	1	403	4.62e-81	263
g589.t1	VFG010283(gb|WP_011741712)	34.598	448	268	5	1	444	1	427	1.87e-80	261
g589.t1	VFG010285(gb|WP_011892458)	34.839	465	273	7	1	460	1	440	6.41e-80	259
g589.t1	VFG024303(gb|WP_013470771)	34.624	465	274	7	1	460	1	440	7.20e-80	259
g589.t1	VFG010282(gb|WP_003877162)	34.598	448	268	5	1	444	1	427	2.61e-79	257
g589.t1	VFG010284(gb|WP_011730875)	35.903	454	265	6	1	449	1	433	4.28e-79	258
g589.t1	VFG023104(gb|WP_013830550)	34.653	404	259	3	1	399	1	404	1.71e-78	256
g589.t1	VFG024305(gb|WP_014710878)	33.259	448	274	5	1	444	1	427	1.51e-74	246
g589.t1	VFG024304(gb|WP_009955883)	33.259	448	274	5	1	444	1	427	1.56e-74	246
g589.t1	VFG024306(gb|WP_014379055)	33.259	448	274	5	1	444	1	427	1.64e-74	246
g589.t1	VFG027826(gb|YP_007959477)	31.385	462	266	9	1	444	1	429	2.07e-54	192
g589.t1	VFG010320(gb|WP_009976609)	25.594	379	254	10	1	366	11	374	3.36e-22	99.0
g589.t1	VFG010319(gb|WP_010949380)	25.594	379	254	10	1	366	11	374	3.48e-22	98.6
g589.t1	VFG027856(gb|WP_020822417)	25.613	367	250	8	9	366	22	374	6.06e-20	92.0
g589.t1	VFG024343(gb|WP_014384590)	25.341	367	251	8	9	366	22	374	1.74e-19	90.5
g589.t1	VFG024342(gb|WP_009953398)	25.341	367	251	8	9	366	22	374	1.74e-19	90.5
g589.t1	VFG024341(gb|WP_014711534)	25.341	367	251	8	9	366	22	374	1.75e-19	90.5
g589.t1	VFG024344(gb|WP_014380027)	25.341	367	251	8	9	366	22	374	1.80e-19	90.5
g589.t1	VFG024340(gb|WP_014941824)	24.868	378	258	9	1	366	11	374	3.64e-19	89.7
g589.t1	VFG010330(gb|WP_011742393)	24.812	266	193	3	11	274	24	284	1.85e-18	87.4
g589.t1	VFG027869(gb|WP_015354009)	24.812	266	193	3	11	274	24	284	2.20e-18	87.4
g589.t1	VFG023133(gb|WP_012392180)	24.812	266	193	3	11	274	24	284	3.37e-18	86.7
g589.t1	VFG010323(gb|WP_011891009)	26.415	265	187	5	16	275	28	289	3.66e-18	86.7
g589.t1	VFG027855(gb|WP_015356604)	25.858	379	248	11	2	366	12	371	8.85e-18	85.5
g589.t1	VFG027854(gb|WP_005066062)	23.779	307	218	4	4	295	14	319	2.19e-17	84.3
g589.t1	VFG023120(gb|WP_012395468)	25.594	379	249	11	2	366	12	371	5.32e-17	83.2
g589.t1	VFG023134(gb|YP_001702439)	26.568	271	193	4	2	270	1	267	7.97e-17	82.4
g589.t1	VFG010324(gb|WP_011778237)	26.277	274	191	6	6	275	23	289	1.84e-16	81.3
g589.t1	VFG010321(gb|WP_011741506)	25.330	379	250	11	2	366	12	371	5.32e-16	80.1
g589.t1	VFG023121(gb|YP_001701749)	23.453	307	219	4	4	295	14	319	5.57e-16	80.1
g589.t1	VFG027414(gb|WP_015304143)	23.642	313	219	6	12	314	25	327	1.41e-15	79.3
g589.t1	VFG024411(gb|WP_014381598)	24.661	369	261	8	4	366	14	371	2.64e-15	77.8
g589.t1	VFG024415(gb|WP_014378797)	24.661	369	261	8	4	366	14	371	2.76e-15	77.8
g589.t1	VFG010436(gb|WP_011723341)	24.259	371	264	8	2	366	12	371	5.27e-15	77.0
g589.t1	VFG027868(gb|WP_016342354)	25.751	233	170	2	40	270	36	267	1.68e-14	75.1
g589.t1	VFG027389(gb|WP_020823821)	23.793	290	209	7	7	290	9	292	1.73e-14	75.9
g589.t1	VFG024339(gb|WP_013470664)	26.182	275	195	6	4	275	20	289	3.47e-14	74.3
g589.t1	VFG010435(gb|WP_010948739)	25.469	373	257	10	2	366	12	371	4.30e-14	73.9
g589.t1	VFG010154(gb|WP_041925127)	25.305	328	215	11	7	317	3	317	1.59e-12	69.3
g589.t1	VFG024227(gb|WP_008261961)	22.759	290	212	7	7	290	9	292	1.90e-12	69.3
g589.t1	VFG010039(gb|WP_010950231)	23.183	289	206	6	18	290	19	307	1.91e-12	69.3
g589.t1	VFG024226(gb|WP_009957841)	22.759	290	212	7	7	290	9	292	2.02e-12	69.3
g589.t1	VFG023122(gb|WP_013827079)	23.675	283	202	4	2	275	12	289	2.63e-12	68.6
g589.t1	VFG027538(gb|WP_003873594)	22.837	289	207	5	18	290	19	307	3.90e-12	68.2
g589.t1	VFG010040(gb|WP_011726116)	22.837	289	207	5	18	290	19	307	4.45e-12	68.2
g589.t1	VFG024295(gb|WP_014383777)	22.635	296	214	6	1	286	1	291	4.48e-12	68.2
g589.t1	VFG024293(gb|WP_014710876)	22.635	296	214	6	1	286	1	291	6.55e-12	67.4
g589.t1	VFG027788(gb|WP_015309482)	20.067	299	220	4	8	294	2	293	7.85e-12	67.4
g589.t1	VFG010359(gb|WP_011723856)	22.018	327	225	7	15	327	22	332	8.75e-12	67.0
g589.t1	VFG027786(gb|WP_020821542)	22.635	296	214	6	1	286	1	291	9.92e-12	67.0
g589.t1	VFG027770(gb|WP_015291493)	24.026	308	193	9	14	305	12	294	1.19e-11	66.6
g589.t1	VFG027771(gb|WP_015294451)	24.026	308	193	9	14	305	12	294	1.51e-11	66.2
g589.t1	VFG027767(gb|WP_005071294)	23.616	271	179	6	38	297	33	286	1.98e-11	65.9
g589.t1	VFG027775(gb|WP_015575329)	24.026	308	193	9	14	305	18	300	2.02e-11	65.9
g589.t1	VFG027769(gb|WP_080602933)	24.026	308	193	9	14	305	18	300	2.23e-11	65.9
g589.t1	VFG010249(gb|NP_218013)	24.026	308	193	9	14	305	18	300	2.33e-11	65.9
g589.t1	VFG023087(gb|WP_014001772)	24.026	308	193	9	14	305	18	300	2.39e-11	65.9
g589.t1	VFG027768(gb|WP_080603743)	24.026	308	193	9	14	305	18	300	2.43e-11	65.9
g589.t1	VFG024294(gb|WP_014379054)	22.297	296	215	6	1	286	1	291	2.54e-11	65.9
g589.t1	VFG027879(gb|WP_007168632)	24.490	294	204	7	11	294	13	298	3.14e-11	65.5
g589.t1	VFG010333(gb|WP_011730089)	24.255	235	173	2	56	286	84	317	3.58e-11	65.1
g589.t1	VFG024292(gb|WP_014941239)	22.297	296	215	6	1	286	1	291	3.77e-11	65.1
g589.t1	VFG023085(gb|YP_001704877)	23.616	271	179	6	38	297	33	286	4.79e-11	64.7
g589.t1	VFG027772(gb|WP_041299696)	20.548	292	217	4	3	286	8	292	5.07e-11	64.7
g589.t1	VFG023084(gb|WP_012396508)	20.548	292	217	4	3	286	8	292	5.07e-11	64.7
g589.t1	VFG027641(gb|WP_015293321)	22.531	324	208	9	1	295	1	310	5.97e-11	64.3
g589.t1	VFG027781(gb|YP_007959479)	24.026	308	193	9	14	305	17	299	6.07e-11	64.3
g589.t1	VFG027640(gb|WP_015290290)	22.531	324	208	9	1	295	1	310	6.35e-11	64.3
g589.t1	VFG010138(gb|NP_216485)	22.531	324	208	9	1	295	1	310	6.70e-11	64.3
g589.t1	VFG027650(gb|YP_007958024)	22.531	324	208	9	1	295	1	310	6.76e-11	64.3
g589.t1	VFG010177(gb|WP_011856569)	26.180	233	151	4	36	268	43	254	6.86e-11	63.9
g589.t1	VFG023053(gb|WP_014001037)	22.531	324	208	9	1	295	1	310	7.79e-11	63.9
g589.t1	VFG009962(gb|WP_010950035)	22.414	290	213	7	7	290	9	292	7.94e-11	64.3
g589.t1	VFG010260(gb|WP_041925168)	21.070	299	212	6	4	290	12	298	8.29e-11	63.9
g589.t1	VFG024363(gb|WP_009951822)	22.540	315	215	6	15	316	25	323	9.25e-11	63.9
g589.t1	VFG010356(gb|WP_011561051)	25.424	295	178	9	12	286	14	286	1.01e-10	63.2
g589.t1	VFG009963(gb|WP_011726387)	22.414	290	213	7	7	290	9	292	1.13e-10	63.9
g589.t1	VFG010256(gb|WP_094987084)	20.205	292	218	4	3	286	7	291	1.19e-10	63.5
g589.t1	VFG010255(gb|WP_009974839)	21.254	287	202	5	14	286	15	291	1.39e-10	63.5
g589.t1	VFG023052(gb|WP_012395643)	24.164	269	186	5	37	292	31	294	1.41e-10	63.2
g589.t1	VFG027872(gb|WP_015308273)	21.333	300	213	5	56	350	84	365	1.42e-10	63.2
g589.t1	VFG010144(gb|WP_011741596)	24.535	269	185	5	37	292	31	294	1.83e-10	62.8
g589.t1	VFG010354(gb|WP_011781303)	26.846	298	170	9	12	286	14	286	1.99e-10	62.4
g589.t1	VFG010261(gb|WP_011561991)	21.362	323	226	8	4	314	6	312	2.27e-10	62.8
g589.t1	VFG010029(gb|WP_011891616)	23.774	265	196	5	12	275	14	273	2.75e-10	62.4
g589.t1	VFG010355(gb|WP_011856227)	25.253	297	176	10	12	286	14	286	2.80e-10	62.0
g589.t1	VFG027643(gb|WP_015356677)	24.815	270	183	6	37	292	31	294	3.21e-10	62.0
g589.t1	VFG010405(gb|WP_003875939)	21.970	264	180	3	41	286	34	289	3.77e-10	62.0
g589.t1	VFG024225(gb|WP_013470338)	23.396	265	197	5	12	275	14	273	4.33e-10	62.0
g589.t1	VFG027597(gb|WP_015308482)	24.390	246	162	6	48	279	50	285	4.70e-10	61.6
g589.t1	VFG027639(gb|WP_015303310)	22.222	324	209	9	1	295	1	310	4.77e-10	61.6
g589.t1	VFG024264(gb|WP_136244918)	23.279	305	197	6	19	288	14	316	4.87e-10	61.6
g589.t1	VFG010257(gb|WP_011730877)	23.026	304	184	7	38	314	38	318	5.30e-10	61.6
g589.t1	VFG010322(gb|WP_011727449)	23.684	342	225	11	40	366	53	373	5.51e-10	61.2
g589.t1	VFG027413(gb|WP_015632564)	21.767	317	207	7	2	294	12	311	6.91e-10	61.2
g589.t1	VFG009972(gb|WP_003879092)	21.767	317	207	7	2	294	12	311	7.61e-10	61.2
g589.t1	VFG027623(gb|WP_020787344)	22.363	237	182	2	50	286	50	284	8.48e-10	60.8
g589.t1	VFG010142(gb|WP_110881864)	23.279	305	197	6	19	288	14	316	8.94e-10	60.8
g589.t1	VFG010174(gb|WP_011778199)	23.077	364	223	9	1	332	1	339	9.64e-10	60.5
g589.t1	VFG010254(gb|WP_010948893)	22.924	301	180	7	14	286	15	291	1.03e-09	60.5
g589.t1	VFG009973(gb|WP_011726386)	21.767	317	207	7	2	294	12	311	1.09e-09	60.8
g589.t1	VFG024262(gb|WP_148280997)	22.951	305	198	6	19	288	14	316	1.24e-09	60.5
g589.t1	VFG010399(gb|WP_011728629)	27.170	265	157	8	39	286	41	286	1.29e-09	59.7
g589.t1	VFG010258(gb|WP_011892456)	23.418	316	190	9	2	290	7	297	1.35e-09	60.1
g589.t1	VFG023047(gb|WP_012394583)	21.941	237	183	2	50	286	50	284	1.37e-09	60.1
g589.t1	VFG024291(gb|WP_041787660)	23.418	316	190	9	2	290	7	297	1.45e-09	60.1
g589.t1	VFG027657(gb|WP_015308479)	21.528	288	213	5	39	317	36	319	2.52e-09	59.3
g589.t1	VFG010017(gb|WP_011891617)	22.050	322	232	9	5	314	7	321	2.87e-09	58.5
g589.t1	VFG024263(gb|WP_014385055)	23.276	348	245	8	37	366	32	375	3.24e-09	58.9
g589.t1	VFG009965(gb|WP_011739280)	23.481	362	246	13	28	371	30	378	3.43e-09	58.9
g589.t1	VFG024219(gb|WP_013470337)	22.050	322	232	9	5	314	7	321	3.43e-09	58.5
g589.t1	VFG027766(gb|WP_015309483)	21.374	262	192	3	44	299	39	292	4.55e-09	58.2
g589.t1	VFG024356(gb|WP_013471283)	25.256	293	181	8	12	286	14	286	5.25e-09	58.2
g589.t1	VFG010245(gb|WP_036375602)	20.000	265	203	3	44	305	44	302	5.74e-09	57.8
g589.t1	VFG010083(gb|WP_011778195)	22.408	299	214	6	5	293	11	301	6.38e-09	58.2
g589.t1	VFG027522(gb|WP_015292289)	26.217	267	173	8	41	290	48	307	6.63e-09	58.2
g589.t1	VFG027880(gb|WP_015308270)	22.581	310	226	6	10	309	6	311	8.19e-09	57.8
g589.t1	VFG027531(gb|YP_007956775)	23.077	260	190	3	41	290	48	307	8.26e-09	57.8
g589.t1	VFG010034(gb|NP_215106)	23.077	260	190	3	41	290	48	307	9.92e-09	57.8
g589.t1	VFG009976(gb|WP_011726693)	22.222	252	181	4	41	284	48	292	1.06e-08	57.4
g589.t1	VFG010043(gb|WP_011557548)	20.076	264	201	3	41	294	48	311	1.08e-08	57.4
g589.t1	VFG027662(gb|WP_015355626)	23.047	256	171	5	11	261	16	250	1.21e-08	57.0
g589.t1	VFG010082(gb|WP_011781139)	23.322	283	186	8	11	278	18	284	1.28e-08	57.0
g589.t1	VFG024232(gb|WP_014381456)	21.981	323	199	11	2	294	12	311	1.28e-08	57.4
g589.t1	VFG010018(gb|WP_011777460)	21.356	295	222	5	5	295	7	295	1.36e-08	56.6
g589.t1	VFG027521(gb|WP_015289169)	24.335	263	183	6	41	290	48	307	1.51e-08	57.0
g589.t1	VFG027526(gb|YP_007960500)	23.077	260	190	3	41	290	29	288	1.72e-08	56.6
g589.t1	VFG023051(gb|WP_012394584)	22.222	315	219	9	1	303	1	301	1.83e-08	56.6
g589.t1	VFG023055(gb|WP_012394585)	22.383	277	179	5	11	268	16	275	1.96e-08	56.2
g589.t1	VFG027535(gb|YP_005921904)	23.077	260	190	3	41	290	48	307	2.02e-08	56.6
g589.t1	VFG027520(gb|WP_015302611)	23.077	260	190	3	41	290	48	307	2.12e-08	56.6
g589.t1	VFG024235(gb|WP_014386031)	23.364	321	194	11	2	294	15	311	2.22e-08	56.6
g589.t1	VFG027519(gb|WP_015287866)	24.335	263	183	6	41	290	48	307	2.31e-08	56.2
g589.t1	VFG010037(gb|WP_003900182)	24.335	263	183	6	41	290	48	307	2.33e-08	56.2
g589.t1	VFG027642(gb|WP_015355625)	22.222	315	219	9	1	303	1	301	2.47e-08	56.2
g589.t1	VFG022986(gb|WP_012392393)	23.204	362	247	13	28	371	30	378	2.78e-08	56.2
g589.t1	VFG010157(gb|WP_011558934)	23.006	326	233	7	1	317	1	317	2.85e-08	55.8
g589.t1	VFG027373(gb|WP_015354181)	23.204	362	247	13	28	371	30	378	2.85e-08	56.2
g589.t1	VFG022999(gb|WP_013827069)	21.384	318	210	7	20	304	18	328	2.93e-08	56.2
g589.t1	VFG010042(gb|WP_011777462)	20.664	271	205	3	41	301	48	318	2.96e-08	56.2
g589.t1	VFG010259(gb|WP_041307142)	22.222	315	191	9	3	290	10	297	3.11e-08	55.8
g589.t1	VFG024233(gb|WP_008261960)	21.672	323	200	11	2	294	12	311	4.46e-08	55.5
g589.t1	VFG010364(gb|WP_011856226)	21.612	273	204	4	37	299	33	305	5.19e-08	55.5
g589.t1	VFG010247(gb|WP_011561992)	19.128	298	228	3	12	305	14	302	6.18e-08	54.7
g589.t1	VFG010365(gb|WP_011561050)	21.612	273	204	4	37	299	33	305	6.93e-08	55.1
g589.t1	VFG010146(gb|WP_011892992)	22.761	268	191	6	37	292	30	293	7.19e-08	54.7
g589.t1	VFG010308(gb|WP_010949379)	22.263	274	177	6	24	265	24	293	1.16e-07	53.9
g589.t1	VFG010153(gb|WP_011781753)	22.963	270	190	5	36	292	30	294	1.22e-07	53.9
g589.t1	VFG010336(gb|WP_011781305)	21.168	274	205	2	12	282	48	313	1.29e-07	53.9
g589.t1	VFG027412(gb|WP_020823820)	21.362	323	201	11	2	294	12	311	1.29e-07	53.9
g589.t1	VFG010246(gb|WP_011857102)	18.728	283	217	3	12	290	14	287	1.32e-07	53.5
g589.t1	VFG022993(gb|WP_012392394)	20.656	305	206	5	14	294	19	311	1.33e-07	53.9
g589.t1	VFG010147(gb|WP_011559063)	26.068	234	151	7	16	244	10	226	1.36e-07	53.9
g589.t1	VFG010084(gb|WP_011781553)	22.311	251	171	5	56	303	59	288	1.43e-07	53.9
g589.t1	VFG010127(gb|WP_011781137)	19.623	265	203	3	28	289	30	287	1.49e-07	53.5
g589.t1	VFG010402(gb|WP_011854321)	22.041	245	187	2	44	286	44	286	1.56e-07	53.5
g589.t1	VFG024231(gb|WP_013470339)	22.801	307	211	9	13	301	19	317	1.76e-07	53.5
g589.t1	VFG027396(gb|WP_015354182)	20.656	305	206	5	14	294	19	311	1.88e-07	53.5
g589.t1	VFG023137(gb|WP_012396247)	20.816	245	190	2	44	286	44	286	1.93e-07	53.1
g589.t1	VFG009975(gb|WP_011739281)	20.656	305	206	5	14	294	19	311	2.11e-07	53.5
g589.t1	VFG027644(gb|WP_015575135)	22.531	324	208	9	1	295	1	310	2.12e-07	53.1
g589.t1	VFG009974(gb|WP_010908978)	20.455	264	200	3	41	294	48	311	2.25e-07	53.1
g589.t1	VFG010244(gb|WP_011892455)	19.408	304	230	5	6	305	10	302	2.40e-07	52.8
g589.t1	VFG010134(gb|WP_011558933)	21.053	304	224	5	13	306	17	314	2.60e-07	52.8
g589.t1	VFG024261(gb|WP_013471070)	23.551	276	167	7	37	286	30	287	2.72e-07	52.8
g589.t1	VFG024383(gb|WP_014384487)	20.455	264	184	3	41	286	32	287	3.17e-07	52.8
g589.t1	VFG010130(gb|WP_011781754)	19.861	287	218	4	19	301	21	299	3.25e-07	52.8
g589.t1	VFG024285(gb|WP_013470769)	19.472	303	231	5	6	305	10	302	3.28e-07	52.4
g589.t1	VFG010169(gb|WP_011892993)	23.301	309	202	8	4	290	5	300	3.65e-07	52.4
g589.t1	VFG017512(gb|WP_003907216)	19.856	277	206	4	34	294	35	311	3.86e-07	52.8
g589.t1	VFG010360(gb|WP_011730085)	23.361	244	165	5	41	281	35	259	3.95e-07	52.4
g589.t1	VFG027409(gb|YP_005921534)	20.996	281	198	6	34	294	35	311	3.95e-07	52.4
g589.t1	VFG010408(gb|WP_011780069)	23.297	279	181	6	10	281	16	268	4.16e-07	52.4
g589.t1	VFG010145(gb|WP_011726869)	23.457	243	165	5	38	278	33	256	4.36e-07	52.4
g589.t1	VFG009967(gb|NP_214686)	20.996	281	198	6	34	294	35	311	4.39e-07	52.4
g589.t1	VFG010403(gb|WP_011557704)	21.633	245	188	2	44	286	44	286	4.51e-07	52.0
g589.t1	VFG010309(gb|WP_009976612)	23.529	221	154	5	24	233	24	240	4.62e-07	52.0
g589.t1	VFG027399(gb|WP_003911067)	22.807	285	188	9	34	294	35	311	4.96e-07	52.4
g589.t1	VFG010401(gb|WP_011780068)	26.575	365	219	12	21	363	23	360	4.97e-07	51.6
g589.t1	VFG023114(gb|WP_012395466)	24.691	243	164	6	40	267	36	274	5.05e-07	52.0
g589.t1	VFG010353(gb|WP_011895010)	25.094	267	160	8	39	286	41	286	5.21e-07	51.6
g589.t1	VFG027499(gb|WP_015287865)	23.485	264	194	6	28	289	30	287	5.32e-07	52.0
g589.t1	VFG010352(gb|WP_011893390)	24.904	261	160	7	44	286	44	286	5.55e-07	51.6
g589.t1	VFG010165(gb|WP_033722621)	21.852	270	189	4	36	304	33	281	5.79e-07	51.6
g589.t1	VFG023023(gb|WP_003903076)	23.485	264	194	6	28	289	30	287	5.81e-07	52.0
g589.t1	VFG010022(gb|NP_215105)	23.485	264	194	6	28	289	30	287	5.86e-07	52.0
g589.t1	VFG027847(gb|WP_015356602)	24.691	243	164	6	40	267	36	274	5.92e-07	51.6
g589.t1	VFG010167(gb|WP_071498041)	24.832	298	169	9	25	290	28	302	5.92e-07	51.6
g589.t1	VFG010243(gb|WP_011730878)	18.638	279	222	2	12	290	14	287	6.10e-07	51.6
g589.t1	VFG010179(gb|WP_011856587)	22.006	309	206	7	3	289	4	299	6.21e-07	51.6
g589.t1	VFG023024(gb|WP_014000317)	23.485	264	194	6	28	289	30	287	6.23e-07	52.0
g589.t1	VFG024328(gb|WP_014941825)	22.348	264	186	6	25	273	33	292	6.27e-07	51.6
g589.t1	VFG027501(gb|WP_015289168)	23.485	264	194	6	28	289	30	287	6.45e-07	51.6
g589.t1	VFG024257(gb|WP_013471069)	21.405	299	224	8	7	300	7	299	6.75e-07	51.6
g589.t1	VFG023056(gb|WP_012395644)	24.832	298	169	9	25	290	28	302	6.82e-07	51.6
g589.t1	VFG023078(gb|YP_001704878)	22.830	311	211	8	6	305	14	306	7.57e-07	51.2
g589.t1	VFG023116(gb|WP_013827081)	25.000	240	154	5	4	239	39	256	7.61e-07	51.2
g589.t1	VFG023041(gb|WP_014001034)	27.982	218	134	8	13	211	17	230	7.72e-07	51.2
g589.t1	VFG027811(gb|WP_015309481)	27.885	208	122	6	25	211	34	234	8.13e-07	51.2
g589.t1	VFG010362(gb|WP_011895011)	23.311	296	215	5	16	299	6	301	8.49e-07	51.2
g589.t1	VFG024331(gb|WP_009953396)	23.443	273	173	7	25	286	33	280	8.99e-07	51.2
g589.t1	VFG010141(gb|WP_003872485)	25.076	331	205	10	8	317	12	320	9.19e-07	51.2
g589.t1	VFG027395(gb|WP_015291943)	19.495	277	207	4	34	294	35	311	9.61e-07	51.2
g589.t1	VFG023129(gb|WP_012392178)	24.390	287	182	8	25	290	24	296	1.00e-06	50.8
g589.t1	VFG027663(gb|WP_015356678)	24.832	298	169	9	25	290	28	302	1.11e-06	50.8
g589.t1	VFG010123(gb|WP_011892991)	21.405	299	224	8	7	300	7	299	1.11e-06	50.8
g589.t1	VFG022995(gb|WP_014000088)	19.495	277	207	4	34	294	35	311	1.11e-06	51.2
g589.t1	VFG027502(gb|WP_015292288)	23.106	264	195	6	28	289	30	287	1.12e-06	50.8
g589.t1	VFG010387(gb|WP_011780066)	20.648	247	190	4	46	286	44	290	1.16e-06	50.8
g589.t1	VFG027743(gb|WP_005071295)	22.830	311	211	8	6	305	10	302	1.18e-06	50.4
g589.t1	VFG027579(gb|WP_015303307)	27.523	218	135	8	13	211	17	230	1.21e-06	50.8
g589.t1	VFG010070(gb|YP_177852)	27.523	218	135	8	13	211	17	230	1.35e-06	50.4
g589.t1	VFG027678(gb|WP_198345110)	22.848	302	206	6	9	304	2	282	1.37e-06	50.4
g589.t1	VFG024266(gb|WP_009953718)	21.818	275	177	4	36	289	33	290	1.39e-06	50.4
g589.t1	VFG010328(gb|WP_011742395)	25.000	264	163	8	25	267	24	273	1.46e-06	50.4
g589.t1	VFG010216(gb|WP_011892453)	24.022	179	132	3	47	221	48	226	1.48e-06	50.4
g589.t1	VFG027584(gb|WP_003901299)	27.523	218	135	8	13	211	17	230	1.60e-06	50.4
g589.t1	VFG027876(gb|WP_007168631)	23.346	257	169	7	44	286	44	286	1.70e-06	50.1
g589.t1	VFG027590(gb|YP_007958022)	27.523	218	135	8	13	211	17	230	1.77e-06	50.4
g589.t1	VFG024273(gb|WP_013470767)	24.022	179	132	3	47	221	48	226	2.16e-06	50.1
g589.t1	VFG027405(gb|YP_007956378)	20.641	281	199	6	34	294	35	311	2.27e-06	50.1
g589.t1	VFG024265(gb|WP_013471071)	23.333	270	181	6	4	268	5	253	2.49e-06	49.7
g589.t1	VFG010041(gb|WP_011891615)	21.455	275	198	6	41	301	47	317	2.69e-06	50.1
g589.t1	VFG010386(gb|WP_011895380)	23.207	237	166	6	56	282	54	284	3.20e-06	49.3
g589.t1	VFG027585(gb|YP_007961843)	27.523	218	135	8	13	211	8	221	3.49e-06	49.7
g589.t1	VFG010081(gb|WP_011777684)	22.881	236	159	6	56	278	59	284	4.23e-06	49.3
g589.t1	VFG023097(gb|WP_193374484)	26.267	217	120	8	20	203	5	214	4.39e-06	48.9
g589.t1	VFG010143(gb|WP_011724568)	24.773	331	206	10	8	317	12	320	4.75e-06	48.9
g589.t1	VFG023118(gb|YP_001701750)	24.771	218	143	6	35	244	36	240	4.98e-06	48.9
g589.t1	VFG023128(gb|YP_001702436)	24.424	217	143	5	35	239	34	241	5.05e-06	48.5
g589.t1	VFG027848(gb|WP_020822419)	23.077	273	174	7	25	286	33	280	5.09e-06	48.5
g589.t1	VFG010363(gb|WP_011781302)	19.097	288	205	3	35	304	31	308	5.42e-06	48.9
g589.t1	VFG010318(gb|WP_011778236)	23.273	275	180	8	10	278	11	260	5.88e-06	48.5
g589.t1	VFG010215(gb|WP_003897298)	24.324	222	156	6	6	222	13	227	6.18e-06	48.5
g589.t1	VFG027850(gb|WP_041927584)	24.771	218	143	6	35	244	36	240	6.36e-06	48.5
g589.t1	VFG010151(gb|WP_011778198)	21.587	315	180	7	39	317	34	317	6.38e-06	48.5
g589.t1	VFG010218(gb|WP_011857104)	22.535	213	161	3	47	255	48	260	6.81e-06	48.5
g589.t1	VFG024329(gb|WP_008256270)	23.077	273	174	7	25	286	33	280	7.17e-06	48.1
g589.t1	VFG027419(gb|WP_041299899)	23.346	257	170	9	36	277	41	285	7.62e-06	48.1
g589.t1	VFG027500(gb|WP_015302610)	22.727	264	196	6	28	289	30	287	7.71e-06	48.5
g1946.t1	VFG010184(gb|NP_216487)	100.000	437	0	0	1	437	1	437	0.0	882
g1946.t1	VFG010186(gb|WP_003899108)	99.771	437	1	0	1	437	1	437	0.0	879
g1946.t1	VFG027681(gb|WP_015290291)	99.314	437	3	0	1	437	1	437	0.0	879
g1946.t1	VFG027680(gb|WP_015303312)	99.542	437	2	0	1	437	1	437	0.0	877
g1946.t1	VFG027693(gb|YP_005923201)	99.542	437	2	0	1	437	1	437	0.0	877
g1946.t1	VFG027686(gb|YP_007961850)	99.542	437	2	0	1	437	1	437	0.0	877
g1946.t1	VFG017526(gb|WP_009937691)	99.542	437	2	0	1	437	1	437	0.0	877
g1946.t1	VFG027695(gb|WP_015695554)	99.314	437	3	0	1	437	1	437	0.0	874
g1946.t1	VFG023059(gb|WP_012394586)	81.324	423	75	1	2	424	1	419	0.0	705
g1946.t1	VFG027683(gb|WP_015355627)	80.465	430	75	3	2	426	1	426	0.0	676
g1946.t1	VFG027697(gb|WP_015308477)	74.118	425	106	1	2	426	1	421	0.0	659
g1946.t1	VFG010195(gb|WP_011777689)	62.033	482	133	4	2	435	1	480	0.0	594
g1946.t1	VFG010196(gb|WP_011781134)	61.795	479	140	1	2	437	1	479	0.0	579
g1946.t1	VFG010191(gb|WP_011726871)	65.574	427	139	4	1	425	1	421	0.0	556
g1946.t1	VFG010188(gb|WP_011724860)	62.676	426	155	1	1	426	1	422	0.0	556
g1946.t1	VFG024270(gb|WP_009953720)	62.441	426	156	1	1	426	1	422	0.0	553
g1946.t1	VFG010202(gb|WP_011856586)	61.927	436	156	2	2	437	1	426	0.0	532
g1946.t1	VFG010190(gb|WP_011741598)	55.579	484	164	3	2	435	1	483	0.0	529
g1946.t1	VFG024271(gb|WP_041785023)	60.046	433	168	2	4	436	3	430	0.0	528
g1946.t1	VFG027684(gb|WP_015356679)	55.372	484	165	3	2	435	1	483	0.0	527
g1946.t1	VFG010199(gb|WP_011781751)	60.465	430	155	2	2	417	1	429	0.0	515
g1946.t1	VFG010198(gb|WP_011781548)	58.118	425	173	2	2	426	1	420	2.40e-180	511
g1946.t1	VFG010200(gb|WP_011856568)	58.685	426	171	2	2	426	1	422	2.66e-180	512
g1946.t1	VFG024269(gb|WP_013471072)	58.824	425	170	2	2	426	1	420	2.52e-179	509
g1946.t1	VFG010194(gb|WP_011559065)	60.714	420	158	3	2	417	1	417	4.10e-178	506
g1946.t1	VFG010193(gb|WP_011891583)	60.714	420	158	3	2	417	1	417	1.00e-177	505
g1946.t1	VFG010197(gb|WP_011778200)	56.522	437	179	3	2	437	1	427	9.88e-177	503
g1946.t1	VFG010192(gb|WP_011892994)	57.882	425	174	2	2	426	1	420	1.24e-175	500
g1946.t1	VFG010203(gb|WP_011558936)	60.142	424	163	3	4	426	2	420	4.16e-174	496
g1946.t1	VFG010187(gb|WP_003872483)	55.682	440	181	3	1	436	1	430	4.60e-167	478
g1946.t1	VFG010189(gb|WP_023861410)	55.455	440	182	3	1	436	1	430	2.52e-166	476
g1946.t1	VFG023140(gb|WP_012396244)	44.975	398	213	3	4	401	2	393	1.99e-108	330
g1946.t1	VFG010420(gb|WP_011728632)	44.976	418	219	6	6	418	4	415	2.31e-107	326
g1946.t1	VFG024375(gb|WP_014941310)	44.361	399	214	5	4	401	2	393	7.90e-107	327
g1946.t1	VFG010422(gb|WP_011557707)	44.724	398	215	3	4	401	2	394	1.16e-106	325
g1946.t1	VFG024377(gb|WP_014379204)	44.110	399	215	5	4	401	2	393	1.18e-106	327
g1946.t1	VFG024376(gb|WP_014711003)	44.110	399	215	5	4	401	2	393	2.63e-106	326
g1946.t1	VFG024385(gb|WP_041785566)	42.482	419	231	4	4	418	2	414	4.12e-105	321
g1946.t1	VFG010419(gb|WP_010949511)	41.766	419	234	4	4	418	2	414	5.83e-104	318
g1946.t1	VFG027892(gb|WP_003878362)	41.766	419	234	4	4	418	2	414	7.39e-104	318
g1946.t1	VFG027886(gb|WP_015308268)	41.905	420	233	5	4	418	2	415	3.20e-102	315
g1946.t1	VFG010421(gb|WP_011895375)	44.862	399	213	5	4	401	2	394	3.66e-102	313
g1946.t1	VFG027884(gb|WP_020821652)	44.862	399	212	4	4	401	2	393	5.67e-102	314
g1946.t1	VFG010377(gb|WP_011730083)	42.857	399	220	6	4	401	2	393	1.20e-101	314
g1946.t1	VFG010378(gb|WP_011893393)	41.527	419	236	4	4	418	2	415	3.45e-101	312
g1946.t1	VFG010376(gb|WP_011723857)	43.358	399	218	6	4	401	2	393	3.83e-101	312
g1946.t1	VFG027885(gb|WP_015632692)	43.250	400	219	6	4	402	2	394	3.90e-101	312
g1946.t1	VFG010375(gb|WP_003872967)	43.358	399	218	6	4	401	2	393	3.94e-101	312
g1946.t1	VFG010381(gb|WP_011856224)	42.965	398	222	3	4	401	2	394	1.94e-100	310
g1946.t1	VFG010380(gb|WP_011781300)	43.073	397	221	3	4	400	2	393	3.64e-100	310
g1946.t1	VFG024374(gb|WP_013471286)	42.317	397	224	3	4	400	2	393	4.30e-100	309
g1946.t1	VFG010382(gb|WP_011561048)	42.965	398	222	3	4	401	2	394	5.11e-100	309
g1946.t1	VFG010379(gb|WP_011895013)	41.960	398	225	4	4	401	2	393	1.69e-98	303
g1946.t1	VFG010065(gb|WP_011891613)	39.372	414	236	7	4	415	2	402	7.53e-93	289
g1946.t1	VFG024243(gb|WP_013470341)	39.372	414	236	7	4	415	2	402	9.33e-93	289
g1946.t1	VFG027561(gb|WP_015289171)	40.291	412	230	8	4	412	2	400	1.02e-90	284
g1946.t1	VFG027829(gb|YP_005924599)	39.862	434	251	6	6	437	4	429	1.19e-90	285
g1946.t1	VFG027816(gb|WP_015294450)	39.862	434	251	6	6	437	4	429	1.26e-90	285
g1946.t1	VFG027814(gb|WP_015303916)	39.862	434	251	6	6	437	4	429	1.49e-90	285
g1946.t1	VFG010277(gb|NP_218011)	39.862	434	251	6	6	437	4	429	1.81e-90	285
g1946.t1	VFG010280(gb|WP_010950902)	39.862	434	251	6	6	437	4	429	2.08e-90	284
g1946.t1	VFG027562(gb|WP_015292291)	40.291	412	230	8	4	412	2	400	2.18e-90	283
g1946.t1	VFG027815(gb|WP_015291491)	39.631	434	252	6	6	437	4	429	4.78e-90	283
g1946.t1	VFG027560(gb|WP_015302613)	40.049	412	231	8	4	412	2	400	1.55e-89	281
g1946.t1	VFG027834(gb|WP_015309480)	39.036	415	239	6	4	414	2	406	3.43e-88	279
g1946.t1	VFG009996(gb|WP_011726695)	37.617	428	249	8	2	424	1	415	7.31e-88	276
g1946.t1	VFG010067(gb|WP_011854205)	38.592	412	236	8	4	412	2	399	1.77e-87	275
g1946.t1	VFG023099(gb|YP_001704875)	38.049	410	244	6	4	411	1	402	3.74e-87	274
g1946.t1	VFG027812(gb|WP_016343381)	37.805	410	245	6	4	411	1	402	2.01e-86	272
g1946.t1	VFG023036(gb|WP_014000319)	39.806	412	232	8	4	412	2	400	2.32e-86	273
g1946.t1	VFG027574(gb|YP_005921906)	39.806	412	232	8	4	412	17	415	2.75e-86	272
g1946.t1	VFG027570(gb|YP_007956777)	39.806	412	232	8	4	412	2	400	2.78e-86	272
g1946.t1	VFG010066(gb|WP_011777464)	37.923	414	242	7	4	415	2	402	3.09e-86	272
g1946.t1	VFG027565(gb|WP_003905349)	39.806	412	232	8	4	412	2	400	3.83e-86	272
g1946.t1	VFG010058(gb|NP_215108)	39.806	412	232	8	4	412	2	400	4.08e-86	272
g1946.t1	VFG010282(gb|WP_003877162)	39.120	432	245	8	6	435	4	419	6.16e-86	272
g1946.t1	VFG010068(gb|WP_011557550)	38.107	412	238	8	4	412	2	399	1.11e-85	271
g1946.t1	VFG023013(gb|WP_013827071)	38.318	428	244	9	11	425	9	429	4.83e-85	270
g1946.t1	VFG010285(gb|WP_011892458)	37.986	437	255	9	4	435	2	427	5.85e-85	270
g1946.t1	VFG027459(gb|WP_015304145)	38.107	412	241	8	4	412	2	402	7.63e-85	269
g1946.t1	VFG010064(gb|WP_024637634)	38.498	426	246	8	4	425	2	415	1.05e-84	268
g1946.t1	VFG010286(gb|WP_011782338)	37.011	435	261	9	3	435	4	427	1.49e-84	269
g1946.t1	VFG010283(gb|WP_011741712)	39.019	428	243	8	10	435	8	419	3.16e-84	268
g1946.t1	VFG023098(gb|WP_012396506)	39.019	428	243	8	10	435	8	419	5.86e-84	268
g1946.t1	VFG010287(gb|WP_011857099)	40.048	417	226	8	4	411	2	403	8.60e-84	268
g1946.t1	VFG010288(gb|WP_011561989)	39.614	414	232	7	4	411	2	403	8.79e-84	268
g1946.t1	VFG027817(gb|WP_015357349)	39.019	428	243	8	10	435	8	419	9.26e-84	267
g1946.t1	VFG024303(gb|WP_013470771)	37.529	437	257	9	4	435	2	427	9.83e-84	267
g1946.t1	VFG010063(gb|WP_003879393)	38.443	411	239	7	4	412	2	400	1.09e-83	265
g1946.t1	VFG024304(gb|WP_009955883)	38.657	432	247	8	6	435	4	419	1.10e-83	267
g1946.t1	VFG024306(gb|WP_014379055)	38.657	432	247	8	6	435	4	419	1.22e-83	267
g1946.t1	VFG009989(gb|WP_003401091)	37.882	425	249	7	4	425	2	414	1.66e-83	265
g1946.t1	VFG027438(gb|WP_015302428)	37.882	425	249	7	4	425	2	414	1.68e-83	265
g1946.t1	VFG024305(gb|WP_014710878)	38.426	432	248	8	6	435	4	419	3.46e-83	266
g1946.t1	VFG027446(gb|WP_014585015)	37.647	425	250	7	4	425	2	414	5.21e-83	264
g1946.t1	VFG023009(gb|WP_014000090)	37.882	425	249	7	4	425	2	414	5.68e-83	264
g1946.t1	VFG027450(gb|YP_007956379)	37.647	425	250	7	4	425	2	414	5.80e-83	263
g1946.t1	VFG009987(gb|NP_214688)	37.647	425	250	7	4	425	2	414	6.97e-82	261
g1946.t1	VFG010284(gb|WP_011730875)	37.757	437	252	9	6	435	4	427	5.78e-81	260
g1946.t1	VFG023104(gb|WP_013830550)	37.198	414	243	8	4	411	2	404	1.09e-80	259
g1946.t1	VFG009992(gb|WP_003874126)	36.983	411	238	9	6	412	7	400	9.94e-80	255
g1946.t1	VFG009993(gb|WP_041160744)	36.983	411	238	9	6	412	7	400	1.07e-79	255
g1946.t1	VFG024245(gb|WP_008261958)	36.085	424	248	10	6	423	7	413	1.49e-79	255
g1946.t1	VFG024244(gb|WP_014381454)	36.085	424	248	10	6	423	7	413	2.14e-79	254
g1946.t1	VFG023007(gb|WP_012392396)	37.678	422	241	10	11	425	9	415	6.10e-79	253
g1946.t1	VFG009994(gb|WP_010908980)	35.681	426	251	10	6	425	7	415	6.34e-79	253
g1946.t1	VFG009995(gb|WP_011739283)	37.619	420	240	10	11	423	9	413	2.43e-78	251
g1946.t1	VFG027826(gb|YP_007959477)	39.759	332	194	3	6	336	4	330	9.40e-66	220
g1946.t1	VFG023134(gb|YP_001702439)	26.796	362	242	9	23	377	9	354	3.85e-19	88.6
g1946.t1	VFG010323(gb|WP_011891009)	27.083	336	227	8	43	377	53	371	4.36e-19	88.6
g1946.t1	VFG023133(gb|WP_012392180)	25.272	368	253	7	10	377	22	367	5.97e-19	88.2
g1946.t1	VFG024411(gb|WP_014381598)	25.995	377	255	9	3	377	17	371	6.42e-19	88.2
g1946.t1	VFG027869(gb|WP_015354009)	25.272	368	253	7	10	377	22	367	1.27e-18	87.4
g1946.t1	VFG010330(gb|WP_011742393)	25.272	368	253	7	10	377	22	367	1.27e-18	87.4
g1946.t1	VFG024415(gb|WP_014378797)	25.995	377	255	9	3	377	17	371	1.43e-18	87.0
g1946.t1	VFG010436(gb|WP_011723341)	26.260	377	254	9	3	377	17	371	1.63e-18	87.0
g1946.t1	VFG023122(gb|WP_013827079)	25.581	344	222	6	43	377	53	371	8.09e-18	85.1
g1946.t1	VFG027868(gb|WP_016342354)	26.567	335	230	8	43	377	36	354	1.39e-17	84.0
g1946.t1	VFG010435(gb|WP_010948739)	25.995	377	255	9	3	377	17	371	1.67e-17	84.0
g1946.t1	VFG027855(gb|WP_015356604)	24.709	344	225	7	43	377	53	371	4.31e-16	79.7
g1946.t1	VFG023120(gb|WP_012395468)	24.419	344	226	7	43	377	53	371	1.95e-15	77.8
g1946.t1	VFG027856(gb|WP_020822417)	24.607	382	251	9	6	377	20	374	9.20e-15	75.5
g1946.t1	VFG024342(gb|WP_009953398)	27.928	222	158	2	6	227	20	239	9.62e-15	75.5
g1946.t1	VFG024343(gb|WP_014384590)	27.928	222	158	2	6	227	20	239	9.71e-15	75.5
g1946.t1	VFG024341(gb|WP_014711534)	33.766	154	100	2	6	158	20	172	1.02e-14	75.5
g1946.t1	VFG024344(gb|WP_014380027)	27.928	222	158	2	6	227	20	239	1.11e-14	75.5
g1946.t1	VFG024340(gb|WP_014941824)	33.987	153	99	2	7	158	21	172	1.31e-14	75.1
g1946.t1	VFG010320(gb|WP_009976609)	27.027	222	160	2	6	227	20	239	1.34e-14	75.1
g1946.t1	VFG010324(gb|WP_011778237)	25.886	367	253	8	12	377	23	371	1.49e-14	75.1
g1946.t1	VFG010321(gb|WP_011741506)	24.784	347	221	9	43	377	53	371	1.80e-14	74.7
g1946.t1	VFG010319(gb|WP_010949380)	26.577	222	161	2	6	227	20	239	4.19e-14	73.6
g1946.t1	VFG010429(gb|WP_003876027)	30.909	220	124	7	37	254	43	236	7.62e-14	72.4
g1946.t1	VFG010430(gb|WP_011723339)	30.909	220	124	7	37	254	43	236	8.12e-14	72.4
g1946.t1	VFG027788(gb|WP_015309482)	22.569	288	211	4	20	299	10	293	2.30e-13	71.6
g1946.t1	VFG024396(gb|WP_009955638)	30.000	220	126	7	37	254	43	236	2.94e-13	70.5
g1946.t1	VFG023121(gb|YP_001701749)	24.802	379	241	10	10	377	26	371	2.99e-13	70.9
g1946.t1	VFG024339(gb|WP_013470664)	24.523	367	258	8	12	377	23	371	3.22e-13	70.9
g1946.t1	VFG023113(gb|WP_041316681)	30.366	191	107	5	65	254	71	236	8.54e-13	69.3
g1946.t1	VFG027854(gb|WP_005066062)	25.066	379	240	10	10	377	26	371	1.48e-12	68.9
g1946.t1	VFG027867(gb|WP_015354008)	27.826	230	149	4	16	228	18	247	6.82e-12	66.6
g1946.t1	VFG023131(gb|WP_012392179)	27.826	230	149	4	16	228	18	247	7.46e-12	66.6
g1946.t1	VFG010329(gb|WP_011742394)	27.826	230	149	4	16	228	18	247	8.09e-12	66.2
g1946.t1	VFG010318(gb|WP_011778236)	25.203	246	160	4	9	251	8	232	2.21e-11	65.1
g1946.t1	VFG010313(gb|WP_003872182)	25.263	285	169	6	33	311	40	286	2.46e-11	65.1
g1946.t1	VFG010314(gb|WP_011724758)	29.289	239	148	8	33	255	36	269	4.96e-11	63.9
g1946.t1	VFG010322(gb|WP_011727449)	29.268	164	113	2	12	173	23	185	6.34e-11	63.9
g1946.t1	VFG010317(gb|WP_041800432)	24.528	265	174	3	4	242	1	265	1.69e-10	62.4
g1946.t1	VFG024334(gb|WP_008256269)	26.848	257	169	7	1	243	1	252	1.87e-10	62.4
g1946.t1	VFG024335(gb|WP_041297830)	28.000	225	144	6	33	243	32	252	1.99e-10	62.4
g1946.t1	VFG027852(gb|WP_020822418)	26.848	257	169	7	1	243	1	252	2.33e-10	62.0
g1946.t1	VFG024336(gb|WP_014382445)	26.848	257	169	7	1	243	1	252	2.60e-10	62.0
g1946.t1	VFG024337(gb|WP_014384591)	28.000	225	144	6	33	243	32	252	2.92e-10	61.6
g1946.t1	VFG024338(gb|WP_014380028)	26.848	257	169	7	1	243	1	252	3.42e-10	61.6
g1946.t1	VFG010302(gb|WP_029245094)	27.928	222	126	7	38	254	47	239	5.78e-10	60.5
g1946.t1	VFG010303(gb|WP_024636668)	27.928	222	126	7	38	254	47	239	6.38e-10	60.5
g1946.t1	VFG010147(gb|WP_011559063)	24.528	265	192	3	42	299	34	297	6.47e-10	60.8
g1946.t1	VFG010327(gb|WP_011742396)	26.693	251	147	7	12	254	15	236	6.76e-10	60.1
g1946.t1	VFG023118(gb|YP_001701750)	26.408	284	168	7	33	311	31	278	6.82e-10	60.5
g1946.t1	VFG027850(gb|WP_041927584)	26.408	284	168	7	33	311	31	278	7.32e-10	60.5
g1946.t1	VFG023127(gb|WP_012392177)	27.273	220	128	5	39	254	45	236	1.35e-09	59.3
g1946.t1	VFG027863(gb|WP_015354007)	30.882	136	91	1	39	174	45	177	1.42e-09	59.3
g1946.t1	VFG023128(gb|YP_001702436)	30.435	138	91	3	38	174	34	167	1.72e-09	58.9
g1946.t1	VFG023119(gb|WP_013827080)	25.214	234	151	3	33	242	19	252	1.91e-09	58.9
g1946.t1	VFG010310(gb|WP_003892514)	23.529	272	192	5	40	298	34	302	2.23e-09	58.9
g1946.t1	VFG010365(gb|WP_011561050)	23.443	273	195	5	41	302	34	303	2.32e-09	59.3
g1946.t1	VFG010257(gb|WP_011730877)	21.300	277	203	3	38	299	26	302	3.22e-09	58.5
g1946.t1	VFG010359(gb|WP_011723856)	22.593	270	194	5	41	299	36	301	4.24e-09	58.2
g1946.t1	VFG027862(gb|WP_025982897)	30.435	138	91	3	38	174	34	167	4.37e-09	57.8
g1946.t1	VFG010364(gb|WP_011856226)	23.077	273	196	5	41	302	34	303	5.17e-09	58.2
g1946.t1	VFG010260(gb|WP_041925168)	19.923	261	203	1	45	299	42	302	5.47e-09	57.8
g1946.t1	VFG024262(gb|WP_148280997)	23.203	306	205	6	7	298	7	296	5.60e-09	57.8
g1946.t1	VFG024363(gb|WP_009951822)	23.625	309	213	9	3	299	7	304	5.68e-09	57.8
g1946.t1	VFG010142(gb|WP_110881864)	23.529	306	204	6	7	298	7	296	5.75e-09	57.8
g1946.t1	VFG010017(gb|WP_011891617)	23.127	307	217	8	16	309	6	306	5.91e-09	57.4
g1946.t1	VFG024219(gb|WP_013470337)	23.127	307	217	8	16	309	6	306	6.12e-09	57.4
g1946.t1	VFG024322(gb|WP_043954803)	27.027	222	128	7	38	254	47	239	6.74e-09	57.4
g1946.t1	VFG027880(gb|WP_015308270)	23.975	317	197	10	6	299	3	298	7.72e-09	57.4
g1946.t1	VFG024264(gb|WP_136244918)	23.203	306	205	6	7	298	7	296	9.02e-09	57.0
g1946.t1	VFG027844(gb|WP_036455746)	27.602	221	126	7	39	254	48	239	9.39e-09	56.6
g1946.t1	VFG027419(gb|WP_041299899)	23.868	243	156	4	39	280	41	255	9.43e-09	57.0
g1946.t1	VFG010261(gb|WP_011561991)	19.923	261	203	1	45	299	36	296	9.85e-09	57.0
g1946.t1	VFG023000(gb|WP_036451768)	23.868	243	156	4	39	280	41	255	9.95e-09	57.0
g1946.t1	VFG010433(gb|WP_003876029)	25.287	261	171	5	6	242	5	265	1.03e-08	57.0
g1946.t1	VFG009985(gb|WP_071497540)	23.868	243	156	4	39	280	41	255	1.05e-08	56.6
g1946.t1	VFG010434(gb|WP_011723340)	25.287	261	171	5	6	242	5	265	1.29e-08	56.6
g1946.t1	VFG010315(gb|WP_011741505)	25.738	237	151	4	12	245	11	225	1.31e-08	56.6
g1946.t1	VFG024323(gb|WP_008256271)	27.149	221	127	7	39	254	48	239	1.48e-08	56.2
g1946.t1	VFG024325(gb|WP_029384402)	27.149	221	127	7	39	254	48	239	1.56e-08	56.2
g1946.t1	VFG027851(gb|WP_015356603)	25.738	237	151	4	12	245	11	225	1.60e-08	56.2
g1946.t1	VFG024324(gb|WP_026071590)	27.149	221	127	7	39	254	48	239	1.61e-08	55.8
g1946.t1	VFG023117(gb|WP_012395467)	24.793	242	157	4	7	245	6	225	3.56e-08	55.1
g1946.t1	VFG024266(gb|WP_009953718)	24.336	226	154	4	39	258	33	247	3.97e-08	55.1
g1946.t1	VFG024333(gb|WP_041788373)	22.047	254	195	1	8	258	1	254	4.11e-08	55.1
g1946.t1	VFG022981(gb|WP_014000086)	21.160	293	223	3	16	300	6	298	5.03e-08	54.3
g1946.t1	VFG010165(gb|WP_033722621)	24.336	226	154	4	39	258	33	247	5.42e-08	54.7
g1946.t1	VFG009939(gb|WP_003879091)	26.316	304	176	11	5	272	10	301	5.74e-08	54.7
g1946.t1	VFG010128(gb|WP_011778197)	22.407	241	180	2	1	241	1	234	8.68e-08	53.9
g1946.t1	VFG027348(gb|WP_015288828)	21.160	293	223	3	16	300	6	298	9.57e-08	53.5
g1946.t1	VFG010431(gb|WP_003876028)	23.693	287	189	7	29	298	28	301	1.13e-07	53.5
g1946.t1	VFG023138(gb|WP_012396246)	23.507	268	189	7	44	299	41	304	1.13e-07	53.9
g1946.t1	VFG027879(gb|WP_007168632)	22.259	301	208	7	10	299	13	298	1.50e-07	53.5
g1946.t1	VFG024327(gb|WP_013470662)	22.180	266	191	5	44	296	37	299	1.64e-07	53.1
g1946.t1	VFG023129(gb|WP_012392178)	22.034	236	162	5	45	261	37	269	1.78e-07	52.8
g1946.t1	VFG027414(gb|WP_015304143)	20.000	260	200	2	44	295	48	307	1.80e-07	53.1
g1946.t1	VFG009947(gb|NP_214684)	20.819	293	224	3	16	300	6	298	1.87e-07	52.8
g1946.t1	VFG009984(gb|WP_041323508)	23.497	183	139	1	39	220	46	228	1.95e-07	52.8
g1946.t1	VFG023094(gb|WP_014001771)	25.926	324	172	11	39	326	38	329	2.08e-07	52.8
g1946.t1	VFG023005(gb|WP_010908979)	23.497	183	139	1	39	220	50	232	2.27e-07	52.8
g1946.t1	VFG027767(gb|WP_005071294)	18.939	264	209	1	41	299	33	296	2.36e-07	52.8
g1946.t1	VFG010263(gb|NP_218012)	25.926	324	172	11	39	326	38	329	2.48e-07	52.4
g1946.t1	VFG010328(gb|WP_011742395)	22.458	236	161	5	45	261	37	269	2.63e-07	52.4
g1946.t1	VFG009941(gb|WP_011726388)	25.439	342	196	13	5	312	10	326	3.26e-07	52.4
g1946.t1	VFG024401(gb|WP_014378795)	24.739	287	186	8	29	298	28	301	3.32e-07	52.0
g1946.t1	VFG027349(gb|WP_015291942)	20.819	293	224	3	16	300	6	298	3.39e-07	52.0
g1946.t1	VFG027792(gb|WP_015291492)	25.926	324	172	11	39	326	38	329	3.82e-07	52.0
g1946.t1	VFG010122(gb|WP_014876746)	25.112	223	154	6	22	241	22	234	3.95e-07	52.0
g1946.t1	VFG009950(gb|WP_003401081)	20.819	293	224	3	16	300	6	298	3.95e-07	51.6
g1946.t1	VFG023085(gb|YP_001704877)	18.939	264	209	1	41	299	33	296	4.08e-07	52.0
g1946.t1	VFG024237(gb|WP_013470340)	21.941	237	173	2	39	263	42	278	5.36e-07	51.2
g1946.t1	VFG010053(gb|WP_011891614)	21.941	237	173	2	39	263	42	278	5.36e-07	51.2
g1946.t1	VFG024299(gb|WP_014710877)	26.214	309	190	9	39	326	38	329	6.05e-07	51.2
g1946.t1	VFG010154(gb|WP_041925127)	20.339	295	221	4	7	295	7	293	6.27e-07	51.2
g1946.t1	VFG009976(gb|WP_011726693)	19.068	236	179	2	38	261	36	271	7.59e-07	51.2
g1946.t1	VFG010408(gb|WP_011780069)	23.509	285	183	7	8	269	15	287	8.98e-07	50.8
g1946.t1	VFG027861(gb|WP_015354006)	23.462	260	179	6	6	258	10	256	9.01e-07	50.4
g1946.t1	VFG010054(gb|WP_011777463)	27.941	136	97	1	39	173	42	177	9.11e-07	50.8
g1946.t1	VFG010157(gb|WP_011558934)	23.443	273	183	4	41	297	33	295	1.17e-06	50.4
g1946.t1	VFG023126(gb|YP_001702435)	25.180	278	172	8	9	285	10	252	1.20e-06	50.1
g1946.t1	VFG027623(gb|WP_020787344)	22.924	301	193	9	6	278	7	296	1.27e-06	50.4
g1946.t1	VFG009942(gb|WP_024637630)	25.517	290	180	10	14	272	17	301	1.37e-06	50.4
g1946.t1	VFG027860(gb|WP_016342350)	25.180	278	172	8	9	285	10	252	1.43e-06	50.1
g1946.t1	VFG010156(gb|WP_011856588)	24.176	273	181	6	42	298	35	297	1.57e-06	50.1
g1946.t1	VFG010361(gb|WP_011893391)	21.533	274	193	5	41	299	34	300	1.62e-06	50.1
g1946.t1	VFG023047(gb|WP_012394583)	22.924	301	193	9	6	278	7	296	1.84e-06	49.7
g1946.t1	VFG024362(gb|WP_013471284)	21.739	299	209	7	16	299	12	300	2.07e-06	49.7
g1946.t1	VFG010405(gb|WP_003875939)	20.599	267	198	5	44	299	34	297	2.21e-06	49.7
g1946.t1	VFG024298(gb|WP_009955884)	24.503	302	204	7	39	326	38	329	2.26e-06	49.3
g1946.t1	VFG027643(gb|WP_015356677)	21.293	263	199	4	40	295	31	292	2.27e-06	49.7
g1946.t1	VFG010316(gb|WP_175048384)	22.267	247	188	2	15	258	1	246	2.63e-06	49.3
g1946.t1	VFG024321(gb|WP_013470661)	25.346	217	136	5	38	254	46	236	2.64e-06	49.3
g1946.t1	VFG010326(gb|WP_071497854)	24.419	258	179	7	6	258	10	256	2.76e-06	48.9
g1946.t1	VFG023052(gb|WP_012395643)	21.190	269	192	4	40	295	31	292	3.00e-06	49.3
g1946.t1	VFG010107(gb|WP_011781552)	21.605	324	228	7	8	324	8	312	3.12e-06	48.9
g1946.t1	VFG023125(gb|WP_012392176)	24.031	258	180	7	6	258	10	256	3.35e-06	48.9
g1946.t1	VFG010275(gb|WP_167535216)	28.662	157	105	3	39	188	38	194	3.37e-06	48.9
g1946.t1	VFG024263(gb|WP_014385055)	21.509	265	202	1	40	298	32	296	3.38e-06	48.9
g1946.t1	VFG010276(gb|WP_011561990)	28.662	157	105	3	39	188	44	200	3.72e-06	48.9
g1946.t1	VFG010123(gb|WP_011892991)	23.453	307	188	10	14	283	11	307	3.92e-06	48.9
g1946.t1	VFG010056(gb|WP_011557549)	25.088	283	162	10	68	328	72	326	3.96e-06	48.5
g1946.t1	VFG023057(gb|WP_014001038)	23.006	326	223	9	39	336	34	359	4.24e-06	48.5
g1946.t1	VFG023002(gb|WP_014000089)	25.758	132	97	1	43	173	52	183	4.32e-06	48.5
g1946.t1	VFG010055(gb|WP_011854204)	23.779	307	184	9	44	328	48	326	4.36e-06	48.5
g1946.t1	VFG009940(gb|WP_003878884)	26.054	261	160	8	42	272	40	297	4.48e-06	48.5
g1946.t1	VFG027847(gb|WP_015356602)	21.097	237	165	3	44	261	37	270	4.56e-06	48.5
g1946.t1	VFG010360(gb|WP_011730085)	21.923	260	190	5	49	298	40	296	5.66e-06	48.5
g1946.t1	VFG027678(gb|WP_198345110)	23.932	234	159	5	2	221	1	229	5.82e-06	48.1
g1946.t1	VFG023130(gb|YP_001702437)	20.376	319	229	6	41	337	32	347	5.87e-06	48.1
g1946.t1	VFG010258(gb|WP_011892456)	21.805	266	192	5	45	299	41	301	5.87e-06	48.1
g1946.t1	VFG010274(gb|WP_011857100)	28.662	157	105	3	39	188	44	200	6.20e-06	48.1
g1946.t1	VFG010120(gb|WP_023898581)	24.017	229	148	6	5	233	11	213	6.68e-06	48.1
g1946.t1	VFG024257(gb|WP_013471069)	23.453	307	188	10	14	283	11	307	6.94e-06	48.1
g1946.t1	VFG010271(gb|WP_014878485)	28.161	174	116	4	39	204	54	226	7.00e-06	48.1
g1946.t1	VFG027659(gb|WP_015303311)	23.006	326	223	9	39	336	34	359	7.13e-06	47.8
g1946.t1	VFG024267(gb|WP_167324046)	23.868	243	168	4	39	275	36	267	7.22e-06	47.8
g1946.t1	VFG010118(gb|WP_010949483)	24.017	229	148	6	5	233	11	213	7.29e-06	47.8
g1946.t1	VFG010144(gb|WP_011741596)	21.190	269	192	4	40	295	31	292	7.67e-06	47.8
g1946.t1	VFG010259(gb|WP_041307142)	20.000	265	202	3	43	299	39	301	7.77e-06	47.8
g1946.t1	VFG027535(gb|YP_005921904)	20.179	223	172	1	44	260	48	270	7.88e-06	48.1
g1946.t1	VFG022978(gb|WP_041316668)	28.472	144	91	5	59	193	63	203	7.96e-06	47.8
g1946.t1	VFG009982(gb|WP_003879093)	21.795	312	194	8	39	328	44	327	8.98e-06	47.8
g1946.t1	VFG010268(gb|WP_009974841)	26.524	328	165	14	39	326	38	329	9.02e-06	47.8
g1946.t1	VFG023114(gb|WP_012395466)	21.097	237	165	3	44	261	37	270	9.75e-06	47.4
g3442.t1	VFG010277(gb|NP_218011)	100.000	564	0	0	1	564	1	564	0.0	1118
g3442.t1	VFG027814(gb|WP_015303916)	99.823	564	1	0	1	564	1	564	0.0	1117
g3442.t1	VFG027816(gb|WP_015294450)	99.645	564	2	0	1	564	1	564	0.0	1116
g3442.t1	VFG027815(gb|WP_015291491)	99.291	564	4	0	1	564	1	564	0.0	1116
g3442.t1	VFG010280(gb|WP_010950902)	99.823	564	1	0	1	564	1	564	0.0	1116
g3442.t1	VFG027829(gb|YP_005924599)	99.563	458	2	0	1	458	1	458	0.0	911
g3442.t1	VFG023098(gb|WP_012396506)	83.865	564	87	1	1	564	1	560	0.0	849
g3442.t1	VFG027817(gb|WP_015357349)	83.688	564	88	1	1	564	1	560	0.0	847
g3442.t1	VFG010283(gb|WP_011741712)	83.156	564	91	1	1	564	1	560	0.0	843
g3442.t1	VFG024304(gb|WP_009955883)	80.977	573	100	1	1	564	1	573	0.0	806
g3442.t1	VFG024306(gb|WP_014379055)	80.803	573	101	1	1	564	1	573	0.0	806
g3442.t1	VFG024305(gb|WP_014710878)	80.803	573	101	1	1	564	1	573	0.0	805
g3442.t1	VFG027826(gb|YP_007959477)	89.217	575	43	6	1	564	1	567	0.0	794
g3442.t1	VFG010282(gb|WP_003877162)	85.880	432	61	0	1	432	1	432	0.0	759
g3442.t1	VFG010285(gb|WP_011892458)	61.538	572	205	6	1	564	1	565	0.0	651
g3442.t1	VFG024303(gb|WP_013470771)	61.364	572	206	6	1	564	1	565	0.0	649
g3442.t1	VFG010284(gb|WP_011730875)	70.776	438	128	0	1	438	1	438	0.0	649
g3442.t1	VFG027834(gb|WP_015309480)	60.951	589	196	3	1	563	1	581	0.0	640
g3442.t1	VFG010286(gb|WP_011782338)	67.580	438	142	0	1	438	1	438	0.0	616
g3442.t1	VFG023104(gb|WP_013830550)	56.379	580	221	3	1	563	1	565	0.0	613
g3442.t1	VFG010288(gb|WP_011561989)	65.982	438	149	0	1	438	1	438	0.0	601
g3442.t1	VFG010287(gb|WP_011857099)	65.982	438	149	0	1	438	1	438	0.0	596
g3442.t1	VFG023099(gb|YP_001704875)	65.268	429	149	0	2	430	1	429	0.0	580
g3442.t1	VFG027812(gb|WP_016343381)	65.035	429	150	0	2	430	1	429	0.0	578
g3442.t1	VFG010382(gb|WP_011561048)	41.809	409	232	3	1	406	1	406	7.39e-102	318
g3442.t1	VFG010381(gb|WP_011856224)	41.565	409	233	3	1	406	1	406	9.65e-102	318
g3442.t1	VFG024374(gb|WP_013471286)	41.320	409	234	3	1	406	1	406	2.58e-101	317
g3442.t1	VFG010378(gb|WP_011893393)	39.955	443	249	5	1	429	1	440	1.45e-100	315
g3442.t1	VFG010380(gb|WP_011781300)	38.936	470	271	8	1	461	1	463	3.86e-99	311
g3442.t1	VFG010377(gb|WP_011730083)	36.021	583	339	9	1	558	1	574	3.99e-98	309
g3442.t1	VFG024375(gb|WP_014941310)	39.168	457	264	4	1	444	1	456	9.96e-94	298
g3442.t1	VFG024377(gb|WP_014379204)	38.950	457	265	4	1	444	1	456	1.59e-93	297
g3442.t1	VFG024376(gb|WP_014711003)	38.950	457	265	4	1	444	1	456	1.59e-93	297
g3442.t1	VFG027886(gb|WP_015308268)	41.310	397	227	3	1	394	1	394	2.22e-93	296
g3442.t1	VFG010192(gb|WP_011892994)	40.686	408	235	5	2	403	3	409	3.86e-93	293
g3442.t1	VFG023140(gb|WP_012396244)	39.848	394	236	1	1	394	1	393	1.30e-92	294
g3442.t1	VFG023059(gb|WP_012394586)	41.220	410	231	6	2	403	3	410	3.65e-92	291
g3442.t1	VFG024269(gb|WP_013471072)	41.076	409	232	6	2	403	3	409	4.69e-92	290
g3442.t1	VFG027684(gb|WP_015356679)	42.092	411	225	7	2	403	3	409	7.06e-92	290
g3442.t1	VFG010190(gb|WP_011741598)	42.092	411	225	7	2	403	3	409	7.06e-92	290
g3442.t1	VFG010376(gb|WP_011723857)	37.908	459	271	3	1	446	1	458	8.46e-92	293
g3442.t1	VFG010375(gb|WP_003872967)	37.908	459	271	3	1	446	1	458	8.68e-92	293
g3442.t1	VFG027885(gb|WP_015632692)	37.908	459	271	3	1	446	1	458	1.61e-91	292
g3442.t1	VFG027884(gb|WP_020821652)	41.519	395	230	1	1	395	1	394	1.07e-89	286
g3442.t1	VFG010422(gb|WP_011557707)	39.312	407	245	2	1	406	1	406	1.35e-89	285
g3442.t1	VFG010065(gb|WP_011891613)	36.940	536	294	11	1	525	1	503	1.95e-89	285
g3442.t1	VFG024385(gb|WP_041785566)	37.474	475	279	6	1	462	1	470	2.81e-89	285
g3442.t1	VFG024243(gb|WP_013470341)	37.548	522	282	11	1	511	1	489	2.95e-89	284
g3442.t1	VFG010189(gb|WP_023861410)	39.002	441	247	9	2	431	4	433	9.97e-89	282
g3442.t1	VFG010067(gb|WP_011854205)	40.594	404	233	5	1	403	1	398	1.03e-88	283
g3442.t1	VFG024245(gb|WP_008261958)	37.209	473	267	8	1	471	1	445	1.80e-88	282
g3442.t1	VFG024244(gb|WP_014381454)	36.998	473	268	8	1	471	1	445	7.24e-88	281
g3442.t1	VFG027697(gb|WP_015308477)	39.461	408	237	7	4	403	5	410	8.45e-88	280
g3442.t1	VFG010187(gb|WP_003872483)	38.776	441	248	9	2	431	4	433	9.93e-88	279
g3442.t1	VFG010068(gb|WP_011557550)	40.347	404	234	5	1	403	1	398	1.53e-87	280
g3442.t1	VFG009994(gb|WP_010908980)	37.556	450	269	5	1	443	1	445	2.67e-87	279
g3442.t1	VFG027892(gb|WP_003878362)	39.394	396	237	3	1	395	1	394	3.27e-87	279
g3442.t1	VFG010066(gb|WP_011777464)	37.165	522	284	11	1	511	1	489	3.45e-87	279
g3442.t1	VFG027680(gb|WP_015303312)	40.092	434	250	6	4	429	6	437	3.61e-87	276
g3442.t1	VFG010195(gb|WP_011777689)	40.389	411	231	7	2	403	3	408	4.23e-87	278
g3442.t1	VFG010421(gb|WP_011895375)	39.747	395	236	2	1	394	1	394	5.03e-87	278
g3442.t1	VFG010197(gb|WP_011778200)	39.269	438	247	6	2	431	3	429	6.16e-87	278
g3442.t1	VFG010186(gb|WP_003899108)	39.862	434	251	6	4	429	6	437	1.61e-86	275
g3442.t1	VFG010419(gb|WP_010949511)	39.141	396	238	3	1	395	1	394	1.77e-86	277
g3442.t1	VFG027681(gb|WP_015290291)	39.631	434	252	6	4	429	6	437	3.08e-86	274
g3442.t1	VFG010184(gb|NP_216487)	39.862	434	251	6	4	429	6	437	3.57e-86	274
g3442.t1	VFG027686(gb|YP_007961850)	39.862	434	251	6	4	429	6	437	2.05e-85	271
g3442.t1	VFG027693(gb|YP_005923201)	39.631	434	252	6	4	429	6	437	2.92e-85	271
g3442.t1	VFG017526(gb|WP_009937691)	39.631	434	252	6	4	429	6	437	3.65e-85	271
g3442.t1	VFG009993(gb|WP_041160744)	37.871	404	245	4	1	403	1	399	4.09e-85	273
g3442.t1	VFG010420(gb|WP_011728632)	36.761	457	282	4	1	452	1	455	4.32e-85	273
g3442.t1	VFG010191(gb|WP_011726871)	38.793	464	266	9	1	452	1	458	5.57e-85	272
g3442.t1	VFG009992(gb|WP_003874126)	37.871	404	245	4	1	403	1	399	6.39e-85	273
g3442.t1	VFG010196(gb|WP_011781134)	40.244	410	235	6	2	403	3	410	6.60e-85	272
g3442.t1	VFG009996(gb|WP_011726695)	38.958	403	240	4	1	403	2	398	1.04e-84	272
g3442.t1	VFG010379(gb|WP_011895013)	37.226	411	247	4	1	406	1	405	1.64e-84	271
g3442.t1	VFG027459(gb|WP_015304145)	36.756	487	272	9	1	458	1	480	2.63e-84	271
g3442.t1	VFG027695(gb|WP_015695554)	39.401	434	253	6	4	429	6	437	4.96e-84	268
g3442.t1	VFG027683(gb|WP_015355627)	40.723	415	231	8	2	403	3	415	1.80e-83	268
g3442.t1	VFG010203(gb|WP_011558936)	38.072	415	239	7	1	403	1	409	1.09e-82	266
g3442.t1	VFG010194(gb|WP_011559065)	38.929	411	240	8	2	403	3	411	4.81e-82	265
g3442.t1	VFG010193(gb|WP_011891583)	38.929	411	240	8	2	403	3	411	5.18e-82	264
g3442.t1	VFG027561(gb|WP_015289171)	33.096	562	322	12	1	558	1	512	7.20e-81	262
g3442.t1	VFG023009(gb|WP_014000090)	37.821	468	262	7	1	463	1	444	8.49e-81	262
g3442.t1	VFG027560(gb|WP_015302613)	33.096	562	322	12	1	558	1	512	2.64e-80	261
g3442.t1	VFG009989(gb|WP_003401091)	37.607	468	263	7	1	463	1	444	3.81e-80	260
g3442.t1	VFG024271(gb|WP_041785023)	36.983	411	249	7	1	403	2	410	4.08e-80	259
g3442.t1	VFG027438(gb|WP_015302428)	37.607	468	263	7	1	463	1	444	5.01e-80	260
g3442.t1	VFG010200(gb|WP_011856568)	37.647	425	248	8	2	416	3	420	7.57e-80	259
g3442.t1	VFG027562(gb|WP_015292291)	32.918	562	323	12	1	558	1	512	8.82e-80	259
g3442.t1	VFG027446(gb|WP_014585015)	37.393	468	264	7	1	463	1	444	1.19e-79	259
g3442.t1	VFG010188(gb|WP_011724860)	38.889	414	235	9	2	403	4	411	3.51e-79	257
g3442.t1	VFG009987(gb|NP_214688)	37.393	468	264	7	1	463	1	444	8.77e-79	257
g3442.t1	VFG024270(gb|WP_009953720)	38.647	414	236	9	2	403	4	411	1.85e-78	255
g3442.t1	VFG027450(gb|YP_007956379)	36.364	473	274	6	1	473	1	446	6.65e-78	253
g3442.t1	VFG023013(gb|WP_013827071)	36.038	419	246	6	1	403	1	413	8.81e-78	254
g3442.t1	VFG027565(gb|WP_003905349)	33.274	562	321	12	1	558	1	512	2.18e-77	253
g3442.t1	VFG010058(gb|NP_215108)	33.274	562	321	12	1	558	1	512	2.18e-77	253
g3442.t1	VFG009995(gb|WP_011739283)	34.944	538	303	9	1	536	1	493	2.30e-77	253
g3442.t1	VFG027570(gb|YP_007956777)	32.799	561	325	11	1	558	1	512	4.80e-77	252
g3442.t1	VFG023007(gb|WP_012392396)	34.944	538	303	9	1	536	1	493	5.70e-77	252
g3442.t1	VFG027574(gb|YP_005921906)	35.518	473	277	7	1	472	16	461	1.11e-76	251
g3442.t1	VFG010198(gb|WP_011781548)	37.317	410	246	7	2	403	3	409	1.36e-76	250
g3442.t1	VFG023036(gb|WP_014000319)	33.096	562	322	12	1	558	1	512	1.89e-76	251
g3442.t1	VFG010202(gb|WP_011856586)	38.795	415	234	10	2	403	3	410	2.13e-75	247
g3442.t1	VFG010199(gb|WP_011781751)	37.825	423	240	7	2	403	3	423	2.35e-75	247
g3442.t1	VFG010064(gb|WP_024637634)	34.735	452	279	4	1	443	1	445	2.80e-70	234
g3442.t1	VFG010063(gb|WP_003879393)	34.152	448	270	4	1	427	1	444	1.53e-69	232
g3442.t1	VFG010323(gb|WP_011891009)	26.471	306	212	6	10	311	23	319	1.17e-21	97.4
g3442.t1	VFG027869(gb|WP_015354009)	26.146	371	247	11	5	370	19	367	5.69e-21	95.5
g3442.t1	VFG010330(gb|WP_011742393)	26.146	371	247	11	5	370	19	367	5.74e-21	95.5
g3442.t1	VFG023133(gb|WP_012392180)	26.146	371	247	11	5	370	19	367	7.09e-21	95.1
g3442.t1	VFG010324(gb|WP_011778237)	26.882	372	238	12	10	370	23	371	3.01e-20	93.2
g3442.t1	VFG010322(gb|WP_011727449)	23.762	303	226	3	10	311	23	321	4.10e-18	86.7
g3442.t1	VFG023134(gb|YP_001702439)	24.377	361	253	9	12	370	12	354	2.52e-17	84.0
g3442.t1	VFG010319(gb|WP_010949380)	23.014	365	267	8	7	370	23	374	5.18e-17	83.2
g3442.t1	VFG010320(gb|WP_009976609)	23.014	365	267	8	7	370	23	374	7.04e-17	82.8
g3442.t1	VFG027856(gb|WP_020822417)	22.951	366	266	8	7	370	23	374	2.04e-16	81.6
g3442.t1	VFG010338(gb|WP_011561053)	27.500	240	167	4	51	285	47	284	2.10e-16	81.3
g3442.t1	VFG024342(gb|WP_009953398)	22.678	366	267	8	7	370	23	374	4.11e-16	80.5
g3442.t1	VFG027872(gb|WP_015308273)	30.726	179	119	3	48	223	76	252	4.72e-16	80.5
g3442.t1	VFG024344(gb|WP_014380027)	22.678	366	267	8	7	370	23	374	5.24e-16	80.1
g3442.t1	VFG024341(gb|WP_014711534)	22.678	366	267	8	7	370	23	374	6.55e-16	80.1
g3442.t1	VFG024343(gb|WP_014384590)	22.678	366	267	8	7	370	23	374	7.04e-16	79.7
g3442.t1	VFG010337(gb|WP_011856229)	27.083	240	168	4	51	285	47	284	9.26e-16	79.3
g3442.t1	VFG027855(gb|WP_015356604)	26.099	364	237	12	18	370	29	371	2.35e-15	78.2
g3442.t1	VFG024339(gb|WP_013470664)	21.523	302	232	3	10	311	23	319	5.70e-15	77.0
g3442.t1	VFG024340(gb|WP_014941824)	22.404	366	268	8	7	370	23	374	6.17e-15	77.0
g3442.t1	VFG027868(gb|WP_016342354)	24.551	334	236	8	39	370	35	354	8.85e-15	76.3
g3442.t1	VFG010321(gb|WP_011741506)	25.824	364	238	12	18	370	29	371	1.37e-14	75.9
g3442.t1	VFG024380(gb|WP_014384490)	26.619	278	192	6	15	285	38	310	1.61e-14	75.9
g3442.t1	VFG023120(gb|WP_012395468)	26.374	364	236	13	18	370	29	371	2.73e-14	75.1
g3442.t1	VFG024411(gb|WP_014381598)	24.682	393	251	13	1	370	1	371	2.85e-14	74.7
g3442.t1	VFG010436(gb|WP_011723341)	24.412	340	229	10	39	370	52	371	5.01e-14	73.9
g3442.t1	VFG024415(gb|WP_014378797)	24.427	393	252	13	1	370	1	371	1.14e-13	73.2
g3442.t1	VFG010435(gb|WP_010948739)	24.412	340	229	10	39	370	52	371	2.14e-13	72.0
g3442.t1	VFG023121(gb|YP_001701749)	24.798	371	253	13	7	370	20	371	5.18e-13	70.9
g3442.t1	VFG010384(gb|WP_003875942)	25.296	253	181	5	39	285	57	307	4.10e-12	68.2
g3442.t1	VFG027854(gb|WP_005066062)	24.528	371	254	13	7	370	20	371	4.65e-12	68.2
g3442.t1	VFG023135(gb|WP_012396249)	24.545	220	161	3	48	264	76	293	7.91e-12	67.4
g3442.t1	VFG027701(gb|WP_015291496)	26.009	223	148	4	48	263	50	262	1.92e-11	65.9
g3442.t1	VFG010084(gb|WP_011781553)	25.114	219	160	2	56	272	59	275	2.25e-11	66.2
g3442.t1	VFG010076(gb|WP_011741593)	24.034	233	145	5	52	279	53	258	3.72e-11	65.5
g3442.t1	VFG023122(gb|WP_013827079)	21.782	303	222	5	13	311	28	319	6.07e-11	64.3
g3442.t1	VFG027870(gb|WP_081656308)	28.676	136	90	4	51	181	77	210	1.85e-10	63.2
g3442.t1	VFG027583(gb|WP_015356674)	25.683	183	129	2	48	225	49	229	1.90e-10	63.2
g3442.t1	VFG010075(gb|WP_009976297)	24.675	154	112	2	48	199	61	212	2.08e-10	62.8
g3442.t1	VFG010073(gb|WP_003878304)	24.675	154	112	2	48	199	61	212	2.39e-10	62.8
g3442.t1	VFG027708(gb|WP_014585416)	25.112	223	150	4	48	263	50	262	2.70e-10	62.4
g3442.t1	VFG024250(gb|WP_080552511)	27.727	220	146	5	2	218	12	221	2.91e-10	62.4
g3442.t1	VFG010207(gb|YP_177977)	25.112	223	150	4	48	263	50	262	3.37e-10	62.0
g3442.t1	VFG023040(gb|WP_012395640)	25.683	183	129	2	48	225	49	229	3.85e-10	62.4
g3442.t1	VFG027580(gb|WP_015290287)	27.128	188	126	4	10	192	17	198	4.03e-10	62.0
g3442.t1	VFG027702(gb|WP_015294453)	24.664	223	151	4	48	263	50	262	4.43e-10	61.6
g3442.t1	VFG027585(gb|YP_007961843)	25.837	209	137	5	6	202	4	206	8.86e-10	61.2
g3442.t1	VFG010336(gb|WP_011781305)	25.909	220	153	5	51	264	77	292	1.15e-09	60.5
g3442.t1	VFG010332(gb|WP_009975065)	26.267	217	155	3	48	261	71	285	1.23e-09	60.5
g3442.t1	VFG027700(gb|WP_015303918)	25.112	223	150	4	48	263	50	262	1.29e-09	60.1
g3442.t1	VFG027579(gb|WP_015303307)	26.562	192	130	4	6	192	13	198	1.31e-09	60.5
g3442.t1	VFG027590(gb|YP_007958022)	26.562	192	130	4	6	192	13	198	1.39e-09	60.1
g3442.t1	VFG027584(gb|WP_003901299)	26.562	192	130	4	6	192	13	198	1.66e-09	60.1
g3442.t1	VFG010070(gb|YP_177852)	26.562	192	130	4	6	192	13	198	1.81e-09	60.1
g3442.t1	VFG010334(gb|WP_011893388)	24.896	241	171	5	51	285	47	283	1.87e-09	59.7
g3442.t1	VFG010078(gb|WP_011892989)	22.826	276	196	6	20	283	12	282	2.09e-09	60.1
g3442.t1	VFG010331(gb|WP_003872972)	33.083	133	82	4	51	178	72	202	2.21e-09	59.7
g3442.t1	VFG027581(gb|WP_015293319)	26.562	192	130	4	6	192	13	198	2.62e-09	59.3
g3442.t1	VFG010081(gb|WP_011777684)	24.790	238	172	4	48	283	51	283	2.67e-09	59.3
g3442.t1	VFG023041(gb|WP_014001034)	26.596	188	127	4	10	192	17	198	3.07e-09	59.3
g3442.t1	VFG010219(gb|WP_011561994)	25.000	160	116	2	48	205	50	207	4.10e-09	58.5
g3442.t1	VFG010333(gb|WP_011730089)	25.551	227	161	5	51	272	77	300	4.84e-09	58.5
g3442.t1	VFG027597(gb|WP_015308482)	25.287	174	126	2	52	223	55	226	4.99e-09	58.5
g3442.t1	VFG010212(gb|WP_003875720)	24.898	245	174	5	14	251	16	257	6.49e-09	58.2
g3442.t1	VFG010213(gb|WP_031348126)	24.898	245	174	5	14	251	16	257	8.46e-09	57.8
g3442.t1	VFG009986(gb|WP_003891470)	26.293	232	154	4	52	276	58	279	9.49e-09	57.4
g3442.t1	VFG010218(gb|WP_011857104)	21.860	215	153	3	48	260	50	251	1.11e-08	57.4
g3442.t1	VFG010039(gb|WP_010950231)	22.059	272	196	4	18	277	19	286	1.23e-08	57.4
g3442.t1	VFG027538(gb|WP_003873594)	22.059	272	196	4	18	277	19	286	1.36e-08	57.4
g3442.t1	VFG027663(gb|WP_015356678)	27.559	254	149	8	38	287	46	268	1.44e-08	57.0
g3442.t1	VFG010359(gb|WP_011723856)	23.881	268	186	6	38	293	36	297	1.56e-08	57.0
g3442.t1	VFG023039(gb|WP_012394581)	22.951	244	164	5	11	252	22	243	1.64e-08	57.0
g3442.t1	VFG010167(gb|WP_071498041)	28.346	254	147	9	38	287	46	268	1.81e-08	56.6
g3442.t1	VFG009984(gb|WP_041323508)	24.675	154	116	0	55	208	65	218	1.85e-08	56.6
g3442.t1	VFG010215(gb|WP_003897298)	24.299	214	158	2	14	225	16	227	2.04e-08	56.6
g3442.t1	VFG010089(gb|WP_011558931)	23.645	203	132	5	11	202	22	212	2.05e-08	56.6
g3442.t1	VFG023005(gb|WP_010908979)	24.675	154	116	0	55	208	69	222	2.06e-08	56.6
g3442.t1	VFG010083(gb|WP_011778195)	27.007	137	96	2	57	191	58	192	2.16e-08	56.6
g3442.t1	VFG023056(gb|WP_012395644)	27.559	254	149	8	38	287	46	268	2.40e-08	56.2
g3442.t1	VFG024347(gb|WP_009951819)	31.343	134	87	3	48	178	35	166	2.89e-08	55.8
g3442.t1	VFG010214(gb|WP_011741717)	23.256	215	150	3	48	260	50	251	3.14e-08	55.8
g3442.t1	VFG022974(gb|WP_014000085)	25.926	189	128	4	23	203	29	213	3.32e-08	55.8
g3442.t1	VFG010051(gb|WP_010950232)	24.051	158	120	0	51	208	55	212	3.48e-08	55.8
g3442.t1	VFG027703(gb|WP_015357353)	23.256	215	150	3	48	260	50	251	3.68e-08	55.8
g3442.t1	VFG010052(gb|WP_042791545)	23.967	242	160	3	51	271	55	293	3.74e-08	55.5
g3442.t1	VFG023063(gb|WP_012396511)	23.581	229	168	3	48	274	50	273	3.88e-08	55.5
g3442.t1	VFG027326(gb|WP_015291941)	25.926	189	128	4	23	203	29	213	4.09e-08	55.8
g3442.t1	VFG027582(gb|WP_015355622)	22.951	244	164	5	11	252	22	243	4.19e-08	55.8
g3442.t1	VFG023069(gb|WP_193374397)	22.490	249	178	3	14	260	17	252	4.68e-08	55.5
g3442.t1	VFG024346(gb|WP_014383866)	30.597	134	88	3	48	178	35	166	4.70e-08	55.5
g3442.t1	VFG024345(gb|WP_014941309)	30.597	134	88	3	48	178	35	166	4.74e-08	55.5
g3442.t1	VFG010040(gb|WP_011726116)	21.691	272	197	4	18	277	19	286	5.03e-08	55.5
g3442.t1	VFG027880(gb|WP_015308270)	23.856	306	204	9	5	297	9	298	5.06e-08	55.5
g3442.t1	VFG024276(gb|WP_026071453)	25.926	189	134	4	14	199	16	201	5.14e-08	55.1
g3442.t1	VFG024275(gb|WP_014710875)	22.800	250	176	5	14	260	16	251	5.28e-08	55.1
g3442.t1	VFG024274(gb|WP_008263744)	22.800	250	176	5	14	260	16	251	5.61e-08	55.1
g3442.t1	VFG027324(gb|WP_015302426)	23.707	232	165	4	23	246	29	256	6.34e-08	55.1
g3442.t1	VFG010274(gb|WP_011857100)	27.309	249	148	8	29	267	35	260	8.22e-08	54.7
g3442.t1	VFG010077(gb|WP_011726866)	22.727	220	154	4	14	223	13	226	8.75e-08	54.7
g3442.t1	VFG022973(gb|WP_003401078)	24.402	209	146	4	23	223	29	233	8.75e-08	54.7
g3442.t1	VFG010082(gb|WP_011781139)	23.182	220	156	4	8	224	18	227	9.21e-08	54.7
g3442.t1	VFG010087(gb|WP_011559060)	28.261	138	96	2	55	191	58	193	9.96e-08	54.3
g3442.t1	VFG010079(gb|WP_011777810)	28.261	138	96	2	55	191	58	193	1.03e-07	54.3
g3442.t1	VFG009934(gb|YP_177701)	25.258	194	123	5	23	203	29	213	1.09e-07	54.3
g3442.t1	VFG027339(gb|YP_005358917)	25.397	189	129	4	23	203	29	213	1.14e-07	54.3
g3442.t1	VFG009937(gb|WP_010950357)	25.397	189	129	4	23	203	29	213	1.17e-07	54.3
g3442.t1	VFG023064(gb|YP_001704880)	22.707	229	170	3	48	274	49	272	1.36e-07	53.9
g3442.t1	VFG010085(gb|WP_011781756)	21.300	277	195	7	19	283	15	280	1.41e-07	53.9
g3442.t1	VFG024240(gb|WP_014381455)	25.974	154	114	0	55	208	60	213	1.52e-07	53.5
g3442.t1	VFG010290(gb|WP_003872178)	26.132	287	185	10	12	274	17	300	1.62e-07	53.9
g3442.t1	VFG024239(gb|WP_008261959)	25.974	154	114	0	55	208	60	213	1.65e-07	53.5
g3442.t1	VFG022978(gb|WP_041316668)	26.712	146	94	4	58	195	65	205	1.69e-07	53.5
g3442.t1	VFG024238(gb|WP_009955415)	25.974	154	114	0	55	208	60	213	1.76e-07	53.5
g3442.t1	VFG023119(gb|WP_013827080)	27.907	172	120	3	35	203	24	194	1.76e-07	53.5
g3442.t1	VFG009945(gb|WP_011739278)	24.742	194	138	4	16	203	22	213	1.83e-07	53.5
g3442.t1	VFG027434(gb|WP_036455308)	25.974	154	114	0	55	208	60	213	2.17e-07	53.1
g3442.t1	VFG022972(gb|WP_012392391)	24.227	194	139	4	16	203	22	213	2.24e-07	53.1
g3442.t1	VFG010386(gb|WP_011895380)	27.612	134	92	2	48	178	46	177	2.26e-07	53.1
g3442.t1	VFG027327(gb|WP_015354179)	24.227	194	139	4	16	203	22	213	2.30e-07	53.1
g3442.t1	VFG027436(gb|WP_015304144)	26.316	228	160	5	51	276	59	280	2.45e-07	53.1
g3442.t1	VFG027336(gb|YP_007956374)	24.227	194	125	5	23	203	29	213	2.90e-07	52.4
g3442.t1	VFG024334(gb|WP_008256269)	24.051	316	196	8	35	344	37	314	3.04e-07	52.8
g3442.t1	VFG009942(gb|WP_024637630)	23.858	197	141	3	12	201	17	211	3.44e-07	52.8
g3442.t1	VFG024363(gb|WP_009951822)	22.794	272	192	6	37	296	38	303	3.53e-07	52.8
g3442.t1	VFG010054(gb|WP_011777463)	25.110	227	163	4	52	276	58	279	3.96e-07	52.4
g3442.t1	VFG024335(gb|WP_041297830)	23.932	351	222	9	1	344	2	314	3.99e-07	52.4
g3442.t1	VFG010275(gb|WP_167535216)	26.908	249	149	8	29	267	29	254	4.04e-07	52.4
g3442.t1	VFG009982(gb|WP_003879093)	24.675	154	116	0	55	208	63	216	4.05e-07	52.4
g3442.t1	VFG010291(gb|WP_009976616)	25.784	287	186	10	12	274	17	300	4.40e-07	52.8
g3442.t1	VFG024336(gb|WP_014382445)	23.734	316	197	8	35	344	37	314	4.51e-07	52.4
g3442.t1	VFG023000(gb|WP_036451768)	23.121	173	133	0	36	208	41	213	4.70e-07	52.0
g3442.t1	VFG024337(gb|WP_014384591)	23.734	316	197	8	35	344	37	314	4.76e-07	52.4
g3442.t1	VFG009946(gb|WP_011726690)	22.280	193	142	3	15	201	25	215	5.01e-07	52.0
g3442.t1	VFG027852(gb|WP_020822418)	23.734	316	197	8	35	344	37	314	5.10e-07	52.0
g3442.t1	VFG009985(gb|WP_071497540)	23.121	173	133	0	36	208	41	213	5.23e-07	52.0
g3442.t1	VFG027419(gb|WP_041299899)	23.121	173	133	0	36	208	41	213	5.56e-07	52.0
g3442.t1	VFG010074(gb|WP_033722620)	34.821	112	60	4	56	155	59	169	5.86e-07	52.0
g3442.t1	VFG010276(gb|WP_011561990)	26.908	249	149	8	29	267	35	260	5.94e-07	52.0
g3442.t1	VFG027698(gb|WP_005062254)	22.707	229	170	3	48	274	49	272	6.05e-07	52.0
g3442.t1	VFG024251(gb|WP_014385058)	24.000	225	143	6	56	279	59	256	6.13e-07	52.0
g3442.t1	VFG010260(gb|WP_041925168)	23.469	294	199	7	13	293	18	298	6.67e-07	52.0
g3442.t1	VFG010272(gb|WP_011892457)	27.711	249	147	8	29	267	26	251	6.68e-07	51.6
g3442.t1	VFG010387(gb|WP_011780066)	25.166	151	108	3	48	195	48	196	7.63e-07	51.6
g3442.t1	VFG024298(gb|WP_009955884)	26.071	280	172	8	29	295	29	286	7.92e-07	51.6
g3442.t1	VFG010154(gb|WP_041925127)	21.824	307	222	6	5	300	1	300	8.43e-07	51.6
g3442.t1	VFG027788(gb|WP_015309482)	23.051	295	209	7	13	297	7	293	8.65e-07	51.6
g3442.t1	VFG024299(gb|WP_014710877)	26.071	280	172	8	29	295	29	286	9.61e-07	51.2
g3442.t1	VFG009976(gb|WP_011726693)	23.894	226	153	4	35	245	36	257	9.94e-07	51.6
g3442.t1	VFG010216(gb|WP_011892453)	22.222	171	129	2	55	223	57	225	1.06e-06	51.2
g3442.t1	VFG027678(gb|WP_198345110)	24.731	279	178	6	29	298	25	280	1.21e-06	50.8
g3442.t1	VFG010086(gb|WP_011856573)	22.831	219	156	5	8	223	18	226	1.26e-06	51.2
g3442.t1	VFG027720(gb|WP_015309485)	26.829	164	100	5	48	208	46	192	1.30e-06	50.8
g3442.t1	VFG024338(gb|WP_014380028)	23.418	316	198	8	35	344	37	314	1.32e-06	50.8
g3442.t1	VFG024219(gb|WP_013470337)	23.127	307	222	7	8	309	8	305	1.34e-06	50.4
g3442.t1	VFG027879(gb|WP_007168632)	22.015	268	191	6	42	297	37	298	1.36e-06	50.8
g3442.t1	VFG009954(gb|WP_010908976)	31.356	118	74	4	8	122	8	121	1.48e-06	50.4
g3442.t1	VFG010257(gb|WP_011730877)	23.693	287	181	9	33	293	24	298	1.63e-06	50.4
g3442.t1	VFG024237(gb|WP_013470340)	23.246	228	168	4	51	276	57	279	2.34e-06	50.1
g3442.t1	VFG010053(gb|WP_011891614)	23.246	228	168	4	51	276	57	279	2.44e-06	50.1
g3442.t1	VFG010434(gb|WP_011723340)	26.122	245	157	7	35	270	37	266	2.58e-06	50.1
g3442.t1	VFG010433(gb|WP_003876029)	27.368	190	131	4	35	218	37	225	2.82e-06	49.7
g3442.t1	VFG027479(gb|WP_003873597)	26.012	173	116	5	48	210	53	223	2.86e-06	49.7
g3442.t1	VFG010395(gb|WP_011557703)	23.611	288	200	8	8	288	9	283	2.88e-06	49.7
g3442.t1	VFG024217(gb|WP_014386032)	24.675	154	108	2	56	203	62	213	2.93e-06	49.7
g3442.t1	VFG009952(gb|WP_003874130)	31.092	119	73	4	8	122	8	121	3.04e-06	49.3
g3442.t1	VFG024225(gb|WP_013470338)	25.207	242	129	8	7	246	9	200	3.20e-06	49.7
g3442.t1	VFG010147(gb|WP_011559063)	22.000	450	288	13	1	432	1	405	3.26e-06	49.7
g3442.t1	VFG009939(gb|WP_003879091)	24.121	199	142	3	9	201	16	211	3.57e-06	49.7
g3442.t1	VFG010261(gb|WP_011561991)	23.129	294	200	7	13	293	12	292	3.58e-06	49.7
g3442.t1	VFG010005(gb|WP_011891618)	21.354	192	143	2	14	199	18	207	3.59e-06	49.3
g3442.t1	VFG024406(gb|WP_014378796)	27.907	172	120	3	35	203	37	207	3.73e-06	49.3
g3442.t1	VFG024213(gb|WP_013470336)	21.354	192	143	2	14	199	18	207	3.82e-06	49.3
g3442.t1	VFG010017(gb|WP_011891617)	22.801	307	223	7	8	309	8	305	3.88e-06	48.9
g3442.t1	VFG024216(gb|WP_014381457)	24.675	154	108	2	56	203	62	213	3.90e-06	49.3
g3442.t1	VFG024214(gb|WP_008261963)	24.675	154	108	2	56	203	62	213	4.00e-06	49.3
g3442.t1	VFG027343(gb|WP_020823822)	24.675	154	108	2	56	203	62	213	4.41e-06	49.3
g3442.t1	VFG010015(gb|WP_003873596)	23.810	231	167	4	14	237	7	235	4.59e-06	48.9
g3442.t1	VFG010122(gb|WP_014876746)	22.441	254	168	5	10	245	12	254	4.83e-06	48.9
g3442.t1	VFG010006(gb|WP_011777459)	25.352	213	138	6	4	205	17	219	5.00e-06	48.9
g3442.t1	VFG027863(gb|WP_015354007)	33.684	95	63	0	19	113	28	122	5.01e-06	48.9
g3442.t1	VFG023131(gb|WP_012392179)	24.762	210	151	4	1	203	1	210	5.35e-06	48.9
g3442.t1	VFG010016(gb|WP_011726117)	23.810	231	167	4	14	237	7	235	5.53e-06	48.5
g3442.t1	VFG027867(gb|WP_015354008)	24.762	210	151	4	1	203	1	210	5.64e-06	48.5
g3442.t1	VFG010029(gb|WP_011891616)	25.207	242	129	8	7	246	9	200	5.83e-06	48.9
g3442.t1	VFG010327(gb|WP_011742396)	33.684	95	63	0	19	113	28	122	5.87e-06	48.5
g3442.t1	VFG024273(gb|WP_013470767)	21.637	171	130	2	55	223	57	225	6.39e-06	48.5
g3442.t1	VFG009941(gb|WP_011726388)	25.000	208	115	5	56	256	62	235	6.57e-06	48.5
g3442.t1	VFG023117(gb|WP_012395467)	27.907	172	119	4	31	198	31	201	7.70e-06	48.5
g3442.t1	VFG024313(gb|WP_014384594)	25.260	289	189	10	12	274	17	304	8.13e-06	48.5
g3442.t1	VFG010313(gb|WP_003872182)	25.989	177	123	2	35	203	45	221	8.17e-06	48.1
g3442.t1	VFG010315(gb|WP_011741505)	27.907	172	119	4	31	198	31	201	8.48e-06	48.1
g3442.t1	VFG010088(gb|WP_011856591)	28.866	97	62	2	58	147	59	155	9.10e-06	48.1
g3442.t1	VFG027851(gb|WP_015356603)	27.907	172	119	4	31	198	31	201	9.17e-06	48.1
g3442.t1	VFG010174(gb|WP_011778199)	22.925	253	166	4	36	287	40	264	9.67e-06	48.1
g3442.t1	VFG024221(gb|WP_008261962)	30.508	118	73	4	9	122	9	121	9.73e-06	47.8
