g2530.t1	VFG037709(gb|WP_000010642)	48.276	348	173	2	39	384	46	388	5.78e-108	323
g2530.t1	VFG037714(gb|WP_000010641)	48.415	347	172	2	39	383	46	387	9.73e-108	323
g2530.t1	VFG037711(gb|WP_000010646)	48.415	347	172	2	39	383	46	387	1.06e-107	323
g2530.t1	VFG037706(gb|YP_001085329)	48.127	347	173	2	39	383	22	363	1.40e-107	322
g2530.t1	VFG037705(gb|WP_000010636)	47.989	348	174	2	39	384	46	388	1.88e-107	322
g2530.t1	VFG049128(gb|WP_012542667)	33.512	373	239	6	13	380	14	382	7.18e-49	170
g2530.t1	VFG049135(gb|WP_008805438)	33.512	373	239	6	13	380	14	382	7.33e-49	170
g2530.t1	VFG049129(gb|YP_005225489)	33.512	373	239	6	13	380	14	382	1.14e-48	170
g2530.t1	VFG049133(gb|WP_004177236)	33.512	373	239	6	13	380	14	382	1.15e-48	170
g2530.t1	VFG049125(gb|WP_004136054)	32.698	367	240	5	13	374	14	378	3.41e-48	169
g2530.t1	VFG036987(gb|WP_014582209)	34.670	349	212	6	24	360	25	369	8.75e-46	162
g2530.t1	VFG036990(gb|WP_013448559)	34.384	349	213	6	24	360	25	369	3.27e-45	161
g2530.t1	VFG036980(gb|WP_014573842)	33.903	351	216	6	22	360	23	369	7.03e-45	160
g2530.t1	VFG036982(gb|WP_002224350)	33.903	351	216	6	22	360	23	369	7.41e-45	160
g2530.t1	VFG036981(gb|WP_002232912)	33.903	351	216	6	22	360	23	369	9.59e-45	160
g2530.t1	VFG036976(gb|WP_002220426)	33.903	351	216	6	22	360	23	369	1.18e-44	159
g2530.t1	VFG036979(gb|WP_002246382)	33.903	351	216	6	22	360	23	369	1.20e-44	159
g2530.t1	VFG036984(gb|WP_014580972)	33.903	351	216	6	22	360	23	369	1.22e-44	159
g2530.t1	VFG036983(gb|WP_002216627)	33.903	351	216	6	22	360	23	369	1.38e-44	159
g2530.t1	VFG036973(gb|WP_002222106)	33.903	351	216	6	22	360	23	369	1.64e-44	159
g2530.t1	VFG036978(gb|WP_004465401)	33.618	351	217	6	22	360	23	369	1.79e-44	159
g2530.t1	VFG036975(gb|WP_010951249)	33.618	351	217	6	22	360	23	369	2.57e-44	159
g2530.t1	VFG036974(gb|WP_002224968)	33.618	351	217	6	22	360	23	369	1.29e-43	157
g3594.t1	VFG037709(gb|WP_000010642)	41.954	348	195	4	37	380	46	390	2.97e-85	264
g3594.t1	VFG037705(gb|WP_000010636)	41.954	348	195	4	37	380	46	390	4.15e-85	264
g3594.t1	VFG037711(gb|WP_000010646)	41.667	348	196	4	37	380	46	390	6.14e-85	263
g3594.t1	VFG037714(gb|WP_000010641)	41.667	348	196	4	37	380	46	390	6.34e-85	263
g3594.t1	VFG037706(gb|YP_001085329)	41.667	348	196	4	37	380	22	366	7.17e-85	263
g3594.t1	VFG049129(gb|YP_005225489)	33.616	354	224	6	19	363	22	373	2.14e-50	174
g3594.t1	VFG049133(gb|WP_004177236)	33.616	354	224	6	19	363	22	373	3.26e-50	173
g3594.t1	VFG049135(gb|WP_008805438)	33.333	354	225	6	19	363	22	373	1.00e-49	172
g3594.t1	VFG049128(gb|WP_012542667)	33.333	354	225	6	19	363	22	373	1.30e-49	171
g3594.t1	VFG049125(gb|WP_004136054)	32.486	354	228	6	19	363	22	373	9.47e-49	169
g3594.t1	VFG036978(gb|WP_004465401)	27.299	348	244	4	27	366	37	383	3.15e-31	122
g3594.t1	VFG036990(gb|WP_013448559)	27.586	348	243	4	27	366	37	383	1.14e-30	121
g3594.t1	VFG036982(gb|WP_002224350)	27.586	348	240	4	20	356	23	369	1.31e-30	120
g3594.t1	VFG036975(gb|WP_010951249)	27.011	348	245	4	27	366	37	383	1.46e-30	120
g3594.t1	VFG036984(gb|WP_014580972)	27.586	348	240	4	20	356	23	369	2.28e-30	120
g3594.t1	VFG036987(gb|WP_014582209)	26.944	360	247	5	22	366	25	383	2.63e-30	120
g3594.t1	VFG036976(gb|WP_002220426)	27.844	334	236	3	27	356	37	369	2.96e-30	120
g3594.t1	VFG036974(gb|WP_002224968)	28.144	334	235	3	27	356	37	369	3.40e-30	119
g3594.t1	VFG036973(gb|WP_002222106)	27.299	348	241	4	20	356	23	369	3.51e-30	119
g3594.t1	VFG036980(gb|WP_014573842)	27.299	348	241	4	20	356	23	369	5.02e-30	119
g3594.t1	VFG036983(gb|WP_002216627)	27.299	348	241	4	20	356	23	369	6.70e-30	119
g3594.t1	VFG036981(gb|WP_002232912)	27.299	348	241	4	20	356	23	369	6.70e-30	119
g3594.t1	VFG036979(gb|WP_002246382)	27.299	348	241	4	20	356	23	369	8.18e-30	118
g323.t1	VFG037709(gb|WP_000010642)	41.514	383	215	4	2	382	5	380	2.94e-89	275
g323.t1	VFG037714(gb|WP_000010641)	41.514	383	215	4	2	382	5	380	2.98e-89	275
g323.t1	VFG037711(gb|WP_000010646)	41.514	383	215	4	2	382	5	380	3.39e-89	275
g323.t1	VFG037705(gb|WP_000010636)	41.514	383	215	4	2	382	5	380	4.24e-89	275
g323.t1	VFG037706(gb|YP_001085329)	43.787	338	185	3	47	382	22	356	5.89e-89	274
g323.t1	VFG036974(gb|WP_002224968)	32.787	366	227	5	37	392	37	393	2.51e-48	169
g323.t1	VFG036990(gb|WP_013448559)	32.787	366	227	5	37	392	37	393	3.69e-48	169
g323.t1	VFG036987(gb|WP_014582209)	32.676	355	220	5	37	381	37	382	2.22e-47	167
g323.t1	VFG036979(gb|WP_002246382)	32.454	379	236	6	37	405	37	405	2.81e-47	166
g323.t1	VFG036973(gb|WP_002222106)	32.190	379	237	6	37	405	37	405	3.06e-47	166
g323.t1	VFG036976(gb|WP_002220426)	32.240	366	229	5	37	392	37	393	3.26e-47	166
g323.t1	VFG036984(gb|WP_014580972)	32.514	366	228	5	37	392	37	393	4.01e-47	166
g323.t1	VFG036980(gb|WP_014573842)	32.190	379	237	6	37	405	37	405	4.89e-47	166
g323.t1	VFG036982(gb|WP_002224350)	32.240	366	229	5	37	392	37	393	7.18e-47	165
g323.t1	VFG036981(gb|WP_002232912)	32.240	366	229	5	37	392	37	393	3.08e-46	164
g323.t1	VFG036983(gb|WP_002216627)	32.240	366	229	5	37	392	37	393	6.05e-46	163
g323.t1	VFG036978(gb|WP_004465401)	31.165	369	243	5	31	392	29	393	2.48e-44	159
g323.t1	VFG036975(gb|WP_010951249)	31.025	361	240	4	37	392	37	393	4.39e-44	158
g323.t1	VFG049128(gb|WP_012542667)	31.653	357	229	6	45	393	38	387	6.53e-40	146
g323.t1	VFG049129(gb|YP_005225489)	31.395	344	225	5	45	380	38	378	1.52e-39	145
g323.t1	VFG049133(gb|WP_004177236)	31.461	356	229	6	45	392	38	386	1.73e-39	145
g323.t1	VFG049135(gb|WP_008805438)	31.461	356	229	6	45	392	38	386	2.53e-39	145
g323.t1	VFG049125(gb|WP_004136054)	30.814	344	227	5	45	380	38	378	6.18e-39	144
