g1288.t1	VFG048540(gb|WP_014228993)	25.205	730	404	27	7	611	10	722	5.80e-28	119
g1288.t1	VFG007265(gb|WP_005461725)	25.816	643	381	24	31	609	36	646	8.38e-27	115
g1288.t1	VFG048542(gb|WP_012542068)	24.011	733	416	27	5	611	6	723	3.33e-25	110
g1288.t1	VFG048541(gb|WP_041169040)	24.011	733	416	25	5	611	6	723	1.10e-24	108
g1288.t1	VFG048545(gb|WP_004224251)	23.874	733	417	25	5	611	6	723	1.95e-24	108
g1288.t1	VFG048546(gb|WP_015958223)	23.874	733	417	25	5	611	6	723	2.15e-24	108
g1288.t1	VFG044334(gb|WP_015874979)	24.966	733	413	28	1	611	3	720	2.86e-24	107
g1288.t1	VFG048548(gb|WP_020947523)	23.246	727	429	23	5	611	6	723	7.67e-24	106
g1288.t1	VFG033910(gb|WP_001222182)	24.350	731	416	28	1	611	3	716	2.18e-23	105
g1288.t1	VFG012968(gb|WP_011378642)	24.752	707	391	27	29	611	32	721	2.74e-23	104
g1288.t1	VFG033911(gb|WP_001222184)	24.752	707	391	27	29	611	32	721	2.89e-23	104
g1288.t1	VFG048547(gb|WP_004213617)	24.727	732	412	33	1	609	3	718	4.61e-23	103
g1288.t1	VFG033908(gb|WP_001222181)	24.321	736	415	28	1	611	3	721	5.31e-23	103
g1288.t1	VFG012498(gb|WP_001222188)	24.611	707	392	27	29	611	32	721	8.32e-23	103
g1288.t1	VFG012499(gb|WP_001222186)	24.611	707	392	27	29	611	32	721	1.55e-22	102
g1288.t1	VFG000935(gb|WP_001222189)	24.611	707	392	27	29	611	32	721	1.60e-22	102
g1288.t1	VFG007263(gb|WP_000086048)	37.647	170	91	4	1	158	1	167	9.43e-22	99.8
g1288.t1	VFG007263(gb|WP_000086048)	24.138	319	203	13	326	609	332	646	6.52e-07	52.4
g1288.t1	VFG007264(gb|WP_000086051)	37.647	170	91	4	1	158	1	167	9.77e-22	99.8
g1288.t1	VFG007264(gb|WP_000086051)	24.138	319	203	13	326	609	332	646	6.86e-07	52.4
g1288.t1	VFG001731(gb|WP_001223352)	36.420	162	89	4	3	154	2	159	5.77e-21	97.4
g1288.t1	VFG048543(gb|YP_005226444)	23.192	733	422	24	5	611	27	744	2.25e-20	95.5
g1288.t1	VFG044171(gb|WP_000966628)	31.395	258	157	8	3	247	8	258	1.80e-19	92.4
g1288.t1	VFG048544(gb|WP_002901630)	32.778	180	102	5	5	165	6	185	2.55e-18	89.0
g1288.t1	VFG048544(gb|WP_002901630)	25.263	285	161	10	372	611	446	723	6.46e-06	49.3
g1288.t1	VFG012633(gb|WP_000792545)	35.152	165	96	3	2	158	3	164	3.22e-18	88.6
g1288.t1	VFG012634(gb|WP_000792544)	35.152	165	96	3	2	158	3	164	3.33e-18	88.6
g1288.t1	VFG007266(gb|WP_000277183)	23.510	604	311	22	1	498	1	559	3.93e-18	88.2
g1288.t1	VFG048510(gb|WP_014837769)	37.952	166	82	7	9	158	19	179	1.19e-17	87.0
g1288.t1	VFG048511(gb|WP_014228348)	37.952	166	82	7	9	158	19	179	1.21e-17	87.0
g1288.t1	VFG044139(gb|WP_002209062)	24.303	646	410	23	31	614	47	675	3.87e-17	85.1
g1288.t1	VFG044150(gb|NP_461704)	32.934	167	97	4	3	154	6	172	3.96e-17	85.1
g1288.t1	VFG044150(gb|NP_461704)	24.646	353	192	12	326	611	377	722	2.98e-07	53.5
g1288.t1	VFG013014(gb|WP_001034921)	35.196	179	90	7	1	158	1	174	4.46e-17	85.1
g1288.t1	VFG000923(gb|WP_001034892)	35.196	179	90	7	1	158	1	174	4.58e-17	85.1
g1288.t1	VFG013009(gb|WP_001034900)	35.196	179	90	7	1	158	1	174	4.66e-17	85.1
g1288.t1	VFG034271(gb|WP_000089597)	38.255	149	83	3	30	171	32	178	5.04e-17	84.7
g1288.t1	VFG020175(gb|WP_001034865)	35.196	179	90	7	1	158	1	174	5.08e-17	84.7
g1288.t1	VFG013012(gb|WP_001034936)	35.196	179	90	7	1	158	1	174	5.17e-17	84.7
g1288.t1	VFG013010(gb|NP_706439)	35.196	179	90	7	1	158	1	174	5.45e-17	84.7
g1288.t1	VFG044240(gb|WP_011815406)	25.913	575	310	25	8	495	23	568	9.32e-17	84.0
g1288.t1	VFG013064(gb|WP_000089574)	38.255	149	83	3	30	171	32	178	1.07e-16	83.6
g1288.t1	VFG034264(gb|WP_000089596)	36.527	167	95	4	30	196	32	187	1.98e-16	82.8
g1288.t1	VFG034266(gb|WP_000089589)	37.584	149	84	3	30	171	32	178	2.09e-16	82.8
g1288.t1	VFG034275(gb|WP_000089587)	37.584	149	84	3	30	171	32	178	2.11e-16	82.8
g1288.t1	VFG034265(gb|WP_000089590)	37.584	149	84	3	30	171	32	178	2.11e-16	82.8
g1288.t1	VFG012597(gb|WP_000089593)	37.584	149	84	3	30	171	32	178	2.13e-16	82.8
g1288.t1	VFG000917(gb|WP_000089583)	37.584	149	84	3	30	171	32	178	2.18e-16	82.8
g1288.t1	VFG034278(gb|WP_000089585)	37.584	149	84	3	30	171	32	178	2.20e-16	82.8
g1288.t1	VFG034270(gb|WP_014639334)	37.584	149	84	3	30	171	32	178	2.26e-16	82.8
g1288.t1	VFG012601(gb|WP_000089584)	37.584	149	84	3	30	171	32	178	2.28e-16	82.8
g1288.t1	VFG034280(gb|WP_000089586)	37.584	149	84	3	30	171	32	178	2.30e-16	82.8
g1288.t1	VFG044436(gb|CAD43038)	36.232	138	80	4	23	153	22	158	2.90e-16	82.4
g1288.t1	VFG013591(gb|WP_011271952)	24.247	730	389	33	17	608	4	707	3.73e-16	82.0
g1288.t1	VFG012600(gb|WP_000089598)	37.584	149	84	3	30	171	32	178	4.16e-16	81.6
g1288.t1	VFG044291(gb|WP_012367988)	27.184	515	303	25	49	504	63	564	8.07e-16	80.9
g1288.t1	VFG048517(gb|WP_012068422)	38.971	136	67	5	35	154	40	175	2.08e-15	79.7
g1288.t1	VFG048518(gb|WP_012737617)	38.971	136	67	5	35	154	40	175	2.08e-15	79.7
g1288.t1	VFG048513(gb|WP_008805577)	38.971	136	67	5	35	154	40	175	2.14e-15	79.7
g1288.t1	VFG048519(gb|WP_012968731)	38.971	136	67	5	35	154	40	175	2.18e-15	79.7
g1288.t1	VFG048514(gb|YP_005225737)	38.971	136	67	5	35	154	40	175	2.21e-15	79.7
g1288.t1	VFG048516(gb|WP_014599075)	38.971	136	67	5	35	154	40	175	2.46e-15	79.3
g1288.t1	VFG007268(gb|WP_005480856)	32.450	151	95	3	9	153	8	157	5.75e-15	78.2
g1288.t1	VFG013593(gb|WP_012054927)	23.881	737	392	33	17	608	4	716	2.19e-14	76.3
g1288.t1	VFG007271(gb|WP_011261850)	31.469	143	92	3	16	153	22	163	5.86e-14	75.1
g1288.t1	VFG044242(gb|WP_005311744)	31.953	169	100	5	24	179	21	187	6.27e-14	75.1
g1288.t1	VFG007270(gb|WP_011152109)	31.707	164	92	5	2	153	3	158	8.63e-14	74.3
g1288.t1	VFG044130(gb|WP_005874678)	35.385	130	80	2	25	153	40	166	1.16e-13	73.9
g1288.t1	VFG044130(gb|WP_005874678)	29.677	155	88	6	307	447	314	461	4.37e-07	52.8
g1288.t1	VFG044104(gb|NP_253398)	34.503	171	100	4	25	184	29	198	2.93e-13	72.8
g1288.t1	VFG007273(gb|WP_000777823)	30.573	157	98	4	6	153	3	157	5.56e-13	72.0
g1288.t1	VFG007272(gb|WP_000777824)	30.573	157	98	4	6	153	3	157	6.01e-13	71.6
g1288.t1	VFG007274(gb|WP_005478149)	30.723	166	88	5	6	154	3	158	2.16e-12	70.1
g1288.t1	VFG044394(gb|AAF33135)	31.818	154	93	3	5	152	33	180	3.17e-12	69.3
g1288.t1	VFG044375(gb|AAL65282)	32.484	157	90	4	10	156	16	166	4.63e-12	68.9
g1288.t1	VFG007277(gb|WP_011263215)	29.016	193	122	6	6	186	6	195	5.26e-12	68.9
g1288.t1	VFG007277(gb|WP_011263215)	24.242	264	157	9	387	613	452	709	1.19e-07	54.7
g1288.t1	VFG044075(gb|YP_002344983)	31.447	159	102	4	2	154	4	161	1.47e-11	67.4
g1288.t1	VFG016189(gb|WP_041924575)	25.078	319	193	7	1	316	1	276	1.50e-11	67.4
g1288.t1	VFG016188(gb|WP_044389891)	25.705	319	191	8	1	316	1	276	2.05e-11	67.0
g1288.t1	VFG044177(gb|WP_005460644)	33.036	112	70	2	47	153	72	183	1.02e-10	64.7
g1288.t1	VFG000348(gb|WP_005694042)	28.399	331	181	15	17	319	4	306	1.05e-10	64.7
g1288.t1	VFG007275(gb|WP_011082397)	30.247	162	86	5	6	150	3	154	1.98e-10	63.9
g1288.t1	VFG007276(gb|WP_011151756)	30.247	162	86	5	6	150	3	154	2.19e-10	63.5
g1288.t1	VFG013592(gb|WP_011961757)	23.181	742	393	35	17	608	4	718	2.64e-10	63.2
g1288.t1	VFG000347(gb|WP_010869038)	32.090	134	72	5	370	488	738	867	2.63e-09	60.5
g1288.t1	VFG044344(gb|WP_013107830)	28.472	144	90	3	25	156	52	194	4.23e-09	59.7
g1288.t1	VFG048611(gb|WP_014228851)	31.250	144	84	7	19	155	13	148	5.46e-09	59.3
g1288.t1	VFG048615(gb|YP_005226287)	30.872	149	89	7	13	155	11	151	3.31e-08	56.6
g1288.t1	VFG048619(gb|WP_041937604)	30.872	149	89	7	13	155	11	151	3.39e-08	56.6
g1288.t1	VFG016094(gb|WP_012075666)	30.303	132	83	5	27	154	132	258	3.44e-08	56.6
g1288.t1	VFG048620(gb|WP_014907843)	30.872	149	89	7	13	155	11	151	3.51e-08	56.6
g1288.t1	VFG048614(gb|WP_022065355)	30.769	130	77	6	31	155	30	151	3.67e-08	56.6
g1288.t1	VFG048623(gb|WP_012968568)	30.769	130	77	6	31	155	30	151	3.73e-08	56.6
g1288.t1	VFG048596(gb|WP_014229387)	26.842	190	117	8	5	187	14	188	5.73e-08	55.8
g1288.t1	VFG048595(gb|WP_032694981)	26.842	190	117	8	5	187	14	188	5.93e-08	55.8
g1288.t1	VFG044365(gb|WP_013318789)	29.193	161	107	4	27	186	65	219	8.26e-08	55.5
g1288.t1	VFG000358(gb|WP_002212885)	28.571	133	81	5	31	156	33	158	1.48e-07	54.3
g1288.t1	VFG034177(gb|WP_000784557)	28.571	133	81	5	31	156	33	158	1.49e-07	54.3
g1288.t1	VFG034181(gb|WP_000784546)	28.571	133	81	5	31	156	33	158	1.50e-07	54.3
g1288.t1	VFG003114(gb|WP_000784549)	28.571	133	81	5	31	156	33	158	1.53e-07	54.3
g1288.t1	VFG048597(gb|WP_000784549)	28.571	133	81	5	31	156	33	158	1.53e-07	54.3
g1288.t1	VFG012567(gb|WP_000784549)	28.571	133	81	5	31	156	33	158	1.53e-07	54.3
g1288.t1	VFG034187(gb|WP_000784545)	28.571	133	81	5	31	156	33	158	1.56e-07	54.3
g1288.t1	VFG012570(gb|WP_000784540)	28.571	133	81	5	31	156	33	158	1.56e-07	54.3
g1288.t1	VFG044333(gb|WP_015874968)	28.571	133	81	5	31	156	33	158	1.57e-07	54.3
g1288.t1	VFG012569(gb|WP_000784554)	28.571	133	81	5	31	156	33	158	1.58e-07	54.3
g1288.t1	VFG034182(gb|WP_000784550)	28.571	133	81	5	31	156	33	158	1.62e-07	54.3
g1288.t1	VFG036573(gb|WP_002246475)	27.500	200	106	9	394	567	521	707	2.13e-07	53.9
g1288.t1	VFG003499(gb|WP_011816644)	26.316	133	85	4	30	156	33	158	2.65e-07	53.5
g1288.t1	VFG044341(gb|WP_004160310)	29.508	122	84	2	34	154	55	175	2.73e-07	53.5
g1288.t1	VFG034183(gb|WP_001304267)	27.820	133	82	5	31	156	33	158	3.80e-07	53.1
g1288.t1	VFG013577(gb|WP_049752212)	25.229	218	127	7	50	247	71	272	4.13e-07	53.1
g1288.t1	VFG013193(gb|WP_157857763)	29.204	113	73	2	50	156	91	202	5.50e-07	52.8
g1288.t1	VFG000268(gb|WP_010981084)	26.066	211	95	9	394	567	521	707	2.29e-06	50.8
g1288.t1	VFG036575(gb|WP_014580867)	26.066	211	95	9	394	567	521	707	2.35e-06	50.8
g1288.t1	VFG036582(gb|WP_002226199)	25.157	159	105	3	8	153	21	178	2.69e-06	50.4
g1288.t1	VFG006268(gb|WP_002248160)	27.000	200	107	9	394	567	521	707	3.01e-06	50.4
g1288.t1	VFG036574(gb|WP_014575587)	27.000	200	107	9	394	567	521	707	3.23e-06	50.1
g1288.t1	VFG013605(gb|WP_010945753)	29.851	134	72	4	387	498	671	804	3.39e-06	50.1
g1288.t1	VFG013594(gb|WP_164927859)	21.586	227	152	6	34	243	69	286	3.50e-06	50.1
g1288.t1	VFG036579(gb|WP_014573899)	24.528	159	106	3	8	153	21	178	3.51e-06	50.1
g1288.t1	VFG048621(gb|WP_004213924)	27.879	165	97	8	31	183	34	188	3.62e-06	50.1
g1288.t1	VFG036589(gb|WP_013449303)	24.528	159	106	3	8	153	21	178	3.73e-06	50.1
g1288.t1	VFG036584(gb|WP_014581391)	24.528	159	106	3	8	153	21	178	3.93e-06	50.1
g1288.t1	VFG044178(gb|WP_005477483)	27.568	185	93	7	1	157	1	172	4.21e-06	49.7
g1288.t1	VFG000264(gb|WP_002247545)	24.528	159	106	3	8	153	21	178	5.39e-06	49.7
g1288.t1	VFG006269(gb|WP_003705045)	28.926	121	60	4	394	488	520	640	5.49e-06	49.7
g3858.t1	VFG048541(gb|WP_041169040)	25.068	738	398	32	8	614	14	727	3.48e-28	120
g3858.t1	VFG048543(gb|YP_005226444)	24.761	731	409	30	8	614	35	748	8.65e-28	119
g3858.t1	VFG048544(gb|WP_002901630)	24.896	723	402	30	8	606	14	719	8.73e-28	118
g3858.t1	VFG048546(gb|WP_015958223)	24.932	738	399	32	8	614	14	727	1.37e-27	118
g3858.t1	VFG048545(gb|WP_004224251)	25.068	730	392	32	8	606	14	719	1.39e-27	118
g3858.t1	VFG048542(gb|WP_012542068)	24.797	738	400	32	8	614	14	727	6.95e-27	115
g3858.t1	VFG007265(gb|WP_005461725)	23.781	677	421	26	4	614	5	652	1.05e-26	115
g3858.t1	VFG048548(gb|WP_020947523)	24.661	738	401	32	8	614	14	727	2.09e-26	114
g3858.t1	VFG048540(gb|WP_014228993)	24.313	691	385	26	46	614	52	726	1.74e-23	105
g3858.t1	VFG007271(gb|WP_011261850)	23.504	702	424	25	1	593	1	698	2.75e-23	104
g3858.t1	VFG007263(gb|WP_000086048)	39.355	155	84	4	6	154	14	164	9.94e-22	99.8
g3858.t1	VFG007263(gb|WP_000086048)	24.825	286	162	11	371	614	378	652	1.09e-07	54.7
g3858.t1	VFG007264(gb|WP_000086051)	38.462	156	86	3	5	154	13	164	1.14e-21	99.4
g3858.t1	VFG007264(gb|WP_000086051)	24.825	286	162	11	371	614	378	652	1.24e-07	54.7
g3858.t1	VFG048514(gb|YP_005225737)	24.758	723	409	32	2	603	5	713	3.42e-21	98.2
g3858.t1	VFG007268(gb|WP_005480856)	22.869	704	436	28	2	614	6	693	9.14e-21	96.7
g3858.t1	VFG001731(gb|WP_001223352)	33.146	178	93	4	16	172	16	188	1.68e-20	95.9
g3858.t1	VFG001731(gb|WP_001223352)	26.441	295	183	10	351	612	378	671	1.76e-18	89.4
g3858.t1	VFG044242(gb|WP_005311744)	35.625	160	92	3	20	171	25	181	2.14e-20	95.5
g3858.t1	VFG044130(gb|WP_005874678)	23.944	497	313	16	26	489	43	507	1.50e-19	92.8
g3858.t1	VFG012633(gb|WP_000792545)	21.930	684	416	28	1	596	6	659	2.03e-19	92.4
g3858.t1	VFG012634(gb|WP_000792544)	21.930	684	416	28	1	596	6	659	2.05e-19	92.4
g3858.t1	VFG007274(gb|WP_005478149)	35.625	160	95	4	5	160	8	163	2.12e-18	89.4
g3858.t1	VFG007277(gb|WP_011263215)	32.680	153	96	3	5	153	8	157	3.39e-17	85.5
g3858.t1	VFG013012(gb|WP_001034936)	24.196	715	399	34	26	614	34	731	3.79e-17	85.1
g3858.t1	VFG013009(gb|WP_001034900)	24.476	715	397	35	26	614	34	731	5.75e-17	84.7
g3858.t1	VFG048510(gb|WP_014837769)	36.842	171	89	7	2	153	5	175	7.96e-17	84.3
g3858.t1	VFG048517(gb|WP_012068422)	30.855	269	147	12	2	239	5	265	8.03e-17	84.3
g3858.t1	VFG048518(gb|WP_012737617)	30.855	269	147	12	2	239	5	265	8.25e-17	84.3
g3858.t1	VFG048511(gb|WP_014228348)	36.842	171	89	7	2	153	5	175	8.53e-17	84.3
g3858.t1	VFG013014(gb|WP_001034921)	24.404	713	400	35	26	614	34	731	9.35e-17	84.0
g3858.t1	VFG048513(gb|WP_008805577)	30.855	269	147	12	2	239	5	265	9.81e-17	84.0
g3858.t1	VFG020175(gb|WP_001034865)	24.476	715	397	35	26	614	34	731	1.01e-16	84.0
g3858.t1	VFG048519(gb|WP_012968731)	30.855	269	147	12	2	239	5	265	1.10e-16	84.0
g3858.t1	VFG048516(gb|WP_014599075)	30.855	269	147	12	2	239	5	265	1.33e-16	83.6
g3858.t1	VFG048547(gb|WP_004213617)	37.500	160	85	5	7	153	13	170	1.54e-16	83.2
g3858.t1	VFG013010(gb|NP_706439)	24.476	715	397	35	26	614	34	731	1.89e-16	83.2
g3858.t1	VFG007273(gb|WP_000777823)	33.775	151	90	3	5	149	8	154	1.92e-16	82.8
g3858.t1	VFG007272(gb|WP_000777824)	33.775	151	90	3	5	149	8	154	2.19e-16	82.8
g3858.t1	VFG012498(gb|WP_001222188)	36.250	160	87	5	7	153	14	171	2.85e-16	82.4
g3858.t1	VFG000935(gb|WP_001222189)	36.250	160	87	5	7	153	14	171	2.96e-16	82.4
g3858.t1	VFG033908(gb|WP_001222181)	36.250	160	87	5	7	153	14	171	2.98e-16	82.4
g3858.t1	VFG044150(gb|NP_461704)	40.260	154	69	7	17	153	25	172	3.06e-16	82.4
g3858.t1	VFG044171(gb|WP_000966628)	37.013	154	91	4	12	163	25	174	3.30e-16	82.4
g3858.t1	VFG033911(gb|WP_001222184)	36.250	160	87	5	7	153	14	171	3.40e-16	82.0
g3858.t1	VFG012968(gb|WP_011378642)	35.625	160	88	5	7	153	14	171	5.82e-16	81.6
g3858.t1	VFG044334(gb|WP_015874979)	35.542	166	92	5	1	153	7	170	8.52e-16	80.9
g3858.t1	VFG012499(gb|WP_001222186)	36.250	160	87	5	7	153	14	171	1.07e-15	80.5
g3858.t1	VFG033910(gb|WP_001222182)	38.095	147	76	5	20	153	27	171	1.10e-15	80.5
g3858.t1	VFG007275(gb|WP_011082397)	30.625	160	103	3	5	160	8	163	1.45e-15	80.1
g3858.t1	VFG007276(gb|WP_011151756)	30.625	160	103	3	5	160	8	163	1.50e-15	80.1
g3858.t1	VFG044104(gb|NP_253398)	28.740	254	152	8	36	265	42	290	6.30e-15	78.2
g3858.t1	VFG044104(gb|NP_253398)	22.684	313	196	9	335	609	438	742	1.43e-07	54.7
g3858.t1	VFG000923(gb|WP_001034892)	37.324	142	70	6	26	153	34	170	7.84e-14	74.7
g3858.t1	VFG044177(gb|WP_005460644)	36.364	110	64	3	47	151	74	182	1.21e-13	73.9
g3858.t1	VFG044394(gb|AAF33135)	31.336	217	121	9	1	198	23	230	1.70e-13	73.6
g3858.t1	VFG007270(gb|WP_011152109)	33.121	157	82	5	6	147	5	153	6.45e-13	71.6
g3858.t1	VFG013593(gb|WP_012054927)	30.645	186	104	7	4	175	5	179	1.19e-12	70.9
g3858.t1	VFG013593(gb|WP_012054927)	23.656	279	154	12	388	614	447	718	8.65e-06	48.9
g3858.t1	VFG044240(gb|WP_011815406)	37.302	126	70	5	26	148	44	163	1.83e-12	70.1
g3858.t1	VFG000348(gb|WP_005694042)	30.899	178	84	7	27	175	12	179	2.62e-12	69.7
g3858.t1	VFG034271(gb|WP_000089597)	34.921	126	73	5	26	148	30	149	1.27e-11	67.4
g3858.t1	VFG013064(gb|WP_000089574)	34.921	126	73	5	26	148	30	149	1.36e-11	67.4
g3858.t1	VFG044139(gb|WP_002209062)	37.008	127	71	5	24	147	42	162	1.50e-11	67.4
g3858.t1	VFG034270(gb|WP_014639334)	34.921	126	73	5	26	148	30	149	1.51e-11	67.4
g3858.t1	VFG034275(gb|WP_000089587)	34.921	126	73	5	26	148	30	149	1.53e-11	67.4
g3858.t1	VFG034266(gb|WP_000089589)	34.921	126	73	5	26	148	30	149	1.57e-11	67.0
g3858.t1	VFG034280(gb|WP_000089586)	34.921	126	73	5	26	148	30	149	1.59e-11	67.0
g3858.t1	VFG034264(gb|WP_000089596)	34.921	126	73	5	26	148	30	149	1.59e-11	67.0
g3858.t1	VFG000917(gb|WP_000089583)	34.921	126	73	5	26	148	30	149	1.62e-11	67.0
g3858.t1	VFG034278(gb|WP_000089585)	34.921	126	73	5	26	148	30	149	1.63e-11	67.0
g3858.t1	VFG034265(gb|WP_000089590)	34.921	126	73	5	26	148	30	149	1.63e-11	67.0
g3858.t1	VFG012597(gb|WP_000089593)	34.921	126	73	5	26	148	30	149	1.67e-11	67.0
g3858.t1	VFG012601(gb|WP_000089584)	34.921	126	73	5	26	148	30	149	1.70e-11	67.0
g3858.t1	VFG013591(gb|WP_011271952)	29.412	187	107	7	4	176	5	180	2.29e-11	66.6
g3858.t1	VFG013591(gb|WP_011271952)	24.100	361	203	18	318	614	356	709	6.70e-08	55.5
g3858.t1	VFG044436(gb|CAD43038)	32.353	170	104	5	26	186	28	195	2.55e-11	66.6
g3858.t1	VFG013592(gb|WP_011961757)	33.333	153	86	5	4	151	5	146	2.74e-11	66.6
g3858.t1	VFG013592(gb|WP_011961757)	23.843	281	153	12	388	614	447	720	4.96e-06	49.7
g3858.t1	VFG012600(gb|WP_000089598)	34.921	126	73	5	26	148	30	149	3.31e-11	66.2
g3858.t1	VFG007266(gb|WP_000277183)	30.719	153	99	4	1	147	1	152	8.91e-11	64.7
g3858.t1	VFG044375(gb|AAL65282)	33.537	164	93	6	13	168	26	181	9.93e-11	64.7
g3858.t1	VFG048611(gb|WP_014228851)	33.566	143	82	7	14	153	15	147	1.63e-10	63.9
g3858.t1	VFG048622(gb|WP_032451948)	30.286	175	108	7	1	168	2	169	5.91e-10	62.4
g3858.t1	VFG048623(gb|WP_012968568)	30.189	159	101	6	13	168	14	165	8.11e-10	61.6
g3858.t1	VFG048614(gb|WP_022065355)	30.189	159	101	6	13	168	14	165	8.33e-10	61.6
g3858.t1	VFG044291(gb|WP_012367988)	28.571	161	94	6	1	147	7	160	2.06e-09	60.5
g3858.t1	VFG016094(gb|WP_012075666)	29.333	150	96	5	31	174	138	283	2.13e-09	60.5
g3858.t1	VFG048615(gb|YP_005226287)	30.303	165	102	7	7	168	11	165	2.71e-09	60.1
g3858.t1	VFG048620(gb|WP_014907843)	30.303	165	102	7	7	168	11	165	2.81e-09	60.1
g3858.t1	VFG048619(gb|WP_041937604)	31.333	150	90	7	7	153	11	150	3.79e-09	59.7
g3858.t1	VFG048621(gb|WP_004213924)	31.395	172	105	8	3	168	5	169	5.01e-09	59.3
g3858.t1	VFG034177(gb|WP_000784557)	35.000	140	70	7	21	151	27	154	9.66e-09	58.2
g3858.t1	VFG034182(gb|WP_000784550)	35.000	140	70	7	21	151	27	154	9.75e-09	58.2
g3858.t1	VFG012569(gb|WP_000784554)	35.000	140	70	7	21	151	27	154	1.01e-08	58.2
g3858.t1	VFG044333(gb|WP_015874968)	35.000	140	70	7	21	151	27	154	1.02e-08	58.2
g3858.t1	VFG034181(gb|WP_000784546)	35.000	140	70	7	21	151	27	154	1.04e-08	58.2
g3858.t1	VFG003114(gb|WP_000784549)	35.000	140	70	7	21	151	27	154	1.05e-08	58.2
g3858.t1	VFG048597(gb|WP_000784549)	35.000	140	70	7	21	151	27	154	1.05e-08	58.2
g3858.t1	VFG012567(gb|WP_000784549)	35.000	140	70	7	21	151	27	154	1.05e-08	58.2
g3858.t1	VFG012570(gb|WP_000784540)	35.000	140	70	7	21	151	27	154	1.06e-08	58.2
g3858.t1	VFG034187(gb|WP_000784545)	35.000	140	70	7	21	151	27	154	1.08e-08	58.2
g3858.t1	VFG000358(gb|WP_002212885)	35.000	140	70	7	21	151	27	154	1.15e-08	58.2
g3858.t1	VFG033951(gb|WP_000973511)	29.714	175	109	7	1	168	2	169	1.53e-08	57.8
g3858.t1	VFG048595(gb|WP_032694981)	34.286	140	71	7	21	151	27	154	1.55e-08	57.8
g3858.t1	VFG048596(gb|WP_014229387)	34.286	140	71	7	21	151	27	154	1.58e-08	57.8
g3858.t1	VFG044075(gb|YP_002344983)	30.380	158	102	5	3	153	5	161	1.59e-08	57.8
g3858.t1	VFG033945(gb|WP_000973516)	30.814	172	106	8	3	168	5	169	1.64e-08	57.8
g3858.t1	VFG034183(gb|WP_001304267)	35.000	140	70	7	21	151	27	154	1.73e-08	57.4
g3858.t1	VFG012518(gb|WP_000973517)	30.814	172	106	8	3	168	5	169	1.73e-08	57.4
g3858.t1	VFG033944(gb|WP_000973519)	30.814	172	106	8	3	168	5	169	1.81e-08	57.4
g3858.t1	VFG003499(gb|WP_011816644)	34.286	140	71	7	21	151	27	154	6.43e-08	55.5
g3858.t1	VFG044341(gb|WP_004160310)	28.125	192	107	6	2	168	7	192	1.26e-07	54.7
g3858.t1	VFG000619(gb|NP_709458)	30.357	168	103	8	13	173	16	176	1.62e-07	54.3
g3858.t1	VFG012965(gb|WP_001403966)	30.357	168	103	8	13	173	16	176	1.64e-07	54.3
g3858.t1	VFG012967(gb|WP_014334084)	30.357	168	103	8	13	173	16	176	1.67e-07	54.3
g3858.t1	VFG000936(gb|WP_016265865)	30.357	168	103	8	13	173	16	176	1.67e-07	54.3
g3858.t1	VFG012966(gb|WP_001387241)	30.357	168	103	8	13	173	16	176	1.73e-07	54.3
g3858.t1	VFG033940(gb|WP_001387241)	30.357	168	103	8	13	173	16	176	1.73e-07	54.3
g3858.t1	VFG033938(gb|WP_001432292)	30.357	168	103	8	13	173	16	176	1.78e-07	54.3
g3858.t1	VFG044365(gb|WP_013318789)	25.882	170	101	5	5	153	24	189	2.08e-07	53.9
g3858.t1	VFG044296(gb|WP_000428182)	25.497	302	187	13	1	279	7	293	3.14e-07	53.5
g3858.t1	VFG020085(gb|WP_012723749)	25.000	176	120	5	29	198	149	318	5.54e-07	52.8
g3858.t1	VFG036577(gb|WP_013449569)	24.231	260	141	11	388	595	513	768	7.22e-07	52.4
g3858.t1	VFG016102(gb|WP_011060690)	22.905	179	129	4	24	198	155	328	8.77e-07	52.0
g3858.t1	VFG044348(gb|WP_013317291)	28.481	158	97	4	11	158	7	158	8.89e-07	52.0
g3858.t1	VFG013576(gb|WP_012054534)	24.684	158	105	3	21	165	45	201	1.24e-06	51.6
g3858.t1	VFG036573(gb|WP_002246475)	23.904	251	138	10	397	595	519	768	1.26e-06	51.6
g3858.t1	VFG044193(gb|WP_011179204)	29.323	133	87	2	36	166	50	177	1.39e-06	51.2
g3858.t1	VFG000338(gb|WP_005693337)	24.684	158	105	3	21	165	45	201	1.55e-06	51.2
g3858.t1	VFG013575(gb|WP_011272338)	24.684	158	105	3	21	165	45	201	1.78e-06	51.2
g3858.t1	VFG013193(gb|WP_157857763)	25.625	160	107	3	48	202	91	243	1.93e-06	51.2
g3858.t1	VFG016095(gb|WP_003139291)	22.500	200	142	6	5	198	129	321	2.13e-06	50.8
g3858.t1	VFG000163(gb|NP_251088)	22.500	200	142	6	5	198	129	321	2.23e-06	50.8
g3858.t1	VFG000268(gb|WP_010981084)	23.904	251	138	10	397	595	519	768	2.40e-06	50.8
g3858.t1	VFG036575(gb|WP_014580867)	23.904	251	138	10	397	595	519	768	2.48e-06	50.4
g3858.t1	VFG013577(gb|WP_049752212)	25.000	160	108	3	48	202	71	223	2.99e-06	50.4
g3858.t1	VFG016100(gb|WP_012052858)	28.497	193	113	8	46	232	159	332	3.52e-06	50.1
g3858.t1	VFG016101(gb|WP_011533729)	25.681	257	150	12	46	297	159	379	4.51e-06	49.7
g3858.t1	VFG015831(gb|WP_012270408)	22.346	179	130	4	24	198	148	321	5.52e-06	49.3
g3858.t1	VFG016188(gb|WP_044389891)	29.221	154	94	6	23	170	25	169	7.04e-06	48.9
g3858.t1	VFG044344(gb|WP_013107830)	27.778	162	100	5	6	151	30	190	8.69e-06	48.9
g3858.t1	VFG044114(gb|WP_029443809)	29.771	131	65	5	41	151	137	260	9.81e-06	48.5
