g4243.t1	VFG007236(gb|WP_000447980)	54.030	335	154	0	8	342	22	356	2.20e-100	300
g4243.t1	VFG044361(gb|WP_033112376)	50.000	302	147	3	42	342	45	343	9.06e-72	226
g4243.t1	VFG021854(gb|WP_003891338)	46.356	343	173	6	7	342	13	351	1.02e-69	221
g4243.t1	VFG013740(gb|WP_011013699)	40.407	344	199	5	3	342	38	379	4.90e-69	221
g4243.t1	VFG021795(gb|WP_013240891)	45.804	286	153	2	58	342	42	326	2.01e-68	217
g4243.t1	VFG013736(gb|WP_010934774)	46.290	283	151	1	60	342	35	316	3.32e-68	216
g4243.t1	VFG013739(gb|WP_011896757)	40.116	344	200	5	3	342	40	381	6.38e-68	218
g4243.t1	VFG048479(gb|WP_012968727)	48.910	321	160	4	23	342	11	328	5.21e-67	213
g4243.t1	VFG048478(gb|WP_004147521)	48.598	321	161	4	23	342	11	328	1.91e-66	212
g4243.t1	VFG000928(gb|WP_000640938)	48.684	304	154	2	39	342	27	328	2.27e-65	209
g4243.t1	VFG048476(gb|WP_004223582)	48.287	321	162	4	23	342	11	328	3.35e-65	209
g4243.t1	VFG013033(gb|WP_000640995)	47.531	324	168	2	19	342	7	328	1.27e-64	207
g4243.t1	VFG013037(gb|WP_000640969)	47.546	326	165	4	19	342	7	328	8.88e-64	205
g4243.t1	VFG013036(gb|WP_000640961)	47.546	326	165	4	19	342	7	328	1.31e-63	205
g4243.t1	VFG013034(gb|NP_706445)	47.239	326	166	4	19	342	7	328	1.31e-63	205
g4243.t1	VFG013038(gb|WP_000640963)	47.546	326	165	4	19	342	7	328	1.71e-63	204
g4243.t1	VFG048470(gb|WP_009653197)	48.684	304	154	2	39	342	27	328	2.27e-60	196
g4243.t1	VFG013737(gb|WP_005325330)	40.171	351	198	5	1	342	13	360	2.27e-47	163
g4243.t1	VFG021787(gb|WP_013241312)	35.362	345	199	10	7	334	2	339	7.43e-42	149
g4243.t1	VFG013738(gb|WP_006769636)	37.942	311	190	3	32	342	30	337	2.07e-41	147
g4243.t1	VFG013712(gb|WP_003855485)	35.616	292	175	5	59	342	68	354	7.53e-40	144
g4243.t1	VFG013713(gb|WP_003859752)	35.616	292	175	5	59	342	68	354	8.27e-40	143
g4243.t1	VFG044237(gb|WP_005175607)	36.149	296	184	3	52	342	35	330	4.47e-38	138
g4243.t1	VFG044210(gb|WP_001061683)	36.299	281	174	5	65	342	397	675	5.72e-38	143
g4243.t1	VFG044210(gb|WP_001061683)	30.645	310	203	8	39	342	29	332	3.26e-22	97.4
g4243.t1	VFG000922(gb|WP_000910402)	36.332	289	178	2	61	343	41	329	8.51e-38	137
g4243.t1	VFG034360(gb|WP_000910405)	36.332	289	178	2	61	343	41	329	8.87e-38	137
g4243.t1	VFG012630(gb|WP_000910399)	36.332	289	178	2	61	343	41	329	9.06e-38	137
g4243.t1	VFG034354(gb|WP_000910400)	36.332	289	178	2	61	343	41	329	9.95e-38	137
g4243.t1	VFG012628(gb|NP_312413)	36.332	289	178	2	61	343	29	317	1.17e-37	137
g4243.t1	VFG016170(gb|WP_011267802)	38.111	307	179	7	42	342	42	343	1.21e-37	137
g4243.t1	VFG012627(gb|WP_000910392)	36.332	289	178	2	61	343	41	329	1.42e-37	137
g4243.t1	VFG044174(gb|WP_005460642)	34.853	307	189	7	39	341	22	321	1.97e-37	136
g4243.t1	VFG013069(gb|WP_005019013)	35.906	298	181	3	52	343	24	317	2.34e-37	136
g4243.t1	VFG034357(gb|WP_000910391)	36.332	289	178	2	61	343	41	329	2.82e-37	136
g4243.t1	VFG013709(gb|WP_010934431)	34.951	309	185	7	43	339	38	342	4.65e-37	136
g4243.t1	VFG044136(gb|WP_002209059)	35.135	296	187	3	52	342	35	330	1.07e-36	134
g4243.t1	VFG016171(gb|WP_011168765)	35.345	348	214	7	1	342	1	343	3.73e-36	133
g4243.t1	VFG044214(gb|WP_001036839)	32.248	307	195	8	42	343	26	324	4.60e-36	132
g4243.t1	VFG044251(gb|WP_000136636)	32.639	288	187	4	60	343	48	332	1.62e-34	129
g4243.t1	VFG044357(gb|WP_013317300)	36.656	311	184	5	39	342	45	349	4.51e-34	128
g4243.t1	VFG044294(gb|WP_004243180)	35.294	306	189	5	39	339	18	319	2.07e-33	125
g4243.t1	VFG044271(gb|WP_000989091)	30.719	306	201	6	39	341	25	322	3.14e-33	125
g4243.t1	VFG013710(gb|WP_011273029)	35.254	295	181	5	55	342	53	344	4.39e-33	125
g4243.t1	VFG044360(gb|WP_013318781)	34.416	308	187	8	42	342	58	357	3.34e-31	120
g4243.t1	VFG044190(gb|WP_011179201)	31.579	285	185	3	67	341	76	360	8.24e-31	119
g4243.t1	VFG034365(gb|WP_000910398)	36.678	289	177	2	61	343	41	329	1.36e-30	118
g4243.t1	VFG044272(gb|WP_000974906)	26.301	346	233	9	9	343	9	343	6.83e-30	116
g4243.t1	VFG044076(gb|YP_002344984)	27.217	327	220	6	26	343	10	327	2.66e-28	112
g4243.t1	VFG048468(gb|WP_004176917)	34.713	314	183	10	39	342	30	331	3.95e-28	111
g4243.t1	VFG048466(gb|WP_004223587)	34.713	314	183	10	39	342	30	331	4.46e-28	111
g4243.t1	VFG021790(gb|WP_013241844)	33.333	273	165	6	75	335	43	310	4.55e-28	111
g4243.t1	VFG048467(gb|WP_012068425)	34.713	314	183	10	39	342	30	331	4.64e-28	111
g4243.t1	VFG048469(gb|WP_008805582)	34.713	314	183	10	39	342	30	331	5.51e-28	111
g4243.t1	VFG048465(gb|YP_005225743)	34.713	314	183	10	39	342	30	331	6.36e-28	111
g4243.t1	VFG048464(gb|WP_012542490)	34.395	314	184	10	39	342	30	331	1.42e-27	110
g4243.t1	VFG044440(gb|CAF25488)	31.392	309	192	9	49	341	6	310	8.91e-26	105
g4243.t1	VFG044111(gb|WP_003817862)	34.737	285	183	2	60	343	32	314	2.12e-25	103
g4243.t1	VFG044280(gb|WP_004244967)	31.629	313	197	6	43	341	48	357	2.30e-25	104
g4243.t1	VFG013723(gb|WP_010934398)	34.058	276	159	7	75	335	48	315	2.84e-25	103
g4243.t1	VFG044356(gb|WP_013317299)	35.474	327	196	6	26	342	17	338	6.37e-25	103
g4243.t1	VFG044252(gb|WP_000924997)	26.154	325	229	6	25	342	9	329	6.47e-25	102
g4243.t1	VFG013700(gb|WP_010934022)	33.134	335	212	7	17	342	11	342	5.36e-23	97.8
g4243.t1	VFG044106(gb|WP_002995381)	30.556	288	188	6	61	343	60	340	1.05e-22	97.1
g4243.t1	VFG016169(gb|WP_004665389)	29.595	321	213	6	27	342	15	327	2.12e-22	95.9
g4243.t1	VFG016168(gb|WP_011267801)	31.269	323	210	5	29	342	8	327	4.00e-22	95.1
g4243.t1	VFG013726(gb|WP_049780549)	34.314	306	191	5	39	342	32	329	6.42e-22	94.7
g4243.t1	VFG013742(gb|WP_010934775)	31.457	302	195	8	39	334	30	325	4.33e-21	92.4
g4243.t1	VFG044175(gb|WP_005460640)	31.250	304	193	8	35	329	36	332	1.36e-20	90.9
g4243.t1	VFG013745(gb|WP_011896758)	29.446	343	225	7	8	341	10	344	1.46e-20	90.9
g4243.t1	VFG013746(gb|WP_011013700)	29.446	343	225	7	8	341	10	344	1.57e-20	90.9
g4243.t1	VFG013744(gb|WP_006769635)	30.515	272	185	3	72	341	59	328	1.80e-20	90.5
g4243.t1	VFG044311(gb|WP_012492602)	32.890	301	191	6	42	338	392	685	2.67e-20	92.0
g4243.t1	VFG044311(gb|WP_012492602)	35.271	258	141	7	64	307	61	306	6.76e-14	72.4
g4243.t1	VFG013711(gb|WP_011075103)	32.258	310	192	6	43	342	28	329	5.57e-20	89.4
g4243.t1	VFG023807(gb|WP_003891337)	31.366	322	210	6	30	341	19	339	1.18e-19	88.2
g4243.t1	VFG048461(gb|WP_014228353)	35.254	295	169	9	58	342	49	331	1.71e-19	87.8
g4243.t1	VFG021791(gb|WP_013241845)	30.986	284	186	5	65	343	62	340	1.83e-19	87.8
g4243.t1	VFG013724(gb|WP_173362240)	32.281	285	164	6	75	341	24	297	1.95e-19	87.0
g4243.t1	VFG013701(gb|WP_034965332)	32.271	251	158	6	42	284	49	295	8.24e-19	86.3
g4243.t1	VFG021796(gb|WP_013240892)	35.000	280	173	6	61	334	69	345	8.67e-19	85.9
g4243.t1	VFG013725(gb|WP_010934399)	31.056	322	200	8	23	339	16	320	8.70e-19	85.5
g4243.t1	VFG007234(gb|WP_001880579)	31.525	295	180	8	1	282	1	286	2.80e-18	84.3
g4243.t1	VFG044227(gb|WP_193383915)	30.619	307	195	10	43	341	18	314	3.93e-17	80.9
g4243.t1	VFG007253(gb|WP_011081096)	28.571	301	194	11	55	341	21	314	8.49e-17	79.7
g4243.t1	VFG000926(gb|WP_001443194)	32.907	313	189	8	43	342	27	331	8.77e-17	80.1
g4243.t1	VFG013027(gb|WP_005019334)	32.907	313	189	8	43	342	27	331	9.38e-17	79.7
g4243.t1	VFG013032(gb|WP_005141140)	33.121	314	187	9	43	342	27	331	1.26e-16	79.7
g4243.t1	VFG007252(gb|WP_005482136)	28.105	306	202	8	49	341	14	314	1.52e-16	79.0
g4243.t1	VFG013029(gb|WP_001298899)	32.907	313	189	8	43	342	27	331	1.54e-16	79.3
g4243.t1	VFG013028(gb|NP_706446)	32.907	313	189	8	43	342	31	335	1.60e-16	79.3
g4243.t1	VFG037412(gb|WP_001210792)	29.710	276	183	6	72	342	44	313	1.74e-16	79.0
g4243.t1	VFG037417(gb|WP_085916975)	28.488	344	215	12	10	342	4	327	1.83e-16	79.0
g4243.t1	VFG037411(gb|WP_001210787)	30.108	279	178	8	72	342	44	313	3.12e-16	78.2
g4243.t1	VFG007254(gb|WP_011151969)	28.571	301	194	11	55	341	21	314	3.28e-16	78.2
g4243.t1	VFG037418(gb|WP_020753360)	29.710	276	183	6	72	342	44	313	4.66e-16	77.8
g4243.t1	VFG013743(gb|WP_005325331)	33.333	282	180	5	65	341	90	368	1.18e-15	77.0
g4243.t1	VFG007248(gb|WP_043921119)	26.101	318	209	9	32	342	4	302	1.78e-15	75.9
g4243.t1	VFG044249(gb|WP_011899038)	32.188	320	198	6	39	342	25	341	2.33e-15	75.9
g4243.t1	VFG044101(gb|NP_253395)	34.722	288	177	3	64	341	40	326	2.37e-15	75.9
g4243.t1	VFG007249(gb|WP_011151968)	26.298	289	195	7	61	342	32	309	9.08e-15	73.9
g4243.t1	VFG044268(gb|WP_000594530)	27.541	305	205	7	41	342	27	318	4.39e-14	72.0
g4243.t1	VFG007245(gb|WP_000735136)	24.000	325	221	9	25	342	4	309	6.12e-14	71.2
g4243.t1	VFG044409(gb|AAR12524)	26.032	315	223	8	32	342	5	313	9.23e-14	70.9
g4243.t1	VFG037414(gb|WP_012391956)	28.996	269	174	8	72	332	44	303	2.69e-13	69.3
g4243.t1	VFG037415(gb|YP_001085410)	29.213	267	178	6	81	342	2	262	5.32e-13	68.2
g4243.t1	VFG007247(gb|WP_005482134)	24.315	292	197	8	61	342	32	309	8.54e-13	68.2
g4243.t1	VFG007250(gb|WP_001154099)	24.068	295	215	4	55	341	21	314	8.53e-11	62.0
g4243.t1	VFG044221(gb|WP_000042061)	25.191	262	177	9	72	324	64	315	5.09e-10	60.1
g4243.t1	VFG044220(gb|WP_000631132)	22.896	297	205	10	60	341	65	352	6.95e-07	50.4
g189.t1	VFG044210(gb|WP_001061683)	32.547	636	412	10	64	685	43	675	2.53e-87	287
g189.t1	VFG044311(gb|WP_012492602)	30.971	649	406	9	62	680	48	684	3.90e-51	189
g189.t1	VFG044251(gb|WP_000136636)	32.482	274	170	5	415	680	60	326	2.24e-34	134
g189.t1	VFG044251(gb|WP_000136636)	29.080	337	222	9	27	354	4	332	1.09e-25	108
g189.t1	VFG044271(gb|WP_000989091)	33.117	308	200	4	382	684	16	322	3.17e-33	130
g189.t1	VFG044271(gb|WP_000989091)	28.528	326	219	5	29	352	9	322	9.53e-24	102
g189.t1	VFG044214(gb|WP_001036839)	32.014	278	188	1	408	685	47	323	5.29e-33	129
g189.t1	VFG044214(gb|WP_001036839)	28.261	322	214	6	36	350	9	320	7.87e-27	111
g189.t1	VFG021795(gb|WP_013240891)	34.643	280	172	5	411	685	53	326	2.05e-32	128
g189.t1	VFG021795(gb|WP_013240891)	30.233	301	201	6	54	348	24	321	5.33e-19	88.6
g189.t1	VFG021791(gb|WP_013241845)	30.375	293	184	3	404	685	56	339	1.10e-31	126
g189.t1	VFG021791(gb|WP_013241845)	27.855	359	223	9	1	348	1	334	2.84e-24	104
g189.t1	VFG044272(gb|WP_000974906)	28.613	346	226	7	348	682	3	338	3.58e-30	122
g189.t1	VFG044272(gb|WP_000974906)	27.077	325	227	5	29	347	15	335	5.05e-30	121
g189.t1	VFG013726(gb|WP_049780549)	35.273	275	172	2	414	685	58	329	4.63e-30	121
g189.t1	VFG013726(gb|WP_049780549)	29.703	303	196	7	65	356	36	332	2.67e-15	77.8
g189.t1	VFG044106(gb|WP_002995381)	29.577	284	194	2	67	350	59	336	3.10e-29	119
g189.t1	VFG044106(gb|WP_002995381)	31.000	300	196	5	390	684	45	338	3.29e-27	113
g189.t1	VFG013736(gb|WP_010934774)	31.522	276	186	3	411	685	43	316	4.31e-29	118
g189.t1	VFG013736(gb|WP_010934774)	30.293	307	195	8	53	350	17	313	2.07e-16	80.9
g189.t1	VFG048464(gb|WP_012542490)	35.461	282	161	8	415	685	60	331	3.20e-28	115
g189.t1	VFG048464(gb|WP_012542490)	32.624	282	179	5	75	350	52	328	5.65e-17	82.8
g189.t1	VFG048467(gb|WP_012068425)	35.461	282	161	8	415	685	60	331	3.23e-28	115
g189.t1	VFG048467(gb|WP_012068425)	31.429	280	185	5	75	350	52	328	5.80e-17	82.8
g189.t1	VFG048466(gb|WP_004223587)	35.461	282	161	8	415	685	60	331	3.29e-28	115
g189.t1	VFG048466(gb|WP_004223587)	31.429	280	185	5	75	350	52	328	5.86e-17	82.8
g189.t1	VFG048469(gb|WP_008805582)	35.461	282	161	8	415	685	60	331	3.32e-28	115
g189.t1	VFG048469(gb|WP_008805582)	32.624	282	179	5	75	350	52	328	4.28e-17	83.2
g189.t1	VFG048468(gb|WP_004176917)	35.461	282	161	8	415	685	60	331	3.90e-28	115
g189.t1	VFG048468(gb|WP_004176917)	31.429	280	185	5	75	350	52	328	6.79e-17	82.4
g189.t1	VFG013723(gb|WP_010934398)	30.526	285	187	4	407	682	37	319	8.19e-28	114
g189.t1	VFG013723(gb|WP_010934398)	33.566	286	161	9	86	353	48	322	3.76e-22	98.2
g189.t1	VFG013725(gb|WP_010934399)	30.816	331	203	8	366	682	2	320	1.49e-27	114
g189.t1	VFG013725(gb|WP_010934399)	30.526	285	189	6	75	355	46	325	9.64e-21	94.0
g189.t1	VFG048465(gb|YP_005225743)	35.106	282	162	8	415	685	60	331	1.52e-27	114
g189.t1	VFG048465(gb|YP_005225743)	31.429	280	185	5	75	350	52	328	9.54e-17	82.0
g189.t1	VFG000928(gb|WP_000640938)	35.379	277	170	6	413	685	57	328	1.87e-27	113
g189.t1	VFG000928(gb|WP_000640938)	31.481	216	147	1	77	291	53	268	5.57e-17	82.8
g189.t1	VFG021787(gb|WP_013241312)	30.769	273	184	4	83	351	72	343	4.72e-27	112
g189.t1	VFG021787(gb|WP_013241312)	29.178	353	217	10	350	682	3	342	1.74e-24	105
g189.t1	VFG044076(gb|YP_002344984)	30.189	318	182	10	384	679	21	320	1.16e-26	111
g189.t1	VFG044076(gb|YP_002344984)	25.581	301	196	9	58	347	37	320	1.34e-13	72.4
g189.t1	VFG044237(gb|WP_005175607)	33.223	301	184	10	64	353	36	330	2.12e-26	110
g189.t1	VFG044237(gb|WP_005175607)	33.333	285	167	6	415	685	55	330	1.75e-24	105
g189.t1	VFG048476(gb|WP_004223582)	37.319	276	164	6	414	685	58	328	3.00e-26	110
g189.t1	VFG048476(gb|WP_004223582)	32.110	218	147	1	77	293	53	270	4.55e-16	79.7
g189.t1	VFG044174(gb|WP_005460642)	30.824	279	191	2	75	352	44	321	5.84e-26	108
g189.t1	VFG044174(gb|WP_005460642)	33.700	273	173	3	414	682	51	319	1.48e-24	105
g189.t1	VFG048478(gb|WP_004147521)	37.500	280	158	7	414	685	58	328	6.87e-26	108
g189.t1	VFG048478(gb|WP_004147521)	32.110	218	147	1	77	293	53	270	2.43e-16	80.9
g189.t1	VFG048479(gb|WP_012968727)	37.500	280	158	7	414	685	58	328	7.07e-26	108
g189.t1	VFG048479(gb|WP_012968727)	32.110	218	147	1	77	293	53	270	2.43e-16	80.9
g189.t1	VFG044357(gb|WP_013317300)	34.545	275	174	3	415	685	77	349	1.22e-25	108
g189.t1	VFG044357(gb|WP_013317300)	30.164	305	194	7	60	353	53	349	2.27e-16	81.3
g189.t1	VFG013746(gb|WP_011013700)	32.416	327	199	8	372	684	26	344	1.28e-25	108
g189.t1	VFG013746(gb|WP_011013700)	28.966	290	193	6	72	353	61	345	2.60e-21	95.9
g189.t1	VFG044360(gb|WP_013318781)	32.852	277	173	6	415	684	87	357	1.69e-25	108
g189.t1	VFG044360(gb|WP_013318781)	29.582	311	188	8	58	353	64	358	3.72e-19	89.7
g189.t1	VFG048470(gb|WP_009653197)	35.870	276	168	6	414	685	58	328	1.73e-25	107
g189.t1	VFG048470(gb|WP_009653197)	31.651	218	148	1	77	293	53	270	2.37e-12	68.6
g189.t1	VFG013709(gb|WP_010934431)	29.553	291	194	7	68	351	57	343	1.93e-25	108
g189.t1	VFG013709(gb|WP_010934431)	28.975	283	197	3	404	682	60	342	4.15e-24	104
g189.t1	VFG013745(gb|WP_011896758)	32.416	327	199	8	372	684	26	344	2.01e-25	108
g189.t1	VFG013745(gb|WP_011896758)	28.966	290	193	6	72	353	61	345	2.88e-21	95.9
g189.t1	VFG044190(gb|WP_011179201)	30.928	291	169	6	411	680	77	356	7.40e-25	106
g189.t1	VFG044190(gb|WP_011179201)	29.139	302	202	6	67	357	65	365	5.15e-23	101
g189.t1	VFG044252(gb|WP_000924997)	29.304	273	185	4	415	682	57	326	1.11e-24	105
g189.t1	VFG044252(gb|WP_000924997)	26.207	290	210	3	64	350	38	326	2.26e-14	74.7
g189.t1	VFG013037(gb|WP_000640969)	32.014	278	178	6	413	685	57	328	1.55e-24	105
g189.t1	VFG013037(gb|WP_000640969)	31.481	216	147	1	77	291	53	268	7.48e-17	82.4
g189.t1	VFG013038(gb|WP_000640963)	32.014	278	178	6	413	685	57	328	1.58e-24	105
g189.t1	VFG013038(gb|WP_000640963)	31.481	216	147	1	77	291	53	268	8.59e-17	82.0
g189.t1	VFG013033(gb|WP_000640995)	32.979	282	170	7	413	685	57	328	1.75e-24	105
g189.t1	VFG013033(gb|WP_000640995)	31.481	216	147	1	77	291	53	268	7.69e-17	82.0
g189.t1	VFG021790(gb|WP_013241844)	28.676	272	187	1	418	682	43	314	1.84e-24	104
g189.t1	VFG021790(gb|WP_013241844)	30.822	292	169	11	86	357	43	321	9.47e-17	81.6
g189.t1	VFG013036(gb|WP_000640961)	32.014	278	178	6	413	685	57	328	2.01e-24	104
g189.t1	VFG013036(gb|WP_000640961)	31.944	216	146	1	77	291	53	268	3.92e-17	83.2
g189.t1	VFG013034(gb|NP_706445)	32.374	278	177	6	413	685	57	328	2.01e-24	104
g189.t1	VFG013034(gb|NP_706445)	31.944	216	146	1	77	291	53	268	3.92e-17	83.2
g189.t1	VFG044356(gb|WP_013317299)	32.609	276	178	4	415	685	66	338	2.20e-24	104
g189.t1	VFG044356(gb|WP_013317299)	28.882	322	210	5	35	350	27	335	3.34e-20	92.4
g189.t1	VFG044136(gb|WP_002209059)	31.683	303	192	9	64	356	36	333	2.52e-24	104
g189.t1	VFG044136(gb|WP_002209059)	33.793	290	159	11	415	685	55	330	3.01e-24	104
g189.t1	VFG013710(gb|WP_011273029)	31.387	274	181	6	83	351	71	342	3.33e-24	104
g189.t1	VFG013710(gb|WP_011273029)	29.043	303	191	5	394	685	55	344	2.12e-20	93.2
g189.t1	VFG012627(gb|WP_000910392)	31.429	280	184	5	83	355	52	330	3.50e-24	103
g189.t1	VFG012627(gb|WP_000910392)	33.333	288	164	8	415	685	52	328	6.58e-23	100
g189.t1	VFG012628(gb|NP_312413)	31.429	280	184	5	83	355	40	318	4.12e-24	103
g189.t1	VFG012628(gb|NP_312413)	33.333	288	164	8	415	685	40	316	5.83e-23	100
g189.t1	VFG034360(gb|WP_000910405)	31.429	280	184	5	83	355	52	330	4.18e-24	103
g189.t1	VFG034360(gb|WP_000910405)	33.333	288	164	9	415	685	52	328	3.48e-23	101
g189.t1	VFG007236(gb|WP_000447980)	29.577	284	196	3	404	685	75	356	4.77e-24	104
g189.t1	VFG007236(gb|WP_000447980)	32.616	279	172	8	83	353	86	356	9.42e-16	79.3
g189.t1	VFG034357(gb|WP_000910391)	31.429	280	184	5	83	355	52	330	4.95e-24	103
g189.t1	VFG034357(gb|WP_000910391)	32.986	288	165	8	415	685	52	328	2.78e-23	101
g189.t1	VFG016171(gb|WP_011168765)	33.681	288	172	6	407	685	66	343	6.11e-24	103
g189.t1	VFG016171(gb|WP_011168765)	31.142	289	189	5	66	348	54	338	6.42e-19	88.6
g189.t1	VFG000922(gb|WP_000910402)	31.071	280	185	5	83	355	52	330	1.60e-23	102
g189.t1	VFG000922(gb|WP_000910402)	33.333	288	164	9	415	685	52	328	3.68e-23	100
g189.t1	VFG034354(gb|WP_000910400)	31.071	280	185	5	83	355	52	330	1.65e-23	102
g189.t1	VFG034354(gb|WP_000910400)	33.333	288	164	9	415	685	52	328	3.51e-23	101
g189.t1	VFG012630(gb|WP_000910399)	31.071	280	185	5	83	355	52	330	1.68e-23	102
g189.t1	VFG012630(gb|WP_000910399)	33.333	288	164	9	415	685	52	328	3.79e-23	100
g189.t1	VFG013069(gb|WP_005019013)	31.071	280	185	5	83	355	40	318	1.70e-23	101
g189.t1	VFG013069(gb|WP_005019013)	33.333	288	164	9	415	685	40	316	3.93e-23	100
g189.t1	VFG013713(gb|WP_003859752)	29.474	285	187	8	75	351	74	352	2.77e-23	102
g189.t1	VFG013713(gb|WP_003859752)	30.117	342	208	12	367	685	21	354	1.07e-22	100
g189.t1	VFG013712(gb|WP_003855485)	29.474	285	187	8	75	351	74	352	2.83e-23	102
g189.t1	VFG013712(gb|WP_003855485)	30.000	290	184	8	408	685	72	354	2.18e-22	99.4
g189.t1	VFG013739(gb|WP_011896757)	30.182	275	187	5	414	685	109	381	3.35e-23	102
g189.t1	VFG013739(gb|WP_011896757)	29.643	280	174	7	83	350	110	378	1.15e-20	94.7
g189.t1	VFG016170(gb|WP_011267802)	33.452	281	178	4	407	683	66	341	3.81e-23	101
g189.t1	VFG016170(gb|WP_011267802)	32.624	282	175	6	73	348	66	338	5.80e-20	91.7
g189.t1	VFG013740(gb|WP_011013699)	30.182	275	187	5	414	685	107	379	4.51e-23	102
g189.t1	VFG013740(gb|WP_011013699)	29.643	280	174	7	83	350	108	376	1.33e-20	94.4
g189.t1	VFG044440(gb|CAF25488)	32.509	283	175	6	415	684	31	310	9.22e-23	99.4
g189.t1	VFG044440(gb|CAF25488)	31.210	314	196	7	54	352	2	310	8.60e-21	93.6
g189.t1	VFG048461(gb|WP_014228353)	35.315	286	156	9	415	685	60	331	1.07e-22	99.8
g189.t1	VFG048461(gb|WP_014228353)	31.076	251	164	6	105	350	82	328	4.30e-12	67.8
g189.t1	VFG044361(gb|WP_033112376)	34.182	275	174	4	414	685	73	343	2.59e-22	99.0
g189.t1	VFG044361(gb|WP_033112376)	32.971	276	164	5	85	350	76	340	5.87e-17	82.8
g189.t1	VFG013744(gb|WP_006769635)	30.031	323	197	7	380	684	17	328	1.69e-21	96.3
g189.t1	VFG013744(gb|WP_006769635)	29.044	272	191	2	82	352	58	328	6.21e-21	94.4
g189.t1	VFG013742(gb|WP_010934775)	29.225	284	176	3	415	685	62	333	2.54e-21	95.9
g189.t1	VFG013742(gb|WP_010934775)	29.866	298	186	6	64	345	35	325	5.37e-16	79.7
g189.t1	VFG016168(gb|WP_011267801)	30.357	280	187	3	411	685	51	327	2.69e-21	95.5
g189.t1	VFG016168(gb|WP_011267801)	27.609	297	197	8	64	350	36	324	3.16e-17	83.2
g189.t1	VFG013029(gb|WP_001298899)	34.875	281	172	6	411	685	56	331	3.43e-21	95.1
g189.t1	VFG013029(gb|WP_001298899)	29.502	261	155	7	105	350	82	328	1.44e-10	63.2
g189.t1	VFG013028(gb|NP_706446)	34.875	281	172	6	411	685	60	335	3.77e-21	95.1
g189.t1	VFG013028(gb|NP_706446)	29.502	261	155	7	105	350	86	332	1.49e-10	63.2
g189.t1	VFG013027(gb|WP_005019334)	35.379	277	168	6	415	685	60	331	4.21e-21	95.1
g189.t1	VFG013027(gb|WP_005019334)	29.502	261	155	7	105	350	82	328	1.59e-10	63.2
g189.t1	VFG013032(gb|WP_005141140)	35.379	277	168	6	415	685	60	331	5.99e-21	94.7
g189.t1	VFG013032(gb|WP_005141140)	29.502	261	155	7	105	350	82	328	8.47e-11	63.9
g189.t1	VFG016169(gb|WP_004665389)	28.929	280	191	3	411	685	51	327	6.65e-21	94.4
g189.t1	VFG016169(gb|WP_004665389)	28.939	311	199	9	49	350	27	324	2.67e-19	89.7
g189.t1	VFG000926(gb|WP_001443194)	34.397	282	172	8	411	685	56	331	1.04e-20	94.0
g189.t1	VFG000926(gb|WP_001443194)	29.450	309	190	6	56	350	34	328	2.38e-10	62.4
g189.t1	VFG044280(gb|WP_004244967)	32.740	281	175	8	415	685	83	359	1.18e-20	94.0
g189.t1	VFG044280(gb|WP_004244967)	28.852	305	194	6	62	352	62	357	7.93e-16	79.7
g189.t1	VFG013738(gb|WP_006769636)	31.457	302	189	9	388	685	50	337	3.74e-20	92.4
g189.t1	VFG013738(gb|WP_006769636)	28.013	307	192	11	62	350	39	334	5.33e-06	48.9
g189.t1	VFG021854(gb|WP_003891338)	30.479	292	173	7	411	685	73	351	6.28e-20	91.7
g189.t1	VFG021854(gb|WP_003891338)	32.601	273	174	6	83	348	77	346	1.78e-18	87.4
g189.t1	VFG044175(gb|WP_005460640)	31.475	305	173	10	400	684	57	345	7.64e-20	91.7
g189.t1	VFG044175(gb|WP_005460640)	30.032	313	201	7	50	353	42	345	2.04e-19	90.1
g189.t1	VFG013711(gb|WP_011075103)	35.235	298	167	11	403	683	42	330	1.64e-19	90.1
g189.t1	VFG013711(gb|WP_011075103)	30.847	295	182	5	69	348	37	324	2.35e-16	80.9
g189.t1	VFG044268(gb|WP_000594530)	30.897	301	192	6	389	685	30	318	2.59e-19	89.4
g189.t1	VFG044268(gb|WP_000594530)	27.974	311	204	8	43	348	18	313	3.15e-10	62.0
g189.t1	VFG044294(gb|WP_004243180)	30.325	277	182	4	415	683	47	320	8.72e-19	87.8
g189.t1	VFG044294(gb|WP_004243180)	26.667	315	180	6	64	350	28	319	6.69e-18	85.5
g189.t1	VFG044227(gb|WP_193383915)	32.333	300	184	10	63	352	24	314	8.76e-19	87.8
g189.t1	VFG044227(gb|WP_193383915)	26.523	279	186	7	415	684	46	314	2.78e-12	68.2
g189.t1	VFG023807(gb|WP_003891337)	29.487	312	192	9	384	684	45	339	1.05e-18	88.2
g189.t1	VFG023807(gb|WP_003891337)	26.852	324	228	5	36	356	26	343	3.54e-13	71.2
g189.t1	VFG013724(gb|WP_173362240)	30.292	274	180	3	418	682	24	295	1.47e-18	87.0
g189.t1	VFG013724(gb|WP_173362240)	28.571	301	168	10	79	352	17	297	1.48e-12	68.9
g189.t1	VFG013737(gb|WP_005325330)	33.333	294	178	7	405	685	72	360	2.79e-18	87.0
g189.t1	VFG013737(gb|WP_005325330)	30.932	236	134	7	74	290	75	300	2.70e-14	75.1
g189.t1	VFG034365(gb|WP_000910398)	31.071	280	185	5	83	355	52	330	2.93e-18	86.7
g189.t1	VFG034365(gb|WP_000910398)	32.517	286	169	9	415	685	52	328	3.96e-17	83.2
g189.t1	VFG044111(gb|WP_003817862)	32.069	290	182	8	72	354	33	314	3.62e-18	85.9
g189.t1	VFG044111(gb|WP_003817862)	33.099	284	163	9	415	685	44	313	2.49e-17	83.6
g189.t1	VFG007245(gb|WP_000735136)	25.817	306	189	8	393	685	29	309	8.97e-17	81.6
g189.t1	VFG007245(gb|WP_000735136)	25.177	282	181	7	82	350	42	306	1.19e-11	66.2
g189.t1	VFG021796(gb|WP_013240892)	32.727	275	176	6	415	685	82	351	1.01e-16	82.4
g189.t1	VFG021796(gb|WP_013240892)	28.523	298	196	8	57	345	56	345	4.98e-12	67.8
g189.t1	VFG013743(gb|WP_005325331)	32.384	281	176	7	411	683	93	367	1.25e-16	82.0
g189.t1	VFG013743(gb|WP_005325331)	29.861	288	186	4	74	352	88	368	2.76e-16	81.3
g189.t1	VFG007248(gb|WP_043921119)	27.178	287	188	9	408	685	29	303	1.43e-15	78.2
g189.t1	VFG007248(gb|WP_043921119)	28.159	277	185	5	82	353	35	302	8.83e-12	66.6
g189.t1	VFG007249(gb|WP_011151968)	27.178	287	188	9	408	685	36	310	1.65e-15	77.8
g189.t1	VFG007249(gb|WP_011151968)	28.159	277	185	5	82	353	42	309	1.01e-11	66.6
g189.t1	VFG007234(gb|WP_001880579)	32.979	282	163	7	415	682	75	344	2.15e-15	78.2
g189.t1	VFG007234(gb|WP_001880579)	30.000	310	197	10	54	352	46	346	9.28e-12	67.0
g189.t1	VFG044409(gb|AAR12524)	29.749	279	175	9	82	350	43	310	2.40e-14	74.3
g189.t1	VFG044409(gb|AAR12524)	25.806	279	190	6	415	685	44	313	3.25e-13	70.9
g189.t1	VFG007247(gb|WP_005482134)	26.441	295	201	7	64	353	26	309	5.21e-14	73.6
g189.t1	VFG007247(gb|WP_005482134)	23.404	282	204	4	408	685	36	309	1.17e-11	66.2
g189.t1	VFG013701(gb|WP_034965332)	31.230	317	190	10	382	685	53	354	5.40e-14	73.9
g189.t1	VFG013701(gb|WP_034965332)	27.848	237	166	3	62	293	59	295	2.28e-12	68.9
g189.t1	VFG037417(gb|WP_085916975)	26.165	279	189	6	415	685	58	327	1.67e-13	72.0
g189.t1	VFG037417(gb|WP_085916975)	30.035	283	169	12	82	350	57	324	4.18e-12	67.8
g189.t1	VFG037411(gb|WP_001210787)	26.165	279	189	6	415	685	44	313	1.76e-13	72.0
g189.t1	VFG037411(gb|WP_001210787)	30.035	283	169	12	82	350	43	310	3.82e-12	67.8
g189.t1	VFG037412(gb|WP_001210792)	26.165	279	189	6	415	685	44	313	1.77e-13	72.0
g189.t1	VFG037412(gb|WP_001210792)	30.000	280	173	11	82	350	43	310	1.24e-12	69.3
g189.t1	VFG037418(gb|WP_020753360)	26.165	279	189	6	415	685	44	313	2.96e-13	71.2
g189.t1	VFG037418(gb|WP_020753360)	30.000	280	173	11	82	350	43	310	3.86e-12	67.8
g189.t1	VFG007252(gb|WP_005482136)	21.474	312	230	3	380	684	11	314	7.14e-13	70.1
g189.t1	VFG013700(gb|WP_010934022)	31.338	284	173	8	415	685	68	342	1.23e-12	69.7
g189.t1	VFG013700(gb|WP_010934022)	27.761	335	229	8	23	348	7	337	1.39e-09	60.1
g189.t1	VFG037414(gb|WP_012391956)	30.522	249	147	10	82	317	43	278	2.82e-12	68.2
g189.t1	VFG037414(gb|WP_012391956)	26.316	266	179	6	415	672	44	300	8.37e-12	66.6
g189.t1	VFG037415(gb|YP_001085410)	23.105	277	184	5	423	685	1	262	7.45e-11	63.2
g189.t1	VFG037415(gb|YP_001085410)	29.520	271	168	11	91	350	1	259	1.46e-10	62.4
g189.t1	VFG044221(gb|WP_000042061)	23.929	280	192	7	408	677	57	325	3.76e-10	62.0
g189.t1	VFG044221(gb|WP_000042061)	26.068	234	155	7	78	302	59	283	5.42e-07	52.0
g189.t1	VFG044101(gb|NP_253395)	32.192	292	173	9	76	350	41	324	4.55e-10	61.6
g189.t1	VFG044101(gb|NP_253395)	30.634	284	174	5	415	682	48	324	1.08e-06	51.2
g189.t1	VFG044249(gb|WP_011899038)	31.449	283	180	4	415	685	61	341	9.08e-10	60.8
g189.t1	VFG044249(gb|WP_011899038)	30.208	288	183	5	77	350	55	338	7.73e-09	57.8
g189.t1	VFG007253(gb|WP_011081096)	25.175	286	199	7	409	683	32	313	3.78e-08	55.5
g189.t1	VFG007254(gb|WP_011151969)	25.175	286	199	7	409	683	32	313	4.68e-08	55.5
g189.t1	VFG044410(gb|AAR12525)	23.457	243	171	4	404	633	27	267	2.64e-07	53.1
g189.t1	VFG044220(gb|WP_000631132)	25.000	212	150	3	415	618	76	286	9.02e-07	51.6
g189.t1	VFG007250(gb|WP_001154099)	21.603	287	210	7	409	684	32	314	9.40e-07	51.2
g189.t1	VFG037400(gb|WP_001223274)	24.521	261	146	6	404	633	25	265	2.60e-06	49.7
g189.t1	VFG037406(gb|WP_001223281)	24.521	261	146	6	404	633	25	265	5.20e-06	48.9
g189.t1	VFG037398(gb|WP_001223285)	24.715	263	143	7	404	633	25	265	7.10e-06	48.5
g189.t1	VFG037404(gb|WP_001223271)	24.715	263	143	7	404	633	25	265	7.29e-06	48.5
g549.t1	VFG013037(gb|WP_000640969)	87.273	330	42	0	1	330	1	330	0.0	513
g549.t1	VFG013033(gb|WP_000640995)	87.273	330	42	0	1	330	1	330	0.0	513
g549.t1	VFG013038(gb|WP_000640963)	86.970	330	43	0	1	330	1	330	0.0	511
g549.t1	VFG013036(gb|WP_000640961)	86.364	330	45	0	1	330	1	330	0.0	509
g549.t1	VFG013034(gb|NP_706445)	86.061	330	46	0	1	330	1	330	0.0	509
g549.t1	VFG000928(gb|WP_000640938)	86.970	330	43	0	1	330	1	330	0.0	506
g549.t1	VFG048478(gb|WP_004147521)	84.242	330	52	0	1	330	1	330	1.63e-179	499
g549.t1	VFG048479(gb|WP_012968727)	83.939	330	53	0	1	330	1	330	3.35e-179	498
g549.t1	VFG048476(gb|WP_004223582)	83.939	330	53	0	1	330	1	330	1.66e-178	496
g549.t1	VFG048470(gb|WP_009653197)	83.030	330	56	0	1	330	1	330	2.58e-160	451
g549.t1	VFG044361(gb|WP_033112376)	58.667	300	124	0	30	329	45	344	1.40e-94	284
g549.t1	VFG013739(gb|WP_011896757)	47.239	326	170	2	7	330	58	383	2.45e-89	272
g549.t1	VFG013740(gb|WP_011013699)	47.239	326	170	2	7	330	56	381	3.59e-89	272
g549.t1	VFG021795(gb|WP_013240891)	47.297	296	156	0	34	329	32	327	3.61e-88	267
g549.t1	VFG021854(gb|WP_003891338)	44.713	331	178	1	4	329	22	352	8.06e-86	262
g549.t1	VFG013736(gb|WP_010934774)	46.570	277	148	0	54	330	42	318	4.42e-77	238
g549.t1	VFG007236(gb|WP_000447980)	42.202	327	187	2	4	328	30	356	1.00e-67	216
g549.t1	VFG013737(gb|WP_005325330)	40.000	310	176	3	30	330	54	362	3.76e-50	170
g549.t1	VFG016171(gb|WP_011168765)	37.097	310	192	2	22	328	34	343	1.45e-48	166
g549.t1	VFG016170(gb|WP_011267802)	36.755	302	188	2	30	328	42	343	4.88e-47	162
g549.t1	VFG044357(gb|WP_013317300)	36.928	306	190	2	26	328	44	349	5.19e-45	156
g549.t1	VFG044214(gb|WP_001036839)	32.727	330	198	6	8	328	9	323	1.75e-42	149
g549.t1	VFG044174(gb|WP_005460642)	35.294	306	185	6	26	325	21	319	4.18e-41	145
g549.t1	VFG044251(gb|WP_000136636)	33.798	287	184	4	45	328	48	331	4.43e-41	145
g549.t1	VFG044237(gb|WP_005175607)	36.859	312	186	6	26	330	25	332	1.60e-40	144
g549.t1	VFG013709(gb|WP_010934431)	33.808	281	180	4	54	329	67	346	6.97e-40	143
g549.t1	VFG013738(gb|WP_006769636)	36.667	300	189	1	30	329	40	338	8.64e-40	142
g549.t1	VFG013713(gb|WP_003859752)	32.153	339	211	10	5	329	22	355	9.56e-40	143
g549.t1	VFG013712(gb|WP_003855485)	32.153	339	211	10	5	329	22	355	1.87e-39	142
g549.t1	VFG044190(gb|WP_011179201)	33.333	285	179	4	53	326	75	359	2.57e-39	142
g549.t1	VFG044271(gb|WP_000989091)	34.432	273	176	3	53	323	47	318	3.60e-39	140
g549.t1	VFG044136(gb|WP_002209059)	36.918	279	168	5	59	330	55	332	1.10e-38	139
g549.t1	VFG021787(gb|WP_013241312)	33.434	332	212	6	5	329	17	346	1.30e-38	140
g549.t1	VFG013069(gb|WP_005019013)	36.395	294	177	4	42	328	26	316	1.67e-38	139
g549.t1	VFG034354(gb|WP_000910400)	36.054	294	178	4	42	328	38	328	1.29e-37	136
g549.t1	VFG012630(gb|WP_000910399)	36.054	294	178	4	42	328	38	328	1.45e-37	136
g549.t1	VFG000922(gb|WP_000910402)	36.054	294	178	4	42	328	38	328	1.51e-37	136
g549.t1	VFG034360(gb|WP_000910405)	36.054	294	178	4	42	328	38	328	1.57e-37	136
g549.t1	VFG012628(gb|NP_312413)	36.054	294	178	4	42	328	26	316	1.92e-37	135
g549.t1	VFG012627(gb|WP_000910392)	36.054	294	178	4	42	328	38	328	2.00e-37	136
g549.t1	VFG044210(gb|WP_001061683)	32.249	338	199	9	6	329	355	676	2.23e-37	141
g549.t1	VFG044210(gb|WP_001061683)	34.783	276	174	5	59	330	61	334	2.95e-29	117
g549.t1	VFG034357(gb|WP_000910391)	36.054	294	178	4	42	328	38	328	6.94e-37	134
g549.t1	VFG013710(gb|WP_011273029)	33.684	285	175	6	54	329	66	345	1.64e-36	134
g549.t1	VFG013746(gb|WP_011013700)	31.722	331	218	5	4	330	18	344	3.40e-36	133
g549.t1	VFG044356(gb|WP_013317299)	36.825	315	189	6	21	328	27	338	3.95e-36	133
g549.t1	VFG013745(gb|WP_011896758)	31.722	331	218	5	4	330	18	344	5.26e-36	132
g549.t1	VFG044360(gb|WP_013318781)	36.691	278	170	5	54	327	82	357	1.33e-34	129
g549.t1	VFG044106(gb|WP_002995381)	33.110	299	197	3	26	323	38	334	3.45e-33	125
g549.t1	VFG016168(gb|WP_011267801)	35.484	310	190	6	26	328	21	327	4.21e-33	124
g549.t1	VFG048469(gb|WP_008805582)	37.049	305	182	8	30	328	31	331	6.52e-33	124
g549.t1	VFG048464(gb|WP_012542490)	36.721	305	183	8	30	328	31	331	1.55e-32	123
g549.t1	VFG016169(gb|WP_004665389)	36.332	289	175	5	46	328	42	327	1.57e-32	123
g549.t1	VFG044294(gb|WP_004243180)	34.657	277	173	4	57	326	45	320	1.66e-32	123
g549.t1	VFG048466(gb|WP_004223587)	35.714	308	182	9	30	328	31	331	2.50e-32	122
g549.t1	VFG048468(gb|WP_004176917)	35.714	308	182	9	30	328	31	331	3.07e-32	122
g549.t1	VFG048467(gb|WP_012068425)	35.714	308	182	9	30	328	31	331	3.66e-32	122
g549.t1	VFG048465(gb|YP_005225743)	35.714	308	182	9	30	328	31	331	4.88e-32	122
g549.t1	VFG044252(gb|WP_000924997)	31.902	326	210	11	13	330	9	330	7.74e-32	121
g549.t1	VFG044272(gb|WP_000974906)	28.525	305	209	6	30	329	42	342	6.94e-31	119
g549.t1	VFG044440(gb|CAF25488)	33.670	297	184	5	45	329	17	312	1.32e-30	117
g549.t1	VFG034365(gb|WP_000910398)	36.395	294	177	4	42	328	38	328	3.08e-30	117
g549.t1	VFG013744(gb|WP_006769635)	31.737	334	217	6	2	330	4	331	5.07e-30	116
g549.t1	VFG044175(gb|WP_005460640)	33.904	292	176	8	46	327	60	344	5.98e-28	111
g549.t1	VFG013032(gb|WP_005141140)	36.859	312	181	9	26	328	27	331	5.38e-27	108
g549.t1	VFG013029(gb|WP_001298899)	36.859	312	181	9	26	328	27	331	8.67e-27	107
g549.t1	VFG013027(gb|WP_005019334)	36.859	312	181	9	26	328	27	331	1.14e-26	107
g549.t1	VFG013028(gb|NP_706446)	36.859	312	181	9	26	328	31	335	1.41e-26	107
g549.t1	VFG000926(gb|WP_001443194)	36.859	312	181	9	26	328	27	331	2.24e-26	106
g549.t1	VFG044311(gb|WP_012492602)	36.264	273	169	4	57	326	417	687	3.17e-26	109
g549.t1	VFG044311(gb|WP_012492602)	34.551	301	159	10	46	326	56	338	1.72e-19	89.4
g549.t1	VFG013726(gb|WP_049780549)	36.727	275	169	4	57	328	57	329	1.13e-25	105
g549.t1	VFG048461(gb|WP_014228353)	36.452	310	185	8	26	328	27	331	1.48e-25	104
g549.t1	VFG013711(gb|WP_011075103)	36.111	288	170	6	54	329	46	331	6.41e-25	102
g549.t1	VFG021791(gb|WP_013241845)	31.429	280	177	5	57	328	67	339	8.89e-25	102
g549.t1	VFG013725(gb|WP_010934399)	31.047	277	186	4	57	330	51	325	1.68e-24	101
g549.t1	VFG044280(gb|WP_004244967)	32.639	288	179	6	53	330	77	359	4.89e-24	100
g549.t1	VFG013743(gb|WP_005325331)	35.484	279	171	5	54	326	92	367	7.39e-24	100
g549.t1	VFG044076(gb|YP_002344984)	30.627	271	168	9	54	315	54	313	8.94e-24	99.4
g549.t1	VFG021790(gb|WP_013241844)	32.463	268	161	7	62	315	43	304	1.16e-23	99.0
g549.t1	VFG013723(gb|WP_010934398)	32.155	283	165	9	46	311	33	305	1.27e-23	99.0
g549.t1	VFG023807(gb|WP_003891337)	32.979	282	181	6	54	330	63	341	4.23e-23	97.8
g549.t1	VFG013742(gb|WP_010934775)	30.794	315	203	11	24	330	27	334	8.34e-23	97.1
g549.t1	VFG044268(gb|WP_000594530)	29.643	280	182	4	55	330	52	320	3.66e-22	94.7
g549.t1	VFG044111(gb|WP_003817862)	32.907	313	203	5	21	328	3	313	6.47e-22	94.0
g549.t1	VFG013700(gb|WP_010934022)	30.030	333	222	6	5	328	12	342	1.16e-19	88.2
g549.t1	VFG044101(gb|NP_253395)	33.538	325	189	9	24	325	4	324	6.14e-19	85.9
g549.t1	VFG007234(gb|WP_001880579)	33.333	225	148	2	46	268	62	286	2.04e-18	84.7
g549.t1	VFG013701(gb|WP_034965332)	31.522	276	182	4	59	328	80	354	2.13e-18	84.7
g549.t1	VFG013724(gb|WP_173362240)	30.466	279	179	6	62	329	24	298	3.22e-18	83.6
g549.t1	VFG044227(gb|WP_193383915)	28.369	282	188	8	53	327	40	314	5.89e-17	80.1
g549.t1	VFG007249(gb|WP_011151968)	25.763	295	203	7	41	329	26	310	8.31e-17	79.7
g549.t1	VFG007248(gb|WP_043921119)	25.763	295	203	7	41	329	19	303	8.90e-17	79.3
g549.t1	VFG044249(gb|WP_011899038)	33.645	321	192	7	26	328	24	341	1.73e-16	79.0
g549.t1	VFG007253(gb|WP_011081096)	27.243	301	161	11	59	326	38	313	4.36e-16	77.4
g549.t1	VFG007254(gb|WP_011151969)	27.243	301	161	11	59	326	38	313	7.04e-16	77.0
g549.t1	VFG007245(gb|WP_000735136)	24.727	275	196	5	59	329	43	310	1.87e-15	75.9
g549.t1	VFG044409(gb|AAR12524)	24.275	276	197	5	59	328	44	313	1.61e-14	73.2
g549.t1	VFG007247(gb|WP_005482134)	20.962	291	213	8	45	329	31	310	1.80e-14	72.8
g549.t1	VFG021796(gb|WP_013240892)	30.293	307	195	10	32	329	56	352	2.91e-14	72.8
g549.t1	VFG037412(gb|WP_001210792)	24.643	280	203	6	53	328	38	313	3.50e-14	72.0
g549.t1	VFG037411(gb|WP_001210787)	25.714	280	200	7	53	328	38	313	2.63e-13	69.3
g549.t1	VFG037417(gb|WP_085916975)	25.714	280	200	7	53	328	52	327	2.86e-13	69.3
g549.t1	VFG037418(gb|WP_020753360)	25.088	283	198	7	53	328	38	313	3.24e-13	69.3
g549.t1	VFG044221(gb|WP_000042061)	27.143	280	172	12	59	322	64	327	4.37e-12	65.9
g549.t1	VFG007252(gb|WP_005482136)	24.150	294	181	9	59	327	38	314	2.75e-11	63.5
g549.t1	VFG037415(gb|YP_001085410)	24.060	266	194	6	67	328	1	262	8.47e-11	61.6
g549.t1	VFG037414(gb|WP_012391956)	24.815	270	195	7	53	318	38	303	6.56e-10	59.3
g549.t1	VFG007250(gb|WP_001154099)	24.739	287	188	10	59	327	38	314	1.47e-09	58.2
g549.t1	VFG044410(gb|AAR12525)	24.746	295	189	14	57	328	32	316	1.63e-08	55.1
g549.t1	VFG044226(gb|WP_011533699)	26.621	293	177	13	58	325	32	311	5.55e-06	47.4
g705.t1	VFG044280(gb|WP_004244967)	74.051	316	82	0	12	327	45	360	3.03e-153	434
g705.t1	VFG013701(gb|WP_034965332)	48.553	311	157	3	18	327	48	356	1.24e-81	251
g705.t1	VFG013700(gb|WP_010934022)	46.875	320	167	2	9	327	27	344	1.08e-77	241
g705.t1	VFG013709(gb|WP_010934431)	38.141	312	186	4	19	327	42	349	2.09e-58	191
g705.t1	VFG021787(gb|WP_013241312)	38.138	333	195	6	1	327	22	349	3.20e-57	188
g705.t1	VFG044237(gb|WP_005175607)	39.286	280	169	1	46	324	50	329	4.04e-52	174
g705.t1	VFG044190(gb|WP_011179201)	39.274	303	175	5	32	326	61	362	4.89e-52	175
g705.t1	VFG044136(gb|WP_002209059)	37.333	300	187	1	25	324	31	329	2.53e-51	172
g705.t1	VFG013710(gb|WP_011273029)	36.646	322	198	4	3	322	24	341	2.92e-51	173
g705.t1	VFG044440(gb|CAF25488)	39.130	299	177	2	34	327	15	313	1.38e-47	162
g705.t1	VFG013712(gb|WP_003855485)	37.143	280	171	3	45	323	76	351	1.54e-46	160
g705.t1	VFG013713(gb|WP_003859752)	37.143	280	171	3	45	323	76	351	1.64e-46	160
g705.t1	VFG012628(gb|NP_312413)	35.897	312	184	4	19	324	14	315	9.76e-45	155
g705.t1	VFG012627(gb|WP_000910392)	35.897	312	184	4	19	324	26	327	1.59e-44	154
g705.t1	VFG000922(gb|WP_000910402)	35.897	312	184	4	19	324	26	327	2.14e-44	154
g705.t1	VFG034360(gb|WP_000910405)	35.897	312	184	4	19	324	26	327	2.49e-44	154
g705.t1	VFG012630(gb|WP_000910399)	35.897	312	184	4	19	324	26	327	3.10e-44	154
g705.t1	VFG034357(gb|WP_000910391)	35.897	312	184	4	19	324	26	327	3.24e-44	154
g705.t1	VFG013069(gb|WP_005019013)	35.897	312	184	4	19	324	14	315	4.93e-44	153
g705.t1	VFG034354(gb|WP_000910400)	36.093	302	177	4	29	324	36	327	5.55e-44	153
g705.t1	VFG044294(gb|WP_004243180)	32.692	312	203	2	13	323	15	320	3.05e-41	146
g705.t1	VFG044076(gb|YP_002344984)	31.090	312	192	6	19	324	31	325	5.03e-40	143
g705.t1	VFG044111(gb|WP_003817862)	38.835	309	164	4	19	324	26	312	3.19e-39	140
g705.t1	VFG013746(gb|WP_011013700)	32.153	339	199	12	1	326	26	346	1.38e-37	137
g705.t1	VFG013745(gb|WP_011896758)	32.153	339	199	12	1	326	26	346	2.18e-37	136
g705.t1	VFG034365(gb|WP_000910398)	35.897	312	184	4	19	324	26	327	3.91e-37	135
g705.t1	VFG048468(gb|WP_004176917)	34.824	313	186	6	17	323	29	329	6.26e-37	135
g705.t1	VFG048467(gb|WP_012068425)	34.824	313	186	6	17	323	29	329	6.73e-37	135
g705.t1	VFG048469(gb|WP_008805582)	34.824	313	186	6	17	323	29	329	8.30e-37	134
g705.t1	VFG048465(gb|YP_005225743)	34.824	313	186	6	17	323	29	329	9.70e-37	134
g705.t1	VFG048466(gb|WP_004223587)	34.727	311	185	6	19	323	31	329	1.65e-36	134
g705.t1	VFG048464(gb|WP_012542490)	34.505	313	187	6	17	323	29	329	2.01e-36	133
g705.t1	VFG044174(gb|WP_005460642)	31.317	281	188	3	45	325	47	322	2.40e-36	133
g705.t1	VFG044101(gb|NP_253395)	40.909	308	169	4	21	324	28	326	1.37e-35	131
g705.t1	VFG016168(gb|WP_011267801)	34.154	325	189	7	12	322	11	324	1.11e-31	120
g705.t1	VFG016169(gb|WP_004665389)	32.047	337	179	5	9	322	15	324	3.41e-31	119
g705.t1	VFG013032(gb|WP_005141140)	38.658	313	175	8	19	325	31	332	9.44e-31	118
g705.t1	VFG013028(gb|NP_706446)	38.170	317	171	9	19	325	35	336	1.04e-30	118
g705.t1	VFG013029(gb|WP_001298899)	38.170	317	171	9	19	325	31	332	1.12e-30	118
g705.t1	VFG013711(gb|WP_011075103)	36.897	290	166	4	45	324	46	328	1.14e-30	118
g705.t1	VFG000926(gb|WP_001443194)	38.170	317	171	9	19	325	31	332	1.41e-30	118
g705.t1	VFG013027(gb|WP_005019334)	38.170	317	171	9	19	325	31	332	1.84e-30	117
g705.t1	VFG021796(gb|WP_013240892)	33.754	317	201	5	13	327	46	355	8.32e-30	116
g705.t1	VFG044360(gb|WP_013318781)	37.288	295	158	11	43	326	80	358	4.41e-29	114
g705.t1	VFG044210(gb|WP_001061683)	31.387	274	176	4	48	317	402	667	1.83e-28	115
g705.t1	VFG044210(gb|WP_001061683)	30.599	317	206	7	14	326	27	333	1.27e-24	104
g705.t1	VFG044271(gb|WP_000989091)	27.469	324	218	6	4	324	13	322	2.37e-28	111
g705.t1	VFG048461(gb|WP_014228353)	35.962	317	178	9	19	325	31	332	2.57e-28	112
g705.t1	VFG013744(gb|WP_006769635)	32.616	279	175	4	50	324	59	328	1.35e-27	110
g705.t1	VFG044252(gb|WP_000924997)	28.267	329	222	7	2	327	14	331	1.53e-27	109
g705.t1	VFG044356(gb|WP_013317299)	34.551	301	175	8	31	322	48	335	1.60e-27	109
g705.t1	VFG044272(gb|WP_000974906)	28.115	313	214	6	12	322	35	338	2.50e-27	109
g705.t1	VFG044251(gb|WP_000136636)	26.603	312	221	3	14	324	26	330	1.80e-26	107
g705.t1	VFG044175(gb|WP_005460640)	33.333	291	173	6	42	323	65	343	2.06e-25	104
g705.t1	VFG013743(gb|WP_005325331)	34.049	326	196	10	10	324	51	368	2.41e-25	104
g705.t1	VFG044214(gb|WP_001036839)	28.472	288	181	8	39	317	44	315	4.35e-25	102
g705.t1	VFG021790(gb|WP_013241844)	34.615	286	160	9	55	326	45	317	5.80e-24	99.8
g705.t1	VFG044249(gb|WP_011899038)	35.786	299	187	2	34	327	45	343	2.10e-23	98.6
g705.t1	VFG013738(gb|WP_006769636)	33.663	303	184	8	26	324	47	336	2.60e-22	95.5
g705.t1	VFG023807(gb|WP_003891337)	32.121	330	210	8	2	326	21	341	3.36e-22	95.1
g705.t1	VFG013723(gb|WP_010934398)	33.942	274	161	8	55	317	50	314	5.45e-22	94.4
g705.t1	VFG000928(gb|WP_000640938)	32.632	285	183	4	42	324	51	328	4.37e-21	92.0
g705.t1	VFG013742(gb|WP_010934775)	28.772	285	195	4	45	327	57	335	7.25e-21	91.3
g705.t1	VFG021854(gb|WP_003891338)	29.930	284	195	3	43	324	70	351	7.30e-21	91.7
g705.t1	VFG044106(gb|WP_002995381)	28.571	280	190	5	45	322	65	336	1.28e-20	90.9
g705.t1	VFG007234(gb|WP_001880579)	31.776	321	207	5	6	322	32	344	2.10e-20	90.1
g705.t1	VFG044311(gb|WP_012492602)	33.094	278	173	5	48	321	417	685	2.72e-20	91.7
g705.t1	VFG044311(gb|WP_012492602)	29.617	287	185	7	43	322	62	338	7.27e-12	66.2
g705.t1	VFG013036(gb|WP_000640961)	32.143	308	198	5	19	324	30	328	3.07e-20	89.7
g705.t1	VFG013034(gb|NP_706445)	32.143	308	198	5	19	324	30	328	3.07e-20	89.7
g705.t1	VFG048476(gb|WP_004223582)	31.250	320	207	5	8	323	16	326	4.83e-20	89.0
g705.t1	VFG048478(gb|WP_004147521)	31.366	322	208	5	6	323	14	326	5.76e-20	89.0
g705.t1	VFG048479(gb|WP_012968727)	31.250	320	207	5	8	323	16	326	5.82e-20	89.0
g705.t1	VFG013038(gb|WP_000640963)	32.143	308	198	5	19	324	30	328	6.68e-20	88.6
g705.t1	VFG044268(gb|WP_000594530)	30.314	287	184	5	39	324	46	317	6.88e-20	88.6
g705.t1	VFG013037(gb|WP_000640969)	32.632	285	183	4	42	324	51	328	7.97e-20	88.6
g705.t1	VFG016171(gb|WP_011168765)	31.058	293	189	2	37	324	58	342	2.03e-19	87.4
g705.t1	VFG016170(gb|WP_011267802)	32.526	289	190	3	37	324	58	342	2.26e-19	87.4
g705.t1	VFG013033(gb|WP_000640995)	32.632	285	183	4	42	324	51	328	2.76e-19	87.0
g705.t1	VFG013724(gb|WP_173362240)	33.564	289	178	5	42	324	17	297	1.21e-18	84.7
g705.t1	VFG044361(gb|WP_033112376)	31.683	303	197	4	23	323	47	341	4.09e-18	83.6
g705.t1	VFG021795(gb|WP_013240891)	27.419	310	217	4	11	320	20	321	7.02e-18	82.8
g705.t1	VFG044357(gb|WP_013317300)	31.290	310	184	7	25	324	58	348	2.37e-17	81.6
g705.t1	VFG048470(gb|WP_009653197)	31.802	283	185	3	42	323	51	326	3.26e-17	80.9
g705.t1	VFG013737(gb|WP_005325330)	34.694	294	174	9	43	326	77	362	5.36e-17	80.5
g705.t1	VFG013739(gb|WP_011896757)	27.368	285	191	3	45	323	105	379	8.25e-17	80.5
g705.t1	VFG013740(gb|WP_011013699)	27.368	285	191	3	45	323	103	377	1.45e-16	79.7
g705.t1	VFG007236(gb|WP_000447980)	31.481	324	203	9	11	327	47	358	5.26e-16	77.8
g705.t1	VFG021791(gb|WP_013241845)	27.536	276	195	3	47	322	66	336	5.48e-16	77.4
g705.t1	VFG007245(gb|WP_000735136)	24.101	278	196	6	50	324	43	308	1.57e-15	75.9
g705.t1	VFG007249(gb|WP_011151968)	28.374	289	185	10	42	324	36	308	2.05e-15	75.5
g705.t1	VFG007248(gb|WP_043921119)	28.374	289	185	10	42	324	29	301	2.12e-15	75.5
g705.t1	VFG013736(gb|WP_010934774)	28.620	297	197	6	29	322	29	313	1.19e-14	73.6
g705.t1	VFG013725(gb|WP_010934399)	27.632	304	209	7	22	322	25	320	2.43e-14	72.4
g705.t1	VFG044227(gb|WP_193383915)	29.787	282	178	8	50	324	46	314	3.11e-14	72.0
g705.t1	VFG007247(gb|WP_005482134)	26.241	282	185	10	50	324	43	308	8.75e-14	70.9
g705.t1	VFG044409(gb|AAR12524)	27.737	274	190	5	50	322	44	310	1.17e-13	70.5
g705.t1	VFG013726(gb|WP_049780549)	29.856	278	190	3	45	322	54	326	2.69e-13	69.7
g705.t1	VFG044221(gb|WP_000042061)	26.241	282	178	7	50	319	64	327	2.70e-12	66.6
g705.t1	VFG037411(gb|WP_001210787)	25.632	277	194	5	50	323	44	311	1.88e-11	63.9
g705.t1	VFG037417(gb|WP_085916975)	25.632	277	194	5	50	323	58	325	1.95e-11	63.9
g705.t1	VFG037412(gb|WP_001210792)	26.715	277	191	6	50	323	44	311	2.58e-11	63.5
g705.t1	VFG037418(gb|WP_020753360)	26.715	277	191	6	50	323	44	311	3.85e-11	62.8
g705.t1	VFG037415(gb|YP_001085410)	26.766	269	185	6	58	323	1	260	5.76e-10	58.9
g705.t1	VFG037414(gb|WP_012391956)	25.279	269	189	5	50	315	44	303	6.60e-10	59.3
g705.t1	VFG007250(gb|WP_001154099)	23.585	318	233	3	13	324	1	314	2.95e-07	51.2
g705.t1	VFG044220(gb|WP_000631132)	25.461	271	184	9	65	325	91	353	3.32e-07	51.2
g705.t1	VFG007253(gb|WP_011081096)	24.390	287	195	8	50	324	38	314	5.08e-07	50.4
g705.t1	VFG007254(gb|WP_011151969)	30.631	111	75	2	215	324	205	314	1.06e-06	49.7
g705.t1	VFG037400(gb|WP_001223274)	29.193	161	109	3	166	325	157	313	3.76e-06	47.8
g705.t1	VFG007252(gb|WP_005482136)	24.422	303	197	9	39	324	27	314	7.62e-06	47.0
g705.t1	VFG037401(gb|YP_001085409)	28.161	174	114	4	159	325	74	243	9.16e-06	46.2
