g1336.t1	VFG021840(gb|NP_215863)	100.000	210	0	0	1	210	1	210	2.28e-156	431
g1336.t1	VFG021839(gb|WP_003906584)	99.524	210	1	0	1	210	1	210	1.80e-155	428
g1336.t1	VFG029193(gb|WP_015289785)	99.048	210	2	0	1	210	1	210	4.09e-155	427
g1336.t1	VFG029194(gb|WP_015292875)	98.571	210	3	0	1	210	1	210	5.76e-154	424
g1336.t1	VFG021846(gb|WP_085989574)	78.125	192	42	0	17	208	14	205	1.19e-112	320
g1336.t1	VFG024060(gb|WP_008256958)	76.768	198	46	0	13	210	10	207	4.52e-112	318
g1336.t1	VFG029212(gb|WP_020822589)	76.263	198	47	0	13	210	10	207	6.56e-112	318
g1336.t1	VFG024059(gb|WP_014942137)	76.263	198	47	0	13	210	10	207	2.42e-111	317
g1336.t1	VFG021851(gb|WP_011768168)	65.957	188	63	1	17	203	12	199	1.34e-87	257
g1336.t1	VFG021849(gb|WP_041800264)	64.975	197	68	1	12	207	3	199	2.00e-87	256
g1336.t1	VFG024058(gb|WP_013472310)	64.975	197	68	1	12	207	3	199	2.71e-87	255
g1336.t1	VFG021848(gb|WP_011728178)	64.894	188	65	1	17	203	16	203	9.48e-86	252
g1336.t1	VFG029205(gb|YP_007957461)	99.145	117	1	0	94	210	1	117	4.98e-84	244
g1336.t1	VFG021850(gb|WP_011779181)	62.944	197	72	1	12	207	3	199	1.85e-83	246
g1336.t1	VFG022779(gb|WP_013828470)	56.477	193	83	1	12	203	3	195	1.85e-76	228
g1336.t1	VFG021845(gb|WP_003874876)	56.915	188	80	1	17	203	8	195	5.55e-68	207
g1336.t1	VFG021847(gb|WP_011741220)	58.602	186	76	1	19	203	10	195	6.52e-65	199
g1336.t1	VFG022773(gb|WP_012393422)	58.602	186	76	1	19	203	10	195	9.24e-65	199
g1336.t1	VFG029195(gb|WP_015355025)	56.383	188	79	1	19	203	10	197	3.00e-61	190
g1336.t1	VFG029190(gb|WP_005100771)	42.632	190	105	3	16	201	8	197	1.80e-41	139
g1336.t1	VFG022774(gb|YP_001703856)	42.105	190	106	3	16	201	8	197	2.19e-40	136
g1336.t1	VFG029196(gb|WP_005057101)	39.378	193	113	3	16	204	8	200	7.52e-38	130
g1336.t1	VFG048603(gb|WP_004213921)	30.247	162	112	1	37	197	137	298	4.85e-18	80.5
g1336.t1	VFG000616(gb|NP_709455)	29.630	162	113	1	37	197	137	298	5.04e-18	80.5
g1336.t1	VFG033986(gb|WP_001287501)	29.630	162	113	1	37	197	137	298	5.04e-18	80.5
g1336.t1	VFG000939(gb|WP_001287497)	29.630	162	113	1	37	197	137	298	6.04e-18	80.1
g1336.t1	VFG048604(gb|WP_004145302)	30.247	162	112	1	37	197	137	298	6.36e-18	80.1
g1336.t1	VFG033987(gb|WP_001287500)	29.630	162	113	1	37	197	137	298	6.42e-18	80.1
g1336.t1	VFG033993(gb|WP_000011910)	29.630	162	113	1	37	197	137	298	9.89e-18	79.7
g1336.t1	VFG012524(gb|WP_000011907)	29.630	162	113	1	37	197	137	298	1.40e-17	79.3
g1336.t1	VFG044321(gb|WP_006492710)	27.778	198	132	2	21	207	133	330	1.96e-15	73.6
g1336.t1	VFG016088(gb|WP_012075637)	29.197	137	96	1	39	174	160	296	3.40e-12	64.3
g1336.t1	VFG016090(gb|WP_014590234)	29.508	122	86	0	52	173	174	295	8.31e-12	63.2
g1336.t1	VFG016091(gb|WP_044488705)	26.144	153	113	0	51	203	173	325	4.27e-11	60.8
g1336.t1	VFG015830(gb|WP_012315397)	27.049	122	89	0	52	173	174	295	6.51e-11	60.5
g1336.t1	VFG044340(gb|WP_004160308)	31.868	91	61	1	94	184	67	156	1.21e-07	51.2
g1336.t1	VFG044317(gb|WP_012492607)	28.889	135	87	3	36	165	166	296	1.05e-06	48.1
