g1560.t1	VFG048807(gb|WP_015958697)	40.678	177	105	0	1	177	1	177	2.78e-45	148
g1560.t1	VFG048804(gb|YP_005227855)	40.678	177	105	0	1	177	1	177	4.07e-45	147
g1560.t1	VFG049083(gb|WP_015958693)	40.678	177	105	0	1	177	1	177	4.78e-45	147
g1560.t1	VFG045304(gb|WP_010946493)	42.328	189	105	3	1	189	1	185	1.23e-44	146
g1560.t1	VFG007663(gb|WP_011149276)	40.659	182	106	2	1	181	1	181	5.65e-43	142
g1560.t1	VFG048800(gb|WP_014230057)	38.983	177	108	0	1	177	1	177	8.10e-43	142
g1560.t1	VFG007664(gb|WP_011261024)	34.973	183	115	2	1	183	1	179	1.41e-35	123
g1560.t1	VFG002375(gb|WP_005167727)	35.583	163	102	2	1	163	3	162	1.66e-29	107
g1560.t1	VFG011712(gb|WP_002860364)	27.528	178	119	6	1	174	5	176	1.10e-11	60.8
g1560.t1	VFG001958(gb|YP_002344813)	28.824	170	112	5	8	174	13	176	1.39e-11	60.5
g1560.t1	VFG005985(gb|WP_002263085)	28.495	186	108	9	8	181	19	191	1.86e-10	57.8
g1560.t1	VFG005886(gb|WP_009443641)	29.032	186	107	9	8	181	18	190	6.04e-10	56.2
g1560.t1	VFG018665(gb|WP_012000427)	29.032	186	107	9	8	181	18	190	1.01e-09	55.8
g3415.t1	VFG048807(gb|WP_015958697)	41.379	174	102	0	1	174	1	174	1.23e-45	149
g3415.t1	VFG048804(gb|YP_005227855)	41.379	174	102	0	1	174	1	174	1.63e-45	149
g3415.t1	VFG049083(gb|WP_015958693)	41.379	174	102	0	1	174	1	174	2.58e-45	148
g3415.t1	VFG007663(gb|WP_011149276)	40.659	182	106	2	1	181	1	181	5.42e-44	145
g3415.t1	VFG048800(gb|WP_014230057)	38.764	178	109	0	1	178	1	178	1.81e-43	143
g3415.t1	VFG045304(gb|WP_010946493)	42.373	177	98	3	14	190	14	186	1.80e-41	138
g3415.t1	VFG007664(gb|WP_011261024)	38.235	170	101	2	14	183	14	179	1.68e-36	125
g3415.t1	VFG002375(gb|WP_005167727)	32.768	177	113	3	1	177	3	173	3.33e-28	103
g3415.t1	VFG001958(gb|YP_002344813)	27.059	170	115	3	8	174	13	176	8.98e-14	66.6
g3415.t1	VFG011712(gb|WP_002860364)	25.294	170	118	3	8	174	13	176	8.36e-13	63.9
g3415.t1	VFG005985(gb|WP_002263085)	31.720	186	102	10	8	181	19	191	2.01e-12	63.2
g3415.t1	VFG005886(gb|WP_009443641)	31.959	194	106	11	1	181	10	190	2.69e-12	62.8
g3415.t1	VFG006032(gb|WP_011226149)	31.720	186	102	10	8	181	18	190	3.36e-12	62.4
g3415.t1	VFG018665(gb|WP_012000427)	30.890	191	112	10	1	181	10	190	1.98e-11	60.5
g5262.t1	VFG048804(gb|YP_005227855)	62.842	183	65	3	1	180	1	183	5.45e-82	240
g5262.t1	VFG049083(gb|WP_015958693)	62.842	183	65	3	1	180	1	183	1.19e-81	239
g5262.t1	VFG048807(gb|WP_015958697)	62.295	183	66	3	1	180	1	183	2.05e-81	239
g5262.t1	VFG048800(gb|WP_014230057)	61.202	183	68	3	1	180	1	183	1.98e-80	236
g5262.t1	VFG007663(gb|WP_011149276)	58.889	180	71	2	1	177	1	180	1.18e-77	229
g5262.t1	VFG045304(gb|WP_010946493)	56.284	183	78	1	1	181	1	183	2.35e-69	208
g5262.t1	VFG007664(gb|WP_011261024)	52.071	169	80	1	1	169	1	168	1.65e-60	186
g5262.t1	VFG002375(gb|WP_005167727)	33.149	181	110	5	1	180	3	173	1.02e-28	104
g5262.t1	VFG011712(gb|WP_002860364)	30.435	161	106	3	11	168	16	173	3.09e-23	90.9
g5262.t1	VFG001958(gb|YP_002344813)	29.193	161	108	3	11	168	16	173	2.57e-18	77.8
g5262.t1	VFG006032(gb|WP_011226149)	34.302	172	99	6	7	170	17	182	1.25e-17	76.6
g5262.t1	VFG005886(gb|WP_009443641)	33.520	179	105	6	7	177	17	189	2.43e-17	75.9
g5262.t1	VFG005985(gb|WP_002263085)	32.961	179	106	6	7	177	18	190	3.53e-17	75.5
g5262.t1	VFG018665(gb|WP_012000427)	33.520	179	105	6	7	177	17	189	4.41e-17	75.1
g1955.t1	VFG048800(gb|WP_014230057)	66.667	180	58	1	1	178	1	180	5.13e-85	248
g1955.t1	VFG048804(gb|YP_005227855)	66.667	180	58	2	1	178	1	180	6.11e-85	248
g1955.t1	VFG048807(gb|WP_015958697)	66.667	180	58	2	1	178	1	180	6.82e-85	248
g1955.t1	VFG049083(gb|WP_015958693)	70.886	158	46	0	1	158	1	158	1.30e-84	247
g1955.t1	VFG007663(gb|WP_011149276)	64.088	181	61	3	1	178	1	180	2.49e-81	239
g1955.t1	VFG045304(gb|WP_010946493)	59.659	176	70	1	1	176	1	175	1.02e-71	214
g1955.t1	VFG007664(gb|WP_011261024)	56.497	177	75	2	1	177	1	175	1.04e-67	204
g1955.t1	VFG002375(gb|WP_005167727)	35.928	167	103	3	3	169	5	167	9.18e-36	122
g1955.t1	VFG011712(gb|WP_002860364)	33.333	165	103	3	11	172	16	176	1.05e-27	102
g1955.t1	VFG001958(gb|YP_002344813)	33.939	165	102	3	11	172	16	176	3.21e-25	95.9
g1955.t1	VFG018665(gb|WP_012000427)	32.203	177	105	6	7	175	17	186	6.21e-15	69.3
g1955.t1	VFG005886(gb|WP_009443641)	31.638	177	106	6	7	175	17	186	9.70e-15	68.9
g1955.t1	VFG006032(gb|WP_011226149)	31.073	177	107	6	7	175	17	186	1.55e-13	65.5
g1955.t1	VFG005985(gb|WP_002263085)	30.337	178	107	7	7	175	18	187	1.80e-13	65.5
