g1110.t1	VFG015903(gb|WP_011169509)	30.794	315	203	4	2	301	8	322	9.36e-49	165
g1110.t1	VFG047692(gb|WP_014547359)	29.091	275	175	11	40	306	44	306	7.73e-20	87.8
g1110.t1	VFG047684(gb|WP_012280233)	34.810	158	99	3	3	156	5	162	1.36e-19	87.0
g1110.t1	VFG047685(gb|WP_003013928)	35.758	165	95	5	6	165	14	172	2.74e-19	86.3
g1110.t1	VFG047700(gb|WP_013921811)	34.177	158	100	3	3	156	5	162	2.84e-19	86.3
g1110.t1	VFG047690(gb|WP_003022616)	35.976	164	94	5	7	165	15	172	3.84e-19	85.9
g1110.t1	VFG047688(gb|WP_012429024)	35.976	164	94	5	7	165	15	172	3.95e-19	85.5
g1110.t1	VFG047699(gb|WP_014714140)	26.603	312	209	9	3	305	5	305	3.54e-18	83.2
g1110.t1	VFG047683(gb|WP_003040812)	35.065	154	90	4	7	156	15	162	7.39e-18	82.0
g1110.t1	VFG047695(gb|WP_014549141)	34.756	164	96	5	7	165	15	172	7.54e-18	82.0
g1641.t1	VFG015903(gb|WP_011169509)	33.016	315	194	5	3	301	9	322	4.82e-55	181
g1641.t1	VFG047692(gb|WP_014547359)	28.481	316	204	13	2	307	4	307	2.79e-21	91.7
g1641.t1	VFG047700(gb|WP_013921811)	29.139	302	182	13	2	288	4	288	1.48e-20	89.7
g1641.t1	VFG047699(gb|WP_014714140)	28.025	314	204	12	2	305	4	305	1.50e-19	87.0
g1641.t1	VFG047684(gb|WP_012280233)	33.962	159	101	3	2	156	4	162	1.83e-19	86.7
g1641.t1	VFG047688(gb|WP_012429024)	34.503	171	103	5	2	165	4	172	3.94e-19	85.9
g1641.t1	VFG047690(gb|WP_003022616)	34.503	171	103	5	2	165	4	172	4.22e-19	85.5
g1641.t1	VFG047685(gb|WP_003013928)	34.503	171	103	5	2	165	4	172	1.48e-18	84.0
g1641.t1	VFG047695(gb|WP_014549141)	26.646	319	200	12	2	304	4	304	2.57e-18	83.6
g1641.t1	VFG047683(gb|WP_003040812)	34.161	161	98	4	2	156	4	162	4.97e-18	82.8
g3608.t1	VFG015903(gb|WP_011169509)	36.392	316	174	7	4	295	9	321	2.56e-56	184
g3608.t1	VFG047684(gb|WP_012280233)	34.328	134	83	3	31	159	29	162	4.24e-18	82.8
g3608.t1	VFG047692(gb|WP_014547359)	33.562	146	85	4	26	159	17	162	7.94e-18	82.0
g3608.t1	VFG047688(gb|WP_012429024)	34.559	136	80	4	31	159	29	162	2.42e-17	80.5
g3608.t1	VFG047690(gb|WP_003022616)	34.559	136	80	4	31	159	29	162	2.54e-17	80.5
g3608.t1	VFG047685(gb|WP_003013928)	34.559	136	80	4	31	159	29	162	2.97e-17	80.5
g3608.t1	VFG047700(gb|WP_013921811)	32.836	134	85	3	31	159	29	162	2.98e-17	80.5
g3608.t1	VFG047683(gb|WP_003040812)	33.088	136	82	4	31	159	29	162	2.88e-16	77.4
g3608.t1	VFG047699(gb|WP_014714140)	34.884	129	75	4	38	159	36	162	2.94e-16	77.4
g3608.t1	VFG047695(gb|WP_014549141)	33.088	136	82	4	31	159	29	162	3.50e-16	77.4
g5270.t1	VFG015903(gb|WP_011169509)	43.202	331	179	4	4	334	5	326	4.97e-90	272
g5270.t1	VFG047700(gb|WP_013921811)	30.455	220	141	8	18	231	14	227	8.80e-14	70.9
g5270.t1	VFG047692(gb|WP_014547359)	31.183	186	117	7	30	210	26	205	1.86e-12	67.0
g5270.t1	VFG047690(gb|WP_003022616)	33.333	168	105	6	30	192	26	191	3.36e-12	66.2
g5270.t1	VFG047688(gb|WP_012429024)	33.333	168	105	6	30	192	26	191	3.56e-12	66.2
g5270.t1	VFG047695(gb|WP_014549141)	33.333	168	105	6	30	192	26	191	3.64e-12	66.2
g5270.t1	VFG047683(gb|WP_003040812)	33.333	168	105	6	30	192	26	191	3.71e-12	65.9
g5270.t1	VFG047684(gb|WP_012280233)	32.778	180	114	6	18	192	14	191	4.07e-12	65.9
g5270.t1	VFG047685(gb|WP_003013928)	32.335	167	108	5	30	192	26	191	8.46e-12	65.1
g5270.t1	VFG047699(gb|WP_014714140)	30.645	186	118	7	30	210	26	205	3.03e-11	63.2
