g828.t1	VFG049114(gb|WP_012737527)	39.726	73	44	0	5	77	7	79	8.04e-09	55.5
g828.t1	VFG037476(gb|WP_001105546)	29.927	137	89	2	15	146	16	150	3.13e-08	53.9
g828.t1	VFG037468(gb|WP_001105542)	29.927	137	89	2	15	146	16	150	3.16e-08	53.9
g828.t1	VFG037470(gb|WP_001105554)	29.927	137	89	2	15	146	16	150	3.19e-08	53.9
g828.t1	VFG037474(gb|WP_001105562)	29.927	137	89	2	15	146	16	150	4.20e-08	53.5
g828.t1	VFG037478(gb|WP_001105560)	29.197	137	90	2	15	146	16	150	6.59e-08	52.8
g828.t1	VFG037471(gb|YP_001083951)	31.200	125	79	2	27	146	6	128	8.30e-08	52.4
g828.t1	VFG037467(gb|WP_001105559)	29.197	137	90	2	15	146	16	150	1.00e-07	52.4
g828.t1	VFG006042(gb|WP_001222601)	32.143	84	54	1	2	82	3	86	1.17e-07	52.0
g828.t1	VFG044083(gb|NP_250948)	28.352	261	167	8	2	250	13	265	1.21e-06	48.9
g1158.t1	VFG049114(gb|WP_012737527)	33.858	127	81	2	11	134	1	127	4.94e-11	62.4
g1158.t1	VFG044083(gb|NP_250948)	37.795	127	71	2	12	133	11	134	1.68e-09	57.8
g1158.t1	VFG037474(gb|WP_001105562)	25.551	227	153	4	12	224	1	225	2.31e-09	57.4
g1158.t1	VFG037478(gb|WP_001105560)	28.082	146	103	1	12	155	1	146	4.32e-09	56.2
g1158.t1	VFG037467(gb|WP_001105559)	28.082	146	103	1	12	155	1	146	4.97e-09	56.2
g1158.t1	VFG037470(gb|WP_001105554)	25.110	227	154	4	12	224	1	225	5.11e-09	56.2
g1158.t1	VFG037468(gb|WP_001105542)	25.110	227	154	4	12	224	1	225	6.92e-09	55.8
g1158.t1	VFG037476(gb|WP_001105546)	28.082	146	103	1	12	155	1	146	7.19e-09	55.8
g1158.t1	VFG037471(gb|YP_001083951)	27.451	204	131	5	36	224	2	203	2.90e-07	50.8
g1280.t1	VFG037478(gb|WP_001105560)	29.299	157	108	3	5	159	1	156	6.33e-07	49.7
g1280.t1	VFG049114(gb|WP_012737527)	31.092	119	79	1	5	120	2	120	6.59e-07	49.7
g1280.t1	VFG037467(gb|WP_001105559)	28.662	157	109	3	5	159	1	156	2.83e-06	47.8
g1280.t1	VFG037476(gb|WP_001105546)	28.662	157	109	3	5	159	1	156	2.88e-06	47.8
g1280.t1	VFG037470(gb|WP_001105554)	28.662	157	109	3	5	159	1	156	3.12e-06	47.8
g1280.t1	VFG037468(gb|WP_001105542)	28.662	157	109	3	5	159	1	156	3.12e-06	47.8
g1280.t1	VFG037474(gb|WP_001105562)	28.662	157	109	3	5	159	1	156	4.30e-06	47.4
g2150.t1	VFG049114(gb|WP_012737527)	27.609	297	183	9	6	285	7	288	1.07e-13	70.5
g2150.t1	VFG044083(gb|NP_250948)	28.517	263	172	5	1	255	11	265	2.17e-12	66.6
g2150.t1	VFG006042(gb|WP_001222601)	30.000	80	56	0	1	80	1	80	4.29e-08	53.5
g2150.t1	VFG037474(gb|WP_001105562)	26.573	143	104	1	1	142	1	143	5.22e-08	53.1
g2150.t1	VFG037470(gb|WP_001105554)	26.573	143	104	1	1	142	1	143	8.79e-08	52.8
g2150.t1	VFG037468(gb|WP_001105542)	26.573	143	104	1	1	142	1	143	9.54e-08	52.4
g2150.t1	VFG037476(gb|WP_001105546)	26.573	143	104	1	1	142	1	143	9.63e-08	52.4
g2150.t1	VFG037478(gb|WP_001105560)	25.874	143	105	1	1	142	1	143	2.09e-07	51.6
g2150.t1	VFG037467(gb|WP_001105559)	25.874	143	105	1	1	142	1	143	2.65e-07	51.2
g2150.t1	VFG037471(gb|YP_001083951)	27.350	117	84	1	27	142	5	121	1.68e-06	48.5
g2534.t1	VFG049114(gb|WP_012737527)	45.161	93	50	1	1	93	1	92	1.77e-12	66.2
g2534.t1	VFG044083(gb|NP_250948)	33.121	157	100	2	2	156	11	164	4.86e-10	59.3
g2534.t1	VFG044084(gb|NP_251073)	33.607	122	71	2	7	123	15	131	1.73e-06	48.5
g2534.t1	VFG006042(gb|WP_001222601)	31.343	67	46	0	7	73	6	72	4.42e-06	47.4
g2904.t1	VFG044083(gb|NP_250948)	36.232	138	85	2	12	147	16	152	2.23e-12	66.2
g2904.t1	VFG049114(gb|WP_012737527)	45.205	73	39	1	7	79	2	73	8.47e-10	58.5
g2904.t1	VFG037470(gb|WP_001105554)	28.141	199	128	7	7	193	1	196	1.11e-09	58.2
g2904.t1	VFG037476(gb|WP_001105546)	30.464	151	95	4	7	150	1	148	1.31e-09	57.8
g2904.t1	VFG037468(gb|WP_001105542)	30.464	151	95	4	7	150	1	148	1.31e-09	57.8
g2904.t1	VFG037474(gb|WP_001105562)	30.464	151	95	4	7	150	1	148	1.61e-09	57.4
g2904.t1	VFG044084(gb|NP_251073)	30.348	201	135	2	10	210	13	208	1.93e-09	57.4
g2904.t1	VFG037471(gb|YP_001083951)	28.736	174	109	7	32	193	4	174	1.98e-06	48.1
g4073.t1	VFG049114(gb|WP_012737527)	49.275	69	35	0	11	79	2	70	1.17e-09	58.2
g2173.t1	VFG049114(gb|WP_012737527)	38.372	86	53	0	11	96	2	87	2.53e-09	57.4
g2173.t1	VFG037470(gb|WP_001105554)	22.267	247	175	4	11	245	1	242	6.33e-09	55.8
g2173.t1	VFG037468(gb|WP_001105542)	22.267	247	175	4	11	245	1	242	6.94e-09	55.8
g2173.t1	VFG037476(gb|WP_001105546)	22.267	247	175	4	11	245	1	242	8.04e-09	55.8
g2173.t1	VFG037474(gb|WP_001105562)	22.267	247	175	4	11	245	1	242	9.67e-09	55.5
g2173.t1	VFG037478(gb|WP_001105560)	26.207	145	105	1	11	153	1	145	1.41e-08	55.1
g2173.t1	VFG037467(gb|WP_001105559)	26.207	145	105	1	11	153	1	145	2.11e-08	54.3
g2173.t1	VFG044083(gb|NP_250948)	32.450	151	97	3	10	158	10	157	9.39e-07	49.7
g2173.t1	VFG037471(gb|YP_001083951)	23.288	219	151	4	39	245	7	220	1.01e-06	49.3
