g2676.t1	VFG000544(gb|NP_461804)	100.000	343	0	0	1	343	1	343	0.0	702
g2676.t1	VFG018537(gb|WP_000932249)	99.708	343	1	0	1	343	1	343	0.0	698
g2676.t1	VFG003699(gb|WP_001540782)	99.417	343	2	0	1	343	1	343	0.0	694
g2676.t1	VFG020458(gb|WP_000932241)	98.834	343	4	0	1	343	1	343	0.0	693
g2676.t1	VFG020464(gb|WP_000932250)	88.338	343	37	1	1	343	1	340	0.0	622
g2676.t1	VFG003696(gb|WP_000932243)	87.172	343	41	1	1	343	1	340	0.0	615
g2676.t1	VFG018536(gb|WP_000932261)	81.050	343	62	1	1	343	1	340	0.0	551
g2676.t1	VFG041859(gb|WP_011136164)	50.847	295	120	7	70	342	107	398	2.65e-92	281
g2676.t1	VFG020124(gb|WP_001028030)	38.226	327	176	8	24	342	23	331	1.28e-61	199
g2676.t1	VFG012743(gb|WP_001028028)	37.615	327	178	8	24	342	23	331	6.93e-60	195
g2676.t1	VFG000985(gb|NP_858259)	37.920	327	177	8	24	342	23	331	1.16e-59	194
g2676.t1	VFG012745(gb|WP_010921661)	37.920	327	177	8	24	342	23	331	1.60e-59	194
g2676.t1	VFG012746(gb|WP_001028033)	37.920	327	177	8	24	342	23	331	7.44e-55	182
g2676.t1	VFG025027(gb|WP_025404166)	32.178	202	110	7	141	342	135	309	2.34e-19	87.0
g2676.t1	VFG025023(gb|WP_004537374)	32.995	197	105	8	146	342	140	309	4.73e-19	86.3
g2676.t1	VFG002447(gb|WP_004188590)	32.995	197	105	8	146	342	140	309	4.82e-19	86.3
g2676.t1	VFG041459(gb|WP_004155899)	26.786	224	134	6	127	343	172	372	6.49e-14	72.0
g2676.t1	VFG041437(gb|WP_004157293)	27.311	238	144	13	106	338	163	376	2.14e-11	64.3
