g3716.t1	VFG037792(gb|WP_000064875)	50.584	257	126	1	3	258	6	262	1.08e-89	266
g3716.t1	VFG037798(gb|WP_000064877)	50.195	257	127	1	3	258	6	262	7.50e-89	264
g3716.t1	VFG013393(gb|WP_010945086)	48.627	255	131	0	4	258	10	264	1.86e-88	263
g3716.t1	VFG013394(gb|WP_011609513)	49.412	255	129	0	4	258	8	262	1.79e-87	260
g3716.t1	VFG013167(gb|WP_012341126)	49.412	255	129	0	4	258	8	262	2.33e-87	260
g3716.t1	VFG013392(gb|WP_012054515)	47.451	255	134	0	4	258	8	262	1.68e-82	248
g3716.t1	VFG013390(gb|WP_005651701)	46.667	255	136	0	4	258	8	262	1.28e-81	245
g3716.t1	VFG013391(gb|WP_011272366)	46.275	255	137	0	4	258	8	262	3.71e-81	244
g3716.t1	VFG037793(gb|YP_001084994)	49.115	226	114	1	34	258	3	228	5.82e-75	227
g3716.t1	VFG052306(gb|WP_012231509.1)	36.667	240	152	0	4	243	6	245	7.21e-51	167
g3716.t1	VFG052304(gb|WP_011180555.1)	37.229	231	145	0	4	234	6	236	1.05e-49	164
g3716.t1	VFG052305(gb|WP_011179436.1)	36.364	231	147	0	4	234	6	236	2.19e-48	160
g3716.t1	VFG052303(gb|WP_005766762.1)	35.808	229	147	0	4	232	6	234	2.28e-47	158
g3716.t1	VFG011404(gb|WP_002964279)	33.597	253	168	0	2	254	4	256	3.75e-46	155
g3716.t1	VFG046895(gb|WP_041263867)	27.273	242	147	5	4	217	105	345	6.64e-18	81.6
g3716.t1	VFG046881(gb|WP_003041529)	29.439	214	125	4	4	192	105	317	4.44e-17	79.3
g3716.t1	VFG046891(gb|WP_014549271)	29.439	214	125	4	4	192	105	317	4.94e-17	79.3
g3716.t1	VFG046889(gb|WP_014547522)	29.439	214	125	4	4	192	105	317	5.84e-17	79.0
g3716.t1	VFG046885(gb|WP_012429842)	28.972	214	126	4	4	192	105	317	1.34e-16	78.2
g3716.t1	VFG046888(gb|WP_003027255)	28.972	214	126	4	4	192	105	317	3.89e-16	76.6
g3716.t1	VFG046887(gb|WP_003021676)	26.446	242	149	5	4	217	105	345	4.68e-16	76.6
g3716.t1	VFG046883(gb|WP_003014238)	28.037	214	128	4	4	192	105	317	8.06e-16	75.9
g3716.t1	VFG046882(gb|WP_041268152)	27.273	242	147	5	4	217	105	345	4.22e-14	70.9
g3716.t1	VFG052296(gb|WP_011180553.1)	28.704	216	127	4	4	195	119	331	7.25e-14	70.1
g3716.t1	VFG052297(gb|WP_011179438.1)	27.523	218	127	5	4	195	119	331	3.03e-13	68.6
g3716.t1	VFG052295(gb|WP_005766759.1)	27.556	225	124	4	4	198	119	334	4.35e-13	67.8
g3716.t1	VFG052298(gb|WP_012231507.1)	29.358	218	123	5	4	195	119	331	7.43e-12	64.3
g3716.t1	VFG047284(gb|WP_013922561)	28.000	200	115	3	4	177	98	294	5.01e-10	58.9
g3716.t1	VFG047279(gb|WP_014550157)	26.500	200	118	3	4	177	98	294	7.19e-09	55.5
g3716.t1	VFG047267(gb|WP_003034837)	26.500	200	118	3	4	177	98	294	7.68e-09	55.5
g3716.t1	VFG011394(gb|WP_002964281)	24.623	199	123	3	4	178	119	314	1.78e-08	54.3
g3716.t1	VFG047283(gb|WP_014714771)	26.000	200	119	3	4	177	98	294	1.94e-08	54.3
g3716.t1	VFG038035(gb|WP_000177816)	31.356	118	75	2	76	188	94	210	1.22e-07	50.8
g3716.t1	VFG037941(gb|WP_000177817)	31.356	118	75	2	76	188	94	210	1.34e-07	50.8
g3716.t1	VFG047274(gb|WP_003014857)	27.500	200	116	5	4	177	98	294	1.58e-07	51.2
g3716.t1	VFG047268(gb|WP_012280577)	26.500	200	118	5	4	177	98	294	1.65e-07	51.2
g3716.t1	VFG047272(gb|WP_012429185)	27.500	200	116	5	4	177	98	294	1.66e-07	51.2
g3716.t1	VFG047275(gb|WP_003025071)	27.500	200	116	5	4	177	98	294	1.78e-07	51.2
g3716.t1	VFG047276(gb|WP_014548830)	26.500	200	118	4	4	177	98	294	8.13e-07	49.3
g3716.t1	VFG037847(gb|YP_005799179)	26.203	187	102	5	4	155	107	292	2.61e-06	47.8
g3716.t1	VFG037837(gb|WP_000868104)	26.203	187	102	5	4	155	109	294	2.62e-06	47.8
g3716.t1	VFG037841(gb|WP_000865435)	26.203	187	102	5	4	155	109	294	2.92e-06	47.8
g3716.t1	VFG037836(gb|WP_000868103)	26.203	187	102	5	4	155	109	294	2.92e-06	47.8
g3716.t1	VFG037835(gb|WP_000868109)	26.203	187	102	5	4	155	109	294	3.20e-06	47.4
g3716.t1	VFG037838(gb|YP_001084996)	26.203	187	102	5	4	155	66	251	3.25e-06	47.4
g3716.t1	VFG037846(gb|WP_000868105)	24.352	193	104	4	4	155	103	294	4.49e-06	47.0
g223.t1	VFG013394(gb|WP_011609513)	70.992	262	76	0	1	262	1	262	1.39e-136	385
g223.t1	VFG013167(gb|WP_012341126)	70.992	262	76	0	1	262	1	262	1.60e-136	385
g223.t1	VFG013393(gb|WP_010945086)	65.649	262	90	0	1	262	3	264	4.08e-132	374
g223.t1	VFG013392(gb|WP_012054515)	68.321	262	83	0	1	262	1	262	1.86e-130	369
g223.t1	VFG013391(gb|WP_011272366)	68.321	262	83	0	1	262	1	262	2.36e-130	369
g223.t1	VFG013390(gb|WP_005651701)	67.939	262	84	0	1	262	1	262	3.43e-130	369
g223.t1	VFG037792(gb|WP_000064875)	52.918	257	120	1	7	262	6	262	1.30e-96	283
g223.t1	VFG037798(gb|WP_000064877)	52.918	257	120	1	7	262	6	262	1.71e-96	283
g223.t1	VFG037793(gb|YP_001084994)	52.193	228	108	1	36	262	1	228	1.02e-81	244
g223.t1	VFG052305(gb|WP_011179436.1)	41.434	251	147	0	8	258	6	256	2.54e-61	194
g223.t1	VFG052304(gb|WP_011180555.1)	41.803	244	139	1	8	251	6	246	3.56e-61	194
g223.t1	VFG052303(gb|WP_005766762.1)	41.833	251	146	0	8	258	6	256	2.44e-60	191
g223.t1	VFG052306(gb|WP_012231509.1)	40.891	247	146	0	8	254	6	252	2.02e-59	189
g223.t1	VFG011404(gb|WP_002964279)	37.647	255	159	0	4	258	2	256	2.43e-55	179
g223.t1	VFG011394(gb|WP_002964281)	33.014	209	99	8	2	182	119	314	3.54e-16	77.0
g223.t1	VFG052297(gb|WP_011179438.1)	30.357	224	111	7	2	195	119	327	3.56e-15	73.9
g223.t1	VFG052295(gb|WP_005766759.1)	29.167	240	127	7	2	217	119	339	3.70e-15	73.9
g223.t1	VFG052298(gb|WP_012231507.1)	31.696	224	108	7	2	195	119	327	9.41e-15	72.8
g223.t1	VFG052296(gb|WP_011180553.1)	29.358	218	121	6	2	195	119	327	4.93e-14	70.9
g223.t1	VFG046895(gb|WP_041263867)	27.184	206	112	4	8	182	105	303	6.87e-12	64.3
g223.t1	VFG046888(gb|WP_003027255)	26.047	215	103	4	8	182	105	303	1.08e-11	63.9
g223.t1	VFG046885(gb|WP_012429842)	25.581	215	104	4	8	182	105	303	1.71e-11	63.2
g223.t1	VFG046883(gb|WP_003014238)	26.699	206	113	4	8	182	105	303	1.91e-11	63.2
g223.t1	VFG046889(gb|WP_014547522)	26.047	215	103	4	8	182	105	303	2.06e-11	63.2
g223.t1	VFG046887(gb|WP_003021676)	27.184	206	112	4	8	182	105	303	2.71e-11	62.8
g223.t1	VFG046881(gb|WP_003041529)	26.699	206	113	4	8	182	105	303	2.76e-11	62.8
g223.t1	VFG046891(gb|WP_014549271)	25.581	215	104	4	8	182	105	303	3.83e-11	62.4
g223.t1	VFG013165(gb|WP_012340599)	30.675	163	97	4	8	160	120	276	7.64e-11	61.2
g223.t1	VFG013379(gb|WP_011609132)	30.675	163	97	4	8	160	120	276	8.00e-11	61.2
g223.t1	VFG047267(gb|WP_003034837)	28.272	191	122	5	1	181	109	294	1.45e-10	60.5
g223.t1	VFG047284(gb|WP_013922561)	28.713	202	111	6	8	181	98	294	1.47e-10	60.5
g223.t1	VFG047279(gb|WP_014550157)	28.272	191	122	5	1	181	109	294	1.49e-10	60.5
g223.t1	VFG047276(gb|WP_014548830)	28.713	202	117	6	2	181	98	294	1.52e-10	60.5
g223.t1	VFG037841(gb|WP_000865435)	30.208	192	100	6	2	159	103	294	1.71e-10	60.5
g223.t1	VFG037838(gb|YP_001084996)	30.208	192	100	6	2	159	60	251	1.72e-10	60.1
g223.t1	VFG037836(gb|WP_000868103)	30.208	192	100	6	2	159	103	294	1.79e-10	60.5
g223.t1	VFG037835(gb|WP_000868109)	30.208	192	100	6	2	159	103	294	1.91e-10	60.1
g223.t1	VFG047283(gb|WP_014714771)	27.895	190	124	4	1	181	109	294	1.94e-10	60.1
g223.t1	VFG037837(gb|WP_000868104)	30.208	192	100	6	2	159	103	294	3.34e-10	59.7
g223.t1	VFG037847(gb|YP_005799179)	30.208	192	100	6	2	159	101	292	3.78e-10	59.3
g223.t1	VFG037846(gb|WP_000868105)	29.688	192	101	6	2	159	103	294	4.06e-10	59.3
g223.t1	VFG047274(gb|WP_003014857)	28.272	191	122	5	1	181	109	294	4.44e-10	58.9
g223.t1	VFG047275(gb|WP_003025071)	28.272	191	122	5	1	181	109	294	4.65e-10	58.9
g223.t1	VFG013377(gb|WP_012055293)	26.267	217	144	6	1	208	114	323	6.41e-10	58.5
g223.t1	VFG047272(gb|WP_012429185)	28.218	202	118	6	2	181	98	294	1.06e-09	57.8
g223.t1	VFG013375(gb|WP_011272285)	26.267	217	144	6	1	208	114	323	1.06e-09	58.2
g223.t1	VFG013374(gb|WP_005693262)	26.267	217	144	6	1	208	114	323	1.17e-09	57.8
g223.t1	VFG047268(gb|WP_012280577)	27.723	202	113	6	8	181	98	294	3.51e-09	56.2
g223.t1	VFG013376(gb|WP_012054551)	25.806	217	145	6	1	208	114	323	5.67e-09	55.8
g223.t1	VFG046882(gb|WP_041268152)	26.512	215	102	4	8	182	105	303	1.90e-08	54.3
g223.t1	VFG013378(gb|WP_010945088)	26.347	167	107	4	4	160	116	276	6.88e-06	46.6
