g142.t1	VFG044254(gb|WP_000570808)	32.381	315	194	7	16	324	7	308	1.77e-40	144
g142.t1	VFG044286(gb|WP_012367521)	30.887	327	199	9	17	332	2	312	1.23e-30	118
g649.t1	VFG044254(gb|WP_000570808)	34.106	302	188	8	11	307	16	311	1.58e-41	146
g649.t1	VFG044286(gb|WP_012367521)	32.353	306	193	7	7	304	6	305	6.30e-33	124
g2303.t1	VFG044254(gb|WP_000570808)	33.898	295	185	7	11	300	16	305	2.40e-42	148
g2303.t1	VFG044286(gb|WP_012367521)	32.686	309	193	7	7	307	6	307	2.17e-33	125
g2752.t1	VFG044254(gb|WP_000570808)	32.075	318	201	6	11	324	15	321	6.79e-38	137
g2752.t1	VFG044286(gb|WP_012367521)	31.098	328	203	10	4	322	2	315	1.30e-33	126
g2266.t1	VFG044254(gb|WP_000570808)	32.278	316	193	8	11	319	15	316	3.98e-39	140
g2266.t1	VFG044286(gb|WP_012367521)	29.814	322	198	9	12	321	10	315	5.45e-31	119
