g83.t1	VFG052038(gb|YP_007963704.1)	76.763	723	143	4	229	930	1	719	0.0	1080
g83.t1	VFG052054(gb|YP_007959761.1)	76.286	700	141	3	20	701	1117	1809	0.0	1018
g83.t1	VFG052054(gb|YP_007959761.1)	41.279	1095	595	19	18	1077	7	1088	0.0	723
g83.t1	VFG052032(gb|WP_042510602.1)	44.986	1087	551	13	20	1082	22	1085	0.0	853
g83.t1	VFG052008(gb|WP_003876961.1)	44.282	1093	551	15	20	1080	24	1090	0.0	830
g83.t1	VFG052007(gb|WP_009974473.1)	44.128	1090	557	14	20	1080	24	1090	0.0	821
g83.t1	VFG052056(gb|WP_086008543.1)	44.404	1099	544	22	20	1082	18	1085	0.0	815
g83.t1	VFG052031(gb|WP_015309908.1)	44.301	1088	557	15	16	1080	18	1079	0.0	811
g83.t1	VFG052026(gb|WP_085976417.1)	43.388	1104	572	15	5	1080	12	1090	0.0	810
g83.t1	VFG052024(gb|WP_026071070.1)	43.478	1104	571	15	5	1080	12	1090	0.0	810
g83.t1	VFG052010(gb|WP_003420638.1)	43.767	1099	559	16	15	1080	20	1092	0.0	809
g83.t1	VFG052057(gb|WP_086426939.1)	43.388	1104	572	15	5	1080	12	1090	0.0	808
g83.t1	VFG052045(gb|NP_218310.1)	43.767	1099	559	16	15	1080	20	1092	0.0	808
g83.t1	VFG052021(gb|WP_013473044.1)	44.059	1094	556	18	20	1082	9	1077	0.0	808
g83.t1	VFG052006(gb|WP_013989033.1)	43.767	1099	559	16	15	1080	20	1092	0.0	808
g83.t1	VFG052025(gb|WP_085981082.1)	43.388	1104	572	15	5	1080	12	1090	0.0	808
g83.t1	VFG052037(gb|WP_003917841.1)	43.676	1099	560	16	15	1080	20	1092	0.0	807
g83.t1	VFG052019(gb|WP_015294658.1)	43.727	1100	558	16	15	1080	20	1092	0.0	806
g83.t1	VFG052041(gb|WP_010924718.1)	43.585	1099	561	16	15	1080	20	1092	0.0	805
g83.t1	VFG052022(gb|WP_085978327.1)	43.388	1104	571	16	5	1080	12	1089	0.0	803
g83.t1	VFG052020(gb|WP_011892073.1)	43.864	1092	559	18	20	1082	9	1075	0.0	801
g83.t1	VFG052003(gb|WP_005112894.1)	43.963	1085	549	19	22	1080	31	1082	0.0	796
g83.t1	VFG052017(gb|WP_015304018.1)	43.585	1099	561	16	15	1080	20	1092	0.0	796
g83.t1	VFG052030(gb|WP_012396858.1)	44.373	1084	557	17	22	1080	26	1088	0.0	794
g83.t1	VFG052027(gb|WP_010907528.1)	43.606	1087	569	17	17	1080	4	1069	0.0	793
g83.t1	VFG052004(gb|WP_016341572.1)	43.963	1085	549	19	22	1080	31	1082	0.0	793
g83.t1	VFG052005(gb|WP_014850202.1)	43.871	1085	550	19	22	1080	31	1082	0.0	792
g83.t1	VFG052029(gb|WP_015357626.1)	44.280	1084	558	17	22	1080	26	1088	0.0	791
g83.t1	VFG052055(gb|WP_011742446.1)	44.188	1084	559	17	22	1080	26	1088	0.0	788
g83.t1	VFG052018(gb|WP_015291734.1)	43.169	1098	567	15	15	1080	20	1092	0.0	788
g83.t1	VFG052034(gb|WP_011857368.1)	44.169	1089	558	16	20	1080	23	1089	0.0	784
g83.t1	VFG052035(gb|WP_011562378.1)	44.077	1089	559	16	20	1080	23	1089	0.0	783
g83.t1	VFG052033(gb|WP_085975788.1)	43.511	1071	557	16	34	1080	40	1086	0.0	760
g83.t1	VFG052271(gb|WP_044027407.1)	38.965	1101	596	16	43	1082	60	1145	0.0	732
g83.t1	VFG052269(gb|WP_011013456.1)	38.601	1101	600	16	43	1082	60	1145	0.0	723
g83.t1	VFG052268(gb|WP_035109090.1)	39.055	1101	594	18	42	1081	71	1155	0.0	719
g83.t1	VFG052272(gb|WP_011272837.1)	37.871	1146	608	18	30	1081	17	1152	0.0	708
g83.t1	VFG052267(gb|WP_010934066.1)	37.456	1140	624	18	20	1082	8	1135	0.0	688
g83.t1	VFG052273(gb|WP_013240961.1)	37.625	1103	621	19	19	1082	17	1091	0.0	682
g83.t1	VFG052050(gb|YP_005924871.1)	40.187	642	338	13	463	1080	1	620	1.97e-129	407
g84.t1	VFG052054(gb|YP_007959761.1)	78.388	1092	219	4	1	1092	15	1089	0.0	1617
g84.t1	VFG052054(gb|YP_007959761.1)	39.069	709	393	8	2	694	1124	1809	5.06e-129	432
g84.t1	VFG052056(gb|WP_086008543.1)	40.220	1089	577	23	1	1068	24	1059	0.0	679
g84.t1	VFG052020(gb|WP_011892073.1)	40.754	1087	570	23	1	1068	15	1046	0.0	671
g84.t1	VFG052032(gb|WP_042510602.1)	39.353	1113	599	24	1	1094	28	1083	0.0	666
g84.t1	VFG052021(gb|WP_013473044.1)	40.771	1089	569	24	1	1068	15	1048	0.0	663
g84.t1	VFG052008(gb|WP_003876961.1)	39.047	1091	581	23	2	1064	31	1065	0.0	647
g84.t1	VFG052030(gb|WP_012396858.1)	38.082	1095	599	21	22	1094	51	1088	0.0	646
g84.t1	VFG052029(gb|WP_015357626.1)	37.991	1095	600	21	22	1094	51	1088	0.0	645
g84.t1	VFG052027(gb|WP_010907528.1)	38.386	1115	608	25	1	1094	13	1069	0.0	645
g84.t1	VFG052031(gb|WP_015309908.1)	39.299	1084	581	22	1	1064	28	1054	0.0	643
g84.t1	VFG052024(gb|WP_026071070.1)	37.646	1113	619	19	1	1094	34	1090	0.0	643
g84.t1	VFG052025(gb|WP_085981082.1)	37.646	1113	619	19	1	1094	34	1090	0.0	642
g84.t1	VFG052057(gb|WP_086426939.1)	37.556	1113	620	19	1	1094	34	1090	0.0	641
g84.t1	VFG052026(gb|WP_085976417.1)	37.556	1113	620	19	1	1094	34	1090	0.0	641
g84.t1	VFG052055(gb|WP_011742446.1)	37.808	1095	602	20	22	1094	51	1088	0.0	640
g84.t1	VFG052045(gb|NP_218310.1)	38.104	1118	609	21	2	1091	32	1094	0.0	640
g84.t1	VFG052010(gb|WP_003420638.1)	38.193	1118	608	23	2	1091	32	1094	0.0	640
g84.t1	VFG052019(gb|WP_015294658.1)	38.104	1118	609	23	2	1091	32	1094	0.0	639
g84.t1	VFG052037(gb|WP_003917841.1)	38.014	1118	610	21	2	1091	32	1094	0.0	638
g84.t1	VFG052022(gb|WP_085978327.1)	37.646	1113	618	20	1	1094	34	1089	0.0	638
g84.t1	VFG052007(gb|WP_009974473.1)	39.047	1091	581	23	2	1064	31	1065	0.0	637
g84.t1	VFG052006(gb|WP_013989033.1)	38.193	1118	608	22	2	1091	32	1094	0.0	637
g84.t1	VFG052041(gb|WP_010924718.1)	37.925	1118	611	21	2	1091	32	1094	0.0	637
g84.t1	VFG052018(gb|WP_015291734.1)	37.959	1117	613	21	2	1094	32	1092	0.0	636
g84.t1	VFG052005(gb|WP_014850202.1)	37.253	1114	613	23	1	1094	35	1082	0.0	634
g84.t1	VFG052003(gb|WP_005112894.1)	37.163	1114	614	23	1	1094	35	1082	0.0	634
g84.t1	VFG052271(gb|WP_044027407.1)	36.847	1110	610	25	2	1063	44	1110	0.0	634
g84.t1	VFG052017(gb|WP_015304018.1)	38.014	1118	610	22	2	1091	32	1094	0.0	634
g84.t1	VFG052004(gb|WP_016341572.1)	37.074	1114	615	21	1	1094	35	1082	0.0	633
g84.t1	VFG052034(gb|WP_011857368.1)	38.899	1108	596	26	1	1081	29	1082	0.0	632
g84.t1	VFG052269(gb|WP_011013456.1)	36.757	1110	611	25	2	1063	44	1110	0.0	630
g84.t1	VFG052035(gb|WP_011562378.1)	38.809	1108	597	26	1	1081	29	1082	0.0	630
g84.t1	VFG052033(gb|WP_085975788.1)	38.817	1082	581	21	10	1069	41	1063	0.0	627
g84.t1	VFG052272(gb|WP_011272837.1)	34.057	1151	624	23	1	1062	13	1117	0.0	620
g84.t1	VFG052268(gb|WP_035109090.1)	35.662	1102	601	23	18	1063	72	1121	0.0	598
g84.t1	VFG052273(gb|WP_013240961.1)	35.358	1103	634	25	1	1079	24	1071	0.0	590
g84.t1	VFG052267(gb|WP_010934066.1)	32.818	1164	648	26	3	1086	16	1125	1.13e-179	556
g84.t1	VFG052038(gb|YP_007963704.1)	40.172	697	382	11	249	940	52	718	4.56e-145	452
g84.t1	VFG052050(gb|YP_005924871.1)	37.519	653	366	14	450	1091	1	622	5.08e-112	361
g85.t1	VFG052027(gb|WP_010907528.1)	100.000	1070	0	0	1	1070	1	1070	0.0	2144
g85.t1	VFG052010(gb|WP_003420638.1)	82.852	1073	177	3	4	1070	22	1093	0.0	1734
g85.t1	VFG052008(gb|WP_003876961.1)	82.975	1069	178	1	6	1070	23	1091	0.0	1734
g85.t1	VFG052045(gb|NP_218310.1)	82.759	1073	178	3	4	1070	22	1093	0.0	1732
g85.t1	VFG052006(gb|WP_013989033.1)	82.759	1073	178	3	4	1070	22	1093	0.0	1732
g85.t1	VFG052037(gb|WP_003917841.1)	82.665	1073	179	3	4	1070	22	1093	0.0	1731
g85.t1	VFG052041(gb|WP_010924718.1)	82.572	1073	180	3	4	1070	22	1093	0.0	1730
g85.t1	VFG052019(gb|WP_015294658.1)	82.852	1073	177	3	4	1070	22	1093	0.0	1728
g85.t1	VFG052026(gb|WP_085976417.1)	82.243	1070	190	0	1	1070	22	1091	0.0	1720
g85.t1	VFG052024(gb|WP_026071070.1)	82.336	1070	189	0	1	1070	22	1091	0.0	1720
g85.t1	VFG052018(gb|WP_015291734.1)	82.698	1075	175	4	4	1070	22	1093	0.0	1717
g85.t1	VFG052057(gb|WP_086426939.1)	82.150	1070	191	0	1	1070	22	1091	0.0	1715
g85.t1	VFG052025(gb|WP_085981082.1)	82.150	1070	191	0	1	1070	22	1091	0.0	1715
g85.t1	VFG052007(gb|WP_009974473.1)	82.881	1069	179	1	6	1070	23	1091	0.0	1711
g85.t1	VFG052022(gb|WP_085978327.1)	82.150	1070	190	1	1	1070	22	1090	0.0	1709
g85.t1	VFG052017(gb|WP_015304018.1)	82.419	1075	178	4	4	1070	22	1093	0.0	1708
g85.t1	VFG052030(gb|WP_012396858.1)	82.276	1072	188	1	1	1070	18	1089	0.0	1706
g85.t1	VFG052029(gb|WP_015357626.1)	82.276	1072	188	1	1	1070	18	1089	0.0	1704
g85.t1	VFG052055(gb|WP_011742446.1)	81.716	1072	194	1	1	1070	18	1089	0.0	1690
g85.t1	VFG052031(gb|WP_015309908.1)	74.836	1065	261	3	7	1070	22	1080	0.0	1563
g85.t1	VFG052032(gb|WP_042510602.1)	73.246	1069	283	2	2	1069	17	1083	0.0	1550
g85.t1	VFG052056(gb|WP_086008543.1)	71.574	1080	280	7	5	1069	16	1083	0.0	1510
g85.t1	VFG052033(gb|WP_085975788.1)	73.812	1073	263	5	6	1070	25	1087	0.0	1497
g85.t1	VFG052034(gb|WP_011857368.1)	72.201	1072	290	4	5	1070	21	1090	0.0	1497
g85.t1	VFG052035(gb|WP_011562378.1)	72.948	1072	282	4	5	1070	21	1090	0.0	1495
g85.t1	VFG052021(gb|WP_013473044.1)	71.270	1079	282	7	7	1069	9	1075	0.0	1471
g85.t1	VFG052020(gb|WP_011892073.1)	71.123	1077	285	7	7	1069	9	1073	0.0	1457
g85.t1	VFG052003(gb|WP_005112894.1)	66.479	1065	346	5	7	1070	29	1083	0.0	1387
g85.t1	VFG052004(gb|WP_016341572.1)	66.385	1065	347	5	7	1070	29	1083	0.0	1384
g85.t1	VFG052005(gb|WP_014850202.1)	66.197	1065	349	5	7	1070	29	1083	0.0	1380
g85.t1	VFG052050(gb|YP_005924871.1)	81.672	622	107	3	455	1070	1	621	0.0	956
g85.t1	VFG052269(gb|WP_011013456.1)	41.213	1121	582	16	9	1069	40	1143	0.0	801
g85.t1	VFG052271(gb|WP_044027407.1)	41.035	1121	584	16	9	1069	40	1143	0.0	800
g85.t1	VFG052272(gb|WP_011272837.1)	39.138	1160	584	20	12	1069	12	1151	0.0	789
g85.t1	VFG052268(gb|WP_035109090.1)	39.893	1123	593	15	9	1069	52	1154	0.0	788
g85.t1	VFG052273(gb|WP_013240961.1)	40.073	1093	594	16	12	1069	23	1089	0.0	750
g85.t1	VFG052267(gb|WP_010934066.1)	37.831	1134	610	18	15	1069	16	1133	0.0	689
g85.t1	VFG052054(gb|YP_007959761.1)	39.221	1104	615	17	2	1067	4	1089	0.0	672
g85.t1	VFG052054(gb|YP_007959761.1)	44.848	689	352	5	3	672	1113	1792	2.36e-171	549
g85.t1	VFG052038(gb|YP_007963704.1)	41.201	733	377	11	223	918	3	718	5.57e-165	503
