g85.t1	VFG002066(gb|NP_248770)	100.000	154	0	0	1	154	1	154	6.94e-111	311
g85.t1	VFG015426(gb|WP_011979130)	96.753	154	5	0	1	154	1	154	1.62e-108	305
g85.t1	VFG015430(gb|WP_012018662)	53.247	154	71	1	1	153	1	154	6.34e-49	154
g85.t1	VFG020000(gb|WP_015886554)	52.679	112	53	0	30	141	40	151	6.71e-39	129
g85.t1	VFG015429(gb|WP_011064252)	39.264	163	89	3	1	153	2	164	4.20e-35	119
g85.t1	VFG041104(gb|NP_459278)	43.443	122	67	1	11	130	21	142	2.14e-31	110
g85.t1	VFG041024(gb|NP_250357)	37.121	132	83	0	15	146	23	154	5.32e-27	99.4
g85.t1	VFG051562(gb|WP_003110438.1)	37.121	132	83	0	15	146	23	154	6.89e-27	99.0
g85.t1	VFG051560(gb|WP_012076238.1)	35.606	132	85	0	15	146	23	154	2.97e-25	94.7
g85.t1	VFG051564(gb|WP_011336587.1)	35.606	132	85	0	15	146	23	154	3.04e-25	94.7
g85.t1	VFG051566(gb|WP_007246952.1)	36.232	138	88	0	15	152	19	156	4.02e-25	94.4
g85.t1	VFG051565(gb|WP_011105482.1)	36.232	138	88	0	15	152	23	160	6.90e-25	93.6
g85.t1	VFG051563(gb|WP_158020225.1)	39.474	114	69	0	13	126	24	137	2.97e-22	87.0
g85.t1	VFG002081(gb|WP_001045311)	30.070	143	94	4	1	137	1	143	2.29e-19	79.3
g85.t1	VFG041201(gb|WP_148222092)	33.088	136	90	1	1	135	22	157	8.92e-19	78.6
g85.t1	VFG038389(gb|WP_011705718)	31.034	116	79	1	22	136	38	153	2.65e-17	74.3
g85.t1	VFG038390(gb|WP_005310697)	32.381	105	70	1	26	129	42	146	2.43e-14	66.6
g85.t1	VFG035301(gb|WP_000974469)	32.374	139	79	3	4	127	12	150	1.19e-13	64.7
g85.t1	VFG041166(gb|WP_124084121)	28.472	144	86	4	5	131	1	144	2.87e-10	55.5
g85.t1	VFG035652(gb|WP_001013424)	30.097	103	70	2	26	126	44	146	3.09e-09	52.8
g85.t1	VFG035637(gb|WP_001013428)	30.097	103	70	2	26	126	44	146	3.32e-09	52.8
g85.t1	VFG035638(gb|WP_001013423)	30.097	103	70	2	26	126	44	146	4.03e-09	52.8
g85.t1	VFG015428(gb|WP_010954870)	29.070	86	60	1	46	130	157	242	5.65e-09	53.1
g85.t1	VFG035641(gb|WP_001080154)	29.204	113	70	3	25	131	43	151	1.02e-08	51.6
g85.t1	VFG035635(gb|WP_001080153)	29.204	113	70	3	25	131	43	151	1.34e-08	51.2
g85.t1	VFG035645(gb|WP_001080149)	29.204	113	70	3	25	131	43	151	2.02e-08	50.8
g85.t1	VFG049908(gb|WP_001080148)	29.204	113	70	3	25	131	43	151	2.19e-08	50.4
g85.t1	VFG051945(gb|WP_012052032.1)	30.233	86	59	1	46	130	157	242	2.25e-08	51.6
g85.t1	VFG051947(gb|WP_010953538.1)	30.233	86	59	1	46	130	157	242	4.62e-08	50.4
g85.t1	VFG035647(gb|WP_001080147)	29.204	113	70	3	25	131	43	151	4.70e-08	49.7
g85.t1	VFG051874(gb|WP_004576638.1)	30.841	107	74	0	27	133	47	153	8.84e-08	49.7
g85.t1	VFG041144(gb|WP_006485335)	31.373	102	68	1	49	148	72	173	8.99e-08	49.3
g85.t1	VFG051946(gb|WP_012272851.1)	27.907	86	61	1	46	130	157	242	1.73e-07	48.9
g85.t1	VFG035654(gb|WP_001080158)	28.571	112	70	3	26	131	44	151	2.42e-07	47.8
g85.t1	VFG051877(gb|WP_012314364.1)	28.972	107	76	0	27	133	47	153	3.52e-07	47.8
g85.t1	VFG051875(gb|WP_012272403.1)	28.972	107	76	0	27	133	47	153	7.38e-07	47.0
g85.t1	VFG049285(gb|WP_012541332)	29.592	98	67	1	32	127	53	150	8.28e-07	46.2
g85.t1	VFG049291(gb|WP_077251139)	29.592	98	67	1	32	127	53	150	1.25e-06	45.8
g85.t1	VFG041085(gb|WP_002210471)	29.167	96	66	2	27	121	37	131	1.30e-06	45.4
g85.t1	VFG049288(gb|WP_004898993)	29.592	98	67	1	32	127	53	150	1.72e-06	45.4
g85.t1	VFG049284(gb|WP_004175532)	29.592	98	67	1	32	127	53	150	2.56e-06	45.1
g85.t1	VFG048781(gb|WP_014838696)	26.190	84	60	1	46	127	70	153	2.58e-06	45.1
g85.t1	VFG049286(gb|YP_005227547)	29.592	98	67	1	32	127	37	134	2.62e-06	44.7
g85.t1	VFG048782(gb|WP_038423150)	26.190	84	60	1	46	127	70	153	4.74e-06	44.3
g1688.t1	VFG041024(gb|NP_250357)	100.000	168	0	0	1	168	1	168	3.06e-118	331
g1688.t1	VFG051562(gb|WP_003110438.1)	99.405	168	1	0	1	168	1	168	2.93e-117	328
g1688.t1	VFG051560(gb|WP_012076238.1)	98.810	168	2	0	1	168	1	168	5.48e-117	327
g1688.t1	VFG051564(gb|WP_011336587.1)	65.663	166	57	0	1	166	1	166	6.53e-73	216
g1688.t1	VFG051565(gb|WP_011105482.1)	69.277	166	51	0	1	166	1	166	1.37e-72	215
g1688.t1	VFG051563(gb|WP_158020225.1)	60.510	157	62	0	10	166	13	169	3.49e-65	197
g1688.t1	VFG051566(gb|WP_007246952.1)	57.576	132	56	0	23	154	19	150	3.51e-53	166
g1688.t1	VFG002066(gb|NP_248770)	38.519	135	83	0	20	154	12	146	7.71e-29	103
g1688.t1	VFG015426(gb|WP_011979130)	37.324	142	88	1	14	154	5	146	2.62e-28	102
g1688.t1	VFG041104(gb|NP_459278)	34.524	168	95	3	3	155	5	172	1.04e-25	96.7
g1688.t1	VFG015430(gb|WP_012018662)	37.778	135	84	0	20	154	12	146	5.00e-25	94.4
g1688.t1	VFG015429(gb|WP_011064252)	37.324	142	79	3	10	143	4	143	4.47e-24	92.0
g1688.t1	VFG020000(gb|WP_015886554)	36.607	112	71	0	38	149	40	151	1.54e-23	90.9
g1688.t1	VFG049288(gb|WP_004898993)	33.333	168	89	4	7	159	8	167	4.53e-18	77.0
g1688.t1	VFG049291(gb|WP_077251139)	33.333	168	89	4	7	159	8	167	5.31e-18	76.6
g1688.t1	VFG049284(gb|WP_004175532)	33.333	168	89	4	7	159	8	167	9.61e-18	75.9
g1688.t1	VFG049285(gb|WP_012541332)	32.738	168	90	4	7	159	8	167	1.79e-17	75.1
g1688.t1	VFG049286(gb|YP_005227547)	34.848	132	77	2	30	159	27	151	2.73e-16	71.6
g1688.t1	VFG002081(gb|WP_001045311)	29.630	135	91	2	10	140	3	137	5.42e-15	68.2
g1688.t1	VFG035301(gb|WP_000974469)	29.630	108	74	1	30	135	43	150	9.09e-14	65.5
g1688.t1	VFG049282(gb|WP_014230185)	26.946	167	99	4	8	159	9	167	6.50e-13	63.2
g1688.t1	VFG051879(gb|WP_011269331.1)	28.125	160	99	2	9	154	16	173	1.17e-12	63.5
g1688.t1	VFG051874(gb|WP_004576638.1)	33.673	98	65	0	35	132	47	144	7.56e-12	61.2
g1688.t1	VFG051878(gb|WP_011167351.1)	27.500	160	100	2	9	154	16	173	8.14e-12	61.2
g1688.t1	VFG051877(gb|WP_012314364.1)	33.673	98	65	0	35	132	47	144	2.05e-11	60.1
g1688.t1	VFG038390(gb|WP_005310697)	28.767	146	88	2	10	139	3	148	3.43e-11	58.5
g1688.t1	VFG051875(gb|WP_012272403.1)	33.673	98	65	0	35	132	47	144	5.10e-11	58.9
g1688.t1	VFG048782(gb|WP_038423150)	27.451	153	92	4	1	135	2	153	8.94e-11	57.4
g1688.t1	VFG048781(gb|WP_014838696)	26.797	153	93	4	1	135	2	153	1.82e-09	53.9
g1688.t1	VFG041201(gb|WP_148222092)	26.277	137	99	1	10	144	24	160	2.04e-09	53.9
g1688.t1	VFG035296(gb|WP_000484008)	22.222	144	95	3	7	135	9	150	4.89e-08	50.1
g1688.t1	VFG041144(gb|WP_006485335)	32.143	84	55	1	51	132	66	149	6.02e-08	50.1
g1688.t1	VFG038389(gb|WP_011705718)	25.954	131	96	1	11	140	19	149	6.39e-08	49.7
g1688.t1	VFG049167(gb|WP_012540696)	21.277	141	96	2	10	135	9	149	1.68e-07	48.5
g1688.t1	VFG048787(gb|WP_004176417)	28.829	111	74	2	30	135	42	152	2.12e-07	48.1
g1688.t1	VFG035305(gb|WP_000484009)	21.528	144	96	3	7	135	9	150	2.37e-07	48.1
g1688.t1	VFG048788(gb|WP_012968397)	28.829	111	74	2	30	135	42	152	3.27e-07	47.8
g267.t1	VFG041104(gb|NP_459278)	100.000	178	0	0	1	178	1	178	2.18e-131	365
g267.t1	VFG002066(gb|NP_248770)	43.443	122	67	1	21	142	11	130	2.47e-31	110
g267.t1	VFG015426(gb|WP_011979130)	39.103	156	80	2	21	176	11	151	2.52e-31	110
g267.t1	VFG015430(gb|WP_012018662)	39.344	122	72	1	21	142	11	130	3.95e-24	92.4
g267.t1	VFG051566(gb|WP_007246952.1)	34.074	135	87	1	27	161	19	151	5.22e-24	92.0
g267.t1	VFG051560(gb|WP_012076238.1)	33.562	146	84	2	27	172	23	155	5.78e-23	89.7
g267.t1	VFG051565(gb|WP_011105482.1)	39.130	115	70	0	27	141	23	137	7.04e-23	89.4
g267.t1	VFG041024(gb|NP_250357)	33.562	146	84	2	27	172	23	155	1.37e-22	88.6
g267.t1	VFG051562(gb|WP_003110438.1)	37.931	116	70	1	27	142	23	136	2.22e-22	88.2
g267.t1	VFG020000(gb|WP_015886554)	38.614	101	62	0	42	142	40	140	3.72e-22	87.4
g267.t1	VFG015429(gb|WP_011064252)	33.088	136	79	3	9	137	4	134	8.36e-22	86.7
g267.t1	VFG051564(gb|WP_011336587.1)	36.752	117	72	1	25	141	23	137	9.87e-22	86.3
g267.t1	VFG051563(gb|WP_158020225.1)	34.211	114	73	1	23	136	24	135	1.48e-20	83.6
g267.t1	VFG002081(gb|WP_001045311)	33.594	128	83	2	16	141	7	134	3.61e-18	77.0
g267.t1	VFG041201(gb|WP_148222092)	26.250	160	115	3	18	177	30	186	3.87e-14	67.0
g267.t1	VFG051878(gb|WP_011167351.1)	26.752	157	99	4	9	152	17	170	1.11e-10	58.5
g267.t1	VFG049288(gb|WP_004898993)	28.472	144	87	3	7	137	8	148	3.47e-10	56.2
g267.t1	VFG051879(gb|WP_011269331.1)	25.478	157	101	4	9	152	17	170	5.03e-10	56.6
g267.t1	VFG035301(gb|WP_000974469)	26.718	131	83	2	21	138	19	149	6.45e-10	55.5
g267.t1	VFG038390(gb|WP_005310697)	27.972	143	89	2	13	141	4	146	9.02e-10	55.1
g267.t1	VFG049285(gb|WP_012541332)	27.778	144	88	3	7	137	8	148	1.15e-09	54.7
g267.t1	VFG049284(gb|WP_004175532)	27.778	144	88	3	7	137	8	148	1.89e-09	54.3
g267.t1	VFG049291(gb|WP_077251139)	27.778	144	88	3	7	137	8	148	2.54e-09	53.9
g267.t1	VFG049286(gb|YP_005227547)	27.907	129	80	2	22	137	4	132	2.87e-09	53.5
g267.t1	VFG051945(gb|WP_012052032.1)	31.395	86	58	1	58	142	157	242	3.02e-09	54.7
g267.t1	VFG051947(gb|WP_010953538.1)	31.395	86	58	1	58	142	157	242	4.25e-09	54.3
g267.t1	VFG038389(gb|WP_011705718)	32.479	117	74	2	26	141	34	146	9.14e-09	52.0
g267.t1	VFG015428(gb|WP_010954870)	29.070	86	60	1	58	142	157	242	1.67e-08	52.4
g267.t1	VFG051877(gb|WP_012314364.1)	26.429	140	91	3	25	152	22	161	1.77e-08	52.4
g267.t1	VFG049282(gb|WP_014230185)	26.923	130	82	2	21	137	19	148	2.54e-08	51.2
g267.t1	VFG048782(gb|WP_038423150)	25.342	146	89	5	7	136	9	150	3.15e-08	50.8
g267.t1	VFG048781(gb|WP_014838696)	25.342	146	89	5	7	136	9	150	3.81e-08	50.4
g267.t1	VFG051875(gb|WP_012272403.1)	25.714	140	92	3	25	152	22	161	6.34e-08	50.4
g267.t1	VFG051874(gb|WP_004576638.1)	25.714	140	92	3	25	152	22	161	1.51e-07	49.7
g267.t1	VFG051946(gb|WP_012272851.1)	25.556	90	66	1	54	142	153	242	8.16e-07	47.8
g267.t1	VFG048787(gb|WP_004176417)	27.957	93	64	1	40	129	48	140	1.15e-06	46.6
g267.t1	VFG048788(gb|WP_012968397)	26.471	102	70	2	40	136	48	149	1.82e-06	45.8
