g572.t1	VFG016191(gb|WP_004665553)	32.653	98	65	1	198	295	198	294	1.41e-10	60.8
g572.t1	VFG038332(gb|WP_192914500)	26.136	176	122	2	125	300	93	260	1.72e-10	60.1
g572.t1	VFG000208(gb|NP_250404)	27.907	129	93	0	175	303	146	274	2.72e-10	59.7
g572.t1	VFG016190(gb|WP_005762820)	31.633	98	66	1	198	295	198	294	2.87e-10	60.1
g572.t1	VFG042280(gb|AAS91825)	26.111	180	125	2	121	300	100	271	6.90e-10	58.5
g572.t1	VFG041605(gb|WP_012847726)	35.714	84	54	0	214	297	139	222	8.52e-10	57.8
g572.t1	VFG007177(gb|WP_005464548)	30.088	113	76	2	187	296	164	276	2.52e-09	57.0
g572.t1	VFG019777(gb|WP_012724142)	30.392	102	70	1	195	296	158	258	7.72e-09	55.5
g572.t1	VFG003476(gb|WP_005176447)	30.097	103	72	0	194	296	161	263	8.08e-09	55.5
g572.t1	VFG000399(gb|WP_002212931)	30.097	103	72	0	194	296	161	263	1.19e-08	55.1
g572.t1	VFG023737(gb|WP_013749464)	30.097	103	72	0	194	296	161	263	1.45e-08	54.7
g572.t1	VFG041818(gb|WP_011147916)	30.120	83	58	0	214	296	186	268	5.09e-08	53.1
g572.t1	VFG041670(gb|WP_012777215)	30.120	83	58	0	214	296	186	268	5.09e-08	53.1
g572.t1	VFG048572(gb|WP_032694987)	26.772	127	93	0	171	297	191	317	6.76e-08	53.1
g572.t1	VFG048573(gb|WP_014229382)	26.772	127	93	0	171	297	191	317	6.89e-08	52.8
g572.t1	VFG000364(gb|WP_000140406)	29.907	107	75	0	191	297	211	317	1.68e-07	51.6
g572.t1	VFG044327(gb|WP_000140406)	29.907	107	75	0	191	297	211	317	1.68e-07	51.6
g572.t1	VFG034084(gb|WP_000140406)	29.907	107	75	0	191	297	211	317	1.68e-07	51.6
g572.t1	VFG034090(gb|WP_000970687)	29.907	107	75	0	191	297	211	317	1.71e-07	51.6
g572.t1	VFG012543(gb|WP_000970688)	29.907	107	75	0	191	297	211	317	1.76e-07	51.6
g572.t1	VFG012545(gb|WP_000140405)	29.907	107	75	0	191	297	211	317	1.79e-07	51.6
g572.t1	VFG048575(gb|YP_005227765)	29.907	107	75	0	191	297	211	317	2.02e-07	51.6
g572.t1	VFG003505(gb|WP_005168685)	29.907	107	75	0	191	297	211	317	2.04e-07	51.6
g572.t1	VFG034083(gb|WP_000140402)	31.000	100	69	0	198	297	218	317	2.19e-07	51.2
g572.t1	VFG019776(gb|WP_003117898)	33.333	96	62	2	203	297	166	260	2.41e-07	50.8
g572.t1	VFG041884(gb|WP_080509009)	31.395	86	59	0	214	299	190	275	6.35e-07	49.7
g572.t1	VFG014092(gb|WP_012074004)	32.927	82	54	1	216	297	180	260	7.02e-07	49.7
g572.t1	VFG001234(gb|NP_249107)	33.333	96	62	2	203	297	166	260	7.49e-07	49.3
g572.t1	VFG014093(gb|WP_003128976)	33.333	96	62	2	203	297	166	260	7.63e-07	49.3
g2372.t1	VFG019776(gb|WP_003117898)	39.423	104	63	0	198	301	160	263	2.63e-13	68.6
g2372.t1	VFG014093(gb|WP_003128976)	39.423	104	63	0	198	301	160	263	8.75e-13	67.0
g2372.t1	VFG001234(gb|NP_249107)	39.423	104	63	0	198	301	160	263	9.54e-13	67.0
g2372.t1	VFG014092(gb|WP_012074004)	38.462	104	64	0	198	301	160	263	2.20e-12	65.9
g2372.t1	VFG016191(gb|WP_004665553)	28.571	182	119	4	121	293	112	291	4.22e-10	59.7
g2372.t1	VFG016190(gb|WP_005762820)	28.022	182	120	4	121	293	112	291	1.29e-09	58.2
g2372.t1	VFG019777(gb|WP_012724142)	34.444	90	59	0	208	297	169	258	5.64e-09	55.8
g2372.t1	VFG044386(gb|AAF33127)	33.735	83	55	0	213	295	144	226	3.42e-08	53.1
g2372.t1	VFG041605(gb|WP_012847726)	32.000	100	67	1	202	300	125	224	8.05e-07	48.9
g2372.t1	VFG003096(gb|WP_011171760)	29.861	144	90	4	159	297	94	231	1.39e-06	48.5
g2372.t1	VFG044376(gb|AAL65283)	36.585	82	52	0	214	295	180	261	1.78e-06	48.5
g521.t1	VFG000208(gb|NP_250404)	29.358	109	77	0	169	277	160	268	8.72e-10	58.2
g521.t1	VFG041670(gb|WP_012777215)	28.070	114	82	0	163	276	155	268	1.66e-09	57.4
g521.t1	VFG038332(gb|WP_192914500)	28.000	125	87	1	152	276	135	256	2.24e-09	56.6
g521.t1	VFG016191(gb|WP_004665553)	37.349	83	51	1	190	272	210	291	2.37e-09	57.0
g521.t1	VFG000399(gb|WP_002212931)	30.208	96	67	0	181	276	168	263	3.30e-09	56.2
g521.t1	VFG023737(gb|WP_013749464)	30.208	96	67	0	181	276	168	263	3.98e-09	56.2
g521.t1	VFG016190(gb|WP_005762820)	36.145	83	52	1	190	272	210	291	4.82e-09	56.2
g521.t1	VFG041818(gb|WP_011147916)	28.704	108	77	0	169	276	161	268	6.51e-09	55.5
g521.t1	VFG003476(gb|WP_005176447)	30.208	96	67	0	181	276	168	263	6.59e-09	55.5
g521.t1	VFG042280(gb|AAS91825)	27.200	125	88	1	152	276	146	267	2.98e-08	53.5
g521.t1	VFG024956(gb|WP_009896168)	39.130	92	51	3	195	284	240	328	3.37e-07	50.8
g521.t1	VFG007177(gb|WP_005464548)	23.457	243	148	6	67	276	39	276	4.04e-07	50.1
g521.t1	VFG024954(gb|WP_011853448)	40.217	92	50	4	195	284	240	328	1.88e-06	48.5
g521.t1	VFG041884(gb|WP_080509009)	29.670	91	62	1	194	284	190	278	2.31e-06	47.8
g521.t1	VFG024949(gb|WP_011204592)	40.000	85	48	3	195	277	263	346	2.87e-06	47.8
g521.t1	VFG002438(gb|WP_011205635)	40.000	85	48	3	195	277	263	346	3.14e-06	47.8
