g1845.t1	VFG047663(gb|WP_014715113)	21.951	287	206	5	73	341	70	356	7.58e-16	79.3
g1845.t1	VFG047664(gb|WP_013923522)	21.528	288	208	4	72	341	69	356	1.07e-14	75.9
g1845.t1	VFG047647(gb|WP_003033343)	22.648	287	204	4	73	341	70	356	6.85e-14	73.2
g1845.t1	VFG047656(gb|WP_014547827)	22.648	287	204	4	73	341	70	356	7.23e-14	73.2
g1845.t1	VFG047659(gb|WP_014549500)	22.648	287	204	4	73	341	70	356	8.56e-14	73.2
g1845.t1	VFG047654(gb|WP_003020284)	22.648	287	204	4	73	341	70	356	9.12e-14	72.8
g1845.t1	VFG047649(gb|WP_003016951)	22.648	287	204	4	73	341	70	356	3.26e-13	71.2
g1845.t1	VFG047658(gb|WP_015083952)	22.648	287	204	4	73	341	70	356	3.47e-13	71.2
g1845.t1	VFG047652(gb|WP_012429763)	22.648	287	204	4	73	341	70	356	6.65e-13	70.1
g1845.t1	VFG047648(gb|WP_012279774)	20.833	288	210	4	72	341	69	356	9.49e-13	69.7
g1845.t1	VFG047674(gb|WP_206193634)	23.986	296	190	11	71	344	72	354	4.62e-12	67.8
g1845.t1	VFG047682(gb|WP_041263746)	24.315	292	194	10	71	344	70	352	6.17e-12	67.4
g1845.t1	VFG047681(gb|WP_014715447)	24.315	292	194	10	71	344	70	352	1.02e-11	66.6
g1845.t1	VFG047670(gb|WP_042904124)	23.973	292	195	10	71	344	70	352	1.14e-11	66.2
g1845.t1	VFG047672(gb|WP_003021043)	23.973	292	195	10	71	344	72	354	1.15e-11	66.2
g1845.t1	VFG047673(gb|WP_003026051)	23.973	292	195	10	71	344	72	354	1.16e-11	66.2
g1845.t1	VFG047667(gb|WP_003016348)	23.630	292	196	10	71	344	72	354	2.21e-11	65.5
g1845.t1	VFG047666(gb|WP_012281046)	23.973	292	195	10	71	344	70	352	2.23e-11	65.5
g1845.t1	VFG047665(gb|WP_003033738)	23.973	292	195	10	71	344	72	354	2.51e-11	65.5
g1845.t1	VFG047677(gb|WP_196218599)	23.973	292	195	10	71	344	72	354	3.33e-11	65.1
g1845.t1	VFG047675(gb|WP_015083844)	23.711	291	195	10	71	344	72	352	4.22e-10	61.6
g651.t1	VFG047674(gb|WP_206193634)	25.566	309	206	11	66	356	70	372	4.53e-14	73.9
g651.t1	VFG047675(gb|WP_015083844)	24.919	309	206	10	66	356	70	370	5.83e-14	73.6
g651.t1	VFG047670(gb|WP_042904124)	25.641	312	202	12	66	356	68	370	7.83e-14	73.2
g651.t1	VFG047672(gb|WP_003021043)	25.641	312	202	12	66	356	70	372	9.49e-14	72.8
g651.t1	VFG047673(gb|WP_003026051)	25.641	312	202	12	66	356	70	372	9.58e-14	72.8
g651.t1	VFG047681(gb|WP_014715447)	25.220	341	222	14	66	384	68	397	9.64e-14	72.8
g651.t1	VFG047667(gb|WP_003016348)	25.641	312	202	12	66	356	70	372	1.19e-13	72.4
g651.t1	VFG047666(gb|WP_012281046)	26.374	273	172	12	131	384	135	397	1.22e-13	72.4
g651.t1	VFG047682(gb|WP_041263746)	25.879	313	200	13	66	356	68	370	1.90e-13	72.0
g651.t1	VFG047665(gb|WP_003033738)	26.129	310	203	12	66	356	70	372	3.89e-13	70.9
g651.t1	VFG047677(gb|WP_196218599)	26.129	310	203	12	66	356	70	372	5.17e-13	70.5
g651.t1	VFG047663(gb|WP_014715113)	22.561	328	221	11	66	366	66	387	1.26e-06	50.4
g651.t1	VFG047658(gb|WP_015083952)	20.476	420	284	13	5	389	6	410	2.58e-06	49.3
g651.t1	VFG047656(gb|WP_014547827)	21.194	335	217	10	66	366	66	387	4.77e-06	48.5
g651.t1	VFG047659(gb|WP_014549500)	21.411	397	262	13	5	366	6	387	5.25e-06	48.5
g651.t1	VFG047654(gb|WP_003020284)	20.896	335	218	10	66	366	66	387	6.54e-06	48.1
g651.t1	VFG047647(gb|WP_003033343)	20.896	335	218	10	66	366	66	387	7.01e-06	48.1
g651.t1	VFG047649(gb|WP_003016951)	21.159	397	263	13	5	366	6	387	7.32e-06	48.1
g651.t1	VFG047652(gb|WP_012429763)	22.561	328	221	10	66	366	66	387	8.72e-06	47.8
g2388.t1	VFG047672(gb|WP_003021043)	23.326	433	288	15	2	400	8	430	1.72e-09	59.7
g2388.t1	VFG047673(gb|WP_003026051)	23.326	433	288	15	2	400	8	430	1.88e-09	59.3
g2388.t1	VFG047667(gb|WP_003016348)	23.326	433	288	15	2	400	8	430	2.04e-09	59.3
g2388.t1	VFG047670(gb|WP_042904124)	23.326	433	288	15	2	400	6	428	2.06e-09	59.3
g2388.t1	VFG047665(gb|WP_003033738)	23.326	433	288	15	2	400	8	430	2.32e-09	59.3
g2388.t1	VFG047677(gb|WP_196218599)	23.326	433	288	15	2	400	8	430	4.27e-09	58.2
g2388.t1	VFG047674(gb|WP_206193634)	25.000	364	239	13	2	342	8	360	4.92e-09	58.2
g2388.t1	VFG047675(gb|WP_015083844)	22.738	431	291	14	2	400	8	428	1.46e-08	56.6
g2388.t1	VFG047658(gb|WP_015083952)	23.387	248	161	7	197	419	214	457	1.89e-08	56.2
g2388.t1	VFG047652(gb|WP_012429763)	23.387	248	161	8	197	419	214	457	8.59e-08	54.3
g2388.t1	VFG047649(gb|WP_003016951)	23.387	248	161	8	197	419	214	457	9.88e-08	53.9
g2388.t1	VFG047654(gb|WP_003020284)	23.387	248	161	8	197	419	214	457	1.02e-07	53.9
g2388.t1	VFG047656(gb|WP_014547827)	21.655	411	269	13	54	419	55	457	1.60e-07	53.1
g2388.t1	VFG047647(gb|WP_003033343)	22.010	418	259	13	54	419	55	457	2.14e-07	52.8
g2388.t1	VFG047682(gb|WP_041263746)	23.548	310	211	10	53	342	55	358	2.63e-07	52.8
g2388.t1	VFG047659(gb|WP_014549500)	23.361	244	166	7	197	419	214	457	3.23e-07	52.4
g2388.t1	VFG047681(gb|WP_014715447)	23.810	315	204	12	53	342	55	358	9.37e-07	50.8
g2388.t1	VFG047648(gb|WP_012279774)	21.333	225	151	6	197	402	214	431	1.59e-06	50.1
g2388.t1	VFG047666(gb|WP_012281046)	23.077	286	195	9	77	342	78	358	3.19e-06	49.3
g2388.t1	VFG047663(gb|WP_014715113)	22.739	387	251	14	54	402	55	431	3.27e-06	49.3
g2388.t1	VFG047664(gb|WP_013923522)	22.423	388	251	14	54	402	55	431	3.60e-06	48.9
g3997.t1	VFG047667(gb|WP_003016348)	22.762	391	282	11	1	374	3	390	1.02e-12	69.7
g3997.t1	VFG047674(gb|WP_206193634)	22.251	391	284	11	1	374	3	390	1.11e-12	69.7
g3997.t1	VFG047665(gb|WP_003033738)	22.165	388	283	10	3	374	6	390	1.15e-12	69.3
g3997.t1	VFG047677(gb|WP_196218599)	22.165	388	283	10	3	374	6	390	1.37e-12	69.3
g3997.t1	VFG047672(gb|WP_003021043)	22.506	391	283	11	1	374	3	390	2.22e-12	68.6
g3997.t1	VFG047673(gb|WP_003026051)	22.506	391	283	11	1	374	3	390	2.30e-12	68.6
g3997.t1	VFG047670(gb|WP_042904124)	22.506	391	283	11	1	374	1	388	4.11e-12	67.8
g3997.t1	VFG047681(gb|WP_014715447)	23.077	390	279	12	2	374	3	388	1.31e-11	66.2
g3997.t1	VFG047666(gb|WP_012281046)	22.821	390	280	12	2	374	3	388	3.06e-11	65.1
g3997.t1	VFG047682(gb|WP_041263746)	22.687	335	242	9	56	374	55	388	4.85e-11	64.3
g3997.t1	VFG047675(gb|WP_015083844)	21.762	386	285	8	3	374	6	388	5.05e-11	64.3
g3997.t1	VFG047656(gb|WP_014547827)	21.858	366	227	13	45	366	36	386	2.12e-06	49.7
g3997.t1	VFG047647(gb|WP_003033343)	22.438	361	231	13	45	366	36	386	2.71e-06	49.3
g3997.t1	VFG047654(gb|WP_003020284)	22.438	361	231	13	45	366	36	386	3.32e-06	49.3
g3997.t1	VFG047659(gb|WP_014549500)	22.438	361	231	13	45	366	36	386	4.43e-06	48.9
g3997.t1	VFG047652(gb|WP_012429763)	22.438	361	231	13	45	366	36	386	4.92e-06	48.5
g3997.t1	VFG047648(gb|WP_012279774)	21.330	361	237	12	45	367	36	387	4.97e-06	48.5
g3997.t1	VFG047658(gb|WP_015083952)	22.715	361	230	13	45	366	36	386	5.01e-06	48.5
g3997.t1	VFG047649(gb|WP_003016951)	22.715	361	230	13	45	366	36	386	5.23e-06	48.5
g3997.t1	VFG047663(gb|WP_014715113)	21.330	361	235	13	45	366	36	386	5.33e-06	48.5
