g3157.t1	VFG000175(gb|NP_251786)	100.000	382	0	0	1	382	1	382	0.0	746
g3157.t1	VFG038304(gb|WP_011704547)	28.804	368	226	11	37	382	38	391	2.19e-25	105
g3157.t1	VFG038305(gb|WP_016349343)	28.533	368	227	11	37	382	38	391	1.04e-24	103
g3157.t1	VFG038306(gb|WP_073531791)	28.134	359	240	9	37	382	38	391	1.39e-20	92.4
g3157.t1	VFG040907(gb|WP_011094625)	25.070	355	235	9	48	380	76	421	2.87e-20	91.7
g3157.t1	VFG038307(gb|WP_005350040)	27.822	381	244	9	23	382	21	391	8.65e-18	84.0
g3157.t1	VFG007055(gb|WP_001288747)	23.754	341	236	9	59	380	65	400	1.09e-16	80.9
g3157.t1	VFG007059(gb|WP_047863676)	23.757	362	240	11	51	380	49	406	1.49e-14	74.3
g3157.t1	VFG012912(gb|WP_000094969)	26.000	350	223	12	48	375	49	384	4.53e-14	72.8
g3157.t1	VFG040940(gb|WP_071525076)	25.356	351	240	10	44	380	41	383	1.54e-13	71.2
g3157.t1	VFG040947(gb|WP_000094974)	25.620	363	208	15	48	375	49	384	2.06e-13	70.9
g3157.t1	VFG040968(gb|WP_012542825)	26.099	364	235	10	34	380	47	393	5.74e-13	69.7
g3157.t1	VFG007057(gb|WP_043920924)	23.342	377	265	9	17	380	31	396	6.91e-13	69.3
g3157.t1	VFG007058(gb|WP_011149211)	23.342	377	265	9	17	380	31	396	1.01e-12	68.9
g3157.t1	VFG001878(gb|WP_010947594)	21.429	322	235	11	63	378	67	376	5.43e-12	66.6
g3157.t1	VFG010839(gb|WP_011214121)	21.429	322	235	11	63	378	67	376	8.09e-12	65.9
g3157.t1	VFG010840(gb|WP_011215837)	21.231	325	232	11	63	378	67	376	8.16e-12	65.9
g3157.t1	VFG010841(gb|WP_011946773)	21.429	322	235	11	63	378	67	376	1.08e-11	65.5
g3157.t1	VFG002055(gb|WP_000097229)	27.922	154	102	4	227	375	235	384	2.73e-09	58.2
g3157.t1	VFG007056(gb|WP_005458997)	22.597	385	259	12	17	380	31	397	2.10e-08	55.5
g3157.t1	VFG050878(gb|WP_005119956.1)	26.623	154	106	4	221	372	222	370	5.03e-08	54.3
g3157.t1	VFG050872(gb|WP_001985386.1)	27.273	143	97	4	232	372	233	370	6.23e-08	53.9
g3157.t1	VFG050875(gb|YP_001085280.1)	27.273	143	97	4	232	372	181	318	6.28e-08	53.9
g3157.t1	VFG050880(gb|WP_043961069.1)	27.273	143	97	4	232	372	233	370	7.51e-08	53.9
