g1093.t1	VFG001236(gb|NP_249769)	100.000	146	0	0	1	146	1	146	2.19e-106	299
g1093.t1	VFG014172(gb|WP_003247063)	85.714	147	20	1	1	146	1	147	5.79e-93	265
g1093.t1	VFG014170(gb|WP_011062742)	85.714	147	20	1	1	146	1	147	1.38e-89	256
g1093.t1	VFG014171(gb|WP_007960329)	84.354	147	22	1	1	146	1	147	8.08e-89	254
g1093.t1	VFG014173(gb|WP_020307315)	83.673	147	23	1	1	146	1	147	1.01e-87	252
g1093.t1	VFG014169(gb|WP_011534933)	84.354	147	22	1	1	146	1	147	1.14e-87	252
g1093.t1	VFG019794(gb|WP_015885456)	83.673	147	23	1	1	146	1	147	1.55e-87	251
g1093.t1	VFG014168(gb|WP_012051596)	83.673	147	23	1	1	146	1	147	7.02e-87	249
g1093.t1	VFG014167(gb|WP_003254469)	83.673	147	23	1	1	146	1	147	8.46e-87	249
g1093.t1	VFG015646(gb|WP_012273530)	83.673	147	23	1	1	146	1	147	1.45e-86	249
g1093.t1	VFG015647(gb|WP_012315561)	82.993	147	24	1	1	146	1	147	2.77e-86	248
g1093.t1	VFG014164(gb|WP_002554316)	78.767	146	31	0	1	146	1	146	3.90e-82	238
g1093.t1	VFG038805(gb|WP_005320210)	56.849	146	55	1	1	146	1	138	2.83e-56	172
g1093.t1	VFG038804(gb|WP_011706643)	56.164	146	56	1	1	146	1	138	3.16e-56	172
g1093.t1	VFG038806(gb|WP_005350658)	56.463	147	54	2	1	146	1	138	2.11e-54	167
g1093.t1	VFG007355(gb|WP_011078340)	51.370	146	63	1	1	146	1	138	1.20e-46	147
g1093.t1	VFG007354(gb|WP_005462293)	51.351	148	59	2	1	146	1	137	1.76e-46	147
g1093.t1	VFG007357(gb|WP_005420405)	51.370	146	63	2	1	146	1	138	2.96e-46	147
g1093.t1	VFG043228(gb|WP_002211434)	51.701	147	63	3	1	146	1	140	3.15e-45	144
g1093.t1	VFG007352(gb|WP_000051920)	48.630	146	67	1	1	146	1	138	1.34e-44	142
g1093.t1	VFG038873(gb|WP_005314270)	49.660	147	65	2	1	146	1	139	2.74e-44	142
g1093.t1	VFG043184(gb|AAZ99746)	48.980	147	66	2	1	146	1	139	1.57e-43	140
g1093.t1	VFG043128(gb|WP_005464013)	44.898	147	75	2	1	146	1	142	6.31e-43	138
g1093.t1	VFG011277(gb|WP_003817176)	50.685	146	64	2	1	146	1	138	7.70e-43	138
g1093.t1	VFG011278(gb|WP_003811891)	50.685	146	64	2	1	146	1	138	1.27e-42	137
g1093.t1	VFG025628(gb|WP_009893446)	49.306	144	67	2	2	145	3	140	3.03e-41	134
g1093.t1	VFG002509(gb|WP_004197251)	48.966	145	66	2	2	145	3	140	5.23e-41	133
g1093.t1	VFG001992(gb|WP_010946949)	44.521	146	75	1	1	146	1	140	8.86e-40	130
g1093.t1	VFG011280(gb|WP_012417358)	47.297	148	66	2	1	146	1	138	7.46e-39	128
g1093.t1	VFG025616(gb|WP_006485701)	47.917	144	69	3	2	145	3	140	5.39e-38	126
g1093.t1	VFG043023(gb|NP_460146)	47.945	146	64	3	1	146	1	134	6.35e-38	125
g1093.t1	VFG002679(gb|WP_002211111)	47.260	146	65	2	1	146	1	134	3.52e-37	124
g1093.t1	VFG043075(gb|WP_001196460)	45.890	146	67	2	1	146	1	134	5.94e-37	123
g1093.t1	VFG002350(gb|WP_005168794)	45.890	146	67	2	1	146	1	134	3.18e-36	121
g1093.t1	VFG006689(gb|WP_011116248)	36.478	159	84	2	5	146	4	162	2.03e-28	102
g1093.t1	VFG019648(gb|WP_000480093)	39.490	157	80	3	5	146	4	160	6.48e-28	100
g1093.t1	VFG006686(gb|WP_000480097)	39.490	157	80	3	5	146	4	160	7.07e-28	100
g1093.t1	VFG043292(gb|WP_003425244)	34.932	146	83	1	1	146	1	134	8.56e-28	99.8
g1093.t1	VFG019647(gb|WP_000480116)	39.490	157	80	3	5	146	4	160	8.97e-28	100
g1093.t1	VFG006688(gb|WP_011578452)	38.217	157	82	2	5	146	4	160	1.34e-27	100
g1093.t1	VFG006687(gb|WP_000480077)	39.490	157	80	3	5	146	4	160	1.48e-27	100
g1093.t1	VFG006685(gb|WP_000480106)	37.580	157	83	2	5	146	4	160	4.85e-27	99.0
g1093.t1	VFG011897(gb|WP_002849120)	35.404	161	87	3	1	144	1	161	3.85e-25	94.0
g1093.t1	VFG018041(gb|WP_002855235)	37.267	161	84	4	1	144	1	161	2.58e-23	89.4
g1093.t1	VFG001906(gb|YP_002343958)	37.267	161	84	4	1	144	1	161	3.23e-23	89.0
g1093.t1	VFG011896(gb|WP_002856822)	37.267	161	84	4	1	144	1	161	4.51e-23	88.6
g1093.t1	VFG016774(gb|WP_005767776)	35.766	137	75	3	9	144	11	135	8.88e-23	87.0
g1093.t1	VFG011895(gb|WP_002867675)	36.646	161	85	4	1	144	1	161	9.08e-23	87.8
g1093.t1	VFG017793(gb|WP_011990499)	32.934	167	83	3	1	144	1	161	1.53e-21	84.7
g1093.t1	VFG043417(gb|WP_000484677)	30.282	142	87	3	7	146	5	136	8.51e-17	71.6
g1093.t1	VFG043270(gb|NP_464238)	26.429	140	94	1	7	146	5	135	8.13e-13	61.2
g1093.t1	VFG002346(gb|WP_005160438)	45.455	44	24	0	101	144	217	260	1.02e-06	46.6
g1093.t1	VFG003433(gb|WP_011192166)	45.455	44	24	0	101	144	217	260	1.17e-06	46.2
g1093.t1	VFG020239(gb|WP_012413656)	45.455	44	24	0	101	144	217	260	1.23e-06	46.2
g1093.t1	VFG043079(gb|WP_000625837)	45.455	44	24	0	101	144	217	260	1.30e-06	46.2
g1093.t1	VFG043027(gb|NP_460150)	45.455	44	24	0	101	144	217	260	1.33e-06	46.2
g1093.t1	VFG025680(gb|WP_009893440)	46.341	41	22	0	101	141	217	257	4.51e-06	44.7
g1093.t1	VFG025669(gb|WP_006477564)	46.341	41	22	0	101	141	217	257	4.55e-06	44.7
g1093.t1	VFG002513(gb|WP_004197257)	46.341	41	22	0	101	141	217	257	4.60e-06	44.7
g1093.t1	VFG025670(gb|WP_006485706)	46.341	41	22	0	101	141	217	257	4.69e-06	44.7
g1093.t1	VFG025668(gb|WP_011546414)	46.341	41	22	0	101	141	217	257	4.69e-06	44.7
g1093.t1	VFG006702(gb|WP_000946437)	43.182	44	25	0	101	144	217	260	7.52e-06	43.9
g1093.t1	VFG006700(gb|WP_000946433)	43.182	44	25	0	101	144	217	260	7.66e-06	43.9
g1093.t1	VFG006703(gb|WP_011577213)	43.182	44	25	0	101	144	217	260	7.74e-06	43.9
g1093.t1	VFG006701(gb|WP_000946438)	43.182	44	25	0	101	144	217	260	7.89e-06	43.9
g1093.t1	VFG011925(gb|WP_011731853)	43.902	41	23	0	101	141	217	257	8.94e-06	43.9
g1094.t1	VFG043023(gb|NP_460146)	100.000	134	0	0	1	134	1	134	1.30e-94	268
g1094.t1	VFG043075(gb|WP_001196460)	94.030	134	8	0	1	134	1	134	6.39e-89	254
g1094.t1	VFG002350(gb|WP_005168794)	81.343	134	25	0	1	134	1	134	7.64e-80	231
g1094.t1	VFG002679(gb|WP_002211111)	80.597	134	26	0	1	134	1	134	1.29e-79	230
g1094.t1	VFG011278(gb|WP_003811891)	68.841	138	39	1	1	134	1	138	1.97e-66	197
g1094.t1	VFG011280(gb|WP_012417358)	70.290	138	37	1	1	134	1	138	1.65e-65	195
g1094.t1	VFG011277(gb|WP_003817176)	68.116	138	40	1	1	134	1	138	5.28e-65	194
g1094.t1	VFG025616(gb|WP_006485701)	65.942	138	41	1	2	133	3	140	1.77e-61	185
g1094.t1	VFG002509(gb|WP_004197251)	65.942	138	41	1	2	133	3	140	1.92e-61	185
g1094.t1	VFG025628(gb|WP_009893446)	65.942	138	41	1	2	133	3	140	5.02e-61	184
g1094.t1	VFG014164(gb|WP_002554316)	48.630	146	63	1	1	134	1	146	3.09e-41	134
g1094.t1	VFG014171(gb|WP_007960329)	47.619	147	64	1	1	134	1	147	3.05e-40	131
g1094.t1	VFG038804(gb|WP_011706643)	47.101	138	69	2	1	134	1	138	6.09e-40	130
g1094.t1	VFG014170(gb|WP_011062742)	47.619	147	64	1	1	134	1	147	1.04e-39	130
g1094.t1	VFG038805(gb|WP_005320210)	47.101	138	69	2	1	134	1	138	2.93e-39	128
g1094.t1	VFG015646(gb|WP_012273530)	45.578	147	67	1	1	134	1	147	1.09e-38	127
g1094.t1	VFG019794(gb|WP_015885456)	46.259	147	66	1	1	134	1	147	1.47e-38	127
g1094.t1	VFG038806(gb|WP_005350658)	47.101	138	69	2	1	134	1	138	2.16e-38	126
g1094.t1	VFG015647(gb|WP_012315561)	45.578	147	67	1	1	134	1	147	3.40e-38	126
g1094.t1	VFG007357(gb|WP_005420405)	44.203	138	73	1	1	134	1	138	3.54e-38	125
g1094.t1	VFG014168(gb|WP_012051596)	45.578	147	67	2	1	134	1	147	3.97e-38	126
g1094.t1	VFG014173(gb|WP_020307315)	45.578	147	67	1	1	134	1	147	4.42e-38	125
g1094.t1	VFG001236(gb|NP_249769)	47.945	146	64	3	1	134	1	146	5.83e-38	125
g1094.t1	VFG007354(gb|WP_005462293)	45.985	137	71	1	1	134	1	137	6.62e-38	125
g1094.t1	VFG014169(gb|WP_011534933)	46.259	147	66	2	1	134	1	147	8.42e-38	125
g1094.t1	VFG014167(gb|WP_003254469)	44.218	147	69	1	1	134	1	147	1.73e-37	124
g1094.t1	VFG007355(gb|WP_011078340)	44.203	138	73	1	1	134	1	138	4.86e-37	123
g1094.t1	VFG014172(gb|WP_003247063)	43.537	147	70	1	1	134	1	147	5.80e-37	123
g1094.t1	VFG007352(gb|WP_000051920)	41.304	138	77	1	1	134	1	138	7.01e-34	115
g1094.t1	VFG001992(gb|WP_010946949)	44.286	140	72	2	1	134	1	140	2.98e-32	110
g1094.t1	VFG043128(gb|WP_005464013)	42.254	142	74	1	1	134	1	142	5.21e-32	110
g1094.t1	VFG043292(gb|WP_003425244)	39.552	134	81	0	1	134	1	134	2.67e-31	108
g1094.t1	VFG038873(gb|WP_005314270)	41.727	139	76	1	1	134	1	139	9.17e-30	104
g1094.t1	VFG043184(gb|AAZ99746)	41.727	139	76	1	1	134	1	139	1.14e-29	104
g1094.t1	VFG043228(gb|WP_002211434)	43.972	141	71	3	1	134	1	140	7.48e-29	102
g1094.t1	VFG016774(gb|WP_005767776)	42.400	125	71	1	9	132	11	135	2.44e-27	98.6
g1094.t1	VFG043417(gb|WP_000484677)	37.857	140	75	3	3	134	1	136	3.34e-26	95.5
g1094.t1	VFG011897(gb|WP_002849120)	33.540	161	78	2	1	132	1	161	6.03e-25	93.2
g1094.t1	VFG006689(gb|WP_011116248)	29.193	161	85	1	3	134	2	162	1.31e-21	84.3
g1094.t1	VFG018041(gb|WP_002855235)	30.435	161	83	2	1	132	1	161	5.61e-21	82.8
g1094.t1	VFG011895(gb|WP_002867675)	30.435	161	83	2	1	132	1	161	5.73e-21	82.8
g1094.t1	VFG001906(gb|YP_002343958)	30.435	161	83	2	1	132	1	161	6.05e-21	82.8
g1094.t1	VFG011896(gb|WP_002856822)	30.435	161	83	3	1	132	1	161	9.71e-21	82.4
g1094.t1	VFG043270(gb|NP_464238)	36.364	132	79	2	7	134	5	135	4.12e-20	79.7
g1094.t1	VFG006686(gb|WP_000480097)	31.333	150	76	1	3	125	2	151	4.44e-20	80.5
g1094.t1	VFG006687(gb|WP_000480077)	31.333	150	76	1	3	125	2	151	7.20e-20	80.1
g1094.t1	VFG019647(gb|WP_000480116)	31.333	150	76	1	3	125	2	151	7.44e-20	79.7
g1094.t1	VFG019648(gb|WP_000480093)	31.333	150	76	1	3	125	2	151	7.93e-20	79.7
g1094.t1	VFG006688(gb|WP_011578452)	31.333	150	76	1	3	125	2	151	8.46e-20	79.7
g1094.t1	VFG017793(gb|WP_011990499)	29.193	161	85	2	1	132	1	161	1.96e-19	79.0
g1094.t1	VFG006685(gb|WP_000480106)	31.250	160	77	2	3	129	2	161	3.72e-19	78.2
g1094.t1	VFG038809(gb|WP_005320212)	30.769	130	74	4	7	130	9	128	3.28e-06	43.5
