g706.t1	VFG043537(gb|YP_002344026)	24.762	210	142	8	96	299	71	270	1.36e-08	54.7
g706.t1	VFG032909(gb|WP_012986269)	30.000	140	78	7	163	294	140	267	1.80e-07	51.6
g706.t1	VFG032908(gb|WP_014093538)	29.286	140	79	7	163	294	140	267	2.42e-06	48.1
g706.t1	VFG032877(gb|WP_003769842)	27.329	161	102	7	144	294	112	267	3.34e-06	47.8
g706.t1	VFG032880(gb|WP_011702987)	29.661	118	76	5	144	257	112	226	6.41e-06	47.0
g2029.t1	VFG032909(gb|WP_012986269)	39.326	89	52	2	2	88	136	224	5.45e-13	62.4
g2029.t1	VFG032878(gb|NP_465743)	38.202	89	53	2	2	88	136	224	1.45e-12	61.2
g2029.t1	VFG032883(gb|WP_003724025)	38.202	89	53	2	2	88	136	224	1.57e-12	60.8
g2029.t1	VFG032908(gb|WP_014093538)	37.079	89	54	2	2	88	136	224	7.54e-12	58.9
g2029.t1	VFG032882(gb|WP_012580876)	37.079	89	54	2	2	88	136	224	1.01e-11	58.5
g2029.t1	VFG032881(gb|WP_003727835)	37.079	89	54	2	2	88	136	224	1.08e-11	58.5
g2029.t1	VFG032879(gb|WP_003726773)	37.079	89	54	2	2	88	136	224	1.08e-11	58.5
g2029.t1	VFG032897(gb|WP_003729617)	37.079	89	54	2	2	88	136	224	1.09e-11	58.5
g2029.t1	VFG032880(gb|WP_011702987)	35.955	89	55	2	2	88	136	224	1.96e-11	57.8
g2029.t1	VFG032877(gb|WP_003769842)	35.955	89	55	2	2	88	136	224	1.63e-10	55.5
g2029.t1	VFG043537(gb|YP_002344026)	38.202	89	47	4	6	86	136	224	3.65e-09	51.6
g3946.t1	VFG043537(gb|YP_002344026)	22.170	212	143	6	47	247	59	259	2.35e-12	65.5
g4258.t1	VFG032908(gb|WP_014093538)	38.372	86	51	2	5	88	139	224	9.21e-16	69.7
g4258.t1	VFG032881(gb|WP_003727835)	38.372	86	51	2	5	88	139	224	1.26e-15	69.3
g4258.t1	VFG032879(gb|WP_003726773)	38.372	86	51	2	5	88	139	224	1.26e-15	69.3
g4258.t1	VFG032909(gb|WP_012986269)	38.372	86	51	2	5	88	139	224	2.68e-15	68.6
g4258.t1	VFG032897(gb|WP_003729617)	37.209	86	52	2	5	88	139	224	4.40e-15	68.2
g4258.t1	VFG032882(gb|WP_012580876)	37.209	86	52	2	5	88	139	224	4.63e-15	67.8
g4258.t1	VFG032880(gb|WP_011702987)	36.047	86	53	2	5	88	139	224	5.70e-15	67.8
g4258.t1	VFG032878(gb|NP_465743)	37.209	86	52	2	5	88	139	224	5.73e-15	67.8
g4258.t1	VFG032883(gb|WP_003724025)	37.209	86	52	2	5	88	139	224	6.28e-15	67.4
g4258.t1	VFG032877(gb|WP_003769842)	36.047	86	53	2	5	88	139	224	1.16e-13	63.9
g4258.t1	VFG043537(gb|YP_002344026)	35.484	93	52	3	2	86	132	224	2.01e-12	60.5
g3657.t1	VFG032880(gb|WP_011702987)	39.759	83	48	2	9	89	142	224	1.63e-13	63.5
g3657.t1	VFG032877(gb|WP_003769842)	38.554	83	49	2	9	89	142	224	4.62e-13	62.4
g3657.t1	VFG032897(gb|WP_003729617)	38.554	83	49	2	9	89	142	224	1.72e-12	60.8
g3657.t1	VFG032882(gb|WP_012580876)	38.554	83	49	2	9	89	142	224	1.80e-12	60.8
g3657.t1	VFG032881(gb|WP_003727835)	38.554	83	49	2	9	89	142	224	1.93e-12	60.8
g3657.t1	VFG032879(gb|WP_003726773)	38.554	83	49	2	9	89	142	224	1.93e-12	60.8
g3657.t1	VFG032908(gb|WP_014093538)	38.554	83	49	2	9	89	142	224	2.96e-12	60.1
g3657.t1	VFG032883(gb|WP_003724025)	38.554	83	49	2	9	89	142	224	4.25e-12	59.7
g3657.t1	VFG032878(gb|NP_465743)	38.554	83	49	2	9	89	142	224	4.47e-12	59.7
g3657.t1	VFG032909(gb|WP_012986269)	38.554	83	49	2	9	89	142	224	1.09e-11	58.5
g3657.t1	VFG043537(gb|YP_002344026)	40.449	89	45	3	7	87	136	224	4.39e-11	57.0
