g830.t1	VFG043350(gb|WP_011946724)	25.926	270	157	10	116	366	21	266	1.49e-08	55.5
g830.t1	VFG011853(gb|WP_024305290)	25.207	242	144	9	106	332	10	229	3.09e-08	54.3
g830.t1	VFG043312(gb|WP_011860709)	27.564	156	84	6	120	260	30	171	5.14e-08	53.9
g830.t1	VFG011850(gb|YP_002343527)	28.342	187	102	7	119	287	23	195	1.59e-07	52.4
g830.t1	VFG018030(gb|WP_002854691)	28.342	187	102	7	119	287	23	195	1.62e-07	52.4
g830.t1	VFG043385(gb|WP_001064464)	28.070	171	105	6	119	280	27	188	1.66e-07	52.4
g830.t1	VFG017782(gb|WP_011989473)	29.375	160	84	6	119	263	23	168	1.36e-06	49.3
g1218.t1	VFG043350(gb|WP_011946724)	26.437	261	159	8	127	373	25	266	2.58e-10	60.8
g1218.t1	VFG043312(gb|WP_011860709)	20.727	275	174	10	121	376	24	273	1.34e-08	55.5
g1218.t1	VFG011853(gb|WP_024305290)	24.725	182	115	6	126	294	22	194	3.09e-07	51.6
g1218.t1	VFG011850(gb|YP_002343527)	55.000	40	18	0	126	165	23	62	5.58e-07	50.4
g1218.t1	VFG043385(gb|WP_001064464)	46.809	47	25	0	119	165	20	66	5.70e-07	50.8
g1218.t1	VFG018030(gb|WP_002854691)	55.000	40	18	0	126	165	23	62	5.73e-07	50.4
g1218.t1	VFG017782(gb|WP_011989473)	55.000	40	18	0	126	165	23	62	2.01e-06	48.9
g1218.t1	VFG016404(gb|WP_001207191)	26.042	192	116	8	117	294	39	218	5.59e-06	47.0
g3551.t1	VFG043385(gb|WP_001064464)	29.167	216	136	6	78	286	7	212	2.50e-13	69.7
g3551.t1	VFG043350(gb|WP_011946724)	26.613	248	167	8	101	342	26	264	1.70e-10	61.2
g3551.t1	VFG018030(gb|WP_002854691)	28.358	201	107	7	101	286	25	203	7.31e-10	59.3
g3551.t1	VFG011850(gb|YP_002343527)	28.358	201	107	7	101	286	25	203	7.44e-10	59.3
g3551.t1	VFG017782(gb|WP_011989473)	28.283	198	111	7	101	286	25	203	8.77e-09	55.8
g3551.t1	VFG005887(gb|YP_001197932)	26.275	255	142	10	62	298	4	230	9.04e-08	52.4
g3551.t1	VFG011853(gb|WP_024305290)	61.538	39	15	0	100	138	23	61	1.72e-07	52.0
g3551.t1	VFG043312(gb|WP_011860709)	28.723	188	108	9	97	269	27	203	1.95e-07	52.0
g3551.t1	VFG005900(gb|YP_001200128)	26.872	227	124	8	62	270	4	206	2.85e-07	50.8
g3551.t1	VFG001265(gb|NP_250145)	27.863	262	150	10	101	344	12	252	3.55e-07	50.8
g3551.t1	VFG014622(gb|WP_003254408)	27.692	260	149	10	101	342	9	247	1.12e-06	49.3
g3551.t1	VFG014624(gb|WP_011534890)	27.692	260	149	10	101	342	9	247	1.43e-06	49.3
g3551.t1	VFG014626(gb|WP_003222917)	27.165	254	158	8	101	342	9	247	2.40e-06	48.5
g3551.t1	VFG015716(gb|WP_012273492)	27.308	260	150	10	101	342	9	247	4.68e-06	47.8
g3551.t1	VFG014619(gb|WP_003412391)	27.308	260	150	10	101	342	9	247	6.32e-06	47.4
g3551.t1	VFG004456(gb|WP_011302062)	24.561	171	124	4	104	272	47	214	7.24e-06	46.6
g3551.t1	VFG050187(gb|WP_050412755)	24.044	183	121	5	104	281	39	208	8.19e-06	46.2
g3551.t1	VFG019864(gb|WP_003192912)	26.772	254	159	8	101	342	9	247	9.75e-06	46.6
g2012.t1	VFG043350(gb|WP_011946724)	27.985	268	173	8	95	350	6	265	5.36e-17	80.5
g2012.t1	VFG043385(gb|WP_001064464)	31.250	176	105	6	90	257	10	177	2.33e-10	60.8
g2012.t1	VFG011850(gb|YP_002343527)	29.213	178	99	6	94	257	8	172	6.08e-09	56.6
g2012.t1	VFG018030(gb|WP_002854691)	29.213	178	99	6	94	257	8	172	6.36e-09	56.6
g2012.t1	VFG011853(gb|WP_024305290)	27.749	191	114	6	109	285	24	204	1.01e-07	52.8
g2012.t1	VFG017782(gb|WP_011989473)	27.230	213	125	7	94	293	8	203	1.32e-07	52.4
g2012.t1	VFG005896(gb|WP_001142534)	28.249	177	121	4	104	277	33	206	1.50e-07	51.6
g2012.t1	VFG005900(gb|YP_001200128)	29.480	173	115	4	109	277	37	206	3.64e-07	50.4
g2012.t1	VFG005887(gb|YP_001197932)	29.480	173	115	4	109	277	37	206	4.04e-07	50.4
g2012.t1	VFG001368(gb|WP_001142502)	31.707	123	74	4	109	225	37	155	5.28e-07	50.1
g2012.t1	VFG019114(gb|WP_001142507)	29.167	120	81	2	109	225	37	155	5.85e-07	50.1
g2012.t1	VFG043312(gb|WP_011860709)	28.994	169	87	6	105	257	27	178	6.04e-07	50.4
g2012.t1	VFG019113(gb|WP_001142552)	26.163	172	122	3	109	277	37	206	1.15e-06	48.9
g2012.t1	VFG018676(gb|WP_012130998)	26.374	182	109	5	109	277	37	206	8.17e-06	46.6
