g176.t1	VFG043207(gb|WP_005164481)	59.347	337	137	0	3	339	4	340	2.91e-145	414
g176.t1	VFG043090(gb|WP_000036413)	59.118	340	133	3	3	339	4	340	1.59e-143	409
g176.t1	VFG043038(gb|NP_460874)	59.347	337	137	0	3	339	4	340	1.61e-142	407
g176.t1	VFG025849(gb|WP_009910098)	56.983	358	134	2	3	344	5	358	6.55e-142	406
g176.t1	VFG002526(gb|WP_004198645)	56.704	358	135	2	3	344	5	358	7.55e-142	406
g176.t1	VFG025837(gb|WP_011546709)	56.901	355	136	2	3	344	4	354	3.42e-141	404
g176.t1	VFG025839(gb|WP_012492268)	56.620	355	137	2	3	344	7	357	4.05e-141	404
g176.t1	VFG043015(gb|NP_250150)	39.892	371	184	6	1	338	1	365	9.40e-74	232
g176.t1	VFG038710(gb|WP_011705291)	38.814	371	198	3	1	342	1	371	2.51e-72	229
g176.t1	VFG007552(gb|WP_005479477)	39.011	364	194	5	1	337	1	363	3.13e-72	228
g176.t1	VFG038711(gb|WP_016350060)	38.814	371	198	3	1	342	1	371	7.59e-72	228
g176.t1	VFG038713(gb|WP_005353666)	38.005	371	201	3	1	342	1	371	4.15e-71	226
g176.t1	VFG038712(gb|WP_005319287)	38.814	371	198	5	1	342	1	371	5.61e-71	225
g176.t1	VFG007553(gb|WP_011079855)	38.814	371	192	7	1	337	1	370	5.48e-70	223
g176.t1	VFG007554(gb|WP_011150906)	39.084	371	191	7	1	337	1	370	1.17e-69	222
g176.t1	VFG007555(gb|WP_005420308)	38.275	371	194	6	1	337	1	370	3.83e-69	221
g176.t1	VFG007550(gb|WP_000985860)	37.097	372	198	6	1	337	1	371	5.38e-69	220
g176.t1	VFG001232(gb|NP_249105)	24.438	356	223	10	5	343	9	335	2.41e-17	81.6
g176.t1	VFG014075(gb|WP_004365048)	24.438	356	223	10	5	343	9	335	4.08e-17	81.3
g176.t1	VFG019773(gb|WP_003084598)	24.438	356	223	10	5	343	9	335	4.66e-17	80.9
g176.t1	VFG014074(gb|WP_012074002)	25.000	356	221	9	5	343	9	335	4.70e-17	80.9
g176.t1	VFG043408(gb|WP_000940577)	35.185	108	67	2	1	107	1	106	1.08e-15	72.4
g176.t1	VFG014076(gb|WP_011920661)	23.810	357	230	9	5	345	9	339	6.39e-15	74.7
g176.t1	VFG032760(gb|WP_003746076)	33.962	106	66	3	3	107	2	104	3.90e-13	65.5
g176.t1	VFG006846(gb|NP_464218)	33.962	106	66	3	3	107	2	104	3.94e-13	65.5
g176.t1	VFG014077(gb|WP_011914953)	27.381	168	118	2	155	321	151	315	1.36e-12	67.8
g176.t1	VFG014063(gb|WP_011105280)	33.028	109	66	3	2	107	1865	1969	1.10e-10	63.2
g176.t1	VFG045728(gb|WP_003635449)	31.538	130	77	3	3	131	2	120	1.65e-10	60.1
g176.t1	VFG015640(gb|WP_012274548)	34.862	109	64	3	2	107	1525	1629	2.16e-10	62.0
g176.t1	VFG014068(gb|WP_044488903)	34.862	109	64	3	2	107	1634	1738	2.97e-10	61.6
g176.t1	VFG014065(gb|WP_011167502)	32.110	109	67	3	2	107	1864	1968	3.13e-10	61.6
g176.t1	VFG014064(gb|WP_011266435)	32.110	109	67	3	2	107	1870	1974	5.06e-10	61.2
g176.t1	VFG015641(gb|WP_012312418)	35.849	106	61	3	5	107	1510	1611	5.79e-10	60.8
g176.t1	VFG001746(gb|WP_002209034)	34.579	107	67	2	1	106	1	105	8.30e-10	57.8
g176.t1	VFG019772(gb|WP_015886333)	34.821	112	60	4	2	107	1817	1921	8.74e-10	60.5
g176.t1	VFG014066(gb|WP_010955557)	33.871	124	69	4	5	119	1527	1646	1.13e-09	60.1
g176.t1	VFG014067(gb|WP_012053912)	33.871	124	69	4	5	119	1527	1646	1.19e-09	59.7
g176.t1	VFG014069(gb|WP_011063997)	34.862	109	64	3	2	107	1847	1951	1.23e-09	59.7
g176.t1	VFG003357(gb|WP_011191565)	33.645	107	68	2	1	106	1	105	1.33e-09	57.4
g176.t1	VFG023572(gb|WP_005156725)	33.645	107	68	2	1	106	1	105	1.36e-09	57.4
g176.t1	VFG014070(gb|WP_011336362)	33.945	109	65	3	2	107	1849	1953	1.44e-09	59.7
g176.t1	VFG017283(gb|WP_012105859)	33.645	107	68	2	1	106	1	105	1.61e-09	57.0
g176.t1	VFG042926(gb|WP_012031397)	33.962	106	63	3	5	107	2433	2534	2.84e-09	58.9
g176.t1	VFG010911(gb|WP_011947563)	30.000	130	79	3	3	131	2	120	2.92e-09	56.6
g176.t1	VFG001889(gb|WP_011216518)	30.000	130	79	3	3	131	2	120	3.39e-09	56.2
g176.t1	VFG009890(gb|WP_009978588)	35.238	105	65	2	3	106	2	104	5.11e-09	55.8
g176.t1	VFG014071(gb|WP_041772785)	33.028	109	66	3	2	107	2292	2396	1.31e-08	56.6
g176.t1	VFG009889(gb|WP_003874670)	34.286	105	66	2	3	106	2	104	1.99e-08	53.9
g176.t1	VFG014072(gb|WP_011914954)	33.028	109	66	3	2	107	2322	2426	2.12e-08	55.8
g176.t1	VFG043394(gb|YP_002343725)	34.259	108	62	4	5	107	649	752	2.61e-08	55.5
g176.t1	VFG014966(gb|WP_007247212)	32.075	106	68	2	3	107	1	103	4.50e-08	53.5
g176.t1	VFG041575(gb|WP_012847751)	28.099	121	78	3	1	116	6	122	4.65e-08	52.8
g176.t1	VFG019771(gb|WP_012613502)	33.945	109	65	3	2	107	2350	2454	4.95e-08	54.7
g176.t1	VFG001231(gb|NP_249104)	33.945	109	65	3	2	107	2350	2454	4.95e-08	54.7
g176.t1	VFG043345(gb|WP_011946713)	31.746	126	74	5	5	128	4	119	5.03e-08	54.3
g176.t1	VFG014062(gb|WP_004365046)	33.945	109	65	3	2	107	2354	2458	5.31e-08	54.7
g176.t1	VFG014061(gb|WP_012074001)	33.945	109	65	3	2	107	2336	2440	5.40e-08	54.7
g176.t1	VFG009866(gb|WP_011561679)	31.757	148	79	6	1	143	1	131	6.56e-08	52.8
g176.t1	VFG004063(gb|WP_001537766)	29.688	128	76	4	5	131	3	117	1.67e-07	51.2
g176.t1	VFG004061(gb|WP_001766960)	29.688	128	76	4	5	131	3	117	1.71e-07	51.2
g176.t1	VFG024200(gb|WP_008262428)	32.558	129	74	4	3	131	8	123	1.71e-07	51.2
g176.t1	VFG000475(gb|NP_460201)	29.688	128	76	4	5	131	4	118	1.79e-07	51.2
g176.t1	VFG009892(gb|WP_003896645)	34.545	110	69	2	3	111	2	109	1.80e-07	51.2
g176.t1	VFG042930(gb|WP_012031401)	33.945	109	63	4	3	107	8	111	1.95e-07	49.3
g176.t1	VFG014968(gb|WP_002551374)	31.132	106	69	2	3	107	1	103	2.05e-07	51.2
g176.t1	VFG018395(gb|WP_024131926)	31.783	129	72	5	5	131	3	117	2.25e-07	50.8
g176.t1	VFG009896(gb|WP_011768347)	35.455	110	68	2	3	111	2	109	2.39e-07	50.8
g176.t1	VFG014967(gb|WP_003401565)	31.132	106	69	2	3	107	1	103	2.46e-07	51.2
g176.t1	VFG009891(gb|WP_011740390)	33.636	110	70	2	3	111	2	109	2.83e-07	50.4
g176.t1	VFG024199(gb|WP_013471927)	32.727	110	71	2	3	111	2	109	3.54e-07	50.4
g176.t1	VFG009893(gb|WP_011894699)	32.727	110	71	2	3	111	2	109	3.96e-07	50.1
g176.t1	VFG004064(gb|WP_023234872)	28.906	128	77	4	5	131	3	117	5.82e-07	49.7
g176.t1	VFG015785(gb|WP_012315215)	32.174	115	76	2	3	117	2	114	5.84e-07	49.7
g176.t1	VFG019828(gb|WP_015885195)	37.615	109	61	5	1	107	1	104	1.01e-06	50.1
g176.t1	VFG009894(gb|WP_011779768)	33.636	110	70	2	3	111	2	109	1.17e-06	48.9
g176.t1	VFG015080(gb|NP_251276)	35.000	120	66	7	3	117	2	114	1.26e-06	48.5
g176.t1	VFG015088(gb|WP_011534583)	33.043	115	75	2	3	117	2	114	1.40e-06	48.5
g176.t1	VFG022956(gb|WP_013829907)	34.545	110	69	2	3	111	2	109	1.51e-06	48.5
g176.t1	VFG009895(gb|WP_011778690)	33.133	166	91	7	3	158	2	157	1.80e-06	48.1
g176.t1	VFG038216(gb|WP_000076440)	33.645	107	66	2	1	107	7	108	1.95e-06	48.1
g176.t1	VFG019763(gb|WP_003176671)	36.036	111	54	5	5	107	10	111	2.14e-06	46.6
g176.t1	VFG050634(gb|WP_000389077.1)	29.464	112	64	4	3	107	8	111	2.15e-06	46.2
g176.t1	VFG021089(gb|WP_024131483)	28.906	128	77	4	5	131	3	117	2.17e-06	48.1
g176.t1	VFG050625(gb|WP_000389061.1)	29.464	112	64	4	3	107	8	111	2.25e-06	46.2
g176.t1	VFG022935(gb|YP_001701820)	31.757	148	75	7	1	143	1	127	2.28e-06	48.1
g176.t1	VFG019944(gb|WP_003190387)	34.188	117	71	4	3	117	2	114	2.55e-06	47.8
g176.t1	VFG042685(gb|CAD56976)	27.778	108	75	2	2	108	3	108	2.57e-06	47.8
g176.t1	VFG027265(gb|YP_007963009)	33.333	105	67	2	3	106	2	104	2.87e-06	47.8
g176.t1	VFG001824(gb|NP_217649)	32.727	110	71	2	3	111	2	109	3.10e-06	47.4
g176.t1	VFG011626(gb|WP_002965156)	30.469	128	78	4	4	130	9	126	3.11e-06	47.8
g176.t1	VFG027258(gb|WP_015291223)	33.333	105	67	2	3	106	2	104	3.34e-06	47.4
g176.t1	VFG014013(gb|WP_007953330)	33.036	112	60	4	3	107	8	111	3.49e-06	45.8
g176.t1	VFG027270(gb|YP_007959134)	32.727	110	71	2	3	111	2	109	4.02e-06	47.0
g176.t1	VFG000449(gb|NP_459544)	25.926	108	77	2	2	108	3	108	4.09e-06	47.0
g176.t1	VFG009867(gb|WP_041309847)	30.822	146	79	6	3	143	1	129	4.13e-06	47.4
g176.t1	VFG009897(gb|WP_011558491)	31.132	106	70	2	2	106	13	116	4.25e-06	47.4
g176.t1	VFG021188(gb|WP_000801272)	26.415	106	75	2	2	106	3	106	4.45e-06	47.0
g176.t1	VFG004096(gb|WP_000801270)	26.415	106	75	2	2	106	3	106	4.53e-06	47.0
g176.t1	VFG000119(gb|NP_253948)	31.132	106	69	2	3	107	1	103	4.96e-06	47.4
g176.t1	VFG014012(gb|WP_011064001)	33.036	112	60	4	3	107	8	111	5.18e-06	45.4
g176.t1	VFG014964(gb|WP_003157680)	31.132	106	69	2	3	107	1	103	5.53e-06	47.0
g176.t1	VFG007487(gb|WP_011079832)	31.731	104	65	3	5	107	7	105	6.38e-06	47.8
g176.t1	VFG015086(gb|WP_003251380)	32.174	115	76	2	3	117	2	114	6.82e-06	46.6
g176.t1	VFG007488(gb|WP_011150918)	31.731	104	65	3	5	107	7	105	6.98e-06	47.4
g176.t1	VFG043373(gb|WP_000342347)	29.358	109	72	3	5	110	679	785	7.05e-06	47.8
g176.t1	VFG014973(gb|WP_011336516)	30.189	106	70	2	3	107	1	103	7.90e-06	46.6
g176.t1	VFG050626(gb|YP_001085823.1)	29.358	109	62	4	6	107	1	101	8.46e-06	44.3
g176.t1	VFG024201(gb|WP_008259378)	32.727	110	71	2	3	111	2	109	8.51e-06	46.2
g176.t1	VFG015085(gb|WP_011168507)	31.304	115	77	2	3	117	2	114	8.60e-06	46.2
g421.t1	VFG001232(gb|NP_249105)	100.000	343	0	0	1	343	1	343	0.0	696
g421.t1	VFG019773(gb|WP_003084598)	99.417	343	2	0	1	343	1	343	0.0	691
g421.t1	VFG014075(gb|WP_004365048)	99.125	343	3	0	1	343	1	343	0.0	687
g421.t1	VFG014074(gb|WP_012074002)	97.376	343	9	0	1	343	1	343	0.0	678
g421.t1	VFG014076(gb|WP_011920661)	74.041	339	86	2	1	337	1	339	0.0	513
g421.t1	VFG014077(gb|WP_011914953)	69.006	342	103	3	1	339	1	342	6.27e-168	471
g421.t1	VFG007550(gb|WP_000985860)	26.667	195	140	1	138	329	177	371	4.13e-17	81.3
g421.t1	VFG007553(gb|WP_011079855)	25.238	210	154	1	123	329	161	370	1.05e-16	80.1
g421.t1	VFG007554(gb|WP_011150906)	26.230	183	132	1	150	329	188	370	1.27e-16	80.1
g421.t1	VFG038710(gb|WP_011705291)	29.348	184	124	2	139	316	170	353	1.81e-16	79.3
g421.t1	VFG007552(gb|WP_005479477)	26.776	183	131	1	150	329	181	363	1.84e-16	79.3
g421.t1	VFG038711(gb|WP_016350060)	29.348	184	124	2	139	316	170	353	1.88e-16	79.3
g421.t1	VFG043015(gb|NP_250150)	26.543	162	119	0	154	315	189	350	2.45e-16	79.0
g421.t1	VFG038713(gb|WP_005353666)	28.022	182	128	1	154	332	188	369	3.16e-16	78.6
g421.t1	VFG038712(gb|WP_005319287)	26.341	205	144	2	115	316	153	353	3.57e-16	78.6
g421.t1	VFG007555(gb|WP_005420308)	27.027	185	128	2	150	329	188	370	3.56e-14	72.8
g421.t1	VFG043090(gb|WP_000036413)	24.768	323	216	10	8	312	5	318	2.85e-13	69.7
g421.t1	VFG043207(gb|WP_005164481)	27.473	182	122	4	134	312	144	318	2.95e-12	66.6
g421.t1	VFG025837(gb|WP_011546709)	28.313	166	112	3	150	312	166	327	4.79e-12	66.2
g421.t1	VFG025839(gb|WP_012492268)	28.313	166	112	3	150	312	169	330	4.99e-12	66.2
g421.t1	VFG043038(gb|NP_460874)	23.242	327	216	12	8	312	5	318	1.30e-11	64.7
g421.t1	VFG002526(gb|WP_004198645)	27.811	169	115	3	147	312	167	331	1.68e-11	64.7
g421.t1	VFG025849(gb|WP_009910098)	27.811	169	115	3	147	312	167	331	1.98e-11	64.3
g1474.t1	VFG043015(gb|NP_250150)	100.000	368	0	0	1	368	1	368	0.0	747
g1474.t1	VFG007554(gb|WP_011150906)	60.428	374	137	4	1	365	1	372	5.84e-159	451
g1474.t1	VFG007553(gb|WP_011079855)	60.428	374	137	4	1	365	1	372	1.60e-158	449
g1474.t1	VFG007550(gb|WP_000985860)	60.695	374	137	5	1	365	1	373	6.22e-157	445
g1474.t1	VFG007552(gb|WP_005479477)	60.916	371	133	5	1	365	1	365	1.27e-156	444
g1474.t1	VFG038712(gb|WP_005319287)	63.271	373	124	7	1	365	1	368	7.84e-156	442
g1474.t1	VFG038710(gb|WP_011705291)	62.903	372	127	6	1	365	1	368	1.32e-155	442
g1474.t1	VFG038711(gb|WP_016350060)	62.735	373	126	6	1	365	1	368	1.67e-154	439
g1474.t1	VFG038713(gb|WP_005353666)	61.126	373	132	5	1	365	1	368	4.84e-153	435
g1474.t1	VFG007555(gb|WP_005420308)	59.091	374	142	4	1	365	1	372	1.72e-150	429
g1474.t1	VFG043090(gb|WP_000036413)	36.438	365	199	4	3	364	4	338	1.76e-70	224
g1474.t1	VFG043038(gb|NP_460874)	36.712	365	198	4	3	364	4	338	4.56e-69	220
g1474.t1	VFG025849(gb|WP_009910098)	38.315	368	200	7	3	364	5	351	6.67e-66	213
g1474.t1	VFG025837(gb|WP_011546709)	37.772	368	199	7	3	364	4	347	1.52e-65	211
g1474.t1	VFG025839(gb|WP_012492268)	37.228	368	201	7	3	364	7	350	2.00e-65	211
g1474.t1	VFG043207(gb|WP_005164481)	35.068	365	204	4	3	364	4	338	2.66e-65	211
g1474.t1	VFG002526(gb|WP_004198645)	36.685	368	206	6	3	364	5	351	3.47e-65	211
g1474.t1	VFG043408(gb|WP_000940577)	38.182	110	65	2	1	109	1	108	2.62e-19	82.8
g1474.t1	VFG014074(gb|WP_012074002)	29.310	174	116	3	179	350	147	315	5.28e-17	81.3
g1474.t1	VFG006846(gb|NP_464218)	36.111	108	65	3	3	109	2	106	6.89e-17	75.9
g1474.t1	VFG032760(gb|WP_003746076)	36.111	108	65	3	3	109	2	106	7.92e-17	75.9
g1474.t1	VFG014077(gb|WP_011914953)	26.415	159	117	0	183	341	150	308	1.48e-16	79.7
g1474.t1	VFG019773(gb|WP_003084598)	29.070	172	115	3	181	350	149	315	2.53e-16	79.0
g1474.t1	VFG014075(gb|WP_004365048)	29.070	172	115	3	181	350	149	315	2.73e-16	79.0
g1474.t1	VFG001232(gb|NP_249105)	27.059	170	121	1	181	350	149	315	3.32e-16	78.6
g1474.t1	VFG014076(gb|WP_011920661)	27.607	163	115	1	179	341	149	308	2.40e-15	76.3
g1474.t1	VFG009894(gb|WP_011779768)	37.963	108	64	2	3	109	2	107	3.53e-12	65.1
g1474.t1	VFG022956(gb|WP_013829907)	37.037	108	65	2	3	109	2	107	1.51e-11	63.2
g1474.t1	VFG014972(gb|WP_011064176)	27.897	233	147	6	3	234	1	213	1.80e-11	63.5
g1474.t1	VFG015092(gb|WP_041755484)	35.577	104	66	1	3	106	2	104	2.34e-11	62.8
g1474.t1	VFG001824(gb|NP_217649)	37.037	108	65	2	3	109	2	107	2.93e-11	62.4
g1474.t1	VFG027265(gb|YP_007963009)	37.037	108	65	2	3	109	2	107	3.05e-11	62.4
g1474.t1	VFG027258(gb|WP_015291223)	37.037	108	65	2	3	109	2	107	3.05e-11	62.4
g1474.t1	VFG027270(gb|YP_007959134)	37.037	108	65	2	3	109	2	107	3.74e-11	62.0
g1474.t1	VFG015085(gb|WP_011168507)	34.615	104	67	1	3	106	2	104	8.37e-11	61.2
g1474.t1	VFG015084(gb|WP_002553344)	34.615	104	67	1	3	106	2	104	8.37e-11	61.2
g1474.t1	VFG009891(gb|WP_011740390)	37.037	108	65	2	3	109	2	107	8.94e-11	60.8
g1474.t1	VFG015086(gb|WP_003251380)	35.577	104	66	1	3	106	2	104	1.02e-10	60.8
g1474.t1	VFG015091(gb|WP_003240627)	35.577	104	66	1	3	106	2	104	1.28e-10	60.5
g1474.t1	VFG009896(gb|WP_011768347)	35.185	108	67	2	3	109	2	107	1.32e-10	60.5
g1474.t1	VFG015083(gb|WP_005737926)	34.615	104	67	1	3	106	2	104	2.12e-10	59.7
g1474.t1	VFG009895(gb|WP_011778690)	35.185	108	67	2	3	109	2	107	2.20e-10	59.7
g1474.t1	VFG009892(gb|WP_003896645)	33.333	108	69	2	3	109	2	107	2.78e-10	59.3
g1474.t1	VFG015089(gb|WP_011061841)	34.615	104	67	1	3	106	2	104	3.11e-10	59.3
g1474.t1	VFG009897(gb|WP_011558491)	34.259	108	68	2	3	109	14	119	3.18e-10	59.7
g1474.t1	VFG009889(gb|WP_003874670)	35.185	108	67	2	3	109	2	107	3.34e-10	59.3
g1474.t1	VFG022941(gb|WP_013827874)	38.532	109	62	3	1	108	1	105	3.39e-10	59.7
g1474.t1	VFG014967(gb|WP_003401565)	27.468	233	148	6	3	234	1	213	4.07e-10	59.7
g1474.t1	VFG015088(gb|WP_011534583)	34.615	104	67	1	3	106	2	104	4.47e-10	58.9
g1474.t1	VFG014975(gb|WP_013981629)	27.542	236	147	8	3	237	1	213	8.26e-10	58.5
g1474.t1	VFG009899(gb|WP_179967853)	33.962	106	67	2	5	109	3	106	9.37e-10	58.2
g1474.t1	VFG014968(gb|WP_002551374)	27.039	233	149	6	3	234	1	213	1.33e-09	58.2
g1474.t1	VFG027255(gb|WP_005061475)	31.481	108	71	2	3	109	2	107	1.45e-09	57.4
g1474.t1	VFG009890(gb|WP_009978588)	34.259	108	68	2	3	109	2	107	1.48e-09	57.4
g1474.t1	VFG022951(gb|YP_001704619)	31.481	108	71	2	3	109	2	107	1.59e-09	57.4
g1474.t1	VFG024201(gb|WP_008259378)	35.185	108	67	2	3	109	2	107	1.65e-09	57.4
g1474.t1	VFG019944(gb|WP_003190387)	33.654	104	68	1	3	106	2	104	1.98e-09	57.0
g1474.t1	VFG000119(gb|NP_253948)	27.039	233	149	7	3	234	1	213	2.48e-09	57.4
g1474.t1	VFG024199(gb|WP_013471927)	34.259	108	68	2	3	109	2	107	3.17e-09	56.6
g1474.t1	VFG015785(gb|WP_012315215)	32.692	104	69	1	3	106	2	104	3.22e-09	56.2
g1474.t1	VFG009893(gb|WP_011894699)	34.259	108	68	2	3	109	2	107	3.32e-09	56.2
g1474.t1	VFG009865(gb|WP_041307013)	35.514	107	64	3	3	108	1	103	3.33e-09	56.6
g1474.t1	VFG015080(gb|NP_251276)	32.692	104	69	1	3	106	2	104	3.36e-09	56.2
g1474.t1	VFG015090(gb|WP_041475303)	33.654	104	68	1	3	106	2	104	3.48e-09	56.2
g1474.t1	VFG027229(gb|WP_041312672)	35.514	107	64	3	3	108	1	103	3.79e-09	56.2
g1474.t1	VFG009864(gb|WP_041787729)	35.514	107	64	3	3	108	1	103	4.01e-09	56.2
g1474.t1	VFG014974(gb|WP_003242397)	27.039	233	149	7	3	234	1	213	4.20e-09	56.6
g1474.t1	VFG014964(gb|WP_003157680)	27.039	233	149	7	3	234	1	213	6.09e-09	56.2
g1474.t1	VFG022934(gb|WP_020726450)	35.514	107	64	3	3	108	1	103	8.10e-09	55.5
g1474.t1	VFG014966(gb|WP_007247212)	26.728	217	139	6	3	218	1	198	8.51e-09	55.5
g1474.t1	VFG014973(gb|WP_011336516)	27.039	233	149	7	3	234	1	213	9.00e-09	55.5
g1474.t1	VFG009866(gb|WP_011561679)	35.780	109	65	3	1	108	1	105	9.15e-09	55.5
g1474.t1	VFG009862(gb|WP_071498255)	35.514	107	64	3	3	108	1	103	9.23e-09	55.5
g1474.t1	VFG014071(gb|WP_041772785)	37.615	109	61	4	5	110	2295	2399	1.25e-08	57.0
g1474.t1	VFG024188(gb|WP_014941347)	35.514	107	64	3	3	108	1	103	2.45e-08	53.9
g1474.t1	VFG024189(gb|WP_008254065)	35.514	107	64	3	3	108	1	103	2.52e-08	53.9
g1474.t1	VFG014061(gb|WP_012074001)	36.697	109	62	3	5	110	2339	2443	2.75e-08	55.8
g1474.t1	VFG014072(gb|WP_011914954)	36.697	109	62	3	5	110	2325	2429	2.78e-08	55.8
g1474.t1	VFG001231(gb|NP_249104)	36.697	109	62	3	5	110	2353	2457	2.80e-08	55.8
g1474.t1	VFG019771(gb|WP_012613502)	36.697	109	62	3	5	110	2353	2457	2.85e-08	55.8
g1474.t1	VFG014062(gb|WP_004365046)	36.697	109	62	3	5	110	2357	2461	2.93e-08	55.8
g1474.t1	VFG038216(gb|WP_000076440)	32.039	103	66	2	4	106	9	107	3.14e-08	53.9
g1474.t1	VFG009857(gb|WP_014588181)	34.579	107	65	3	3	108	1	103	4.62e-08	53.1
g1474.t1	VFG027208(gb|WP_041181419)	34.579	107	65	3	3	108	1	103	5.21e-08	53.1
g1474.t1	VFG009861(gb|WP_010907575)	34.579	107	65	3	3	108	1	103	5.41e-08	53.1
g1474.t1	VFG009859(gb|WP_003872811)	34.579	107	65	3	3	108	1	103	5.41e-08	53.1
g1474.t1	VFG014024(gb|WP_011536047)	33.636	110	66	4	4	110	3	108	5.44e-08	50.8
g1474.t1	VFG023572(gb|WP_005156725)	27.517	149	96	5	1	149	1	137	6.96e-08	52.4
g1474.t1	VFG050640(gb|WP_000101096.1)	33.607	122	73	4	4	122	3	119	8.64e-08	50.4
g1474.t1	VFG019919(gb|WP_015886493)	30.476	105	69	2	3	106	1	102	8.74e-08	52.8
g1474.t1	VFG001390(gb|NP_215496)	34.579	107	65	3	3	108	1	103	8.86e-08	52.4
g1474.t1	VFG027215(gb|YP_007960876)	34.259	108	66	3	3	109	1	104	9.02e-08	52.4
g1474.t1	VFG009867(gb|WP_041309847)	34.579	107	65	3	3	108	1	103	9.02e-08	52.4
g1474.t1	VFG009863(gb|WP_014878347)	34.579	107	65	3	3	108	1	103	9.45e-08	52.4
g1474.t1	VFG022935(gb|YP_001701820)	34.862	109	66	3	1	108	1	105	1.02e-07	52.4
g1474.t1	VFG041872(gb|WP_115610154)	32.381	105	66	2	4	106	13	114	1.13e-07	52.0
g1474.t1	VFG042926(gb|WP_012031397)	35.965	114	65	4	2	111	2430	2539	1.43e-07	53.5
g1474.t1	VFG014389(gb|WP_012051624)	34.234	111	66	4	1	109	1	106	1.79e-07	52.8
g1474.t1	VFG014388(gb|WP_010955091)	33.929	112	65	5	1	109	1	106	2.21e-07	52.4
g1474.t1	VFG015634(gb|WP_012274551)	33.636	110	66	4	4	110	3	108	2.91e-07	48.9
g1474.t1	VFG027220(gb|YP_007957122)	33.645	107	66	3	3	108	1	103	3.31e-07	50.4
g1474.t1	VFG041575(gb|WP_012847751)	27.619	105	75	1	3	107	8	111	3.34e-07	50.4
g1474.t1	VFG014022(gb|WP_003249327)	33.636	110	66	4	4	110	3	108	3.49e-07	48.5
g1474.t1	VFG022919(gb|YP_001701702)	34.513	113	69	4	31	142	34	142	5.20e-07	50.1
g1474.t1	VFG042930(gb|WP_012031401)	36.047	86	48	4	2	83	7	89	5.59e-07	48.1
g1474.t1	VFG015680(gb|WP_012273511)	33.333	114	63	5	1	109	1	106	6.23e-07	50.8
g1474.t1	VFG024176(gb|WP_008253900)	35.294	119	60	5	31	142	37	145	7.04e-07	49.7
g1474.t1	VFG015635(gb|WP_012312415)	33.636	110	66	4	4	110	3	108	7.30e-07	47.8
g1474.t1	VFG009829(gb|WP_024637144)	34.513	113	69	4	31	142	37	145	7.58e-07	49.7
g1474.t1	VFG022918(gb|WP_012396175)	34.513	113	69	4	31	142	37	145	8.16e-07	49.7
g1474.t1	VFG027205(gb|WP_005098722)	33.645	107	66	3	3	108	1	103	8.67e-07	49.3
g1474.t1	VFG027211(gb|WP_005063392)	33.645	107	66	3	3	108	1	103	8.75e-07	49.3
g1474.t1	VFG014971(gb|WP_044488561)	32.927	82	54	1	3	83	1	82	9.81e-07	49.3
g1474.t1	VFG014970(gb|WP_003255896)	34.146	82	53	1	3	83	1	82	1.09e-06	49.3
g1474.t1	VFG015641(gb|WP_012312418)	34.862	109	64	3	5	110	1510	1614	1.10e-06	50.8
g1474.t1	VFG022924(gb|WP_010908722)	35.294	119	60	5	31	142	34	142	1.21e-06	48.9
g1474.t1	VFG014067(gb|WP_012053912)	33.929	112	67	3	2	110	1524	1631	1.22e-06	50.4
g1474.t1	VFG014066(gb|WP_010955557)	33.929	112	67	3	2	110	1524	1631	1.24e-06	50.4
g1474.t1	VFG009831(gb|WP_172591973)	34.513	113	69	4	31	142	37	145	1.34e-06	48.9
g1474.t1	VFG014068(gb|WP_044488903)	34.862	109	64	4	5	110	1637	1741	1.62e-06	50.1
g1474.t1	VFG001389(gb|NP_215418)	34.513	113	69	4	31	142	37	145	1.71e-06	48.5
g1474.t1	VFG015770(gb|WP_012269993)	29.661	118	80	3	3	117	1	118	1.72e-06	48.5
g1474.t1	VFG027175(gb|YP_005359605)	34.513	113	69	4	31	142	34	142	1.73e-06	48.5
g1474.t1	VFG027180(gb|WP_198345124)	30.597	134	88	4	31	163	37	166	1.89e-06	48.5
g1474.t1	VFG009836(gb|WP_011857018)	37.975	79	46	2	31	108	34	110	1.91e-06	48.5
g1474.t1	VFG009838(gb|WP_011561825)	37.975	79	46	2	31	108	34	110	1.97e-06	48.5
g1474.t1	VFG014969(gb|WP_010951571)	32.927	82	54	1	3	83	1	82	2.05e-06	48.5
g1474.t1	VFG050634(gb|WP_000389077.1)	30.973	113	63	5	3	108	8	112	2.14e-06	46.6
g1474.t1	VFG009837(gb|WP_172800613)	37.975	79	46	2	31	108	37	113	2.15e-06	48.1
g1474.t1	VFG009833(gb|WP_168189073)	38.824	85	37	3	31	108	40	116	2.20e-06	48.1
g1474.t1	VFG001746(gb|WP_002209034)	27.928	111	69	3	1	106	1	105	2.23e-06	47.8
g1474.t1	VFG050625(gb|WP_000389061.1)	30.973	113	63	5	3	108	8	112	2.34e-06	46.2
g1474.t1	VFG009832(gb|WP_011738612)	35.294	119	60	5	31	142	37	145	2.49e-06	48.1
g1474.t1	VFG015640(gb|WP_012274548)	33.945	109	65	3	5	110	1528	1632	2.58e-06	49.7
g1474.t1	VFG017283(gb|WP_012105859)	25.472	106	78	1	1	106	1	105	3.35e-06	47.4
g1474.t1	VFG014028(gb|WP_003297216)	31.132	106	66	3	4	106	3	104	3.50e-06	45.8
g1474.t1	VFG003357(gb|WP_011191565)	25.472	106	78	1	1	106	1	105	3.58e-06	47.4
g1474.t1	VFG009835(gb|WP_011782153)	37.975	79	46	2	31	108	34	110	4.15e-06	47.4
g1474.t1	VFG009834(gb|WP_011892635)	37.975	79	46	2	31	108	32	108	4.39e-06	47.4
g1474.t1	VFG022925(gb|WP_013827765)	40.741	81	41	3	31	108	37	113	4.61e-06	47.4
g1474.t1	VFG014069(gb|WP_011063997)	34.862	109	64	3	5	110	1850	1954	5.27e-06	48.5
g1474.t1	VFG015771(gb|WP_012312202)	30.488	82	56	1	3	83	1	82	5.36e-06	47.4
g1474.t1	VFG009802(gb|WP_003875752)	35.135	111	57	5	4	108	14	115	5.56e-06	47.0
g1474.t1	VFG027122(gb|WP_015456166)	35.135	111	57	5	4	108	22	123	5.56e-06	47.0
g1474.t1	VFG009801(gb|WP_010948903)	35.135	111	57	5	4	108	14	115	5.82e-06	47.0
g1474.t1	VFG009803(gb|WP_011738792)	34.234	111	58	5	4	108	15	116	7.93e-06	46.6
g1474.t1	VFG024168(gb|WP_014379067)	35.135	111	57	5	4	108	14	115	8.40e-06	46.6
g1474.t1	VFG027172(gb|YP_007957056)	33.628	113	70	4	31	142	37	145	8.76e-06	46.6
g1474.t1	VFG001226(gb|NP_249100)	31.132	106	66	4	4	106	3	104	8.86e-06	44.7
g1474.t1	VFG024164(gb|WP_008263800)	35.135	111	57	5	4	108	14	115	8.87e-06	46.6
g1474.t1	VFG001386(gb|NP_215271)	35.135	111	57	5	4	108	22	123	9.20e-06	46.6
g3775.t1	VFG043207(gb|WP_005164481)	34.049	326	204	5	7	322	13	337	4.17e-46	159
g3775.t1	VFG043015(gb|NP_250150)	31.232	349	199	4	12	324	22	365	6.15e-45	157
g3775.t1	VFG007550(gb|WP_000985860)	31.073	354	190	5	15	322	25	370	1.60e-44	156
g3775.t1	VFG043038(gb|NP_460874)	32.990	291	187	4	38	322	49	337	2.05e-43	152
g3775.t1	VFG038712(gb|WP_005319287)	32.258	341	198	4	15	322	25	365	5.38e-43	152
g3775.t1	VFG007553(gb|WP_011079855)	30.312	353	193	5	15	322	25	369	1.31e-42	150
g3775.t1	VFG038713(gb|WP_005353666)	31.232	349	191	5	15	322	25	365	2.15e-42	150
g3775.t1	VFG007554(gb|WP_011150906)	30.704	355	189	6	15	322	25	369	2.79e-42	150
g3775.t1	VFG007552(gb|WP_005479477)	30.460	348	192	5	15	322	25	362	2.85e-42	150
g3775.t1	VFG038711(gb|WP_016350060)	31.519	349	190	6	15	322	25	365	3.87e-42	149
g3775.t1	VFG038710(gb|WP_011705291)	31.624	351	187	6	15	322	25	365	8.05e-42	149
g3775.t1	VFG043090(gb|WP_000036413)	32.414	290	190	3	38	322	49	337	1.43e-41	147
g3775.t1	VFG025839(gb|WP_012492268)	32.628	331	190	7	15	322	29	349	2.32e-40	144
g3775.t1	VFG025837(gb|WP_011546709)	32.326	331	191	7	15	322	26	346	4.68e-40	144
g3775.t1	VFG002526(gb|WP_004198645)	29.940	334	198	6	15	322	27	350	1.08e-37	137
g3775.t1	VFG025849(gb|WP_009910098)	30.539	334	196	7	15	322	27	350	1.73e-37	137
g3775.t1	VFG007555(gb|WP_005420308)	29.462	353	196	7	15	322	25	369	4.64e-37	136
g3775.t1	VFG014075(gb|WP_004365048)	27.011	174	127	0	129	302	135	308	3.41e-16	78.2
g3775.t1	VFG019773(gb|WP_003084598)	27.011	174	127	0	129	302	135	308	3.82e-16	78.2
g3775.t1	VFG014076(gb|WP_011920661)	25.248	202	151	0	101	302	109	310	4.88e-16	77.8
g3775.t1	VFG014074(gb|WP_012074002)	27.011	174	127	0	129	302	135	308	1.56e-15	76.3
g3775.t1	VFG014077(gb|WP_011914953)	27.451	204	140	2	101	300	109	308	2.86e-15	75.5
g3775.t1	VFG001232(gb|NP_249105)	26.437	174	128	0	129	302	135	308	4.21e-15	75.1
g3775.t1	VFG006846(gb|NP_464218)	38.554	83	50	1	15	97	23	104	1.12e-08	52.8
g3775.t1	VFG032760(gb|WP_003746076)	38.554	83	50	1	15	97	23	104	1.25e-08	52.4
g3775.t1	VFG015634(gb|WP_012274551)	36.842	95	57	2	5	97	12	105	2.00e-08	52.0
g3775.t1	VFG014022(gb|WP_003249327)	35.789	95	58	2	5	97	12	105	3.95e-08	51.2
g3775.t1	VFG014024(gb|WP_011536047)	37.349	83	46	4	18	97	26	105	1.45e-07	49.3
g3775.t1	VFG041575(gb|WP_012847751)	36.667	90	54	2	3	91	18	105	1.50e-07	51.2
g3775.t1	VFG043408(gb|WP_000940577)	31.868	91	59	2	8	97	18	106	1.95e-07	49.3
g3775.t1	VFG014028(gb|WP_003297216)	31.250	96	61	3	5	97	12	105	2.45e-07	48.9
g3775.t1	VFG050640(gb|WP_000101096.1)	40.260	77	41	3	24	97	31	105	2.92e-07	48.5
g3775.t1	VFG015635(gb|WP_012312415)	38.554	83	45	4	18	97	26	105	4.61e-07	48.1
g3775.t1	VFG001226(gb|NP_249100)	35.366	82	49	3	18	97	26	105	9.45e-07	47.0
g3775.t1	VFG001746(gb|WP_002209034)	31.522	92	62	1	3	94	13	103	9.46e-07	48.9
g3775.t1	VFG017283(gb|WP_012105859)	31.522	92	62	1	3	94	13	103	1.12e-06	48.5
g3775.t1	VFG003357(gb|WP_011191565)	31.522	92	62	1	3	94	13	103	1.13e-06	48.5
g3775.t1	VFG014027(gb|WP_003458790)	35.366	82	49	3	18	97	26	105	2.01e-06	46.2
g3775.t1	VFG009862(gb|WP_071498255)	40.000	55	31	1	6	60	14	66	2.49e-06	47.8
g3775.t1	VFG019765(gb|WP_014720320)	34.940	83	48	4	18	97	26	105	2.49e-06	45.8
g3775.t1	VFG022934(gb|WP_020726450)	40.000	55	31	1	6	60	14	66	2.54e-06	47.8
g3775.t1	VFG009864(gb|WP_041787729)	40.351	57	32	1	6	62	14	68	2.79e-06	47.8
g3775.t1	VFG009865(gb|WP_041307013)	40.351	57	32	1	6	62	14	68	2.89e-06	47.8
g3775.t1	VFG014025(gb|WP_011064000)	33.721	86	54	2	14	97	21	105	3.21e-06	45.4
g3775.t1	VFG014026(gb|WP_011336365)	33.721	86	54	2	14	97	21	105	3.64e-06	45.4
g3775.t1	VFG001390(gb|NP_215496)	40.000	55	31	1	6	60	14	66	3.97e-06	47.0
g3775.t1	VFG027208(gb|WP_041181419)	38.596	57	33	1	6	62	14	68	4.00e-06	47.0
g3775.t1	VFG009859(gb|WP_003872811)	38.596	57	33	1	6	62	14	68	4.00e-06	47.0
g3775.t1	VFG009857(gb|WP_014588181)	40.000	55	31	1	6	60	14	66	4.00e-06	47.0
g3775.t1	VFG027215(gb|YP_007960876)	40.000	55	31	1	6	60	14	66	4.15e-06	47.0
g3775.t1	VFG023572(gb|WP_005156725)	29.348	92	64	1	3	94	13	103	5.46e-06	46.6
g3775.t1	VFG024189(gb|WP_008254065)	38.596	57	33	1	6	62	14	68	6.18e-06	46.6
g3775.t1	VFG009861(gb|WP_010907575)	38.596	57	33	1	6	62	14	68	6.30e-06	46.6
g3775.t1	VFG027211(gb|WP_005063392)	40.000	55	31	1	6	60	14	66	6.35e-06	46.6
g3775.t1	VFG024188(gb|WP_014941347)	38.596	57	33	1	6	62	14	68	6.47e-06	46.6
g3775.t1	VFG027205(gb|WP_005098722)	40.000	55	31	1	6	60	14	66	6.53e-06	46.6
g3775.t1	VFG022935(gb|YP_001701820)	40.000	55	31	1	6	60	16	68	7.27e-06	46.2
g3775.t1	VFG045728(gb|WP_003635449)	36.471	85	50	2	8	88	17	101	7.45e-06	46.2
g3775.t1	VFG014019(gb|WP_003377196)	34.783	69	41	1	14	78	21	89	9.48e-06	44.3
g1796.t1	VFG043038(gb|NP_460874)	100.000	349	0	0	1	349	1	349	0.0	710
g1796.t1	VFG043090(gb|WP_000036413)	95.129	349	17	0	1	349	1	349	0.0	680
g1796.t1	VFG043207(gb|WP_005164481)	85.387	349	51	0	1	349	1	349	0.0	618
g1796.t1	VFG002526(gb|WP_004198645)	71.105	353	90	2	3	343	4	356	1.93e-179	501
g1796.t1	VFG025849(gb|WP_009910098)	70.822	353	91	2	3	343	4	356	4.73e-179	500
g1796.t1	VFG025837(gb|WP_011546709)	70.085	351	96	2	1	342	1	351	4.49e-177	495
g1796.t1	VFG025839(gb|WP_012492268)	69.801	351	97	2	1	342	4	354	3.74e-176	493
g1796.t1	VFG007550(gb|WP_000985860)	38.400	375	191	6	4	341	3	374	8.51e-74	233
g1796.t1	VFG007552(gb|WP_005479477)	38.356	365	197	5	4	341	3	366	1.05e-73	232
g1796.t1	VFG038713(gb|WP_005353666)	38.587	368	195	4	4	341	3	369	4.11e-72	228
g1796.t1	VFG038710(gb|WP_011705291)	38.420	367	197	4	4	341	3	369	1.26e-71	227
g1796.t1	VFG038711(gb|WP_016350060)	38.147	367	198	4	4	341	3	369	1.58e-71	226
g1796.t1	VFG038712(gb|WP_005319287)	37.875	367	199	4	4	341	3	369	3.93e-71	226
g1796.t1	VFG007554(gb|WP_011150906)	36.559	372	201	4	4	341	3	373	9.92e-71	224
g1796.t1	VFG007553(gb|WP_011079855)	36.559	372	201	4	4	341	3	373	1.38e-70	224
g1796.t1	VFG043015(gb|NP_250150)	36.712	365	198	4	4	338	3	364	2.35e-70	223
g1796.t1	VFG007555(gb|WP_005420308)	36.828	372	200	4	4	341	3	373	8.65e-67	214
g1796.t1	VFG043408(gb|WP_000940577)	35.577	104	66	1	5	108	4	106	5.24e-16	73.6
g1796.t1	VFG014074(gb|WP_012074002)	24.923	325	213	11	5	318	8	312	3.58e-14	72.4
g1796.t1	VFG006846(gb|NP_464218)	37.736	106	62	3	4	108	2	104	1.48e-13	66.6
g1796.t1	VFG032760(gb|WP_003746076)	37.736	106	62	3	4	108	2	104	1.79e-13	66.2
g1796.t1	VFG014075(gb|WP_004365048)	23.547	327	215	12	5	318	8	312	7.67e-13	68.6
g1796.t1	VFG019773(gb|WP_003084598)	23.547	327	215	12	5	318	8	312	9.75e-13	68.2
g1796.t1	VFG015641(gb|WP_012312418)	36.792	106	60	3	6	108	1510	1611	1.02e-12	69.3
g1796.t1	VFG014067(gb|WP_012053912)	35.849	106	61	3	6	108	1527	1628	2.45e-12	68.2
g1796.t1	VFG015640(gb|WP_012274548)	35.849	106	61	3	6	108	1528	1629	2.47e-12	68.2
g1796.t1	VFG014068(gb|WP_044488903)	35.849	106	61	3	6	108	1637	1738	2.59e-12	68.2
g1796.t1	VFG014066(gb|WP_010955557)	35.849	106	61	3	6	108	1527	1628	2.78e-12	68.2
g1796.t1	VFG042926(gb|WP_012031397)	38.462	117	60	5	5	117	2432	2540	3.23e-12	67.8
g1796.t1	VFG045728(gb|WP_003635449)	39.048	105	61	2	4	107	2	104	4.06e-12	64.7
g1796.t1	VFG014063(gb|WP_011105280)	33.019	106	64	3	6	108	1868	1969	9.31e-12	66.6
g1796.t1	VFG001232(gb|NP_249105)	23.242	327	216	12	5	318	8	312	1.06e-11	65.1
g1796.t1	VFG014065(gb|WP_011167502)	32.075	106	65	3	6	108	1867	1968	2.87e-11	65.1
g1796.t1	VFG014069(gb|WP_011063997)	35.849	106	61	3	6	108	1850	1951	3.49e-11	64.7
g1796.t1	VFG014064(gb|WP_011266435)	32.075	106	65	3	6	108	1873	1974	4.53e-11	64.3
g1796.t1	VFG014077(gb|WP_011914953)	26.486	185	127	5	143	325	140	317	6.70e-11	62.8
g1796.t1	VFG014070(gb|WP_011336362)	34.906	106	62	3	6	108	1852	1953	8.01e-11	63.5
g1796.t1	VFG014076(gb|WP_011920661)	28.261	184	125	5	143	325	140	317	9.34e-11	62.4
g1796.t1	VFG019772(gb|WP_015886333)	33.962	106	63	3	6	108	1820	1921	4.45e-10	61.2
g1796.t1	VFG014072(gb|WP_011914954)	33.962	106	63	3	6	108	2325	2426	1.18e-09	60.1
g1796.t1	VFG011626(gb|WP_002965156)	33.333	147	78	7	9	152	13	142	1.39e-09	57.8
g1796.t1	VFG010911(gb|WP_011947563)	34.286	105	66	2	4	107	2	104	2.33e-09	56.6
g1796.t1	VFG001889(gb|WP_011216518)	34.286	105	66	2	4	107	2	104	2.51e-09	56.6
g1796.t1	VFG001231(gb|NP_249104)	34.906	106	62	3	6	108	2353	2454	3.57e-09	58.5
g1796.t1	VFG019771(gb|WP_012613502)	34.906	106	62	3	6	108	2353	2454	3.63e-09	58.5
g1796.t1	VFG014062(gb|WP_004365046)	34.906	106	62	3	6	108	2357	2458	3.86e-09	58.2
g1796.t1	VFG014071(gb|WP_041772785)	33.019	106	64	4	6	108	2295	2396	4.10e-09	58.2
g1796.t1	VFG014061(gb|WP_012074001)	34.906	106	62	3	6	108	2339	2440	4.41e-09	58.2
g1796.t1	VFG043402(gb|YP_002344511)	34.821	112	60	6	4	108	1	106	6.72e-09	53.5
g1796.t1	VFG043394(gb|YP_002343725)	33.036	112	66	4	2	108	645	752	2.18e-07	52.4
g1796.t1	VFG042930(gb|WP_012031401)	31.481	108	67	3	4	108	8	111	2.48e-07	48.9
g1796.t1	VFG015785(gb|WP_012315215)	32.692	104	69	1	4	107	2	104	2.77e-07	50.4
g1796.t1	VFG043386(gb|WP_000772151)	32.110	109	67	4	4	108	1	106	2.81e-07	48.9
g1796.t1	VFG043345(gb|WP_011946713)	32.710	107	61	5	6	108	4	103	3.67e-07	51.6
g1796.t1	VFG015088(gb|WP_011534583)	33.654	104	68	1	4	107	2	104	4.02e-07	50.1
g1796.t1	VFG014966(gb|WP_007247212)	31.731	104	67	2	6	108	3	103	5.69e-07	50.1
g1796.t1	VFG009889(gb|WP_003874670)	30.476	105	70	2	4	107	2	104	9.52e-07	48.9
g1796.t1	VFG014968(gb|WP_002551374)	28.906	128	78	3	6	132	3	118	1.06e-06	49.3
g1796.t1	VFG050634(gb|WP_000389077.1)	28.829	111	72	4	1	108	5	111	1.09e-06	47.4
g1796.t1	VFG014967(gb|WP_003401565)	28.906	128	78	3	6	132	3	118	1.12e-06	49.3
g1796.t1	VFG015086(gb|WP_003251380)	31.731	104	70	1	4	107	2	104	1.20e-06	48.5
g1796.t1	VFG001746(gb|WP_002209034)	30.556	108	70	3	5	109	4	109	1.29e-06	48.5
g1796.t1	VFG003357(gb|WP_011191565)	30.556	108	70	3	5	109	4	109	1.30e-06	48.5
g1796.t1	VFG015091(gb|WP_003240627)	32.692	104	69	1	4	107	2	104	1.30e-06	48.5
g1796.t1	VFG050625(gb|WP_000389061.1)	28.829	111	72	4	1	108	5	111	1.52e-06	47.0
g1796.t1	VFG017283(gb|WP_012105859)	30.556	108	70	3	5	109	4	109	1.66e-06	48.1
g1796.t1	VFG009890(gb|WP_009978588)	30.476	105	70	2	4	107	2	104	1.87e-06	48.1
g1796.t1	VFG023572(gb|WP_005156725)	29.630	108	71	3	5	109	4	109	2.82e-06	47.4
g1796.t1	VFG041575(gb|WP_012847751)	31.532	111	67	4	4	109	8	114	2.93e-06	47.4
g1796.t1	VFG019919(gb|WP_015886493)	30.631	111	69	3	4	111	1	106	3.37e-06	47.8
g1796.t1	VFG015080(gb|NP_251276)	30.579	121	82	2	4	124	2	120	4.45e-06	47.0
g1796.t1	VFG031731(gb|WP_011558087)	32.520	123	67	5	31	152	30	137	5.02e-06	47.0
g1796.t1	VFG043373(gb|WP_000342347)	29.730	111	69	4	6	111	679	785	5.71e-06	48.1
g1796.t1	VFG014964(gb|WP_003157680)	27.344	128	80	3	6	132	3	118	6.35e-06	47.0
g1796.t1	VFG000119(gb|NP_253948)	27.344	128	80	3	6	132	3	118	6.46e-06	47.0
g1796.t1	VFG009866(gb|WP_011561679)	32.407	108	64	4	4	108	3	104	8.23e-06	46.2
