g580.t1	VFG005889(gb|WP_002261974)	35.294	289	167	9	1	284	3	276	1.79e-45	155
g580.t1	VFG018667(gb|WP_012000437)	34.722	288	170	8	1	284	3	276	1.69e-43	150
g580.t1	VFG007662(gb|WP_011149275)	34.932	292	168	8	1	282	4	283	2.27e-43	150
g580.t1	VFG006089(gb|WP_011681446)	34.028	288	172	8	1	284	3	276	4.13e-43	149
g580.t1	VFG006081(gb|WP_014621820)	34.028	288	172	8	1	284	3	276	4.79e-43	149
g580.t1	VFG005838(gb|WP_011836759)	34.028	288	172	8	1	284	3	276	1.46e-42	147
g580.t1	VFG045305(gb|WP_010946494)	32.482	274	160	8	1	262	4	264	1.67e-38	137
g580.t1	VFG048815(gb|YP_005227856)	34.343	297	166	11	1	282	4	286	3.76e-28	110
g580.t1	VFG048811(gb|WP_014230058)	36.475	244	133	9	50	282	54	286	2.90e-25	102
g580.t1	VFG014145(gb|WP_003138480)	30.216	139	84	5	46	177	57	189	1.05e-06	49.3
g3225.t1	VFG007662(gb|WP_011149275)	37.153	288	163	7	7	282	2	283	2.50e-47	160
g3225.t1	VFG005889(gb|WP_002261974)	34.043	282	170	8	8	282	2	274	1.80e-46	157
g3225.t1	VFG006089(gb|WP_011681446)	33.688	282	171	8	8	282	2	274	3.06e-44	152
g3225.t1	VFG018667(gb|WP_012000437)	34.286	280	172	7	8	282	2	274	1.85e-43	150
g3225.t1	VFG006081(gb|WP_014621820)	33.333	282	172	8	8	282	2	274	2.49e-43	149
g3225.t1	VFG005838(gb|WP_011836759)	33.214	280	175	7	8	282	2	274	2.72e-41	144
g3225.t1	VFG045305(gb|WP_010946494)	32.258	279	158	9	7	266	2	268	9.11e-39	138
g3225.t1	VFG048815(gb|YP_005227856)	33.447	293	172	10	7	283	2	287	4.99e-30	115
g3225.t1	VFG048811(gb|WP_014230058)	32.082	293	176	9	7	283	2	287	2.46e-27	107
g3225.t1	VFG014119(gb|WP_012075025)	25.610	164	96	4	6	147	2	161	1.87e-07	51.6
g3225.t1	VFG014145(gb|WP_003138480)	26.904	197	109	8	7	177	2	189	1.31e-06	48.9
g3225.t1	VFG014133(gb|WP_012075037)	29.688	192	113	7	6	177	2	191	4.34e-06	47.4
g5260.t1	VFG048815(gb|YP_005227856)	57.047	298	118	3	3	296	2	293	2.48e-110	321
g5260.t1	VFG048811(gb|WP_014230058)	57.525	299	115	4	3	296	2	293	1.08e-109	320
g5260.t1	VFG007662(gb|WP_011149275)	38.380	284	170	2	3	286	2	280	5.30e-64	203
g5260.t1	VFG045305(gb|WP_010946494)	37.954	303	172	4	3	299	2	294	2.08e-63	201
g5260.t1	VFG018667(gb|WP_012000437)	33.218	289	168	7	4	286	2	271	1.97e-39	139
g5260.t1	VFG006089(gb|WP_011681446)	34.138	290	164	8	4	286	2	271	4.37e-38	135
g5260.t1	VFG006081(gb|WP_014621820)	33.793	290	165	8	4	286	2	271	7.97e-38	135
g5260.t1	VFG005838(gb|WP_011836759)	32.872	289	169	7	4	286	2	271	2.23e-37	134
g5260.t1	VFG005889(gb|WP_002261974)	31.788	302	177	8	4	299	2	280	2.13e-36	131
g1957.t1	VFG048815(gb|YP_005227856)	62.245	294	111	0	1	294	1	294	3.52e-133	379
g1957.t1	VFG048811(gb|WP_014230058)	60.544	294	116	0	1	294	1	294	1.29e-128	367
g1957.t1	VFG007662(gb|WP_011149275)	37.931	290	175	2	1	289	1	286	8.45e-66	207
g1957.t1	VFG045305(gb|WP_010946494)	37.184	277	162	3	1	272	1	270	1.14e-60	194
g1957.t1	VFG018667(gb|WP_012000437)	35.135	296	169	9	3	292	2	280	9.90e-47	158
g1957.t1	VFG006081(gb|WP_014621820)	35.135	296	169	9	3	292	2	280	1.23e-46	158
g1957.t1	VFG006089(gb|WP_011681446)	35.135	296	169	9	3	292	2	280	1.74e-46	157
g1957.t1	VFG005838(gb|WP_011836759)	35.135	296	169	9	3	292	2	280	9.57e-46	155
g1957.t1	VFG005889(gb|WP_002261974)	33.784	296	173	9	3	292	2	280	1.52e-43	150
