g262.t1	VFG030998(gb|YP_001701367)	31.496	127	84	2	3	129	66	189	2.59e-12	62.0
g262.t1	VFG030990(gb|WP_011730958)	30.709	127	85	2	3	129	66	189	2.11e-11	59.7
g262.t1	VFG030991(gb|WP_011857155)	30.709	127	85	2	3	129	66	189	2.33e-11	59.3
g262.t1	VFG030992(gb|WP_011562052)	30.709	127	85	2	3	129	66	189	2.42e-11	59.3
g262.t1	VFG030989(gb|WP_011892407)	33.673	98	63	1	32	129	94	189	2.77e-11	59.3
g262.t1	VFG030984(gb|WP_003917816)	34.409	93	61	0	37	129	97	189	7.25e-11	58.2
g262.t1	VFG030983(gb|NP_218060)	34.409	93	61	0	37	129	97	189	7.39e-11	58.2
g262.t1	VFG031014(gb|WP_015291531)	34.409	93	61	0	37	129	97	189	7.68e-11	57.8
g262.t1	VFG030995(gb|WP_011741754)	32.258	93	63	0	37	129	97	189	4.19e-10	55.8
g262.t1	VFG031003(gb|WP_013830615)	30.709	127	85	2	3	129	66	189	4.23e-10	55.8
g262.t1	VFG031016(gb|WP_015357393)	32.258	93	63	0	37	129	97	189	4.71e-10	55.8
g262.t1	VFG031002(gb|WP_012396554)	32.258	93	63	0	37	129	97	189	4.75e-10	55.8
g262.t1	VFG031034(gb|WP_015309552)	29.921	127	86	2	3	129	66	189	5.66e-10	55.5
g262.t1	VFG030996(gb|WP_011782397)	29.921	127	86	2	3	129	66	189	6.00e-10	55.5
g262.t1	VFG031026(gb|YP_007959529)	33.333	93	62	0	37	129	97	189	7.64e-10	55.1
g262.t1	VFG031015(gb|WP_015294487)	29.134	127	87	2	3	129	66	189	1.20e-09	54.7
g262.t1	VFG031007(gb|WP_008263658)	32.653	98	64	1	32	129	94	189	6.42e-09	52.4
g262.t1	VFG031006(gb|WP_009956911)	32.653	98	64	1	32	129	94	189	6.61e-09	52.4
g262.t1	VFG030986(gb|WP_003875682)	31.183	93	64	0	37	129	97	189	8.03e-09	52.0
g1389.t1	VFG031003(gb|WP_013830615)	29.306	389	245	11	150	513	3	386	2.88e-26	110
g1389.t1	VFG030998(gb|YP_001701367)	29.651	344	227	9	181	513	47	386	1.71e-25	108
g1389.t1	VFG030984(gb|WP_003917816)	30.000	250	160	3	150	385	3	251	3.08e-25	107
g1389.t1	VFG030983(gb|NP_218060)	30.000	250	160	3	150	385	3	251	3.14e-25	107
g1389.t1	VFG031014(gb|WP_015291531)	30.000	250	160	3	150	385	3	251	3.87e-25	107
g1389.t1	VFG030990(gb|WP_011730958)	31.020	245	154	4	150	380	3	246	9.26e-25	105
g1389.t1	VFG030996(gb|WP_011782397)	28.753	393	242	12	150	513	3	386	9.61e-25	105
g1389.t1	VFG031026(gb|YP_007959529)	29.600	250	161	3	150	385	3	251	2.27e-24	104
g1389.t1	VFG030995(gb|WP_011741754)	29.200	250	162	3	150	385	3	251	2.48e-24	104
g1389.t1	VFG031015(gb|WP_015294487)	29.200	250	162	3	150	385	3	251	2.91e-24	104
g1389.t1	VFG031016(gb|WP_015357393)	29.200	250	162	3	150	385	3	251	5.68e-24	103
g1389.t1	VFG031002(gb|WP_012396554)	29.200	250	162	3	150	385	3	251	5.95e-24	103
g1389.t1	VFG030989(gb|WP_011892407)	28.871	381	239	10	149	513	22	386	6.24e-24	103
g1389.t1	VFG031007(gb|WP_008263658)	27.506	389	252	11	150	513	3	386	1.33e-23	102
g1389.t1	VFG030992(gb|WP_011562052)	34.211	190	123	2	192	380	58	246	1.38e-23	102
g1389.t1	VFG030991(gb|WP_011857155)	34.211	190	123	2	192	380	58	246	1.42e-23	102
g1389.t1	VFG031006(gb|WP_009956911)	27.506	389	252	10	150	513	3	386	3.95e-23	101
g1389.t1	VFG030986(gb|WP_003875682)	29.796	245	157	4	150	380	3	246	1.31e-22	99.8
g1389.t1	VFG031034(gb|WP_015309552)	28.909	339	214	10	192	513	58	386	8.05e-21	94.4
g1389.t1	VFG044398(gb|AAF33139)	23.158	380	236	12	146	507	165	506	3.39e-11	65.5
g1389.t1	VFG029172(gb|WP_005060526)	31.081	148	100	2	231	377	97	243	4.45e-11	64.7
g1389.t1	VFG049152(gb|WP_000337350)	24.277	346	214	13	184	503	44	367	3.81e-09	58.5
g1389.t1	VFG043689(gb|WP_000337350)	24.277	346	214	13	184	503	44	367	3.81e-09	58.5
g1389.t1	VFG029181(gb|YP_007957115)	28.889	180	112	6	226	402	93	259	4.80e-08	55.1
g1389.t1	VFG021833(gb|WP_011725107)	24.735	283	188	8	229	497	95	366	4.16e-06	48.9
g1389.t1	VFG024053(gb|WP_193375497)	24.567	289	193	9	229	503	92	369	7.78e-06	48.1
g1389.t1	VFG021832(gb|WP_003877913)	24.735	283	188	8	229	497	95	366	9.16e-06	47.8
g273.t1	VFG030998(gb|YP_001701367)	32.331	399	225	11	363	731	3	386	2.03e-40	152
g273.t1	VFG030990(gb|WP_011730958)	30.653	398	233	12	363	731	3	386	1.01e-36	142
g273.t1	VFG031016(gb|WP_015357393)	31.061	396	234	11	363	731	3	386	1.36e-35	139
g273.t1	VFG031002(gb|WP_012396554)	31.061	396	234	11	363	731	3	386	2.13e-35	138
g273.t1	VFG030995(gb|WP_011741754)	31.061	396	234	11	363	731	3	386	2.37e-35	138
g273.t1	VFG030991(gb|WP_011857155)	30.905	398	232	12	363	731	3	386	2.89e-35	137
g273.t1	VFG030992(gb|WP_011562052)	30.905	398	232	12	363	731	3	386	3.09e-35	137
g273.t1	VFG030996(gb|WP_011782397)	29.877	405	227	10	363	731	3	386	5.97e-35	137
g273.t1	VFG030989(gb|WP_011892407)	31.928	332	216	7	406	731	59	386	7.58e-35	136
g273.t1	VFG030986(gb|WP_003875682)	30.633	395	237	11	363	731	3	386	5.98e-34	134
g273.t1	VFG031007(gb|WP_008263658)	30.457	394	239	10	363	731	3	386	1.06e-33	133
g273.t1	VFG031003(gb|WP_013830615)	30.102	392	243	11	363	731	3	386	1.76e-33	132
g273.t1	VFG031006(gb|WP_009956911)	30.203	394	240	10	363	731	3	386	2.75e-33	132
g273.t1	VFG031015(gb|WP_015294487)	33.469	245	148	4	363	593	3	246	1.34e-31	127
g273.t1	VFG031014(gb|WP_015291531)	29.877	405	227	13	363	731	3	386	1.21e-30	124
g273.t1	VFG030984(gb|WP_003917816)	29.017	417	215	13	363	731	3	386	1.48e-30	124
g273.t1	VFG031034(gb|WP_015309552)	30.058	346	195	8	410	731	64	386	1.50e-30	124
g273.t1	VFG030983(gb|NP_218060)	29.017	417	215	13	363	731	3	386	1.69e-30	124
g273.t1	VFG031026(gb|YP_007959529)	32.283	254	139	5	363	593	3	246	3.54e-29	120
g273.t1	VFG029172(gb|WP_005060526)	29.767	215	139	6	384	590	33	243	1.91e-18	87.8
g273.t1	VFG044398(gb|AAF33139)	24.800	375	256	10	359	725	150	506	3.08e-18	88.6
g273.t1	VFG044398(gb|AAF33139)	23.567	314	206	8	45	332	179	484	3.01e-09	60.1
g273.t1	VFG030938(gb|WP_011892406)	26.433	314	197	9	44	340	26	322	1.07e-12	69.7
g273.t1	VFG030944(gb|WP_011741755)	23.750	320	203	7	44	340	26	327	1.47e-12	69.7
g273.t1	VFG030951(gb|WP_012396555)	23.750	320	203	7	44	340	26	327	1.61e-12	69.3
g273.t1	VFG030960(gb|WP_005064822)	26.608	342	173	12	44	344	39	343	2.85e-12	68.6
g273.t1	VFG030947(gb|YP_001701366)	26.608	342	173	12	44	344	39	343	4.27e-12	68.2
g273.t1	VFG030965(gb|WP_015357394)	23.750	320	203	7	44	340	26	327	4.46e-12	68.2
g273.t1	VFG049152(gb|WP_000337350)	22.881	354	231	13	394	726	41	373	1.24e-11	67.0
g273.t1	VFG043689(gb|WP_000337350)	22.881	354	231	13	394	726	41	373	1.24e-11	67.0
g273.t1	VFG030952(gb|WP_013830616)	26.420	352	194	14	1	329	1	310	4.14e-11	65.1
g273.t1	VFG030936(gb|WP_033711415)	23.894	339	206	8	44	356	26	338	9.77e-10	60.8
g273.t1	VFG030982(gb|WP_015309553)	21.930	342	222	7	1	329	1	310	1.41e-09	60.5
g273.t1	VFG030935(gb|WP_003877134)	23.718	312	187	7	44	329	26	312	2.01e-09	60.1
g273.t1	VFG030955(gb|WP_026071452)	23.197	319	180	9	44	329	26	312	4.84e-09	58.5
g273.t1	VFG030939(gb|WP_011730959)	24.294	354	201	12	1	329	1	312	7.37e-09	58.2
g273.t1	VFG030946(gb|WP_003907080)	21.296	324	215	8	24	329	11	312	8.14e-09	57.8
g273.t1	VFG030932(gb|NP_218061)	21.296	324	215	8	24	329	11	312	8.89e-09	57.8
g273.t1	VFG030980(gb|WP_041321294)	23.197	319	180	10	44	329	26	312	1.14e-08	57.4
g273.t1	VFG030975(gb|YP_007959530)	21.296	324	215	8	24	329	11	312	1.29e-08	57.4
g273.t1	VFG030954(gb|WP_013470737)	23.102	303	199	7	44	329	26	311	1.97e-08	56.6
g273.t1	VFG030963(gb|WP_015291532)	21.296	324	215	8	24	329	11	312	2.07e-08	56.6
g273.t1	VFG030941(gb|WP_011562053)	24.169	331	186	11	44	340	26	325	2.57e-08	56.2
g273.t1	VFG030956(gb|WP_008263657)	22.884	319	181	10	44	329	26	312	2.61e-08	56.2
g273.t1	VFG030940(gb|WP_011857156)	23.620	326	194	10	44	340	26	325	6.37e-08	55.1
g273.t1	VFG024054(gb|WP_014384755)	23.796	353	246	9	379	721	33	372	8.01e-08	55.1
g273.t1	VFG030945(gb|WP_011782398)	23.510	302	199	9	44	329	26	311	1.07e-07	54.3
g273.t1	VFG024053(gb|WP_193375497)	23.513	353	247	9	379	721	30	369	1.29e-07	54.3
g273.t1	VFG024055(gb|WP_009954826)	23.513	353	247	9	379	721	30	369	2.22e-07	53.5
g273.t1	VFG029188(gb|WP_036455780)	23.513	353	247	9	379	721	30	369	2.31e-07	53.5
g273.t1	VFG030964(gb|WP_015294488)	22.840	324	210	10	24	329	11	312	4.39e-07	52.4
g273.t1	VFG029181(gb|YP_007957115)	24.232	293	205	9	442	726	96	379	5.76e-07	52.4
g3011.t1	VFG030996(gb|WP_011782397)	29.500	400	234	11	353	718	1	386	1.67e-29	121
g3011.t1	VFG030996(gb|WP_011782397)	22.727	352	217	9	1	302	1	347	1.44e-06	51.2
g3011.t1	VFG030990(gb|WP_011730958)	32.661	248	152	4	355	588	3	249	5.65e-29	119
g3011.t1	VFG030990(gb|WP_011730958)	22.472	356	221	9	1	306	1	351	5.82e-06	49.3
g3011.t1	VFG031016(gb|WP_015357393)	31.200	250	157	4	355	590	3	251	5.87e-29	119
g3011.t1	VFG031002(gb|WP_012396554)	31.200	250	157	4	355	590	3	251	6.82e-29	119
g3011.t1	VFG030998(gb|YP_001701367)	34.314	204	132	2	386	588	47	249	2.04e-28	117
g3011.t1	VFG030998(gb|YP_001701367)	23.711	194	131	4	1	179	1	192	3.51e-07	53.1
g3011.t1	VFG031006(gb|WP_009956911)	31.452	248	155	4	355	588	3	249	2.72e-28	117
g3011.t1	VFG031007(gb|WP_008263658)	31.452	248	155	4	355	588	3	249	2.75e-28	117
g3011.t1	VFG030984(gb|WP_003917816)	31.600	250	156	4	355	590	3	251	6.87e-28	116
g3011.t1	VFG030983(gb|NP_218060)	31.600	250	156	4	355	590	3	251	7.34e-28	116
g3011.t1	VFG031014(gb|WP_015291531)	31.600	250	156	4	355	590	3	251	7.91e-28	116
g3011.t1	VFG030986(gb|WP_003875682)	31.048	248	156	4	355	588	3	249	7.98e-28	116
g3011.t1	VFG030989(gb|WP_011892407)	35.751	193	122	2	397	588	58	249	1.16e-27	115
g3011.t1	VFG030989(gb|WP_011892407)	24.432	352	211	11	1	302	1	347	2.61e-06	50.4
g3011.t1	VFG030995(gb|WP_011741754)	30.800	250	158	4	355	590	3	251	1.64e-27	115
g3011.t1	VFG030992(gb|WP_011562052)	35.567	194	123	2	397	589	58	250	4.01e-27	114
g3011.t1	VFG030991(gb|WP_011857155)	35.567	194	123	2	397	589	58	250	4.08e-27	114
g3011.t1	VFG031026(gb|YP_007959529)	31.200	250	157	4	355	590	3	251	5.11e-27	113
g3011.t1	VFG031015(gb|WP_015294487)	30.000	250	160	4	355	590	3	251	5.45e-27	113
g3011.t1	VFG031003(gb|WP_013830615)	31.600	250	156	4	355	590	3	251	1.36e-26	112
g3011.t1	VFG031034(gb|WP_015309552)	33.333	195	128	2	397	590	58	251	4.01e-24	105
g3011.t1	VFG044398(gb|AAF33139)	26.621	293	184	8	436	712	229	506	1.53e-15	80.1
g3011.t1	VFG044398(gb|AAF33139)	22.424	330	216	10	45	342	179	500	5.19e-08	55.8
g3011.t1	VFG029172(gb|WP_005060526)	28.571	231	144	6	436	652	97	320	3.14e-13	72.0
g3011.t1	VFG029172(gb|WP_005060526)	25.243	309	186	12	46	315	43	345	2.38e-06	50.4
g3011.t1	VFG030938(gb|WP_011892406)	28.522	291	179	10	40	312	22	301	6.25e-12	67.4
g3011.t1	VFG030935(gb|WP_003877134)	28.889	315	184	15	44	334	26	324	8.77e-11	64.3
g3011.t1	VFG030936(gb|WP_033711415)	28.889	315	184	15	44	334	26	324	9.68e-11	63.9
g3011.t1	VFG029181(gb|YP_007957115)	30.000	180	117	6	411	584	70	246	2.34e-10	63.2
g3011.t1	VFG030944(gb|WP_011741755)	27.586	319	201	10	39	336	21	330	1.54e-09	60.1
g3011.t1	VFG030951(gb|WP_012396555)	27.586	319	201	10	39	336	21	330	1.86e-09	60.1
g3011.t1	VFG049152(gb|WP_000337350)	24.058	345	216	12	389	708	44	367	1.98e-09	60.1
g3011.t1	VFG049152(gb|WP_000337350)	24.906	265	160	11	41	271	36	295	1.87e-07	53.9
g3011.t1	VFG043689(gb|WP_000337350)	24.058	345	216	12	389	708	44	367	1.98e-09	60.1
g3011.t1	VFG043689(gb|WP_000337350)	24.906	265	160	11	41	271	36	295	1.87e-07	53.9
g3011.t1	VFG030980(gb|WP_041321294)	27.832	309	195	12	44	334	26	324	2.39e-09	59.7
g3011.t1	VFG030955(gb|WP_026071452)	27.476	313	191	12	44	334	26	324	3.94e-09	58.9
g3011.t1	VFG030956(gb|WP_008263657)	27.832	309	195	12	44	334	26	324	4.19e-09	58.9
g3011.t1	VFG030965(gb|WP_015357394)	27.586	319	201	10	39	336	21	330	5.86e-09	58.5
g3011.t1	VFG029188(gb|WP_036455780)	26.298	289	188	9	434	708	92	369	1.03e-08	57.8
g3011.t1	VFG024055(gb|WP_009954826)	26.298	289	188	9	434	708	92	369	1.16e-08	57.8
g3011.t1	VFG024053(gb|WP_193375497)	26.298	289	188	9	434	708	92	369	1.57e-08	57.4
g3011.t1	VFG024054(gb|WP_014384755)	26.298	289	188	9	434	708	95	372	1.74e-08	57.0
g3011.t1	VFG030954(gb|WP_013470737)	26.460	291	185	9	40	312	22	301	1.95e-08	56.6
g3011.t1	VFG030940(gb|WP_011857156)	31.227	269	144	12	40	279	22	278	2.25e-08	56.6
g3011.t1	VFG030941(gb|WP_011562053)	31.481	270	142	13	40	279	22	278	3.02e-08	56.2
g3011.t1	VFG021832(gb|WP_003877913)	26.148	283	184	9	434	702	95	366	8.44e-08	55.1
g3011.t1	VFG030960(gb|WP_005064822)	27.711	332	185	13	44	342	39	348	1.07e-07	54.7
g3011.t1	VFG030947(gb|YP_001701366)	27.711	332	185	13	44	342	39	348	1.19e-07	54.3
g3011.t1	VFG021833(gb|WP_011725107)	25.795	283	185	9	434	702	95	366	2.04e-07	53.9
g3011.t1	VFG021836(gb|WP_011559123)	24.194	186	129	3	446	628	103	279	2.14e-06	50.4
g3011.t1	VFG022772(gb|WP_041319723)	24.211	285	187	8	434	702	90	361	3.34e-06	50.1
g3011.t1	VFG030982(gb|WP_015309553)	26.733	303	176	13	40	316	22	304	6.33e-06	48.9
g3011.t1	VFG030946(gb|WP_003907080)	27.937	315	187	14	44	334	26	324	8.30e-06	48.5
g3011.t1	VFG021834(gb|WP_029104518)	24.623	199	136	4	434	628	91	279	8.47e-06	48.5
g3011.t1	VFG030939(gb|WP_011730959)	26.582	316	194	12	44	336	26	326	9.99e-06	48.1
g3523.t1	VFG030998(gb|YP_001701367)	40.704	199	116	2	388	585	48	245	6.19e-38	145
g3523.t1	VFG030990(gb|WP_011730958)	38.494	239	140	5	352	585	9	245	1.04e-37	144
g3523.t1	VFG030989(gb|WP_011892407)	40.704	199	116	2	388	585	48	245	1.42e-36	141
g3523.t1	VFG030992(gb|WP_011562052)	41.026	195	113	2	392	585	52	245	5.44e-36	140
g3523.t1	VFG030991(gb|WP_011857155)	41.026	195	113	2	392	585	52	245	5.88e-36	139
g3523.t1	VFG030996(gb|WP_011782397)	37.657	239	142	5	352	585	9	245	1.18e-35	139
g3523.t1	VFG030984(gb|WP_003917816)	41.026	195	113	2	392	585	52	245	1.49e-35	138
g3523.t1	VFG030983(gb|NP_218060)	41.026	195	113	2	392	585	52	245	1.50e-35	138
g3523.t1	VFG031014(gb|WP_015291531)	41.026	195	113	2	392	585	52	245	1.75e-35	138
g3523.t1	VFG031015(gb|WP_015294487)	40.000	195	115	2	392	585	52	245	9.08e-35	136
g3523.t1	VFG031026(gb|YP_007959529)	40.513	195	114	2	392	585	52	245	1.16e-34	136
g3523.t1	VFG031006(gb|WP_009956911)	30.000	360	226	7	375	711	28	384	1.55e-34	135
g3523.t1	VFG031007(gb|WP_008263658)	30.000	360	226	7	375	711	28	384	2.48e-34	135
g3523.t1	VFG031002(gb|WP_012396554)	36.530	219	130	3	375	585	28	245	3.62e-34	134
g3523.t1	VFG031003(gb|WP_013830615)	38.614	202	122	2	392	592	52	252	1.24e-33	133
g3523.t1	VFG030986(gb|WP_003875682)	38.974	195	117	2	392	585	52	245	1.66e-33	132
g3523.t1	VFG031016(gb|WP_015357393)	36.073	219	131	3	375	585	28	245	1.78e-33	132
g3523.t1	VFG031034(gb|WP_015309552)	30.000	340	219	7	388	711	48	384	1.90e-33	132
g3523.t1	VFG030995(gb|WP_011741754)	36.073	219	131	3	375	585	28	245	9.11e-33	130
g3523.t1	VFG029172(gb|WP_005060526)	25.970	335	226	10	388	704	44	374	2.85e-18	87.4
g3523.t1	VFG044398(gb|AAF33139)	26.667	375	224	11	361	707	155	506	4.80e-18	87.8
g3523.t1	VFG044398(gb|AAF33139)	30.973	113	76	1	214	326	374	484	4.14e-06	50.1
g3523.t1	VFG029181(gb|YP_007957115)	26.000	300	179	8	434	706	95	378	3.99e-14	74.7
g3523.t1	VFG049152(gb|WP_000337350)	24.038	208	147	5	387	589	41	242	3.24e-10	62.4
g3523.t1	VFG043689(gb|WP_000337350)	24.038	208	147	5	387	589	41	242	3.24e-10	62.4
g3523.t1	VFG030960(gb|WP_005064822)	28.228	333	192	13	37	340	31	345	1.65e-08	57.0
g3523.t1	VFG030975(gb|YP_007959530)	28.660	321	188	12	47	341	25	330	2.54e-08	56.2
g3523.t1	VFG030932(gb|NP_218061)	28.660	321	188	12	47	341	25	330	3.11e-08	56.2
g3523.t1	VFG030947(gb|YP_001701366)	28.228	333	192	13	37	340	31	345	3.32e-08	56.2
g3523.t1	VFG030946(gb|WP_003907080)	28.660	321	188	12	47	341	25	330	3.75e-08	55.8
g3523.t1	VFG030963(gb|WP_015291532)	28.660	321	188	12	47	341	25	330	8.65e-08	54.7
g3523.t1	VFG030944(gb|WP_011741755)	25.641	312	201	11	59	345	33	338	1.03e-07	54.3
g3523.t1	VFG030951(gb|WP_012396555)	25.641	312	201	11	59	345	33	338	1.64e-07	53.9
g3523.t1	VFG030965(gb|WP_015357394)	25.321	312	202	11	59	345	33	338	8.20e-07	51.6
g3523.t1	VFG030964(gb|WP_015294488)	25.786	318	199	11	47	340	25	329	1.99e-06	50.4
