g1870.t1	VFG007837(gb|WP_010908855)	99.844	639	1	0	1	639	902	1540	0.0	1284
g1870.t1	VFG022412(gb|WP_012634448)	99.844	639	1	0	1	639	902	1540	0.0	1284
g1870.t1	VFG008857(gb|WP_015291056)	65.789	646	191	12	3	639	914	1538	0.0	777
g1870.t1	VFG008856(gb|WP_015303643)	65.480	646	193	12	3	639	914	1538	0.0	775
g1870.t1	VFG008858(gb|WP_015294039)	65.789	646	191	12	3	639	914	1538	0.0	774
g1870.t1	VFG007836(gb|WP_011799302)	65.789	646	191	12	3	639	914	1538	0.0	774
g1870.t1	VFG007835(gb|WP_003414835)	65.789	646	191	12	3	639	914	1538	0.0	774
g1870.t1	VFG022409(gb|WP_014001493)	65.789	646	191	12	3	639	914	1538	0.0	773
g1870.t1	VFG008855(gb|WP_015288407)	65.789	646	191	12	3	639	914	1538	0.0	773
g1870.t1	VFG007832(gb|NP_217448)	65.635	646	192	12	3	639	914	1538	0.0	771
g1870.t1	VFG008867(gb|YP_007958938)	65.968	620	185	10	27	639	13	613	0.0	748
g1870.t1	VFG008870(gb|YP_005361486)	66.285	611	178	11	3	606	464	1053	0.0	740
g1870.t1	VFG022407(gb|WP_012393582)	64.706	612	188	8	27	638	941	1524	0.0	726
g1870.t1	VFG008859(gb|WP_041299020)	64.379	612	190	8	27	638	941	1524	0.0	721
g1870.t1	VFG007838(gb|WP_094986977)	64.379	612	190	8	27	638	941	1524	0.0	721
g1870.t1	VFG007843(gb|WP_011855823)	55.032	616	243	10	29	635	989	1579	0.0	612
g1870.t1	VFG007844(gb|WP_011560228)	54.870	616	244	10	29	635	989	1579	0.0	610
g1870.t1	VFG022406(gb|WP_013829146)	56.726	617	234	14	29	635	1001	1594	0.0	600
g1870.t1	VFG023844(gb|WP_013471680)	54.032	620	236	11	29	635	993	1576	0.0	590
g1870.t1	VFG008873(gb|WP_015309623)	54.781	617	255	12	29	639	993	1591	0.0	588
g1870.t1	VFG007839(gb|WP_011894253)	54.032	620	236	11	29	635	993	1576	0.0	588
g1870.t1	VFG007841(gb|WP_011780333)	51.768	622	250	10	29	635	994	1580	0.0	563
g1870.t1	VFG022400(gb|WP_012393583)	53.071	635	242	13	20	638	1000	1594	0.0	563
g1870.t1	VFG008840(gb|WP_015355168)	52.913	635	243	13	20	638	1000	1594	0.0	561
g1870.t1	VFG007829(gb|WP_011740077)	52.913	635	243	13	20	638	1000	1594	0.0	559
g1870.t1	VFG007845(gb|WP_011560226)	47.170	583	272	11	29	604	930	1483	1.57e-142	451
g1870.t1	VFG007842(gb|WP_011780332)	53.608	485	199	10	22	504	926	1386	9.57e-134	431
g1870.t1	VFG007840(gb|WP_011894252)	52.049	488	207	10	19	502	926	1390	3.35e-131	423
g1870.t1	VFG023845(gb|WP_013471679)	52.254	488	205	11	19	502	926	1389	7.40e-131	422
g1870.t1	VFG029835(gb|WP_016341938)	29.881	589	378	13	32	597	968	1544	1.99e-49	186
g1870.t1	VFG029835(gb|WP_016341938)	30.380	395	250	14	253	633	3313	3696	2.88e-23	105
g1870.t1	VFG029835(gb|WP_016341938)	31.034	174	106	7	31	197	2774	2940	4.62e-06	50.1
g1870.t1	VFG029828(gb|YP_001701685)	31.757	592	361	16	32	597	968	1542	2.08e-48	183
g1870.t1	VFG029828(gb|YP_001701685)	30.380	395	250	14	253	633	3311	3694	9.87e-23	103
g1870.t1	VFG029830(gb|WP_013470437)	30.995	613	378	18	13	597	945	1540	7.33e-47	179
g1870.t1	VFG029830(gb|WP_013470437)	30.959	365	237	8	253	609	3308	3665	6.80e-23	104
g1870.t1	VFG029830(gb|WP_013470437)	31.977	172	99	7	31	197	2777	2935	8.59e-06	49.3
g1870.t1	VFG029822(gb|WP_011891406)	30.995	613	378	18	13	597	945	1540	8.10e-47	178
g1870.t1	VFG029822(gb|WP_011891406)	30.959	365	237	8	253	609	3308	3665	7.35e-23	104
g1870.t1	VFG029822(gb|WP_011891406)	31.977	172	99	7	31	197	2777	2935	9.19e-06	49.3
g1870.t1	VFG029831(gb|WP_014711138)	30.099	608	389	17	32	613	966	1563	1.65e-45	174
g1870.t1	VFG029831(gb|WP_014711138)	32.692	364	229	11	253	608	3313	3668	1.54e-28	122
g1870.t1	VFG029833(gb|WP_014379696)	30.099	608	389	17	32	613	966	1563	1.89e-45	174
g1870.t1	VFG029833(gb|WP_014379696)	32.692	364	229	11	253	608	3313	3668	1.83e-28	122
g1870.t1	VFG029820(gb|WP_010949525)	30.271	479	318	8	128	597	1058	1529	2.51e-45	174
g1870.t1	VFG029820(gb|WP_010949525)	30.579	363	238	8	253	608	3293	3648	2.68e-19	93.2
g1870.t1	VFG029821(gb|WP_011724326)	30.063	479	319	8	128	597	1058	1529	4.99e-45	173
g1870.t1	VFG029821(gb|WP_011724326)	30.168	358	237	7	253	603	3293	3644	9.96e-20	94.4
g1870.t1	VFG029832(gb|WP_014382190)	30.213	609	387	15	32	613	966	1563	1.18e-44	172
g1870.t1	VFG029832(gb|WP_014382190)	32.240	366	228	11	253	608	3313	3668	3.12e-28	121
g1870.t1	VFG029827(gb|WP_011777591)	30.977	481	316	9	128	597	1065	1540	1.44e-42	166
g1870.t1	VFG029827(gb|WP_011777591)	30.027	373	241	9	253	616	3296	3657	8.84e-26	113
g1870.t1	VFG029823(gb|WP_011726922)	30.426	493	300	12	128	597	1063	1535	5.00e-42	164
g1870.t1	VFG029823(gb|WP_011726922)	30.894	369	240	9	248	608	3289	3650	2.31e-23	105
g1870.t1	VFG029825(gb|WP_041309443)	30.943	488	314	10	128	597	1066	1548	1.52e-41	162
g1870.t1	VFG029825(gb|WP_041309443)	30.362	359	235	9	253	603	3306	3657	6.40e-26	114
g1870.t1	VFG029825(gb|WP_041309443)	32.558	172	98	7	31	197	2765	2923	5.76e-07	53.1
g1870.t1	VFG029838(gb|WP_015304256)	30.197	457	302	10	152	597	1088	1538	4.28e-38	152
g1870.t1	VFG029838(gb|WP_015304256)	29.201	363	242	9	253	607	3288	3643	6.03e-22	101
g1870.t1	VFG024735(gb|WP_012393570)	31.880	367	232	6	253	603	1717	2081	6.45e-37	148
g1870.t1	VFG024740(gb|WP_011740063)	31.335	367	234	6	253	603	1717	2081	3.66e-36	145
g1870.t1	VFG009414(gb|WP_173812288)	27.787	601	385	20	24	602	2750	3323	5.88e-36	145
g1870.t1	VFG009414(gb|WP_173812288)	27.787	601	385	20	24	602	4289	4862	5.88e-36	145
g1870.t1	VFG009414(gb|WP_173812288)	27.586	493	324	13	145	621	13401	13876	3.10e-33	137
g1870.t1	VFG009414(gb|WP_173812288)	27.004	474	313	13	145	602	6205	6661	9.78e-31	129
g1870.t1	VFG009414(gb|WP_173812288)	27.004	474	313	13	145	602	8004	8460	9.78e-31	129
g1870.t1	VFG009414(gb|WP_173812288)	27.004	474	313	13	145	602	9803	10259	9.78e-31	129
g1870.t1	VFG009414(gb|WP_173812288)	27.004	474	313	13	145	602	11602	12058	9.78e-31	129
g1870.t1	VFG009414(gb|WP_173812288)	26.793	474	314	13	145	602	1328	1784	4.06e-30	127
g1870.t1	VFG009412(gb|WP_011178521)	27.787	601	385	20	24	602	10609	11182	7.40e-36	145
g1870.t1	VFG009412(gb|WP_011178521)	27.443	481	316	13	145	609	16440	16903	6.64e-32	133
g1870.t1	VFG009412(gb|WP_011178521)	27.696	473	309	13	145	601	7073	7528	3.95e-31	130
g1870.t1	VFG009412(gb|WP_011178521)	27.004	474	313	13	145	602	12519	12975	9.00e-31	129
g1870.t1	VFG009412(gb|WP_011178521)	26.793	474	314	13	145	602	1342	1798	3.84e-30	127
g1870.t1	VFG009412(gb|WP_011178521)	26.793	474	314	13	145	602	3147	3603	3.84e-30	127
g1870.t1	VFG009412(gb|WP_011178521)	28.421	380	248	10	237	601	14719	15089	3.33e-24	108
g1870.t1	VFG009412(gb|WP_011178521)	27.559	381	252	10	237	602	5353	5724	1.24e-23	107
g1870.t1	VFG009412(gb|WP_011178521)	27.559	381	252	10	237	602	9272	9643	2.07e-23	106
g1870.t1	VFG015870(gb|WP_011105122)	30.214	513	312	16	145	635	1326	1814	7.66e-36	145
g1870.t1	VFG029280(gb|WP_015355158)	31.608	367	233	6	253	603	1717	2081	7.70e-36	145
g1870.t1	VFG026442(gb|ACA57618)	29.176	449	284	13	171	602	2899	3330	1.21e-34	141
g1870.t1	VFG026442(gb|ACA57618)	29.176	449	284	13	171	602	4440	4871	1.21e-34	141
g1870.t1	VFG026442(gb|ACA57618)	27.383	493	325	13	145	621	11637	12112	2.73e-32	134
g1870.t1	VFG026442(gb|ACA57618)	27.484	473	310	13	145	601	1334	1789	4.71e-31	130
g1870.t1	VFG026442(gb|ACA57618)	26.793	474	314	13	145	602	6222	6678	7.87e-31	129
g1870.t1	VFG026442(gb|ACA57618)	26.793	474	314	13	145	602	8027	8483	7.87e-31	129
g1870.t1	VFG026442(gb|ACA57618)	26.793	474	314	13	145	602	9832	10288	7.87e-31	129
g1870.t1	VFG026440(gb|ACA57625)	29.176	449	284	13	171	602	10752	11183	2.20e-34	140
g1870.t1	VFG026440(gb|ACA57625)	27.443	481	316	13	145	609	16469	16932	3.97e-32	134
g1870.t1	VFG026440(gb|ACA57625)	27.696	473	309	13	145	601	3146	3601	1.81e-31	131
g1870.t1	VFG026440(gb|ACA57625)	27.484	473	310	13	145	601	1342	1797	5.83e-31	130
g1870.t1	VFG026440(gb|ACA57625)	27.484	473	310	13	145	601	7073	7528	5.83e-31	130
g1870.t1	VFG026440(gb|ACA57625)	26.793	474	314	13	145	602	12538	12994	1.35e-30	129
g1870.t1	VFG026440(gb|ACA57625)	27.822	381	251	10	237	602	5351	5722	1.56e-24	109
g1870.t1	VFG026440(gb|ACA57625)	28.421	380	248	10	237	601	9272	9642	7.10e-24	107
g1870.t1	VFG026440(gb|ACA57625)	28.158	380	249	10	237	601	14750	15120	8.45e-24	107
g1870.t1	VFG024736(gb|WP_044501805)	29.589	365	233	6	253	598	1716	2075	6.26e-32	132
g1870.t1	VFG024730(gb|NP_217462)	29.589	365	233	6	253	598	1227	1586	6.29e-32	132
g1870.t1	VFG024721(gb|WP_041180293)	29.589	365	233	6	253	598	1718	2077	6.55e-32	132
g1870.t1	VFG029283(gb|WP_151223887)	29.589	365	233	6	253	598	1227	1586	6.76e-32	132
g1870.t1	VFG029278(gb|WP_041181569)	29.589	365	233	6	253	598	1718	2077	6.90e-32	132
g1870.t1	VFG029277(gb|WP_041179942)	29.589	365	233	6	253	598	1718	2077	6.90e-32	132
g1870.t1	VFG024733(gb|WP_039847076)	29.589	365	233	6	253	598	1716	2075	1.01e-31	132
g1870.t1	VFG029279(gb|WP_041180907)	30.137	365	231	7	253	598	1718	2077	1.29e-31	132
g1870.t1	VFG024738(gb|WP_010907554)	29.589	365	233	6	253	598	1714	2073	3.04e-30	127
g1870.t1	VFG007828(gb|WP_010908856)	28.000	650	373	21	25	638	1273	1863	3.65e-29	124
g1870.t1	VFG009413(gb|WP_011178520)	28.250	400	263	10	237	621	1766	2156	2.93e-26	115
g1870.t1	VFG026441(gb|WP_012552884)	28.000	400	264	10	237	621	1766	2156	7.11e-25	110
g1870.t1	VFG015869(gb|WP_057443300)	28.753	393	262	8	237	616	2222	2609	2.14e-24	109
g1870.t1	VFG023846(gb|WP_013471678)	26.049	453	312	9	146	590	1320	1757	2.61e-23	105
g1870.t1	VFG007864(gb|WP_011894251)	26.049	453	312	9	146	590	1320	1757	4.40e-23	105
g1870.t1	VFG007826(gb|WP_010950800)	29.258	458	259	17	170	598	1412	1833	1.40e-22	103
g1870.t1	VFG008843(gb|WP_003902374)	29.258	458	259	17	170	598	1412	1833	1.45e-22	103
g1870.t1	VFG008994(gb|WP_014001492)	29.258	458	259	17	170	598	1412	1833	1.54e-22	103
g1870.t1	VFG022401(gb|WP_013988961)	29.258	458	259	17	170	598	1412	1833	1.55e-22	103
g1870.t1	VFG008847(gb|WP_003900598)	29.258	458	259	17	170	598	1412	1833	1.57e-22	103
g1870.t1	VFG008995(gb|WP_015303642)	29.258	458	259	17	170	598	1412	1833	1.61e-22	103
g1870.t1	VFG007823(gb|NP_217447)	29.258	458	259	17	170	598	1412	1833	1.61e-22	103
g1870.t1	VFG007825(gb|WP_003917710)	29.258	458	259	17	170	598	1412	1833	1.71e-22	103
g1870.t1	VFG008996(gb|WP_015291055)	29.258	458	259	17	170	598	1412	1833	2.66e-22	102
g1870.t1	VFG008839(gb|WP_015294038)	28.947	456	263	16	170	598	1412	1833	5.97e-22	101
g1870.t1	VFG007862(gb|WP_010908853)	25.763	590	376	14	22	594	1229	1773	6.92e-22	101
g1870.t1	VFG029829(gb|WP_014000873)	27.763	389	239	9	265	635	1709	2073	1.71e-21	100
g1870.t1	VFG029273(gb|YP_005924086)	28.182	330	212	7	253	562	1227	1551	1.09e-20	97.4
g1870.t1	VFG008795(gb|WP_003901497)	25.067	375	257	6	233	601	1744	2100	1.17e-20	97.4
g1870.t1	VFG008795(gb|WP_003901497)	27.419	248	144	10	21	240	1173	1412	6.34e-06	49.7
g1870.t1	VFG022413(gb|WP_181013047)	26.989	352	239	6	257	601	1819	2159	6.24e-20	95.1
g1870.t1	VFG007865(gb|WP_011780331)	26.049	453	311	9	148	593	1324	1759	1.23e-19	94.0
g1870.t1	VFG007855(gb|WP_162292826)	26.989	352	239	6	257	601	1819	2159	1.28e-19	94.0
g1870.t1	VFG007855(gb|WP_162292826)	27.488	211	124	7	25	217	1240	1439	1.50e-06	51.6
g1870.t1	VFG008878(gb|WP_162143265)	26.989	352	239	6	257	601	1819	2159	1.32e-19	94.0
g1870.t1	VFG008878(gb|WP_162143265)	27.488	211	124	7	25	217	1240	1439	1.37e-06	51.6
g1870.t1	VFG022442(gb|WP_003910676)	24.800	375	258	6	233	601	1744	2100	1.37e-19	94.0
g1870.t1	VFG022442(gb|WP_003910676)	27.419	248	144	10	21	240	1173	1412	6.39e-06	49.7
g1870.t1	VFG007893(gb|WP_010950802)	24.800	375	258	6	233	601	1744	2100	1.38e-19	94.0
g1870.t1	VFG007893(gb|WP_010950802)	27.419	248	144	10	21	240	1173	1412	6.67e-06	49.7
g1870.t1	VFG001408(gb|NP_217456)	24.800	375	258	6	233	601	1744	2100	1.44e-19	94.0
g1870.t1	VFG001408(gb|NP_217456)	27.419	248	144	10	21	240	1173	1412	6.56e-06	49.7
g1870.t1	VFG007895(gb|WP_010907558)	24.852	338	230	6	272	603	1781	2100	1.80e-19	93.6
g1870.t1	VFG008891(gb|WP_015303645)	27.571	457	309	10	147	594	1335	1778	1.82e-19	93.6
g1870.t1	VFG007856(gb|WP_011855822)	55.952	84	37	0	517	600	1086	1169	1.97e-19	93.2
g1870.t1	VFG007856(gb|WP_011855822)	29.655	145	83	4	51	192	930	1058	3.33e-07	53.5
g1870.t1	VFG008890(gb|WP_015288409)	27.571	457	309	10	147	594	1335	1778	2.13e-19	93.2
g1870.t1	VFG022421(gb|WP_014001495)	27.571	457	309	10	147	594	1335	1778	2.24e-19	93.2
g1870.t1	VFG008875(gb|WP_015303644)	25.654	382	265	7	252	627	1800	2168	2.66e-19	92.8
g1870.t1	VFG008790(gb|WP_015291064)	25.298	336	227	6	272	601	1783	2100	2.75e-19	92.8
g1870.t1	VFG008789(gb|WP_015303649)	25.298	336	227	6	272	601	1783	2100	2.80e-19	92.8
g1870.t1	VFG008788(gb|WP_014001497)	25.298	336	227	6	272	601	1783	2100	2.85e-19	92.8
g1870.t1	VFG008788(gb|WP_014001497)	27.419	248	144	10	21	240	1173	1412	7.08e-06	49.3
g1870.t1	VFG008892(gb|WP_015291058)	27.571	457	309	10	147	594	1335	1778	2.90e-19	92.8
g1870.t1	VFG007860(gb|WP_010950801)	26.974	456	313	10	147	594	1335	1778	2.93e-19	92.8
g1870.t1	VFG008791(gb|WP_015294046)	25.298	336	227	6	272	601	1783	2100	2.97e-19	92.8
g1870.t1	VFG008791(gb|WP_015294046)	27.419	248	144	10	21	240	1173	1412	9.70e-06	48.9
g1870.t1	VFG008897(gb|WP_015575260)	26.974	456	313	10	147	594	1335	1778	3.03e-19	92.8
g1870.t1	VFG007857(gb|NP_217450)	26.974	456	313	10	147	594	1335	1778	3.19e-19	92.8
g1870.t1	VFG008877(gb|WP_015294040)	25.654	382	265	7	252	627	1800	2168	3.21e-19	92.8
g1870.t1	VFG007849(gb|NP_217449)	25.654	382	265	7	252	627	1800	2168	3.35e-19	92.8
g1870.t1	VFG007851(gb|WP_003899548)	25.654	382	265	7	252	627	1800	2168	3.53e-19	92.4
g1870.t1	VFG022415(gb|WP_014001494)	25.654	382	265	7	252	627	1800	2168	3.75e-19	92.4
g1870.t1	VFG008874(gb|WP_015288408)	25.654	382	265	7	252	627	1800	2168	3.81e-19	92.4
g1870.t1	VFG008571(gb|WP_019305992)	26.946	334	225	6	272	603	1762	2078	4.19e-19	92.4
g1870.t1	VFG008571(gb|WP_019305992)	28.000	225	143	7	27	240	1175	1391	3.55e-06	50.4
g1870.t1	VFG008012(gb|WP_040963265)	26.946	334	225	6	272	603	1762	2078	4.19e-19	92.4
g1870.t1	VFG008012(gb|WP_040963265)	28.000	225	143	7	27	240	1175	1391	3.58e-06	50.4
g1870.t1	VFG008907(gb|WP_015309621)	25.740	439	296	8	147	576	1321	1738	4.30e-19	92.0
g1870.t1	VFG008893(gb|WP_015294041)	26.974	456	313	10	147	594	1335	1778	4.66e-19	92.0
g1870.t1	VFG022420(gb|WP_013988962)	26.974	456	313	10	147	594	1335	1778	5.83e-19	91.7
g1870.t1	VFG008884(gb|WP_009938592)	26.098	387	257	9	252	627	1800	2168	5.92e-19	91.7
g1870.t1	VFG007847(gb|WP_011560227)	54.762	84	38	0	517	600	1086	1169	6.72e-19	91.3
g1870.t1	VFG007847(gb|WP_011560227)	30.345	145	82	4	51	192	930	1058	1.36e-07	55.1
g1870.t1	VFG007896(gb|WP_011740068)	24.800	375	262	6	233	603	1733	2091	6.97e-19	91.7
g1870.t1	VFG022441(gb|WP_012393574)	24.800	375	262	6	233	603	1733	2091	7.80e-19	91.3
g1870.t1	VFG008792(gb|WP_015355162)	23.636	385	254	8	233	603	1733	2091	1.12e-18	90.9
g1870.t1	VFG008876(gb|WP_015291057)	25.526	380	268	6	252	627	1800	2168	2.33e-18	89.7
g1870.t1	VFG008556(gb|WP_005116844)	27.350	351	209	11	269	603	1765	2085	7.13e-18	88.2
g1870.t1	VFG008011(gb|WP_011799379)	27.778	342	215	10	269	597	1787	2109	2.28e-17	86.7
g1870.t1	VFG008007(gb|NP_218342)	27.778	342	215	10	269	597	1787	2109	2.30e-17	86.7
g1870.t1	VFG017388(gb|WP_012054382)	27.778	342	215	10	269	597	1787	2109	2.32e-17	86.7
g1870.t1	VFG026575(gb|WP_158022910)	25.000	452	312	11	151	597	597	1026	3.04e-17	85.9
g1870.t1	VFG022716(gb|YP_001702854)	25.221	452	311	11	151	597	576	1005	3.97e-17	85.5
g1870.t1	VFG008552(gb|WP_015288649)	27.485	342	216	10	269	597	1787	2109	8.15e-17	85.1
g1870.t1	VFG008554(gb|WP_015291763)	27.485	342	216	10	269	597	1787	2109	9.11e-17	84.7
g1870.t1	VFG008554(gb|WP_015291763)	29.825	228	136	10	24	238	1200	1416	7.65e-06	49.3
g1870.t1	VFG026581(gb|WP_153995320)	24.779	452	313	11	151	597	597	1026	1.31e-16	84.0
g1870.t1	VFG008555(gb|WP_014001984)	27.193	342	217	10	269	597	1787	2109	1.75e-16	84.0
g1870.t1	VFG008555(gb|WP_014001984)	29.825	228	136	10	24	238	1200	1416	8.33e-06	49.3
g1870.t1	VFG022419(gb|WP_012393580)	25.333	450	322	7	148	594	1325	1763	2.34e-16	83.6
g1870.t1	VFG008894(gb|WP_015355165)	25.333	450	322	7	148	594	1325	1763	2.91e-16	83.2
g1870.t1	VFG007854(gb|WP_010908854)	26.203	374	258	7	271	639	1832	2192	3.05e-16	83.2
g1870.t1	VFG007854(gb|WP_010908854)	27.468	233	148	8	10	224	1216	1445	6.79e-07	52.8
g1870.t1	VFG007831(gb|WP_011780335)	24.619	459	289	10	170	603	1377	1803	5.41e-16	82.4
g1870.t1	VFG022425(gb|WP_013829144)	25.817	612	363	17	45	612	1242	1806	5.55e-16	82.0
g1870.t1	VFG022715(gb|WP_012395310)	26.190	462	302	11	144	600	594	1021	4.36e-15	79.0
g1870.t1	VFG022426(gb|WP_081465655)	24.035	570	381	15	108	639	1248	1803	4.53e-15	79.3
g1870.t1	VFG009504(gb|WP_011741376)	25.974	462	303	11	144	600	594	1021	1.18e-14	77.8
g1870.t1	VFG026580(gb|WP_015356485)	25.974	462	303	11	144	600	594	1021	1.28e-14	77.4
g1870.t1	VFG023843(gb|WP_013471682)	24.776	557	330	19	108	631	1325	1825	1.40e-14	77.8
g1870.t1	VFG007830(gb|WP_011894255)	24.035	570	318	20	108	631	1317	1817	1.79e-14	77.4
g1870.t1	VFG026579(gb|WP_015293657)	26.549	452	274	17	141	576	556	965	2.48e-14	76.6
g1870.t1	VFG001822(gb|NP_216897)	26.549	452	274	17	141	576	556	965	2.54e-14	76.6
g1870.t1	VFG022718(gb|WP_014001246)	26.549	452	274	17	141	576	556	965	2.68e-14	76.6
g1870.t1	VFG008134(gb|WP_011560512)	25.513	341	217	7	272	601	1761	2075	5.54e-14	75.9
g1870.t1	VFG026577(gb|WP_015303461)	26.039	457	270	15	141	576	556	965	8.49e-14	74.7
g1870.t1	VFG009508(gb|WP_011856107)	26.432	454	269	10	143	580	548	952	1.01e-13	74.7
g1870.t1	VFG026099(gb|WP_011402028)	24.924	329	231	6	294	612	2178	2500	1.04e-13	75.1
g1870.t1	VFG026099(gb|WP_011402028)	35.577	104	56	3	134	235	1671	1765	6.16e-07	52.8
g1870.t1	VFG008854(gb|WP_015309622)	24.558	452	289	12	169	601	1305	1723	1.69e-13	74.3
g1870.t1	VFG007863(gb|WP_011740074)	23.077	468	310	7	148	594	1325	1763	2.07e-13	73.9
g1870.t1	VFG009503(gb|WP_011724534)	26.801	347	221	9	257	597	658	977	2.21e-13	73.6
g1870.t1	VFG026578(gb|WP_041181524)	25.934	455	273	14	141	576	555	964	3.03e-13	73.2
g1870.t1	VFG009502(gb|WP_003878343)	26.513	347	222	9	257	597	658	977	6.43e-13	72.0
g1870.t1	VFG009509(gb|WP_011560850)	26.374	455	268	11	143	580	548	952	1.50e-12	70.9
g1870.t1	VFG026589(gb|YP_007958421)	29.502	261	164	8	178	431	596	843	4.35e-12	69.3
g1870.t1	VFG024012(gb|WP_014379794)	24.318	440	296	11	167	597	569	980	1.60e-11	67.4
g1870.t1	VFG024007(gb|WP_013471369)	26.380	326	196	9	257	580	649	932	4.02e-11	66.2
g1870.t1	VFG009506(gb|WP_011893575)	26.074	326	197	9	257	580	649	932	8.63e-11	65.1
g1870.t1	VFG026594(gb|WP_041320903)	23.744	438	301	10	167	597	569	980	9.34e-11	65.1
g1870.t1	VFG026088(gb|WP_011694168)	26.022	269	187	7	332	593	2216	2479	9.39e-11	65.5
g1870.t1	VFG026088(gb|WP_011694168)	37.838	111	58	3	130	235	1665	1769	1.43e-07	55.1
g1870.t1	VFG026087(gb|WP_011544664)	26.022	269	187	7	332	593	2216	2479	9.47e-11	65.5
g1870.t1	VFG026087(gb|WP_011544664)	45.714	70	34	1	130	195	1665	1734	1.46e-07	55.1
g1870.t1	VFG026090(gb|WP_012327964)	26.022	269	187	7	332	593	2217	2480	9.80e-11	65.5
g1870.t1	VFG026090(gb|WP_012327964)	45.714	70	34	1	130	195	1666	1735	1.54e-07	55.1
g1870.t1	VFG048581(gb|WP_014907268)	23.222	478	320	13	136	599	1447	1891	1.34e-10	64.7
g1870.t1	VFG026089(gb|WP_006484972)	26.022	269	187	6	332	593	2219	2482	1.74e-10	64.3
g1870.t1	VFG026089(gb|WP_006484972)	38.739	111	57	3	130	235	1668	1772	7.54e-08	55.8
g1870.t1	VFG016180(gb|WP_011104106)	27.483	302	210	7	140	438	1447	1742	3.30e-10	63.5
g1870.t1	VFG008560(gb|YP_007963740)	27.848	237	146	8	370	597	1	221	4.07e-10	60.5
g1870.t1	VFG044329(gb|WP_015874964)	23.173	479	319	13	136	599	1447	1891	4.41e-10	63.2
g1870.t1	VFG003503(gb|WP_011816642)	22.803	478	322	13	136	599	1445	1889	4.68e-10	63.2
g1870.t1	VFG034120(gb|WP_000369487)	23.173	479	319	13	136	599	1447	1891	6.42e-10	62.8
g1870.t1	VFG034109(gb|WP_000369490)	23.173	479	319	13	136	599	1447	1891	6.81e-10	62.4
g1870.t1	VFG046113(gb|WP_046072849)	23.173	479	319	13	136	599	1447	1891	7.23e-10	62.4
g1870.t1	VFG012552(gb|WP_000369530)	23.173	479	319	13	136	599	1447	1891	7.61e-10	62.4
g1870.t1	VFG012553(gb|WP_000369484)	23.173	479	319	13	136	599	1447	1891	7.67e-10	62.4
g1870.t1	VFG034113(gb|WP_000369525)	23.173	479	319	13	136	599	1447	1891	7.81e-10	62.4
g1870.t1	VFG034121(gb|WP_000369485)	23.173	479	319	13	136	599	1447	1891	7.87e-10	62.4
g1870.t1	VFG034125(gb|WP_000369506)	23.173	479	319	13	136	599	1447	1891	8.01e-10	62.4
g1870.t1	VFG034118(gb|WP_000369492)	23.173	479	319	13	136	599	1447	1891	8.01e-10	62.4
g1870.t1	VFG003118(gb|WP_011171835)	23.173	479	319	13	136	599	1447	1891	8.36e-10	62.4
g1870.t1	VFG009505(gb|WP_011729887)	25.403	559	336	16	62	597	486	986	8.41e-10	62.0
g1870.t1	VFG000362(gb|WP_002212777)	23.173	479	319	13	136	599	1447	1891	8.57e-10	62.4
g1870.t1	VFG045840(gb|WP_000369500)	23.173	479	319	13	136	599	1447	1891	8.57e-10	62.4
g1870.t1	VFG034115(gb|WP_000369515)	23.173	479	319	13	136	599	1447	1891	8.57e-10	62.4
g1870.t1	VFG003384(gb|WP_011192136)	23.173	479	319	13	136	599	1447	1891	8.65e-10	62.4
g1870.t1	VFG034122(gb|WP_000369471)	23.173	479	319	13	136	599	1447	1891	8.95e-10	62.0
g1870.t1	VFG034114(gb|WP_000369472)	23.173	479	319	13	136	599	1447	1891	9.02e-10	62.0
g1870.t1	VFG034124(gb|WP_000369473)	23.173	479	319	13	136	599	1447	1891	9.26e-10	62.0
g1870.t1	VFG048582(gb|YP_005227767)	23.173	479	319	13	136	599	1447	1891	9.74e-10	62.0
g1870.t1	VFG024009(gb|WP_008255558)	24.194	372	256	8	229	597	632	980	1.10e-09	61.6
g1870.t1	VFG024008(gb|WP_014941689)	24.194	372	256	8	229	597	632	980	1.19e-09	61.6
g1870.t1	VFG024010(gb|WP_014382295)	24.194	372	256	8	229	597	632	980	1.22e-09	61.6
g1870.t1	VFG020297(gb|WP_012413640)	23.173	479	319	13	136	599	1447	1891	1.39e-09	61.6
g1870.t1	VFG026096(gb|WP_004527662)	25.896	251	174	6	332	575	2220	2465	2.36e-09	60.8
g1870.t1	VFG026096(gb|WP_004527662)	39.326	89	45	2	149	235	1692	1773	1.25e-07	55.1
g1870.t1	VFG002548(gb|WP_004550042)	25.896	251	174	6	332	575	2220	2465	2.44e-09	60.8
g1870.t1	VFG002548(gb|WP_004550042)	39.326	89	45	2	149	235	1692	1773	1.22e-07	55.1
g1870.t1	VFG034119(gb|WP_000369498)	22.965	479	320	13	136	599	1447	1891	2.68e-09	60.5
g1870.t1	VFG016181(gb|WP_011168854)	27.124	306	205	9	140	436	1450	1746	4.40e-09	60.1
g1870.t1	VFG026095(gb|WP_004535489)	25.498	251	175	6	332	575	2220	2465	7.70e-09	59.3
g1870.t1	VFG026095(gb|WP_004535489)	39.326	89	45	2	149	235	1692	1773	1.62e-07	54.7
g1870.t1	VFG026091(gb|WP_004194140)	25.498	251	175	6	332	575	2220	2465	7.90e-09	58.9
g1870.t1	VFG026091(gb|WP_004194140)	39.326	89	45	2	149	235	1692	1773	1.19e-07	55.1
g1870.t1	VFG026092(gb|WP_004202217)	25.498	251	175	6	332	575	2220	2465	7.96e-09	58.9
g1870.t1	VFG026092(gb|WP_004202217)	39.326	89	45	2	149	235	1692	1773	1.19e-07	55.1
g1870.t1	VFG026097(gb|WP_011852139)	25.498	251	175	6	332	575	2220	2465	8.82e-09	58.9
g1870.t1	VFG026097(gb|WP_011852139)	39.326	89	45	2	149	235	1692	1773	1.64e-07	54.7
g1870.t1	VFG044300(gb|WP_012368440)	21.294	479	340	12	145	603	1357	1818	3.81e-08	57.0
g1870.t1	VFG022721(gb|WP_013828477)	25.899	417	264	11	167	577	562	939	9.52e-08	55.5
g1870.t1	VFG048580(gb|WP_014838502)	23.340	467	307	16	150	599	1454	1886	3.28e-07	53.9
g1870.t1	VFG009507(gb|WP_011781014)	28.239	301	186	10	178	467	584	865	6.28e-06	49.3
g1870.t1	VFG029285(gb|WP_015303654)	29.464	112	79	0	522	633	540	651	6.51e-06	49.3
