g110.t1	VFG026173(gb|WP_011852143)	36.697	327	187	8	2	311	4	327	5.99e-62	200
g110.t1	VFG002556(gb|WP_004194087)	36.697	327	187	8	2	311	4	327	1.23e-61	199
g110.t1	VFG020305(gb|WP_012413523)	31.454	337	205	8	2	315	3	336	7.94e-46	158
g110.t1	VFG011690(gb|WP_002867271)	31.212	330	201	8	5	311	7	333	8.89e-44	153
g110.t1	VFG011700(gb|WP_002869408)	30.723	332	201	11	5	311	7	334	4.43e-39	140
g110.t1	VFG017751(gb|WP_011990754)	30.120	332	204	10	5	311	7	335	1.88e-38	139
g110.t1	VFG023786(gb|WP_201773597)	27.171	357	212	7	5	316	9	362	1.42e-29	115
g110.t1	VFG048885(gb|WP_014907227)	26.879	346	207	7	2	304	6	348	1.33e-27	110
g110.t1	VFG003402(gb|WP_011191888)	25.439	342	211	6	5	304	7	346	1.24e-25	105
g110.t1	VFG002365(gb|WP_005167740)	26.087	345	211	6	2	304	3	345	1.53e-25	104
g110.t1	VFG002225(gb|WP_002963680)	26.471	340	200	8	5	304	7	336	1.56e-24	101
g110.t1	VFG019216(gb|WP_006072304)	26.471	340	200	8	5	304	7	336	1.61e-24	101
g110.t1	VFG037923(gb|WP_000699387)	27.193	342	211	9	1	313	1	333	2.52e-24	101
g110.t1	VFG013370(gb|WP_005651396)	24.633	341	221	6	1	312	1	334	2.08e-23	98.2
g110.t1	VFG013371(gb|WP_005648212)	24.340	341	222	6	1	312	1	334	6.24e-23	97.1
g110.t1	VFG000321(gb|WP_000659810)	25.496	353	211	7	5	307	8	358	9.01e-23	97.1
g110.t1	VFG026320(gb|WP_009889301)	30.421	309	194	10	2	306	3	294	5.08e-22	94.0
g110.t1	VFG013368(gb|WP_005693225)	24.340	341	228	5	1	315	2	338	1.80e-21	92.8
g110.t1	VFG048840(gb|WP_015958698)	27.719	285	182	5	1	268	1	278	3.37e-21	92.4
g110.t1	VFG014119(gb|WP_012075025)	25.625	320	213	8	2	308	3	310	3.78e-21	92.0
g110.t1	VFG048834(gb|WP_014230060)	27.273	286	182	6	1	268	1	278	3.80e-20	89.4
g110.t1	VFG048833(gb|WP_014838944)	24.854	342	219	7	1	312	1	334	9.33e-20	88.2
g110.t1	VFG049107(gb|WP_015958694)	27.899	276	176	6	1	258	1	271	2.38e-19	87.0
g110.t1	VFG007659(gb|WP_011261022)	26.190	336	214	7	1	308	1	330	3.38e-19	87.0
g110.t1	VFG026325(gb|WP_009889299)	25.378	331	200	9	5	299	7	326	6.11e-19	85.9
g110.t1	VFG048837(gb|YP_005227858)	26.449	276	180	5	1	258	1	271	7.84e-19	85.9
g110.t1	VFG047020(gb|WP_012429801)	26.481	287	182	7	2	267	22	300	3.30e-18	84.0
g110.t1	VFG047017(gb|WP_012280626)	25.904	332	205	11	2	305	7	325	3.31e-18	83.6
g110.t1	VFG013372(gb|WP_010944658)	26.852	324	199	10	1	294	1	316	7.88e-18	82.8
g110.t1	VFG048986(gb|WP_004144150)	24.709	344	209	12	1	309	1	329	1.16e-17	82.0
g110.t1	VFG049098(gb|WP_014838941)	24.855	346	208	12	1	310	1	330	1.38e-17	82.0
g110.t1	VFG011200(gb|WP_003807090)	29.874	318	189	14	2	309	3	296	2.09e-17	81.3
g110.t1	VFG047024(gb|WP_014548761)	26.132	287	182	8	2	267	7	284	2.10e-17	81.3
g110.t1	VFG047023(gb|WP_003030216)	26.224	286	183	7	2	267	7	284	2.46e-17	81.3
g110.t1	VFG047032(gb|WP_013922615)	25.301	332	207	11	2	305	6	324	2.95e-17	80.9
g110.t1	VFG047022(gb|WP_003029663)	25.874	286	184	7	2	267	7	284	4.51e-17	80.5
g110.t1	VFG047018(gb|WP_010030795)	25.874	286	184	7	2	267	7	284	4.55e-17	80.5
g110.t1	VFG013373(gb|WP_011608862)	26.689	296	193	8	1	279	1	289	9.51e-17	79.7
g110.t1	VFG047027(gb|WP_014550111)	26.224	286	183	7	2	267	13	290	1.12e-16	79.3
g110.t1	VFG013369(gb|WP_011272256)	24.138	319	204	6	3	291	8	318	1.16e-16	79.3
g110.t1	VFG013164(gb|WP_012340298)	26.689	296	193	8	1	279	1	289	1.41e-16	79.0
g110.t1	VFG049099(gb|WP_014230054)	24.855	346	208	12	1	310	1	330	1.49e-16	79.0
g110.t1	VFG047031(gb|WP_014714817)	26.357	258	164	6	2	239	7	258	2.46e-16	78.2
g110.t1	VFG045306(gb|WP_010946495)	23.209	349	223	10	2	318	24	359	2.70e-15	75.5
g110.t1	VFG048981(gb|WP_004144152)	23.837	344	212	12	1	309	1	329	1.72e-14	72.8
g110.t1	VFG017987(gb|WP_012006774)	28.177	181	123	4	2	179	3	179	1.07e-13	70.5
g110.t1	VFG002376(gb|WP_005167723)	32.738	168	101	3	2	160	11	175	3.73e-13	69.3
g110.t1	VFG007658(gb|WP_011149273)	26.331	338	211	9	1	308	1	330	5.51e-13	68.6
g110.t1	VFG047143(gb|WP_011733708)	26.061	330	199	12	5	311	16	323	7.66e-13	68.2
g110.t1	VFG047144(gb|WP_010030803)	26.837	313	184	12	5	294	16	306	8.36e-13	67.8
g110.t1	VFG047147(gb|WP_003027881)	26.837	313	184	12	5	294	16	306	8.76e-13	67.8
g110.t1	VFG005862(gb|WP_009659423)	23.647	351	209	15	2	314	6	335	2.81e-12	66.6
g110.t1	VFG003393(gb|WP_011191880)	31.183	186	105	6	2	169	11	191	3.34e-12	66.2
g110.t1	VFG018666(gb|WP_012000428)	23.647	351	209	15	2	314	6	335	3.48e-12	66.2
g110.t1	VFG038016(gb|WP_001083066)	23.708	329	222	10	2	309	16	336	3.64e-12	66.2
g110.t1	VFG047149(gb|WP_003029668)	26.518	313	185	12	5	294	16	306	3.76e-12	65.9
g110.t1	VFG003127(gb|WP_002229992)	31.183	186	105	6	2	169	11	191	6.37e-12	65.5
g110.t1	VFG011202(gb|WP_003807092)	24.444	315	209	9	1	308	1	293	7.59e-12	65.1
g110.t1	VFG037918(gb|WP_001077698)	29.231	195	109	7	2	177	16	200	2.73e-11	63.5
g110.t1	VFG002374(gb|WP_005167728)	22.295	305	215	9	1	301	1	287	3.31e-11	62.8
g110.t1	VFG017359(gb|WP_012304495)	31.551	187	103	8	2	169	11	191	3.91e-11	63.2
g110.t1	VFG016309(gb|WP_001084641)	23.009	339	214	9	3	312	4	324	5.87e-11	62.4
g110.t1	VFG016310(gb|WP_001084646)	23.009	339	214	9	3	312	4	324	6.04e-11	62.4
g110.t1	VFG016308(gb|WP_001084666)	23.009	339	214	9	3	312	4	324	6.32e-11	62.4
g110.t1	VFG019782(gb|WP_003163315)	30.208	192	111	6	2	177	16	200	6.45e-11	62.4
g110.t1	VFG018022(gb|WP_002877123)	27.372	274	172	11	1	259	1	262	8.02e-11	62.0
g110.t1	VFG050191(gb|WP_001084667)	23.077	338	213	9	3	311	4	323	8.82e-11	62.0
g110.t1	VFG016307(gb|WP_001084657)	23.009	339	214	9	3	312	4	324	1.15e-10	61.6
g110.t1	VFG011813(gb|WP_002850283)	29.101	189	110	7	1	174	1	180	2.02e-10	60.8
g110.t1	VFG005973(gb|WP_002263087)	22.989	348	209	15	5	314	9	335	2.22e-10	60.8
g110.t1	VFG006022(gb|WP_002947383)	23.011	352	204	17	5	314	9	335	2.41e-10	60.8
g110.t1	VFG016390(gb|WP_001109538)	27.568	185	116	6	5	175	14	194	2.77e-10	60.5
g110.t1	VFG011807(gb|WP_002867398)	25.857	321	207	13	1	306	1	305	3.61e-10	60.1
g110.t1	VFG000430(gb|WP_000127915)	29.474	190	115	6	2	177	16	200	4.33e-10	60.1
g110.t1	VFG011824(gb|WP_002856483)	27.007	274	173	11	1	259	1	262	5.13e-10	59.7
g110.t1	VFG013154(gb|WP_012340419)	23.824	340	222	10	1	311	1	332	5.33e-10	59.7
g110.t1	VFG013291(gb|WP_011608942)	23.977	342	219	11	1	311	1	332	5.58e-10	59.7
g110.t1	VFG003271(gb|WP_011906377)	33.077	130	75	4	49	169	38	164	5.76e-10	59.3
g110.t1	VFG002703(gb|WP_002430128)	33.077	130	75	4	49	169	39	165	6.22e-10	59.3
g110.t1	VFG002028(gb|YP_002344542)	25.786	318	205	13	1	303	1	302	6.69e-10	59.3
g110.t1	VFG017774(gb|WP_011989860)	26.642	274	174	11	1	259	1	262	1.72e-09	57.8
g110.t1	VFG029550(gb|WP_014711961)	28.241	216	106	6	5	175	3	214	8.00e-09	56.2
g110.t1	VFG029556(gb|WP_008257915)	26.606	218	107	6	5	175	3	214	8.07e-09	56.2
g110.t1	VFG029551(gb|WP_014380421)	23.204	362	215	11	5	315	3	352	1.16e-08	55.8
g110.t1	VFG029552(gb|WP_014385176)	23.204	362	215	11	5	315	3	352	1.26e-08	55.5
g110.t1	VFG037910(gb|WP_000085124)	28.421	190	117	6	2	177	16	200	2.10e-08	54.7
g110.t1	VFG002361(gb|WP_011816867)	26.042	192	124	6	1	179	1	187	2.40e-08	54.7
g110.t1	VFG029546(gb|WP_009977510)	26.852	216	109	6	5	175	3	214	7.48e-08	53.1
g110.t1	VFG029549(gb|WP_014942415)	27.778	216	107	6	5	175	3	214	7.88e-08	53.1
g110.t1	VFG012056(gb|WP_002850177)	24.444	180	111	3	3	174	276	438	1.02e-07	53.1
g110.t1	VFG029548(gb|YP_001704838)	25.463	216	112	7	5	175	3	214	1.70e-07	52.0
g110.t1	VFG011204(gb|WP_003807093)	29.167	192	113	8	2	178	14	197	1.82e-07	52.0
g110.t1	VFG018002(gb|WP_002866149)	23.645	203	133	4	1	182	1	202	1.92e-07	52.0
g110.t1	VFG029554(gb|WP_005062162)	26.389	216	110	8	5	175	3	214	1.95e-07	52.0
g110.t1	VFG045309(gb|WP_010946498)	24.153	236	159	8	2	232	3	223	2.24e-07	51.6
g110.t1	VFG050194(gb|WP_000996524)	23.615	343	217	13	1	312	1	329	1.03e-06	49.7
g110.t1	VFG029547(gb|WP_014876758)	26.484	219	111	7	3	175	5	219	1.48e-06	49.3
g110.t1	VFG016378(gb|WP_000686358)	24.164	269	176	12	1	262	1	248	1.57e-06	48.9
