g1644.t1	VFG030893(gb|WP_011782399)	30.769	299	194	4	109	405	105	392	3.88e-42	153
g1644.t1	VFG030886(gb|WP_011894151)	31.987	297	191	3	109	404	102	388	4.05e-42	153
g1644.t1	VFG030902(gb|WP_013470736)	30.201	298	197	4	109	405	105	392	1.02e-41	152
g1644.t1	VFG030889(gb|WP_011562054)	30.435	299	195	4	109	405	105	392	4.56e-40	148
g1644.t1	VFG030907(gb|WP_014379023)	29.054	296	195	6	109	401	102	385	5.39e-40	147
g1644.t1	VFG030903(gb|WP_009956913)	29.054	296	195	6	109	401	102	385	6.09e-40	147
g1644.t1	VFG030887(gb|WP_011730960)	29.866	298	196	4	109	404	102	388	1.82e-38	143
g1644.t1	VFG030900(gb|WP_013830617)	28.912	294	196	5	109	400	101	383	2.74e-38	142
g1644.t1	VFG030884(gb|WP_009974790)	29.831	295	194	5	109	401	102	385	6.17e-38	142
g1644.t1	VFG030883(gb|WP_003875680)	30.068	296	192	6	109	401	102	385	6.83e-38	142
g1644.t1	VFG030931(gb|WP_015307287)	29.452	292	195	4	110	400	103	384	2.02e-37	140
g1644.t1	VFG028978(gb|WP_003901253)	30.400	375	225	12	44	412	32	376	3.22e-37	139
g1644.t1	VFG028974(gb|WP_015293197)	30.133	375	226	12	44	412	32	376	4.74e-37	139
g1644.t1	VFG030888(gb|WP_085976294)	29.630	297	198	3	110	405	109	395	7.19e-37	139
g1644.t1	VFG028973(gb|WP_015290143)	30.133	375	226	12	44	412	32	376	8.21e-37	138
g1644.t1	VFG022280(gb|NP_216301)	30.133	375	226	12	44	412	32	376	9.18e-37	138
g1644.t1	VFG023501(gb|WP_014000947)	30.133	375	226	12	44	412	32	376	2.03e-36	137
g1644.t1	VFG024648(gb|WP_172527946)	29.457	387	241	9	44	424	9	369	8.33e-36	135
g1644.t1	VFG030911(gb|WP_041181313)	28.475	295	198	5	109	401	103	386	1.09e-35	135
g1644.t1	VFG022288(gb|WP_011782127)	29.834	362	228	7	44	403	22	359	1.19e-35	135
g1644.t1	VFG030913(gb|WP_015357395)	27.797	295	200	4	109	401	103	386	1.30e-35	135
g1644.t1	VFG030892(gb|WP_011741756)	27.797	295	200	4	109	401	103	386	1.75e-35	135
g1644.t1	VFG030899(gb|WP_012396556)	27.891	294	199	4	109	400	103	385	1.97e-35	135
g1644.t1	VFG028972(gb|WP_015303219)	29.600	375	228	12	44	412	32	376	4.00e-35	134
g1644.t1	VFG030901(gb|WP_009938697)	28.136	295	199	5	109	401	103	386	4.60e-35	134
g1644.t1	VFG030898(gb|WP_041180163)	28.136	295	199	5	109	401	103	386	6.61e-35	133
g1644.t1	VFG030881(gb|WP_003912260)	28.136	295	199	5	109	401	103	386	8.17e-35	133
g1644.t1	VFG030910(gb|WP_041179768)	28.136	295	199	5	109	401	103	386	9.99e-35	133
g1644.t1	VFG030880(gb|NP_218062)	28.136	295	199	5	109	401	119	402	1.18e-34	133
g1644.t1	VFG022286(gb|WP_003876469)	29.766	299	187	5	109	402	82	362	1.37e-34	132
g1644.t1	VFG030912(gb|WP_041180662)	28.136	295	199	5	109	401	103	386	1.49e-34	132
g1644.t1	VFG022289(gb|WP_011856563)	30.220	364	219	9	68	423	47	383	2.76e-34	131
g1644.t1	VFG030895(gb|YP_001701365)	28.667	300	200	6	109	405	102	390	3.69e-34	131
g1644.t1	VFG028991(gb|WP_020822623)	28.896	308	196	5	109	412	82	370	4.33e-34	130
g1644.t1	VFG024649(gb|WP_014942096)	29.221	308	195	6	109	412	82	370	8.00e-34	130
g1644.t1	VFG024650(gb|WP_008257053)	28.947	304	201	5	109	412	82	370	1.96e-33	129
g1644.t1	VFG024652(gb|WP_014384783)	27.632	304	205	3	109	412	82	370	2.04e-33	129
g1644.t1	VFG024653(gb|WP_014380203)	27.632	304	205	3	109	412	82	370	2.40e-33	129
g1644.t1	VFG024651(gb|WP_009954153)	27.632	304	205	3	109	412	82	370	2.40e-33	129
g1644.t1	VFG028975(gb|WP_015355467)	28.736	348	221	7	68	414	55	376	2.20e-32	126
g1644.t1	VFG022290(gb|WP_011561799)	29.558	362	229	7	44	403	28	365	6.22e-32	125
g1644.t1	VFG023499(gb|WP_012394383)	28.448	348	222	7	68	414	55	376	1.07e-31	124
g1644.t1	VFG022287(gb|WP_011740947)	28.448	348	222	7	68	414	55	376	1.13e-31	124
g1644.t1	VFG028984(gb|YP_007957858)	30.420	286	180	6	128	412	3	270	1.21e-28	113
g1644.t1	VFG030923(gb|YP_007959531)	28.369	141	98	2	262	401	3	141	4.11e-16	75.9
g754.t1	VFG030911(gb|WP_041181313)	30.238	420	248	11	14	402	7	412	2.59e-48	169
g754.t1	VFG030881(gb|WP_003912260)	30.952	378	231	8	14	367	7	378	7.92e-48	168
g754.t1	VFG030880(gb|NP_218062)	30.952	378	231	8	14	367	23	394	8.08e-48	168
g754.t1	VFG030898(gb|WP_041180163)	31.135	379	229	9	14	367	7	378	8.34e-48	167
g754.t1	VFG030910(gb|WP_041179768)	30.952	378	231	8	14	367	7	378	8.88e-48	167
g754.t1	VFG030912(gb|WP_041180662)	30.952	378	231	8	14	367	7	378	1.24e-47	167
g754.t1	VFG030901(gb|WP_009938697)	30.688	378	232	8	14	367	7	378	4.42e-47	166
g754.t1	VFG030900(gb|WP_013830617)	29.722	360	234	5	23	367	21	376	1.59e-46	164
g754.t1	VFG030887(gb|WP_011730960)	32.432	333	208	7	44	367	53	377	3.67e-46	164
g754.t1	VFG030903(gb|WP_009956913)	31.402	328	218	4	44	367	53	377	4.40e-46	163
g754.t1	VFG030907(gb|WP_014379023)	31.402	328	218	4	44	367	53	377	4.99e-46	163
g754.t1	VFG030899(gb|WP_012396556)	29.917	361	232	6	23	367	23	378	8.56e-46	162
g754.t1	VFG030892(gb|WP_011741756)	29.917	361	232	6	23	367	23	378	1.01e-45	162
g754.t1	VFG030902(gb|WP_013470736)	29.076	368	243	8	44	402	56	414	1.51e-45	162
g754.t1	VFG030913(gb|WP_015357395)	29.640	361	233	6	23	367	23	378	2.55e-45	161
g754.t1	VFG030931(gb|WP_015307287)	30.105	382	240	7	14	373	7	383	4.06e-45	160
g754.t1	VFG030884(gb|WP_009974790)	30.484	351	228	5	30	367	30	377	5.38e-45	160
g754.t1	VFG030883(gb|WP_003875680)	30.484	351	228	5	30	367	30	377	5.66e-45	160
g754.t1	VFG030886(gb|WP_011894151)	31.092	357	218	6	30	367	30	377	5.72e-45	160
g754.t1	VFG030895(gb|YP_001701365)	28.256	407	263	9	14	397	7	407	6.27e-45	160
g754.t1	VFG030893(gb|WP_011782399)	29.752	363	237	8	44	397	56	409	8.04e-45	160
g754.t1	VFG030889(gb|WP_011562054)	30.564	337	217	7	44	371	56	384	1.00e-44	160
g754.t1	VFG030888(gb|WP_085976294)	29.787	376	237	7	14	367	13	383	5.93e-41	149
g754.t1	VFG022288(gb|WP_011782127)	27.528	356	233	7	27	376	22	358	8.24e-34	129
g754.t1	VFG022290(gb|WP_011561799)	27.989	368	239	9	43	402	42	391	2.87e-33	128
g754.t1	VFG022289(gb|WP_011856563)	28.333	360	225	8	27	376	24	360	1.83e-32	125
g754.t1	VFG028991(gb|WP_020822623)	27.198	364	227	10	27	379	29	365	1.95e-31	123
g754.t1	VFG024649(gb|WP_014942096)	26.536	358	237	9	27	379	29	365	4.57e-31	122
g754.t1	VFG028972(gb|WP_015303219)	27.624	362	231	11	27	379	32	371	6.25e-31	122
g754.t1	VFG028974(gb|WP_015293197)	27.147	361	234	9	27	379	32	371	7.05e-31	121
g754.t1	VFG022280(gb|NP_216301)	27.147	361	234	9	27	379	32	371	7.19e-31	121
g754.t1	VFG028973(gb|WP_015290143)	27.147	361	234	9	27	379	32	371	7.95e-31	121
g754.t1	VFG028978(gb|WP_003901253)	26.611	357	241	8	27	379	32	371	1.48e-30	120
g754.t1	VFG023501(gb|WP_014000947)	27.147	361	234	9	27	379	32	371	1.68e-30	120
g754.t1	VFG024650(gb|WP_008257053)	26.536	358	237	9	27	379	29	365	1.82e-30	120
g754.t1	VFG024653(gb|WP_014380203)	26.923	364	228	10	27	379	29	365	1.88e-30	120
g754.t1	VFG024652(gb|WP_014384783)	26.923	364	228	10	27	379	29	365	2.14e-30	120
g754.t1	VFG024651(gb|WP_009954153)	26.923	364	228	10	27	379	29	365	2.34e-30	120
g754.t1	VFG024648(gb|WP_172527946)	26.648	364	242	7	27	384	9	353	2.71e-30	119
g754.t1	VFG022286(gb|WP_003876469)	27.298	359	231	12	27	378	29	364	1.30e-28	115
g754.t1	VFG028984(gb|YP_007957858)	29.600	250	157	5	137	379	28	265	1.02e-24	102
g754.t1	VFG028975(gb|WP_015355467)	25.000	364	236	9	27	379	32	369	2.06e-24	103
g754.t1	VFG022287(gb|WP_011740947)	25.000	364	236	9	27	379	32	369	3.64e-24	102
g754.t1	VFG023499(gb|WP_012394383)	25.000	364	236	9	27	379	32	369	3.86e-24	102
g754.t1	VFG030923(gb|YP_007959531)	31.111	135	91	1	233	367	1	133	1.67e-14	70.9
g766.t1	VFG030900(gb|WP_013830617)	36.627	415	243	8	8	413	6	409	2.24e-75	240
g766.t1	VFG030911(gb|WP_041181313)	36.010	411	249	7	9	413	9	411	7.75e-75	239
g766.t1	VFG030913(gb|WP_015357395)	35.990	414	245	8	9	413	9	411	1.13e-74	238
g766.t1	VFG030892(gb|WP_011741756)	35.749	414	246	8	9	413	9	411	3.78e-74	237
g766.t1	VFG030881(gb|WP_003912260)	35.922	412	248	8	9	413	9	411	3.90e-74	237
g766.t1	VFG030880(gb|NP_218062)	35.922	412	248	8	9	413	25	427	5.29e-74	237
g766.t1	VFG030898(gb|WP_041180163)	35.922	412	248	8	9	413	9	411	5.32e-74	237
g766.t1	VFG030910(gb|WP_041179768)	35.922	412	248	8	9	413	9	411	5.73e-74	236
g766.t1	VFG030899(gb|WP_012396556)	35.749	414	246	8	9	413	9	411	7.99e-74	236
g766.t1	VFG030912(gb|WP_041180662)	35.680	412	249	8	9	413	9	411	1.17e-73	236
g766.t1	VFG030901(gb|WP_009938697)	35.680	412	249	8	9	413	9	411	2.35e-73	235
g766.t1	VFG030886(gb|WP_011894151)	36.124	418	254	6	1	413	1	410	8.57e-71	228
g766.t1	VFG030931(gb|WP_015307287)	34.878	410	254	7	9	413	9	410	4.96e-70	226
g766.t1	VFG030884(gb|WP_009974790)	33.575	414	254	7	9	413	9	410	1.64e-68	222
g766.t1	VFG030883(gb|WP_003875680)	33.575	414	254	7	9	413	9	410	2.95e-68	222
g766.t1	VFG030907(gb|WP_014379023)	33.092	414	256	7	9	413	9	410	1.73e-67	220
g766.t1	VFG030903(gb|WP_009956913)	33.092	414	256	7	9	413	9	410	1.92e-67	219
g766.t1	VFG030889(gb|WP_011562054)	35.337	416	244	9	10	414	13	414	2.59e-67	219
g766.t1	VFG030895(gb|YP_001701365)	33.971	418	252	9	8	414	8	412	5.20e-67	219
g766.t1	VFG030888(gb|WP_085976294)	36.341	410	248	6	9	413	15	416	5.46e-67	219
g766.t1	VFG030887(gb|WP_011730960)	35.529	425	249	8	1	414	1	411	1.15e-66	218
g766.t1	VFG030902(gb|WP_013470736)	36.290	372	214	8	51	413	56	413	2.73e-65	214
g766.t1	VFG030893(gb|WP_011782399)	34.458	415	247	8	10	413	13	413	1.38e-64	212
g766.t1	VFG028991(gb|WP_020822623)	30.571	350	217	6	49	396	42	367	1.12e-36	137
g766.t1	VFG024649(gb|WP_014942096)	30.000	350	219	6	49	396	42	367	1.27e-36	137
g766.t1	VFG024653(gb|WP_014380203)	30.286	350	218	6	49	396	42	367	3.50e-36	136
g766.t1	VFG024652(gb|WP_014384783)	30.286	350	218	6	49	396	42	367	3.80e-36	136
g766.t1	VFG024651(gb|WP_009954153)	30.286	350	218	6	49	396	42	367	4.66e-36	136
g766.t1	VFG030923(gb|YP_007959531)	42.515	167	91	3	249	413	3	166	3.27e-35	127
g766.t1	VFG024650(gb|WP_008257053)	29.714	350	220	6	49	396	42	367	1.64e-34	132
g766.t1	VFG022289(gb|WP_011856563)	30.702	342	208	7	49	384	37	355	4.41e-34	130
g766.t1	VFG028973(gb|WP_015290143)	30.473	338	214	6	49	384	45	363	8.38e-34	130
g766.t1	VFG023501(gb|WP_014000947)	30.473	338	214	6	49	384	45	363	1.10e-33	129
g766.t1	VFG022280(gb|NP_216301)	30.473	338	214	6	49	384	45	363	1.18e-33	129
g766.t1	VFG028978(gb|WP_003901253)	30.178	338	215	6	49	384	45	363	5.98e-33	127
g766.t1	VFG028974(gb|WP_015293197)	30.178	338	215	6	49	384	45	363	8.42e-33	127
g766.t1	VFG028972(gb|WP_015303219)	30.178	338	215	6	49	384	45	363	9.60e-33	127
g766.t1	VFG022290(gb|WP_011561799)	28.783	337	223	5	48	384	40	359	2.03e-32	126
g766.t1	VFG022286(gb|WP_003876469)	28.783	337	216	5	50	384	43	357	4.67e-31	122
g766.t1	VFG024648(gb|WP_172527946)	27.893	337	226	5	48	384	21	340	5.84e-31	121
g766.t1	VFG022288(gb|WP_011782127)	28.319	339	222	6	48	384	34	353	2.00e-29	117
g766.t1	VFG028975(gb|WP_015355467)	29.464	336	218	4	49	384	45	361	1.11e-28	115
g766.t1	VFG022287(gb|WP_011740947)	29.464	336	218	4	49	384	45	361	1.75e-28	115
g766.t1	VFG023499(gb|WP_012394383)	29.464	336	218	4	49	384	45	361	1.87e-28	115
g766.t1	VFG028984(gb|YP_007957858)	31.801	261	165	4	126	384	8	257	1.56e-25	105
g1244.t1	VFG022288(gb|WP_011782127)	32.938	337	211	6	46	381	37	359	2.87e-47	166
g1244.t1	VFG028974(gb|WP_015293197)	29.640	361	228	5	24	381	32	369	1.10e-43	156
g1244.t1	VFG028978(gb|WP_003901253)	29.363	361	229	5	24	381	32	369	1.65e-43	155
g1244.t1	VFG022280(gb|NP_216301)	29.363	361	229	5	24	381	32	369	2.71e-43	155
g1244.t1	VFG028973(gb|WP_015290143)	29.363	361	229	5	24	381	32	369	3.11e-43	155
g1244.t1	VFG023501(gb|WP_014000947)	29.363	361	229	5	24	381	32	369	4.75e-43	154
g1244.t1	VFG022289(gb|WP_011856563)	29.737	380	242	7	24	398	24	383	7.41e-43	154
g1244.t1	VFG024648(gb|WP_172527946)	31.845	336	214	7	46	380	24	345	8.25e-43	153
g1244.t1	VFG028972(gb|WP_015303219)	29.363	361	229	5	24	381	32	369	1.98e-42	153
g1244.t1	VFG022290(gb|WP_011561799)	30.978	368	230	9	46	405	43	394	4.01e-41	149
g1244.t1	VFG030893(gb|WP_011782399)	28.650	363	242	8	27	379	33	388	1.96e-40	148
g1244.t1	VFG030887(gb|WP_011730960)	28.261	368	237	8	27	379	30	385	5.94e-38	142
g1244.t1	VFG030889(gb|WP_011562054)	28.650	363	242	8	27	379	33	388	7.06e-38	141
g1244.t1	VFG030902(gb|WP_013470736)	27.824	363	245	8	27	379	33	388	9.51e-38	141
g1244.t1	VFG030903(gb|WP_009956913)	27.322	366	237	8	46	405	53	395	2.20e-37	140
g1244.t1	VFG030907(gb|WP_014379023)	27.322	366	237	8	46	405	53	395	2.36e-37	140
g1244.t1	VFG028991(gb|WP_020822623)	29.609	358	227	9	24	380	29	362	2.06e-36	136
g1244.t1	VFG030911(gb|WP_041181313)	28.190	337	228	6	45	379	62	386	3.14e-36	137
g1244.t1	VFG024649(gb|WP_014942096)	29.050	358	229	9	24	380	29	362	3.26e-36	136
g1244.t1	VFG022286(gb|WP_003876469)	29.167	360	230	9	24	382	29	364	4.95e-36	135
g1244.t1	VFG024653(gb|WP_014380203)	29.050	358	229	9	24	380	29	362	7.67e-36	135
g1244.t1	VFG024651(gb|WP_009954153)	29.050	358	229	9	24	380	29	362	1.04e-35	135
g1244.t1	VFG024652(gb|WP_014384783)	29.050	358	229	9	24	380	29	362	1.06e-35	134
g1244.t1	VFG030898(gb|WP_041180163)	27.273	363	234	7	45	405	62	396	1.25e-35	135
g1244.t1	VFG024650(gb|WP_008257053)	28.011	357	234	8	24	380	29	362	1.66e-35	134
g1244.t1	VFG030881(gb|WP_003912260)	27.273	363	234	7	45	405	62	396	2.00e-35	134
g1244.t1	VFG030910(gb|WP_041179768)	27.273	363	234	7	45	405	62	396	2.05e-35	134
g1244.t1	VFG030883(gb|WP_003875680)	28.415	366	233	8	46	405	53	395	2.37e-35	134
g1244.t1	VFG030880(gb|NP_218062)	27.273	363	234	7	45	405	78	412	2.43e-35	134
g1244.t1	VFG030884(gb|WP_009974790)	28.415	366	233	8	46	405	53	395	2.62e-35	134
g1244.t1	VFG030912(gb|WP_041180662)	27.273	363	234	7	45	405	62	396	3.32e-35	134
g1244.t1	VFG030888(gb|WP_085976294)	28.909	339	226	6	47	378	60	390	3.93e-35	134
g1244.t1	VFG022287(gb|WP_011740947)	29.945	364	221	10	24	381	32	367	4.07e-35	133
g1244.t1	VFG023499(gb|WP_012394383)	29.945	364	221	10	24	381	32	367	4.50e-35	133
g1244.t1	VFG030901(gb|WP_009938697)	27.273	363	234	7	45	405	62	396	5.86e-35	133
g1244.t1	VFG028975(gb|WP_015355467)	29.670	364	222	10	24	381	32	367	1.70e-34	131
g1244.t1	VFG030931(gb|WP_015307287)	27.616	344	226	7	46	378	53	384	2.32e-34	131
g1244.t1	VFG030892(gb|WP_011741756)	26.844	339	237	6	46	379	54	386	3.09e-34	131
g1244.t1	VFG030886(gb|WP_011894151)	27.826	345	222	6	47	378	54	384	6.46e-34	130
g1244.t1	VFG030899(gb|WP_012396556)	27.139	339	234	7	46	378	54	385	9.56e-34	130
g1244.t1	VFG030913(gb|WP_015357395)	27.059	340	235	7	46	379	54	386	1.55e-33	129
g1244.t1	VFG030895(gb|YP_001701365)	26.844	339	236	7	46	378	53	385	4.40e-33	128
g1244.t1	VFG028984(gb|YP_007957858)	29.588	267	176	3	118	381	6	263	9.58e-31	119
g1244.t1	VFG030900(gb|WP_013830617)	24.852	338	243	6	46	378	52	383	8.47e-29	116
g1244.t1	VFG030923(gb|YP_007959531)	30.282	142	93	4	240	379	4	141	4.96e-13	66.6
g1757.t1	VFG022288(gb|WP_011782127)	28.612	353	228	8	70	421	37	366	2.38e-28	115
g1757.t1	VFG022290(gb|WP_011561799)	28.249	354	224	9	75	421	42	372	8.98e-26	107
g1757.t1	VFG024648(gb|WP_172527946)	28.280	343	218	11	82	421	36	353	1.36e-22	98.6
g1757.t1	VFG024649(gb|WP_014942096)	25.287	348	233	7	53	399	29	350	1.95e-22	98.2
g1757.t1	VFG028991(gb|WP_020822623)	25.348	359	241	7	53	410	29	361	2.48e-22	97.8
g1757.t1	VFG024650(gb|WP_008257053)	26.804	291	204	5	110	399	68	350	3.30e-22	97.8
g1757.t1	VFG022289(gb|WP_011856563)	27.614	373	240	11	53	422	24	369	4.54e-22	97.1
g1757.t1	VFG024653(gb|WP_014380203)	25.278	360	240	9	53	410	29	361	1.19e-21	95.9
g1757.t1	VFG024651(gb|WP_009954153)	25.278	360	240	9	53	410	29	361	1.61e-21	95.5
g1757.t1	VFG024652(gb|WP_014384783)	25.278	360	240	9	53	410	29	361	1.73e-21	95.5
g1757.t1	VFG022286(gb|WP_003876469)	25.405	370	247	7	53	421	29	370	2.04e-21	95.5
g1757.t1	VFG030892(gb|WP_011741756)	23.894	339	242	7	70	404	54	380	6.68e-21	94.0
g1757.t1	VFG030913(gb|WP_015357395)	24.412	340	239	8	70	404	54	380	7.40e-21	94.0
g1757.t1	VFG028975(gb|WP_015355467)	25.568	352	228	7	53	399	32	354	8.89e-21	93.6
g1757.t1	VFG023499(gb|WP_012394383)	25.568	352	228	7	53	399	32	354	1.24e-20	93.2
g1757.t1	VFG030899(gb|WP_012396556)	24.118	340	240	8	70	404	54	380	1.29e-20	93.2
g1757.t1	VFG022287(gb|WP_011740947)	25.568	352	228	7	53	399	32	354	1.36e-20	92.8
g1757.t1	VFG028978(gb|WP_003901253)	26.431	367	234	9	53	412	32	369	2.93e-20	92.0
g1757.t1	VFG028973(gb|WP_015290143)	26.431	367	234	9	53	412	32	369	3.50e-20	91.7
g1757.t1	VFG022280(gb|NP_216301)	26.431	367	234	9	53	412	32	369	3.74e-20	91.7
g1757.t1	VFG023501(gb|WP_014000947)	26.431	367	234	9	53	412	32	369	6.03e-20	90.9
g1757.t1	VFG028974(gb|WP_015293197)	26.431	367	234	9	53	412	32	369	7.76e-20	90.9
g1757.t1	VFG030893(gb|WP_011782399)	24.567	289	208	6	119	404	101	382	8.03e-20	90.9
g1757.t1	VFG030887(gb|WP_011730960)	24.913	289	207	6	119	404	98	379	1.56e-19	90.1
g1757.t1	VFG030898(gb|WP_041180163)	22.652	362	257	9	70	421	54	402	3.69e-19	89.0
g1757.t1	VFG030889(gb|WP_011562054)	24.138	290	210	6	119	405	101	383	4.05e-19	89.0
g1757.t1	VFG030881(gb|WP_003912260)	22.652	362	257	9	70	421	54	402	6.14e-19	88.2
g1757.t1	VFG030912(gb|WP_041180662)	22.652	362	257	9	70	421	54	402	6.74e-19	88.2
g1757.t1	VFG030910(gb|WP_041179768)	22.652	362	257	9	70	421	54	402	9.31e-19	87.8
g1757.t1	VFG030880(gb|NP_218062)	22.652	362	257	9	70	421	70	418	9.36e-19	87.8
g1757.t1	VFG030895(gb|YP_001701365)	23.204	362	256	9	70	421	53	402	1.08e-18	87.4
g1757.t1	VFG028972(gb|WP_015303219)	25.886	367	236	9	53	412	32	369	1.16e-18	87.4
g1757.t1	VFG030901(gb|WP_009938697)	22.652	362	257	9	70	421	54	402	1.52e-18	87.0
g1757.t1	VFG030911(gb|WP_041181313)	22.781	338	247	7	70	404	54	380	1.55e-18	87.0
g1757.t1	VFG030902(gb|WP_013470736)	23.875	289	210	6	119	404	101	382	1.58e-18	87.0
g1757.t1	VFG030931(gb|WP_015307287)	24.269	342	237	9	70	404	53	379	4.56e-18	85.5
g1757.t1	VFG030903(gb|WP_009956913)	22.715	361	258	10	70	421	53	401	1.86e-17	84.0
g1757.t1	VFG028984(gb|YP_007957858)	29.317	249	166	4	166	412	23	263	3.12e-17	81.6
g1757.t1	VFG030907(gb|WP_014379023)	22.715	361	258	10	70	421	53	401	3.59e-17	82.8
g1757.t1	VFG030884(gb|WP_009974790)	22.652	362	257	11	70	421	53	401	4.11e-16	79.7
g1757.t1	VFG030883(gb|WP_003875680)	22.652	362	257	11	70	421	53	401	4.15e-16	79.7
g1757.t1	VFG030886(gb|WP_011894151)	24.507	355	241	11	79	421	62	401	9.12e-15	75.5
g1757.t1	VFG030888(gb|WP_085976294)	22.619	336	248	6	71	404	60	385	1.50e-14	75.1
g1757.t1	VFG030900(gb|WP_013830617)	21.875	288	217	5	119	404	97	378	1.22e-13	72.0
g1757.t1	VFG030923(gb|YP_007959531)	26.994	163	104	6	268	421	1	157	2.92e-10	58.9
g1765.t1	VFG022280(gb|NP_216301)	100.000	393	0	0	1	393	1	393	0.0	793
g1765.t1	VFG028978(gb|WP_003901253)	99.746	393	1	0	1	393	1	393	0.0	791
g1765.t1	VFG023501(gb|WP_014000947)	99.746	393	1	0	1	393	1	393	0.0	790
g1765.t1	VFG028973(gb|WP_015290143)	99.491	393	2	0	1	393	1	393	0.0	788
g1765.t1	VFG028974(gb|WP_015293197)	99.237	393	3	0	1	393	1	393	0.0	787
g1765.t1	VFG028972(gb|WP_015303219)	99.237	393	3	0	1	393	1	393	0.0	786
g1765.t1	VFG023499(gb|WP_012394383)	75.888	394	91	3	1	393	1	391	0.0	613
g1765.t1	VFG022287(gb|WP_011740947)	75.635	394	92	3	1	393	1	391	0.0	612
g1765.t1	VFG028975(gb|WP_015355467)	75.381	394	93	3	1	393	1	391	0.0	608
g1765.t1	VFG024650(gb|WP_008257053)	77.023	383	85	2	10	392	7	386	0.0	607
g1765.t1	VFG024652(gb|WP_014384783)	77.546	383	83	2	10	392	7	386	0.0	605
g1765.t1	VFG024653(gb|WP_014380203)	77.285	383	84	2	10	392	7	386	0.0	604
g1765.t1	VFG024651(gb|WP_009954153)	77.285	383	84	2	10	392	7	386	0.0	603
g1765.t1	VFG024649(gb|WP_014942096)	76.240	383	88	2	10	392	7	386	0.0	602
g1765.t1	VFG028991(gb|WP_020822623)	76.762	383	86	2	10	392	7	386	0.0	601
g1765.t1	VFG022286(gb|WP_003876469)	73.385	387	100	2	6	392	3	386	0.0	587
g1765.t1	VFG028984(gb|YP_007957858)	97.909	287	6	0	107	393	1	287	0.0	562
g1765.t1	VFG022289(gb|WP_011856563)	65.608	378	130	0	15	392	7	384	0.0	525
g1765.t1	VFG022290(gb|WP_011561799)	59.126	389	156	1	3	391	2	387	2.06e-164	466
g1765.t1	VFG024648(gb|WP_172527946)	60.326	368	146	0	24	391	1	368	2.02e-163	462
g1765.t1	VFG022288(gb|WP_011782127)	59.416	377	153	0	14	390	4	380	5.56e-162	459
g1765.t1	VFG030900(gb|WP_013830617)	26.647	334	230	7	50	375	64	390	7.25e-29	116
g1765.t1	VFG030907(gb|WP_014379023)	25.641	351	227	6	47	375	53	391	3.07e-28	114
g1765.t1	VFG030903(gb|WP_009956913)	25.641	351	227	6	47	375	53	391	3.16e-28	114
g1765.t1	VFG030893(gb|WP_011782399)	25.872	344	221	8	47	367	56	388	3.55e-28	114
g1765.t1	VFG030887(gb|WP_011730960)	27.557	352	219	9	47	375	53	391	2.70e-27	112
g1765.t1	VFG030902(gb|WP_013470736)	24.490	343	227	7	47	367	56	388	4.80e-27	111
g1765.t1	VFG030931(gb|WP_015307287)	26.796	362	240	10	32	375	37	391	3.72e-26	108
g1765.t1	VFG030884(gb|WP_009974790)	25.134	374	235	7	35	375	30	391	6.00e-26	108
g1765.t1	VFG030889(gb|WP_011562054)	25.581	344	222	8	47	367	56	388	9.93e-26	107
g1765.t1	VFG030899(gb|WP_012396556)	27.246	345	229	9	47	375	54	392	1.06e-25	107
g1765.t1	VFG030913(gb|WP_015357395)	27.246	345	229	9	47	375	54	392	1.44e-25	107
g1765.t1	VFG030883(gb|WP_003875680)	25.356	351	228	6	47	375	53	391	2.11e-25	106
g1765.t1	VFG030892(gb|WP_011741756)	27.246	345	229	9	47	375	54	392	2.13e-25	106
g1765.t1	VFG030895(gb|YP_001701365)	25.217	345	233	7	46	371	52	390	8.04e-25	105
g1765.t1	VFG030910(gb|WP_041179768)	25.937	347	231	9	47	375	54	392	1.83e-24	103
g1765.t1	VFG030881(gb|WP_003912260)	25.507	345	235	7	47	375	54	392	2.88e-24	103
g1765.t1	VFG030880(gb|NP_218062)	25.507	345	235	7	47	375	70	408	3.06e-24	103
g1765.t1	VFG030901(gb|WP_009938697)	25.648	347	232	9	47	375	54	392	3.20e-24	103
g1765.t1	VFG030898(gb|WP_041180163)	25.507	345	235	7	47	375	54	392	3.26e-24	103
g1765.t1	VFG030911(gb|WP_041181313)	25.581	344	236	7	47	375	54	392	3.53e-24	103
g1765.t1	VFG030912(gb|WP_041180662)	25.507	345	235	7	47	375	54	392	4.28e-24	102
g1765.t1	VFG030886(gb|WP_011894151)	25.740	338	225	9	48	366	54	384	1.14e-23	101
g1765.t1	VFG030888(gb|WP_085976294)	25.656	343	235	7	48	375	60	397	1.70e-22	98.2
g1860.t1	VFG030907(gb|WP_014379023)	32.132	333	207	10	93	421	83	400	1.01e-41	152
g1860.t1	VFG030903(gb|WP_009956913)	32.132	333	207	10	93	421	83	400	1.69e-41	152
g1860.t1	VFG030884(gb|WP_009974790)	33.033	333	204	10	93	421	83	400	2.65e-41	151
g1860.t1	VFG030883(gb|WP_003875680)	33.033	333	204	10	93	421	83	400	3.50e-41	151
g1860.t1	VFG030913(gb|WP_015357395)	31.949	313	200	7	111	421	100	401	2.66e-38	143
g1860.t1	VFG030899(gb|WP_012396556)	31.629	313	201	7	111	421	100	401	1.28e-37	141
g1860.t1	VFG030892(gb|WP_011741756)	31.310	313	202	7	111	421	100	401	3.82e-37	140
g1860.t1	VFG030902(gb|WP_013470736)	30.938	320	204	8	106	421	97	403	3.86e-37	140
g1860.t1	VFG030893(gb|WP_011782399)	30.631	333	212	9	93	421	86	403	5.46e-37	139
g1860.t1	VFG030912(gb|WP_041180662)	31.629	313	201	7	111	421	100	401	7.15e-37	139
g1860.t1	VFG030880(gb|NP_218062)	31.310	313	202	7	111	421	116	417	2.82e-36	138
g1860.t1	VFG030881(gb|WP_003912260)	31.310	313	202	7	111	421	100	401	2.88e-36	137
g1860.t1	VFG030887(gb|WP_011730960)	32.087	321	199	9	106	421	94	400	3.36e-36	137
g1860.t1	VFG030910(gb|WP_041179768)	31.310	313	202	7	111	421	100	401	5.66e-36	137
g1860.t1	VFG030889(gb|WP_011562054)	30.625	320	205	8	106	421	97	403	8.92e-36	136
g1860.t1	VFG030911(gb|WP_041181313)	30.990	313	203	7	111	421	100	401	9.55e-36	136
g1860.t1	VFG030898(gb|WP_041180163)	31.529	314	200	8	111	421	100	401	1.00e-35	136
g1860.t1	VFG030901(gb|WP_009938697)	30.990	313	203	7	111	421	100	401	1.23e-35	135
g1860.t1	VFG030931(gb|WP_015307287)	31.987	297	189	7	111	405	99	384	1.68e-35	135
g1860.t1	VFG030895(gb|YP_001701365)	29.870	385	246	13	43	421	35	401	2.11e-34	132
g1860.t1	VFG030886(gb|WP_011894151)	32.492	317	193	9	111	421	99	400	2.71e-34	132
g1860.t1	VFG030888(gb|WP_085976294)	31.661	319	193	8	111	421	105	406	6.36e-34	131
g1860.t1	VFG030900(gb|WP_013830617)	31.132	318	194	10	111	422	98	396	6.65e-34	131
g1860.t1	VFG024653(gb|WP_014380203)	29.801	302	196	8	104	404	73	359	1.71e-28	115
g1860.t1	VFG024652(gb|WP_014384783)	29.801	302	196	8	104	404	73	359	2.10e-28	115
g1860.t1	VFG024651(gb|WP_009954153)	29.801	302	196	8	104	404	73	359	2.32e-28	115
g1860.t1	VFG024649(gb|WP_014942096)	29.470	302	197	8	104	404	73	359	2.51e-28	115
g1860.t1	VFG028991(gb|WP_020822623)	29.470	302	197	8	104	404	73	359	2.97e-28	115
g1860.t1	VFG023499(gb|WP_012394383)	29.000	300	195	6	112	408	83	367	3.64e-28	114
g1860.t1	VFG022287(gb|WP_011740947)	29.000	300	195	6	112	408	83	367	3.68e-28	114
g1860.t1	VFG024650(gb|WP_008257053)	28.669	293	196	6	112	404	80	359	6.20e-28	114
g1860.t1	VFG028975(gb|WP_015355467)	28.667	300	196	6	112	408	83	367	8.13e-28	114
g1860.t1	VFG022286(gb|WP_003876469)	28.477	302	200	7	104	404	73	359	8.91e-28	113
g1860.t1	VFG022288(gb|WP_011782127)	26.420	352	220	8	77	408	27	359	7.47e-25	105
g1860.t1	VFG028978(gb|WP_003901253)	27.759	299	201	6	112	408	84	369	8.52e-24	102
g1860.t1	VFG028972(gb|WP_015303219)	27.425	299	202	6	112	408	84	369	1.23e-23	102
g1860.t1	VFG022289(gb|WP_011856563)	26.627	338	213	8	93	409	39	362	1.76e-23	101
g1860.t1	VFG028973(gb|WP_015290143)	27.425	299	202	6	112	408	84	369	2.11e-23	101
g1860.t1	VFG022280(gb|NP_216301)	27.425	299	202	6	112	408	84	369	2.76e-23	100
g1860.t1	VFG028974(gb|WP_015293197)	27.425	299	202	6	112	408	84	369	3.28e-23	100
g1860.t1	VFG023501(gb|WP_014000947)	27.425	299	202	6	112	408	84	369	5.19e-23	100
g1860.t1	VFG024648(gb|WP_172527946)	27.027	296	199	8	112	404	61	342	1.38e-21	95.5
g1860.t1	VFG030923(gb|YP_007959531)	35.443	158	96	4	266	421	3	156	8.17e-21	89.0
g1860.t1	VFG022290(gb|WP_011561799)	29.180	305	189	10	112	408	80	365	3.06e-20	92.0
g1860.t1	VFG028984(gb|YP_007957858)	26.523	279	186	7	132	408	2	263	2.18e-15	76.3
g2239.t1	VFG030911(gb|WP_041181313)	42.278	395	208	8	43	428	27	410	1.93e-96	295
g2239.t1	VFG030881(gb|WP_003912260)	41.772	395	210	8	43	428	27	410	7.27e-96	293
g2239.t1	VFG030880(gb|NP_218062)	41.772	395	210	8	43	428	43	426	8.69e-96	294
g2239.t1	VFG030912(gb|WP_041180662)	41.772	395	210	8	43	428	27	410	1.26e-95	293
g2239.t1	VFG030910(gb|WP_041179768)	41.772	395	210	8	43	428	27	410	1.71e-95	293
g2239.t1	VFG030901(gb|WP_009938697)	41.772	395	210	8	43	428	27	410	2.07e-95	292
g2239.t1	VFG030898(gb|WP_041180163)	41.519	395	211	8	43	428	27	410	5.59e-95	291
g2239.t1	VFG030931(gb|WP_015307287)	40.253	395	215	9	43	428	27	409	9.17e-94	288
g2239.t1	VFG030893(gb|WP_011782399)	39.796	392	221	7	43	428	30	412	1.74e-93	287
g2239.t1	VFG030887(gb|WP_011730960)	40.306	392	219	7	43	428	27	409	3.05e-93	287
g2239.t1	VFG030902(gb|WP_013470736)	39.541	392	222	7	43	428	30	412	7.55e-92	283
g2239.t1	VFG030899(gb|WP_012396556)	40.657	396	213	8	43	428	27	410	9.14e-92	283
g2239.t1	VFG030889(gb|WP_011562054)	39.541	392	222	7	43	428	30	412	1.51e-91	283
g2239.t1	VFG030895(gb|YP_001701365)	40.000	395	211	11	46	428	30	410	1.81e-91	282
g2239.t1	VFG030907(gb|WP_014379023)	40.759	395	213	10	43	428	27	409	3.07e-91	281
g2239.t1	VFG030903(gb|WP_009956913)	40.506	395	214	9	43	428	27	409	3.97e-91	281
g2239.t1	VFG030892(gb|WP_011741756)	40.253	395	216	7	43	428	27	410	4.51e-91	281
g2239.t1	VFG030913(gb|WP_015357395)	40.759	395	214	8	43	428	27	410	4.81e-91	281
g2239.t1	VFG030884(gb|WP_009974790)	40.816	392	217	6	43	428	27	409	1.06e-90	280
g2239.t1	VFG030883(gb|WP_003875680)	40.816	392	217	6	43	428	27	409	1.72e-90	280
g2239.t1	VFG030888(gb|WP_085976294)	40.000	395	216	7	43	428	33	415	1.30e-89	278
g2239.t1	VFG030900(gb|WP_013830617)	39.378	386	218	7	43	421	25	401	5.48e-88	273
g2239.t1	VFG030886(gb|WP_011894151)	40.050	397	213	8	43	428	27	409	2.38e-87	271
g2239.t1	VFG030923(gb|YP_007959531)	47.826	161	79	2	261	420	1	157	1.15e-47	160
g2239.t1	VFG022288(gb|WP_011782127)	29.428	367	227	11	39	402	18	355	1.40e-38	143
g2239.t1	VFG022286(gb|WP_003876469)	28.606	409	258	11	24	428	9	387	1.09e-36	138
g2239.t1	VFG024650(gb|WP_008257053)	27.273	407	264	10	24	427	9	386	2.88e-35	134
g2239.t1	VFG022290(gb|WP_011561799)	27.596	366	235	10	39	402	24	361	3.87e-35	134
g2239.t1	VFG028991(gb|WP_020822623)	26.923	416	267	10	21	428	1	387	4.59e-35	133
g2239.t1	VFG024653(gb|WP_014380203)	27.163	416	266	10	21	428	1	387	5.79e-35	133
g2239.t1	VFG024652(gb|WP_014384783)	27.163	416	266	10	21	428	1	387	5.79e-35	133
g2239.t1	VFG024651(gb|WP_009954153)	27.163	416	266	10	21	428	1	387	8.41e-35	132
g2239.t1	VFG024648(gb|WP_172527946)	27.596	366	235	10	39	402	5	342	3.32e-34	130
g2239.t1	VFG024649(gb|WP_014942096)	26.506	415	268	10	21	427	1	386	3.36e-34	131
g2239.t1	VFG028972(gb|WP_015303219)	26.463	393	259	9	39	428	28	393	3.43e-34	131
g2239.t1	VFG022289(gb|WP_011856563)	26.786	392	259	8	39	428	20	385	1.71e-33	129
g2239.t1	VFG028975(gb|WP_015355467)	26.684	386	253	9	45	428	34	391	1.84e-33	129
g2239.t1	VFG028974(gb|WP_015293197)	26.463	393	259	9	39	428	28	393	2.35e-33	129
g2239.t1	VFG023499(gb|WP_012394383)	27.907	387	247	10	45	428	34	391	3.29e-33	128
g2239.t1	VFG022287(gb|WP_011740947)	27.907	387	247	10	45	428	34	391	3.43e-33	128
g2239.t1	VFG022280(gb|NP_216301)	25.765	392	263	8	39	428	28	393	4.04e-33	128
g2239.t1	VFG028973(gb|WP_015290143)	26.020	392	262	8	39	428	28	393	4.46e-33	128
g2239.t1	VFG023501(gb|WP_014000947)	26.463	393	259	9	39	428	28	393	6.15e-33	127
g2239.t1	VFG028978(gb|WP_003901253)	25.510	392	264	8	39	428	28	393	2.71e-32	126
g2239.t1	VFG028984(gb|YP_007957858)	27.675	271	187	5	160	428	24	287	1.54e-23	99.8
g2241.t1	VFG030903(gb|WP_009956913)	28.000	375	226	8	135	484	54	409	1.65e-33	131
g2241.t1	VFG030886(gb|WP_011894151)	26.667	375	241	6	135	489	54	414	2.12e-33	130
g2241.t1	VFG030887(gb|WP_011730960)	28.150	373	228	8	135	484	54	409	2.28e-33	130
g2241.t1	VFG030907(gb|WP_014379023)	27.200	375	229	8	135	484	54	409	4.69e-33	129
g2241.t1	VFG030912(gb|WP_041180662)	26.265	415	264	9	102	486	10	412	1.68e-32	128
g2241.t1	VFG030911(gb|WP_041181313)	26.265	415	264	9	102	486	10	412	2.26e-32	127
g2241.t1	VFG030913(gb|WP_015357395)	25.537	419	262	11	102	486	10	412	3.87e-32	127
g2241.t1	VFG030901(gb|WP_009938697)	26.024	415	265	9	102	486	10	412	5.00e-32	127
g2241.t1	VFG030884(gb|WP_009974790)	27.200	375	229	8	135	484	54	409	5.54e-32	126
g2241.t1	VFG030883(gb|WP_003875680)	27.200	375	229	8	135	484	54	409	5.65e-32	126
g2241.t1	VFG030931(gb|WP_015307287)	25.341	367	254	5	135	488	54	413	5.93e-32	126
g2241.t1	VFG030881(gb|WP_003912260)	26.024	415	265	9	102	486	10	412	6.39e-32	126
g2241.t1	VFG030910(gb|WP_041179768)	26.024	415	265	9	102	486	10	412	8.25e-32	126
g2241.t1	VFG030880(gb|NP_218062)	26.024	415	265	9	102	486	26	428	8.78e-32	126
g2241.t1	VFG030899(gb|WP_012396556)	25.298	419	263	11	102	486	10	412	1.05e-31	125
g2241.t1	VFG030892(gb|WP_011741756)	25.298	419	263	11	102	486	10	412	1.48e-31	125
g2241.t1	VFG030888(gb|WP_085976294)	26.829	410	263	9	102	484	16	415	2.91e-31	125
g2241.t1	VFG030898(gb|WP_041180163)	25.783	415	266	9	102	486	10	412	4.67e-31	124
g2241.t1	VFG030895(gb|YP_001701365)	25.243	412	268	9	102	484	10	410	6.76e-31	124
g2241.t1	VFG030893(gb|WP_011782399)	26.400	375	232	8	135	484	57	412	1.47e-30	122
g2241.t1	VFG030902(gb|WP_013470736)	26.316	380	236	8	135	489	57	417	2.66e-30	122
g2241.t1	VFG030889(gb|WP_011562054)	26.133	375	233	8	135	484	57	412	1.17e-29	120
g2241.t1	VFG030900(gb|WP_013830617)	25.205	365	253	6	135	486	53	410	4.32e-27	112
g2241.t1	VFG022288(gb|WP_011782127)	27.134	328	231	5	135	461	38	358	1.74e-23	102
g2241.t1	VFG024649(gb|WP_014942096)	29.518	332	215	7	135	461	45	362	2.07e-23	101
g2241.t1	VFG022289(gb|WP_011856563)	26.012	346	237	6	122	456	18	355	6.63e-23	100
g2241.t1	VFG024653(gb|WP_014380203)	28.875	329	221	6	135	461	45	362	2.81e-22	98.6
g2241.t1	VFG028991(gb|WP_020822623)	28.571	329	222	6	135	461	45	362	2.86e-22	98.2
g2241.t1	VFG024652(gb|WP_014384783)	28.875	329	221	6	135	461	45	362	3.20e-22	98.2
g2241.t1	VFG024651(gb|WP_009954153)	28.875	329	221	6	135	461	45	362	3.49e-22	98.2
g2241.t1	VFG024650(gb|WP_008257053)	28.399	331	220	6	135	461	45	362	2.74e-21	95.5
g2241.t1	VFG023499(gb|WP_012394383)	28.090	356	228	8	121	461	24	366	1.55e-20	93.2
g2241.t1	VFG024648(gb|WP_172527946)	25.846	325	229	5	135	456	25	340	1.81e-20	92.8
g2241.t1	VFG022287(gb|WP_011740947)	28.012	332	221	6	135	461	48	366	2.15e-20	92.8
g2241.t1	VFG028975(gb|WP_015355467)	27.809	356	229	8	121	461	24	366	3.26e-20	92.4
g2241.t1	VFG028974(gb|WP_015293197)	26.220	328	234	4	135	461	48	368	4.15e-20	92.0
g2241.t1	VFG022286(gb|WP_003876469)	28.358	335	215	7	135	461	45	362	8.31e-20	90.9
g2241.t1	VFG028978(gb|WP_003901253)	26.220	328	234	4	135	461	48	368	8.46e-20	91.3
g2241.t1	VFG028973(gb|WP_015290143)	25.915	328	235	4	135	461	48	368	1.65e-19	90.1
g2241.t1	VFG022280(gb|NP_216301)	25.915	328	235	4	135	461	48	368	2.13e-19	89.7
g2241.t1	VFG028972(gb|WP_015303219)	25.915	328	235	4	135	461	48	368	3.23e-19	89.4
g2241.t1	VFG023501(gb|WP_014000947)	25.915	328	235	4	135	461	48	368	4.22e-19	89.0
g2241.t1	VFG022290(gb|WP_011561799)	24.471	331	236	5	135	461	44	364	7.53e-19	88.2
g2241.t1	VFG030923(gb|YP_007959531)	30.178	169	113	3	320	486	2	167	4.46e-18	81.6
g2241.t1	VFG028984(gb|YP_007957858)	31.579	152	104	0	310	461	111	262	5.61e-11	63.2
g2246.t1	VFG030893(gb|WP_011782399)	28.796	382	223	16	16	367	23	385	4.64e-23	100
g2246.t1	VFG030902(gb|WP_013470736)	28.346	381	226	15	16	367	23	385	1.96e-22	98.2
g2246.t1	VFG030889(gb|WP_011562054)	28.537	410	232	17	16	396	23	400	1.17e-21	95.9
g2246.t1	VFG030887(gb|WP_011730960)	28.496	379	228	17	16	367	20	382	1.26e-20	92.8
g2246.t1	VFG030907(gb|WP_014379023)	26.525	377	225	15	22	367	27	382	2.61e-18	85.9
g2246.t1	VFG030899(gb|WP_012396556)	26.984	378	238	15	15	367	19	383	2.65e-18	85.9
g2246.t1	VFG030913(gb|WP_015357395)	26.984	378	238	15	15	367	19	383	3.29e-18	85.5
g2246.t1	VFG030903(gb|WP_009956913)	26.525	377	225	15	22	367	27	382	3.58e-18	85.5
g2246.t1	VFG030892(gb|WP_011741756)	26.862	376	239	14	16	367	20	383	1.56e-17	83.6
g2246.t1	VFG030884(gb|WP_009974790)	28.000	300	187	11	82	367	98	382	3.83e-17	82.4
g2246.t1	VFG030883(gb|WP_003875680)	28.000	300	187	11	82	367	98	382	4.17e-17	82.4
g2246.t1	VFG030886(gb|WP_011894151)	28.136	295	193	11	82	367	98	382	6.83e-17	81.6
g2246.t1	VFG030895(gb|YP_001701365)	25.849	383	238	16	16	369	20	385	1.10e-16	81.3
g2246.t1	VFG030911(gb|WP_041181313)	27.815	302	185	13	82	367	99	383	5.11e-16	79.0
g2246.t1	VFG030931(gb|WP_015307287)	24.806	387	256	15	15	378	19	393	1.10e-15	78.2
g2246.t1	VFG030880(gb|NP_218062)	27.483	302	186	13	82	367	115	399	1.49e-15	77.8
g2246.t1	VFG030881(gb|WP_003912260)	27.483	302	186	13	82	367	99	383	1.66e-15	77.4
g2246.t1	VFG030910(gb|WP_041179768)	27.483	302	186	13	82	367	99	383	2.88e-15	76.6
g2246.t1	VFG030912(gb|WP_041180662)	27.483	302	186	13	82	367	99	383	3.04e-15	76.6
g2246.t1	VFG030901(gb|WP_009938697)	27.483	302	186	13	82	367	99	383	3.93e-15	76.3
g2246.t1	VFG030898(gb|WP_041180163)	27.723	303	184	14	82	367	99	383	7.85e-15	75.5
g2246.t1	VFG030900(gb|WP_013830617)	27.419	310	184	13	82	372	97	384	1.85e-14	74.3
g2246.t1	VFG030888(gb|WP_085976294)	25.352	284	191	9	94	367	116	388	5.46e-13	70.1
g2246.t1	VFG024648(gb|WP_172527946)	26.800	250	162	8	131	371	108	345	4.00e-11	63.9
g2246.t1	VFG022288(gb|WP_011782127)	25.524	286	194	10	95	372	85	359	1.02e-10	62.8
g2246.t1	VFG030923(gb|YP_007959531)	28.467	137	91	5	233	367	7	138	2.94e-10	58.9
g2246.t1	VFG028978(gb|WP_003901253)	25.843	267	180	8	113	372	114	369	7.20e-10	60.1
g2246.t1	VFG022290(gb|WP_011561799)	26.230	244	163	8	136	372	132	365	1.14e-09	59.7
g2246.t1	VFG028973(gb|WP_015290143)	25.468	267	181	8	113	372	114	369	1.60e-09	58.9
g2246.t1	VFG022287(gb|WP_011740947)	25.260	289	190	10	95	372	94	367	1.63e-09	58.9
g2246.t1	VFG023499(gb|WP_012394383)	25.260	289	190	10	95	372	94	367	1.64e-09	58.9
g2246.t1	VFG028972(gb|WP_015303219)	25.468	267	181	8	113	372	114	369	2.14e-09	58.5
g2246.t1	VFG022280(gb|NP_216301)	25.468	267	181	8	113	372	114	369	2.43e-09	58.5
g2246.t1	VFG022289(gb|WP_011856563)	26.378	254	150	8	136	372	128	361	3.33e-09	58.2
g2246.t1	VFG028975(gb|WP_015355467)	24.913	289	191	10	95	372	94	367	3.42e-09	58.2
g2246.t1	VFG028974(gb|WP_015293197)	25.094	267	182	8	113	372	114	369	3.53e-09	58.2
g2246.t1	VFG023501(gb|WP_014000947)	25.468	267	181	8	113	372	114	369	3.69e-09	57.8
g2246.t1	VFG028984(gb|YP_007957858)	29.286	140	97	2	233	372	126	263	4.72e-09	57.0
g2246.t1	VFG028991(gb|WP_020822623)	22.648	287	190	8	100	376	101	365	9.52e-09	56.6
g2246.t1	VFG024649(gb|WP_014942096)	23.208	293	181	9	100	376	101	365	1.09e-08	56.6
g2246.t1	VFG024650(gb|WP_008257053)	29.167	144	98	3	233	376	226	365	1.27e-08	56.2
g2246.t1	VFG024653(gb|WP_014380203)	23.077	286	188	8	101	376	102	365	1.63e-08	55.8
g2246.t1	VFG024651(gb|WP_009954153)	22.997	287	189	8	100	376	101	365	1.63e-08	55.8
g2246.t1	VFG024652(gb|WP_014384783)	22.997	287	189	8	100	376	101	365	1.81e-08	55.8
g2246.t1	VFG022286(gb|WP_003876469)	28.058	139	98	2	233	371	226	362	3.93e-08	54.7
g3073.t1	VFG030907(gb|WP_014379023)	27.962	422	253	13	7	398	8	408	2.52e-35	134
g3073.t1	VFG030903(gb|WP_009956913)	27.962	422	253	13	7	398	8	408	2.52e-35	134
g3073.t1	VFG030883(gb|WP_003875680)	28.010	407	245	12	19	398	23	408	9.79e-35	132
g3073.t1	VFG030884(gb|WP_009974790)	28.010	407	245	12	19	398	23	408	1.56e-34	132
g3073.t1	VFG030893(gb|WP_011782399)	28.467	411	238	14	19	398	26	411	5.94e-34	130
g3073.t1	VFG030902(gb|WP_013470736)	27.603	413	239	14	19	398	26	411	1.90e-33	129
g3073.t1	VFG030889(gb|WP_011562054)	28.571	413	235	14	19	398	26	411	2.36e-32	126
g3073.t1	VFG030886(gb|WP_011894151)	28.165	387	255	10	2	370	3	384	1.12e-31	124
g3073.t1	VFG030887(gb|WP_011730960)	28.329	413	236	14	19	398	23	408	3.48e-31	123
g3073.t1	VFG030900(gb|WP_013830617)	27.394	376	247	11	19	375	21	389	1.29e-29	118
g3073.t1	VFG030931(gb|WP_015307287)	27.913	412	266	14	7	398	8	408	2.21e-29	117
g3073.t1	VFG030895(gb|YP_001701365)	27.446	368	246	11	19	370	23	385	6.55e-29	116
g3073.t1	VFG030913(gb|WP_015357395)	27.423	423	255	15	7	398	8	409	8.85e-29	116
g3073.t1	VFG030888(gb|WP_085976294)	27.390	387	248	13	7	370	14	390	2.25e-28	115
g3073.t1	VFG030892(gb|WP_011741756)	26.950	423	257	15	7	398	8	409	2.75e-28	114
g3073.t1	VFG030899(gb|WP_012396556)	27.089	395	240	13	7	370	8	385	4.20e-28	114
g3073.t1	VFG030911(gb|WP_041181313)	27.190	331	204	9	84	398	100	409	5.52e-28	114
g3073.t1	VFG022288(gb|WP_011782127)	27.671	365	245	8	12	373	11	359	5.78e-28	113
g3073.t1	VFG024650(gb|WP_008257053)	25.067	371	253	9	33	398	36	386	8.84e-28	112
g3073.t1	VFG022286(gb|WP_003876469)	25.926	378	252	10	26	398	32	386	3.29e-27	111
g3073.t1	VFG030881(gb|WP_003912260)	27.190	331	204	9	84	398	100	409	5.02e-27	111
g3073.t1	VFG030880(gb|NP_218062)	27.190	331	204	9	84	398	116	425	5.65e-27	111
g3073.t1	VFG030910(gb|WP_041179768)	27.190	331	204	9	84	398	100	409	6.53e-27	110
g3073.t1	VFG030912(gb|WP_041180662)	27.190	331	204	9	84	398	100	409	6.86e-27	110
g3073.t1	VFG030901(gb|WP_009938697)	27.190	331	204	9	84	398	100	409	1.26e-26	110
g3073.t1	VFG030898(gb|WP_041180163)	26.888	331	205	9	84	398	100	409	3.08e-26	108
g3073.t1	VFG028974(gb|WP_015293197)	26.611	357	231	10	26	373	35	369	3.38e-26	108
g3073.t1	VFG024649(gb|WP_014942096)	24.378	402	275	11	3	398	8	386	8.26e-26	107
g3073.t1	VFG028978(gb|WP_003901253)	26.611	357	231	10	26	373	35	369	8.81e-26	107
g3073.t1	VFG028973(gb|WP_015290143)	26.975	367	217	12	26	373	35	369	1.51e-25	106
g3073.t1	VFG022280(gb|NP_216301)	26.331	357	232	10	26	373	35	369	2.00e-25	106
g3073.t1	VFG023501(gb|WP_014000947)	26.331	357	232	10	26	373	35	369	3.36e-25	105
g3073.t1	VFG028991(gb|WP_020822623)	24.533	375	261	9	26	398	32	386	7.30e-25	104
g3073.t1	VFG028975(gb|WP_015355467)	25.706	354	236	10	26	373	35	367	9.02e-25	104
g3073.t1	VFG023499(gb|WP_012394383)	25.706	354	236	10	26	373	35	367	9.29e-25	104
g3073.t1	VFG024651(gb|WP_009954153)	23.810	399	281	10	3	398	8	386	9.31e-25	104
g3073.t1	VFG022287(gb|WP_011740947)	25.360	347	235	9	33	373	39	367	9.38e-25	104
g3073.t1	VFG024653(gb|WP_014380203)	24.267	375	262	9	26	398	32	386	1.05e-24	104
g3073.t1	VFG024652(gb|WP_014384783)	24.468	376	260	10	26	398	32	386	1.15e-24	104
g3073.t1	VFG028972(gb|WP_015303219)	26.536	358	230	12	26	373	35	369	1.29e-24	103
g3073.t1	VFG024648(gb|WP_172527946)	27.976	336	228	7	40	372	21	345	9.36e-24	101
g3073.t1	VFG022290(gb|WP_011561799)	26.359	368	252	8	12	376	17	368	5.59e-23	99.4
g3073.t1	VFG022289(gb|WP_011856563)	26.171	363	237	11	24	377	25	365	9.41e-23	98.6
g3073.t1	VFG028984(gb|YP_007957858)	29.651	172	117	2	202	373	96	263	7.56e-18	83.2
g3073.t1	VFG030923(gb|YP_007959531)	30.345	145	95	4	229	371	1	141	2.08e-15	73.6
g3468.t1	VFG030893(gb|WP_011782399)	32.317	328	207	6	74	397	101	417	2.24e-59	198
g3468.t1	VFG030907(gb|WP_014379023)	31.707	328	211	6	74	398	98	415	1.10e-57	194
g3468.t1	VFG030903(gb|WP_009956913)	31.402	328	212	6	74	398	98	415	4.93e-57	192
g3468.t1	VFG030889(gb|WP_011562054)	29.227	414	257	9	4	392	10	412	2.44e-56	190
g3468.t1	VFG030902(gb|WP_013470736)	30.650	323	209	6	74	392	101	412	6.47e-56	189
g3468.t1	VFG030892(gb|WP_011741756)	28.162	419	264	10	5	397	8	415	5.76e-55	186
g3468.t1	VFG030884(gb|WP_009974790)	31.707	328	211	6	74	398	98	415	9.63e-55	186
g3468.t1	VFG030883(gb|WP_003875680)	31.707	328	211	6	74	398	98	415	9.84e-55	186
g3468.t1	VFG030899(gb|WP_012396556)	27.924	419	265	10	5	397	8	415	1.12e-53	183
g3468.t1	VFG030913(gb|WP_015357395)	27.685	419	266	10	5	397	8	415	1.25e-53	183
g3468.t1	VFG030900(gb|WP_013830617)	29.969	327	218	5	74	398	97	414	1.25e-53	183
g3468.t1	VFG030888(gb|WP_085976294)	28.708	418	256	8	5	394	14	417	1.54e-53	183
g3468.t1	VFG030911(gb|WP_041181313)	27.751	418	267	9	5	397	8	415	1.96e-53	182
g3468.t1	VFG030887(gb|WP_011730960)	29.907	321	214	6	74	392	98	409	3.03e-53	182
g3468.t1	VFG030886(gb|WP_011894151)	32.459	305	182	6	74	368	98	388	8.90e-53	181
g3468.t1	VFG030881(gb|WP_003912260)	27.512	418	268	9	5	397	8	415	3.38e-52	179
g3468.t1	VFG030910(gb|WP_041179768)	27.512	418	268	9	5	397	8	415	3.79e-52	179
g3468.t1	VFG030880(gb|NP_218062)	27.446	419	269	9	5	398	24	432	5.41e-52	179
g3468.t1	VFG030912(gb|WP_041180662)	27.512	418	268	9	5	397	8	415	5.96e-52	179
g3468.t1	VFG030901(gb|WP_009938697)	27.512	418	268	9	5	397	8	415	1.12e-51	178
g3468.t1	VFG030898(gb|WP_041180163)	27.273	418	269	9	5	397	8	415	1.76e-51	177
g3468.t1	VFG030895(gb|YP_001701365)	30.650	323	210	7	74	392	98	410	2.41e-51	177
g3468.t1	VFG030931(gb|WP_015307287)	26.683	416	263	8	5	392	8	409	1.48e-48	169
g3468.t1	VFG022289(gb|WP_011856563)	28.313	332	231	5	49	379	48	373	8.03e-32	124
g3468.t1	VFG028991(gb|WP_020822623)	27.353	340	227	4	38	371	42	367	2.41e-31	122
g3468.t1	VFG024652(gb|WP_014384783)	27.059	340	228	4	38	371	42	367	1.20e-30	120
g3468.t1	VFG024651(gb|WP_009954153)	27.059	340	228	4	38	371	42	367	1.20e-30	120
g3468.t1	VFG024649(gb|WP_014942096)	26.765	340	229	4	38	371	42	367	1.63e-30	120
g3468.t1	VFG022288(gb|WP_011782127)	26.131	398	281	8	1	396	1	387	1.82e-30	120
g3468.t1	VFG028978(gb|WP_003901253)	26.647	334	236	4	38	369	45	371	3.16e-30	119
g3468.t1	VFG024653(gb|WP_014380203)	26.765	340	229	4	38	371	42	367	4.40e-30	119
g3468.t1	VFG028974(gb|WP_015293197)	26.347	334	237	4	38	369	45	371	4.67e-30	119
g3468.t1	VFG028973(gb|WP_015290143)	26.347	334	237	4	38	369	45	371	9.58e-30	118
g3468.t1	VFG022280(gb|NP_216301)	26.347	334	237	4	38	369	45	371	1.09e-29	118
g3468.t1	VFG023501(gb|WP_014000947)	26.347	334	237	4	38	369	45	371	2.37e-29	117
g3468.t1	VFG024650(gb|WP_008257053)	26.257	358	243	5	38	389	42	384	2.68e-29	117
g3468.t1	VFG028972(gb|WP_015303219)	26.347	334	237	4	38	369	45	371	5.52e-29	116
g3468.t1	VFG024648(gb|WP_172527946)	25.000	352	254	5	17	366	2	345	1.80e-28	114
g3468.t1	VFG022286(gb|WP_003876469)	25.836	329	236	3	38	366	42	362	6.50e-28	113
g3468.t1	VFG030923(gb|YP_007959531)	34.247	146	91	3	225	368	2	144	1.34e-27	107
g3468.t1	VFG028975(gb|WP_015355467)	25.150	334	243	4	38	371	45	371	2.45e-25	106
g3468.t1	VFG022290(gb|WP_011561799)	25.210	357	257	6	12	366	16	364	3.54e-25	105
g3468.t1	VFG023499(gb|WP_012394383)	24.850	334	244	4	38	371	45	371	1.09e-24	104
g3468.t1	VFG022287(gb|WP_011740947)	24.850	334	244	4	38	371	45	371	1.12e-24	104
g3468.t1	VFG028984(gb|YP_007957858)	28.185	259	176	3	113	369	15	265	4.16e-22	95.1
g3495.t1	VFG030881(gb|WP_003912260)	100.000	417	0	0	1	417	1	417	0.0	868
g3495.t1	VFG030912(gb|WP_041180662)	99.760	417	1	0	1	417	1	417	0.0	867
g3495.t1	VFG030880(gb|NP_218062)	99.760	417	1	0	1	417	17	433	0.0	867
g3495.t1	VFG030910(gb|WP_041179768)	99.760	417	1	0	1	417	1	417	0.0	866
g3495.t1	VFG030901(gb|WP_009938697)	99.760	417	1	0	1	417	1	417	0.0	866
g3495.t1	VFG030898(gb|WP_041180163)	99.760	417	1	0	1	417	1	417	0.0	866
g3495.t1	VFG030911(gb|WP_041181313)	99.281	417	3	0	1	417	1	417	0.0	862
g3495.t1	VFG030913(gb|WP_015357395)	90.408	417	40	0	1	417	1	417	0.0	763
g3495.t1	VFG030899(gb|WP_012396556)	90.408	417	40	0	1	417	1	417	0.0	763
g3495.t1	VFG030892(gb|WP_011741756)	90.408	417	40	0	1	417	1	417	0.0	761
g3495.t1	VFG030903(gb|WP_009956913)	82.014	417	74	1	1	417	1	416	0.0	696
g3495.t1	VFG030907(gb|WP_014379023)	81.775	417	75	1	1	417	1	416	0.0	695
g3495.t1	VFG030884(gb|WP_009974790)	82.734	417	71	1	1	417	1	416	0.0	685
g3495.t1	VFG030883(gb|WP_003875680)	82.734	417	71	1	1	417	1	416	0.0	685
g3495.t1	VFG030895(gb|YP_001701365)	76.316	418	95	3	1	415	1	417	0.0	667
g3495.t1	VFG030900(gb|WP_013830617)	78.208	413	90	0	5	417	3	415	0.0	663
g3495.t1	VFG030931(gb|WP_015307287)	72.662	417	113	1	1	417	1	416	0.0	637
g3495.t1	VFG030893(gb|WP_011782399)	74.524	420	103	2	1	417	1	419	0.0	636
g3495.t1	VFG030887(gb|WP_011730960)	75.701	428	92	2	1	417	1	427	0.0	635
g3495.t1	VFG030902(gb|WP_013470736)	74.347	421	103	3	1	417	1	420	0.0	629
g3495.t1	VFG030886(gb|WP_011894151)	73.923	418	107	2	1	417	1	417	0.0	626
g3495.t1	VFG030889(gb|WP_011562054)	74.065	428	99	3	1	417	1	427	0.0	621
g3495.t1	VFG030888(gb|WP_085976294)	73.284	408	108	1	4	411	10	416	0.0	619
g3495.t1	VFG030923(gb|YP_007959531)	97.674	172	4	0	246	417	1	172	1.41e-124	357
g3495.t1	VFG022288(gb|WP_011782127)	28.612	353	216	12	53	392	36	365	1.43e-32	126
g3495.t1	VFG024649(gb|WP_014942096)	26.216	370	249	11	22	386	11	361	2.21e-28	115
g3495.t1	VFG024648(gb|WP_172527946)	26.944	360	227	12	46	392	16	352	3.68e-28	114
g3495.t1	VFG022290(gb|WP_011561799)	27.034	381	230	13	25	392	26	371	7.73e-28	113
g3495.t1	VFG024650(gb|WP_008257053)	25.916	382	255	10	12	386	1	361	9.25e-28	113
g3495.t1	VFG022289(gb|WP_011856563)	25.067	371	253	9	23	386	7	359	4.56e-27	111
g3495.t1	VFG024653(gb|WP_014380203)	25.519	337	231	10	57	386	38	361	1.46e-26	109
g3495.t1	VFG024652(gb|WP_014384783)	25.519	337	231	10	57	386	38	361	1.48e-26	109
g3495.t1	VFG024651(gb|WP_009954153)	25.519	337	231	10	57	386	38	361	1.66e-26	109
g3495.t1	VFG028991(gb|WP_020822623)	25.223	337	232	10	57	386	38	361	4.68e-26	108
g3495.t1	VFG028974(gb|WP_015293197)	25.723	346	235	7	53	392	46	375	1.01e-25	107
g3495.t1	VFG028972(gb|WP_015303219)	25.723	346	235	7	53	392	46	375	1.15e-25	107
g3495.t1	VFG022286(gb|WP_003876469)	24.478	335	237	7	57	386	38	361	1.18e-25	107
g3495.t1	VFG028973(gb|WP_015290143)	25.723	346	235	7	53	392	46	375	1.27e-25	107
g3495.t1	VFG022280(gb|NP_216301)	25.723	346	235	7	53	392	46	375	1.31e-25	107
g3495.t1	VFG023501(gb|WP_014000947)	25.723	346	235	7	53	392	46	375	2.01e-25	106
g3495.t1	VFG028978(gb|WP_003901253)	25.434	346	236	7	53	392	46	375	7.59e-25	105
g3495.t1	VFG028975(gb|WP_015355467)	25.000	380	256	11	22	392	14	373	7.69e-24	102
g3495.t1	VFG023499(gb|WP_012394383)	25.000	380	256	11	22	392	14	373	1.69e-23	101
g3495.t1	VFG022287(gb|WP_011740947)	24.737	380	257	11	22	392	14	373	4.55e-23	100
g3495.t1	VFG028984(gb|YP_007957858)	25.843	267	184	6	134	392	9	269	4.10e-17	81.3
g2512.t1	VFG030893(gb|WP_011782399)	26.744	344	229	8	63	403	57	380	1.50e-29	119
g2512.t1	VFG030889(gb|WP_011562054)	24.855	346	239	6	63	406	57	383	2.19e-29	119
g2512.t1	VFG030887(gb|WP_011730960)	26.087	345	230	8	63	403	54	377	4.18e-29	118
g2512.t1	VFG022286(gb|WP_003876469)	25.634	355	229	6	47	400	30	350	5.37e-29	117
g2512.t1	VFG030902(gb|WP_013470736)	25.364	343	235	7	63	403	57	380	1.36e-28	116
g2512.t1	VFG030884(gb|WP_009974790)	26.460	291	203	4	114	403	97	377	6.53e-28	114
g2512.t1	VFG030883(gb|WP_003875680)	26.712	292	201	6	114	403	97	377	7.77e-28	114
g2512.t1	VFG030911(gb|WP_041181313)	27.451	306	209	5	116	418	100	395	9.11e-28	114
g2512.t1	VFG030892(gb|WP_011741756)	26.131	398	257	12	20	403	4	378	1.06e-27	114
g2512.t1	VFG030899(gb|WP_012396556)	26.131	398	257	12	20	403	4	378	1.41e-27	113
g2512.t1	VFG030912(gb|WP_041180662)	27.241	290	198	5	116	403	100	378	1.55e-27	113
g2512.t1	VFG030880(gb|NP_218062)	27.241	290	198	5	116	403	116	394	1.56e-27	113
g2512.t1	VFG030881(gb|WP_003912260)	27.241	290	198	5	116	403	100	378	1.57e-27	113
g2512.t1	VFG030913(gb|WP_015357395)	27.835	291	198	6	115	403	98	378	1.89e-27	113
g2512.t1	VFG030910(gb|WP_041179768)	27.241	290	198	5	116	403	100	378	1.89e-27	113
g2512.t1	VFG030901(gb|WP_009938697)	27.241	290	198	5	116	403	100	378	3.87e-27	112
g2512.t1	VFG030895(gb|YP_001701365)	23.940	401	249	11	28	403	9	378	5.09e-27	112
g2512.t1	VFG030898(gb|WP_041180163)	26.897	290	199	5	116	403	100	378	8.38e-27	111
g2512.t1	VFG030907(gb|WP_014379023)	25.773	291	205	4	114	403	97	377	1.07e-26	111
g2512.t1	VFG030903(gb|WP_009956913)	25.773	291	205	4	114	403	97	377	1.07e-26	111
g2512.t1	VFG028991(gb|WP_020822623)	25.634	355	229	7	47	400	30	350	4.43e-26	108
g2512.t1	VFG030900(gb|WP_013830617)	25.320	391	256	11	28	403	7	376	4.66e-26	109
g2512.t1	VFG030888(gb|WP_085976294)	25.622	402	261	12	16	403	6	383	8.99e-26	108
g2512.t1	VFG024649(gb|WP_014942096)	25.070	355	231	6	47	400	30	350	2.39e-25	106
g2512.t1	VFG024651(gb|WP_009954153)	25.352	355	230	7	47	400	30	350	2.41e-25	106
g2512.t1	VFG024652(gb|WP_014384783)	25.352	355	230	7	47	400	30	350	2.46e-25	106
g2512.t1	VFG024650(gb|WP_008257053)	24.789	355	232	6	47	400	30	350	3.80e-25	106
g2512.t1	VFG030886(gb|WP_011894151)	27.148	291	197	7	116	403	99	377	6.12e-25	105
g2512.t1	VFG024653(gb|WP_014380203)	25.070	355	231	7	47	400	30	350	7.90e-25	105
g2512.t1	VFG028978(gb|WP_003901253)	26.347	334	217	4	63	396	48	352	9.53e-25	105
g2512.t1	VFG028974(gb|WP_015293197)	26.567	335	215	5	63	396	48	352	1.83e-24	104
g2512.t1	VFG028973(gb|WP_015290143)	26.567	335	215	5	63	396	48	352	1.92e-24	104
g2512.t1	VFG022280(gb|NP_216301)	26.567	335	215	5	63	396	48	352	2.51e-24	103
g2512.t1	VFG023499(gb|WP_012394383)	25.594	379	231	7	40	400	9	354	2.53e-24	103
g2512.t1	VFG022287(gb|WP_011740947)	25.882	340	217	6	63	400	48	354	2.60e-24	103
g2512.t1	VFG028972(gb|WP_015303219)	26.567	335	215	5	63	396	48	352	3.16e-24	103
g2512.t1	VFG023501(gb|WP_014000947)	26.567	335	215	5	63	396	48	352	3.91e-24	103
g2512.t1	VFG028975(gb|WP_015355467)	25.330	379	232	7	40	400	9	354	7.12e-24	102
g2512.t1	VFG024648(gb|WP_172527946)	27.900	319	210	9	120	433	64	367	1.32e-23	101
g2512.t1	VFG022288(gb|WP_011782127)	27.500	320	212	10	120	434	77	381	1.00e-22	99.4
g2512.t1	VFG022290(gb|WP_011561799)	27.273	319	212	9	120	433	83	386	3.78e-22	97.8
g2512.t1	VFG030931(gb|WP_015307287)	23.426	397	268	11	20	403	4	377	8.56e-22	97.1
g2512.t1	VFG022289(gb|WP_011856563)	29.667	300	188	7	120	412	79	362	3.96e-21	94.7
g2512.t1	VFG028984(gb|YP_007957858)	27.160	243	166	3	154	396	15	246	1.61e-16	79.7
g2512.t1	VFG030923(gb|YP_007959531)	33.088	136	85	4	270	403	2	133	1.77e-15	73.9
g3397.t1	VFG030883(gb|WP_003875680)	31.085	341	217	9	41	372	54	385	1.09e-45	162
g3397.t1	VFG030884(gb|WP_009974790)	31.085	341	217	9	41	372	54	385	1.18e-45	162
g3397.t1	VFG030903(gb|WP_009956913)	30.205	341	220	9	41	372	54	385	3.88e-45	161
g3397.t1	VFG030907(gb|WP_014379023)	30.205	341	220	9	41	372	54	385	4.35e-45	161
g3397.t1	VFG030893(gb|WP_011782399)	29.794	339	224	8	41	372	57	388	1.46e-44	159
g3397.t1	VFG030902(gb|WP_013470736)	31.959	291	188	6	88	372	102	388	3.03e-44	159
g3397.t1	VFG030899(gb|WP_012396556)	34.828	290	179	5	88	371	100	385	9.57e-44	157
g3397.t1	VFG030913(gb|WP_015357395)	34.459	296	183	6	88	376	100	391	1.43e-43	157
g3397.t1	VFG030892(gb|WP_011741756)	34.237	295	185	5	88	376	100	391	3.04e-43	156
g3397.t1	VFG030889(gb|WP_011562054)	31.959	291	188	6	88	372	102	388	3.50e-43	156
g3397.t1	VFG030886(gb|WP_011894151)	30.294	340	221	6	41	372	54	385	5.64e-43	155
g3397.t1	VFG030887(gb|WP_011730960)	31.959	291	188	6	88	372	99	385	2.88e-42	154
g3397.t1	VFG030911(gb|WP_041181313)	30.383	339	224	7	40	372	54	386	7.39e-42	152
g3397.t1	VFG030881(gb|WP_003912260)	30.383	339	224	7	40	372	54	386	1.03e-41	152
g3397.t1	VFG030912(gb|WP_041180662)	30.383	339	224	7	40	372	54	386	1.17e-41	152
g3397.t1	VFG030900(gb|WP_013830617)	29.379	354	236	6	25	371	37	383	1.21e-41	152
g3397.t1	VFG030880(gb|NP_218062)	30.383	339	224	7	40	372	70	402	1.37e-41	152
g3397.t1	VFG030910(gb|WP_041179768)	30.383	339	224	7	40	372	54	386	1.65e-41	151
g3397.t1	VFG030901(gb|WP_009938697)	30.383	339	224	7	40	372	54	386	2.54e-41	151
g3397.t1	VFG030898(gb|WP_041180163)	30.088	339	225	7	40	372	54	386	6.25e-41	150
g3397.t1	VFG030895(gb|YP_001701365)	31.549	355	222	10	41	383	54	399	1.65e-40	149
g3397.t1	VFG030931(gb|WP_015307287)	30.899	356	222	9	41	383	54	398	3.33e-40	148
g3397.t1	VFG030888(gb|WP_085976294)	31.953	338	216	8	41	371	60	390	7.62e-40	147
g3397.t1	VFG028973(gb|WP_015290143)	32.698	315	199	8	89	397	84	391	2.28e-39	145
g3397.t1	VFG022280(gb|NP_216301)	32.698	315	199	8	89	397	84	391	3.13e-39	144
g3397.t1	VFG028972(gb|WP_015303219)	32.698	315	199	8	89	397	84	391	5.17e-39	144
g3397.t1	VFG023501(gb|WP_014000947)	32.698	315	199	8	89	397	84	391	5.78e-39	144
g3397.t1	VFG028978(gb|WP_003901253)	32.381	315	200	8	89	397	84	391	2.55e-38	142
g3397.t1	VFG028974(gb|WP_015293197)	32.063	315	201	8	89	397	84	391	4.81e-38	141
g3397.t1	VFG028991(gb|WP_020822623)	30.573	314	209	6	89	399	80	387	2.25e-37	139
g3397.t1	VFG024652(gb|WP_014384783)	30.573	314	209	6	89	399	80	387	2.70e-37	139
g3397.t1	VFG024653(gb|WP_014380203)	30.573	314	209	6	89	399	80	387	2.81e-37	139
g3397.t1	VFG024651(gb|WP_009954153)	30.573	314	209	6	89	399	80	387	3.18e-37	139
g3397.t1	VFG024650(gb|WP_008257053)	30.255	314	210	6	89	399	80	387	6.63e-37	138
g3397.t1	VFG024649(gb|WP_014942096)	30.255	314	210	6	89	399	80	387	1.41e-36	137
g3397.t1	VFG023499(gb|WP_012394383)	29.618	314	209	6	89	397	83	389	1.09e-35	135
g3397.t1	VFG022287(gb|WP_011740947)	29.618	314	209	6	89	397	83	389	1.16e-35	135
g3397.t1	VFG028975(gb|WP_015355467)	29.618	314	209	6	89	397	83	389	1.81e-35	134
g3397.t1	VFG022286(gb|WP_003876469)	29.514	288	195	4	89	373	80	362	1.65e-33	129
g3397.t1	VFG022289(gb|WP_011856563)	28.649	370	237	10	23	374	1	361	5.85e-33	127
g3397.t1	VFG024648(gb|WP_172527946)	28.571	315	212	6	89	397	61	368	7.56e-32	124
g3397.t1	VFG028984(gb|YP_007957858)	32.404	287	181	8	117	397	6	285	8.77e-32	122
g3397.t1	VFG022290(gb|WP_011561799)	30.132	302	196	7	89	382	80	374	2.53e-31	123
g3397.t1	VFG022288(gb|WP_011782127)	29.000	300	202	7	89	382	74	368	4.00e-31	122
g3397.t1	VFG030923(gb|YP_007959531)	34.965	143	87	4	232	372	3	141	1.97e-19	85.1
