g186.t1	VFG009314(gb|WP_010907615)	100.000	142	0	0	1	142	1	142	1.66e-100	284
g186.t1	VFG007787(gb|WP_003875613)	87.413	143	17	1	1	142	1	143	5.35e-85	244
g186.t1	VFG023939(gb|WP_041787007)	87.324	142	15	1	1	142	1	139	3.64e-84	242
g186.t1	VFG008117(gb|WP_012396624)	86.713	143	18	1	1	142	1	143	9.57e-84	241
g186.t1	VFG007786(gb|WP_008263496)	86.620	142	16	1	1	142	1	139	2.08e-83	240
g186.t1	VFG007788(gb|WP_015309658)	85.507	138	17	1	1	138	1	135	2.28e-80	233
g186.t1	VFG001416(gb|NP_218118)	82.857	140	21	1	1	140	1	137	1.46e-77	226
g186.t1	VFG008115(gb|WP_015291574)	82.143	140	22	1	1	140	1	137	1.77e-77	225
g186.t1	VFG009318(gb|WP_011782502)	82.609	138	21	1	1	138	1	135	3.90e-77	224
g186.t1	VFG008113(gb|WP_014001826)	82.857	140	21	1	1	140	1	137	4.97e-77	224
g186.t1	VFG022623(gb|WP_013830813)	82.609	138	21	1	1	138	1	135	3.32e-76	222
g186.t1	VFG009319(gb|WP_011562138)	79.710	138	25	1	1	138	1	135	4.36e-74	217
g186.t1	VFG009317(gb|WP_011892322)	76.812	138	28	1	1	138	1	134	4.98e-72	211
g186.t1	VFG023934(gb|WP_013472894)	76.087	138	29	1	1	138	1	134	9.82e-72	211
g186.t1	VFG008112(gb|WP_025982985)	71.631	141	33	2	1	138	1	137	1.60e-65	195
g186.t1	VFG022617(gb|YP_001701295)	71.631	141	33	2	1	138	2	138	4.28e-65	194
g186.t1	VFG008118(gb|WP_005065021)	70.922	141	34	2	1	138	1	137	6.64e-65	194
g186.t1	VFG009316(gb|WP_011726613)	63.636	121	44	0	1	121	1	121	2.34e-49	154
g3550.t1	VFG001416(gb|NP_218118)	100.000	139	0	0	1	139	1	139	6.53e-99	280
g3550.t1	VFG008113(gb|WP_014001826)	99.281	139	1	0	1	139	1	139	6.41e-98	277
g3550.t1	VFG008115(gb|WP_015291574)	98.561	139	2	0	1	139	1	139	8.17e-97	274
g3550.t1	VFG023939(gb|WP_041787007)	90.441	136	13	0	1	136	1	136	3.82e-87	250
g3550.t1	VFG007786(gb|WP_008263496)	89.706	136	14	0	1	136	1	136	3.32e-86	247
g3550.t1	VFG007787(gb|WP_003875613)	87.857	140	13	1	1	136	1	140	2.77e-84	243
g3550.t1	VFG007788(gb|WP_015309658)	88.148	135	16	0	1	135	1	135	6.78e-84	241
g3550.t1	VFG008117(gb|WP_012396624)	87.943	141	13	1	1	137	1	141	9.16e-83	239
g3550.t1	VFG009318(gb|WP_011782502)	85.185	135	20	0	1	135	1	135	7.19e-81	234
g3550.t1	VFG022623(gb|WP_013830813)	85.185	135	20	0	1	135	1	135	5.42e-80	232
g3550.t1	VFG009317(gb|WP_011892322)	84.444	135	20	1	1	135	1	134	1.47e-78	228
g3550.t1	VFG023934(gb|WP_013472894)	83.704	135	21	1	1	135	1	134	3.00e-78	227
g3550.t1	VFG009314(gb|WP_010907615)	82.857	140	21	1	1	137	1	140	1.43e-77	226
g3550.t1	VFG009319(gb|WP_011562138)	82.222	135	24	0	1	135	1	135	8.32e-77	223
g3550.t1	VFG008118(gb|WP_005065021)	76.812	138	28	2	1	135	1	137	2.69e-71	210
g3550.t1	VFG008112(gb|WP_025982985)	76.812	138	28	2	1	135	1	137	6.47e-71	209
g3550.t1	VFG022617(gb|YP_001701295)	76.812	138	28	2	1	135	2	138	1.79e-70	207
g3550.t1	VFG009316(gb|WP_011726613)	61.654	133	50	1	1	132	1	133	3.91e-50	156
g4822.t1	VFG007787(gb|WP_003875613)	45.600	125	65	1	1	122	1	125	5.49e-32	110
g4822.t1	VFG022623(gb|WP_013830813)	44.186	129	69	1	1	126	1	129	5.49e-32	110
g4822.t1	VFG007786(gb|WP_008263496)	44.800	125	66	1	1	122	1	125	1.07e-31	109
g4822.t1	VFG023939(gb|WP_041787007)	44.800	125	66	1	1	122	1	125	1.46e-31	108
g4822.t1	VFG008115(gb|WP_015291574)	44.000	125	67	1	1	122	1	125	2.20e-31	108
g4822.t1	VFG008117(gb|WP_012396624)	44.000	125	67	1	1	122	1	125	5.64e-31	107
g4822.t1	VFG007788(gb|WP_015309658)	46.018	113	61	0	1	113	1	113	2.11e-30	105
g4822.t1	VFG009319(gb|WP_011562138)	44.828	116	64	0	1	116	1	116	5.11e-30	104
g4822.t1	VFG001416(gb|NP_218118)	44.000	125	67	1	1	122	1	125	6.17e-30	104
g4822.t1	VFG008118(gb|WP_005065021)	46.018	113	61	0	1	113	1	113	8.69e-30	104
g4822.t1	VFG008112(gb|WP_025982985)	46.018	113	61	0	1	113	1	113	1.14e-29	103
g4822.t1	VFG008113(gb|WP_014001826)	48.148	108	56	0	1	108	1	108	1.17e-29	103
g4822.t1	VFG009314(gb|WP_010907615)	40.800	125	71	1	5	126	5	129	1.37e-29	103
g4822.t1	VFG009318(gb|WP_011782502)	44.248	113	63	0	1	113	1	113	1.73e-29	103
g4822.t1	VFG023934(gb|WP_013472894)	42.982	114	65	0	1	114	1	114	3.41e-29	102
g4822.t1	VFG009317(gb|WP_011892322)	42.982	114	65	0	1	114	1	114	3.89e-29	102
g4822.t1	VFG022617(gb|YP_001701295)	45.133	113	62	0	1	113	2	114	7.70e-29	102
g4822.t1	VFG009316(gb|WP_011726613)	40.351	114	68	0	1	114	1	114	4.23e-25	92.4
g175.t1	VFG008117(gb|WP_012396624)	51.327	113	55	0	1	113	1	113	2.84e-41	133
g175.t1	VFG007786(gb|WP_008263496)	51.327	113	55	0	1	113	1	113	3.10e-41	133
g175.t1	VFG007788(gb|WP_015309658)	50.442	113	56	0	1	113	1	113	7.34e-41	132
g175.t1	VFG009318(gb|WP_011782502)	50.893	112	55	0	1	112	1	112	1.40e-40	131
g175.t1	VFG007787(gb|WP_003875613)	50.442	113	56	0	1	113	1	113	1.51e-40	131
g175.t1	VFG023939(gb|WP_041787007)	50.442	113	56	0	1	113	1	113	1.67e-40	131
g175.t1	VFG022623(gb|WP_013830813)	50.442	113	56	0	1	113	1	113	2.85e-40	130
g175.t1	VFG009319(gb|WP_011562138)	50.000	112	56	0	1	112	1	112	6.12e-40	130
g175.t1	VFG008112(gb|WP_025982985)	49.558	113	57	0	1	113	1	113	1.98e-39	129
g175.t1	VFG023934(gb|WP_013472894)	50.000	114	57	0	1	114	1	114	2.06e-39	128
g175.t1	VFG008115(gb|WP_015291574)	48.673	113	58	0	1	113	1	113	2.50e-39	128
g175.t1	VFG009317(gb|WP_011892322)	49.123	114	58	0	1	114	1	114	3.19e-39	128
g175.t1	VFG009314(gb|WP_010907615)	44.186	129	69	1	1	126	1	129	3.92e-39	128
g175.t1	VFG022617(gb|YP_001701295)	49.558	113	57	0	1	113	2	114	7.02e-39	127
g175.t1	VFG008113(gb|WP_014001826)	49.558	113	57	0	1	113	1	113	1.01e-38	127
g175.t1	VFG001416(gb|NP_218118)	49.558	113	57	0	1	113	1	113	1.05e-38	127
g175.t1	VFG008118(gb|WP_005065021)	48.673	113	58	0	1	113	1	113	1.16e-38	127
g175.t1	VFG009316(gb|WP_011726613)	43.860	114	64	0	1	114	1	114	3.33e-30	105
