g381.t1	VFG003391(gb|WP_011191878)	27.350	234	148	8	158	388	111	325	2.81e-15	76.3
g381.t1	VFG002705(gb|WP_002208598)	26.923	234	149	8	158	388	111	325	3.90e-15	75.5
g1916.t1	VFG003391(gb|WP_011191878)	26.994	326	224	5	11	335	16	328	4.11e-29	119
g1916.t1	VFG002705(gb|WP_002208598)	26.687	326	225	5	11	335	16	328	5.31e-29	118
g2551.t1	VFG002705(gb|WP_002208598)	27.586	319	214	8	25	338	22	328	4.86e-42	148
g2551.t1	VFG003391(gb|WP_011191878)	27.586	319	214	8	25	338	22	328	7.25e-42	148
g2553.t1	VFG002705(gb|WP_002208598)	27.070	314	221	5	24	335	21	328	4.02e-39	140
g2553.t1	VFG003391(gb|WP_011191878)	27.070	314	221	5	24	335	21	328	5.68e-39	140
g3054.t1	VFG003391(gb|WP_011191878)	25.000	364	216	12	47	405	14	325	1.59e-25	105
g3054.t1	VFG002705(gb|WP_002208598)	24.725	364	217	12	47	405	14	325	2.10e-25	105
g4413.t1	VFG002705(gb|WP_002208598)	25.962	312	205	11	17	306	20	327	1.94e-19	87.0
g4413.t1	VFG003391(gb|WP_011191878)	25.962	312	205	11	17	306	20	327	2.12e-19	86.7
g5337.t1	VFG003391(gb|WP_011191878)	29.969	327	216	7	1	317	3	326	1.22e-38	139
g5337.t1	VFG002705(gb|WP_002208598)	29.664	327	217	7	1	317	3	326	1.86e-38	139
g1954.t1	VFG003391(gb|WP_011191878)	51.220	328	155	2	1	323	1	328	3.04e-118	344
g1954.t1	VFG002705(gb|WP_002208598)	50.915	328	156	2	1	323	1	328	6.24e-118	343
g3714.t1	VFG002705(gb|WP_002208598)	31.602	231	150	6	3	230	100	325	3.49e-34	124
g3714.t1	VFG003391(gb|WP_011191878)	31.169	231	151	6	3	230	100	325	7.30e-34	124
