g1460.t1	VFG001258(gb|NP_250136)	100.000	150	0	0	1	150	1	150	2.56e-102	289
g1460.t1	VFG014526(gb|WP_012076410)	90.066	151	14	1	1	150	1	151	2.59e-77	226
g1460.t1	VFG014529(gb|WP_003343990)	64.912	114	40	0	36	149	33	146	3.33e-48	152
g1460.t1	VFG014530(gb|WP_004664467)	64.912	114	40	0	36	149	33	146	3.85e-47	149
g1460.t1	VFG014528(gb|WP_005766986)	60.526	114	45	0	36	149	33	146	2.90e-46	147
g1460.t1	VFG014536(gb|WP_012019018)	72.868	129	33	1	21	149	16	142	3.55e-46	147
g1460.t1	VFG014537(gb|WP_011913689)	65.909	132	39	1	19	150	14	139	1.18e-45	145
g1460.t1	VFG014533(gb|WP_044488293)	57.353	136	53	3	16	149	16	148	2.56e-41	135
g1460.t1	VFG019850(gb|WP_015885181)	69.027	113	35	0	37	149	32	144	4.09e-41	134
g1460.t1	VFG014534(gb|WP_011059986)	72.414	116	28	2	35	149	34	146	9.95e-41	133
g1460.t1	VFG015702(gb|WP_012273499)	61.321	106	40	1	43	147	36	141	3.43e-39	129
g1460.t1	VFG015703(gb|WP_012315512)	63.889	108	38	1	43	149	43	150	1.87e-35	120
g1460.t1	VFG014531(gb|WP_010955081)	63.208	106	38	1	43	147	36	141	1.57e-33	115
g1460.t1	VFG014535(gb|WP_041475176)	66.667	90	28	2	62	149	62	151	2.43e-33	114
g1460.t1	VFG014532(gb|WP_012051632)	63.208	106	38	1	43	147	36	141	4.14e-33	114
g1460.t1	VFG007420(gb|WP_005457659)	39.496	119	70	1	30	148	21	137	5.28e-19	77.8
g1460.t1	VFG038665(gb|WP_005353678)	37.895	95	55	2	53	147	35	125	1.35e-14	65.9
g1460.t1	VFG038663(gb|WP_005298795)	38.947	95	54	2	53	147	36	126	1.90e-14	65.5
g1460.t1	VFG007421(gb|WP_011079843)	36.434	129	74	3	25	147	14	140	3.07e-14	65.5
g1460.t1	VFG007423(gb|WP_005420341)	34.783	115	71	3	36	148	16	128	5.46e-14	64.3
g1460.t1	VFG038664(gb|WP_005319315)	36.842	95	56	2	53	147	36	126	1.55e-13	63.2
g1460.t1	VFG011332(gb|WP_012417376)	36.538	104	63	2	42	145	4	104	9.00e-13	60.5
g1460.t1	VFG011329(gb|WP_003811855)	36.893	103	63	2	46	147	8	109	2.34e-12	59.7
g1460.t1	VFG025411(gb|WP_011544467)	36.735	98	55	3	22	118	45	136	5.34e-11	57.8
g1460.t1	VFG025413(gb|WP_006491284)	34.021	97	59	1	22	118	45	136	5.58e-11	57.8
g1460.t1	VFG002017(gb|WP_010947516)	26.446	121	83	2	13	133	8	122	7.12e-11	56.6
g1460.t1	VFG025423(gb|WP_009908255)	31.818	110	70	1	26	135	68	172	1.89e-10	56.6
g1460.t1	VFG025414(gb|WP_041491933)	32.990	97	60	1	22	118	45	136	2.20e-10	56.2
g1460.t1	VFG025417(gb|WP_011857931)	33.333	93	57	1	26	118	62	149	3.65e-10	55.8
g1460.t1	VFG003157(gb|WP_002231108)	39.560	91	49	3	60	144	79	169	4.26e-10	55.1
g1460.t1	VFG025419(gb|WP_004535869)	33.333	93	57	1	26	118	72	159	4.37e-10	55.8
g1460.t1	VFG025416(gb|WP_004202872)	33.333	93	57	1	26	118	62	149	4.38e-10	55.5
g1460.t1	VFG025415(gb|WP_004196781)	33.333	93	57	1	26	118	72	159	4.89e-10	55.5
g1460.t1	VFG002493(gb|WP_045606430)	33.333	93	57	1	26	118	72	159	4.89e-10	55.5
g1460.t1	VFG025421(gb|WP_011850858)	33.333	93	57	1	26	118	72	159	6.35e-10	55.5
g1460.t1	VFG043065(gb|NP_460931)	35.052	97	55	4	54	145	29	122	9.67e-10	53.1
g1460.t1	VFG003424(gb|WP_071880005)	38.462	91	50	3	60	144	99	189	1.02e-09	54.3
g1460.t1	VFG020230(gb|WP_012413662)	38.462	91	50	3	60	144	84	174	1.37e-09	53.9
g1460.t1	VFG017321(gb|WP_012105277)	38.462	91	50	3	60	144	79	169	1.61e-09	53.5
g1460.t1	VFG002666(gb|WP_002211133)	38.462	91	50	3	60	144	79	169	3.06e-09	52.8
g1460.t1	VFG002337(gb|WP_005168820)	38.583	127	66	5	28	144	49	173	5.87e-08	49.7
g1460.t1	VFG023653(gb|WP_013649703)	38.235	102	45	5	62	147	83	182	7.79e-08	49.3
g1460.t1	VFG007418(gb|WP_001228179)	39.437	71	38	3	74	144	57	122	1.01e-06	45.1
g1848.t1	VFG043065(gb|NP_460931)	100.000	124	0	0	1	124	2	125	5.29e-86	246
g1848.t1	VFG043116(gb|WP_001302429)	68.000	125	35	3	1	124	1	121	1.24e-30	105
g1848.t1	VFG023653(gb|WP_013649703)	49.123	114	53	2	10	118	57	170	2.81e-24	91.7
g1848.t1	VFG002337(gb|WP_005168820)	50.000	114	52	2	10	118	57	170	3.12e-24	91.7
g1848.t1	VFG017321(gb|WP_012105277)	43.284	134	64	2	1	124	46	177	4.29e-22	85.9
g1848.t1	VFG002666(gb|WP_002211133)	43.284	134	64	2	1	124	46	177	5.98e-22	85.5
g1848.t1	VFG003157(gb|WP_002231108)	43.284	134	64	2	1	124	46	177	7.91e-22	85.1
g1848.t1	VFG020230(gb|WP_012413662)	43.284	134	64	2	1	124	51	182	8.12e-22	85.1
g1848.t1	VFG003424(gb|WP_071880005)	42.537	134	65	2	1	124	66	197	4.47e-21	83.6
g1848.t1	VFG011332(gb|WP_012417376)	40.385	104	57	2	18	121	6	104	1.45e-16	69.7
g1848.t1	VFG011329(gb|WP_003811855)	37.037	108	66	2	16	123	4	109	7.45e-14	62.8
g1848.t1	VFG025423(gb|WP_009908255)	42.683	82	41	3	28	106	91	169	2.19e-12	61.2
g1848.t1	VFG025414(gb|WP_041491933)	46.377	69	32	2	28	94	72	137	4.84e-12	59.7
g1848.t1	VFG025413(gb|WP_006491284)	46.377	69	32	2	28	94	72	137	5.09e-12	59.7
g1848.t1	VFG007423(gb|WP_005420341)	31.068	103	67	2	23	124	29	128	7.94e-12	57.8
g1848.t1	VFG025411(gb|WP_011544467)	45.588	68	32	2	28	93	72	136	3.65e-11	57.4
g1848.t1	VFG014536(gb|WP_012019018)	37.500	88	52	2	33	119	52	137	1.33e-10	55.1
g1848.t1	VFG014529(gb|WP_003343990)	33.333	105	61	4	15	115	38	137	1.77e-10	54.7
g1848.t1	VFG025417(gb|WP_011857931)	39.130	69	37	2	28	94	85	150	3.64e-10	55.1
g1848.t1	VFG025416(gb|WP_004202872)	40.580	69	36	2	28	94	85	150	3.87e-10	55.1
g1848.t1	VFG025419(gb|WP_004535869)	40.580	69	36	2	28	94	95	160	3.88e-10	55.1
g1848.t1	VFG025415(gb|WP_004196781)	40.580	69	36	2	28	94	95	160	3.88e-10	55.1
g1848.t1	VFG002493(gb|WP_045606430)	40.580	69	36	2	28	94	95	160	3.88e-10	55.1
g1848.t1	VFG002017(gb|WP_010947516)	28.926	121	75	4	5	121	23	136	4.47e-10	53.5
g1848.t1	VFG025421(gb|WP_011850858)	40.580	69	36	2	28	94	95	160	4.48e-10	55.1
g1848.t1	VFG014533(gb|WP_044488293)	33.333	120	73	4	5	119	26	143	6.12e-10	53.5
g1848.t1	VFG014528(gb|WP_005766986)	35.000	80	49	2	15	93	38	115	6.53e-10	53.1
g1848.t1	VFG007420(gb|WP_005457659)	29.524	105	72	2	12	115	29	132	7.72e-10	52.8
g1848.t1	VFG001258(gb|NP_250136)	35.052	97	55	4	28	121	54	145	8.44e-10	53.1
g1848.t1	VFG007421(gb|WP_011079843)	30.851	94	63	2	23	115	44	136	1.02e-09	52.8
g1848.t1	VFG015703(gb|WP_012315512)	35.514	107	65	3	15	119	41	145	2.16e-09	52.0
g1848.t1	VFG015702(gb|WP_012273499)	32.039	103	66	3	15	115	34	134	4.89e-09	50.8
g1848.t1	VFG014530(gb|WP_004664467)	31.429	105	63	4	15	115	38	137	7.36e-09	50.4
g1848.t1	VFG014526(gb|WP_012076410)	32.990	97	57	4	28	121	55	146	7.56e-09	50.4
g1848.t1	VFG019850(gb|WP_015885181)	30.851	94	61	3	32	124	53	143	1.49e-08	49.7
g1848.t1	VFG014535(gb|WP_041475176)	32.941	85	56	1	36	119	62	146	1.22e-07	47.4
g1848.t1	VFG014537(gb|WP_011913689)	32.941	85	54	2	36	119	51	133	3.74e-07	45.8
g1848.t1	VFG014534(gb|WP_011059986)	33.333	84	56	0	36	119	58	141	3.74e-07	45.8
g1848.t1	VFG038664(gb|WP_005319315)	29.293	99	60	3	28	124	37	127	5.22e-07	45.4
g1848.t1	VFG014531(gb|WP_010955081)	32.039	103	66	3	15	115	34	134	2.19e-06	43.9
g1848.t1	VFG038663(gb|WP_005298795)	28.283	99	61	3	28	124	37	127	4.84e-06	42.7
g1848.t1	VFG038665(gb|WP_005353678)	34.177	79	45	3	28	102	36	111	7.92e-06	42.0
g1848.t1	VFG014532(gb|WP_012051632)	31.068	103	67	3	15	115	34	134	8.86e-06	42.4
