g785.t1	VFG009433(gb|WP_010908073)	100.000	230	0	0	1	230	1	230	9.37e-168	461
g785.t1	VFG022679(gb|WP_012393787)	91.304	230	20	0	1	230	1	230	6.41e-154	426
g785.t1	VFG009434(gb|WP_011741143)	90.870	230	21	0	1	230	1	230	2.98e-153	424
g785.t1	VFG026470(gb|WP_015290888)	90.435	230	22	0	1	230	1	230	5.10e-152	421
g785.t1	VFG001406(gb|NP_217227)	90.000	230	23	0	1	230	1	230	1.61e-151	420
g785.t1	VFG009432(gb|WP_003875234)	90.435	230	21	1	1	230	1	229	1.22e-150	418
g785.t1	VFG009431(gb|WP_003878619)	90.000	230	22	1	1	230	1	229	2.34e-149	414
g785.t1	VFG023978(gb|WP_008258556)	89.130	230	24	1	1	230	1	229	2.19e-147	409
g785.t1	VFG022686(gb|WP_013829383)	83.913	230	37	0	1	230	1	230	2.11e-139	389
g785.t1	VFG009438(gb|WP_011559574)	83.913	230	37	0	1	230	1	230	8.57e-138	385
g785.t1	VFG009436(gb|WP_011894800)	83.478	230	37	1	1	230	1	229	5.51e-137	383
g785.t1	VFG009437(gb|WP_011779675)	83.478	230	37	1	1	230	1	229	1.09e-136	382
g785.t1	VFG009435(gb|WP_003894134)	82.174	230	41	0	1	230	1	230	1.60e-136	382
g785.t1	VFG026490(gb|WP_015306500)	82.609	230	39	1	1	230	1	229	1.20e-135	380
g785.t1	VFG026467(gb|WP_005057208)	83.043	230	37	2	1	230	1	228	6.54e-135	378
g785.t1	VFG022680(gb|YP_001703761)	83.043	230	37	2	1	230	1	228	1.17e-134	377
g785.t1	VFG013756(gb|WP_006767811)	58.696	230	91	3	1	230	1	226	2.48e-84	250
g785.t1	VFG021798(gb|WP_013242074)	57.391	230	94	2	1	230	1	226	2.20e-83	247
g785.t1	VFG013757(gb|WP_003857371)	58.261	230	92	3	1	230	1	226	3.80e-83	247
g785.t1	VFG013758(gb|WP_011014753)	58.261	230	92	3	1	230	1	226	7.74e-83	246
g785.t1	VFG013754(gb|WP_010935052)	55.217	230	99	3	1	230	1	226	4.45e-80	239
g785.t1	VFG013755(gb|WP_011273648)	53.942	241	98	4	1	230	1	239	1.80e-79	238
g2668.t1	VFG001406(gb|NP_217227)	100.000	230	0	0	1	230	1	230	1.14e-165	456
g2668.t1	VFG026470(gb|WP_015290888)	99.565	230	1	0	1	230	1	230	5.38e-165	454
g2668.t1	VFG022679(gb|WP_012393787)	92.609	230	17	0	1	230	1	230	2.44e-155	429
g2668.t1	VFG009434(gb|WP_011741143)	92.174	230	18	0	1	230	1	230	1.09e-154	428
g2668.t1	VFG009432(gb|WP_003875234)	93.478	230	14	1	1	230	1	229	2.31e-154	427
g2668.t1	VFG009431(gb|WP_003878619)	93.043	230	15	1	1	230	1	229	3.21e-153	424
g2668.t1	VFG009433(gb|WP_010908073)	90.000	230	23	0	1	230	1	230	1.61e-151	420
g2668.t1	VFG023978(gb|WP_008258556)	92.174	230	17	1	1	230	1	229	2.50e-150	417
g2668.t1	VFG009438(gb|WP_011559574)	88.696	230	26	0	1	230	1	230	3.60e-144	401
g2668.t1	VFG022686(gb|WP_013829383)	87.391	230	29	0	1	230	1	230	1.45e-143	400
g2668.t1	VFG009436(gb|WP_011894800)	87.826	230	27	1	1	230	1	229	7.25e-142	395
g2668.t1	VFG009437(gb|WP_011779675)	88.261	230	26	1	1	230	1	229	1.20e-141	395
g2668.t1	VFG009435(gb|WP_003894134)	86.522	230	31	0	1	230	1	230	2.51e-141	394
g2668.t1	VFG026490(gb|WP_015306500)	85.217	230	33	1	1	230	1	229	3.48e-138	386
g2668.t1	VFG026467(gb|WP_005057208)	82.174	230	39	2	1	230	1	228	1.41e-134	377
g2668.t1	VFG022680(gb|YP_001703761)	82.174	230	39	2	1	230	1	228	2.63e-134	376
g2668.t1	VFG021798(gb|WP_013242074)	58.974	234	84	3	1	230	1	226	7.45e-85	251
g2668.t1	VFG013757(gb|WP_003857371)	59.565	230	89	3	1	230	1	226	1.44e-83	248
g2668.t1	VFG013758(gb|WP_011014753)	59.565	230	89	3	1	230	1	226	3.37e-83	247
g2668.t1	VFG013756(gb|WP_006767811)	59.130	230	90	3	1	230	1	226	3.85e-83	247
g2668.t1	VFG013754(gb|WP_010935052)	57.391	230	94	3	1	230	1	226	2.12e-81	242
g2668.t1	VFG013755(gb|WP_011273648)	54.918	244	91	4	1	230	1	239	3.61e-79	237
