g143.t1	VFG009676(gb|WP_003876555)	35.329	167	101	3	12	177	25	185	1.62e-27	102
g143.t1	VFG009677(gb|WP_009976955)	34.731	167	102	3	12	177	25	185	2.19e-27	102
g143.t1	VFG024105(gb|WP_008256883)	35.329	167	101	3	12	177	25	185	2.46e-27	102
g143.t1	VFG009680(gb|WP_011730169)	32.335	167	107	2	21	187	35	195	4.21e-27	101
g143.t1	VFG009678(gb|WP_010908685)	33.533	167	104	3	12	177	25	185	5.68e-27	100
g143.t1	VFG001404(gb|NP_216944)	33.533	167	104	3	12	177	25	185	1.35e-26	100
g143.t1	VFG026890(gb|WP_015303486)	33.533	167	104	3	12	177	25	185	1.39e-26	100
g143.t1	VFG022829(gb|YP_001705132)	32.934	167	105	3	12	177	25	185	1.42e-26	100
g143.t1	VFG022828(gb|WP_012394463)	34.132	167	103	3	12	177	25	185	2.09e-26	99.8
g143.t1	VFG026892(gb|WP_015293685)	33.533	167	104	3	12	177	25	185	2.12e-26	99.8
g143.t1	VFG009679(gb|WP_011740864)	34.132	167	103	3	12	177	25	185	3.18e-26	99.0
g143.t1	VFG022835(gb|WP_013828895)	33.758	157	98	2	21	177	35	185	7.01e-26	98.2
g143.t1	VFG026903(gb|YP_007958466)	32.335	167	106	3	12	177	91	251	7.91e-23	92.8
g566.t1	VFG009680(gb|WP_011730169)	37.126	167	99	2	21	187	35	195	5.40e-35	121
g566.t1	VFG009676(gb|WP_003876555)	37.580	157	92	2	21	177	35	185	4.54e-33	116
g566.t1	VFG009677(gb|WP_009976955)	36.943	157	93	2	21	177	35	185	7.22e-33	116
g566.t1	VFG024105(gb|WP_008256883)	37.580	157	92	2	21	177	35	185	8.22e-33	116
g566.t1	VFG022829(gb|YP_001705132)	36.943	157	93	2	21	177	35	185	5.65e-32	114
g566.t1	VFG009678(gb|WP_010908685)	35.032	157	96	2	21	177	35	185	5.77e-32	114
g566.t1	VFG022835(gb|WP_013828895)	36.943	157	93	2	21	177	35	185	2.60e-31	112
g566.t1	VFG022828(gb|WP_012394463)	35.669	157	95	2	21	177	35	185	1.59e-30	110
g566.t1	VFG009679(gb|WP_011740864)	35.669	157	95	2	21	177	35	185	3.47e-30	109
g566.t1	VFG001404(gb|NP_216944)	33.758	157	98	2	21	177	35	185	5.51e-30	108
g566.t1	VFG026890(gb|WP_015303486)	33.758	157	98	2	21	177	35	185	5.63e-30	108
g566.t1	VFG026892(gb|WP_015293685)	33.758	157	98	2	21	177	35	185	8.38e-30	108
g566.t1	VFG026903(gb|YP_007958466)	32.484	157	100	2	21	177	101	251	1.16e-25	100
