g1747.t1	VFG000219(gb|NP_250415)	100.000	208	0	0	1	208	1	208	8.62e-149	411
g1747.t1	VFG015162(gb|WP_003087734)	98.558	208	1	1	1	208	1	206	6.34e-145	401
g1747.t1	VFG041804(gb|WP_011147927)	46.602	206	108	1	3	208	5	208	2.55e-63	195
g1747.t1	VFG041678(gb|WP_012777205)	45.894	207	108	2	3	208	5	208	1.66e-61	190
g1747.t1	VFG042291(gb|AAS91836)	47.619	210	99	3	3	208	5	207	4.45e-56	176
g1747.t1	VFG038321(gb|WP_005320811)	46.602	206	108	1	3	208	5	208	1.56e-54	172
g1747.t1	VFG000410(gb|WP_002361471)	40.777	206	120	1	3	208	6	209	5.32e-42	140
g1747.t1	VFG023755(gb|WP_010891232)	40.777	206	120	1	3	208	6	209	8.56e-42	140
g1747.t1	VFG003487(gb|WP_005176487)	40.777	206	120	1	3	208	6	209	1.60e-41	139
g1747.t1	VFG007167(gb|WP_005477787)	30.876	217	136	6	1	207	8	220	4.65e-20	84.3
