g2357.t1	VFG013626(gb|WP_011272071)	33.220	295	182	4	20	305	6	294	2.81e-56	189
g2357.t1	VFG013628(gb|WP_012055050)	33.220	295	182	4	20	305	6	294	4.11e-56	188
g2357.t1	VFG013625(gb|WP_005693701)	32.881	295	183	4	20	305	6	294	2.22e-55	186
g2357.t1	VFG013629(gb|WP_041603540)	33.333	303	179	7	20	305	7	303	3.50e-51	176
g2357.t1	VFG034300(gb|WP_001095625)	27.895	380	249	6	23	388	60	428	7.11e-28	114
g2357.t1	VFG012609(gb|WP_000993317)	27.749	382	247	7	23	388	60	428	8.23e-28	113
g2357.t1	VFG012612(gb|WP_001095620)	27.632	380	250	6	23	388	60	428	8.31e-28	113
g2357.t1	VFG034307(gb|WP_001095631)	27.441	379	252	6	23	388	60	428	8.82e-28	113
g2357.t1	VFG034306(gb|WP_001095638)	27.749	382	247	7	23	388	60	428	9.08e-28	113
g2357.t1	VFG012613(gb|WP_001095632)	27.632	380	250	6	23	388	60	428	1.05e-27	113
g2357.t1	VFG034310(gb|WP_001095640)	28.010	382	246	7	23	388	60	428	1.23e-27	113
g2357.t1	VFG034309(gb|WP_001095622)	27.368	380	251	6	23	388	60	428	2.48e-27	112
g2357.t1	VFG034311(gb|WP_001095617)	27.368	380	251	6	23	388	60	428	3.60e-27	112
g2357.t1	VFG000919(gb|WP_001095619)	28.956	297	205	3	23	316	60	353	5.26e-27	111
g2357.t1	VFG013630(gb|WP_011608629)	22.055	399	261	9	17	380	47	430	2.06e-22	98.2
g2357.t1	VFG013205(gb|WP_012341592)	22.055	399	261	9	17	380	47	430	3.15e-22	97.8
g392.t1	VFG013628(gb|WP_012055050)	51.247	361	170	2	1	357	11	369	4.97e-135	390
g392.t1	VFG013625(gb|WP_005693701)	51.247	361	170	2	1	357	11	369	1.51e-134	389
g392.t1	VFG013626(gb|WP_011272071)	51.247	361	170	2	1	357	11	369	3.58e-134	388
g392.t1	VFG013629(gb|WP_041603540)	49.211	380	179	3	1	368	12	389	1.32e-129	376
g392.t1	VFG034306(gb|WP_001095638)	26.804	388	242	10	1	367	62	428	6.85e-26	107
g392.t1	VFG000919(gb|WP_001095619)	26.234	385	248	9	1	367	62	428	8.41e-26	107
g392.t1	VFG034311(gb|WP_001095617)	26.804	388	242	10	1	367	62	428	8.83e-26	107
g392.t1	VFG034307(gb|WP_001095631)	26.804	388	242	10	1	367	62	428	1.06e-25	107
g392.t1	VFG012613(gb|WP_001095632)	26.546	388	243	10	1	367	62	428	1.16e-25	107
g392.t1	VFG034309(gb|WP_001095622)	26.234	385	248	9	1	367	62	428	1.31e-25	107
g392.t1	VFG034310(gb|WP_001095640)	26.234	385	248	9	1	367	62	428	1.57e-25	106
g392.t1	VFG012612(gb|WP_001095620)	26.234	385	248	9	1	367	62	428	1.66e-25	106
g392.t1	VFG034300(gb|WP_001095625)	26.546	388	243	10	1	367	62	428	2.16e-25	106
g392.t1	VFG013630(gb|WP_011608629)	29.843	191	134	0	1	191	55	245	4.15e-25	105
g392.t1	VFG013205(gb|WP_012341592)	29.843	191	134	0	1	191	55	245	4.70e-25	105
g392.t1	VFG012609(gb|WP_000993317)	26.546	388	243	10	1	367	62	428	1.47e-24	103
g2885.t1	VFG013626(gb|WP_011272071)	63.988	336	117	1	1	332	34	369	4.61e-164	462
g2885.t1	VFG013625(gb|WP_005693701)	63.988	336	117	1	1	332	34	369	1.01e-163	462
g2885.t1	VFG013628(gb|WP_012055050)	63.988	336	117	1	1	332	34	369	1.64e-163	461
g2885.t1	VFG013629(gb|WP_041603540)	60.674	356	128	2	1	344	35	390	2.25e-159	451
g2885.t1	VFG013630(gb|WP_011608629)	29.524	210	145	1	6	212	83	292	2.92e-21	94.0
g2885.t1	VFG013205(gb|WP_012341592)	29.665	209	144	1	6	211	83	291	3.27e-21	94.0
g2885.t1	VFG034300(gb|WP_001095625)	27.832	309	190	9	13	311	98	383	2.32e-19	88.6
g2885.t1	VFG000919(gb|WP_001095619)	26.235	324	202	9	3	311	82	383	2.63e-19	88.2
g2885.t1	VFG034309(gb|WP_001095622)	26.708	322	203	9	3	311	82	383	2.97e-19	88.2
g2885.t1	VFG012612(gb|WP_001095620)	26.543	324	201	9	3	311	82	383	3.14e-19	88.2
g2885.t1	VFG034310(gb|WP_001095640)	27.273	308	193	8	13	311	98	383	3.23e-19	88.2
g2885.t1	VFG012613(gb|WP_001095632)	26.948	308	194	8	13	311	98	383	3.62e-19	87.8
g2885.t1	VFG034306(gb|WP_001095638)	27.508	309	191	9	13	311	98	383	3.94e-19	87.8
g2885.t1	VFG034311(gb|WP_001095617)	27.124	306	196	8	13	311	98	383	4.66e-19	87.8
g2885.t1	VFG034307(gb|WP_001095631)	27.508	309	191	9	13	311	98	383	6.42e-19	87.0
g2885.t1	VFG012609(gb|WP_000993317)	27.184	309	192	9	13	311	98	383	4.46e-18	84.7
