g58.t1	VFG007027(gb|WP_001092347)	28.472	432	242	11	19	396	35	453	5.80e-36	136
g58.t1	VFG001270(gb|WP_010929997)	29.825	399	235	13	29	396	56	440	2.85e-35	134
g58.t1	VFG007029(gb|WP_043921137)	29.128	436	236	12	18	396	34	453	2.90e-35	134
g58.t1	VFG007030(gb|WP_017818215)	29.128	436	236	12	18	396	34	453	3.02e-35	134
g58.t1	VFG000843(gb|WP_001213545)	26.966	445	244	13	18	396	50	479	3.61e-33	129
g58.t1	VFG033871(gb|WP_001213542)	26.966	445	244	13	18	396	50	479	4.23e-33	129
g58.t1	VFG044152(gb|WP_011063598)	28.431	408	239	11	29	386	34	438	2.12e-31	124
g58.t1	VFG033877(gb|WP_000860465)	28.140	430	254	12	19	396	52	478	9.19e-31	122
g58.t1	VFG033876(gb|WP_000860471)	26.744	430	260	10	19	396	52	478	6.22e-30	120
g58.t1	VFG012473(gb|WP_000860469)	27.209	430	258	11	19	396	52	478	6.22e-30	120
g58.t1	VFG012472(gb|WP_000860470)	26.977	430	259	11	19	396	52	478	2.69e-29	118
g58.t1	VFG044142(gb|WP_002209482)	27.752	436	244	10	13	386	5	431	1.10e-28	116
g58.t1	VFG044406(gb|CAA57067)	27.094	406	242	11	29	387	29	427	2.43e-28	115
g58.t1	VFG012474(gb|WP_000860473)	26.744	430	260	11	19	396	52	478	2.76e-28	115
g58.t1	VFG000908(gb|WP_000860472)	26.744	430	260	11	19	396	52	478	3.99e-28	115
g58.t1	VFG044090(gb|NP_252095)	27.381	420	239	11	23	386	23	432	8.46e-28	114
g58.t1	VFG038917(gb|WP_011705262)	25.592	422	267	7	19	396	36	454	8.93e-28	114
g1906.t1	VFG044152(gb|WP_011063598)	31.325	415	231	11	26	390	29	439	9.68e-40	147
g1906.t1	VFG000843(gb|WP_001213545)	24.460	417	251	11	29	389	60	468	2.59e-27	112
g1906.t1	VFG033871(gb|WP_001213542)	24.460	417	251	11	29	389	60	468	2.64e-27	112
g1906.t1	VFG044142(gb|WP_002209482)	28.148	405	233	9	36	389	34	431	2.74e-26	109
g1906.t1	VFG033876(gb|WP_000860471)	23.558	416	259	10	27	389	58	467	5.64e-26	108
g1906.t1	VFG044406(gb|CAA57067)	28.607	402	240	10	31	389	29	426	2.77e-25	106
g1906.t1	VFG044090(gb|NP_252095)	29.227	414	238	12	26	389	24	432	2.79e-25	106
g1906.t1	VFG012472(gb|WP_000860470)	23.317	416	260	10	27	389	58	467	4.91e-25	106
g1906.t1	VFG000908(gb|WP_000860472)	23.317	416	260	10	27	389	58	467	5.10e-25	106
g1906.t1	VFG012474(gb|WP_000860473)	23.317	416	260	10	27	389	58	467	6.11e-25	105
g1906.t1	VFG012473(gb|WP_000860469)	24.460	417	254	11	27	389	58	467	1.11e-24	105
g1906.t1	VFG007030(gb|WP_017818215)	26.098	410	254	8	24	389	38	442	2.34e-24	103
g1906.t1	VFG001270(gb|WP_010929997)	26.087	391	255	8	24	391	52	431	2.55e-24	103
g1906.t1	VFG033877(gb|WP_000860465)	23.077	416	261	11	27	389	58	467	3.08e-24	103
g1906.t1	VFG007029(gb|WP_043921137)	26.098	410	254	8	24	389	38	442	3.09e-24	103
g1906.t1	VFG007027(gb|WP_001092347)	27.427	412	246	11	24	389	38	442	1.29e-23	102
g1906.t1	VFG038917(gb|WP_011705262)	24.694	409	261	9	24	389	39	443	2.45e-21	95.1
g4224.t1	VFG001270(gb|WP_010929997)	29.147	422	239	13	22	417	48	435	5.78e-25	105
g4224.t1	VFG007027(gb|WP_001092347)	24.941	425	254	12	27	411	43	442	1.50e-17	84.3
g4224.t1	VFG007029(gb|WP_043921137)	23.310	429	267	12	23	411	36	442	4.41e-17	82.8
g4224.t1	VFG007030(gb|WP_017818215)	23.310	429	267	12	23	411	36	442	6.40e-17	82.4
g4224.t1	VFG038917(gb|WP_011705262)	25.935	428	257	12	23	411	37	443	1.83e-16	80.9
g4224.t1	VFG033877(gb|WP_000860465)	22.302	417	269	11	36	411	65	467	2.34e-16	80.5
g4224.t1	VFG012472(gb|WP_000860470)	22.302	417	269	11	36	411	65	467	6.85e-16	79.3
g4224.t1	VFG033876(gb|WP_000860471)	22.302	417	269	11	36	411	65	467	8.06e-16	79.0
g4224.t1	VFG012473(gb|WP_000860469)	22.302	417	269	11	36	411	65	467	8.36e-16	79.0
g4224.t1	VFG000843(gb|WP_001213545)	21.296	432	282	11	23	411	52	468	4.65e-15	76.6
g4224.t1	VFG012474(gb|WP_000860473)	22.062	417	270	11	36	411	65	467	5.75e-15	76.3
g4224.t1	VFG000908(gb|WP_000860472)	22.062	417	270	11	36	411	65	467	7.07e-15	76.3
g4224.t1	VFG033871(gb|WP_001213542)	21.065	432	283	11	23	411	52	468	7.35e-15	76.3
g2509.t1	VFG007027(gb|WP_001092347)	28.333	420	238	11	29	396	45	453	1.88e-34	132
g2509.t1	VFG044152(gb|WP_011063598)	28.037	428	253	10	18	395	26	448	4.39e-34	131
g2509.t1	VFG007029(gb|WP_043921137)	27.182	401	245	9	40	396	56	453	1.77e-33	129
g2509.t1	VFG007030(gb|WP_017818215)	27.182	401	245	9	40	396	56	453	2.06e-33	129
g2509.t1	VFG001270(gb|WP_010929997)	28.321	399	232	12	33	396	61	440	7.86e-30	119
g2509.t1	VFG044090(gb|NP_252095)	27.990	418	246	10	18	386	21	432	5.89e-28	114
g2509.t1	VFG033877(gb|WP_000860465)	27.378	431	243	17	26	396	58	478	6.91e-27	111
g2509.t1	VFG033876(gb|WP_000860471)	26.852	432	244	17	26	396	58	478	7.25e-27	111
g2509.t1	VFG012473(gb|WP_000860469)	26.852	432	244	17	26	396	58	478	1.83e-26	110
g2509.t1	VFG012474(gb|WP_000860473)	25.527	427	256	14	26	396	58	478	2.76e-26	109
g2509.t1	VFG038917(gb|WP_011705262)	24.760	416	258	9	29	396	46	454	4.16e-26	108
g2509.t1	VFG012472(gb|WP_000860470)	25.527	427	256	14	26	396	58	478	4.82e-26	109
g2509.t1	VFG000908(gb|WP_000860472)	24.235	425	264	12	26	396	58	478	6.19e-26	108
g2509.t1	VFG044142(gb|WP_002209482)	27.336	428	249	12	19	395	25	441	2.12e-25	107
g2509.t1	VFG033871(gb|WP_001213542)	24.091	440	263	13	18	396	50	479	8.63e-25	105
g2509.t1	VFG000843(gb|WP_001213545)	24.091	440	263	13	18	396	50	479	9.67e-25	105
g2509.t1	VFG044406(gb|CAA57067)	25.980	408	251	9	24	387	27	427	1.62e-23	101
g3963.t1	VFG044090(gb|NP_252095)	25.062	403	262	12	28	406	56	442	7.05e-19	88.2
g3963.t1	VFG044142(gb|WP_002209482)	22.980	396	276	11	28	406	58	441	8.41e-18	84.7
g3963.t1	VFG044152(gb|WP_011063598)	21.859	398	282	10	28	406	61	448	9.14e-16	78.6
g3963.t1	VFG044406(gb|CAA57067)	21.827	394	267	12	35	406	62	436	2.18e-12	68.2
g3963.t1	VFG007027(gb|WP_001092347)	23.294	425	288	12	3	406	45	452	4.38e-12	67.4
g3963.t1	VFG033876(gb|WP_000860471)	25.225	444	263	18	3	406	63	477	5.35e-11	63.9
g3963.t1	VFG007030(gb|WP_017818215)	23.448	435	275	16	3	406	45	452	6.94e-11	63.5
g3963.t1	VFG012473(gb|WP_000860469)	24.829	439	271	16	3	406	63	477	1.01e-10	63.2
g3963.t1	VFG001270(gb|WP_010929997)	20.190	421	278	10	3	406	60	439	1.08e-10	63.2
g3963.t1	VFG012472(gb|WP_000860470)	24.829	439	271	16	3	406	63	477	1.29e-10	62.8
g3963.t1	VFG007029(gb|WP_043921137)	23.448	435	275	16	3	406	45	452	1.75e-10	62.4
g3963.t1	VFG012474(gb|WP_000860473)	24.601	439	272	16	3	406	63	477	2.79e-10	62.0
g3963.t1	VFG000908(gb|WP_000860472)	24.601	439	272	16	3	406	63	477	2.91e-10	61.6
g3963.t1	VFG033877(gb|WP_000860465)	25.397	441	266	16	3	406	63	477	1.03e-09	60.1
g3963.t1	VFG000843(gb|WP_001213545)	25.000	240	170	4	171	406	245	478	1.80e-07	53.1
g3963.t1	VFG033871(gb|WP_001213542)	25.000	240	170	4	171	406	245	478	1.92e-07	52.8
g3963.t1	VFG038917(gb|WP_011705262)	20.438	411	304	9	9	406	53	453	4.70e-07	51.6
