g1191.t1	VFG024088(gb|WP_008254504)	63.529	85	30	1	1	85	16	99	7.22e-31	108
g1191.t1	VFG024087(gb|WP_014379424)	63.529	85	30	1	1	85	16	99	7.22e-31	108
g1191.t1	VFG024090(gb|WP_041784830)	63.529	85	30	1	1	85	16	99	7.70e-31	108
g1191.t1	VFG009619(gb|WP_019305597)	61.176	85	32	1	1	85	16	99	8.71e-29	102
g1191.t1	VFG009620(gb|WP_009975497)	61.176	85	32	1	1	85	16	99	9.49e-29	102
g1191.t1	VFG026791(gb|WP_041179607)	58.824	85	34	1	1	85	16	99	2.73e-24	91.3
g1191.t1	VFG026799(gb|WP_014584726)	57.647	85	35	1	1	85	16	99	1.81e-23	89.0
g1191.t1	VFG009615(gb|WP_003911426)	57.647	85	35	1	1	85	16	99	1.85e-23	89.0
g1191.t1	VFG009618(gb|WP_041181637)	57.647	85	35	1	1	85	16	99	2.02e-23	89.0
g1191.t1	VFG026793(gb|WP_041180437)	57.647	85	35	1	1	85	16	99	2.13e-23	89.0
g1191.t1	VFG022808(gb|WP_013828093)	54.878	82	36	1	4	85	18	98	2.66e-23	88.6
g1191.t1	VFG009625(gb|WP_011558672)	52.439	82	35	1	4	85	17	94	8.07e-23	87.4
g1191.t1	VFG009624(gb|WP_011854952)	52.439	82	35	1	4	85	17	94	9.57e-23	87.0
g1191.t1	VFG009623(gb|WP_011781696)	57.317	82	31	1	4	85	15	92	4.15e-22	85.5
g1191.t1	VFG026796(gb|WP_003905477)	56.250	80	34	1	6	85	1	79	4.46e-21	82.4
g1191.t1	VFG001815(gb|NP_215679)	56.250	80	34	1	6	85	1	79	4.56e-21	82.4
g1191.t1	VFG026797(gb|YP_007961078)	50.000	80	39	1	6	85	1	79	7.60e-18	73.9
g1191.t1	VFG026843(gb|YP_005360377)	46.429	84	41	1	2	85	254	333	7.98e-18	76.3
g1191.t1	VFG009621(gb|WP_011730340)	47.561	82	42	1	4	85	12	92	8.29e-18	73.9
g1191.t1	VFG026840(gb|YP_007957808)	46.429	84	41	1	2	85	254	333	8.78e-18	76.3
g1191.t1	VFG009643(gb|WP_010950583)	46.429	84	41	1	2	85	254	333	8.87e-18	76.3
g1191.t1	VFG009640(gb|NP_216252)	46.429	84	41	1	2	85	254	333	8.87e-18	76.3
g1191.t1	VFG026835(gb|YP_007961608)	46.429	84	41	1	2	85	70	149	1.01e-17	75.9
g1191.t1	VFG009622(gb|WP_011893046)	48.780	82	38	1	4	85	16	93	1.73e-12	60.1
g1151.t1	VFG001815(gb|NP_215679)	100.000	201	0	0	1	201	1	201	1.17e-144	400
g1151.t1	VFG009615(gb|WP_003911426)	99.502	201	1	0	1	201	21	221	4.42e-144	399
g1151.t1	VFG026796(gb|WP_003905477)	99.502	201	1	0	1	201	1	201	2.75e-143	397
g1151.t1	VFG009618(gb|WP_041181637)	99.005	201	2	0	1	201	21	221	5.16e-143	397
g1151.t1	VFG026799(gb|WP_014584726)	99.005	201	2	0	1	201	21	221	5.69e-143	397
g1151.t1	VFG026793(gb|WP_041180437)	97.015	201	6	0	1	201	21	221	2.06e-140	390
g1151.t1	VFG026797(gb|YP_007961078)	95.025	201	10	0	1	201	1	201	8.99e-136	378
g1151.t1	VFG026791(gb|WP_041179607)	94.030	201	12	0	1	201	21	221	3.01e-127	357
g1151.t1	VFG024088(gb|WP_008254504)	80.808	198	38	0	1	198	21	218	5.05e-113	321
g1151.t1	VFG024087(gb|WP_014379424)	80.303	198	39	0	1	198	21	218	2.03e-112	320
g1151.t1	VFG024090(gb|WP_041784830)	79.293	198	41	0	1	198	21	218	2.55e-110	314
g1151.t1	VFG009620(gb|WP_009975497)	76.471	204	43	2	1	200	21	223	1.36e-105	302
g1151.t1	VFG009619(gb|WP_019305597)	75.490	204	45	2	1	200	21	223	3.84e-104	299
g1151.t1	VFG022808(gb|WP_013828093)	70.466	193	57	0	1	193	20	212	1.78e-93	271
g1151.t1	VFG009623(gb|WP_011781696)	68.182	198	60	1	1	198	17	211	1.19e-87	257
g1151.t1	VFG009621(gb|WP_011730340)	64.179	201	69	1	1	201	14	211	1.72e-85	251
g1151.t1	VFG009625(gb|WP_011558672)	66.000	200	65	1	1	200	19	215	7.37e-85	249
g1151.t1	VFG009624(gb|WP_011854952)	65.000	200	67	1	1	200	19	215	8.54e-84	247
g1151.t1	VFG009622(gb|WP_011893046)	62.687	201	72	1	1	201	18	215	9.41e-74	221
g1151.t1	VFG026835(gb|YP_007961608)	63.522	159	55	1	1	159	74	229	1.77e-61	197
g1151.t1	VFG009643(gb|WP_010950583)	64.151	159	54	1	1	159	258	413	4.43e-61	201
g1151.t1	VFG009640(gb|NP_216252)	64.151	159	54	1	1	159	258	413	4.97e-61	201
g1151.t1	VFG026840(gb|YP_007957808)	64.151	159	54	1	1	159	258	413	5.46e-61	200
g1151.t1	VFG026843(gb|YP_005360377)	64.151	159	54	1	1	159	258	413	2.40e-60	199
g3948.t1	VFG009623(gb|WP_011781696)	32.673	101	68	0	65	165	70	170	6.14e-08	51.6
g3948.t1	VFG009622(gb|WP_011893046)	30.928	97	67	0	69	165	75	171	3.83e-07	49.3
g3948.t1	VFG022808(gb|WP_013828093)	27.673	159	111	2	7	164	20	175	2.48e-06	47.0
g3948.t1	VFG009625(gb|WP_011558672)	28.659	164	102	2	7	165	19	172	5.47e-06	45.8
g3948.t1	VFG009624(gb|WP_011854952)	28.249	177	112	2	7	178	19	185	9.35e-06	45.4
g1475.t1	VFG022808(gb|WP_013828093)	30.303	165	108	5	3	161	20	183	8.48e-11	59.7
g1475.t1	VFG026791(gb|WP_041179607)	29.091	165	110	4	3	161	21	184	6.21e-10	57.0
g1475.t1	VFG009622(gb|WP_011893046)	27.815	151	102	2	9	155	24	171	1.15e-09	56.6
g1475.t1	VFG026799(gb|WP_014584726)	29.078	141	95	2	3	138	21	161	7.14e-09	54.3
g1475.t1	VFG009615(gb|WP_003911426)	29.078	141	95	2	3	138	21	161	7.72e-09	53.9
g1475.t1	VFG026796(gb|WP_003905477)	26.554	177	125	2	5	176	3	179	8.37e-09	53.5
g1475.t1	VFG001815(gb|NP_215679)	29.496	139	93	2	5	138	3	141	1.02e-08	53.5
g1475.t1	VFG024087(gb|WP_014379424)	30.120	166	107	6	3	161	21	184	3.51e-08	52.4
g1475.t1	VFG026793(gb|WP_041180437)	28.369	141	96	2	3	138	21	161	3.55e-08	52.0
g1475.t1	VFG024090(gb|WP_041784830)	31.206	141	90	4	3	137	21	160	4.46e-08	52.0
g1475.t1	VFG024088(gb|WP_008254504)	31.206	141	90	4	3	137	21	160	5.36e-08	51.6
g1475.t1	VFG009623(gb|WP_011781696)	26.846	149	106	2	9	155	23	170	5.49e-08	51.6
g1475.t1	VFG009621(gb|WP_011730340)	26.190	126	89	1	3	124	14	139	1.45e-07	50.4
g1475.t1	VFG009618(gb|WP_041181637)	28.369	141	96	2	3	138	21	161	2.60e-07	49.7
g1475.t1	VFG009625(gb|WP_011558672)	28.743	167	109	6	3	163	19	181	2.70e-07	49.7
g1475.t1	VFG026797(gb|YP_007961078)	28.261	138	94	2	5	137	3	140	5.13e-07	48.5
g1475.t1	VFG009624(gb|WP_011854952)	28.743	167	109	6	3	163	19	181	6.93e-07	48.5
g1475.t1	VFG009620(gb|WP_009975497)	25.185	135	96	2	3	132	21	155	3.33e-06	46.6
g1475.t1	VFG009619(gb|WP_019305597)	25.185	135	96	2	3	132	21	155	4.94e-06	45.8
g1475.t1	VFG026843(gb|YP_005360377)	30.147	136	91	4	3	135	258	392	5.22e-06	46.6
g1475.t1	VFG026840(gb|YP_007957808)	30.147	136	91	4	3	135	258	392	9.31e-06	45.8
g1645.t1	VFG009622(gb|WP_011893046)	36.975	119	69	1	6	124	21	133	1.43e-13	67.4
g1645.t1	VFG009625(gb|WP_011558672)	28.814	177	119	2	6	181	22	192	9.12e-11	59.7
g1645.t1	VFG022808(gb|WP_013828093)	37.190	121	65	4	8	124	25	138	1.34e-10	59.3
g1645.t1	VFG009624(gb|WP_011854952)	28.814	177	119	2	6	181	22	192	4.70e-10	57.4
g1645.t1	VFG009621(gb|WP_011730340)	31.624	117	77	1	8	124	19	132	1.41e-08	53.1
g1645.t1	VFG009623(gb|WP_011781696)	30.252	119	77	1	6	124	20	132	1.90e-08	53.1
g1645.t1	VFG026791(gb|WP_041179607)	32.479	117	76	2	8	124	26	139	7.58e-08	51.2
g1645.t1	VFG001815(gb|NP_215679)	31.624	117	77	2	8	124	6	119	7.66e-08	51.2
g1645.t1	VFG026796(gb|WP_003905477)	31.624	117	77	2	8	124	6	119	7.96e-08	50.8
g1645.t1	VFG009615(gb|WP_003911426)	31.624	117	77	2	8	124	26	139	9.91e-08	50.8
g1645.t1	VFG026799(gb|WP_014584726)	31.624	117	77	2	8	124	26	139	1.01e-07	50.8
g1645.t1	VFG026793(gb|WP_041180437)	31.624	117	77	2	8	124	26	139	1.61e-07	50.4
g1645.t1	VFG024090(gb|WP_041784830)	29.060	117	80	1	8	124	26	139	2.34e-07	50.1
g1645.t1	VFG024088(gb|WP_008254504)	29.060	117	80	1	8	124	26	139	2.75e-07	49.7
g1645.t1	VFG026840(gb|YP_007957808)	32.394	142	83	6	8	145	263	395	2.76e-07	50.8
g1645.t1	VFG024087(gb|WP_014379424)	29.060	117	80	1	8	124	26	139	2.80e-07	49.7
g1645.t1	VFG009640(gb|NP_216252)	32.394	142	83	6	8	145	263	395	3.68e-07	50.4
g1645.t1	VFG026843(gb|YP_005360377)	31.944	144	85	6	6	145	261	395	3.74e-07	50.4
g1645.t1	VFG009643(gb|WP_010950583)	32.394	142	83	6	8	145	263	395	4.03e-07	50.1
g1645.t1	VFG026797(gb|YP_007961078)	29.060	117	80	2	8	124	6	119	2.42e-06	46.6
g1645.t1	VFG009620(gb|WP_009975497)	34.921	63	41	0	62	124	77	139	2.66e-06	47.0
g1645.t1	VFG009619(gb|WP_019305597)	34.921	63	41	0	62	124	77	139	2.84e-06	46.6
g1645.t1	VFG009618(gb|WP_041181637)	30.769	117	78	2	8	124	26	139	4.18e-06	46.2
