g834.t1	VFG001889(gb|WP_011216518)	31.100	209	143	1	9	216	2	210	3.25e-32	116
g834.t1	VFG010911(gb|WP_011947563)	31.100	209	143	1	9	216	2	210	7.90e-32	115
g834.t1	VFG015785(gb|WP_012315215)	32.692	208	140	0	9	216	2	209	4.02e-30	110
g834.t1	VFG009896(gb|WP_011768347)	35.821	201	123	3	9	205	2	200	1.23e-29	109
g834.t1	VFG015088(gb|WP_011534583)	33.173	208	139	0	9	216	2	209	1.29e-29	109
g834.t1	VFG045728(gb|WP_003635449)	29.665	209	146	1	9	216	2	210	2.01e-29	108
g834.t1	VFG024200(gb|WP_008262428)	35.047	214	129	4	1	209	1	209	1.92e-28	106
g834.t1	VFG015086(gb|WP_003251380)	32.212	208	141	0	9	216	2	209	3.39e-28	105
g834.t1	VFG009892(gb|WP_003896645)	32.836	201	129	3	9	205	2	200	2.45e-27	103
g834.t1	VFG023572(gb|WP_005156725)	28.431	204	146	0	8	211	2	205	8.11e-27	102
g834.t1	VFG015080(gb|NP_251276)	30.000	210	145	1	9	216	2	211	9.49e-27	102
g834.t1	VFG015083(gb|WP_005737926)	30.952	210	143	1	9	216	2	211	9.69e-27	102
g834.t1	VFG015092(gb|WP_041755484)	33.333	195	126	3	9	200	2	195	1.85e-26	101
g834.t1	VFG017283(gb|WP_012105859)	28.922	204	145	0	8	211	2	205	2.81e-26	100
g834.t1	VFG015084(gb|WP_002553344)	30.476	210	144	1	9	216	2	211	2.89e-26	100
g834.t1	VFG001746(gb|WP_002209034)	28.922	204	145	0	8	211	2	205	3.26e-26	100
g834.t1	VFG009889(gb|WP_003874670)	32.536	209	137	2	9	213	2	210	3.43e-26	100
g834.t1	VFG015085(gb|WP_011168507)	30.476	210	144	1	9	216	2	211	4.24e-26	100
g834.t1	VFG009890(gb|WP_009978588)	32.536	209	137	2	9	213	2	210	4.29e-26	100
g834.t1	VFG015091(gb|WP_003240627)	31.429	210	142	1	9	216	2	211	6.34e-26	99.8
g834.t1	VFG009895(gb|WP_011778690)	32.663	199	132	1	9	205	2	200	1.26e-25	99.0
g834.t1	VFG042242(gb|AAG01455)	29.524	210	143	3	9	215	5	212	1.27e-25	99.0
g834.t1	VFG022956(gb|WP_013829907)	33.171	205	135	1	9	211	2	206	1.43e-25	99.0
g834.t1	VFG003357(gb|WP_011191565)	28.922	204	145	0	8	211	2	205	1.89e-25	98.6
g834.t1	VFG002044(gb|WP_010930609)	30.097	206	142	2	10	214	4	208	3.05e-25	97.8
g834.t1	VFG024201(gb|WP_008259378)	32.663	199	132	1	9	205	2	200	8.49e-25	97.1
g834.t1	VFG019944(gb|WP_003190387)	30.952	210	142	2	9	216	2	210	8.56e-25	96.7
g834.t1	VFG027258(gb|WP_015291223)	32.161	199	133	1	9	205	2	200	8.96e-25	96.7
g834.t1	VFG001824(gb|NP_217649)	32.161	199	133	1	9	205	2	200	1.07e-24	96.7
g834.t1	VFG027265(gb|YP_007963009)	32.161	199	133	1	9	205	2	200	1.35e-24	96.3
g834.t1	VFG015089(gb|WP_011061841)	30.476	210	143	2	9	216	2	210	1.50e-24	96.3
g834.t1	VFG027270(gb|YP_007959134)	32.143	196	131	1	9	202	2	197	2.29e-24	95.9
g834.t1	VFG041501(gb|WP_004155354)	29.048	210	148	1	7	215	3	212	3.84e-24	95.1
g834.t1	VFG009893(gb|WP_011894699)	31.841	201	131	3	9	205	2	200	5.11e-24	94.7
g834.t1	VFG024199(gb|WP_013471927)	31.841	201	131	3	9	205	2	200	5.80e-24	94.7
g834.t1	VFG027255(gb|WP_005061475)	32.828	198	127	4	9	202	2	197	4.04e-23	92.4
g834.t1	VFG015090(gb|WP_041475303)	30.476	210	143	2	9	216	2	210	4.20e-23	92.4
g834.t1	VFG009891(gb|WP_011740390)	31.000	200	134	2	9	205	2	200	4.21e-23	92.4
g834.t1	VFG022951(gb|YP_001704619)	32.828	198	127	4	9	202	2	197	6.55e-23	92.0
g834.t1	VFG042685(gb|CAD56976)	30.000	190	131	2	11	199	6	194	4.12e-22	89.7
g834.t1	VFG009897(gb|WP_011558491)	31.884	207	137	2	3	205	6	212	7.43e-22	89.4
g834.t1	VFG000449(gb|NP_459544)	26.829	205	150	0	11	215	6	210	8.78e-22	89.0
g834.t1	VFG004096(gb|WP_000801270)	26.829	205	150	0	11	215	6	210	1.65e-21	88.2
g834.t1	VFG021188(gb|WP_000801272)	26.829	205	150	0	11	215	6	210	1.76e-21	88.2
g834.t1	VFG004099(gb|WP_024131262)	25.854	205	152	0	11	215	6	210	4.96e-21	86.7
g834.t1	VFG009899(gb|WP_179967853)	31.472	197	133	1	11	205	3	199	7.36e-21	86.7
g834.t1	VFG009894(gb|WP_011779768)	34.328	201	126	3	9	205	2	200	7.83e-21	86.3
g834.t1	VFG011120(gb|WP_012417544)	28.293	205	146	1	10	214	3	206	9.51e-21	85.9
g834.t1	VFG024972(gb|WP_011401051)	34.951	206	128	3	10	211	9	212	9.88e-21	86.3
g834.t1	VFG041872(gb|WP_115610154)	31.188	202	137	1	10	211	13	212	1.73e-20	85.5
g834.t1	VFG042668(gb|WP_006485047)	28.571	217	134	4	4	199	30	246	2.77e-20	85.9
g834.t1	VFG018489(gb|WP_000666339)	25.592	211	155	2	7	216	2	211	3.54e-20	84.7
g834.t1	VFG002440(gb|WP_011204593)	34.466	206	129	3	10	211	9	212	4.51e-19	82.0
g834.t1	VFG014967(gb|WP_003401565)	36.571	175	104	4	9	182	1	169	1.60e-18	80.9
g834.t1	VFG003820(gb|WP_000666334)	24.171	211	158	2	7	216	2	211	2.33e-18	79.7
g834.t1	VFG041575(gb|WP_012847751)	30.159	189	130	1	9	197	8	194	2.40e-18	79.7
g834.t1	VFG020690(gb|WP_000666336)	24.171	211	158	2	7	216	2	211	3.43e-18	79.3
g834.t1	VFG014968(gb|WP_002551374)	36.000	175	105	4	9	182	1	169	4.24e-18	79.7
g834.t1	VFG000492(gb|NP_460356)	24.171	211	158	2	7	216	2	211	4.63e-18	79.0
g834.t1	VFG014966(gb|WP_007247212)	34.286	175	108	3	9	182	1	169	1.41e-17	78.6
g834.t1	VFG014973(gb|WP_011336516)	36.571	175	104	5	9	182	1	169	2.02e-16	75.1
g834.t1	VFG000119(gb|NP_253948)	33.889	180	102	5	9	182	1	169	5.53e-16	73.9
g834.t1	VFG014964(gb|WP_003157680)	33.889	180	102	5	9	182	1	169	9.57e-16	73.6
g834.t1	VFG014974(gb|WP_003242397)	44.231	104	55	2	9	111	1	102	2.33e-15	72.4
g834.t1	VFG014975(gb|WP_013981629)	35.359	181	98	6	9	182	1	169	2.36e-15	72.4
g834.t1	VFG049013(gb|WP_004201684)	27.638	199	139	3	9	204	4	200	2.03e-13	66.6
g834.t1	VFG015873(gb|WP_011105129)	31.373	204	122	7	11	211	6	194	2.04e-13	66.2
g834.t1	VFG049018(gb|WP_002913007)	27.638	199	139	3	9	204	4	200	2.39e-13	66.2
g834.t1	VFG049010(gb|WP_004103995)	26.442	208	134	3	7	204	2	200	2.59e-13	66.2
g834.t1	VFG049016(gb|WP_004899528)	27.638	199	139	3	9	204	4	200	1.35e-12	64.3
g834.t1	VFG014970(gb|WP_003255896)	33.333	180	102	5	9	182	1	168	7.73e-12	62.8
g834.t1	VFG014969(gb|WP_010951571)	33.333	180	102	5	9	182	1	168	8.37e-12	62.4
g834.t1	VFG019919(gb|WP_015886493)	32.571	175	111	3	9	182	1	169	9.33e-12	62.4
g834.t1	VFG015770(gb|WP_012269993)	32.778	180	103	5	9	182	1	168	1.16e-11	62.0
g834.t1	VFG014972(gb|WP_011064176)	33.143	175	110	5	9	182	1	169	1.44e-11	62.0
g834.t1	VFG043408(gb|WP_000940577)	27.350	117	85	0	10	126	4	120	1.96e-11	58.9
g834.t1	VFG043015(gb|NP_250150)	39.815	108	58	3	9	112	3	107	2.39e-11	62.0
g834.t1	VFG015771(gb|WP_012312202)	31.667	180	105	5	9	182	1	168	7.30e-11	59.7
g834.t1	VFG046071(gb|WP_000481509)	37.681	69	42	1	141	209	143	210	6.52e-10	56.6
g834.t1	VFG014971(gb|WP_044488561)	36.522	115	61	3	9	122	1	104	7.44e-10	57.0
g834.t1	VFG045791(gb|WP_000481500)	37.681	69	42	1	141	209	143	210	8.34e-10	56.6
g834.t1	VFG004125(gb|NP_460113)	37.681	69	42	1	141	209	143	210	1.01e-09	56.2
g834.t1	VFG004128(gb|WP_000481519)	37.681	69	42	1	141	209	143	210	1.06e-09	56.2
g834.t1	VFG021241(gb|WP_000481518)	37.681	69	42	1	141	209	143	210	1.08e-09	56.2
g834.t1	VFG032760(gb|WP_003746076)	28.125	96	69	0	16	111	8	103	1.60e-09	53.9
g834.t1	VFG006846(gb|NP_464218)	26.786	112	82	0	16	127	8	119	1.79e-09	53.9
g834.t1	VFG009866(gb|WP_011561679)	38.679	106	57	4	9	111	3	103	2.06e-09	55.5
g834.t1	VFG024189(gb|WP_008254065)	38.679	106	57	4	9	111	1	101	2.27e-09	55.5
g834.t1	VFG004126(gb|WP_000481516)	37.313	67	41	1	141	207	143	208	2.30e-09	55.1
g834.t1	VFG024188(gb|WP_014941347)	38.679	106	57	4	9	111	1	101	2.41e-09	55.5
g834.t1	VFG007568(gb|WP_000697869)	31.818	110	68	3	9	114	1	107	3.19e-09	53.1
g834.t1	VFG007573(gb|WP_005420316)	31.250	112	70	3	7	114	3	111	3.22e-09	53.1
g834.t1	VFG022934(gb|WP_020726450)	37.143	105	60	3	9	111	1	101	3.32e-09	55.1
g834.t1	VFG009862(gb|WP_071498255)	37.143	105	60	3	9	111	1	101	3.32e-09	55.1
g834.t1	VFG025824(gb|WP_006754880)	31.818	110	72	2	7	114	3	111	3.93e-09	53.1
g834.t1	VFG022941(gb|WP_013827874)	38.095	105	59	3	9	111	3	103	5.04e-09	54.3
g834.t1	VFG009867(gb|WP_041309847)	37.736	106	58	4	9	111	1	101	5.25e-09	54.3
g834.t1	VFG009864(gb|WP_041787729)	37.736	106	58	4	9	111	1	101	5.78e-09	54.3
g834.t1	VFG009865(gb|WP_041307013)	37.736	106	58	4	9	111	1	101	6.43e-09	54.3
g834.t1	VFG025839(gb|WP_012492268)	34.146	123	76	3	7	127	5	124	7.75e-09	54.7
g834.t1	VFG025837(gb|WP_011546709)	34.146	123	76	3	7	127	2	121	8.16e-09	54.7
g834.t1	VFG022935(gb|YP_001701820)	37.736	106	58	4	9	111	3	103	9.66e-09	53.5
g834.t1	VFG007571(gb|WP_017052487)	30.909	110	69	3	9	114	1	107	1.30e-08	51.6
g834.t1	VFG009857(gb|WP_014588181)	36.792	106	59	4	9	111	1	101	1.40e-08	53.1
g834.t1	VFG027208(gb|WP_041181419)	36.792	106	59	4	9	111	1	101	1.47e-08	53.1
g834.t1	VFG009859(gb|WP_003872811)	36.792	106	59	4	9	111	1	101	1.48e-08	53.1
g834.t1	VFG043012(gb|NP_250147)	31.818	110	68	3	9	114	1	107	1.75e-08	51.2
g834.t1	VFG007570(gb|WP_021451399)	30.909	110	69	3	9	114	1	107	1.82e-08	51.2
g834.t1	VFG009863(gb|WP_014878347)	36.792	106	59	4	9	111	1	101	2.12e-08	52.8
g834.t1	VFG015079(gb|WP_185745811)	35.227	88	52	1	41	123	698	785	2.18e-08	53.5
g834.t1	VFG027205(gb|WP_005098722)	36.792	106	59	4	9	111	1	101	2.25e-08	52.4
g834.t1	VFG027211(gb|WP_005063392)	36.792	106	59	4	9	111	1	101	2.32e-08	52.4
g834.t1	VFG043206(gb|WP_005164479)	32.143	112	69	3	7	114	4	112	3.18e-08	50.4
g834.t1	VFG009861(gb|WP_010907575)	35.849	106	60	4	9	111	1	101	3.38e-08	52.0
g834.t1	VFG038701(gb|WP_013723552)	29.464	112	72	3	7	114	3	111	3.71e-08	50.4
g834.t1	VFG025826(gb|WP_006485893)	30.909	110	73	2	7	114	3	111	4.25e-08	50.1
g834.t1	VFG007554(gb|WP_011150906)	32.749	171	92	7	9	169	3	160	4.47e-08	52.4
g834.t1	VFG007553(gb|WP_011079855)	32.749	171	92	7	9	169	3	160	4.51e-08	52.4
g834.t1	VFG007555(gb|WP_005420308)	31.818	154	89	4	9	158	3	144	5.00e-08	52.4
g834.t1	VFG042095(gb|NP_311739)	24.878	205	150	3	8	211	3	204	5.31e-08	51.2
g834.t1	VFG002525(gb|WP_004185006)	31.250	112	70	3	7	114	3	111	5.52e-08	50.1
g834.t1	VFG001390(gb|NP_215496)	35.849	106	60	4	9	111	1	101	6.57e-08	51.2
g834.t1	VFG022919(gb|YP_001701702)	34.932	146	85	3	26	163	25	168	6.62e-08	51.2
g834.t1	VFG027215(gb|YP_007960876)	35.849	106	60	4	9	111	1	101	7.23e-08	51.2
g834.t1	VFG002526(gb|WP_004198645)	32.520	123	78	3	7	127	3	122	7.54e-08	51.6
g834.t1	VFG027229(gb|WP_041312672)	36.792	106	59	4	9	111	1	101	8.04e-08	50.8
g834.t1	VFG007552(gb|WP_005479477)	34.286	105	66	2	9	111	3	106	1.11e-07	51.2
g834.t1	VFG025849(gb|WP_009910098)	33.645	107	68	2	7	111	3	108	1.20e-07	51.2
g834.t1	VFG038700(gb|WP_005319295)	28.571	112	73	3	7	114	3	111	1.24e-07	48.9
g834.t1	VFG038699(gb|WP_010634617)	28.571	112	73	3	7	114	3	111	1.28e-07	48.9
g834.t1	VFG019771(gb|WP_012613502)	35.345	116	67	4	11	122	2353	2464	1.29e-07	51.6
g834.t1	VFG019828(gb|WP_015885195)	33.654	104	65	2	9	111	3	103	1.31e-07	51.2
g834.t1	VFG001231(gb|NP_249104)	35.345	116	67	4	11	122	2353	2464	1.33e-07	51.6
g834.t1	VFG014061(gb|WP_012074001)	35.345	116	67	4	11	122	2339	2450	1.34e-07	51.6
g834.t1	VFG014062(gb|WP_004365046)	35.345	116	67	4	11	122	2357	2468	1.34e-07	51.6
g834.t1	VFG043345(gb|WP_011946713)	29.412	102	70	1	10	111	3	102	1.36e-07	51.2
g834.t1	VFG043089(gb|WP_000763867)	31.250	112	70	3	7	114	4	112	1.43e-07	48.9
g834.t1	VFG043037(gb|NP_460873)	31.250	112	70	3	7	114	4	112	1.75e-07	48.5
g834.t1	VFG042950(gb|WP_004083584)	25.641	117	79	3	10	122	3	115	1.85e-07	48.5
g834.t1	VFG015680(gb|WP_012273511)	30.328	122	81	2	9	129	3	121	1.89e-07	50.4
g834.t1	VFG011626(gb|WP_002965156)	28.497	193	112	8	42	210	39	229	2.28e-07	49.7
g834.t1	VFG027220(gb|YP_007957122)	34.906	106	61	4	9	111	1	101	2.80e-07	49.3
g834.t1	VFG015635(gb|WP_012312415)	32.075	106	64	3	10	111	3	104	3.57e-07	47.4
g834.t1	VFG014070(gb|WP_011336362)	43.038	79	42	3	2	80	1844	1919	3.98e-07	50.1
g834.t1	VFG038712(gb|WP_005319287)	34.579	107	63	3	9	111	3	106	1.13e-06	48.1
g834.t1	VFG042930(gb|WP_012031401)	28.333	120	78	3	7	122	6	121	1.36e-06	45.8
g834.t1	VFG038713(gb|WP_005353666)	33.645	107	64	3	9	111	3	106	1.42e-06	47.8
g834.t1	VFG014388(gb|WP_010955091)	29.508	122	82	2	9	129	3	121	1.57e-06	47.8
g834.t1	VFG014065(gb|WP_011167502)	31.897	116	71	4	11	122	1867	1978	1.61e-06	48.1
g834.t1	VFG042926(gb|WP_012031397)	40.000	85	46	2	7	88	2426	2508	2.02e-06	47.8
g834.t1	VFG015067(gb|NP_249619)	32.500	120	72	3	10	123	666	782	2.03e-06	47.8
g834.t1	VFG014069(gb|WP_011063997)	42.466	73	40	2	6	78	1845	1915	2.18e-06	47.8
g834.t1	VFG014064(gb|WP_011266435)	31.897	116	71	4	11	122	1873	1984	2.18e-06	47.8
g834.t1	VFG015068(gb|WP_003156446)	31.707	123	75	3	10	126	666	785	2.36e-06	47.8
g834.t1	VFG019772(gb|WP_015886333)	44.118	68	36	2	11	78	1820	1885	2.45e-06	47.8
g834.t1	VFG027273(gb|YP_005361686)	31.868	91	60	1	117	205	2	92	2.51e-06	44.7
g834.t1	VFG014071(gb|WP_041772785)	44.286	70	37	2	11	80	2295	2362	2.93e-06	47.4
g834.t1	VFG014063(gb|WP_011105280)	41.429	70	39	2	11	80	1868	1935	3.15e-06	47.4
g834.t1	VFG014392(gb|WP_011333047)	31.731	104	67	2	9	111	3	103	3.29e-06	47.0
g834.t1	VFG015076(gb|WP_011062714)	31.818	88	55	1	41	123	697	784	3.47e-06	47.0
g834.t1	VFG038710(gb|WP_011705291)	33.645	107	64	3	9	111	3	106	4.08e-06	46.6
g834.t1	VFG015681(gb|WP_012315526)	29.508	122	82	2	9	129	3	121	4.10e-06	46.6
g834.t1	VFG038711(gb|WP_016350060)	33.645	107	64	3	9	111	3	106	4.19e-06	46.6
g834.t1	VFG014394(gb|WP_041755564)	32.353	102	67	1	10	111	4	103	4.35e-06	46.6
g834.t1	VFG022905(gb|YP_001701425)	33.898	118	74	2	2	119	16	129	5.07e-06	45.8
g834.t1	VFG050640(gb|WP_000101096.1)	30.769	104	68	2	10	111	3	104	8.82e-06	43.5
g834.t1	VFG019942(gb|WP_012724914)	31.092	119	75	2	10	123	668	784	9.04e-06	45.8
g834.t1	VFG007550(gb|WP_000985860)	31.429	105	69	2	9	111	3	106	9.19e-06	45.4
g3954.t1	VFG015080(gb|NP_251276)	36.842	209	131	1	12	219	2	210	3.06e-41	139
g3954.t1	VFG015091(gb|WP_003240627)	37.799	209	129	1	12	219	2	210	1.36e-39	135
g3954.t1	VFG015088(gb|WP_011534583)	37.981	208	128	1	12	219	2	208	1.13e-38	132
g3954.t1	VFG015092(gb|WP_041755484)	36.364	209	132	1	12	219	2	210	2.40e-38	132
g3954.t1	VFG015086(gb|WP_003251380)	37.981	208	128	1	12	219	2	208	2.67e-38	131
g3954.t1	VFG015785(gb|WP_012315215)	37.500	208	129	1	12	219	2	208	2.84e-38	131
g3954.t1	VFG015084(gb|WP_002553344)	35.885	209	133	1	12	219	2	210	5.73e-37	128
g3954.t1	VFG015089(gb|WP_011061841)	36.538	208	132	0	12	219	2	209	1.07e-36	127
g3954.t1	VFG024201(gb|WP_008259378)	37.561	205	127	1	12	215	2	206	1.91e-36	127
g3954.t1	VFG015090(gb|WP_041475303)	37.019	208	131	0	12	219	2	209	2.54e-36	126
g3954.t1	VFG019944(gb|WP_003190387)	37.019	208	131	0	12	219	2	209	5.69e-36	125
g3954.t1	VFG015085(gb|WP_011168507)	35.407	209	134	1	12	219	2	210	6.79e-36	125
g3954.t1	VFG015083(gb|WP_005737926)	34.928	209	135	1	12	219	2	210	1.20e-35	125
g3954.t1	VFG009893(gb|WP_011894699)	36.634	202	127	1	12	212	2	203	9.13e-34	120
g3954.t1	VFG024199(gb|WP_013471927)	36.634	202	127	1	12	212	2	203	1.06e-33	120
g3954.t1	VFG009892(gb|WP_003896645)	35.749	207	132	1	12	217	2	208	1.08e-33	120
g3954.t1	VFG027265(gb|YP_007963009)	35.610	205	131	1	12	215	2	206	3.46e-33	119
g3954.t1	VFG027258(gb|WP_015291223)	35.610	205	131	1	12	215	2	206	3.73e-33	118
g3954.t1	VFG001824(gb|NP_217649)	35.610	205	131	1	12	215	2	206	3.81e-33	118
g3954.t1	VFG027255(gb|WP_005061475)	34.634	205	133	1	12	215	2	206	7.53e-33	117
g3954.t1	VFG022956(gb|WP_013829907)	36.098	205	130	1	12	215	2	206	9.94e-33	117
g3954.t1	VFG009896(gb|WP_011768347)	36.232	207	131	1	12	217	2	208	1.07e-32	117
g3954.t1	VFG022951(gb|YP_001704619)	34.634	205	133	1	12	215	2	206	1.17e-32	117
g3954.t1	VFG024200(gb|WP_008262428)	34.597	211	132	2	12	219	8	215	1.28e-32	117
g3954.t1	VFG009891(gb|WP_011740390)	35.610	205	131	1	12	215	2	206	1.70e-32	117
g3954.t1	VFG009897(gb|WP_011558491)	35.407	209	134	1	5	212	7	215	9.18e-32	115
g3954.t1	VFG009889(gb|WP_003874670)	34.975	203	131	1	12	213	2	204	9.20e-32	115
g3954.t1	VFG009890(gb|WP_009978588)	34.975	203	131	1	12	213	2	204	1.25e-31	114
g3954.t1	VFG001889(gb|WP_011216518)	31.731	208	142	0	12	219	2	209	2.54e-31	114
g3954.t1	VFG045728(gb|WP_003635449)	31.250	208	143	0	12	219	2	209	2.77e-31	114
g3954.t1	VFG010911(gb|WP_011947563)	31.731	208	142	0	12	219	2	209	3.05e-31	114
g3954.t1	VFG024972(gb|WP_011401051)	34.653	202	131	1	13	213	9	210	1.68e-30	112
g3954.t1	VFG023572(gb|WP_005156725)	32.338	201	135	1	13	213	4	203	2.39e-30	111
g3954.t1	VFG009895(gb|WP_011778690)	36.275	204	125	3	12	212	2	203	3.05e-30	110
g3954.t1	VFG041575(gb|WP_012847751)	35.577	208	121	2	11	213	7	206	4.01e-30	110
g3954.t1	VFG002440(gb|WP_011204593)	34.483	203	130	3	13	213	9	210	6.17e-30	110
g3954.t1	VFG009894(gb|WP_011779768)	37.624	202	125	1	12	212	2	203	1.03e-29	109
g3954.t1	VFG017283(gb|WP_012105859)	31.683	202	135	2	13	213	4	203	1.60e-29	108
g3954.t1	VFG027270(gb|YP_007959134)	34.171	199	130	1	12	209	2	200	1.84e-29	108
g3954.t1	VFG001746(gb|WP_002209034)	31.683	202	135	2	13	213	4	203	2.20e-29	108
g3954.t1	VFG009899(gb|WP_179967853)	35.000	200	129	1	14	212	3	202	3.77e-29	108
g3954.t1	VFG003357(gb|WP_011191565)	31.188	202	136	2	13	213	4	203	1.48e-28	106
g3954.t1	VFG042242(gb|AAG01455)	30.233	215	142	2	9	219	2	212	2.22e-28	106
g3954.t1	VFG041872(gb|WP_115610154)	35.122	205	124	3	13	214	13	211	4.23e-28	105
g3954.t1	VFG003820(gb|WP_000666334)	32.828	198	128	3	13	208	5	199	9.21e-28	104
g3954.t1	VFG000492(gb|NP_460356)	32.828	198	128	3	13	208	5	199	2.00e-27	103
g3954.t1	VFG020690(gb|WP_000666336)	32.828	198	128	3	13	208	5	199	2.07e-27	103
g3954.t1	VFG041501(gb|WP_004155354)	31.132	212	144	2	9	219	2	212	4.22e-27	102
g3954.t1	VFG018489(gb|WP_000666339)	32.323	198	129	3	13	208	5	199	6.71e-26	99.8
g3954.t1	VFG015873(gb|WP_011105129)	34.135	208	117	5	4	210	1	189	2.67e-24	95.1
g3954.t1	VFG002044(gb|WP_010930609)	31.132	212	133	5	13	218	4	208	2.66e-22	90.1
g3954.t1	VFG011120(gb|WP_012417544)	26.699	206	149	2	13	218	3	206	1.10e-19	83.2
g3954.t1	VFG004099(gb|WP_024131262)	23.810	210	159	1	10	219	2	210	4.66e-19	81.6
g3954.t1	VFG021188(gb|WP_000801272)	24.286	210	158	1	10	219	2	210	7.92e-19	80.9
g3954.t1	VFG000449(gb|NP_459544)	24.286	210	158	1	10	219	2	210	8.34e-19	80.9
g3954.t1	VFG004096(gb|WP_000801270)	24.286	210	158	1	10	219	2	210	1.66e-18	80.1
g3954.t1	VFG043408(gb|WP_000940577)	30.252	119	83	0	13	131	4	122	4.67e-18	76.6
g3954.t1	VFG042685(gb|CAD56976)	23.333	210	160	1	10	219	2	210	1.40e-17	77.8
g3954.t1	VFG006846(gb|NP_464218)	31.356	118	80	1	12	129	2	118	1.35e-15	70.1
g3954.t1	VFG032760(gb|WP_003746076)	31.356	118	80	1	12	129	2	118	1.44e-15	70.1
g3954.t1	VFG042095(gb|NP_311739)	26.768	198	140	2	12	208	4	197	2.70e-15	71.6
g3954.t1	VFG042668(gb|WP_006485047)	25.571	219	143	3	10	208	33	251	6.72e-15	71.2
g3954.t1	VFG014975(gb|WP_013981629)	36.207	116	71	2	14	128	3	116	2.43e-13	67.0
g3954.t1	VFG042743(gb|NP_252986)	24.335	263	140	8	3	211	2	259	1.52e-12	65.1
g3954.t1	VFG049013(gb|WP_004201684)	24.631	203	139	4	12	207	4	199	6.30e-12	62.4
g3954.t1	VFG049018(gb|WP_002913007)	24.631	203	139	4	12	207	4	199	6.36e-12	62.4
g3954.t1	VFG009866(gb|WP_011561679)	39.655	116	68	1	11	126	2	115	7.34e-12	62.4
g3954.t1	VFG049010(gb|WP_004103995)	24.121	199	145	2	12	207	4	199	7.62e-12	62.4
g3954.t1	VFG000119(gb|NP_253948)	34.188	117	74	2	14	129	3	117	2.08e-11	61.6
g3954.t1	VFG014964(gb|WP_003157680)	34.188	117	74	2	14	129	3	117	2.16e-11	61.2
g3954.t1	VFG014968(gb|WP_002551374)	33.621	116	74	2	14	128	3	116	2.96e-11	60.8
g3954.t1	VFG041842(gb|WP_011136182)	29.680	219	109	7	12	202	1	202	3.05e-11	60.5
g3954.t1	VFG014967(gb|WP_003401565)	33.621	116	74	2	14	128	3	116	3.30e-11	60.8
g3954.t1	VFG014966(gb|WP_007247212)	32.759	116	75	2	14	128	3	116	4.14e-11	60.5
g3954.t1	VFG022905(gb|YP_001701425)	33.600	125	77	2	4	126	13	133	5.40e-11	60.5
g3954.t1	VFG049016(gb|WP_004899528)	24.138	203	140	4	12	207	4	199	5.48e-11	59.7
g3954.t1	VFG014974(gb|WP_003242397)	33.621	116	74	2	14	128	3	116	6.19e-11	60.1
g3954.t1	VFG022935(gb|YP_001701820)	37.931	116	70	1	11	126	2	115	6.56e-11	59.7
g3954.t1	VFG027273(gb|YP_005361686)	36.458	96	60	1	121	215	3	98	7.17e-11	57.4
g3954.t1	VFG009865(gb|WP_041307013)	38.261	115	69	1	12	126	1	113	1.62e-10	58.5
g3954.t1	VFG009861(gb|WP_010907575)	38.261	115	69	1	12	126	1	113	1.72e-10	58.5
g3954.t1	VFG009864(gb|WP_041787729)	38.261	115	69	1	12	126	1	113	1.77e-10	58.5
g3954.t1	VFG004125(gb|NP_460113)	35.354	99	59	2	123	216	115	213	1.84e-10	58.5
g3954.t1	VFG004128(gb|WP_000481519)	35.354	99	59	2	123	216	115	213	1.93e-10	58.2
g3954.t1	VFG021241(gb|WP_000481518)	35.354	99	59	2	123	216	115	213	1.99e-10	58.2
g3954.t1	VFG009867(gb|WP_041309847)	29.808	208	119	5	12	215	1	185	2.58e-10	58.2
g3954.t1	VFG045791(gb|WP_000481500)	39.759	83	45	2	139	216	131	213	2.95e-10	57.8
g3954.t1	VFG022934(gb|WP_020726450)	37.391	115	70	1	12	126	1	113	3.11e-10	57.8
g3954.t1	VFG024188(gb|WP_014941347)	38.261	115	69	1	12	126	1	113	3.20e-10	57.8
g3954.t1	VFG046071(gb|WP_000481509)	39.759	83	45	2	139	216	131	213	3.26e-10	57.8
g3954.t1	VFG024189(gb|WP_008254065)	38.261	115	69	1	12	126	1	113	3.29e-10	57.8
g3954.t1	VFG043206(gb|WP_005164479)	33.607	122	78	2	8	127	2	122	3.34e-10	55.8
g3954.t1	VFG009862(gb|WP_071498255)	37.391	115	70	1	12	126	1	113	3.56e-10	57.8
g3954.t1	VFG022941(gb|WP_013827874)	30.244	205	122	5	12	215	3	187	3.93e-10	57.8
g3954.t1	VFG014971(gb|WP_044488561)	33.621	116	74	2	14	128	3	116	3.95e-10	57.8
g3954.t1	VFG022925(gb|WP_013827765)	40.230	87	52	0	40	126	37	123	4.04e-10	57.8
g3954.t1	VFG022910(gb|WP_013830539)	34.211	114	73	1	13	126	14	125	5.05e-10	57.4
g3954.t1	VFG014973(gb|WP_011336516)	32.847	137	89	3	14	149	3	137	5.30e-10	57.4
g3954.t1	VFG009805(gb|WP_011892478)	35.606	132	66	4	4	126	3	124	5.41e-10	57.4
g3954.t1	VFG009806(gb|WP_036377334)	35.606	132	66	4	4	126	3	124	5.97e-10	57.4
g3954.t1	VFG009801(gb|WP_010948903)	34.615	130	67	3	5	126	6	125	7.11e-10	57.0
g3954.t1	VFG009802(gb|WP_003875752)	34.615	130	67	3	5	126	6	125	7.32e-10	57.0
g3954.t1	VFG015771(gb|WP_012312202)	29.412	153	99	3	14	165	3	147	8.14e-10	57.0
g3954.t1	VFG022904(gb|WP_012396471)	33.333	123	79	2	5	126	6	126	9.33e-10	56.6
g3954.t1	VFG009859(gb|WP_003872811)	37.391	115	70	1	12	126	1	113	9.97e-10	56.6
g3954.t1	VFG027208(gb|WP_041181419)	37.391	115	70	1	12	126	1	113	1.05e-09	56.2
g3954.t1	VFG009857(gb|WP_014588181)	37.391	115	70	1	12	126	1	113	1.11e-09	56.2
g3954.t1	VFG015770(gb|WP_012269993)	33.621	116	74	2	14	128	3	116	1.15e-09	56.6
g3954.t1	VFG014025(gb|WP_011064000)	31.405	121	79	2	13	131	3	121	1.19e-09	54.3
g3954.t1	VFG024168(gb|WP_014379067)	33.083	133	71	3	2	126	3	125	1.24e-09	56.2
g3954.t1	VFG027215(gb|YP_007960876)	37.391	115	70	1	12	126	1	113	1.32e-09	56.2
g3954.t1	VFG024164(gb|WP_008263800)	33.083	133	71	3	2	126	3	125	1.49e-09	56.2
g3954.t1	VFG001226(gb|NP_249100)	33.058	121	77	3	13	131	3	121	1.77e-09	53.9
g3954.t1	VFG019919(gb|WP_015886493)	33.577	137	88	3	14	149	3	137	1.94e-09	55.8
g3954.t1	VFG014022(gb|WP_003249327)	31.624	117	76	3	13	127	3	117	2.00e-09	53.5
g3954.t1	VFG027205(gb|WP_005098722)	36.522	115	71	1	12	126	1	113	2.42e-09	55.5
g3954.t1	VFG007553(gb|WP_011079855)	32.407	108	70	2	12	117	3	109	2.44e-09	56.2
g3954.t1	VFG001390(gb|NP_215496)	37.391	115	70	1	12	126	1	113	2.45e-09	55.5
g3954.t1	VFG007554(gb|WP_011150906)	32.407	108	70	2	12	117	3	109	2.46e-09	56.2
g3954.t1	VFG027211(gb|WP_005063392)	36.522	115	71	1	12	126	1	113	2.47e-09	55.5
g3954.t1	VFG015635(gb|WP_012312415)	30.769	117	77	2	13	127	3	117	2.52e-09	53.5
g3954.t1	VFG043012(gb|NP_250147)	29.752	121	76	3	12	127	1	117	2.60e-09	53.5
g3954.t1	VFG042929(gb|WP_012031400)	33.621	116	73	3	14	127	4	117	2.74e-09	53.1
g3954.t1	VFG042670(gb|WP_006485049)	39.344	122	61	6	13	128	584	698	2.89e-09	56.2
g3954.t1	VFG009804(gb|WP_011730856)	32.540	126	82	2	1	126	3	125	3.14e-09	55.1
g3954.t1	VFG027122(gb|WP_015456166)	34.746	118	67	3	13	126	22	133	3.69e-09	55.1
g3954.t1	VFG009803(gb|WP_011738792)	32.520	123	80	2	5	126	6	126	3.92e-09	55.1
g3954.t1	VFG050640(gb|WP_000101096.1)	30.579	121	72	3	13	127	3	117	3.94e-09	52.8
g3954.t1	VFG027123(gb|YP_007956929)	35.246	122	61	3	13	126	22	133	4.18e-09	55.1
g3954.t1	VFG014028(gb|WP_003297216)	31.405	121	79	2	13	131	3	121	4.32e-09	52.8
g3954.t1	VFG001386(gb|NP_215271)	35.246	122	61	3	13	126	22	133	4.47e-09	54.7
g3954.t1	VFG009797(gb|WP_012054162)	33.333	114	74	1	13	126	22	133	5.07e-09	54.7
g3954.t1	VFG009863(gb|WP_014878347)	36.522	115	71	1	12	126	1	113	5.28e-09	54.3
g3954.t1	VFG015634(gb|WP_012274551)	30.769	117	77	2	13	127	3	117	5.91e-09	52.4
g3954.t1	VFG027131(gb|WP_015309447)	31.746	126	83	2	1	126	3	125	6.44e-09	54.3
g3954.t1	VFG014388(gb|WP_010955091)	29.333	150	94	2	12	151	3	150	9.52e-09	54.7
g3954.t1	VFG014027(gb|WP_003458790)	30.579	121	80	2	13	131	3	121	9.61e-09	52.0
g3954.t1	VFG043089(gb|WP_000763867)	31.148	122	81	2	8	127	2	122	9.67e-09	52.0
g3954.t1	VFG007550(gb|WP_000985860)	32.407	108	70	2	12	117	3	109	1.10e-08	54.3
g3954.t1	VFG027220(gb|YP_007957122)	36.522	115	71	1	12	126	1	113	1.16e-08	53.5
g3954.t1	VFG038701(gb|WP_013723552)	28.689	122	78	3	9	125	2	119	1.22e-08	51.6
g3954.t1	VFG019765(gb|WP_014720320)	30.579	121	80	3	13	131	3	121	1.22e-08	51.6
g3954.t1	VFG043015(gb|NP_250150)	32.407	108	70	2	12	117	3	109	1.26e-08	53.9
g3954.t1	VFG038700(gb|WP_005319295)	28.689	122	78	3	9	125	2	119	1.59e-08	51.2
g3954.t1	VFG022919(gb|YP_001701702)	37.931	87	54	0	40	126	34	120	1.71e-08	53.1
g3954.t1	VFG014026(gb|WP_011336365)	29.752	121	81	2	13	131	3	121	1.85e-08	51.2
g3954.t1	VFG038699(gb|WP_010634617)	28.689	122	78	3	9	125	2	119	1.92e-08	51.2
g3954.t1	VFG014972(gb|WP_011064176)	30.657	137	92	2	14	149	3	137	1.92e-08	53.1
g3954.t1	VFG009837(gb|WP_172800613)	37.931	87	54	0	40	126	37	123	2.25e-08	52.8
g3954.t1	VFG009833(gb|WP_168189073)	37.931	87	54	0	40	126	40	126	2.28e-08	52.8
g3954.t1	VFG007555(gb|WP_005420308)	28.972	107	75	1	12	117	3	109	2.28e-08	53.1
g3954.t1	VFG009807(gb|WP_011561967)	32.456	114	75	1	13	126	14	125	2.34e-08	52.8
g3954.t1	VFG009829(gb|WP_024637144)	37.931	87	54	0	40	126	37	123	2.43e-08	52.8
g3954.t1	VFG009838(gb|WP_011561825)	37.931	87	54	0	40	126	34	120	2.66e-08	52.4
g3954.t1	VFG024176(gb|WP_008253900)	37.931	87	54	0	40	126	37	123	2.67e-08	52.4
g3954.t1	VFG009836(gb|WP_011857018)	37.931	87	54	0	40	126	34	120	2.82e-08	52.4
g3954.t1	VFG027180(gb|WP_198345124)	36.000	100	59	1	40	134	37	136	2.94e-08	52.4
g3954.t1	VFG015680(gb|WP_012273511)	29.333	150	94	2	12	151	3	150	2.97e-08	53.1
g3954.t1	VFG027229(gb|WP_041312672)	37.143	105	64	1	12	116	1	103	3.02e-08	52.4
g3954.t1	VFG022918(gb|WP_012396175)	37.931	87	54	0	40	126	37	123	3.06e-08	52.4
g3954.t1	VFG043381(gb|WP_000684509)	26.875	160	106	5	12	168	1	152	3.10e-08	52.8
g3954.t1	VFG022924(gb|WP_010908722)	37.931	87	54	0	40	126	34	120	3.23e-08	52.4
g3954.t1	VFG009832(gb|WP_011738612)	37.931	87	54	0	40	126	37	123	3.24e-08	52.4
g3954.t1	VFG009831(gb|WP_172591973)	37.931	87	54	0	40	126	37	123	3.74e-08	52.0
g3954.t1	VFG009834(gb|WP_011892635)	37.931	87	54	0	40	126	32	118	3.74e-08	52.0
g3954.t1	VFG009835(gb|WP_011782153)	38.272	81	50	0	46	126	40	120	4.23e-08	52.0
g3954.t1	VFG000116(gb|NP_254170)	27.670	206	136	4	4	206	1	196	4.27e-08	52.8
g3954.t1	VFG007552(gb|WP_005479477)	29.907	107	74	1	12	117	3	109	4.42e-08	52.4
g3954.t1	VFG043694(gb|WP_000357141)	37.681	69	43	0	151	219	2	70	4.83e-08	48.5
g3954.t1	VFG027175(gb|YP_005359605)	37.931	87	54	0	40	126	34	120	4.98e-08	51.6
g3954.t1	VFG014389(gb|WP_012051624)	28.667	150	95	2	12	151	3	150	5.05e-08	52.4
g3954.t1	VFG043037(gb|NP_460873)	31.148	122	81	2	8	127	2	122	5.19e-08	50.1
g3954.t1	VFG014019(gb|WP_003377196)	30.579	121	80	2	13	131	3	121	5.28e-08	49.7
g3954.t1	VFG001389(gb|NP_215418)	37.931	87	54	0	40	126	37	123	6.04e-08	51.6
g3954.t1	VFG004126(gb|WP_000481516)	34.783	92	55	2	123	209	115	206	6.15e-08	51.2
g3954.t1	VFG038710(gb|WP_011705291)	31.481	108	71	2	12	117	3	109	6.44e-08	52.0
g3954.t1	VFG007570(gb|WP_021451399)	28.926	121	77	3	12	127	1	117	7.06e-08	49.3
g3954.t1	VFG038711(gb|WP_016350060)	31.481	108	71	2	12	117	3	109	7.27e-08	52.0
g3954.t1	VFG038757(gb|WP_011898552)	31.667	120	80	1	13	132	5	122	7.58e-08	52.0
g3954.t1	VFG014394(gb|WP_041755564)	30.137	146	89	4	13	148	4	146	8.29e-08	51.6
g3954.t1	VFG007568(gb|WP_000697869)	30.508	118	75	3	12	125	1	115	9.26e-08	49.3
g3954.t1	VFG014390(gb|WP_011534911)	29.508	122	84	1	12	133	3	122	9.38e-08	51.6
g3954.t1	VFG042013(gb|WP_011004149)	46.032	63	33	1	151	212	99	161	9.60e-08	50.1
g3954.t1	VFG007571(gb|WP_017052487)	29.412	119	75	3	12	125	1	115	9.64e-08	48.9
g3954.t1	VFG038713(gb|WP_005353666)	31.481	108	71	2	12	117	3	109	1.02e-07	51.2
g3954.t1	VFG014020(gb|WP_011266432)	29.752	121	81	2	13	131	3	121	1.16e-07	48.9
g3954.t1	VFG014021(gb|WP_002551739)	30.579	121	80	3	13	131	3	121	1.19e-07	48.9
g3954.t1	VFG014970(gb|WP_003255896)	31.034	116	77	2	14	128	3	116	1.75e-07	50.1
g3954.t1	VFG038712(gb|WP_005319287)	31.481	108	71	2	12	117	3	109	1.99e-07	50.4
g3954.t1	VFG015681(gb|WP_012315526)	30.709	127	78	2	12	134	3	123	2.11e-07	50.4
g3954.t1	VFG019828(gb|WP_015885195)	30.952	126	83	2	12	136	3	125	2.13e-07	50.4
g3954.t1	VFG014392(gb|WP_011333047)	31.746	126	82	2	12	136	3	125	2.39e-07	50.4
g3954.t1	VFG014969(gb|WP_010951571)	37.209	86	53	1	14	98	3	88	2.61e-07	49.7
g3954.t1	VFG025826(gb|WP_006485893)	30.579	121	81	2	9	127	2	121	3.00e-07	47.8
g3954.t1	VFG038758(gb|WP_005350684)	30.833	120	81	1	13	132	5	122	3.14e-07	50.1
g3954.t1	VFG002525(gb|WP_004185006)	30.645	124	77	3	9	127	2	121	3.38e-07	47.8
g3954.t1	VFG025824(gb|WP_006754880)	29.752	121	82	2	9	127	2	121	3.66e-07	47.8
g3954.t1	VFG006826(gb|NP_464902)	25.962	208	130	6	13	201	3	205	3.97e-07	48.9
g3954.t1	VFG027172(gb|YP_007957056)	36.782	87	55	0	40	126	37	123	4.16e-07	48.9
g3954.t1	VFG004063(gb|WP_001537766)	27.481	131	93	1	12	142	1	129	4.31e-07	48.9
g3954.t1	VFG002542(gb|WP_004188690)	41.935	62	36	0	158	219	167	228	4.45e-07	48.9
g3954.t1	VFG026030(gb|WP_009896076)	41.935	62	36	0	158	219	167	228	4.49e-07	48.9
g3954.t1	VFG000475(gb|NP_460201)	27.481	131	93	1	12	142	2	130	4.51e-07	48.9
g3954.t1	VFG004061(gb|WP_001766960)	27.481	131	93	1	12	142	1	129	4.52e-07	48.9
g3954.t1	VFG042926(gb|WP_012031397)	31.967	122	79	2	13	132	2432	2551	7.96e-07	49.3
g3954.t1	VFG007573(gb|WP_005420316)	27.731	119	83	2	9	125	2	119	8.89e-07	46.6
g3954.t1	VFG038756(gb|WP_011706626)	30.000	120	82	1	13	132	5	122	1.12e-06	48.5
g3954.t1	VFG018395(gb|WP_024131926)	27.481	131	93	1	12	142	1	129	1.14e-06	47.8
g3954.t1	VFG014024(gb|WP_011536047)	29.060	117	79	2	13	127	3	117	1.22e-06	45.8
g3954.t1	VFG042950(gb|WP_004083584)	29.060	117	71	3	13	123	3	113	1.29e-06	46.2
g3954.t1	VFG003539(gb|WP_011817144)	25.328	229	146	7	9	218	14	236	1.33e-06	47.4
g3954.t1	VFG025994(gb|WP_006483948)	40.984	61	36	0	159	219	176	236	1.72e-06	47.4
g3954.t1	VFG025992(gb|WP_011547409)	40.984	61	36	0	159	219	176	236	1.82e-06	47.0
g3954.t1	VFG004064(gb|WP_023234872)	25.954	131	95	1	12	142	1	129	2.14e-06	47.0
g3954.t1	VFG050625(gb|WP_000389061.1)	28.689	122	83	2	8	127	4	123	2.51e-06	45.4
g3954.t1	VFG041873(gb|WP_080509010)	32.812	128	77	3	12	133	702	826	2.66e-06	47.4
g3954.t1	VFG025917(gb|WP_006482646)	35.043	117	66	5	14	125	5	116	2.87e-06	45.1
g3954.t1	VFG014386(gb|WP_011268444)	32.258	124	80	2	11	133	2	122	2.90e-06	47.0
g3954.t1	VFG050634(gb|WP_000389077.1)	28.814	118	80	2	12	127	8	123	3.70e-06	44.7
g3954.t1	VFG043345(gb|WP_011946713)	26.316	114	82	1	14	127	4	115	4.36e-06	46.6
g3954.t1	VFG007484(gb|WP_000079330)	28.099	121	77	2	13	129	5	119	4.71e-06	46.6
g3954.t1	VFG015632(gb|WP_012274552)	26.400	125	88	3	9	131	2	124	6.00e-06	44.3
g3954.t1	VFG050641(gb|YP_001085822.1)	32.500	80	52	1	50	127	1	80	6.46e-06	43.1
g3954.t1	VFG010917(gb|WP_011946809)	26.957	115	78	2	14	125	678	789	6.59e-06	46.2
g3954.t1	VFG021089(gb|WP_024131483)	26.718	131	94	1	12	142	1	129	6.61e-06	45.4
g3954.t1	VFG014385(gb|WP_011103783)	30.000	130	75	3	11	133	2	122	7.23e-06	45.8
g3954.t1	VFG007487(gb|WP_011079832)	28.689	122	75	4	13	129	5	119	7.30e-06	45.8
g3954.t1	VFG050626(gb|YP_001085823.1)	29.565	115	77	2	15	127	1	113	7.78e-06	43.5
g3954.t1	VFG007488(gb|WP_011150918)	28.689	122	75	4	13	129	5	119	8.00e-06	45.8
g3954.t1	VFG023574(gb|WP_013649086)	27.485	171	107	5	14	170	706	873	8.39e-06	45.8
g3954.t1	VFG010916(gb|WP_011215874)	26.957	115	78	2	14	125	678	789	8.52e-06	45.8
g3954.t1	VFG007486(gb|WP_005457658)	28.926	121	76	2	13	129	5	119	8.93e-06	45.8
g4378.t1	VFG042743(gb|NP_252986)	100.000	275	0	0	6	280	1	275	0.0	561
g4378.t1	VFG000116(gb|NP_254170)	30.534	131	86	3	6	135	1	127	2.66e-12	66.2
g4378.t1	VFG007487(gb|WP_011079832)	28.448	116	79	2	16	131	6	117	9.27e-10	58.9
g4378.t1	VFG007488(gb|WP_011150918)	28.448	116	79	2	16	131	6	117	9.35e-10	58.9
g4378.t1	VFG007489(gb|WP_011262361)	29.310	116	78	2	16	131	6	117	1.60e-09	58.2
g4378.t1	VFG043386(gb|WP_000772151)	30.645	124	72	5	14	130	1	117	2.19e-09	54.3
g4378.t1	VFG027255(gb|WP_005061475)	24.528	265	143	8	14	274	2	213	2.26e-08	53.1
g4378.t1	VFG022951(gb|YP_001704619)	24.528	265	143	8	14	274	2	213	3.12e-08	52.8
g4378.t1	VFG007486(gb|WP_005457658)	25.862	116	82	2	16	131	6	117	3.75e-08	53.9
g4378.t1	VFG007484(gb|WP_000079330)	27.586	116	80	2	16	131	6	117	3.82e-08	53.9
g4378.t1	VFG014394(gb|WP_041755564)	31.356	118	73	3	16	131	5	116	1.13e-07	52.4
g4378.t1	VFG009896(gb|WP_011768347)	38.272	81	49	1	187	267	126	205	1.76e-07	50.8
g4378.t1	VFG024199(gb|WP_013471927)	38.356	73	44	1	205	277	144	215	3.78e-07	49.7
g4378.t1	VFG009893(gb|WP_011894699)	38.889	72	43	1	205	276	144	214	3.93e-07	49.7
g4378.t1	VFG043381(gb|WP_000684509)	26.016	123	82	4	15	136	2	116	4.40e-07	50.4
g4378.t1	VFG042950(gb|WP_004083584)	25.620	121	86	3	16	135	4	121	5.29e-07	47.8
g4378.t1	VFG009895(gb|WP_011778690)	42.857	63	35	1	205	267	144	205	5.46e-07	49.3
g4378.t1	VFG038758(gb|WP_005350684)	25.862	116	82	2	16	131	6	117	7.28e-07	50.1
g4378.t1	VFG019765(gb|WP_014720320)	31.092	119	76	4	16	132	4	118	8.47e-07	47.0
g4378.t1	VFG027273(gb|YP_005361686)	44.068	59	32	1	206	264	37	94	8.50e-07	46.6
g4378.t1	VFG009890(gb|WP_009978588)	41.429	70	40	1	205	274	144	212	9.02e-07	48.5
g4378.t1	VFG015681(gb|WP_012315526)	32.500	120	73	4	14	131	3	116	9.32e-07	49.7
g4378.t1	VFG009889(gb|WP_003874670)	41.429	70	40	1	205	274	144	212	9.36e-07	48.5
g4378.t1	VFG014022(gb|WP_003249327)	28.814	118	80	3	16	132	4	118	1.26e-06	46.6
g4378.t1	VFG011626(gb|WP_002965156)	28.462	130	85	4	8	137	2	123	1.69e-06	48.1
g4378.t1	VFG015680(gb|WP_012273511)	28.448	116	79	2	16	131	5	116	2.10e-06	48.5
g4378.t1	VFG014388(gb|WP_010955091)	28.814	118	80	2	14	131	3	116	2.16e-06	48.5
g4378.t1	VFG024201(gb|WP_008259378)	44.068	59	32	1	206	264	145	202	2.61e-06	47.4
g4378.t1	VFG009892(gb|WP_003896645)	43.333	60	33	1	205	264	144	202	2.70e-06	47.0
g4378.t1	VFG027265(gb|YP_007963009)	44.068	59	32	1	206	264	145	202	3.09e-06	47.0
g4378.t1	VFG043402(gb|YP_002344511)	25.806	124	78	4	14	130	1	117	3.09e-06	45.4
g4378.t1	VFG001824(gb|NP_217649)	44.068	59	32	1	206	264	145	202	3.12e-06	47.0
g4378.t1	VFG027258(gb|WP_015291223)	44.068	59	32	1	206	264	145	202	3.21e-06	47.0
g4378.t1	VFG022956(gb|WP_013829907)	35.897	78	49	1	187	264	126	202	3.22e-06	47.0
g4378.t1	VFG043345(gb|WP_011946713)	26.724	116	81	2	16	131	4	115	3.43e-06	47.8
g4378.t1	VFG009891(gb|WP_011740390)	44.068	59	32	1	206	264	145	202	3.90e-06	46.6
g4378.t1	VFG015634(gb|WP_012274551)	28.814	118	80	3	16	132	4	118	4.48e-06	45.1
g4378.t1	VFG027270(gb|YP_007959134)	44.643	56	30	1	206	261	145	199	5.63e-06	46.2
g4378.t1	VFG038757(gb|WP_011898552)	25.000	116	83	2	16	131	6	117	6.01e-06	47.0
g4378.t1	VFG001390(gb|NP_215496)	28.333	120	82	2	16	135	3	118	6.09e-06	46.2
g4378.t1	VFG022941(gb|WP_013827874)	27.326	172	107	7	16	186	5	159	6.17e-06	46.2
g4378.t1	VFG014390(gb|WP_011534911)	27.273	121	78	3	14	131	3	116	6.52e-06	47.0
g4378.t1	VFG031746(gb|WP_013470606)	28.571	112	75	2	15	126	3	109	9.33e-06	45.8
g4378.t1	VFG014008(gb|WP_004654414)	26.271	118	79	3	16	130	10	122	9.39e-06	44.3
g4378.t1	VFG014006(gb|WP_002551738)	26.271	118	79	3	16	130	10	122	9.57e-06	44.3
g4378.t1	VFG031729(gb|WP_011891085)	28.571	112	75	2	15	126	3	109	9.60e-06	45.8
g4378.t1	VFG014386(gb|WP_011268444)	31.200	125	77	3	14	133	3	123	9.65e-06	46.6
g4378.t1	VFG014389(gb|WP_012051624)	27.966	118	81	2	14	131	3	116	9.90e-06	46.6
g1650.t1	VFG023572(gb|WP_005156725)	35.294	204	129	1	9	212	5	205	3.99e-40	136
g1650.t1	VFG003357(gb|WP_011191565)	33.824	204	132	1	9	212	5	205	9.03e-37	127
g1650.t1	VFG017283(gb|WP_012105859)	32.843	204	134	1	9	212	5	205	1.65e-35	124
g1650.t1	VFG001746(gb|WP_002209034)	32.843	204	134	1	9	212	5	205	2.64e-35	124
g1650.t1	VFG041872(gb|WP_115610154)	36.765	204	118	2	9	209	14	209	1.82e-34	122
g1650.t1	VFG041575(gb|WP_012847751)	35.238	210	125	2	6	212	7	208	5.74e-34	120
g1650.t1	VFG022956(gb|WP_013829907)	33.171	205	136	1	8	212	3	206	2.03e-33	119
g1650.t1	VFG024201(gb|WP_008259378)	32.353	204	137	1	9	212	4	206	6.81e-33	117
g1650.t1	VFG027255(gb|WP_005061475)	33.663	202	133	1	8	209	3	203	2.65e-32	116
g1650.t1	VFG022951(gb|YP_001704619)	33.663	202	133	1	8	209	3	203	3.12e-32	116
g1650.t1	VFG009893(gb|WP_011894699)	31.863	204	138	1	9	212	4	206	1.53e-31	114
g1650.t1	VFG024199(gb|WP_013471927)	31.863	204	138	1	9	212	4	206	1.80e-31	114
g1650.t1	VFG009892(gb|WP_003896645)	31.863	204	138	1	9	212	4	206	1.90e-31	114
g1650.t1	VFG009889(gb|WP_003874670)	31.863	204	138	1	9	212	4	206	2.43e-31	114
g1650.t1	VFG009890(gb|WP_009978588)	31.863	204	138	1	9	212	4	206	2.70e-31	114
g1650.t1	VFG027265(gb|YP_007963009)	31.863	204	138	1	9	212	4	206	3.39e-31	113
g1650.t1	VFG009896(gb|WP_011768347)	31.863	204	138	1	9	212	4	206	4.45e-31	113
g1650.t1	VFG001824(gb|NP_217649)	31.863	204	138	1	9	212	4	206	6.17e-31	112
g1650.t1	VFG027258(gb|WP_015291223)	31.863	204	138	1	9	212	4	206	6.51e-31	112
g1650.t1	VFG009891(gb|WP_011740390)	31.220	205	140	1	8	212	3	206	1.73e-30	111
g1650.t1	VFG024200(gb|WP_008262428)	31.963	219	140	4	1	215	1	214	2.21e-30	111
g1650.t1	VFG003820(gb|WP_000666334)	32.323	198	129	3	9	205	6	199	3.73e-30	110
g1650.t1	VFG009897(gb|WP_011558491)	33.491	212	138	2	2	212	9	218	4.68e-30	110
g1650.t1	VFG009895(gb|WP_011778690)	31.373	204	139	1	9	212	4	206	5.48e-30	110
g1650.t1	VFG020690(gb|WP_000666336)	32.323	198	129	3	9	205	6	199	6.16e-30	110
g1650.t1	VFG000492(gb|NP_460356)	32.323	198	129	3	9	205	6	199	8.95e-30	109
g1650.t1	VFG009899(gb|WP_179967853)	33.981	206	133	2	8	212	2	205	2.31e-29	108
g1650.t1	VFG024972(gb|WP_011401051)	30.882	204	140	1	9	212	10	212	9.02e-29	107
g1650.t1	VFG027270(gb|YP_007959134)	31.313	198	135	1	9	206	4	200	1.38e-28	106
g1650.t1	VFG018489(gb|WP_000666339)	31.313	198	131	2	9	205	6	199	9.72e-28	104
g1650.t1	VFG015873(gb|WP_011105129)	36.538	208	103	5	7	207	4	189	3.55e-27	102
g1650.t1	VFG002440(gb|WP_011204593)	30.986	213	128	4	9	212	10	212	4.31e-27	103
g1650.t1	VFG001889(gb|WP_011216518)	27.885	208	148	1	9	216	4	209	1.08e-26	102
g1650.t1	VFG010911(gb|WP_011947563)	27.885	208	148	1	9	216	4	209	3.38e-26	100
g1650.t1	VFG042242(gb|AAG01455)	31.527	203	133	2	9	209	7	205	4.32e-26	100
g1650.t1	VFG015080(gb|NP_251276)	30.348	201	137	2	9	208	4	202	2.26e-25	98.2
g1650.t1	VFG009894(gb|WP_011779768)	33.333	204	135	1	9	212	4	206	1.15e-24	96.7
g1650.t1	VFG045728(gb|WP_003635449)	29.146	199	135	3	9	205	4	198	2.55e-24	95.9
g1650.t1	VFG041501(gb|WP_004155354)	30.542	203	135	2	9	209	7	205	5.49e-24	94.7
g1650.t1	VFG015088(gb|WP_011534583)	29.798	198	134	2	9	205	4	197	1.19e-23	94.0
g1650.t1	VFG019944(gb|WP_003190387)	28.934	197	138	1	9	205	4	198	2.03e-23	93.2
g1650.t1	VFG015090(gb|WP_041475303)	29.082	196	137	1	10	205	5	198	2.28e-23	93.2
g1650.t1	VFG015092(gb|WP_041755484)	28.358	201	141	2	9	208	4	202	2.38e-23	93.2
g1650.t1	VFG015785(gb|WP_012315215)	29.293	198	135	2	9	205	4	197	3.23e-23	92.8
g1650.t1	VFG015089(gb|WP_011061841)	27.919	197	140	1	9	205	4	198	8.88e-23	91.7
g1650.t1	VFG015086(gb|WP_003251380)	28.934	197	137	1	9	205	4	197	1.67e-22	90.9
g1650.t1	VFG002044(gb|WP_010930609)	29.798	198	134	3	9	205	5	198	2.44e-22	90.1
g1650.t1	VFG015091(gb|WP_003240627)	28.856	201	140	2	9	208	4	202	7.27e-22	89.0
g1650.t1	VFG015085(gb|WP_011168507)	27.861	201	142	2	9	208	4	202	3.33e-21	87.4
g1650.t1	VFG015084(gb|WP_002553344)	27.861	201	142	2	9	208	4	202	4.28e-21	87.0
g1650.t1	VFG015083(gb|WP_005737926)	27.363	201	143	2	9	208	4	202	1.44e-20	85.9
g1650.t1	VFG011120(gb|WP_012417544)	28.856	201	131	3	9	205	4	196	1.88e-20	85.1
g1650.t1	VFG000449(gb|NP_459544)	26.238	202	144	4	5	205	2	199	4.96e-20	84.3
g1650.t1	VFG021188(gb|WP_000801272)	26.238	202	144	4	5	205	2	199	8.02e-20	83.6
g1650.t1	VFG004099(gb|WP_024131262)	25.743	202	145	4	5	205	2	199	1.56e-19	82.8
g1650.t1	VFG004096(gb|WP_000801270)	26.238	202	144	4	5	205	2	199	1.68e-19	82.8
g1650.t1	VFG042685(gb|CAD56976)	24.878	205	143	3	5	205	2	199	4.72e-19	81.6
g1650.t1	VFG032760(gb|WP_003746076)	34.483	116	75	1	9	124	4	118	1.03e-18	78.2
g1650.t1	VFG014964(gb|WP_003157680)	35.152	165	100	5	8	168	2	163	1.06e-18	81.3
g1650.t1	VFG006846(gb|NP_464218)	34.483	116	75	1	9	124	4	118	1.08e-18	78.2
g1650.t1	VFG043408(gb|WP_000940577)	33.621	116	77	0	9	124	5	120	2.04e-18	77.8
g1650.t1	VFG000119(gb|NP_253948)	34.545	165	101	6	8	168	2	163	9.15e-18	79.0
g1650.t1	VFG014966(gb|WP_007247212)	33.540	161	97	4	8	167	2	153	2.26e-16	75.1
g1650.t1	VFG014975(gb|WP_013981629)	34.194	155	96	4	8	158	2	154	4.25e-16	74.3
g1650.t1	VFG014974(gb|WP_003242397)	32.919	161	98	4	8	167	2	153	6.38e-16	73.9
g1650.t1	VFG014968(gb|WP_002551374)	35.659	129	80	3	8	135	2	128	9.19e-16	73.6
g1650.t1	VFG014967(gb|WP_003401565)	35.659	129	80	3	8	135	2	128	9.38e-16	73.6
g1650.t1	VFG019919(gb|WP_015886493)	33.742	163	98	4	9	170	3	156	2.94e-14	69.3
g1650.t1	VFG014973(gb|WP_011336516)	31.056	161	101	3	8	167	2	153	5.31e-14	68.6
g1650.t1	VFG042095(gb|NP_311739)	26.768	198	138	3	9	205	6	197	5.49e-14	67.8
g1650.t1	VFG049010(gb|WP_004103995)	25.121	207	144	4	1	204	1	199	1.93e-13	66.6
g1650.t1	VFG049018(gb|WP_002913007)	24.121	199	143	2	9	204	6	199	2.11e-13	66.6
g1650.t1	VFG014972(gb|WP_011064176)	31.677	161	100	3	8	167	2	153	2.12e-13	67.0
g1650.t1	VFG014025(gb|WP_011064000)	34.146	123	75	3	7	126	2	121	2.15e-13	64.3
g1650.t1	VFG049013(gb|WP_004201684)	24.121	199	143	2	9	204	6	199	2.31e-13	66.2
g1650.t1	VFG014027(gb|WP_003458790)	34.146	123	75	3	7	126	2	121	4.53e-13	63.5
g1650.t1	VFG001226(gb|NP_249100)	34.146	123	75	3	7	126	2	121	4.63e-13	63.5
g1650.t1	VFG050640(gb|WP_000101096.1)	33.051	118	75	2	7	122	2	117	4.92e-13	63.2
g1650.t1	VFG014028(gb|WP_003297216)	33.333	123	76	3	7	126	2	121	5.24e-13	63.2
g1650.t1	VFG014026(gb|WP_011336365)	33.333	123	76	3	7	126	2	121	8.45e-13	62.8
g1650.t1	VFG042743(gb|NP_252986)	23.320	253	139	9	8	208	10	259	1.61e-12	64.7
g1650.t1	VFG049016(gb|WP_004899528)	23.618	199	144	2	9	204	6	199	1.96e-12	63.9
g1650.t1	VFG014019(gb|WP_003377196)	34.146	123	75	3	7	126	2	121	1.98e-12	61.6
g1650.t1	VFG014021(gb|WP_002551739)	34.146	123	75	3	7	126	2	121	3.05e-12	61.2
g1650.t1	VFG014971(gb|WP_044488561)	34.188	117	74	3	8	123	2	116	5.58e-12	63.2
g1650.t1	VFG019765(gb|WP_014720320)	32.520	123	77	4	7	126	2	121	7.50e-12	60.1
g1650.t1	VFG015770(gb|WP_012269993)	33.333	117	75	3	8	123	2	116	1.36e-11	62.0
g1650.t1	VFG014022(gb|WP_003249327)	32.773	119	74	3	7	122	2	117	1.76e-11	59.3
g1650.t1	VFG042929(gb|WP_012031400)	32.479	117	75	2	8	122	3	117	2.16e-11	58.9
g1650.t1	VFG014020(gb|WP_011266432)	33.333	123	76	3	7	126	2	121	3.01e-11	58.5
g1650.t1	VFG043015(gb|NP_250150)	34.906	106	66	2	9	112	5	109	3.14e-11	61.6
g1650.t1	VFG004125(gb|NP_460113)	32.075	106	71	1	104	209	105	209	4.45e-11	60.1
g1650.t1	VFG015634(gb|WP_012274551)	31.933	119	75	3	7	122	2	117	4.59e-11	58.2
g1650.t1	VFG038713(gb|WP_005353666)	33.962	106	67	2	9	112	5	109	4.71e-11	61.2
g1650.t1	VFG021241(gb|WP_000481518)	32.075	106	71	1	104	209	105	209	4.72e-11	60.1
g1650.t1	VFG004128(gb|WP_000481519)	32.075	106	71	1	104	209	105	209	5.11e-11	59.7
g1650.t1	VFG022905(gb|YP_001701425)	28.689	122	81	2	2	121	16	133	6.95e-11	60.1
g1650.t1	VFG027273(gb|YP_005361686)	34.694	98	63	1	115	212	2	98	1.05e-10	57.0
g1650.t1	VFG015771(gb|WP_012312202)	31.034	116	77	2	9	123	3	116	1.22e-10	59.3
g1650.t1	VFG038710(gb|WP_011705291)	33.019	106	68	2	9	112	5	109	1.51e-10	59.7
g1650.t1	VFG038712(gb|WP_005319287)	33.019	106	68	2	9	112	5	109	1.55e-10	59.7
g1650.t1	VFG038711(gb|WP_016350060)	33.019	106	68	2	9	112	5	109	1.69e-10	59.7
g1650.t1	VFG046071(gb|WP_000481509)	31.132	106	72	1	104	209	105	209	1.91e-10	58.2
g1650.t1	VFG014392(gb|WP_011333047)	32.308	130	84	2	9	137	5	131	2.00e-10	59.3
g1650.t1	VFG045791(gb|WP_000481500)	32.692	104	67	2	106	209	109	209	2.82e-10	57.8
g1650.t1	VFG041842(gb|WP_011136182)	28.986	207	122	8	9	198	3	201	4.78e-10	57.4
g1650.t1	VFG014970(gb|WP_003255896)	30.769	117	78	2	8	123	2	116	5.31e-10	57.4
g1650.t1	VFG014969(gb|WP_010951571)	30.769	117	78	2	8	123	2	116	1.05e-09	56.6
g1650.t1	VFG015635(gb|WP_012312415)	31.092	119	76	3	7	122	2	117	1.05e-09	54.3
g1650.t1	VFG004126(gb|WP_000481516)	32.039	103	69	1	104	206	105	206	1.06e-09	56.2
g1650.t1	VFG007555(gb|WP_005420308)	32.075	106	69	2	9	112	5	109	1.07e-09	57.0
g1650.t1	VFG027131(gb|WP_015309447)	29.508	122	80	2	2	121	8	125	1.11e-09	56.2
g1650.t1	VFG042950(gb|WP_004083584)	26.230	122	78	3	7	122	2	117	1.47e-09	54.3
g1650.t1	VFG022910(gb|WP_013830539)	29.915	117	76	2	7	121	13	125	2.02e-09	55.8
g1650.t1	VFG027122(gb|WP_015456166)	27.869	122	82	2	2	121	16	133	2.07e-09	55.8
g1650.t1	VFG025927(gb|WP_009906581)	35.088	114	68	3	8	118	4	114	2.24e-09	53.5
g1650.t1	VFG027123(gb|YP_007956929)	29.752	121	81	2	2	121	16	133	2.88e-09	55.5
g1650.t1	VFG024168(gb|WP_014379067)	27.907	129	81	3	1	121	1	125	3.28e-09	55.1
g1650.t1	VFG001386(gb|NP_215271)	27.869	122	82	2	2	121	16	133	3.42e-09	55.1
g1650.t1	VFG009797(gb|WP_012054162)	27.869	122	82	2	2	121	16	133	3.63e-09	55.1
g1650.t1	VFG025917(gb|WP_006482646)	32.258	124	75	4	8	125	4	124	4.37e-09	52.8
g1650.t1	VFG014024(gb|WP_011536047)	29.412	119	78	3	7	122	2	117	5.86e-09	52.4
g1650.t1	VFG009864(gb|WP_041787729)	27.473	182	111	5	9	178	3	175	6.89e-09	53.9
g1650.t1	VFG043402(gb|YP_002344511)	31.034	116	76	3	9	121	3	117	7.01e-09	52.4
g1650.t1	VFG022904(gb|WP_012396471)	29.060	117	77	2	7	121	14	126	7.17e-09	53.9
g1650.t1	VFG009802(gb|WP_003875752)	28.205	117	78	2	7	121	13	125	7.54e-09	53.9
g1650.t1	VFG009801(gb|WP_010948903)	28.205	117	78	2	7	121	13	125	7.77e-09	53.9
g1650.t1	VFG024164(gb|WP_008263800)	27.049	122	83	2	2	121	8	125	8.00e-09	53.9
g1650.t1	VFG015680(gb|WP_012273511)	29.365	126	85	2	9	133	5	127	1.04e-08	54.3
g1650.t1	VFG009805(gb|WP_011892478)	28.926	121	80	2	3	121	8	124	1.10e-08	53.5
g1650.t1	VFG009806(gb|WP_036377334)	28.926	121	80	2	3	121	8	124	1.20e-08	53.5
g1650.t1	VFG009865(gb|WP_041307013)	30.667	150	90	4	9	146	3	150	1.31e-08	53.1
g1650.t1	VFG019828(gb|WP_015885195)	29.231	130	88	2	9	137	5	131	1.32e-08	53.9
g1650.t1	VFG009804(gb|WP_011730856)	28.099	121	81	2	3	121	9	125	1.75e-08	53.1
g1650.t1	VFG002532(gb|WP_004198195)	35.088	114	68	3	8	118	4	114	1.82e-08	51.2
g1650.t1	VFG009866(gb|WP_011561679)	31.034	116	78	1	6	121	2	115	1.90e-08	52.8
g1650.t1	VFG025826(gb|WP_006485893)	32.039	103	67	2	9	109	7	108	1.94e-08	51.2
g1650.t1	VFG043386(gb|WP_000772151)	28.571	119	75	3	9	121	3	117	1.97e-08	50.8
g1650.t1	VFG025915(gb|WP_006477352)	31.452	124	76	4	8	125	4	124	2.41e-08	50.8
g1650.t1	VFG025824(gb|WP_006754880)	31.068	103	68	2	9	109	7	108	2.47e-08	50.8
g1650.t1	VFG002525(gb|WP_004185006)	32.039	103	67	2	9	109	7	108	2.73e-08	50.8
g1650.t1	VFG015681(gb|WP_012315526)	29.231	130	88	2	9	137	5	131	3.21e-08	52.8
g1650.t1	VFG009803(gb|WP_011738792)	28.205	117	78	2	7	121	14	126	3.69e-08	52.0
g1650.t1	VFG010917(gb|WP_011946809)	30.357	112	72	2	9	117	678	786	4.41e-08	52.8
g1650.t1	VFG007554(gb|WP_011150906)	29.245	106	72	2	9	112	5	109	6.87e-08	52.0
g1650.t1	VFG007553(gb|WP_011079855)	29.245	106	72	2	9	112	5	109	7.13e-08	51.6
g1650.t1	VFG010916(gb|WP_011215874)	30.357	112	72	2	9	117	678	786	7.22e-08	52.0
g1650.t1	VFG010915(gb|WP_011214165)	30.357	112	72	2	9	117	678	786	7.22e-08	52.0
g1650.t1	VFG009834(gb|WP_011892635)	30.714	140	92	2	35	169	32	171	7.69e-08	51.2
g1650.t1	VFG014388(gb|WP_010955091)	28.571	126	86	3	9	133	5	127	8.50e-08	51.6
g1650.t1	VFG009835(gb|WP_011782153)	30.714	140	92	2	35	169	34	173	8.75e-08	50.8
g1650.t1	VFG001888(gb|WP_010947629)	30.357	112	72	2	9	117	678	786	9.63e-08	51.6
g1650.t1	VFG027208(gb|WP_041181419)	30.973	113	76	1	9	121	3	113	1.04e-07	50.8
g1650.t1	VFG027180(gb|WP_198345124)	31.429	140	91	3	35	169	37	176	1.05e-07	50.8
g1650.t1	VFG007552(gb|WP_005479477)	29.245	106	72	2	9	112	5	109	1.05e-07	51.2
g1650.t1	VFG009867(gb|WP_041309847)	30.973	113	76	1	9	121	3	113	1.10e-07	50.4
g1650.t1	VFG009857(gb|WP_014588181)	30.973	113	76	1	9	121	3	113	1.10e-07	50.4
g1650.t1	VFG009859(gb|WP_003872811)	30.973	113	76	1	9	121	3	113	1.11e-07	50.4
g1650.t1	VFG009807(gb|WP_011561967)	27.350	117	79	2	7	121	13	125	1.15e-07	50.4
g1650.t1	VFG027215(gb|YP_007960876)	30.973	113	76	1	9	121	3	113	1.22e-07	50.4
g1650.t1	VFG014389(gb|WP_012051624)	30.709	127	82	3	9	133	5	127	1.25e-07	51.2
g1650.t1	VFG014394(gb|WP_041755564)	29.630	135	85	2	7	137	3	131	1.41e-07	51.2
g1650.t1	VFG009836(gb|WP_011857018)	30.000	140	93	2	35	169	34	173	1.47e-07	50.4
g1650.t1	VFG009837(gb|WP_172800613)	30.000	140	93	2	35	169	37	176	1.92e-07	50.1
g1650.t1	VFG009838(gb|WP_011561825)	30.000	140	93	2	35	169	34	173	2.01e-07	49.7
g1650.t1	VFG001390(gb|NP_215496)	30.973	113	76	1	9	121	3	113	2.08e-07	49.7
g1650.t1	VFG007570(gb|WP_021451399)	27.966	118	78	3	9	122	3	117	2.21e-07	48.1
g1650.t1	VFG022919(gb|YP_001701702)	31.206	141	90	3	35	169	34	173	2.24e-07	49.7
g1650.t1	VFG009833(gb|WP_168189073)	30.000	140	93	2	35	169	40	179	2.30e-07	49.7
g1650.t1	VFG050641(gb|YP_001085822.1)	32.051	78	51	1	47	122	3	80	2.39e-07	47.0
g1650.t1	VFG009832(gb|WP_011738612)	30.000	140	93	2	35	169	37	176	2.53e-07	49.7
g1650.t1	VFG024188(gb|WP_014941347)	30.973	113	76	1	9	121	3	113	2.54e-07	49.7
g1650.t1	VFG024176(gb|WP_008253900)	31.429	140	91	3	35	169	37	176	2.58e-07	49.7
g1650.t1	VFG022935(gb|YP_001701820)	29.310	116	80	1	6	121	2	115	2.60e-07	49.7
g1650.t1	VFG024189(gb|WP_008254065)	30.973	113	76	1	9	121	3	113	2.64e-07	49.3
g1650.t1	VFG007571(gb|WP_017052487)	29.524	105	67	3	9	109	3	104	2.67e-07	47.8
g1650.t1	VFG009829(gb|WP_024637144)	31.429	140	91	3	35	169	37	176	2.74e-07	49.7
g1650.t1	VFG022934(gb|WP_020726450)	30.088	113	77	1	9	121	3	113	2.78e-07	49.3
g1650.t1	VFG009862(gb|WP_071498255)	30.088	113	77	1	9	121	3	113	2.81e-07	49.3
g1650.t1	VFG022918(gb|WP_012396175)	31.429	140	91	3	35	169	37	176	2.95e-07	49.3
g1650.t1	VFG014390(gb|WP_011534911)	28.244	131	88	3	9	137	5	131	3.82e-07	49.7
g1650.t1	VFG027220(gb|YP_007957122)	30.973	113	76	1	9	121	3	113	4.06e-07	48.9
g1650.t1	VFG014386(gb|WP_011268444)	27.820	133	92	2	6	137	2	131	4.48e-07	49.7
g1650.t1	VFG043345(gb|WP_011946713)	23.684	114	85	1	9	122	4	115	4.69e-07	49.3
g1650.t1	VFG052340(gb|NP_463157.1)	27.700	213	128	9	9	204	3	206	4.81e-07	48.5
g1650.t1	VFG022924(gb|WP_010908722)	31.206	141	90	3	35	169	34	173	5.04e-07	48.5
g1650.t1	VFG022925(gb|WP_013827765)	29.286	140	94	2	35	169	37	176	5.13e-07	48.5
g1650.t1	VFG007568(gb|WP_000697869)	28.571	105	68	3	9	109	3	104	5.43e-07	47.0
g1650.t1	VFG009831(gb|WP_172591973)	31.206	141	90	3	35	169	37	176	5.54e-07	48.5
g1650.t1	VFG014393(gb|WP_012019025)	26.087	138	86	3	7	137	3	131	6.37e-07	48.9
g1650.t1	VFG009863(gb|WP_014878347)	30.088	113	77	1	9	121	3	113	6.87e-07	48.1
g1650.t1	VFG043206(gb|WP_005164479)	29.126	103	70	2	9	109	8	109	8.48e-07	46.6
g1650.t1	VFG022941(gb|WP_013827874)	28.319	113	79	1	9	121	5	115	8.92e-07	48.1
g1650.t1	VFG038701(gb|WP_013723552)	27.619	105	69	3	9	109	7	108	9.04e-07	46.6
g1650.t1	VFG027175(gb|YP_005359605)	31.206	141	90	4	35	169	34	173	1.23e-06	47.8
g1650.t1	VFG025839(gb|WP_012492268)	28.431	102	72	1	9	109	9	110	1.27e-06	48.1
g1650.t1	VFG011626(gb|WP_002965156)	33.010	103	64	3	8	109	9	107	1.32e-06	47.4
g1650.t1	VFG014391(gb|WP_011059972)	33.735	83	55	0	55	137	49	131	1.36e-06	48.1
g1650.t1	VFG025837(gb|WP_011546709)	28.431	102	72	1	9	109	6	107	1.38e-06	47.8
g1650.t1	VFG001389(gb|NP_215418)	30.714	140	92	3	35	169	37	176	1.45e-06	47.4
g1650.t1	VFG007550(gb|WP_000985860)	29.245	106	72	2	9	112	5	109	1.50e-06	47.8
g1650.t1	VFG043037(gb|NP_460873)	29.126	103	70	3	9	109	8	109	1.54e-06	45.8
g1650.t1	VFG027205(gb|WP_005098722)	29.204	113	78	1	9	121	3	113	1.70e-06	47.0
g1650.t1	VFG027211(gb|WP_005063392)	29.204	113	78	1	9	121	3	113	1.76e-06	47.0
g1650.t1	VFG009861(gb|WP_010907575)	29.204	113	78	1	9	121	3	113	1.81e-06	47.0
g1650.t1	VFG014385(gb|WP_011103783)	26.316	133	94	2	6	137	2	131	1.94e-06	47.8
g1650.t1	VFG043012(gb|NP_250147)	24.138	116	85	2	9	122	3	117	2.18e-06	45.4
g1650.t1	VFG038700(gb|WP_005319295)	26.667	105	70	3	9	109	7	108	2.54e-06	45.1
g1650.t1	VFG006826(gb|NP_464902)	25.824	182	107	5	38	198	31	205	3.08e-06	46.2
g1650.t1	VFG038699(gb|WP_010634617)	26.667	105	70	3	9	109	7	108	3.38e-06	45.1
g1650.t1	VFG043089(gb|WP_000763867)	28.155	103	71	3	9	109	8	109	3.50e-06	45.1
g1650.t1	VFG042013(gb|WP_011004149)	38.095	63	38	1	153	215	104	165	3.68e-06	45.4
g1650.t1	VFG043207(gb|WP_005164481)	28.431	102	72	1	9	109	6	107	4.50e-06	46.2
g1650.t1	VFG025849(gb|WP_009910098)	27.103	107	77	1	4	109	2	108	5.19e-06	46.2
g1650.t1	VFG027229(gb|WP_041312672)	30.693	101	68	1	9	109	3	101	5.20e-06	45.8
g1650.t1	VFG002526(gb|WP_004198645)	27.103	107	77	1	4	109	2	108	5.28e-06	46.2
g1650.t1	VFG014387(gb|WP_004664453)	30.120	83	58	0	55	137	49	131	8.42e-06	45.8
g1650.t1	VFG004064(gb|WP_023234872)	25.000	160	114	4	9	165	3	159	8.65e-06	45.1
g1650.t1	VFG014383(gb|WP_012076712)	26.718	131	94	1	7	137	3	131	8.73e-06	45.8
g1650.t1	VFG027172(gb|YP_007957056)	30.000	140	93	3	35	169	37	176	9.56e-06	45.1
g2095.t1	VFG041575(gb|WP_012847751)	38.071	197	113	4	4	197	5	195	1.72e-33	119
g2095.t1	VFG023572(gb|WP_005156725)	34.328	201	130	2	8	208	4	202	2.41e-32	116
g2095.t1	VFG041872(gb|WP_115610154)	37.374	198	121	3	8	205	13	207	6.89e-32	115
g2095.t1	VFG045728(gb|WP_003635449)	34.804	204	133	0	7	210	2	205	1.75e-31	114
g2095.t1	VFG042242(gb|AAG01455)	34.021	194	128	0	7	200	5	198	1.26e-30	112
g2095.t1	VFG003357(gb|WP_011191565)	32.836	201	133	2	8	208	4	202	1.44e-30	111
g2095.t1	VFG017283(gb|WP_012105859)	32.836	201	133	2	8	208	4	202	1.86e-30	111
g2095.t1	VFG001889(gb|WP_011216518)	33.495	206	137	0	7	212	2	207	2.39e-30	111
g2095.t1	VFG001746(gb|WP_002209034)	32.836	201	133	2	8	208	4	202	2.97e-30	110
g2095.t1	VFG024200(gb|WP_008262428)	37.019	208	122	3	2	206	6	207	4.20e-30	110
g2095.t1	VFG010911(gb|WP_011947563)	33.495	206	137	0	7	212	2	207	4.39e-30	110
g2095.t1	VFG041501(gb|WP_004155354)	35.602	191	121	2	7	196	5	194	1.15e-29	109
g2095.t1	VFG024201(gb|WP_008259378)	35.323	201	129	1	8	207	3	203	4.39e-28	105
g2095.t1	VFG027265(gb|YP_007963009)	34.826	201	130	1	8	207	3	203	1.34e-27	104
g2095.t1	VFG015088(gb|WP_011534583)	32.338	201	135	1	7	207	2	201	1.70e-27	103
g2095.t1	VFG015785(gb|WP_012315215)	32.338	201	135	1	7	207	2	201	2.28e-27	103
g2095.t1	VFG015086(gb|WP_003251380)	32.338	201	135	1	7	207	2	201	4.32e-27	102
g2095.t1	VFG009889(gb|WP_003874670)	33.831	201	132	1	8	207	3	203	5.69e-27	102
g2095.t1	VFG009890(gb|WP_009978588)	33.831	201	132	1	8	207	3	203	7.73e-27	102
g2095.t1	VFG001824(gb|NP_217649)	34.328	201	131	1	8	207	3	203	9.48e-27	102
g2095.t1	VFG022956(gb|WP_013829907)	35.000	200	129	1	9	207	4	203	9.92e-27	101
g2095.t1	VFG024972(gb|WP_011401051)	36.058	208	129	3	8	213	9	214	1.08e-26	102
g2095.t1	VFG027258(gb|WP_015291223)	34.328	201	131	1	8	207	3	203	1.11e-26	101
g2095.t1	VFG015080(gb|NP_251276)	30.693	202	139	1	7	207	2	203	1.73e-26	101
g2095.t1	VFG002044(gb|WP_010930609)	31.282	195	133	1	8	202	4	197	3.00e-26	100
g2095.t1	VFG002440(gb|WP_011204593)	35.266	207	129	3	8	212	9	212	3.92e-26	100
g2095.t1	VFG009893(gb|WP_011894699)	33.663	202	133	1	8	208	3	204	4.22e-26	100
g2095.t1	VFG024199(gb|WP_013471927)	33.663	202	133	1	8	208	3	204	4.95e-26	100
g2095.t1	VFG015092(gb|WP_041755484)	31.527	203	136	2	7	207	2	203	5.04e-26	100
g2095.t1	VFG027270(gb|YP_007959134)	34.518	197	128	1	7	202	2	198	9.32e-26	99.4
g2095.t1	VFG009891(gb|WP_011740390)	35.323	201	127	2	9	207	4	203	1.14e-25	99.0
g2095.t1	VFG020690(gb|WP_000666336)	31.633	196	129	2	7	200	4	196	1.35e-25	99.0
g2095.t1	VFG000492(gb|NP_460356)	31.633	196	129	2	7	200	4	196	1.43e-25	98.6
g2095.t1	VFG022951(gb|YP_001704619)	32.512	203	130	3	9	207	4	203	1.96e-25	98.6
g2095.t1	VFG003820(gb|WP_000666334)	31.633	196	129	2	7	200	4	196	2.03e-25	98.2
g2095.t1	VFG009892(gb|WP_003896645)	32.673	202	135	1	7	207	2	203	4.64e-25	97.4
g2095.t1	VFG027255(gb|WP_005061475)	32.020	203	131	3	9	207	4	203	6.22e-25	97.1
g2095.t1	VFG018489(gb|WP_000666339)	31.633	196	129	2	7	200	4	196	1.10e-24	96.3
g2095.t1	VFG009895(gb|WP_011778690)	33.333	201	133	1	8	207	3	203	2.99e-24	95.5
g2095.t1	VFG009896(gb|WP_011768347)	32.836	201	134	1	8	207	3	203	8.62e-24	94.4
g2095.t1	VFG011120(gb|WP_012417544)	32.995	197	126	3	8	202	3	195	9.92e-24	94.0
g2095.t1	VFG019944(gb|WP_003190387)	29.353	201	142	0	7	207	2	202	1.54e-23	93.6
g2095.t1	VFG015089(gb|WP_011061841)	29.353	201	142	0	7	207	2	202	3.81e-23	92.4
g2095.t1	VFG015091(gb|WP_003240627)	30.049	203	139	2	7	207	2	203	6.31e-23	92.0
g2095.t1	VFG015090(gb|WP_041475303)	29.293	198	140	0	10	207	5	202	1.77e-22	90.5
g2095.t1	VFG015085(gb|WP_011168507)	28.571	203	142	2	7	207	2	203	3.36e-22	90.1
g2095.t1	VFG015084(gb|WP_002553344)	28.571	203	142	2	7	207	2	203	4.46e-22	89.7
g2095.t1	VFG000449(gb|NP_459544)	32.338	201	127	5	6	202	3	198	1.05e-21	88.6
g2095.t1	VFG021188(gb|WP_000801272)	32.020	203	129	5	4	202	1	198	1.15e-21	88.6
g2095.t1	VFG015083(gb|WP_005737926)	28.079	203	143	2	7	207	2	203	1.40e-21	88.2
g2095.t1	VFG009897(gb|WP_011558491)	32.512	203	136	1	6	207	13	215	1.60e-21	88.6
g2095.t1	VFG004096(gb|WP_000801270)	32.338	201	127	5	6	202	3	198	1.84e-21	87.8
g2095.t1	VFG004099(gb|WP_024131262)	31.841	201	128	5	6	202	3	198	3.05e-21	87.4
g2095.t1	VFG009894(gb|WP_011779768)	34.653	202	129	2	8	207	3	203	5.08e-21	87.0
g2095.t1	VFG042685(gb|CAD56976)	32.020	203	129	5	4	202	1	198	1.11e-20	85.9
g2095.t1	VFG009899(gb|WP_179967853)	32.178	202	136	1	7	207	1	202	2.04e-20	85.1
g2095.t1	VFG042095(gb|NP_311739)	29.592	196	133	3	8	202	5	196	3.62e-18	79.3
g2095.t1	VFG015873(gb|WP_011105129)	32.487	197	118	4	9	204	6	188	1.36e-17	77.4
g2095.t1	VFG049013(gb|WP_004201684)	28.000	200	138	2	7	203	4	200	6.47e-15	70.5
g2095.t1	VFG049018(gb|WP_002913007)	28.000	200	138	2	7	203	4	200	6.67e-15	70.5
g2095.t1	VFG043012(gb|NP_250147)	37.607	117	70	2	8	122	2	117	6.80e-15	68.6
g2095.t1	VFG049010(gb|WP_004103995)	28.500	200	137	3	7	203	4	200	8.44e-15	70.1
g2095.t1	VFG043408(gb|WP_000940577)	29.661	118	83	0	8	125	4	121	1.05e-14	67.8
g2095.t1	VFG049016(gb|WP_004899528)	27.500	200	139	2	7	203	4	200	4.72e-14	68.2
g2095.t1	VFG009866(gb|WP_011561679)	38.793	116	69	1	6	121	2	115	2.46e-13	66.6
g2095.t1	VFG022905(gb|YP_001701425)	38.889	108	60	2	4	109	18	121	3.93e-13	66.2
g2095.t1	VFG043206(gb|WP_005164479)	35.897	117	72	2	8	122	7	122	6.05e-13	63.2
g2095.t1	VFG007570(gb|WP_021451399)	32.479	117	76	2	8	122	2	117	9.23e-13	62.8
g2095.t1	VFG009861(gb|WP_010907575)	38.261	115	69	1	7	121	1	113	1.46e-12	64.3
g2095.t1	VFG006846(gb|NP_464218)	30.252	119	82	1	7	125	2	119	1.52e-12	62.0
g2095.t1	VFG009867(gb|WP_041309847)	38.261	115	69	1	7	121	1	113	1.72e-12	64.3
g2095.t1	VFG032760(gb|WP_003746076)	30.508	118	81	1	7	124	2	118	1.73e-12	62.0
g2095.t1	VFG009807(gb|WP_011561967)	39.286	112	61	3	1	109	6	113	1.86e-12	64.3
g2095.t1	VFG007571(gb|WP_017052487)	32.479	117	76	2	8	122	2	117	2.18e-12	61.6
g2095.t1	VFG014028(gb|WP_003297216)	36.522	115	69	2	8	120	3	115	2.34e-12	61.6
g2095.t1	VFG009864(gb|WP_041787729)	35.036	137	76	2	7	132	1	135	2.47e-12	63.5
g2095.t1	VFG009865(gb|WP_041307013)	35.036	137	76	2	7	132	1	135	3.04e-12	63.5
g2095.t1	VFG007573(gb|WP_005420316)	33.333	117	75	2	8	122	6	121	3.84e-12	61.2
g2095.t1	VFG007568(gb|WP_000697869)	32.479	117	76	2	8	122	2	117	4.41e-12	60.8
g2095.t1	VFG009857(gb|WP_014588181)	37.391	115	70	1	7	121	1	113	4.67e-12	62.8
g2095.t1	VFG043089(gb|WP_000763867)	34.188	117	74	2	8	122	7	122	4.84e-12	60.8
g2095.t1	VFG014025(gb|WP_011064000)	34.783	115	71	2	8	120	3	115	5.03e-12	60.5
g2095.t1	VFG027215(gb|YP_007960876)	37.391	115	70	1	7	121	1	113	5.10e-12	62.8
g2095.t1	VFG001226(gb|NP_249100)	35.652	115	70	2	8	120	3	115	5.24e-12	60.5
g2095.t1	VFG027208(gb|WP_041181419)	37.391	115	70	1	7	121	1	113	5.47e-12	62.8
g2095.t1	VFG038700(gb|WP_005319295)	33.898	118	75	2	7	122	5	121	5.81e-12	60.5
g2095.t1	VFG022941(gb|WP_013827874)	37.719	114	69	1	8	121	4	115	6.13e-12	62.8
g2095.t1	VFG009859(gb|WP_003872811)	37.391	115	70	1	7	121	1	113	6.55e-12	62.4
g2095.t1	VFG009863(gb|WP_014878347)	34.211	152	87	3	7	147	1	150	6.89e-12	62.4
g2095.t1	VFG038701(gb|WP_013723552)	34.188	117	74	2	8	122	6	121	6.99e-12	60.5
g2095.t1	VFG038699(gb|WP_010634617)	34.188	117	74	2	8	122	6	121	7.21e-12	60.5
g2095.t1	VFG022935(gb|YP_001701820)	37.069	116	71	1	6	121	2	115	8.27e-12	62.4
g2095.t1	VFG001390(gb|NP_215496)	37.391	115	70	1	7	121	1	113	8.92e-12	62.0
g2095.t1	VFG009804(gb|WP_011730856)	37.500	112	63	3	1	109	6	113	8.95e-12	62.4
g2095.t1	VFG024188(gb|WP_014941347)	37.391	115	70	1	7	121	1	113	1.13e-11	62.0
g2095.t1	VFG024189(gb|WP_008254065)	37.391	115	70	1	7	121	1	113	1.18e-11	61.6
g2095.t1	VFG022934(gb|WP_020726450)	36.522	115	71	1	7	121	1	113	1.23e-11	61.6
g2095.t1	VFG042668(gb|WP_006485047)	26.786	224	134	4	2	200	30	248	1.26e-11	62.0
g2095.t1	VFG009862(gb|WP_071498255)	36.522	115	71	1	7	121	1	113	1.39e-11	61.6
g2095.t1	VFG014027(gb|WP_003458790)	34.783	115	71	2	8	120	3	115	1.83e-11	59.3
g2095.t1	VFG014026(gb|WP_011336365)	33.913	115	72	2	8	120	3	115	2.62e-11	58.5
g2095.t1	VFG043037(gb|NP_460873)	34.188	117	74	2	8	122	7	122	3.15e-11	58.5
g2095.t1	VFG027220(gb|YP_007957122)	36.522	115	71	1	7	121	1	113	4.12e-11	60.5
g2095.t1	VFG009805(gb|WP_011892478)	34.286	140	83	4	1	135	5	140	4.27e-11	60.5
g2095.t1	VFG019765(gb|WP_014720320)	35.043	117	72	2	8	122	3	117	4.57e-11	58.2
g2095.t1	VFG009806(gb|WP_036377334)	37.500	112	63	3	1	109	5	112	4.91e-11	60.1
g2095.t1	VFG025824(gb|WP_006754880)	33.051	118	76	2	7	122	5	121	5.11e-11	58.2
g2095.t1	VFG014019(gb|WP_003377196)	33.913	115	72	2	8	120	3	115	5.22e-11	57.8
g2095.t1	VFG027211(gb|WP_005063392)	36.522	115	71	1	7	121	1	113	7.32e-11	59.7
g2095.t1	VFG014975(gb|WP_013981629)	36.667	120	69	3	7	123	1	116	7.39e-11	59.7
g2095.t1	VFG027205(gb|WP_005098722)	36.522	115	71	1	7	121	1	113	7.76e-11	59.7
g2095.t1	VFG042929(gb|WP_012031400)	36.752	117	68	5	9	122	4	117	7.79e-11	57.4
g2095.t1	VFG027229(gb|WP_041312672)	37.864	103	62	1	7	109	1	101	1.12e-10	58.9
g2095.t1	VFG027131(gb|WP_015309447)	34.821	112	66	3	1	109	6	113	1.21e-10	58.9
g2095.t1	VFG001386(gb|NP_215271)	37.500	104	59	2	8	109	22	121	1.33e-10	58.9
g2095.t1	VFG009797(gb|WP_012054162)	37.500	104	59	2	8	109	22	121	1.37e-10	58.9
g2095.t1	VFG000119(gb|NP_253948)	34.921	126	75	3	7	129	1	122	1.51e-10	58.9
g2095.t1	VFG024168(gb|WP_014379067)	37.500	104	59	2	8	109	14	113	1.75e-10	58.5
g2095.t1	VFG014964(gb|WP_003157680)	34.921	126	75	3	7	129	1	122	1.77e-10	58.9
g2095.t1	VFG014021(gb|WP_002551739)	33.913	115	72	2	8	120	3	115	1.77e-10	56.6
g2095.t1	VFG015635(gb|WP_012312415)	33.036	112	71	2	8	117	3	112	1.83e-10	56.6
g2095.t1	VFG025915(gb|WP_006477352)	37.500	112	66	2	9	118	5	114	1.85e-10	56.6
g2095.t1	VFG024164(gb|WP_008263800)	37.500	104	59	2	8	109	14	113	1.98e-10	58.5
g2095.t1	VFG009802(gb|WP_003875752)	37.500	104	59	2	8	109	14	113	2.41e-10	58.2
g2095.t1	VFG014020(gb|WP_011266432)	33.913	115	72	2	8	120	3	115	2.43e-10	56.2
g2095.t1	VFG009801(gb|WP_010948903)	37.500	104	59	2	8	109	14	113	2.53e-10	58.2
g2095.t1	VFG025826(gb|WP_006485893)	32.203	118	77	2	7	122	5	121	2.68e-10	56.2
g2095.t1	VFG050640(gb|WP_000101096.1)	31.667	120	78	2	8	125	3	120	2.80e-10	55.8
g2095.t1	VFG022925(gb|WP_013827765)	40.909	88	49	1	35	122	37	121	3.18e-10	57.8
g2095.t1	VFG014968(gb|WP_002551374)	33.333	126	77	3	7	129	1	122	3.57e-10	57.8
g2095.t1	VFG002525(gb|WP_004185006)	32.203	118	77	2	7	122	5	121	3.79e-10	55.8
g2095.t1	VFG022904(gb|WP_012396471)	36.538	104	60	2	8	109	15	114	3.82e-10	57.8
g2095.t1	VFG014966(gb|WP_007247212)	31.746	126	79	3	7	129	1	122	4.01e-10	57.8
g2095.t1	VFG014967(gb|WP_003401565)	33.333	126	77	3	7	129	1	122	4.34e-10	57.8
g2095.t1	VFG025917(gb|WP_006482646)	36.607	112	67	2	9	118	5	114	6.37e-10	55.1
g2095.t1	VFG042926(gb|WP_012031397)	35.156	128	78	3	3	128	2427	2551	6.61e-10	58.2
g2095.t1	VFG014972(gb|WP_011064176)	34.127	126	76	3	7	129	1	122	7.70e-10	57.0
g2095.t1	VFG004126(gb|WP_000481516)	33.654	104	64	2	104	204	105	206	8.12e-10	56.2
g2095.t1	VFG027123(gb|YP_007956929)	37.143	105	58	3	8	109	22	121	9.65e-10	56.6
g2095.t1	VFG027122(gb|WP_015456166)	37.143	105	58	3	8	109	22	121	9.74e-10	56.6
g2095.t1	VFG021241(gb|WP_000481518)	33.654	104	64	2	104	204	105	206	1.04e-09	56.2
g2095.t1	VFG014974(gb|WP_003242397)	34.127	126	76	3	7	129	1	122	1.06e-09	56.6
g2095.t1	VFG004125(gb|NP_460113)	33.654	104	64	2	104	204	105	206	1.07e-09	56.2
g2095.t1	VFG004128(gb|WP_000481519)	33.654	104	64	2	104	204	105	206	1.12e-09	56.2
g2095.t1	VFG022910(gb|WP_013830539)	34.615	104	62	2	8	109	14	113	1.31e-09	56.2
g2095.t1	VFG009803(gb|WP_011738792)	35.577	104	61	2	8	109	15	114	1.77e-09	55.8
g2095.t1	VFG041842(gb|WP_011136182)	31.068	206	123	6	7	197	1	202	2.20e-09	55.5
g2095.t1	VFG014022(gb|WP_003249327)	30.769	117	77	2	8	122	3	117	2.39e-09	53.5
g2095.t1	VFG027180(gb|WP_198345124)	35.570	149	71	5	35	167	37	176	3.37e-09	55.1
g2095.t1	VFG042013(gb|WP_011004149)	39.189	74	40	1	143	211	91	164	3.64e-09	53.9
g2095.t1	VFG046071(gb|WP_000481509)	32.692	104	65	2	104	204	105	206	4.27e-09	54.3
g2095.t1	VFG045791(gb|WP_000481500)	32.692	104	65	2	104	204	105	206	5.30e-09	54.3
g2095.t1	VFG015634(gb|WP_012274551)	29.915	117	78	2	8	122	3	117	6.28e-09	52.4
g2095.t1	VFG027273(gb|YP_005361686)	34.409	93	60	1	116	207	3	95	6.76e-09	52.0
g2095.t1	VFG003539(gb|WP_011817144)	26.316	228	135	5	1	200	1	223	1.21e-08	53.5
g2095.t1	VFG009836(gb|WP_011857018)	34.228	149	73	5	35	167	34	173	1.48e-08	53.1
g2095.t1	VFG006826(gb|NP_464902)	37.255	102	61	2	8	109	3	101	2.50e-08	52.4
g2095.t1	VFG009833(gb|WP_168189073)	32.468	154	69	5	35	167	40	179	2.61e-08	52.4
g2095.t1	VFG009838(gb|WP_011561825)	32.468	154	69	5	35	167	34	173	2.80e-08	52.4
g2095.t1	VFG009837(gb|WP_172800613)	32.468	154	69	5	35	167	37	176	2.81e-08	52.4
g2095.t1	VFG042950(gb|WP_004083584)	28.205	117	80	2	8	122	3	117	2.91e-08	50.4
g2095.t1	VFG027175(gb|YP_005359605)	39.773	88	50	1	35	122	34	118	2.94e-08	52.4
g2095.t1	VFG007555(gb|WP_005420308)	27.885	104	74	1	7	109	3	106	3.00e-08	52.8
g2095.t1	VFG024176(gb|WP_008253900)	38.636	88	51	1	35	122	37	121	3.09e-08	52.4
g2095.t1	VFG022918(gb|WP_012396175)	38.636	88	51	1	35	122	37	121	3.09e-08	52.4
g2095.t1	VFG009832(gb|WP_011738612)	38.636	88	51	1	35	122	37	121	3.09e-08	52.4
g2095.t1	VFG009829(gb|WP_024637144)	38.636	88	51	1	35	122	37	121	3.18e-08	52.4
g2095.t1	VFG001389(gb|NP_215418)	39.773	88	50	1	35	122	37	121	3.64e-08	52.0
g2095.t1	VFG014024(gb|WP_011536047)	29.915	117	78	2	8	122	3	117	4.00e-08	50.1
g2095.t1	VFG022924(gb|WP_010908722)	38.636	88	51	1	35	122	34	118	4.40e-08	51.6
g2095.t1	VFG009831(gb|WP_172591973)	38.636	88	51	1	35	122	37	121	4.54e-08	51.6
g2095.t1	VFG022919(gb|YP_001701702)	38.636	88	51	1	35	122	34	118	4.58e-08	51.6
g2095.t1	VFG043386(gb|WP_000772151)	29.060	117	79	3	7	120	1	116	4.68e-08	50.1
g2095.t1	VFG009835(gb|WP_011782153)	33.566	143	82	4	35	167	34	173	5.39e-08	51.6
g2095.t1	VFG009834(gb|WP_011892635)	33.566	143	82	4	35	167	32	171	5.41e-08	51.6
g2095.t1	VFG043345(gb|WP_011946713)	29.565	115	79	1	8	122	3	115	6.42e-08	52.0
g2095.t1	VFG038710(gb|WP_011705291)	25.694	144	101	2	8	150	4	142	8.09e-08	51.6
g2095.t1	VFG038711(gb|WP_016350060)	25.694	144	101	2	8	150	4	142	9.30e-08	51.6
g2095.t1	VFG041577(gb|WP_012847750)	33.696	184	90	10	1	167	675	843	9.56e-08	51.6
g2095.t1	VFG038713(gb|WP_005353666)	25.926	135	94	2	8	141	4	133	1.09e-07	51.2
g2095.t1	VFG014394(gb|WP_041755564)	29.167	120	81	2	8	126	4	120	3.29e-07	50.1
g2095.t1	VFG027172(gb|YP_007957056)	38.636	88	51	1	35	122	37	121	3.53e-07	49.3
g2095.t1	VFG038205(gb|WP_000446779)	39.623	53	32	0	154	206	178	230	5.53e-07	48.5
g2095.t1	VFG038206(gb|YP_001083200)	39.623	53	32	0	154	206	138	190	5.60e-07	48.1
g2095.t1	VFG038209(gb|WP_020752695)	39.623	53	32	0	154	206	178	230	6.03e-07	48.5
g2095.t1	VFG038203(gb|WP_000446790)	39.623	53	32	0	154	206	178	230	6.03e-07	48.5
g2095.t1	VFG014973(gb|WP_011336516)	33.051	118	76	3	7	123	1	116	7.28e-07	48.5
g2095.t1	VFG019919(gb|WP_015886493)	29.508	122	83	2	9	129	3	122	7.63e-07	48.1
g2095.t1	VFG038712(gb|WP_005319287)	28.155	103	73	1	8	109	4	106	8.08e-07	48.5
g2095.t1	VFG002542(gb|WP_004188690)	45.614	57	31	0	150	206	164	220	9.06e-07	47.8
g2095.t1	VFG026030(gb|WP_009896076)	47.170	53	28	0	154	206	168	220	1.06e-06	47.8
g2095.t1	VFG014065(gb|WP_011167502)	29.915	117	78	3	6	120	1864	1978	1.10e-06	48.5
g2095.t1	VFG015076(gb|WP_011062714)	31.944	144	87	6	8	145	668	806	1.11e-06	48.5
g2095.t1	VFG043402(gb|YP_002344511)	29.661	118	79	3	7	121	1	117	1.18e-06	46.2
g2095.t1	VFG014063(gb|WP_011105280)	29.915	117	78	3	6	120	1865	1979	1.35e-06	48.5
g2095.t1	VFG015770(gb|WP_012269993)	32.203	118	75	4	7	122	1	115	1.81e-06	47.0
g2095.t1	VFG004061(gb|WP_001766960)	28.155	103	72	1	7	109	1	101	1.89e-06	47.0
g2095.t1	VFG007553(gb|WP_011079855)	26.923	104	75	1	7	109	3	106	1.89e-06	47.4
g2095.t1	VFG007554(gb|WP_011150906)	26.923	104	75	1	7	109	3	106	1.95e-06	47.4
g2095.t1	VFG004063(gb|WP_001537766)	28.155	103	72	1	7	109	1	101	2.04e-06	47.0
g2095.t1	VFG014064(gb|WP_011266435)	29.915	117	78	3	6	120	1870	1984	2.11e-06	47.8
g2095.t1	VFG000475(gb|NP_460201)	28.155	103	72	1	7	109	2	102	2.22e-06	46.6
g2095.t1	VFG002540(gb|WP_004558040)	43.137	51	29	0	154	204	174	224	2.54e-06	46.6
g2095.t1	VFG025994(gb|WP_006483948)	41.509	53	31	0	154	206	176	228	2.56e-06	46.6
g2095.t1	VFG025992(gb|WP_011547409)	41.509	53	31	0	154	206	176	228	2.74e-06	46.6
g2095.t1	VFG019942(gb|WP_012724914)	34.579	107	63	3	8	109	668	772	2.79e-06	47.4
g2095.t1	VFG002544(gb|WP_004532123)	39.655	58	35	0	149	206	171	228	2.95e-06	46.6
g2095.t1	VFG015771(gb|WP_012312202)	31.356	118	78	3	7	123	1	116	3.01e-06	46.6
g2095.t1	VFG026039(gb|WP_004206379)	39.655	58	35	0	149	206	171	228	3.03e-06	46.6
g2095.t1	VFG031730(gb|WP_014876914)	36.145	83	52	1	39	121	32	113	3.08e-06	46.2
g2095.t1	VFG026047(gb|WP_009890108)	39.655	58	35	0	149	206	171	228	3.40e-06	46.2
g2095.t1	VFG026014(gb|WP_009896830)	43.137	51	29	0	154	204	174	224	3.47e-06	46.2
g2095.t1	VFG015059(gb|WP_011104759)	44.681	47	26	0	154	200	187	233	3.50e-06	46.2
g2095.t1	VFG015072(gb|WP_011169248)	33.645	107	64	3	8	109	668	772	3.81e-06	47.0
g2095.t1	VFG018395(gb|WP_024131926)	28.155	103	72	1	7	109	1	101	5.08e-06	45.8
g2095.t1	VFG025839(gb|WP_012492268)	28.859	149	98	4	1	147	1	143	5.50e-06	46.2
g2095.t1	VFG015071(gb|WP_011268595)	33.645	107	64	3	8	109	668	772	5.83e-06	46.2
g2095.t1	VFG043207(gb|WP_005164481)	31.461	89	61	0	7	95	4	92	5.92e-06	45.8
g2095.t1	VFG007550(gb|WP_000985860)	29.907	107	68	2	7	109	3	106	6.56e-06	45.8
g2095.t1	VFG043015(gb|NP_250150)	27.885	104	74	1	8	110	4	107	8.25e-06	45.4
g2095.t1	VFG015068(gb|WP_003156446)	30.328	122	78	3	6	122	664	783	8.44e-06	45.8
g2095.t1	VFG014971(gb|WP_044488561)	28.814	118	81	2	7	123	1	116	8.80e-06	45.1
g2095.t1	VFG015067(gb|NP_249619)	30.328	122	78	3	6	122	664	783	9.51e-06	45.8
g2095.t1	VFG000116(gb|NP_254170)	32.110	109	72	2	8	116	10	116	9.82e-06	45.4
