g1015.t1	VFG001747(gb|WP_002209035)	27.731	238	161	5	611	846	377	605	2.66e-18	90.1
g1015.t1	VFG017284(gb|WP_012105858)	27.149	221	151	4	628	846	393	605	3.07e-18	90.1
g1015.t1	VFG003824(gb|WP_001050755)	27.027	259	166	6	605	860	379	617	3.33e-18	89.7
g1015.t1	VFG003823(gb|WP_001050754)	27.027	259	166	6	605	860	379	617	3.39e-18	89.7
g1015.t1	VFG020694(gb|WP_001050767)	27.027	259	166	6	605	860	379	617	3.79e-18	89.7
g1015.t1	VFG018488(gb|WP_001050778)	27.027	259	166	6	605	860	379	617	4.57e-18	89.4
g1015.t1	VFG020700(gb|WP_001050758)	27.027	259	166	6	605	860	379	617	4.61e-18	89.4
g1015.t1	VFG023574(gb|WP_013649086)	27.848	237	162	6	611	846	377	605	5.09e-18	89.4
g1015.t1	VFG003825(gb|WP_001050780)	27.027	259	166	6	605	860	379	617	5.38e-18	89.4
g1015.t1	VFG018953(gb|WP_012304703)	27.149	221	151	4	628	846	393	605	5.64e-18	89.0
g1015.t1	VFG003358(gb|WP_011191566)	27.149	221	151	4	628	846	393	605	5.64e-18	89.0
g1015.t1	VFG000493(gb|NP_460357)	27.027	259	166	6	605	860	379	617	8.54e-18	88.6
g1015.t1	VFG020698(gb|WP_001050776)	27.027	259	166	6	605	860	379	617	9.31e-18	88.6
g1015.t1	VFG003826(gb|WP_001539908)	27.027	259	166	6	605	860	379	617	9.72e-18	88.2
g1015.t1	VFG020693(gb|WP_001050764)	27.027	259	166	6	605	860	379	617	9.88e-18	88.2
g1015.t1	VFG020695(gb|WP_001050774)	27.027	259	166	6	605	860	379	617	1.04e-17	88.2
g1015.t1	VFG020699(gb|WP_001050765)	27.027	259	166	6	605	860	379	617	1.06e-17	88.2
g1015.t1	VFG020697(gb|WP_001050770)	26.190	252	171	5	612	860	378	617	8.41e-17	85.1
g1015.t1	VFG009817(gb|WP_011738793)	30.686	277	165	12	590	853	204	466	3.18e-16	82.4
g1015.t1	VFG027137(gb|WP_015357321)	30.686	277	165	12	590	853	204	466	3.21e-16	82.4
g1015.t1	VFG018487(gb|WP_001050783)	25.095	263	176	5	601	860	373	617	3.76e-16	83.2
g1015.t1	VFG022911(gb|WP_012396470)	30.325	277	166	12	590	853	204	466	7.28e-16	81.3
g1015.t1	VFG011122(gb|WP_010928858)	30.469	256	147	10	614	853	704	944	8.23e-16	82.4
g1015.t1	VFG011123(gb|WP_010926708)	30.469	256	147	10	614	853	704	944	1.23e-15	81.6
g1015.t1	VFG015068(gb|WP_003156446)	26.749	243	157	6	629	859	280	513	2.07e-15	80.9
g1015.t1	VFG011635(gb|WP_006014486)	30.279	251	127	9	635	855	367	599	3.48e-15	79.7
g1015.t1	VFG015078(gb|WP_012018243)	29.046	241	154	5	629	859	280	513	3.62e-15	80.1
g1015.t1	VFG011631(gb|WP_004684547)	30.279	251	127	9	635	855	367	599	3.73e-15	79.3
g1015.t1	VFG019282(gb|WP_006071786)	30.677	251	126	10	635	855	367	599	4.93e-15	79.0
g1015.t1	VFG015067(gb|NP_249619)	26.971	241	159	5	629	859	280	513	5.88e-15	79.3
g1015.t1	VFG011634(gb|WP_006191047)	30.279	251	127	10	635	855	367	599	1.36e-14	77.8
g1015.t1	VFG018297(gb|WP_004691160)	30.279	251	127	10	635	855	367	599	1.38e-14	77.8
g1015.t1	VFG002045(gb|WP_010930608)	29.057	265	155	10	605	853	697	944	1.53e-14	78.2
g1015.t1	VFG011632(gb|WP_002965157)	29.880	251	128	9	635	855	367	599	1.63e-14	77.4
g1015.t1	VFG027254(gb|WP_015309037)	30.638	235	134	7	625	845	238	457	4.91e-14	75.5
g1015.t1	VFG015079(gb|WP_185745811)	28.395	243	153	6	629	859	280	513	5.36e-14	76.3
g1015.t1	VFG038237(gb|WP_000226704)	28.696	230	147	6	623	846	286	504	1.35e-13	74.3
g1015.t1	VFG038235(gb|YP_001083791)	28.696	230	147	6	623	846	231	449	1.45e-13	73.9
g1015.t1	VFG038231(gb|WP_000472465)	28.696	230	147	6	623	846	305	523	1.54e-13	74.3
g1015.t1	VFG038243(gb|WP_134815986)	28.696	230	147	6	623	846	290	508	1.67e-13	73.9
g1015.t1	VFG038240(gb|WP_043960856)	28.326	233	144	7	623	846	305	523	1.79e-13	73.9
g1015.t1	VFG038238(gb|WP_000226703)	28.390	236	140	7	623	846	286	504	1.91e-13	73.9
g1015.t1	VFG038232(gb|WP_001985884)	28.696	230	147	6	623	846	305	523	2.04e-13	73.9
g1015.t1	VFG015783(gb|WP_012313127)	26.778	239	158	6	629	857	282	513	4.20e-13	73.2
g1015.t1	VFG015070(gb|WP_011103673)	27.386	241	158	6	629	859	281	514	4.53e-13	73.2
g1015.t1	VFG041577(gb|WP_012847750)	27.759	299	180	13	555	839	313	589	7.48e-13	72.4
g1015.t1	VFG015782(gb|WP_012270935)	26.360	239	159	6	629	857	282	513	1.38e-12	71.6
g1015.t1	VFG015071(gb|WP_011268595)	26.971	241	159	6	629	859	281	514	2.70e-12	70.9
g1015.t1	VFG015072(gb|WP_011169248)	26.971	241	159	6	629	859	281	514	3.02e-12	70.5
g1015.t1	VFG015073(gb|WP_010952710)	26.778	239	158	6	629	857	282	513	3.49e-12	70.5
g1015.t1	VFG019942(gb|WP_012724914)	27.386	241	158	6	629	859	281	514	3.55e-12	70.5
g1015.t1	VFG031721(gb|WP_198345043)	27.917	240	155	6	627	858	141	370	3.70e-12	68.9
g1015.t1	VFG031693(gb|WP_013470605)	27.801	241	158	7	627	859	153	385	3.71e-12	68.9
g1015.t1	VFG041873(gb|WP_080509010)	26.522	230	162	4	618	846	391	614	3.93e-12	70.1
g1015.t1	VFG015076(gb|WP_011062714)	26.141	241	161	6	629	859	281	514	5.08e-12	69.7
g1015.t1	VFG015077(gb|WP_041475601)	26.141	241	161	6	629	859	281	514	6.62e-12	69.3
g1015.t1	VFG027156(gb|WP_085976583)	30.738	244	139	11	630	860	248	474	1.03e-11	68.2
g1015.t1	VFG009882(gb|WP_011561678)	29.362	235	137	7	625	845	233	452	1.08e-11	68.2
g1015.t1	VFG009880(gb|WP_203431724)	29.258	229	145	6	625	845	215	434	1.17e-11	67.8
g1015.t1	VFG031676(gb|WP_011891086)	27.419	248	143	8	627	856	153	381	1.19e-11	67.4
g1015.t1	VFG009878(gb|WP_014878346)	29.060	234	139	6	625	845	233	452	1.25e-11	67.8
g1015.t1	VFG009881(gb|WP_011856925)	28.632	234	140	6	625	845	233	452	1.35e-11	67.8
g1015.t1	VFG015075(gb|WP_011532652)	26.471	238	158	6	629	856	282	512	1.62e-11	68.2
g1015.t1	VFG009874(gb|WP_003877497)	28.070	228	149	6	625	845	236	455	2.47e-11	67.0
g1015.t1	VFG015074(gb|WP_012053464)	26.360	239	159	6	629	857	282	513	2.62e-11	67.4
g1015.t1	VFG031677(gb|WP_014876913)	26.939	245	147	7	627	857	153	379	3.14e-11	66.2
g1015.t1	VFG032653(gb|WP_014092758)	25.957	235	166	4	626	857	250	479	3.34e-11	66.6
g1015.t1	VFG032638(gb|WP_014654264)	25.630	238	163	5	626	857	250	479	5.21e-11	65.9
g1015.t1	VFG006832(gb|WP_003771747)	25.630	238	163	5	626	857	250	479	5.30e-11	65.9
g1015.t1	VFG006830(gb|NP_464903)	25.630	238	163	5	626	857	250	479	5.63e-11	65.9
g1015.t1	VFG019396(gb|WP_003736550)	25.630	238	163	5	626	857	250	479	5.78e-11	65.9
g1015.t1	VFG021077(gb|WP_001031685)	26.728	217	140	8	634	846	269	470	5.84e-11	65.9
g1015.t1	VFG004056(gb|WP_001031689)	26.728	217	140	8	634	846	269	470	5.84e-11	65.9
g1015.t1	VFG006833(gb|WP_011702190)	25.641	234	160	5	626	853	250	475	5.99e-11	65.9
g1015.t1	VFG000474(gb|NP_460200)	26.728	217	140	8	634	846	269	470	6.10e-11	65.9
g1015.t1	VFG031679(gb|WP_011558086)	26.860	242	158	6	627	858	153	385	6.66e-11	65.1
g1015.t1	VFG031678(gb|WP_011854538)	26.695	236	157	5	627	855	153	379	7.60e-11	65.1
g1015.t1	VFG009875(gb|WP_019732008)	27.706	231	146	6	625	845	236	455	8.39e-11	65.5
g1015.t1	VFG022949(gb|WP_013827875)	28.384	229	145	6	625	844	232	450	1.10e-10	64.7
g1015.t1	VFG009879(gb|WP_173362732)	27.155	232	146	6	625	845	215	434	1.41e-10	64.3
g1015.t1	VFG032654(gb|WP_003747594)	25.532	235	167	4	626	857	250	479	2.28e-10	63.9
g1015.t1	VFG013997(gb|WP_005769277)	26.820	261	163	11	606	856	285	527	2.31e-10	63.9
g1015.t1	VFG024195(gb|WP_008254067)	27.632	228	150	6	625	845	236	455	2.55e-10	63.9
g1015.t1	VFG024194(gb|WP_036397793)	27.632	228	150	6	625	845	236	455	2.64e-10	63.5
g1015.t1	VFG024196(gb|WP_036390311)	27.632	228	150	6	625	845	236	455	2.67e-10	63.5
g1015.t1	VFG009872(gb|WP_003405123)	27.074	229	151	5	625	846	232	451	2.75e-10	63.5
g1015.t1	VFG018397(gb|WP_001031692)	26.267	217	141	8	634	846	269	470	2.79e-10	63.5
g1015.t1	VFG031694(gb|WP_008261206)	27.642	246	152	7	627	860	151	382	3.01e-10	63.2
g1015.t1	VFG027234(gb|WP_015292586)	27.074	229	151	5	625	846	232	451	3.24e-10	63.5
g1015.t1	VFG009877(gb|WP_011742227)	29.060	234	139	7	625	845	232	451	3.61e-10	63.2
g1015.t1	VFG009876(gb|WP_010907576)	27.273	242	132	8	625	845	232	450	3.76e-10	63.2
g1015.t1	VFG019761(gb|WP_012614544)	27.632	228	144	8	636	856	313	526	4.18e-10	63.2
g1015.t1	VFG031691(gb|WP_013827420)	27.311	238	153	7	627	855	155	381	4.67e-10	62.4
g1015.t1	VFG013998(gb|WP_003403505)	26.136	264	160	11	606	856	285	526	5.15e-10	62.8
g1015.t1	VFG027248(gb|YP_005359673)	27.074	229	151	5	625	846	115	334	5.67e-10	62.4
g1015.t1	VFG001213(gb|NP_253236)	27.632	228	144	8	636	856	313	526	6.61e-10	62.4
g1015.t1	VFG022912(gb|YP_001701426)	31.148	244	156	7	613	853	251	485	7.09e-10	62.4
g1015.t1	VFG009869(gb|NP_215497)	27.074	229	151	5	625	846	232	451	7.57e-10	62.4
g1015.t1	VFG038760(gb|WP_016351312)	24.359	234	154	8	628	853	113	331	7.96e-10	61.2
g1015.t1	VFG031713(gb|YP_007956676)	26.749	243	149	8	627	855	152	379	7.98e-10	62.0
g1015.t1	VFG022917(gb|WP_013830538)	29.508	244	138	12	623	848	235	462	8.44e-10	62.0
g1015.t1	VFG038759(gb|WP_011706627)	24.359	234	154	8	628	853	113	331	8.47e-10	61.2
g1015.t1	VFG009819(gb|WP_041799901)	32.540	126	76	4	736	853	334	458	9.23e-10	62.0
g1015.t1	VFG027132(gb|WP_005064129)	31.646	237	150	7	613	846	229	456	9.30e-10	62.0
g1015.t1	VFG027154(gb|WP_020821555)	28.916	249	157	8	613	853	229	465	1.04e-09	61.6
g1015.t1	VFG024170(gb|WP_014381773)	28.916	249	157	8	613	853	229	465	1.04e-09	61.6
g1015.t1	VFG024169(gb|WP_099961986)	32.540	126	76	4	736	853	361	485	1.06e-09	62.0
g1015.t1	VFG031683(gb|WP_011778104)	26.033	242	151	5	627	855	153	379	1.20e-09	61.2
g1015.t1	VFG031703(gb|WP_015292194)	26.446	242	150	7	627	855	152	378	1.30e-09	61.2
g1015.t1	VFG031669(gb|NP_215004)	26.446	242	150	7	627	855	152	378	1.37e-09	61.2
g1015.t1	VFG031686(gb|WP_003910136)	26.446	242	150	7	627	855	152	378	1.41e-09	60.8
g1015.t1	VFG031675(gb|WP_011799109)	26.446	242	150	7	627	855	152	378	1.54e-09	60.8
g1015.t1	VFG031671(gb|WP_010908900)	27.386	241	147	8	628	855	151	376	2.01e-09	60.8
g1015.t1	VFG013999(gb|WP_011167665)	25.287	261	166	9	606	856	285	526	2.75e-09	60.5
g1015.t1	VFG031673(gb|WP_010950191)	26.891	238	154	8	627	855	151	377	2.78e-09	60.1
g1015.t1	VFG024171(gb|WP_014710887)	27.711	249	160	8	613	853	229	465	2.94e-09	60.5
g1015.t1	VFG031674(gb|WP_085989560)	26.860	242	149	8	627	855	151	377	3.64e-09	59.7
g1015.t1	VFG009839(gb|NP_215417)	27.755	245	162	7	613	856	215	445	3.78e-09	59.7
g1015.t1	VFG014377(gb|WP_011534912)	25.843	267	175	8	589	846	135	387	3.96e-09	59.7
g1015.t1	VFG027184(gb|WP_015289381)	27.138	269	133	8	613	856	215	445	4.13e-09	59.7
g1015.t1	VFG038762(gb|WP_005350683)	24.359	234	154	7	628	853	113	331	4.49e-09	58.9
g1015.t1	VFG009815(gb|WP_162830471)	28.516	256	163	7	613	860	228	471	4.74e-09	59.7
g1015.t1	VFG009816(gb|WP_165928405)	28.516	256	163	7	613	860	228	471	5.17e-09	59.3
g1015.t1	VFG031685(gb|YP_001704776)	26.695	236	151	6	628	853	152	375	5.34e-09	59.3
g1015.t1	VFG027135(gb|WP_015289263)	29.528	254	149	10	613	853	230	466	5.79e-09	59.3
g1015.t1	VFG014001(gb|WP_003243065)	24.681	235	142	8	636	856	313	526	6.47e-09	59.3
g1015.t1	VFG024182(gb|WP_008253899)	27.869	244	163	6	613	856	214	444	6.82e-09	58.9
g1015.t1	VFG009821(gb|WP_011857087)	31.967	122	80	2	742	860	348	469	9.10e-09	58.5
g1015.t1	VFG031699(gb|WP_005062022)	27.273	242	150	7	628	857	152	379	1.05e-08	58.5
g1015.t1	VFG009822(gb|WP_011561966)	31.967	122	80	2	742	860	348	469	1.14e-08	58.5
g1015.t1	VFG027186(gb|WP_041299634)	27.347	245	163	7	613	856	215	445	1.60e-08	57.8
g1015.t1	VFG022926(gb|WP_036426280)	27.347	245	163	7	613	856	215	445	1.65e-08	57.8
g1015.t1	VFG007495(gb|WP_011262362)	24.898	245	156	9	627	858	115	344	1.73e-08	57.4
g1015.t1	VFG009847(gb|WP_011738613)	27.347	245	163	7	613	856	215	445	1.76e-08	57.8
g1015.t1	VFG038761(gb|WP_005320182)	23.932	234	155	8	628	853	113	331	1.94e-08	57.0
g1015.t1	VFG009820(gb|WP_036377494)	29.630	243	149	9	613	846	230	459	2.00e-08	57.8
g1015.t1	VFG009818(gb|WP_014878477)	31.579	133	82	4	736	860	345	476	3.24e-08	57.0
g1015.t1	VFG031690(gb|WP_012392756)	25.806	248	153	9	627	858	151	383	3.35e-08	56.6
g1015.t1	VFG031682(gb|WP_094987106)	25.806	248	153	9	627	858	151	383	3.60e-08	56.6
g1015.t1	VFG009845(gb|WP_011723897)	26.639	244	166	6	613	856	214	444	4.70e-08	56.2
g1015.t1	VFG027136(gb|WP_015292432)	29.134	254	150	10	613	853	230	466	4.74e-08	56.6
g1015.t1	VFG003540(gb|WP_011817145)	26.809	235	147	7	637	855	313	538	5.34e-08	56.6
g1015.t1	VFG022914(gb|WP_014000393)	29.134	254	150	10	613	853	230	466	5.79e-08	56.2
g1015.t1	VFG022943(gb|YP_001701821)	25.108	231	155	6	625	847	243	463	6.96e-08	55.8
g1015.t1	VFG009846(gb|WP_010908723)	28.112	249	156	8	613	856	215	445	7.80e-08	55.5
g1015.t1	VFG022933(gb|WP_013827764)	28.346	254	149	9	613	856	213	443	9.00e-08	55.5
g1015.t1	VFG027230(gb|WP_005063389)	25.108	231	155	6	625	847	234	454	9.61e-08	55.5
g1015.t1	VFG027133(gb|WP_015287911)	28.854	253	152	11	613	853	230	466	9.98e-08	55.5
g1015.t1	VFG027195(gb|YP_007957055)	26.766	269	135	9	613	856	215	446	1.02e-07	55.1
g1015.t1	VFG027236(gb|WP_014850324)	25.108	231	155	6	625	847	234	454	1.05e-07	55.5
g1015.t1	VFG027203(gb|WP_015632690)	26.230	244	167	6	613	856	214	444	1.37e-07	54.7
g1015.t1	VFG022927(gb|YP_001701701)	26.383	235	158	5	622	853	245	467	1.55e-07	54.7
g1015.t1	VFG027181(gb|WP_005092753)	26.383	235	158	5	622	853	212	434	1.69e-07	54.7
g1015.t1	VFG014000(gb|WP_011335993)	24.091	220	142	7	636	846	313	516	2.27e-07	54.3
g1015.t1	VFG009812(gb|WP_003898576)	28.175	252	155	10	613	853	230	466	2.77e-07	53.9
g1015.t1	VFG009810(gb|NP_215272)	28.175	252	155	10	613	853	230	466	2.79e-07	53.9
g1015.t1	VFG009813(gb|WP_003403870)	28.175	252	155	10	613	853	230	466	2.82e-07	53.9
g1015.t1	VFG027142(gb|YP_007960665)	27.888	251	157	9	613	853	6	242	3.22e-07	52.8
g1015.t1	VFG052339(gb|NP_463156.1)	27.861	201	124	8	640	835	150	334	3.69e-07	53.1
g1015.t1	VFG013995(gb|WP_003150028)	26.068	234	140	10	636	856	313	526	3.88e-07	53.5
g1015.t1	VFG009849(gb|WP_011892634)	25.706	354	228	11	494	843	111	433	4.43e-07	53.1
g1015.t1	VFG022913(gb|WP_013988770)	28.175	252	155	10	613	853	230	466	5.16e-07	53.1
g1015.t1	VFG027147(gb|YP_007956930)	27.237	257	163	8	613	859	230	472	7.48e-07	52.8
g1015.t1	VFG015678(gb|WP_012273512)	26.374	273	180	8	589	853	135	394	1.39e-06	51.6
g1015.t1	VFG014375(gb|WP_010955092)	27.106	273	178	9	589	853	135	394	1.70e-06	51.2
g1015.t1	VFG015679(gb|WP_012315527)	24.199	281	190	7	589	860	135	401	2.75e-06	50.4
g1015.t1	VFG027151(gb|YP_005922066)	30.000	110	74	2	747	853	108	217	3.53e-06	49.3
g1015.t1	VFG007492(gb|WP_005457625)	27.419	248	135	13	627	853	112	335	5.39e-06	49.3
g1015.t1	VFG014002(gb|WP_011914664)	22.530	253	175	7	610	856	289	526	7.00e-06	49.7
g1656.t1	VFG027236(gb|WP_014850324)	31.321	265	146	8	642	884	233	483	1.26e-23	105
g1656.t1	VFG027230(gb|WP_005063389)	31.321	265	146	8	642	884	233	483	1.39e-23	105
g1656.t1	VFG022943(gb|YP_001701821)	30.970	268	145	9	642	883	242	495	1.79e-23	105
g1656.t1	VFG009875(gb|WP_019732008)	30.075	266	156	8	632	880	224	476	2.29e-22	102
g1656.t1	VFG009881(gb|WP_011856925)	32.061	262	144	9	632	874	221	467	5.58e-22	100
g1656.t1	VFG022949(gb|WP_013827875)	31.474	251	154	8	632	871	220	463	7.35e-22	100
g1656.t1	VFG009882(gb|WP_011561678)	32.061	262	144	9	632	874	221	467	7.42e-22	100
g1656.t1	VFG009876(gb|WP_010907576)	30.859	256	159	8	632	876	220	468	1.18e-21	99.8
g1656.t1	VFG031677(gb|WP_014876913)	31.799	239	152	7	644	877	152	384	1.18e-21	98.2
g1656.t1	VFG009874(gb|WP_003877497)	29.699	266	157	8	632	880	224	476	1.23e-21	99.8
g1656.t1	VFG027254(gb|WP_015309037)	29.615	260	153	8	632	874	226	472	1.50e-21	99.0
g1656.t1	VFG018487(gb|WP_001050783)	31.496	254	155	9	639	883	384	627	2.03e-21	100
g1656.t1	VFG020693(gb|WP_001050764)	32.365	241	146	8	651	883	396	627	2.52e-21	100
g1656.t1	VFG009877(gb|WP_011742227)	30.418	263	153	9	632	877	220	469	2.65e-21	98.6
g1656.t1	VFG009880(gb|WP_203431724)	31.496	254	160	7	632	876	203	451	2.85e-21	97.8
g1656.t1	VFG020694(gb|WP_001050767)	31.225	253	157	8	639	883	384	627	3.71e-21	99.4
g1656.t1	VFG018488(gb|WP_001050778)	31.225	253	157	8	639	883	384	627	3.84e-21	99.4
g1656.t1	VFG020700(gb|WP_001050758)	31.225	253	157	8	639	883	384	627	4.14e-21	99.4
g1656.t1	VFG024196(gb|WP_036390311)	30.153	262	153	8	632	876	224	472	4.56e-21	97.8
g1656.t1	VFG009879(gb|WP_173362732)	30.337	267	154	8	632	880	203	455	4.90e-21	97.1
g1656.t1	VFG003825(gb|WP_001050780)	31.225	253	157	8	639	883	384	627	5.74e-21	99.0
g1656.t1	VFG024194(gb|WP_036397793)	31.373	255	159	8	632	876	224	472	6.23e-21	97.4
g1656.t1	VFG020698(gb|WP_001050776)	31.950	241	147	8	651	883	396	627	6.42e-21	98.6
g1656.t1	VFG020695(gb|WP_001050774)	31.950	241	147	8	651	883	396	627	6.59e-21	98.6
g1656.t1	VFG020699(gb|WP_001050765)	31.950	241	147	8	651	883	396	627	6.70e-21	98.6
g1656.t1	VFG003826(gb|WP_001539908)	31.950	241	147	8	651	883	396	627	6.94e-21	98.6
g1656.t1	VFG000493(gb|NP_460357)	31.950	241	147	8	651	883	396	627	7.30e-21	98.6
g1656.t1	VFG024195(gb|WP_008254067)	30.370	270	163	9	632	882	224	487	1.11e-20	96.7
g1656.t1	VFG031721(gb|WP_198345043)	31.356	236	151	7	644	874	140	369	1.29e-20	94.7
g1656.t1	VFG041577(gb|WP_012847750)	31.655	278	172	9	615	881	351	621	1.50e-20	97.4
g1656.t1	VFG009878(gb|WP_014878346)	31.086	267	150	10	632	879	221	472	1.91e-20	95.5
g1656.t1	VFG003823(gb|WP_001050754)	30.522	249	160	7	639	883	384	623	2.49e-20	96.7
g1656.t1	VFG003824(gb|WP_001050755)	30.522	249	160	7	639	883	384	623	2.51e-20	96.7
g1656.t1	VFG011634(gb|WP_006191047)	32.661	248	141	10	643	871	358	598	2.86e-20	95.9
g1656.t1	VFG018297(gb|WP_004691160)	32.661	248	141	10	643	871	358	598	3.17e-20	95.5
g1656.t1	VFG011631(gb|WP_004684547)	32.661	248	141	10	643	871	358	598	4.70e-20	95.1
g1656.t1	VFG011635(gb|WP_006014486)	32.661	248	141	10	643	871	358	598	4.96e-20	95.1
g1656.t1	VFG020697(gb|WP_001050770)	31.535	241	148	8	651	883	396	627	5.21e-20	95.9
g1656.t1	VFG019282(gb|WP_006071786)	32.661	248	141	10	643	871	358	598	5.41e-20	95.1
g1656.t1	VFG011632(gb|WP_002965157)	32.661	248	141	10	643	871	358	598	6.17e-20	94.7
g1656.t1	VFG023574(gb|WP_013649086)	30.120	249	153	8	628	872	383	614	1.17e-19	94.7
g1656.t1	VFG027248(gb|YP_005359673)	31.179	263	162	11	632	883	103	357	1.24e-19	92.4
g1656.t1	VFG027234(gb|WP_015292586)	29.740	269	158	11	632	883	220	474	2.16e-19	92.4
g1656.t1	VFG009872(gb|WP_003405123)	29.740	269	158	11	632	883	220	474	2.28e-19	92.4
g1656.t1	VFG009869(gb|NP_215497)	31.179	263	162	11	632	883	220	474	2.28e-19	92.4
g1656.t1	VFG031676(gb|WP_011891086)	30.932	236	152	7	644	874	152	381	2.67e-19	91.3
g1656.t1	VFG031683(gb|WP_011778104)	30.453	243	154	8	644	877	152	388	9.26e-19	89.4
g1656.t1	VFG031693(gb|WP_013470605)	30.672	238	154	7	644	876	152	383	9.79e-19	89.4
g1656.t1	VFG001747(gb|WP_002209035)	29.482	251	160	8	639	881	386	627	2.37e-18	90.5
g1656.t1	VFG003358(gb|WP_011191566)	30.126	239	150	8	651	881	398	627	3.10e-18	90.1
g1656.t1	VFG018953(gb|WP_012304703)	30.126	239	150	8	651	881	398	627	3.18e-18	90.1
g1656.t1	VFG017284(gb|WP_012105858)	30.126	239	150	8	651	881	398	627	1.04e-17	88.2
g1656.t1	VFG041873(gb|WP_080509010)	28.205	273	168	8	616	872	363	623	1.31e-17	87.8
g1656.t1	VFG007490(gb|WP_001881834)	27.778	234	156	5	654	885	129	351	2.67e-17	84.3
g1656.t1	VFG031679(gb|WP_011558086)	30.126	239	156	7	644	877	152	384	3.29e-17	84.7
g1656.t1	VFG031678(gb|WP_011854538)	30.252	238	155	7	644	876	152	383	4.20e-17	84.3
g1656.t1	VFG032654(gb|WP_003747594)	28.205	234	162	6	641	872	248	477	7.03e-17	84.3
g1656.t1	VFG031699(gb|WP_005062022)	30.638	235	152	7	644	873	150	378	1.82e-16	83.2
g1656.t1	VFG006833(gb|WP_011702190)	28.205	234	160	7	641	871	248	476	4.40e-16	82.0
g1656.t1	VFG031685(gb|YP_001704776)	30.213	235	153	7	644	873	150	378	1.15e-15	80.9
g1656.t1	VFG006832(gb|WP_003771747)	28.270	237	156	8	641	871	248	476	2.52e-15	79.7
g1656.t1	VFG032638(gb|WP_014654264)	28.270	237	156	8	641	871	248	476	2.58e-15	79.7
g1656.t1	VFG006830(gb|NP_464903)	28.270	237	156	8	641	871	248	476	2.65e-15	79.7
g1656.t1	VFG019396(gb|WP_003736550)	28.270	237	156	8	641	871	248	476	2.72e-15	79.3
g1656.t1	VFG032653(gb|WP_014092758)	27.468	233	163	6	641	871	248	476	4.46e-15	79.0
g1656.t1	VFG015067(gb|NP_249619)	30.531	226	140	8	646	858	279	500	5.06e-15	79.7
g1656.t1	VFG015068(gb|WP_003156446)	30.531	226	140	8	646	858	279	500	7.49e-15	79.0
g1656.t1	VFG027154(gb|WP_020821555)	29.478	268	160	10	616	871	216	466	8.66e-15	77.8
g1656.t1	VFG024170(gb|WP_014381773)	29.478	268	160	10	616	871	216	466	8.66e-15	77.8
g1656.t1	VFG022911(gb|WP_012396470)	28.980	245	157	8	634	871	233	467	1.01e-14	77.8
g1656.t1	VFG027137(gb|WP_015357321)	28.980	245	157	8	634	871	233	467	1.06e-14	77.8
g1656.t1	VFG009817(gb|WP_011738793)	28.980	245	157	8	634	871	233	467	1.17e-14	77.4
g1656.t1	VFG041841(gb|WP_011136181)	32.018	228	143	6	645	871	192	408	1.46e-14	76.6
g1656.t1	VFG007492(gb|WP_005457625)	28.509	228	134	6	654	870	126	335	2.40e-14	75.5
g1656.t1	VFG024171(gb|WP_014710887)	29.478	268	160	10	616	871	216	466	2.86e-14	76.3
g1656.t1	VFG010915(gb|WP_011214165)	27.969	261	164	14	619	866	268	517	3.15e-14	77.0
g1656.t1	VFG001888(gb|WP_010947629)	27.969	261	164	14	619	866	268	517	3.20e-14	77.0
g1656.t1	VFG009815(gb|WP_162830471)	28.731	268	162	10	616	871	215	465	4.44e-14	75.5
g1656.t1	VFG009816(gb|WP_165928405)	28.731	268	162	10	616	871	215	465	5.03e-14	75.5
g1656.t1	VFG009822(gb|WP_011561966)	29.167	240	137	8	647	871	242	463	5.19e-14	75.5
g1656.t1	VFG027181(gb|WP_005092753)	30.128	312	180	13	578	873	148	437	5.79e-14	75.1
g1656.t1	VFG015079(gb|WP_185745811)	30.942	223	133	9	646	855	279	493	6.43e-14	75.9
g1656.t1	VFG022927(gb|YP_001701701)	30.375	293	173	12	597	873	193	470	9.74e-14	74.7
g1656.t1	VFG011122(gb|WP_010928858)	28.794	257	159	10	631	872	699	946	1.04e-13	75.5
g1656.t1	VFG011123(gb|WP_010926708)	29.070	258	157	11	631	872	699	946	1.11e-13	75.5
g1656.t1	VFG002045(gb|WP_010930608)	28.627	255	162	9	631	872	699	946	1.43e-13	75.1
g1656.t1	VFG027142(gb|YP_007960665)	29.231	260	162	10	617	871	1	243	1.56e-13	71.6
g1656.t1	VFG015073(gb|WP_010952710)	29.183	257	150	11	646	879	281	528	1.66e-13	74.7
g1656.t1	VFG031691(gb|WP_013827420)	30.085	236	144	7	648	873	158	382	1.71e-13	73.2
g1656.t1	VFG009820(gb|WP_036377494)	29.151	271	157	10	616	871	217	467	2.14e-13	73.6
g1656.t1	VFG027156(gb|WP_085976583)	30.000	260	170	8	616	871	217	468	2.35e-13	73.2
g1656.t1	VFG009810(gb|NP_215272)	29.502	261	169	10	616	871	217	467	2.62e-13	73.2
g1656.t1	VFG009812(gb|WP_003898576)	29.885	261	168	10	616	871	217	467	2.84e-13	73.2
g1656.t1	VFG009813(gb|WP_003403870)	29.885	261	168	10	616	871	217	467	2.91e-13	73.2
g1656.t1	VFG019942(gb|WP_012724914)	30.417	240	145	10	646	871	280	511	3.28e-13	73.6
g1656.t1	VFG027203(gb|WP_015632690)	31.696	224	129	10	656	871	235	442	3.79e-13	72.4
g1656.t1	VFG031686(gb|WP_003910136)	31.915	235	145	8	644	871	151	377	3.80e-13	72.4
g1656.t1	VFG031669(gb|NP_215004)	31.915	235	145	8	644	871	151	377	3.82e-13	72.4
g1656.t1	VFG027151(gb|YP_005922066)	29.596	223	144	8	654	871	4	218	3.84e-13	70.1
g1656.t1	VFG031675(gb|WP_011799109)	31.915	235	145	8	644	871	151	377	4.00e-13	72.4
g1656.t1	VFG031703(gb|WP_015292194)	31.915	235	145	8	644	871	151	377	4.02e-13	72.4
g1656.t1	VFG015078(gb|WP_012018243)	28.750	240	149	9	646	872	279	509	4.27e-13	73.2
g1656.t1	VFG022913(gb|WP_013988770)	29.885	261	168	10	616	871	217	467	4.59e-13	72.4
g1656.t1	VFG009845(gb|WP_011723897)	31.696	224	129	10	656	871	235	442	4.81e-13	72.0
g1656.t1	VFG022917(gb|WP_013830538)	29.344	259	163	9	617	871	226	468	5.28e-13	72.4
g1656.t1	VFG022926(gb|WP_036426280)	32.127	221	126	10	659	871	239	443	5.51e-13	72.0
g1656.t1	VFG027186(gb|WP_041299634)	32.127	221	126	10	659	871	239	443	5.91e-13	72.0
g1656.t1	VFG027133(gb|WP_015287911)	29.885	261	168	10	616	871	217	467	6.07e-13	72.0
g1656.t1	VFG009847(gb|WP_011738613)	32.127	221	126	10	659	871	239	443	6.29e-13	72.0
g1656.t1	VFG022933(gb|WP_013827764)	31.222	221	128	10	659	871	237	441	7.18e-13	71.6
g1656.t1	VFG027135(gb|WP_015289263)	30.038	263	165	11	616	871	217	467	8.17e-13	71.6
g1656.t1	VFG015783(gb|WP_012313127)	29.167	240	148	9	646	872	281	511	8.69e-13	72.4
g1656.t1	VFG009821(gb|WP_011857087)	28.750	240	138	8	647	871	242	463	9.12e-13	71.6
g1656.t1	VFG015075(gb|WP_011532652)	30.000	240	146	10	646	871	281	512	1.05e-12	72.0
g1656.t1	VFG031713(gb|YP_007956676)	32.627	236	143	9	644	871	151	378	1.14e-12	70.9
g1656.t1	VFG015074(gb|WP_012053464)	28.794	257	151	11	646	879	281	528	1.40e-12	71.6
g1656.t1	VFG031682(gb|WP_094987106)	30.030	333	187	13	553	877	88	382	1.44e-12	70.5
g1656.t1	VFG031690(gb|WP_012392756)	30.030	333	187	13	553	877	88	382	1.61e-12	70.5
g1656.t1	VFG007493(gb|WP_011079831)	25.217	230	143	6	654	873	126	336	1.71e-12	69.7
g1656.t1	VFG038762(gb|WP_005350683)	27.562	283	176	10	606	876	72	337	2.17e-12	69.3
g1656.t1	VFG015077(gb|WP_041475601)	29.046	241	147	10	646	871	280	511	2.22e-12	70.9
g1656.t1	VFG015076(gb|WP_011062714)	29.046	241	147	10	646	871	280	511	2.77e-12	70.9
g1656.t1	VFG031673(gb|WP_010950191)	29.661	236	149	8	644	871	150	376	2.92e-12	69.7
g1656.t1	VFG027136(gb|WP_015292432)	29.278	263	167	10	616	871	217	467	3.16e-12	69.7
g1656.t1	VFG009818(gb|WP_014878477)	28.519	270	160	10	616	871	220	470	3.42e-12	69.7
g1656.t1	VFG019826(gb|WP_162471079)	27.778	270	175	9	606	872	131	383	3.44e-12	69.3
g1656.t1	VFG027147(gb|YP_007956930)	30.268	261	167	10	616	871	217	467	3.66e-12	69.7
g1656.t1	VFG031674(gb|WP_085989560)	29.661	236	149	8	644	871	150	376	3.68e-12	69.3
g1656.t1	VFG014378(gb|WP_162470466)	29.562	274	165	12	606	872	137	389	4.17e-12	68.9
g1656.t1	VFG031671(gb|WP_010908900)	31.169	231	144	7	648	871	153	375	4.65e-12	68.9
g1656.t1	VFG009849(gb|WP_011892634)	33.906	233	117	13	642	856	217	430	4.76e-12	68.9
g1656.t1	VFG007495(gb|WP_011262362)	26.809	235	159	5	654	885	129	353	5.04e-12	68.2
g1656.t1	VFG015679(gb|WP_012315527)	26.941	219	150	4	654	872	188	396	5.05e-12	68.9
g1656.t1	VFG022914(gb|WP_014000393)	29.278	263	167	10	616	871	217	467	5.06e-12	69.3
g1656.t1	VFG015782(gb|WP_012270935)	28.216	241	149	10	646	871	281	512	5.21e-12	69.7
g1656.t1	VFG043346(gb|WP_010947489)	25.714	245	157	8	637	871	107	336	7.60e-12	67.8
g1656.t1	VFG027184(gb|WP_015289381)	31.050	219	131	9	659	871	239	443	7.61e-12	68.6
g1656.t1	VFG015070(gb|WP_011103673)	28.870	239	150	9	646	872	280	510	8.06e-12	69.3
g1656.t1	VFG009839(gb|NP_215417)	31.050	219	131	9	659	871	239	443	9.23e-12	68.2
g1656.t1	VFG015071(gb|WP_011268595)	28.870	239	150	9	646	872	280	510	1.01e-11	68.9
g1656.t1	VFG015072(gb|WP_011169248)	28.870	239	150	9	646	872	280	510	1.22e-11	68.6
g1656.t1	VFG052339(gb|NP_463156.1)	27.273	275	151	10	621	864	91	347	1.32e-11	67.0
g1656.t1	VFG015678(gb|WP_012273512)	30.137	219	143	5	654	872	188	396	1.43e-11	67.4
g1656.t1	VFG038238(gb|WP_000226703)	26.809	235	151	7	654	878	299	522	1.68e-11	67.8
g1656.t1	VFG031694(gb|WP_008261206)	30.924	249	153	10	644	882	150	389	1.74e-11	67.0
g1656.t1	VFG038243(gb|WP_134815986)	26.809	235	151	7	654	878	303	526	2.30e-11	67.4
g1656.t1	VFG038237(gb|WP_000226704)	26.809	235	151	7	654	878	299	522	2.53e-11	67.0
g1656.t1	VFG014375(gb|WP_010955092)	27.397	219	149	4	654	872	188	396	2.73e-11	66.6
g1656.t1	VFG009851(gb|WP_011561826)	30.657	274	154	14	597	851	169	425	2.85e-11	66.6
g1656.t1	VFG038235(gb|YP_001083791)	26.809	235	151	7	654	878	244	467	2.89e-11	66.6
g1656.t1	VFG038231(gb|WP_000472465)	26.809	235	151	7	654	878	318	541	3.01e-11	67.0
g1656.t1	VFG009819(gb|WP_041799901)	27.985	268	164	9	616	871	209	459	3.08e-11	66.6
g1656.t1	VFG038240(gb|WP_043960856)	26.809	235	151	7	654	878	318	541	3.14e-11	67.0
g1656.t1	VFG038232(gb|WP_001985884)	26.809	235	151	7	654	878	318	541	3.42e-11	66.6
g1656.t1	VFG045729(gb|WP_085956275)	25.094	267	176	14	619	872	268	523	3.48e-11	67.0
g1656.t1	VFG024182(gb|WP_008253899)	31.818	220	128	10	659	871	238	442	5.35e-11	65.9
g1656.t1	VFG038759(gb|WP_011706627)	27.948	229	140	8	654	875	126	336	5.53e-11	65.1
g1656.t1	VFG009848(gb|WP_011730694)	29.123	285	156	13	597	857	168	430	9.39e-11	65.1
g1656.t1	VFG024169(gb|WP_099961986)	27.985	268	164	9	616	871	236	486	1.09e-10	65.1
g1656.t1	VFG014370(gb|WP_003152330)	30.870	230	129	10	654	874	185	393	1.76e-10	63.9
g1656.t1	VFG038761(gb|WP_005320182)	27.113	284	176	11	606	876	72	337	1.96e-10	63.2
g1656.t1	VFG038760(gb|WP_016351312)	27.511	229	141	8	654	875	126	336	2.20e-10	63.2
g1656.t1	VFG027132(gb|WP_005064129)	26.857	350	200	14	551	871	142	464	2.22e-10	63.9
g1656.t1	VFG022912(gb|YP_001701426)	26.857	350	200	14	551	871	164	486	2.44e-10	63.9
g1656.t1	VFG027204(gb|WP_015309198)	30.837	227	130	12	642	855	216	428	3.22e-10	63.2
g1656.t1	VFG009846(gb|WP_010908723)	30.952	210	112	9	659	855	239	428	3.54e-10	63.2
g1656.t1	VFG014379(gb|WP_162803862)	28.821	229	131	9	654	872	183	389	8.36e-10	61.6
g1656.t1	VFG014377(gb|WP_011534912)	26.484	219	151	4	654	872	188	396	1.44e-09	60.8
g1656.t1	VFG000474(gb|NP_460200)	25.000	268	174	8	610	874	239	482	1.94e-09	60.8
g1656.t1	VFG004056(gb|WP_001031689)	25.000	268	174	8	610	874	239	482	1.96e-09	60.8
g1656.t1	VFG021077(gb|WP_001031685)	25.000	268	174	8	610	874	239	482	2.08e-09	60.8
g1656.t1	VFG009850(gb|WP_011782154)	31.579	209	121	11	655	855	234	428	2.23e-09	60.5
g1656.t1	VFG013999(gb|WP_011167665)	27.064	218	132	10	636	841	293	495	5.56e-09	59.7
g1656.t1	VFG014381(gb|WP_011913655)	28.761	226	139	9	654	874	181	389	7.81e-09	58.5
g1656.t1	VFG027195(gb|YP_007957055)	29.545	220	134	10	659	871	239	444	9.16e-09	58.5
g1656.t1	VFG013998(gb|WP_003403505)	26.606	218	133	10	636	841	293	495	1.33e-08	58.5
g1656.t1	VFG018397(gb|WP_001031692)	25.000	268	174	8	610	874	239	482	1.54e-08	58.2
g1656.t1	VFG014373(gb|WP_011268445)	29.778	225	138	8	654	874	188	396	1.77e-08	57.8
g1656.t1	VFG013995(gb|WP_003150028)	26.201	229	128	11	654	864	313	518	2.13e-08	57.8
g1656.t1	VFG013997(gb|WP_005769277)	26.460	291	161	13	592	843	221	497	2.56e-08	57.4
g1656.t1	VFG014002(gb|WP_011914664)	25.402	311	179	13	590	861	219	515	3.17e-08	57.0
g1656.t1	VFG014369(gb|NP_249789)	31.513	238	133	10	654	882	185	401	6.05e-07	52.8
g1656.t1	VFG014371(gb|WP_003109120)	31.513	238	133	10	654	882	185	401	6.32e-07	52.8
g1656.t1	VFG006823(gb|WP_003725519)	19.444	252	183	7	625	870	97	334	7.19e-07	52.4
g1656.t1	VFG019825(gb|WP_012614401)	32.174	230	126	10	654	874	185	393	1.00e-06	52.0
g1656.t1	VFG042669(gb|WP_006485030)	33.945	109	65	4	769	871	453	560	1.16e-06	52.4
g1656.t1	VFG042914(gb|WP_012030772)	25.000	212	128	8	654	853	360	552	2.45e-06	51.2
g654.t1	VFG023574(gb|WP_013649086)	32.192	292	165	10	600	880	344	613	1.47e-23	107
g654.t1	VFG027254(gb|WP_015309037)	30.451	266	150	7	626	885	224	460	6.51e-23	103
g654.t1	VFG020694(gb|WP_001050767)	32.271	251	146	10	647	886	382	619	1.47e-22	103
g654.t1	VFG003824(gb|WP_001050755)	32.271	251	146	10	647	886	382	619	1.51e-22	103
g654.t1	VFG020700(gb|WP_001050758)	32.271	251	146	10	647	886	382	619	1.54e-22	103
g654.t1	VFG018488(gb|WP_001050778)	32.271	251	146	10	647	886	382	619	1.54e-22	103
g654.t1	VFG003823(gb|WP_001050754)	32.271	251	146	10	647	886	382	619	1.55e-22	103
g654.t1	VFG000493(gb|NP_460357)	32.271	251	146	10	647	886	382	619	1.69e-22	103
g654.t1	VFG003826(gb|WP_001539908)	32.271	251	146	10	647	886	382	619	1.72e-22	103
g654.t1	VFG020699(gb|WP_001050765)	32.271	251	146	10	647	886	382	619	1.73e-22	103
g654.t1	VFG020698(gb|WP_001050776)	32.271	251	146	10	647	886	382	619	1.75e-22	103
g654.t1	VFG020695(gb|WP_001050774)	32.271	251	146	10	647	886	382	619	1.78e-22	103
g654.t1	VFG001747(gb|WP_002209035)	32.432	259	156	7	630	880	366	613	2.66e-22	103
g654.t1	VFG003825(gb|WP_001050780)	31.873	251	147	10	647	886	382	619	3.75e-22	102
g654.t1	VFG020693(gb|WP_001050764)	31.873	251	147	10	647	886	382	619	4.90e-22	102
g654.t1	VFG018953(gb|WP_012304703)	33.937	221	129	6	668	880	402	613	6.79e-22	102
g654.t1	VFG003358(gb|WP_011191566)	33.937	221	129	6	668	880	402	613	7.34e-22	101
g654.t1	VFG020697(gb|WP_001050770)	31.873	251	147	10	647	886	382	619	1.53e-21	100
g654.t1	VFG017284(gb|WP_012105858)	33.484	221	130	6	668	880	402	613	1.93e-21	100
g654.t1	VFG027137(gb|WP_015357321)	30.743	296	189	9	595	881	180	468	2.24e-21	98.6
g654.t1	VFG009817(gb|WP_011738793)	30.743	296	189	9	595	881	180	468	2.34e-21	98.6
g654.t1	VFG018487(gb|WP_001050783)	32.271	251	146	10	647	886	382	619	3.68e-21	99.4
g654.t1	VFG022911(gb|WP_012396470)	30.743	296	189	9	595	881	180	468	4.55e-21	97.4
g654.t1	VFG009881(gb|WP_011856925)	31.111	270	154	9	626	884	219	467	4.97e-21	97.8
g654.t1	VFG009882(gb|WP_011561678)	31.111	270	154	9	626	884	219	467	6.04e-21	97.4
g654.t1	VFG009875(gb|WP_019732008)	30.515	272	153	11	626	884	222	470	3.04e-20	95.5
g654.t1	VFG009880(gb|WP_203431724)	30.000	270	157	9	626	884	201	449	3.23e-20	94.7
g654.t1	VFG009874(gb|WP_003877497)	29.740	269	148	10	626	885	222	458	3.33e-20	95.1
g654.t1	VFG041577(gb|WP_012847750)	33.061	245	139	10	648	880	372	603	3.34e-20	96.3
g654.t1	VFG024195(gb|WP_008254067)	30.147	272	154	10	626	884	222	470	1.42e-19	93.2
g654.t1	VFG024194(gb|WP_036397793)	30.147	272	154	10	626	884	222	470	1.43e-19	93.2
g654.t1	VFG031721(gb|WP_198345043)	28.390	236	154	6	652	880	139	366	1.46e-19	91.7
g654.t1	VFG024196(gb|WP_036390311)	29.368	269	149	9	626	885	222	458	3.03e-19	92.0
g654.t1	VFG027248(gb|YP_005359673)	29.151	271	161	9	626	885	101	351	2.03e-18	88.6
g654.t1	VFG009869(gb|NP_215497)	29.151	271	161	9	626	885	218	468	2.50e-18	89.4
g654.t1	VFG009877(gb|WP_011742227)	29.588	267	151	8	626	885	218	454	2.52e-18	89.4
g654.t1	VFG009872(gb|WP_003405123)	29.151	271	161	9	626	885	218	468	3.41e-18	89.0
g654.t1	VFG027234(gb|WP_015292586)	29.151	271	161	9	626	885	218	468	3.63e-18	88.6
g654.t1	VFG022949(gb|WP_013827875)	29.779	272	152	11	626	882	218	465	4.53e-18	88.2
g654.t1	VFG009879(gb|WP_173362732)	27.715	267	156	7	626	885	201	437	6.01e-18	87.8
g654.t1	VFG031693(gb|WP_013470605)	27.586	261	173	8	634	885	130	383	6.19e-18	87.0
g654.t1	VFG009878(gb|WP_014878346)	28.571	266	155	7	626	885	219	455	1.22e-17	87.0
g654.t1	VFG007495(gb|WP_011262362)	27.500	240	156	6	653	885	114	342	1.55e-17	85.1
g654.t1	VFG032653(gb|WP_014092758)	26.877	253	163	6	645	885	239	481	1.83e-17	86.3
g654.t1	VFG027154(gb|WP_020821555)	27.170	265	149	6	647	891	232	472	2.45e-17	85.9
g654.t1	VFG024170(gb|WP_014381773)	27.170	265	149	6	647	891	232	472	2.45e-17	85.9
g654.t1	VFG031676(gb|WP_011891086)	27.481	262	174	8	634	886	130	384	3.21e-17	84.7
g654.t1	VFG022943(gb|YP_001701821)	30.303	264	158	10	639	884	227	482	3.28e-17	85.9
g654.t1	VFG015067(gb|NP_249619)	27.381	252	157	9	657	892	277	518	3.40e-17	86.7
g654.t1	VFG015068(gb|WP_003156446)	27.642	246	154	8	657	886	277	514	3.46e-17	86.7
g654.t1	VFG027236(gb|WP_014850324)	30.303	264	158	10	639	884	218	473	5.26e-17	85.1
g654.t1	VFG027230(gb|WP_005063389)	30.303	264	158	10	639	884	218	473	5.64e-17	85.1
g654.t1	VFG009816(gb|WP_165928405)	29.150	247	152	5	647	881	231	466	6.30e-17	84.7
g654.t1	VFG009815(gb|WP_162830471)	29.150	247	152	5	647	881	231	466	6.30e-17	84.7
g654.t1	VFG032638(gb|WP_014654264)	27.668	253	161	7	645	885	239	481	7.66e-17	84.3
g654.t1	VFG006830(gb|NP_464903)	27.668	253	161	7	645	885	239	481	7.72e-17	84.3
g654.t1	VFG019396(gb|WP_003736550)	27.668	253	161	7	645	885	239	481	7.86e-17	84.3
g654.t1	VFG006832(gb|WP_003771747)	27.668	253	161	7	645	885	239	481	8.59e-17	84.3
g654.t1	VFG032654(gb|WP_003747594)	26.482	253	164	6	645	885	239	481	9.14e-17	84.3
g654.t1	VFG006833(gb|WP_011702190)	26.908	249	168	6	645	885	239	481	1.15e-16	84.0
g654.t1	VFG031691(gb|WP_013827420)	28.452	239	150	7	652	880	153	380	1.24e-16	82.8
g654.t1	VFG024171(gb|WP_014710887)	27.170	265	149	6	647	891	232	472	1.34e-16	83.6
g654.t1	VFG031682(gb|WP_094987106)	25.623	281	190	7	616	889	117	385	1.98e-16	82.4
g654.t1	VFG009876(gb|WP_010907576)	28.727	275	154	11	626	884	218	466	2.11e-16	83.2
g654.t1	VFG031690(gb|WP_012392756)	25.623	281	190	7	616	889	117	385	2.23e-16	82.4
g654.t1	VFG015079(gb|WP_185745811)	28.346	254	155	10	657	894	277	519	2.80e-16	83.6
g654.t1	VFG027142(gb|YP_007960665)	25.490	255	151	5	647	881	9	244	3.06e-16	79.7
g654.t1	VFG027203(gb|WP_015632690)	30.252	238	145	9	651	880	218	442	3.39e-16	82.0
g654.t1	VFG027184(gb|WP_015289381)	30.213	235	149	9	651	880	219	443	3.86e-16	82.0
g654.t1	VFG009839(gb|NP_215417)	30.043	233	152	7	651	880	219	443	4.34e-16	81.6
g654.t1	VFG011122(gb|WP_010928858)	27.632	228	150	7	664	879	720	944	4.88e-16	83.2
g654.t1	VFG027186(gb|WP_041299634)	30.638	235	148	9	651	880	219	443	5.18e-16	81.6
g654.t1	VFG009845(gb|WP_011723897)	30.252	238	145	9	651	880	218	442	5.20e-16	81.6
g654.t1	VFG031677(gb|WP_014876913)	25.620	242	165	6	652	886	151	384	5.66e-16	80.9
g654.t1	VFG022926(gb|WP_036426280)	30.638	235	148	9	651	880	219	443	5.92e-16	81.3
g654.t1	VFG011123(gb|WP_010926708)	27.632	228	150	7	664	879	720	944	5.98e-16	82.8
g654.t1	VFG009847(gb|WP_011738613)	30.638	235	148	9	651	880	219	443	6.08e-16	81.3
g654.t1	VFG022927(gb|YP_001701701)	30.120	249	157	10	638	880	231	468	6.31e-16	81.3
g654.t1	VFG027181(gb|WP_005092753)	30.120	249	157	10	638	880	198	435	6.55e-16	81.3
g654.t1	VFG002045(gb|WP_010930608)	28.634	227	149	7	664	879	720	944	7.85e-16	82.4
g654.t1	VFG009848(gb|WP_011730694)	30.804	224	140	9	651	869	219	432	1.13e-15	80.5
g654.t1	VFG015075(gb|WP_011532652)	29.046	241	143	10	657	879	279	509	1.68e-15	81.3
g654.t1	VFG027151(gb|YP_005922066)	26.522	230	130	5	672	881	9	219	2.53e-15	76.3
g654.t1	VFG031683(gb|WP_011778104)	27.309	249	160	9	652	889	151	389	2.86e-15	79.0
g654.t1	VFG007490(gb|WP_001881834)	26.809	235	154	6	653	880	114	337	3.33e-15	78.2
g654.t1	VFG011634(gb|WP_006191047)	31.646	237	135	9	666	880	367	598	3.42e-15	79.7
g654.t1	VFG009812(gb|WP_003898576)	25.490	255	151	5	647	881	233	468	3.73e-15	79.0
g654.t1	VFG018297(gb|WP_004691160)	31.646	237	135	9	666	880	367	598	3.77e-15	79.7
g654.t1	VFG009813(gb|WP_003403870)	25.490	255	151	5	647	881	233	468	3.83e-15	79.0
g654.t1	VFG009810(gb|NP_215272)	25.490	255	151	5	647	881	233	468	3.83e-15	79.0
g654.t1	VFG007493(gb|WP_011079831)	26.809	235	154	6	653	880	111	334	4.94e-15	77.4
g654.t1	VFG019282(gb|WP_006071786)	31.646	237	135	9	666	880	367	598	5.05e-15	79.0
g654.t1	VFG027133(gb|WP_015287911)	25.490	255	151	5	647	881	233	468	7.59e-15	78.2
g654.t1	VFG015782(gb|WP_012270935)	28.346	254	152	10	657	892	279	520	7.71e-15	79.0
g654.t1	VFG027147(gb|YP_007956930)	25.490	255	151	5	647	881	233	468	8.01e-15	78.2
g654.t1	VFG041873(gb|WP_080509010)	28.692	237	145	7	654	880	400	622	9.56e-15	78.6
g654.t1	VFG031694(gb|WP_008261206)	32.203	118	78	1	774	889	268	385	9.67e-15	77.4
g654.t1	VFG015078(gb|WP_012018243)	27.615	239	149	8	657	879	277	507	1.00e-14	78.6
g654.t1	VFG015783(gb|WP_012313127)	28.631	241	144	9	657	879	279	509	1.10e-14	78.6
g654.t1	VFG009846(gb|WP_010908723)	31.276	243	140	10	651	881	219	446	1.23e-14	77.4
g654.t1	VFG007492(gb|WP_005457625)	27.234	235	153	6	653	880	111	334	1.27e-14	76.3
g654.t1	VFG024182(gb|WP_008253899)	29.114	237	148	9	655	880	215	442	1.44e-14	77.0
g654.t1	VFG022933(gb|WP_013827764)	29.752	242	146	10	652	885	218	443	1.56e-14	77.0
g654.t1	VFG031673(gb|WP_010950191)	26.316	228	155	6	661	880	154	376	1.81e-14	76.3
g654.t1	VFG019942(gb|WP_012724914)	28.125	256	153	11	657	894	278	520	2.53e-14	77.4
g654.t1	VFG031674(gb|WP_085989560)	26.316	228	155	6	661	880	154	376	2.63e-14	75.9
g654.t1	VFG031679(gb|WP_011558086)	25.820	244	169	6	652	889	151	388	2.73e-14	75.9
g654.t1	VFG015073(gb|WP_010952710)	27.801	241	146	9	657	879	279	509	3.29e-14	77.0
g654.t1	VFG031678(gb|WP_011854538)	25.714	245	170	6	651	889	150	388	3.30e-14	75.5
g654.t1	VFG011635(gb|WP_006014486)	31.224	237	136	9	666	880	367	598	3.30e-14	76.6
g654.t1	VFG015070(gb|WP_011103673)	28.226	248	150	10	657	886	278	515	3.94e-14	76.6
g654.t1	VFG011631(gb|WP_004684547)	31.224	237	136	9	666	880	367	598	4.24e-14	76.3
g654.t1	VFG015072(gb|WP_011169248)	28.226	248	150	10	657	886	278	515	4.33e-14	76.6
g654.t1	VFG015071(gb|WP_011268595)	28.226	248	150	10	657	886	278	515	4.80e-14	76.6
g654.t1	VFG009849(gb|WP_011892634)	28.992	238	152	10	638	869	207	433	5.11e-14	75.5
g654.t1	VFG027136(gb|WP_015292432)	25.098	255	152	5	647	881	233	468	5.23e-14	75.5
g654.t1	VFG038231(gb|WP_000472465)	27.778	252	163	7	644	880	285	532	5.97e-14	75.5
g654.t1	VFG038235(gb|YP_001083791)	27.778	252	163	7	644	880	211	458	6.16e-14	75.1
g654.t1	VFG022914(gb|WP_014000393)	25.098	255	152	5	647	881	233	468	6.62e-14	75.1
g654.t1	VFG038238(gb|WP_000226703)	28.458	253	160	7	644	880	266	513	6.84e-14	75.5
g654.t1	VFG038237(gb|WP_000226704)	27.778	252	163	7	644	880	266	513	6.90e-14	75.1
g654.t1	VFG027195(gb|YP_007957055)	29.661	236	150	10	651	880	219	444	7.53e-14	74.7
g654.t1	VFG027135(gb|WP_015289263)	26.210	248	158	6	647	881	233	468	7.89e-14	75.1
g654.t1	VFG009820(gb|WP_036377494)	27.572	243	154	5	649	881	238	468	8.38e-14	74.7
g654.t1	VFG031685(gb|YP_001704776)	26.957	230	151	8	661	880	154	376	1.02e-13	74.7
g654.t1	VFG038243(gb|WP_134815986)	27.778	252	163	7	644	880	270	517	1.03e-13	74.7
g654.t1	VFG038240(gb|WP_043960856)	28.458	253	160	7	644	880	285	532	1.09e-13	74.7
g654.t1	VFG027204(gb|WP_015309198)	29.114	237	153	9	638	869	206	432	1.11e-13	74.3
g654.t1	VFG009850(gb|WP_011782154)	28.571	238	153	10	638	869	206	432	1.15e-13	74.3
g654.t1	VFG038232(gb|WP_001985884)	28.458	253	160	7	644	880	285	532	1.21e-13	74.7
g654.t1	VFG031699(gb|WP_005062022)	25.764	229	155	6	661	880	154	376	1.28e-13	74.3
g654.t1	VFG027156(gb|WP_085976583)	28.139	231	126	7	672	881	258	469	1.46e-13	73.9
g654.t1	VFG015074(gb|WP_012053464)	27.386	241	147	9	657	879	279	509	1.49e-13	74.7
g654.t1	VFG011632(gb|WP_002965157)	30.802	237	137	9	666	880	367	598	1.78e-13	74.3
g654.t1	VFG022913(gb|WP_013988770)	25.098	255	152	5	647	881	233	468	1.98e-13	73.6
g654.t1	VFG027132(gb|WP_005064129)	26.190	252	145	7	650	881	235	465	2.56e-13	73.6
g654.t1	VFG022912(gb|YP_001701426)	26.190	252	145	7	650	881	257	487	2.99e-13	73.2
g654.t1	VFG000474(gb|NP_460200)	27.698	278	167	10	620	889	236	487	6.59e-13	72.0
g654.t1	VFG004056(gb|WP_001031689)	27.698	278	167	10	620	889	236	487	6.70e-13	72.0
g654.t1	VFG021077(gb|WP_001031685)	27.698	278	167	10	620	889	236	487	7.25e-13	72.0
g654.t1	VFG024169(gb|WP_099961986)	26.172	256	142	6	650	881	255	487	8.11e-13	72.0
g654.t1	VFG009819(gb|WP_041799901)	26.172	256	142	6	650	881	228	460	8.77e-13	71.6
g654.t1	VFG009851(gb|WP_011561826)	28.571	238	149	10	638	869	211	433	9.63e-13	71.2
g654.t1	VFG015077(gb|WP_041475601)	27.843	255	155	11	657	894	278	520	1.18e-12	72.0
g654.t1	VFG022917(gb|WP_013830538)	29.200	250	141	10	649	881	239	469	1.25e-12	71.2
g654.t1	VFG015076(gb|WP_011062714)	26.953	256	156	11	657	894	278	520	1.88e-12	71.2
g654.t1	VFG031713(gb|YP_007956676)	26.446	242	160	8	661	893	155	387	2.14e-12	70.1
g654.t1	VFG018397(gb|WP_001031692)	27.273	242	156	7	656	889	258	487	2.35e-12	70.1
g654.t1	VFG014002(gb|WP_011914664)	26.537	309	201	10	582	879	230	523	5.63e-12	69.3
g654.t1	VFG031671(gb|WP_010908900)	30.508	118	80	1	774	889	267	384	6.36e-12	68.6
g654.t1	VFG041841(gb|WP_011136181)	28.235	255	144	8	651	884	176	412	6.72e-12	68.6
g654.t1	VFG031669(gb|NP_215004)	24.896	241	164	7	661	893	155	386	7.94e-12	68.2
g654.t1	VFG031703(gb|WP_015292194)	24.896	241	164	7	661	893	155	386	8.05e-12	68.2
g654.t1	VFG031686(gb|WP_003910136)	24.896	241	164	7	661	893	155	386	8.48e-12	68.2
g654.t1	VFG031675(gb|WP_011799109)	24.896	241	164	7	661	893	155	386	8.83e-12	68.2
g654.t1	VFG014001(gb|WP_003243065)	27.542	236	123	7	667	879	313	523	1.20e-11	68.2
g654.t1	VFG013998(gb|WP_003403505)	25.806	248	164	9	643	879	285	523	2.39e-11	67.0
g654.t1	VFG009821(gb|WP_011857087)	28.700	223	134	7	672	881	254	464	3.26e-11	66.6
g654.t1	VFG010917(gb|WP_011946809)	25.620	242	149	10	650	875	291	517	3.39e-11	67.0
g654.t1	VFG042669(gb|WP_006485030)	28.384	229	143	7	667	880	338	560	3.85e-11	67.0
g654.t1	VFG009822(gb|WP_011561966)	25.225	222	143	3	672	881	254	464	4.38e-11	66.2
g654.t1	VFG001888(gb|WP_010947629)	25.620	242	149	10	650	875	291	517	4.84e-11	66.6
g654.t1	VFG010915(gb|WP_011214165)	25.620	242	149	10	650	875	291	517	5.06e-11	66.6
g654.t1	VFG014378(gb|WP_162470466)	28.696	230	140	6	659	880	175	388	5.27e-11	65.5
g654.t1	VFG009818(gb|WP_014878477)	33.019	106	69	1	778	881	366	471	7.31e-11	65.5
g654.t1	VFG042914(gb|WP_012030772)	26.549	226	150	7	667	886	360	575	1.40e-10	64.7
g654.t1	VFG014370(gb|WP_003152330)	34.343	99	61	1	782	880	296	390	1.61e-10	63.9
g654.t1	VFG010916(gb|WP_011215874)	25.620	242	149	10	650	875	291	517	1.61e-10	65.1
g654.t1	VFG014000(gb|WP_011335993)	26.749	243	123	10	667	883	313	526	2.08e-10	64.3
g654.t1	VFG045729(gb|WP_085956275)	25.301	249	163	9	642	875	277	517	2.21e-10	64.7
g654.t1	VFG001213(gb|NP_253236)	26.009	223	143	8	667	879	313	523	7.35e-10	62.4
g654.t1	VFG050691(gb|WP_001160336.1)	24.201	219	145	6	667	880	317	519	7.83e-10	62.4
g654.t1	VFG050688(gb|WP_002001070.1)	25.778	225	134	8	667	880	302	504	9.22e-10	62.0
g654.t1	VFG019761(gb|WP_012614544)	26.009	223	143	8	667	879	313	523	9.60e-10	62.0
g654.t1	VFG050682(gb|WP_001160333.1)	25.561	223	133	8	669	880	319	519	1.15e-09	61.6
g654.t1	VFG038761(gb|WP_005320182)	26.050	238	147	11	659	885	118	337	1.69e-09	60.5
g654.t1	VFG050685(gb|WP_001160337.1)	29.032	124	82	3	758	880	401	519	1.86e-09	61.2
g654.t1	VFG019826(gb|WP_162471079)	25.676	222	157	3	659	880	169	382	1.89e-09	60.5
g654.t1	VFG014377(gb|WP_011534912)	28.070	228	146	8	659	880	180	395	2.83e-09	60.1
g654.t1	VFG013999(gb|WP_011167665)	25.403	248	165	9	643	879	285	523	3.08e-09	60.5
g654.t1	VFG014379(gb|WP_162803862)	28.448	232	138	8	659	880	175	388	3.71e-09	59.7
g654.t1	VFG013997(gb|WP_005769277)	23.077	247	173	6	643	879	285	524	3.73e-09	60.1
g654.t1	VFG050686(gb|YP_001083312.1)	24.201	219	145	6	667	880	219	421	3.85e-09	59.7
g654.t1	VFG038760(gb|WP_016351312)	26.471	238	136	11	659	880	118	332	6.67e-09	58.5
g654.t1	VFG038759(gb|WP_011706627)	26.471	238	136	11	659	880	118	332	6.91e-09	58.5
g654.t1	VFG014381(gb|WP_011913655)	36.634	101	56	2	782	880	292	386	7.57e-09	58.5
g654.t1	VFG014375(gb|WP_010955092)	26.786	224	154	4	659	880	180	395	8.04e-09	58.5
g654.t1	VFG043398(gb|YP_002344200)	25.397	252	149	9	643	880	111	337	1.08e-08	57.8
g654.t1	VFG050689(gb|WP_002037247.1)	23.963	217	144	6	669	880	304	504	1.13e-08	58.5
g654.t1	VFG038762(gb|WP_005350683)	25.630	238	148	11	659	885	118	337	1.15e-08	57.8
g654.t1	VFG013995(gb|WP_003150028)	28.037	107	68	2	778	879	421	523	5.17e-08	56.6
g654.t1	VFG043346(gb|WP_010947489)	23.200	250	163	6	642	880	105	336	5.40e-08	55.8
g654.t1	VFG015678(gb|WP_012273512)	25.561	223	158	3	659	880	180	395	6.91e-08	55.8
g654.t1	VFG015679(gb|WP_012315527)	26.786	224	154	5	659	880	180	395	7.48e-08	55.5
g654.t1	VFG042740(gb|NP_252983)	34.109	129	75	3	765	886	794	919	1.14e-07	55.8
g654.t1	VFG014369(gb|NP_249789)	29.000	100	67	1	781	880	295	390	1.32e-06	51.6
g654.t1	VFG019825(gb|WP_012614401)	29.000	100	67	1	781	880	295	390	1.37e-06	51.6
g654.t1	VFG014371(gb|WP_003109120)	29.000	100	67	1	781	880	295	390	1.37e-06	51.6
g654.t1	VFG041120(gb|WP_011205628)	33.010	103	59	3	794	888	503	603	8.76e-06	49.3
