g1858.t1	VFG022670(gb|WP_013831099)	34.553	246	143	7	159	400	181	412	4.18e-23	101
g1858.t1	VFG009406(gb|WP_003895686)	33.473	239	143	6	164	400	192	416	8.00e-23	100
g1858.t1	VFG023969(gb|WP_014382375)	31.641	256	151	6	158	396	186	434	8.23e-23	100
g1858.t1	VFG023967(gb|WP_008256020)	31.641	256	151	6	158	396	186	434	8.62e-23	100
g1858.t1	VFG026433(gb|YP_005360830)	27.463	335	232	5	106	432	101	432	2.66e-22	98.6
g1858.t1	VFG026439(gb|WP_015307764)	33.784	222	132	5	180	400	209	416	3.10e-22	99.0
g1858.t1	VFG001399(gb|NP_216736)	33.476	233	132	5	180	396	209	434	4.33e-22	98.6
g1858.t1	VFG009408(gb|WP_011780782)	32.589	224	138	5	164	385	192	404	5.82e-22	98.2
g1858.t1	VFG009407(gb|WP_011893806)	33.036	224	137	5	164	385	192	404	6.27e-22	97.8
g1858.t1	VFG022664(gb|YP_001702670)	33.036	224	137	5	164	385	192	404	8.75e-22	97.4
g1858.t1	VFG009409(gb|WP_011560703)	32.218	239	146	6	164	400	192	416	8.83e-22	97.4
g1858.t1	VFG009405(gb|WP_011739514)	32.618	233	134	5	180	396	209	434	8.83e-22	97.4
g1858.t1	VFG026415(gb|WP_005060729)	33.036	224	137	5	164	385	192	404	9.16e-22	97.4
g1858.t1	VFG022671(gb|WP_013828618)	33.990	203	131	3	165	365	193	394	2.55e-21	96.3
g1858.t1	VFG026420(gb|WP_015356198)	32.618	233	134	5	180	396	209	434	2.62e-21	95.9
g1858.t1	VFG009402(gb|WP_003872332)	31.250	256	152	6	158	396	186	434	3.27e-21	95.9
g1858.t1	VFG022663(gb|WP_012394943)	32.618	233	134	5	180	396	209	434	3.30e-21	95.9
g1858.t1	VFG009404(gb|WP_010908031)	32.340	235	136	5	178	396	207	434	1.81e-20	93.6
g1858.t1	VFG026430(gb|YP_007958267)	26.538	260	191	0	169	428	64	323	3.36e-19	88.2
