g1041.t1	VFG031087(gb|WP_010908273)	99.779	452	1	0	24	475	1	452	0.0	931
g1041.t1	VFG031105(gb|WP_041323838)	100.000	447	0	0	29	475	1	447	0.0	923
g1041.t1	VFG031089(gb|WP_003878078)	96.681	452	15	0	24	475	1	452	0.0	907
g1041.t1	VFG031110(gb|WP_008256314)	96.239	452	17	0	24	475	1	452	0.0	905
g1041.t1	VFG031098(gb|WP_011740316)	96.018	452	18	0	24	475	1	452	0.0	903
g1041.t1	VFG031120(gb|WP_085981849)	95.796	452	19	0	24	475	1	452	0.0	900
g1041.t1	VFG031118(gb|WP_015290410)	95.133	452	22	0	24	475	1	452	0.0	893
g1041.t1	VFG031085(gb|NP_216613)	94.912	452	23	0	24	475	1	452	0.0	892
g1041.t1	VFG031119(gb|WP_015293449)	94.690	452	24	0	24	475	1	452	0.0	889
g1041.t1	VFG031137(gb|WP_085976571)	93.805	452	28	0	24	475	1	452	0.0	886
g1041.t1	VFG031093(gb|WP_011729397)	93.584	452	29	0	24	475	1	452	0.0	885
g1041.t1	VFG031094(gb|WP_011559863)	93.584	452	29	0	24	475	1	452	0.0	884
g1041.t1	VFG031099(gb|WP_086008434)	93.142	452	31	0	24	475	1	452	0.0	879
g1041.t1	VFG031092(gb|WP_011893966)	92.920	452	32	0	24	475	1	452	0.0	878
g1041.t1	VFG031107(gb|WP_013829052)	92.257	452	35	0	24	475	1	452	0.0	870
g1041.t1	VFG031101(gb|YP_001702918)	92.478	452	34	0	24	475	1	452	0.0	870
g1041.t1	VFG031132(gb|YP_005360716)	94.713	435	23	0	41	475	6	440	0.0	854
g2067.t1	VFG031085(gb|NP_216613)	100.000	447	0	0	1	447	6	452	0.0	922
g2067.t1	VFG031119(gb|WP_015293449)	99.329	447	3	0	1	447	6	452	0.0	918
g2067.t1	VFG031118(gb|WP_015290410)	99.329	447	3	0	1	447	6	452	0.0	915
g2067.t1	VFG031110(gb|WP_008256314)	97.092	447	13	0	1	447	6	452	0.0	900
g2067.t1	VFG031089(gb|WP_003878078)	96.868	447	14	0	1	447	6	452	0.0	899
g2067.t1	VFG031098(gb|WP_011740316)	96.868	447	14	0	1	447	6	452	0.0	898
g2067.t1	VFG031120(gb|WP_085981849)	96.644	447	15	0	1	447	6	452	0.0	895
g2067.t1	VFG031132(gb|YP_005360716)	99.770	435	1	0	13	447	6	440	0.0	893
g2067.t1	VFG031092(gb|WP_011893966)	94.631	447	24	0	1	447	6	452	0.0	885
g2067.t1	VFG031087(gb|WP_010908273)	95.078	447	22	0	1	447	6	452	0.0	885
g2067.t1	VFG031099(gb|WP_086008434)	94.855	447	23	0	1	447	6	452	0.0	885
g2067.t1	VFG031105(gb|WP_041323838)	95.078	447	22	0	1	447	1	447	0.0	884
g2067.t1	VFG031101(gb|YP_001702918)	95.078	447	22	0	1	447	6	452	0.0	884
g2067.t1	VFG031094(gb|WP_011559863)	94.407	447	25	0	1	447	6	452	0.0	881
g2067.t1	VFG031137(gb|WP_085976571)	94.183	447	26	0	1	447	6	452	0.0	878
g2067.t1	VFG031093(gb|WP_011729397)	94.183	447	26	0	1	447	6	452	0.0	878
g2067.t1	VFG031107(gb|WP_013829052)	93.736	447	28	0	1	447	6	452	0.0	873
