g1421.t1	VFG008634(gb|WP_041312794)	29.464	112	77	1	136	247	81	190	3.09e-08	53.9
g1421.t1	VFG007972(gb|WP_011740355)	26.316	114	82	1	136	249	80	191	3.31e-07	50.8
g1421.t1	VFG022483(gb|WP_012394842)	26.316	114	82	1	136	249	80	191	4.31e-07	50.4
g1421.t1	VFG007971(gb|WP_010907549)	25.893	112	81	1	136	247	80	189	6.81e-06	46.6
g2231.t1	VFG007972(gb|WP_011740355)	28.000	125	82	3	171	290	80	201	4.27e-07	50.4
g2231.t1	VFG022483(gb|WP_012394842)	28.000	125	82	3	171	290	80	201	5.32e-07	50.4
g2231.t1	VFG008634(gb|WP_041312794)	25.000	124	69	2	171	283	81	191	1.33e-06	49.3
g2231.t1	VFG029665(gb|WP_011856350)	29.104	134	78	4	171	301	37	156	3.75e-06	47.0
g2231.t1	VFG007971(gb|WP_010907549)	26.549	113	79	2	171	282	80	189	7.01e-06	47.0
g3585.t1	VFG044399(gb|AAF33140)	28.571	119	74	4	164	280	178	287	6.94e-07	50.4
