g244.t1	VFG022581(gb|YP_001704822)	29.306	447	201	16	63	502	63	401	8.23e-36	138
g244.t1	VFG017665(gb|WP_005062139)	29.306	447	201	16	63	502	63	401	8.65e-36	138
g244.t1	VFG022587(gb|WP_013827400)	29.978	447	198	16	67	506	65	403	7.36e-35	135
g244.t1	VFG009267(gb|WP_011891109)	29.978	447	198	16	67	506	65	403	1.80e-34	134
g244.t1	VFG017688(gb|WP_015304564)	28.795	448	204	14	66	506	64	403	5.39e-34	133
g244.t1	VFG009268(gb|WP_011778075)	28.859	447	203	14	67	506	65	403	1.13e-33	132
g244.t1	VFG023923(gb|WP_043955414)	27.733	494	235	17	22	506	23	403	1.74e-33	132
g244.t1	VFG023927(gb|WP_014381239)	29.018	448	203	15	66	506	64	403	2.65e-33	131
g244.t1	VFG009263(gb|WP_011726191)	29.018	448	203	15	66	506	64	403	2.73e-33	131
g244.t1	VFG017686(gb|WP_008261263)	29.018	448	203	15	66	506	64	403	2.89e-33	131
g244.t1	VFG009262(gb|WP_010950181)	28.795	448	204	15	66	506	66	405	4.36e-33	130
g244.t1	VFG017670(gb|WP_015354446)	28.635	447	204	15	67	506	65	403	1.04e-32	129
g244.t1	VFG022580(gb|WP_012392736)	28.635	447	204	15	67	506	65	403	1.35e-32	129
g244.t1	VFG009266(gb|WP_003892337)	27.347	490	234	16	24	506	29	403	3.46e-32	128
g244.t1	VFG009269(gb|WP_011854522)	27.347	490	234	16	24	506	29	403	3.74e-32	128
g244.t1	VFG009265(gb|WP_011742091)	28.859	447	203	17	67	506	65	403	6.56e-32	127
g244.t1	VFG009270(gb|WP_011558062)	27.143	490	235	16	24	506	29	403	8.44e-32	127
g244.t1	VFG001381(gb|YP_177728)	27.902	448	208	14	66	506	64	403	2.22e-31	125
g244.t1	VFG017683(gb|YP_005921788)	28.571	441	197	15	66	497	64	395	3.92e-29	122
g244.t1	VFG030826(gb|WP_041924949)	34.302	172	99	6	98	268	103	261	1.52e-16	82.8
g244.t1	VFG030827(gb|WP_041309442)	34.302	172	99	6	98	268	103	261	1.65e-16	82.8
g244.t1	VFG030879(gb|WP_015307358)	34.104	173	99	5	98	269	99	257	1.76e-16	82.8
g244.t1	VFG030842(gb|WP_013828936)	33.333	174	101	5	98	270	103	262	2.12e-16	82.4
g244.t1	VFG030832(gb|WP_011780187)	33.526	173	98	5	98	268	103	260	2.90e-15	79.0
g244.t1	VFG030848(gb|WP_014382574)	31.395	172	103	4	98	268	99	256	4.47e-15	78.2
g244.t1	VFG030846(gb|WP_008256786)	31.395	172	103	4	98	268	99	256	4.51e-15	78.2
g244.t1	VFG030822(gb|WP_009976895)	32.370	173	100	5	98	268	99	256	6.12e-15	77.8
g244.t1	VFG030821(gb|WP_003876624)	32.370	173	100	5	98	268	99	256	6.17e-15	77.8
g244.t1	VFG030855(gb|WP_015355576)	31.977	172	102	5	98	268	99	256	8.45e-15	77.4
g244.t1	VFG030841(gb|WP_012394524)	31.977	172	102	5	98	268	99	256	8.67e-15	77.4
g244.t1	VFG030831(gb|WP_011740824)	31.977	172	102	5	98	268	99	256	8.82e-15	77.4
g244.t1	VFG030825(gb|WP_011729276)	32.558	172	101	5	98	268	103	260	1.00e-14	77.0
g244.t1	VFG030865(gb|YP_007957977)	32.558	172	101	5	98	268	57	214	1.13e-14	75.1
g244.t1	VFG030840(gb|WP_010908657)	32.558	172	101	5	98	268	135	292	1.36e-14	76.6
g244.t1	VFG030845(gb|WP_013471605)	32.558	172	101	5	98	268	99	256	1.39e-14	76.6
g244.t1	VFG030824(gb|WP_011894121)	32.558	172	101	5	98	268	99	256	1.43e-14	76.6
g244.t1	VFG030851(gb|WP_015288184)	31.977	172	102	5	98	268	103	260	1.47e-14	76.6
g244.t1	VFG030838(gb|WP_041180087)	31.977	172	102	5	98	268	103	260	1.47e-14	76.6
g244.t1	VFG030816(gb|NP_216431)	31.395	172	103	5	98	268	103	260	1.48e-14	75.1
g244.t1	VFG030819(gb|WP_041323098)	32.558	172	101	5	98	268	99	256	1.53e-14	76.6
g244.t1	VFG030852(gb|WP_015293292)	31.977	172	102	5	98	268	103	260	1.57e-14	76.6
g244.t1	VFG030818(gb|WP_003409584)	31.977	172	102	5	98	268	103	260	1.64e-14	76.6
g244.t1	VFG030853(gb|WP_015290253)	31.977	172	102	5	98	268	103	260	1.76e-14	76.3
g244.t1	VFG030874(gb|WP_015345099)	31.977	172	102	5	98	268	103	260	2.29e-14	75.9
g1568.t1	VFG030840(gb|WP_010908657)	100.000	762	0	0	1	762	37	798	0.0	1571
g1568.t1	VFG030819(gb|WP_041323098)	100.000	762	0	0	1	762	1	762	0.0	1571
g1568.t1	VFG030821(gb|WP_003876624)	87.533	762	95	0	1	762	1	762	0.0	1387
g1568.t1	VFG030822(gb|WP_009976895)	87.402	762	96	0	1	762	1	762	0.0	1386
g1568.t1	VFG030846(gb|WP_008256786)	86.745	762	101	0	1	762	1	762	0.0	1379
g1568.t1	VFG030848(gb|WP_014382574)	86.614	762	102	0	1	762	1	762	0.0	1377
g1568.t1	VFG030852(gb|WP_015293292)	86.405	765	100	1	1	761	1	765	0.0	1367
g1568.t1	VFG030818(gb|WP_003409584)	86.275	765	101	1	1	761	1	765	0.0	1367
g1568.t1	VFG030874(gb|WP_015345099)	86.144	765	102	1	1	761	1	765	0.0	1367
g1568.t1	VFG030853(gb|WP_015290253)	86.013	765	103	1	1	761	1	765	0.0	1365
g1568.t1	VFG030838(gb|WP_041180087)	86.144	765	102	1	1	761	1	765	0.0	1365
g1568.t1	VFG030851(gb|WP_015288184)	86.013	765	103	1	1	761	1	765	0.0	1364
g1568.t1	VFG030841(gb|WP_012394524)	87.500	760	95	0	1	760	1	760	0.0	1363
g1568.t1	VFG030855(gb|WP_015355576)	87.368	760	96	0	1	760	1	760	0.0	1362
g1568.t1	VFG030831(gb|WP_011740824)	86.711	760	101	0	1	760	1	760	0.0	1352
g1568.t1	VFG030879(gb|WP_015307358)	80.915	765	142	1	1	761	1	765	0.0	1283
g1568.t1	VFG030845(gb|WP_013471605)	79.501	761	156	0	1	761	1	761	0.0	1261
g1568.t1	VFG030832(gb|WP_011780187)	80.615	748	145	0	14	761	18	765	0.0	1260
g1568.t1	VFG030824(gb|WP_011894121)	79.369	761	157	0	1	761	1	761	0.0	1260
g1568.t1	VFG030842(gb|WP_013828936)	79.233	756	156	1	6	761	10	764	0.0	1255
g1568.t1	VFG030826(gb|WP_041924949)	79.156	758	154	2	8	761	12	769	0.0	1241
g1568.t1	VFG030827(gb|WP_041309442)	79.156	758	154	2	8	761	12	769	0.0	1240
g1568.t1	VFG030825(gb|WP_011729276)	77.403	770	163	3	1	761	1	768	0.0	1228
g1568.t1	VFG030817(gb|NP_216432)	87.688	398	49	0	365	762	1	398	0.0	729
g1568.t1	VFG030866(gb|YP_007957978)	86.432	398	54	0	365	762	1	398	0.0	717
g1568.t1	VFG030872(gb|YP_005360545)	89.415	359	38	0	404	762	3	361	0.0	670
g1568.t1	VFG030816(gb|NP_216431)	87.119	295	34	1	1	291	1	295	0.0	532
g1568.t1	VFG030865(gb|YP_007957977)	87.952	249	30	0	43	291	1	249	4.47e-159	463
g1568.t1	VFG009263(gb|WP_011726191)	37.143	245	141	3	27	271	20	251	2.35e-44	165
g1568.t1	VFG009263(gb|WP_011726191)	43.750	128	71	1	423	550	253	379	9.11e-28	116
g1568.t1	VFG009262(gb|WP_010950181)	37.143	245	141	3	27	271	22	253	3.91e-44	164
g1568.t1	VFG009262(gb|WP_010950181)	42.969	128	72	1	423	550	255	381	1.60e-27	116
g1568.t1	VFG022587(gb|WP_013827400)	36.992	246	142	2	26	271	19	251	3.98e-44	164
g1568.t1	VFG022587(gb|WP_013827400)	46.094	128	68	1	423	550	253	379	1.68e-29	122
g1568.t1	VFG017686(gb|WP_008261263)	36.735	245	142	2	27	271	20	251	4.97e-44	164
g1568.t1	VFG017686(gb|WP_008261263)	43.750	128	71	1	423	550	253	379	3.18e-28	118
g1568.t1	VFG023923(gb|WP_043955414)	36.735	245	142	2	27	271	20	251	5.27e-44	164
g1568.t1	VFG023923(gb|WP_043955414)	43.750	128	71	1	423	550	253	379	3.18e-28	118
g1568.t1	VFG009266(gb|WP_003892337)	37.551	245	140	2	27	271	20	251	8.17e-44	164
g1568.t1	VFG009266(gb|WP_003892337)	42.969	128	72	1	423	550	253	379	6.84e-28	117
g1568.t1	VFG001381(gb|YP_177728)	36.400	250	146	3	22	271	15	251	1.24e-43	163
g1568.t1	VFG001381(gb|YP_177728)	46.875	128	67	1	423	550	253	379	1.17e-29	122
g1568.t1	VFG009267(gb|WP_011891109)	37.143	245	141	2	27	271	20	251	2.24e-43	162
g1568.t1	VFG009267(gb|WP_011891109)	42.969	128	72	1	423	550	253	379	5.18e-28	117
g1568.t1	VFG023927(gb|WP_014381239)	36.327	245	143	2	27	271	20	251	2.47e-43	162
g1568.t1	VFG023927(gb|WP_014381239)	43.750	128	71	1	423	550	253	379	3.39e-28	118
g1568.t1	VFG017670(gb|WP_015354446)	36.735	245	142	3	27	271	20	251	6.57e-43	161
g1568.t1	VFG017670(gb|WP_015354446)	46.875	128	67	1	423	550	253	379	1.12e-30	125
g1568.t1	VFG022580(gb|WP_012392736)	36.735	245	142	3	27	271	20	251	6.64e-43	161
g1568.t1	VFG022580(gb|WP_012392736)	46.875	128	67	1	423	550	253	379	1.86e-30	124
g1568.t1	VFG009265(gb|WP_011742091)	36.735	245	142	3	27	271	20	251	9.87e-43	160
g1568.t1	VFG009265(gb|WP_011742091)	47.244	127	66	1	424	550	254	379	3.63e-30	124
g1568.t1	VFG009269(gb|WP_011854522)	36.735	245	142	2	27	271	20	251	1.60e-42	160
g1568.t1	VFG009269(gb|WP_011854522)	45.312	128	69	1	423	550	253	379	1.71e-29	122
g1568.t1	VFG009268(gb|WP_011778075)	36.735	245	142	2	27	271	20	251	1.75e-42	160
g1568.t1	VFG009268(gb|WP_011778075)	42.969	128	72	1	423	550	253	379	4.43e-28	117
g1568.t1	VFG009270(gb|WP_011558062)	36.735	245	142	2	27	271	20	251	2.14e-42	159
g1568.t1	VFG009270(gb|WP_011558062)	45.312	128	69	1	423	550	253	379	1.78e-29	122
g1568.t1	VFG017688(gb|WP_015304564)	35.918	245	144	3	27	271	20	251	3.09e-42	159
g1568.t1	VFG017688(gb|WP_015304564)	43.750	128	71	1	423	550	253	379	8.78e-28	117
g1568.t1	VFG022581(gb|YP_001704822)	36.220	254	150	4	19	271	11	253	9.93e-41	155
g1568.t1	VFG022581(gb|YP_001704822)	44.531	128	70	1	423	550	255	381	5.89e-29	120
g1568.t1	VFG017665(gb|WP_005062139)	36.220	254	150	4	19	271	11	253	1.16e-40	154
g1568.t1	VFG017665(gb|WP_005062139)	44.531	128	70	1	423	550	255	381	5.89e-29	120
g1568.t1	VFG017683(gb|YP_005921788)	35.857	251	147	4	22	271	15	252	8.54e-39	154
g1568.t1	VFG017683(gb|YP_005921788)	46.875	128	67	1	423	550	254	380	7.31e-29	123
g462.t1	VFG001381(gb|YP_177728)	100.000	428	0	0	1	428	1	428	0.0	888
g462.t1	VFG017686(gb|WP_008261263)	92.991	428	30	0	1	428	1	428	0.0	842
g462.t1	VFG009263(gb|WP_011726191)	92.991	428	30	0	1	428	1	428	0.0	842
g462.t1	VFG023927(gb|WP_014381239)	92.757	428	31	0	1	428	1	428	0.0	840
g462.t1	VFG023923(gb|WP_043955414)	92.757	428	31	0	1	428	1	428	0.0	838
g462.t1	VFG009262(gb|WP_010950181)	92.740	427	31	0	2	428	4	430	0.0	838
g462.t1	VFG009269(gb|WP_011854522)	92.290	428	33	0	1	428	1	428	0.0	833
g462.t1	VFG009266(gb|WP_003892337)	92.056	428	34	0	1	428	1	428	0.0	832
g462.t1	VFG009270(gb|WP_011558062)	91.822	428	35	0	1	428	1	428	0.0	830
g462.t1	VFG022587(gb|WP_013827400)	91.822	428	35	0	1	428	1	428	0.0	827
g462.t1	VFG022580(gb|WP_012392736)	91.355	428	37	0	1	428	1	428	0.0	827
g462.t1	VFG017670(gb|WP_015354446)	91.121	428	38	0	1	428	1	428	0.0	824
g462.t1	VFG017688(gb|WP_015304564)	90.888	428	39	0	1	428	1	428	0.0	824
g462.t1	VFG009267(gb|WP_011891109)	90.654	428	40	0	1	428	1	428	0.0	821
g462.t1	VFG009265(gb|WP_011742091)	90.888	428	39	0	1	428	1	428	0.0	821
g462.t1	VFG009268(gb|WP_011778075)	90.654	428	40	0	1	428	1	428	0.0	820
g462.t1	VFG017683(gb|YP_005921788)	99.244	397	2	1	1	396	1	397	0.0	816
g462.t1	VFG022581(gb|YP_001704822)	83.953	430	67	1	1	428	1	430	0.0	768
g462.t1	VFG017665(gb|WP_005062139)	83.953	430	67	1	1	428	1	430	0.0	767
g462.t1	VFG030816(gb|NP_216431)	35.409	257	152	3	8	251	20	275	2.26e-45	160
g462.t1	VFG030846(gb|WP_008256786)	36.000	250	147	3	15	251	22	271	2.33e-45	167
g462.t1	VFG030846(gb|WP_008256786)	43.103	174	92	4	253	425	423	590	5.67e-30	122
g462.t1	VFG030848(gb|WP_014382574)	36.000	250	147	3	15	251	22	271	2.60e-45	167
g462.t1	VFG030848(gb|WP_014382574)	43.103	174	92	4	253	425	423	590	5.78e-30	122
g462.t1	VFG030825(gb|WP_011729276)	37.200	250	144	3	15	251	26	275	6.31e-45	166
g462.t1	VFG030825(gb|WP_011729276)	46.094	128	68	1	253	379	427	554	3.94e-28	117
g462.t1	VFG030842(gb|WP_013828936)	36.000	250	147	2	15	251	26	275	1.22e-44	165
g462.t1	VFG030842(gb|WP_013828936)	46.875	128	67	1	253	379	426	553	1.39e-28	118
g462.t1	VFG030879(gb|WP_015307358)	36.400	250	146	3	15	251	22	271	1.36e-44	165
g462.t1	VFG030879(gb|WP_015307358)	46.875	128	67	1	253	379	423	550	1.19e-28	118
g462.t1	VFG030827(gb|WP_041309442)	36.653	251	145	3	15	251	26	276	1.73e-44	165
g462.t1	VFG030827(gb|WP_041309442)	46.875	128	67	1	253	379	428	555	8.27e-29	119
g462.t1	VFG030826(gb|WP_041924949)	36.653	251	145	3	15	251	26	276	1.94e-44	164
g462.t1	VFG030826(gb|WP_041924949)	46.875	128	67	1	253	379	428	555	8.43e-29	119
g462.t1	VFG030831(gb|WP_011740824)	36.400	250	146	2	15	251	22	271	6.76e-44	163
g462.t1	VFG030831(gb|WP_011740824)	47.656	128	66	1	253	379	423	550	4.33e-30	123
g462.t1	VFG030819(gb|WP_041323098)	36.400	250	146	3	15	251	22	271	6.96e-44	163
g462.t1	VFG030819(gb|WP_041323098)	46.875	128	67	1	253	379	423	550	6.58e-30	122
g462.t1	VFG030840(gb|WP_010908657)	36.400	250	146	3	15	251	58	307	7.37e-44	163
g462.t1	VFG030840(gb|WP_010908657)	46.875	128	67	1	253	379	459	586	6.85e-30	122
g462.t1	VFG030832(gb|WP_011780187)	36.255	251	145	4	15	251	26	275	8.23e-44	163
g462.t1	VFG030832(gb|WP_011780187)	44.531	128	70	1	253	379	427	554	2.76e-27	114
g462.t1	VFG030822(gb|WP_009976895)	36.000	250	147	3	15	251	22	271	1.37e-43	162
g462.t1	VFG030822(gb|WP_009976895)	46.094	128	68	1	253	379	423	550	5.35e-29	119
g462.t1	VFG030821(gb|WP_003876624)	36.000	250	147	3	15	251	22	271	1.51e-43	162
g462.t1	VFG030821(gb|WP_003876624)	46.094	128	68	1	253	379	423	550	5.87e-29	119
g462.t1	VFG030824(gb|WP_011894121)	35.200	250	149	2	15	251	22	271	3.13e-43	161
g462.t1	VFG030824(gb|WP_011894121)	44.531	128	70	1	253	379	423	550	3.46e-27	114
g462.t1	VFG030845(gb|WP_013471605)	35.200	250	149	2	15	251	22	271	3.35e-43	161
g462.t1	VFG030845(gb|WP_013471605)	44.531	128	70	1	253	379	423	550	3.56e-27	114
g462.t1	VFG030855(gb|WP_015355576)	36.000	250	147	2	15	251	22	271	4.03e-43	161
g462.t1	VFG030855(gb|WP_015355576)	47.656	128	66	1	253	379	423	550	4.98e-30	122
g462.t1	VFG030841(gb|WP_012394524)	36.000	250	147	2	15	251	22	271	4.11e-43	160
g462.t1	VFG030841(gb|WP_012394524)	47.656	128	66	1	253	379	423	550	4.58e-30	122
g462.t1	VFG030852(gb|WP_015293292)	35.600	250	148	2	15	251	26	275	9.00e-43	160
g462.t1	VFG030852(gb|WP_015293292)	47.656	128	66	1	253	379	427	554	5.39e-30	122
g462.t1	VFG030853(gb|WP_015290253)	35.600	250	148	2	15	251	26	275	9.44e-43	160
g462.t1	VFG030853(gb|WP_015290253)	47.656	128	66	1	253	379	427	554	5.10e-30	122
g462.t1	VFG030818(gb|WP_003409584)	35.600	250	148	2	15	251	26	275	9.53e-43	160
g462.t1	VFG030818(gb|WP_003409584)	47.656	128	66	1	253	379	427	554	5.44e-30	122
g462.t1	VFG030838(gb|WP_041180087)	35.600	250	148	2	15	251	26	275	9.72e-43	160
g462.t1	VFG030838(gb|WP_041180087)	47.656	128	66	1	253	379	427	554	5.34e-30	122
g462.t1	VFG030851(gb|WP_015288184)	35.600	250	148	2	15	251	26	275	1.02e-42	160
g462.t1	VFG030851(gb|WP_015288184)	47.656	128	66	1	253	379	427	554	5.44e-30	122
g462.t1	VFG030874(gb|WP_015345099)	35.600	250	148	2	15	251	26	275	1.35e-42	159
g462.t1	VFG030874(gb|WP_015345099)	47.656	128	66	1	253	379	427	554	5.92e-30	122
g462.t1	VFG030865(gb|YP_007957977)	35.841	226	132	2	39	251	4	229	4.61e-40	145
g462.t1	VFG030872(gb|YP_005360545)	47.656	128	66	1	253	379	22	149	2.96e-31	122
g462.t1	VFG030817(gb|NP_216432)	47.656	128	66	1	253	379	59	186	5.03e-31	122
g462.t1	VFG030866(gb|YP_007957978)	54.545	99	44	1	253	350	59	157	1.47e-28	115
g1895.t1	VFG030816(gb|NP_216431)	100.000	367	0	0	1	367	1	367	0.0	749
g1895.t1	VFG030865(gb|YP_007957977)	98.442	321	5	0	47	367	1	321	0.0	647
g1895.t1	VFG030818(gb|WP_003409584)	89.086	339	29	3	1	331	1	339	0.0	609
g1895.t1	VFG030852(gb|WP_015293292)	89.086	339	29	3	1	331	1	339	0.0	609
g1895.t1	VFG030851(gb|WP_015288184)	89.086	339	29	3	1	331	1	339	0.0	609
g1895.t1	VFG030838(gb|WP_041180087)	89.086	339	29	3	1	331	1	339	0.0	609
g1895.t1	VFG030874(gb|WP_015345099)	88.791	339	30	3	1	331	1	339	0.0	607
g1895.t1	VFG030853(gb|WP_015290253)	88.201	339	32	3	1	331	1	339	0.0	604
g1895.t1	VFG030855(gb|WP_015355576)	90.508	295	24	1	1	295	1	291	0.0	555
g1895.t1	VFG030841(gb|WP_012394524)	90.508	295	24	1	1	295	1	291	0.0	555
g1895.t1	VFG030831(gb|WP_011740824)	89.492	295	27	1	1	295	1	291	0.0	552
g1895.t1	VFG030819(gb|WP_041323098)	87.119	295	34	1	1	295	1	291	0.0	532
g1895.t1	VFG030840(gb|WP_010908657)	87.119	295	34	1	1	295	37	327	0.0	531
g1895.t1	VFG030821(gb|WP_003876624)	77.286	339	65	4	1	331	1	335	0.0	526
g1895.t1	VFG030822(gb|WP_009976895)	86.102	295	37	1	1	295	1	291	0.0	526
g1895.t1	VFG030848(gb|WP_014382574)	76.401	339	68	4	1	331	1	335	0.0	525
g1895.t1	VFG030846(gb|WP_008256786)	76.401	339	68	4	1	331	1	335	0.0	525
g1895.t1	VFG030879(gb|WP_015307358)	84.848	297	41	1	1	297	1	293	0.0	523
g1895.t1	VFG030842(gb|WP_013828936)	83.165	297	50	0	1	297	1	297	1.84e-180	519
g1895.t1	VFG030832(gb|WP_011780187)	71.978	364	87	4	1	356	1	357	1.50e-176	509
g1895.t1	VFG030824(gb|WP_011894121)	71.154	364	86	5	1	356	1	353	4.12e-176	508
g1895.t1	VFG030845(gb|WP_013471605)	71.154	364	86	5	1	356	1	353	4.16e-176	508
g1895.t1	VFG030827(gb|WP_041309442)	86.477	281	37	1	18	297	18	298	2.36e-173	501
g1895.t1	VFG030826(gb|WP_041924949)	86.477	281	37	1	18	297	18	298	2.46e-173	501
g1895.t1	VFG030825(gb|WP_011729276)	81.481	297	55	0	1	297	1	297	5.87e-173	500
g1895.t1	VFG009263(gb|WP_011726191)	36.576	257	149	4	20	275	8	251	1.43e-46	164
g1895.t1	VFG009262(gb|WP_010950181)	36.576	257	149	4	20	275	10	253	1.60e-46	164
g1895.t1	VFG022587(gb|WP_013827400)	37.398	246	141	2	30	275	19	251	1.76e-46	163
g1895.t1	VFG023923(gb|WP_043955414)	36.187	257	150	3	20	275	8	251	6.35e-46	162
g1895.t1	VFG017686(gb|WP_008261263)	36.187	257	150	3	20	275	8	251	6.42e-46	162
g1895.t1	VFG009266(gb|WP_003892337)	37.449	243	139	2	33	275	22	251	1.59e-45	161
g1895.t1	VFG001381(gb|YP_177728)	35.409	257	152	3	20	275	8	251	1.94e-45	160
g1895.t1	VFG023927(gb|WP_014381239)	35.798	257	151	3	20	275	8	251	2.94e-45	160
g1895.t1	VFG009267(gb|WP_011891109)	37.037	243	140	2	33	275	22	251	5.20e-45	159
g1895.t1	VFG017670(gb|WP_015354446)	34.672	274	165	4	33	305	22	282	2.66e-44	157
g1895.t1	VFG022580(gb|WP_012392736)	36.626	243	141	3	33	275	22	251	3.71e-44	157
g1895.t1	VFG009265(gb|WP_011742091)	36.626	243	141	3	33	275	22	251	4.66e-44	157
g1895.t1	VFG009270(gb|WP_011558062)	35.857	251	147	3	26	275	14	251	1.21e-43	156
g1895.t1	VFG009268(gb|WP_011778075)	36.214	243	142	2	33	275	22	251	1.32e-43	156
g1895.t1	VFG009269(gb|WP_011854522)	35.458	251	148	3	26	275	14	251	2.81e-43	155
g1895.t1	VFG017688(gb|WP_015304564)	34.241	257	155	3	20	275	8	251	1.63e-42	153
g1895.t1	VFG022581(gb|YP_001704822)	35.827	254	151	4	23	275	11	253	4.21e-42	152
g1895.t1	VFG017665(gb|WP_005062139)	35.827	254	151	4	23	275	11	253	4.62e-42	152
g1895.t1	VFG017683(gb|YP_005921788)	35.659	258	151	5	20	275	8	252	1.39e-40	152
g1896.t1	VFG030874(gb|WP_015345099)	99.745	392	1	0	1	392	375	766	0.0	808
g1896.t1	VFG030818(gb|WP_003409584)	99.745	392	1	0	1	392	375	766	0.0	808
g1896.t1	VFG030817(gb|NP_216432)	99.745	392	1	0	1	392	7	398	0.0	808
g1896.t1	VFG030853(gb|WP_015290253)	99.745	392	1	0	1	392	375	766	0.0	807
g1896.t1	VFG030852(gb|WP_015293292)	99.490	392	2	0	1	392	375	766	0.0	806
g1896.t1	VFG030838(gb|WP_041180087)	99.490	392	2	0	1	392	375	766	0.0	806
g1896.t1	VFG030851(gb|WP_015288184)	99.235	392	3	0	1	392	375	766	0.0	804
g1896.t1	VFG030866(gb|YP_007957978)	98.469	392	6	0	1	392	7	398	0.0	796
g1896.t1	VFG030872(gb|YP_005360545)	100.000	359	0	0	34	392	3	361	0.0	743
g1896.t1	VFG030841(gb|WP_012394524)	88.205	390	46	0	1	390	371	760	0.0	724
g1896.t1	VFG030855(gb|WP_015355576)	87.949	390	47	0	1	390	371	760	0.0	721
g1896.t1	VFG030819(gb|WP_041323098)	87.692	390	48	0	3	392	373	762	0.0	716
g1896.t1	VFG030840(gb|WP_010908657)	87.692	390	48	0	3	392	409	798	0.0	715
g1896.t1	VFG030831(gb|WP_011740824)	87.436	390	49	0	1	390	371	760	0.0	714
g1896.t1	VFG030822(gb|WP_009976895)	86.480	392	53	0	1	392	371	762	0.0	707
g1896.t1	VFG030821(gb|WP_003876624)	86.480	392	53	0	1	392	371	762	0.0	707
g1896.t1	VFG030846(gb|WP_008256786)	84.949	392	59	0	1	392	371	762	0.0	696
g1896.t1	VFG030848(gb|WP_014382574)	84.694	392	60	0	1	392	371	762	0.0	695
g1896.t1	VFG030879(gb|WP_015307358)	80.000	395	75	1	1	391	371	765	0.0	660
g1896.t1	VFG030842(gb|WP_013828936)	79.795	391	79	0	1	391	374	764	0.0	657
g1896.t1	VFG030826(gb|WP_041924949)	80.769	390	72	1	5	391	380	769	0.0	656
g1896.t1	VFG030827(gb|WP_041309442)	80.769	390	72	1	5	391	380	769	0.0	656
g1896.t1	VFG030832(gb|WP_011780187)	78.261	391	85	0	1	391	375	765	0.0	649
g1896.t1	VFG030845(gb|WP_013471605)	78.772	391	83	0	1	391	371	761	0.0	648
g1896.t1	VFG030824(gb|WP_011894121)	78.517	391	84	0	1	391	371	761	0.0	647
g1896.t1	VFG030825(gb|WP_011729276)	78.426	394	82	1	1	391	375	768	0.0	644
g1896.t1	VFG017670(gb|WP_015354446)	47.656	128	66	1	53	180	253	379	3.14e-32	125
g1896.t1	VFG022580(gb|WP_012392736)	47.656	128	66	1	53	180	253	379	5.95e-32	125
g1896.t1	VFG009265(gb|WP_011742091)	48.031	127	65	1	54	180	254	379	1.28e-31	124
g1896.t1	VFG001381(gb|YP_177728)	47.656	128	66	1	53	180	253	379	4.33e-31	122
g1896.t1	VFG009270(gb|WP_011558062)	46.094	128	68	1	53	180	253	379	6.45e-31	122
g1896.t1	VFG009269(gb|WP_011854522)	46.094	128	68	1	53	180	253	379	6.85e-31	122
g1896.t1	VFG022587(gb|WP_013827400)	46.875	128	67	1	53	180	253	379	7.27e-31	122
g1896.t1	VFG017683(gb|YP_005921788)	47.656	128	66	1	53	180	254	380	2.19e-30	123
g1896.t1	VFG017665(gb|WP_005062139)	45.312	128	69	1	53	180	255	381	2.27e-30	120
g1896.t1	VFG022581(gb|YP_001704822)	45.312	128	69	1	53	180	255	381	2.29e-30	120
g1896.t1	VFG023923(gb|WP_043955414)	44.531	128	70	1	53	180	253	379	1.53e-29	118
g1896.t1	VFG017686(gb|WP_008261263)	44.531	128	70	1	53	180	253	379	1.53e-29	118
g1896.t1	VFG023927(gb|WP_014381239)	44.531	128	70	1	53	180	253	379	1.58e-29	118
g1896.t1	VFG009267(gb|WP_011891109)	43.750	128	71	1	53	180	253	379	2.27e-29	117
g1896.t1	VFG009268(gb|WP_011778075)	43.750	128	71	1	53	180	253	379	2.69e-29	117
g1896.t1	VFG009266(gb|WP_003892337)	43.750	128	71	1	53	180	253	379	3.54e-29	117
g1896.t1	VFG017688(gb|WP_015304564)	44.531	128	70	1	53	180	253	379	3.76e-29	117
g1896.t1	VFG009263(gb|WP_011726191)	44.531	128	70	1	53	180	253	379	5.16e-29	117
g1896.t1	VFG009262(gb|WP_010950181)	43.750	128	71	1	53	180	255	381	9.45e-29	116
g2675.t1	VFG022581(gb|YP_001704822)	27.746	519	255	22	22	531	23	430	4.26e-33	130
g2675.t1	VFG017665(gb|WP_005062139)	27.746	519	255	22	22	531	23	430	5.33e-33	130
g2675.t1	VFG022587(gb|WP_013827400)	25.385	520	272	18	18	531	19	428	1.73e-29	120
g2675.t1	VFG009267(gb|WP_011891109)	25.581	516	268	18	22	531	23	428	9.03e-29	118
g2675.t1	VFG009268(gb|WP_011778075)	27.211	441	214	15	98	531	88	428	1.48e-28	117
g2675.t1	VFG009270(gb|WP_011558062)	25.847	472	235	16	67	531	65	428	1.47e-27	114
g2675.t1	VFG017688(gb|WP_015304564)	26.271	472	233	17	67	531	65	428	1.86e-27	114
g2675.t1	VFG017670(gb|WP_015354446)	25.799	438	224	14	98	531	88	428	1.88e-27	114
g2675.t1	VFG022580(gb|WP_012392736)	25.799	438	224	14	98	531	88	428	2.41e-27	114
g2675.t1	VFG009266(gb|WP_003892337)	24.612	516	273	18	22	531	23	428	2.99e-27	114
g2675.t1	VFG009269(gb|WP_011854522)	25.636	472	236	16	67	531	65	428	5.14e-27	113
g2675.t1	VFG023923(gb|WP_043955414)	24.855	519	268	19	22	531	23	428	5.44e-27	113
g2675.t1	VFG009265(gb|WP_011742091)	26.027	438	223	13	98	531	88	428	5.44e-27	113
g2675.t1	VFG017686(gb|WP_008261263)	24.855	519	268	19	22	531	23	428	8.24e-27	112
g2675.t1	VFG023927(gb|WP_014381239)	26.059	472	234	17	67	531	65	428	8.48e-27	112
g2675.t1	VFG001381(gb|YP_177728)	26.256	438	222	14	98	531	88	428	9.50e-27	112
g2675.t1	VFG009262(gb|WP_010950181)	25.800	469	239	17	67	531	67	430	5.51e-26	110
g2675.t1	VFG009263(gb|WP_011726191)	25.847	472	235	17	67	531	65	428	6.32e-26	110
g2675.t1	VFG017683(gb|YP_005921788)	26.941	438	208	17	67	498	65	396	3.98e-24	106
g2675.t1	VFG030826(gb|WP_041924949)	32.955	176	96	5	98	268	103	261	1.32e-13	73.6
g2675.t1	VFG030827(gb|WP_041309442)	32.955	176	96	5	98	268	103	261	1.35e-13	73.6
g2675.t1	VFG030879(gb|WP_015307358)	32.768	177	96	6	98	269	99	257	8.83e-13	70.9
g2675.t1	VFG030842(gb|WP_013828936)	32.044	181	100	5	98	273	103	265	9.22e-13	70.9
g2675.t1	VFG030831(gb|WP_011740824)	28.235	255	155	8	18	268	26	256	8.65e-12	67.8
g2675.t1	VFG030825(gb|WP_011729276)	30.682	176	99	5	98	268	103	260	1.07e-11	67.4
g2675.t1	VFG030853(gb|WP_015290253)	27.843	255	156	8	18	268	30	260	1.74e-11	66.6
g2675.t1	VFG030855(gb|WP_015355576)	31.977	172	102	4	98	268	99	256	1.78e-11	66.6
g2675.t1	VFG030822(gb|WP_009976895)	32.558	172	101	4	98	268	99	256	1.79e-11	66.6
g2675.t1	VFG030841(gb|WP_012394524)	31.977	172	102	4	98	268	99	256	1.81e-11	66.6
g2675.t1	VFG030821(gb|WP_003876624)	32.558	172	101	4	98	268	99	256	1.81e-11	66.6
g2675.t1	VFG030852(gb|WP_015293292)	27.843	255	156	8	18	268	30	260	1.86e-11	66.6
g2675.t1	VFG030818(gb|WP_003409584)	27.843	255	156	8	18	268	30	260	2.05e-11	66.6
g2675.t1	VFG030838(gb|WP_041180087)	27.843	255	156	8	18	268	30	260	2.14e-11	66.6
g2675.t1	VFG030832(gb|WP_011780187)	40.909	88	51	1	181	268	174	260	2.14e-11	66.6
g2675.t1	VFG030851(gb|WP_015288184)	27.843	255	156	8	18	268	30	260	2.16e-11	66.6
g2675.t1	VFG030874(gb|WP_015345099)	27.843	255	156	8	18	268	30	260	2.52e-11	66.2
g2675.t1	VFG030865(gb|YP_007957977)	31.395	172	103	4	98	268	57	214	2.79e-11	64.7
g2675.t1	VFG030840(gb|WP_010908657)	31.111	180	109	3	90	268	127	292	4.33e-11	65.5
g2675.t1	VFG030819(gb|WP_041323098)	40.909	88	51	1	181	268	170	256	4.54e-11	65.5
g2675.t1	VFG030816(gb|NP_216431)	31.395	172	103	4	98	268	103	260	5.47e-11	64.3
g2675.t1	VFG030848(gb|WP_014382574)	30.899	178	96	6	98	268	99	256	6.42e-11	65.1
g2675.t1	VFG030846(gb|WP_008256786)	30.899	178	96	6	98	268	99	256	6.70e-11	65.1
g2675.t1	VFG030824(gb|WP_011894121)	39.773	88	52	1	181	268	170	256	1.16e-10	64.3
g2675.t1	VFG030845(gb|WP_013471605)	39.773	88	52	1	181	268	170	256	1.20e-10	63.9
g3893.t1	VFG001381(gb|YP_177728)	61.827	427	152	6	9	434	11	427	0.0	528
g3893.t1	VFG009270(gb|WP_011558062)	61.593	427	153	6	9	434	11	427	0.0	528
g3893.t1	VFG009263(gb|WP_011726191)	61.593	427	153	6	9	434	11	427	0.0	528
g3893.t1	VFG009269(gb|WP_011854522)	61.593	427	153	6	9	434	11	427	0.0	527
g3893.t1	VFG009262(gb|WP_010950181)	61.358	427	154	6	9	434	13	429	0.0	527
g3893.t1	VFG023923(gb|WP_043955414)	60.656	427	157	6	9	434	11	427	0.0	523
g3893.t1	VFG017686(gb|WP_008261263)	60.656	427	157	6	9	434	11	427	0.0	523
g3893.t1	VFG022587(gb|WP_013827400)	60.656	427	157	6	9	434	11	427	0.0	521
g3893.t1	VFG023927(gb|WP_014381239)	60.422	427	158	6	9	434	11	427	0.0	521
g3893.t1	VFG017688(gb|WP_015304564)	60.656	427	157	6	9	434	11	427	0.0	521
g3893.t1	VFG022581(gb|YP_001704822)	60.329	426	160	6	10	434	12	429	0.0	518
g3893.t1	VFG017665(gb|WP_005062139)	60.329	426	160	6	10	434	12	429	0.0	518
g3893.t1	VFG009268(gb|WP_011778075)	59.953	427	160	6	9	434	11	427	0.0	516
g3893.t1	VFG009267(gb|WP_011891109)	59.251	427	163	6	9	434	11	427	0.0	513
g3893.t1	VFG009266(gb|WP_003892337)	59.485	427	162	6	9	434	11	427	0.0	513
g3893.t1	VFG017670(gb|WP_015354446)	59.251	427	163	7	9	434	11	427	0.0	512
g3893.t1	VFG022580(gb|WP_012392736)	59.251	427	163	7	9	434	11	427	0.0	511
g3893.t1	VFG009265(gb|WP_011742091)	59.016	427	164	7	9	434	11	427	1.02e-179	508
g3893.t1	VFG017683(gb|YP_005921788)	61.364	396	142	6	9	402	11	397	9.16e-166	484
g3893.t1	VFG030826(gb|WP_041924949)	38.931	262	143	4	6	255	20	276	3.33e-48	176
g3893.t1	VFG030826(gb|WP_041924949)	37.778	180	81	5	257	429	428	583	2.40e-25	108
g3893.t1	VFG030827(gb|WP_041309442)	38.931	262	143	4	6	255	20	276	3.36e-48	176
g3893.t1	VFG030827(gb|WP_041309442)	37.778	180	81	5	257	429	428	583	2.21e-25	108
g3893.t1	VFG030842(gb|WP_013828936)	39.200	250	146	2	12	255	26	275	4.59e-47	172
g3893.t1	VFG030842(gb|WP_013828936)	37.222	180	82	5	257	429	426	581	5.50e-25	107
g3893.t1	VFG030855(gb|WP_015355576)	37.109	256	155	2	6	255	16	271	2.08e-45	167
g3893.t1	VFG030855(gb|WP_015355576)	48.485	99	50	1	257	354	423	521	6.84e-25	107
g3893.t1	VFG030831(gb|WP_011740824)	37.109	256	155	2	6	255	16	271	2.18e-45	167
g3893.t1	VFG030831(gb|WP_011740824)	48.485	99	50	1	257	354	423	521	6.53e-25	107
g3893.t1	VFG030841(gb|WP_012394524)	37.109	256	155	2	6	255	16	271	2.70e-45	167
g3893.t1	VFG030841(gb|WP_012394524)	48.485	99	50	1	257	354	423	521	8.06e-25	107
g3893.t1	VFG030832(gb|WP_011780187)	36.965	257	154	3	6	255	20	275	6.46e-45	166
g3893.t1	VFG030832(gb|WP_011780187)	49.495	99	49	1	257	354	427	525	1.49e-25	109
g3893.t1	VFG030819(gb|WP_041323098)	37.597	258	153	3	5	255	15	271	1.01e-44	166
g3893.t1	VFG030819(gb|WP_041323098)	48.485	99	50	1	257	354	423	521	3.20e-25	108
g3893.t1	VFG030840(gb|WP_010908657)	37.597	258	153	3	5	255	51	307	1.18e-44	166
g3893.t1	VFG030840(gb|WP_010908657)	48.485	99	50	1	257	354	459	557	3.52e-25	108
g3893.t1	VFG030879(gb|WP_015307358)	36.719	256	156	2	6	255	16	271	1.33e-44	165
g3893.t1	VFG030879(gb|WP_015307358)	37.222	180	82	5	257	429	423	578	4.63e-25	108
g3893.t1	VFG030816(gb|NP_216431)	37.354	257	153	4	6	255	20	275	1.76e-44	158
g3893.t1	VFG030845(gb|WP_013471605)	36.680	259	152	4	6	255	16	271	2.39e-44	164
g3893.t1	VFG030845(gb|WP_013471605)	49.495	99	49	1	257	354	423	521	2.16e-25	108
g3893.t1	VFG030824(gb|WP_011894121)	36.680	259	152	4	6	255	16	271	2.41e-44	164
g3893.t1	VFG030824(gb|WP_011894121)	49.495	99	49	1	257	354	423	521	2.24e-25	108
g3893.t1	VFG030846(gb|WP_008256786)	38.672	256	149	4	7	255	17	271	2.79e-44	164
g3893.t1	VFG030846(gb|WP_008256786)	37.778	180	81	5	257	429	423	578	5.13e-27	114
g3893.t1	VFG030848(gb|WP_014382574)	38.672	256	149	4	7	255	17	271	3.05e-44	164
g3893.t1	VFG030848(gb|WP_014382574)	37.778	180	81	5	257	429	423	578	5.27e-27	114
g3893.t1	VFG030822(gb|WP_009976895)	38.281	256	150	4	7	255	17	271	3.11e-44	164
g3893.t1	VFG030822(gb|WP_009976895)	42.636	129	68	2	232	354	393	521	4.74e-25	108
g3893.t1	VFG030821(gb|WP_003876624)	38.281	256	150	4	7	255	17	271	3.67e-44	164
g3893.t1	VFG030821(gb|WP_003876624)	42.636	129	68	2	232	354	393	521	5.05e-25	107
g3893.t1	VFG030825(gb|WP_011729276)	37.255	255	154	2	7	255	21	275	1.16e-43	162
g3893.t1	VFG030825(gb|WP_011729276)	46.429	112	51	2	244	354	422	525	9.68e-26	110
g3893.t1	VFG030853(gb|WP_015290253)	38.247	251	147	4	12	255	26	275	1.59e-42	159
g3893.t1	VFG030853(gb|WP_015290253)	48.485	99	50	1	257	354	427	525	6.56e-25	107
g3893.t1	VFG030852(gb|WP_015293292)	38.247	251	147	4	12	255	26	275	1.80e-42	159
g3893.t1	VFG030852(gb|WP_015293292)	48.485	99	50	1	257	354	427	525	6.80e-25	107
g3893.t1	VFG030851(gb|WP_015288184)	38.247	251	147	4	12	255	26	275	1.87e-42	159
g3893.t1	VFG030851(gb|WP_015288184)	48.485	99	50	1	257	354	427	525	6.62e-25	107
g3893.t1	VFG030818(gb|WP_003409584)	38.247	251	147	4	12	255	26	275	1.96e-42	159
g3893.t1	VFG030818(gb|WP_003409584)	48.485	99	50	1	257	354	427	525	7.18e-25	107
g3893.t1	VFG030838(gb|WP_041180087)	38.247	251	147	4	12	255	26	275	2.08e-42	159
g3893.t1	VFG030838(gb|WP_041180087)	48.485	99	50	1	257	354	427	525	7.18e-25	107
g3893.t1	VFG030874(gb|WP_015345099)	38.247	251	147	4	12	255	26	275	2.75e-42	159
g3893.t1	VFG030874(gb|WP_015345099)	48.485	99	50	1	257	354	427	525	7.32e-25	107
g3893.t1	VFG030865(gb|YP_007957977)	37.662	231	128	5	36	255	4	229	1.10e-37	139
g3893.t1	VFG030872(gb|YP_005360545)	48.485	99	50	1	257	354	22	120	8.22e-26	107
g3893.t1	VFG030817(gb|NP_216432)	48.485	99	50	1	257	354	59	157	1.10e-25	107
g3893.t1	VFG030866(gb|YP_007957978)	47.475	99	51	1	257	354	59	157	6.33e-25	105
