g1134.t1	VFG015869(gb|WP_057443300)	44.615	130	72	0	2	131	1910	2039	6.17e-29	110
g1134.t1	VFG024738(gb|WP_010907554)	46.923	130	67	2	1	129	1382	1510	3.29e-27	105
g1134.t1	VFG009413(gb|WP_011178520)	42.748	131	71	3	2	131	1456	1583	8.12e-26	100
g1134.t1	VFG026441(gb|WP_012552884)	42.748	131	71	3	2	131	1456	1583	8.35e-26	100
g1134.t1	VFG009412(gb|WP_011178521)	42.748	131	71	3	2	131	5043	5170	9.73e-26	100
g1134.t1	VFG009412(gb|WP_011178521)	42.748	131	71	3	2	131	8962	9089	9.73e-26	100
g1134.t1	VFG009412(gb|WP_011178521)	42.748	131	71	3	2	131	14409	14536	9.73e-26	100
g1134.t1	VFG026440(gb|ACA57625)	42.748	131	71	3	2	131	5041	5168	1.01e-25	100
g1134.t1	VFG026440(gb|ACA57625)	42.748	131	71	3	2	131	8962	9089	1.01e-25	100
g1134.t1	VFG026440(gb|ACA57625)	42.748	131	71	3	2	131	14440	14567	1.01e-25	100
g1134.t1	VFG024735(gb|WP_012393570)	50.407	123	59	2	8	129	1392	1513	6.31e-23	92.8
g1134.t1	VFG029280(gb|WP_015355158)	50.407	123	59	2	8	129	1392	1513	6.82e-23	92.8
g1134.t1	VFG029279(gb|WP_041180907)	46.970	132	68	2	1	131	1386	1516	1.78e-22	91.7
g1134.t1	VFG024740(gb|WP_011740063)	50.407	123	59	2	8	129	1392	1513	2.12e-22	91.3
g1134.t1	VFG029272(gb|YP_005361501)	48.800	125	62	2	8	131	906	1029	9.32e-22	89.4
g1134.t1	VFG029283(gb|WP_151223887)	48.800	125	62	2	8	131	902	1025	9.34e-22	89.4
g1134.t1	VFG024730(gb|NP_217462)	48.800	125	62	2	8	131	902	1025	9.34e-22	89.4
g1134.t1	VFG024721(gb|WP_041180293)	48.800	125	62	2	8	131	1393	1516	1.09e-21	89.4
g1134.t1	VFG024733(gb|WP_039847076)	48.800	125	62	2	8	131	1391	1514	1.10e-21	89.4
g1134.t1	VFG024736(gb|WP_044501805)	48.800	125	62	2	8	131	1391	1514	1.14e-21	89.4
g1134.t1	VFG029273(gb|YP_005924086)	48.800	125	62	2	8	131	902	1025	1.82e-21	88.6
g1134.t1	VFG029278(gb|WP_041181569)	48.800	125	62	2	8	131	1393	1516	1.86e-21	88.6
g1134.t1	VFG029277(gb|WP_041179942)	48.800	125	62	2	8	131	1393	1516	1.86e-21	88.6
g1134.t1	VFG008566(gb|YP_007959793)	40.367	109	58	3	9	112	1429	1535	1.36e-15	72.0
g1134.t1	VFG008554(gb|WP_015291763)	40.367	109	58	3	9	112	1429	1535	1.37e-15	72.0
g1134.t1	VFG008011(gb|WP_011799379)	40.367	109	58	3	9	112	1429	1535	1.44e-15	71.6
g1134.t1	VFG017388(gb|WP_012054382)	40.367	109	58	3	9	112	1429	1535	1.47e-15	71.6
g1134.t1	VFG008552(gb|WP_015288649)	40.367	109	58	3	9	112	1429	1535	1.48e-15	71.6
g1134.t1	VFG008007(gb|NP_218342)	40.367	109	58	3	9	112	1429	1535	1.50e-15	71.6
g1134.t1	VFG008555(gb|WP_014001984)	40.367	109	58	3	9	112	1429	1535	1.51e-15	71.6
g1134.t1	VFG008571(gb|WP_019305992)	36.036	111	60	4	9	112	1401	1507	8.11e-13	63.9
g1134.t1	VFG008012(gb|WP_040963265)	36.036	111	60	4	9	112	1401	1507	8.19e-13	63.9
g1134.t1	VFG026088(gb|WP_011694168)	32.308	130	78	2	10	131	1789	1916	8.74e-12	60.8
g1134.t1	VFG026087(gb|WP_011544664)	32.308	130	78	2	10	131	1789	1916	8.91e-12	60.8
g1134.t1	VFG026090(gb|WP_012327964)	32.308	130	78	2	10	131	1790	1917	8.99e-12	60.8
g1134.t1	VFG026089(gb|WP_006484972)	32.308	130	78	2	10	131	1792	1919	1.58e-11	60.1
g1134.t1	VFG002548(gb|WP_004550042)	32.308	130	78	2	10	131	1793	1920	1.82e-11	60.1
g1134.t1	VFG026097(gb|WP_011852139)	32.308	130	78	2	10	131	1793	1920	1.88e-11	60.1
g1134.t1	VFG026096(gb|WP_004527662)	32.308	130	78	2	10	131	1793	1920	1.88e-11	60.1
g1134.t1	VFG026095(gb|WP_004535489)	32.308	130	78	2	10	131	1793	1920	1.88e-11	60.1
g1134.t1	VFG026092(gb|WP_004202217)	32.308	130	78	2	10	131	1793	1920	1.89e-11	60.1
g1134.t1	VFG026091(gb|WP_004194140)	32.308	130	78	2	10	131	1793	1920	2.03e-11	60.1
g1134.t1	VFG008556(gb|WP_005116844)	38.298	94	54	2	34	123	1431	1524	1.28e-10	57.8
g1134.t1	VFG049148(gb|WP_041168941)	28.671	143	84	3	5	131	2666	2806	1.98e-10	57.0
g1134.t1	VFG043693(gb|WP_001518711)	28.671	143	84	3	5	131	2666	2806	1.98e-10	57.0
g1134.t1	VFG007895(gb|WP_010907558)	34.677	124	71	5	2	119	1414	1533	3.36e-10	56.2
g1134.t1	VFG026099(gb|WP_011402028)	30.075	133	83	2	7	131	1784	1914	5.37e-10	55.8
g1134.t1	VFG022441(gb|WP_012393574)	34.211	114	68	4	9	117	1411	1522	1.31e-09	54.7
g1134.t1	VFG007896(gb|WP_011740068)	34.211	114	68	4	9	117	1411	1522	1.31e-09	54.7
g1134.t1	VFG008792(gb|WP_015355162)	34.211	114	68	4	9	117	1411	1522	1.38e-09	54.7
g1134.t1	VFG008788(gb|WP_014001497)	35.897	117	65	5	2	112	1416	1528	5.32e-09	53.1
g1134.t1	VFG008795(gb|WP_003901497)	35.897	117	65	5	2	112	1416	1528	5.64e-09	52.8
g1134.t1	VFG007893(gb|WP_010950802)	35.897	117	65	5	2	112	1416	1528	5.75e-09	52.8
g1134.t1	VFG001408(gb|NP_217456)	35.897	117	65	5	2	112	1416	1528	5.75e-09	52.8
g1134.t1	VFG029829(gb|WP_014000873)	46.825	126	64	2	6	131	1367	1489	5.87e-09	52.8
g1134.t1	VFG022442(gb|WP_003910676)	35.897	117	65	5	2	112	1416	1528	6.27e-09	52.8
g1134.t1	VFG008791(gb|WP_015294046)	35.897	117	65	5	2	112	1416	1528	7.46e-09	52.4
g1134.t1	VFG008789(gb|WP_015303649)	35.897	117	65	5	2	112	1416	1528	9.78e-09	52.4
g1134.t1	VFG008790(gb|WP_015291064)	35.897	117	65	5	2	112	1416	1528	1.04e-08	52.0
g1134.t1	VFG029838(gb|WP_015304256)	32.743	113	69	3	3	112	2959	3067	6.77e-08	49.7
g1134.t1	VFG029828(gb|YP_001701685)	31.967	122	76	3	3	121	2982	3099	1.61e-07	48.9
g1134.t1	VFG029835(gb|WP_016341938)	31.967	122	76	3	3	121	2984	3101	1.74e-07	48.5
g1134.t1	VFG008134(gb|WP_011560512)	35.938	128	75	3	9	131	1400	1525	3.27e-07	47.8
g1134.t1	VFG007854(gb|WP_010908854)	29.104	134	85	3	4	131	1468	1597	9.74e-07	46.6
g1134.t1	VFG008875(gb|WP_015303644)	29.134	127	84	2	9	131	1460	1584	9.83e-07	46.6
g1134.t1	VFG008884(gb|WP_009938592)	29.134	127	84	2	9	131	1460	1584	1.00e-06	46.6
g1134.t1	VFG008877(gb|WP_015294040)	29.134	127	84	2	9	131	1460	1584	1.01e-06	46.6
g1134.t1	VFG007849(gb|NP_217449)	29.134	127	84	2	9	131	1460	1584	1.01e-06	46.6
g1134.t1	VFG007851(gb|WP_003899548)	29.134	127	84	2	9	131	1460	1584	1.02e-06	46.6
g1134.t1	VFG008876(gb|WP_015291057)	29.134	127	84	2	9	131	1460	1584	1.03e-06	46.2
g1134.t1	VFG008874(gb|WP_015288408)	29.134	127	84	2	9	131	1460	1584	1.03e-06	46.2
g1134.t1	VFG022415(gb|WP_014001494)	29.134	127	84	2	9	131	1460	1584	1.05e-06	46.2
g1134.t1	VFG029832(gb|WP_014382190)	33.913	115	69	3	10	121	2991	3101	1.60e-06	45.8
g1134.t1	VFG029833(gb|WP_014379696)	33.913	115	69	3	10	121	2991	3101	1.63e-06	45.8
g1134.t1	VFG029831(gb|WP_014711138)	33.913	115	69	3	10	121	2991	3101	1.66e-06	45.8
g1134.t1	VFG029830(gb|WP_013470437)	31.707	123	75	3	3	121	2979	3096	1.83e-06	45.8
g1134.t1	VFG029822(gb|WP_011891406)	31.707	123	75	3	3	121	2979	3096	1.83e-06	45.8
g1134.t1	VFG029821(gb|WP_011724326)	33.621	116	68	3	10	121	2971	3081	3.45e-06	45.1
g1134.t1	VFG029820(gb|WP_010949525)	33.621	116	68	3	10	121	2971	3081	3.52e-06	45.1
g1134.t1	VFG029827(gb|WP_011777591)	29.825	114	71	3	3	112	2961	3069	3.72e-06	44.7
g1134.t1	VFG029823(gb|WP_011726922)	33.696	92	54	3	3	91	2965	3052	5.11e-06	44.3
