g1547.t1	VFG033055(gb|WP_014091878)	38.462	195	114	4	47	239	263	453	3.58e-34	129
g1547.t1	VFG033044(gb|WP_014930350)	37.949	195	115	4	47	239	266	456	1.70e-33	127
g1547.t1	VFG033029(gb|WP_012581960)	37.949	195	115	4	47	239	266	456	1.85e-33	127
g1547.t1	VFG033024(gb|WP_010990409)	37.436	195	116	4	47	239	266	456	2.94e-33	126
g1547.t1	VFG033026(gb|WP_003728113)	37.436	195	116	4	47	239	266	456	1.05e-32	125
g1547.t1	VFG033030(gb|WP_012951211)	36.923	195	117	4	47	239	266	456	1.08e-31	122
g1547.t1	VFG033025(gb|NP_463944)	36.923	195	117	4	47	239	266	456	1.17e-31	122
g1547.t1	VFG033049(gb|WP_014601684)	36.923	195	117	4	47	239	266	456	3.34e-31	120
g1547.t1	VFG033027(gb|WP_011701229)	36.923	195	117	4	47	239	266	456	2.64e-30	118
g1083.t1	VFG033055(gb|WP_014091878)	35.385	195	120	4	47	239	263	453	8.22e-33	125
g1083.t1	VFG033029(gb|WP_012581960)	34.343	198	124	4	47	242	266	459	3.13e-32	124
g1083.t1	VFG033044(gb|WP_014930350)	34.343	198	124	4	47	242	266	459	3.20e-32	124
g1083.t1	VFG033024(gb|WP_010990409)	34.872	195	121	4	47	239	266	456	7.38e-32	122
g1083.t1	VFG033026(gb|WP_003728113)	33.171	205	131	4	47	249	266	466	1.75e-29	116
g1083.t1	VFG033030(gb|WP_012951211)	32.683	205	132	4	47	249	266	466	1.26e-28	114
g1083.t1	VFG033027(gb|WP_011701229)	34.872	195	121	4	47	239	266	456	1.31e-28	114
g1083.t1	VFG033025(gb|NP_463944)	32.683	205	132	4	47	249	266	466	1.35e-28	113
g1083.t1	VFG033049(gb|WP_014601684)	32.683	205	132	4	47	249	266	466	3.34e-28	112
g2911.t1	VFG033055(gb|WP_014091878)	25.949	158	83	6	33	187	273	399	6.98e-06	47.4
