g1398.t1	VFG024199(gb|WP_013471927)	39.437	71	40	1	1021	1091	132	199	4.74e-08	54.7
g1398.t1	VFG009893(gb|WP_011894699)	39.437	71	40	1	1021	1091	132	199	5.02e-08	54.7
g1398.t1	VFG024201(gb|WP_008259378)	39.437	71	40	1	1021	1091	132	199	8.78e-08	53.9
g1398.t1	VFG027273(gb|YP_005361686)	38.462	65	37	1	1027	1091	30	91	1.60e-07	50.8
g1398.t1	VFG009892(gb|WP_003896645)	38.028	71	41	1	1021	1091	132	199	3.17e-07	52.4
g1398.t1	VFG002044(gb|WP_010930609)	40.000	70	42	0	1031	1100	138	207	4.36e-07	52.0
g1398.t1	VFG009889(gb|WP_003874670)	35.000	80	49	1	1021	1100	132	208	4.47e-07	52.0
g1398.t1	VFG009890(gb|WP_009978588)	35.000	80	49	1	1021	1100	132	208	5.14e-07	52.0
g1398.t1	VFG027270(gb|YP_007959134)	36.620	71	42	1	1021	1091	132	199	5.60e-07	51.6
g1398.t1	VFG001824(gb|NP_217649)	36.620	71	42	1	1021	1091	132	199	5.82e-07	51.6
g1398.t1	VFG027258(gb|WP_015291223)	36.620	71	42	1	1021	1091	132	199	6.81e-07	51.2
g1398.t1	VFG027265(gb|YP_007963009)	36.620	71	42	1	1021	1091	132	199	7.83e-07	51.2
g1398.t1	VFG011120(gb|WP_012417544)	41.667	60	35	0	1041	1100	146	205	1.73e-06	50.1
g1398.t1	VFG009896(gb|WP_011768347)	36.620	71	42	1	1021	1091	132	199	2.04e-06	50.1
g1398.t1	VFG009891(gb|WP_011740390)	40.000	65	36	1	1027	1091	138	199	2.37e-06	49.7
g1398.t1	VFG042685(gb|CAD56976)	41.379	58	34	0	1042	1099	150	207	4.90e-06	48.5
g1398.t1	VFG004099(gb|WP_024131262)	36.620	71	43	1	1031	1099	137	207	6.30e-06	48.5
g1398.t1	VFG000449(gb|NP_459544)	36.620	71	43	1	1031	1099	137	207	6.30e-06	48.5
g1398.t1	VFG021188(gb|WP_000801272)	36.620	71	43	1	1031	1099	137	207	8.71e-06	48.1
g1398.t1	VFG004096(gb|WP_000801270)	36.620	71	43	1	1031	1099	137	207	8.71e-06	48.1
g382.t1	VFG009892(gb|WP_003896645)	38.889	72	41	1	1012	1083	138	206	1.96e-07	52.8
g382.t1	VFG024199(gb|WP_013471927)	40.299	67	37	1	1012	1078	138	201	6.44e-07	51.2
g382.t1	VFG009893(gb|WP_011894699)	40.299	67	37	1	1012	1078	138	201	6.44e-07	51.2
g382.t1	VFG024201(gb|WP_008259378)	38.806	67	38	1	1012	1078	138	201	7.33e-07	51.2
g382.t1	VFG027273(gb|YP_005361686)	37.313	67	39	1	1012	1078	30	93	1.32e-06	48.1
g382.t1	VFG009896(gb|WP_011768347)	38.806	67	38	1	1012	1078	138	201	2.33e-06	49.7
g382.t1	VFG027255(gb|WP_005061475)	30.841	107	66	2	982	1083	103	206	3.96e-06	48.9
g382.t1	VFG009891(gb|WP_011740390)	39.437	71	40	1	1012	1082	138	205	5.63e-06	48.5
g382.t1	VFG027265(gb|YP_007963009)	37.313	67	39	1	1012	1078	138	201	5.64e-06	48.5
g382.t1	VFG022951(gb|YP_001704619)	30.841	107	66	2	982	1083	103	206	5.78e-06	48.5
g382.t1	VFG001824(gb|NP_217649)	37.313	67	39	1	1012	1078	138	201	6.07e-06	48.5
g382.t1	VFG027258(gb|WP_015291223)	37.313	67	39	1	1012	1078	138	201	6.41e-06	48.5
g878.t1	VFG027273(gb|YP_005361686)	43.077	65	34	1	802	866	30	91	1.41e-09	56.2
g878.t1	VFG009893(gb|WP_011894699)	42.254	71	38	1	796	866	132	199	1.98e-09	58.5
g878.t1	VFG024199(gb|WP_013471927)	42.254	71	38	1	796	866	132	199	2.05e-09	58.5
g878.t1	VFG024201(gb|WP_008259378)	43.077	65	34	1	802	866	138	199	4.42e-09	57.4
g878.t1	VFG027270(gb|YP_007959134)	43.077	65	34	1	802	866	138	199	5.23e-09	57.4
g878.t1	VFG001824(gb|NP_217649)	43.077	65	34	1	802	866	138	199	9.31e-09	56.6
g878.t1	VFG027258(gb|WP_015291223)	43.077	65	34	1	802	866	138	199	1.06e-08	56.2
g878.t1	VFG027265(gb|YP_007963009)	43.077	65	34	1	802	866	138	199	1.09e-08	56.2
g878.t1	VFG009892(gb|WP_003896645)	40.845	71	39	1	796	866	132	199	1.31e-08	55.8
g878.t1	VFG009891(gb|WP_011740390)	44.615	65	33	1	802	866	138	199	1.44e-08	55.8
g878.t1	VFG009896(gb|WP_011768347)	39.437	71	40	1	796	866	132	199	1.09e-07	53.5
g878.t1	VFG042685(gb|CAD56976)	43.636	55	31	0	817	871	150	204	1.83e-07	52.8
g878.t1	VFG021188(gb|WP_000801272)	39.394	66	37	1	809	871	139	204	2.88e-07	52.0
g878.t1	VFG004096(gb|WP_000801270)	39.394	66	37	1	809	871	139	204	2.88e-07	52.0
g878.t1	VFG004099(gb|WP_024131262)	41.818	55	32	0	817	871	150	204	4.77e-07	51.2
g878.t1	VFG000449(gb|NP_459544)	41.818	55	32	0	817	871	150	204	4.77e-07	51.2
g878.t1	VFG022956(gb|WP_013829907)	38.028	71	43	1	796	866	130	199	5.54e-07	51.2
g878.t1	VFG009889(gb|WP_003874670)	40.000	65	36	1	802	866	138	199	6.65e-07	51.2
g878.t1	VFG009895(gb|WP_011778690)	40.000	65	36	1	802	866	138	199	6.90e-07	50.8
g878.t1	VFG009890(gb|WP_009978588)	40.000	65	36	1	802	866	138	199	7.10e-07	51.2
g878.t1	VFG002044(gb|WP_010930609)	43.860	57	32	0	817	873	149	205	1.23e-06	50.1
g878.t1	VFG011120(gb|WP_012417544)	41.379	58	34	0	816	873	146	203	1.36e-06	50.1
g878.t1	VFG022951(gb|YP_001704619)	36.111	72	45	1	796	867	130	200	3.60e-06	48.9
g878.t1	VFG027255(gb|WP_005061475)	39.216	51	31	0	817	867	150	200	4.02e-06	48.5
g1346.t1	VFG003357(gb|WP_011191565)	43.333	60	34	0	1058	1117	142	201	2.31e-07	52.8
g1346.t1	VFG009893(gb|WP_011894699)	38.028	71	41	1	1044	1114	132	199	4.98e-07	51.6
g1346.t1	VFG024199(gb|WP_013471927)	38.028	71	41	1	1044	1114	132	199	5.03e-07	51.6
g1346.t1	VFG024201(gb|WP_008259378)	38.462	65	37	1	1050	1114	138	199	5.27e-07	51.6
g1346.t1	VFG022951(gb|YP_001704619)	31.579	114	73	3	1006	1115	88	200	1.06e-06	50.8
g1346.t1	VFG017283(gb|WP_012105859)	45.283	53	29	0	1065	1117	149	201	2.44e-06	49.7
g1346.t1	VFG001746(gb|WP_002209034)	45.283	53	29	0	1065	1117	149	201	2.44e-06	49.7
g1346.t1	VFG027255(gb|WP_005061475)	30.702	114	74	3	1006	1115	88	200	2.69e-06	49.7
g1346.t1	VFG009892(gb|WP_003896645)	36.620	71	42	1	1044	1114	132	199	3.78e-06	48.9
g1346.t1	VFG027273(gb|YP_005361686)	35.385	65	39	1	1050	1114	30	91	3.88e-06	46.6
g1346.t1	VFG023572(gb|WP_005156725)	43.396	53	30	0	1065	1117	149	201	7.01e-06	48.1
g2453.t1	VFG009893(gb|WP_011894699)	39.726	73	41	1	1021	1093	132	201	8.07e-08	54.3
g2453.t1	VFG024199(gb|WP_013471927)	39.726	73	41	1	1021	1093	132	201	8.69e-08	53.9
g2453.t1	VFG009892(gb|WP_003896645)	37.179	78	46	1	1021	1098	132	206	1.99e-07	52.8
g2453.t1	VFG022951(gb|YP_001704619)	35.294	85	54	1	1021	1105	130	213	3.58e-07	52.4
g2453.t1	VFG024201(gb|WP_008259378)	36.986	73	43	1	1021	1093	132	201	5.59e-07	51.6
g2453.t1	VFG027255(gb|WP_005061475)	34.118	85	55	1	1021	1105	130	213	8.25e-07	51.2
g2453.t1	VFG009896(gb|WP_011768347)	36.986	73	43	1	1021	1093	132	201	8.38e-07	51.2
g2453.t1	VFG009890(gb|WP_009978588)	32.584	89	57	1	1021	1109	132	217	9.82e-07	50.8
g2453.t1	VFG009889(gb|WP_003874670)	32.584	89	57	1	1021	1109	132	217	9.82e-07	50.8
g2453.t1	VFG009891(gb|WP_011740390)	38.961	77	46	1	1021	1097	130	205	2.01e-06	50.1
g2453.t1	VFG027273(gb|YP_005361686)	37.313	67	39	1	1027	1093	30	93	2.38e-06	47.4
g2453.t1	VFG027258(gb|WP_015291223)	33.708	89	56	1	1021	1109	132	217	4.89e-06	48.9
g2453.t1	VFG001824(gb|NP_217649)	34.831	89	50	2	1021	1109	132	212	6.82e-06	48.5
g2453.t1	VFG027270(gb|YP_007959134)	36.923	65	38	1	1027	1091	138	199	7.51e-06	48.1
g2453.t1	VFG022956(gb|WP_013829907)	34.615	78	48	1	1021	1098	132	206	8.22e-06	48.1
g2453.t1	VFG027265(gb|YP_007963009)	34.831	89	50	2	1021	1109	132	212	9.08e-06	48.1
