g339.t1	VFG043287(gb|WP_003425253)	23.757	181	123	3	116	296	8	173	3.73e-10	58.9
g339.t1	VFG046692(gb|WP_012429566)	22.340	188	132	4	109	295	6	180	2.35e-07	52.0
g339.t1	VFG046695(gb|WP_003025503)	22.340	188	132	4	109	295	6	180	2.40e-07	52.0
g339.t1	VFG046694(gb|WP_003020703)	21.809	188	133	4	109	295	6	180	6.07e-07	50.8
g339.t1	VFG046689(gb|WP_010031957)	21.809	188	133	4	109	295	6	180	1.18e-06	49.7
g1374.t1	VFG043287(gb|WP_003425253)	25.414	181	113	3	184	360	11	173	5.70e-11	61.6
g1374.t1	VFG046694(gb|WP_003020703)	21.469	177	126	4	183	359	17	180	3.65e-08	55.1
g1374.t1	VFG046695(gb|WP_003025503)	20.904	177	127	3	183	359	17	180	7.87e-08	53.9
g1374.t1	VFG046692(gb|WP_012429566)	20.904	177	127	3	183	359	17	180	8.09e-08	53.9
g1374.t1	VFG046689(gb|WP_010031957)	21.311	183	119	3	183	359	17	180	3.76e-07	52.0
g2992.t1	VFG043287(gb|WP_003425253)	25.789	190	101	3	182	358	11	173	3.98e-11	62.0
g2992.t1	VFG046694(gb|WP_003020703)	21.579	190	136	3	168	357	4	180	1.84e-09	58.9
g2992.t1	VFG046695(gb|WP_003025503)	21.053	190	137	3	168	357	4	180	8.68e-09	57.0
g2992.t1	VFG046692(gb|WP_012429566)	21.053	190	137	3	168	357	4	180	8.83e-09	57.0
g2992.t1	VFG046689(gb|WP_010031957)	21.429	196	129	3	168	357	4	180	2.49e-08	55.5
g5054.t1	VFG043287(gb|WP_003425253)	24.432	176	119	2	194	369	12	173	8.07e-10	58.2
g5054.t1	VFG046694(gb|WP_003020703)	25.000	180	122	4	189	368	14	180	1.31e-09	59.7
g5054.t1	VFG046692(gb|WP_012429566)	24.444	180	123	4	189	368	14	180	2.12e-09	58.9
g5054.t1	VFG046695(gb|WP_003025503)	24.444	180	123	4	189	368	14	180	2.40e-09	58.5
g5054.t1	VFG001963(gb|YP_002344818)	28.571	189	111	7	192	364	6	186	1.11e-07	52.0
g5054.t1	VFG046689(gb|WP_010031957)	23.333	180	125	4	189	368	14	180	2.24e-07	52.4
g2055.t1	VFG043287(gb|WP_003425253)	23.295	176	121	2	90	265	12	173	2.07e-10	59.3
g2055.t1	VFG046695(gb|WP_003025503)	25.000	200	137	3	86	285	15	201	4.80e-09	56.6
g2055.t1	VFG046692(gb|WP_012429566)	24.500	200	138	3	86	285	15	201	5.87e-09	56.6
g2055.t1	VFG046694(gb|WP_003020703)	24.500	200	138	3	86	285	15	201	7.16e-09	56.2
g2055.t1	VFG046689(gb|WP_010031957)	24.000	200	139	5	86	285	15	201	1.86e-08	55.1
