# cline: mcl /home/naiad/UFABC/LAB_Bioinfo/trabalho_final/BacterialGenomeComparison/data/pairwise_orthologs/Mycobacterium_leprae_Pseudomonas_aeruginosa/OrthoFinder/Results_Apr10/WorkingDirectory/OrthoFinder_graph.txt "-I" "1.5" "-o" "/home/naiad/UFABC/LAB_Bioinfo/trabalho_final/BacterialGenomeComparison/data/pairwise_orthologs/Mycobacterium_leprae_Pseudomonas_aeruginosa/OrthoFinder/Results_Apr10/WorkingDirectory/clusters_OrthoFinder_I1.5.txt" "-te" "1" "-V" "all"
(mclheader
mcltype matrix
dimensions 7389x4112
)
(mclmatrix
begin
0    1604 1906 1912 1935 2002 2012 2030 2037 2058 2068 2085 2095 2096
       2111 2166 2328 2360 2372 2409 2582 2590 2623 2670 2701 2702
       2764 2765 2888 2956 3019 3029 3032 3036 3073 3090 3154 3201
       3204 3220 3303 3312 3463 3635 3651 3726 3755 3761 3868 3905
       3962 3964 3985 4024 4033 4123 4137 4171 4180 4229 4248 4296
       4330 4346 4361 4380 4408 4421 4446 4459 4516 4597 4686 4770
       4778 4780 4809 4811 4853 4862 5057 5059 5070 5162 5338 5375
       5511 5533 5540 5576 5657 5722 5724 5793 5846 5918 5947 6064
       6101 6130 6159 6321 6882 6958 6998 7055 7151 7192 7269 7320
       7358 $
1    2040 2126 2183 2297 2446 2583 2633 2666 2677 2717 2751 2781 2998
       3071 3118 3124 3150 3270 3493 3513 3610 3752 3954 4005 4189
       4194 4246 4251 4399 4400 4422 4430 4469 4503 4613 4621 4849
       4961 5028 5152 5157 5208 5365 5517 5729 5777 5849 5878 6023
       6047 6075 6140 6183 6244 6395 6753 7001 7300 7318 7356 $
2    503 1952 2014 2061 2084 2157 2179 2204 2254 2487 2780 2959 2960
       3145 3231 3763 3854 4207 4221 4243 4255 4264 4303 4310 4789
       4844 4858 4920 5123 5191 5254 5315 5324 5385 5390 5458 5483
       5553 5786 5841 5888 6016 6114 6148 6554 6670 6829 6830 6877
       6878 7044 7064 7124 7352 $
3    551 2044 2121 2171 2246 2317 2356 2714 2725 3115 3130 3174 3182
       3207 3293 3394 3429 3736 3766 3928 4113 4183 4697 4817 4890
       4940 4968 5068 5520 5624 5666 5925 6799 6858 6953 7029 7350 $
4    2029 2315 2351 2554 2576 2667 2818 3162 3194 3214 3257 3815 3828
       3965 3978 3998 4202 4311 4377 4505 4605 4843 5207 5349 5737
       5852 6124 6177 6473 6638 6674 6805 6865 $
5    1441 1996 2059 2910 2955 3236 3359 3544 3727 3728 3910 4054 4426
       4467 4819 4850 4900 5041 5063 5109 5327 5369 5379 5451 5455
       6042 6051 6104 6118 6348 6752 7122 $
6    2049 2053 2057 2292 3140 3313 3452 3502 3541 3836 4475 4488 4567
       4569 4721 4799 4852 5654 6246 6263 6265 6266 6479 6594 6812
       6883 7042 $
7    2034 2035 2306 3120 3126 3324 3927 4302 4343 4404 4432 4440 4768
       5071 5242 5300 5342 5468 5623 5842 6162 6332 6551 6559 7131
       7207 $
8    141 597 1672 2345 2642 2817 3047 3327 3698 4391 4435 4604 4743
       5012 5127 5143 5988 6056 6072 6338 6742 6854 7173 7337 $
9    552 2009 2097 2142 2245 2631 2668 2786 2915 3142 3891 4035 4134
       4237 5448 5516 5974 6026 6078 6145 6867 7288 7349 $
10   2761 2986 2988 3085 3227 3559 3852 3912 4268 4273 4363 4581 4784
       5883 5973 6103 6507 6541 6691 6821 7095 7138 $
11   140 1008 1671 2056 2641 2816 3068 3326 4390 4434 4487 4572 4603
       4742 4813 5011 5984 6062 6339 6741 6853 $
12   1909 2289 2290 2485 3287 3345 3885 3887 4289 4501 4731 4831 4979
       5550 5660 5828 5899 6033 6152 6252 7237 $
13   78 79 110 114 964 1131 1132 1133 1134 1135 1136 1137 1138 1866
       1867 1868 1869 1870 1871 1872 $
14   1522 1782 2109 2361 2715 3516 3995 4634 4664 4866 4882 4987 5163
       5371 5453 5946 6108 7027 7050 $
15   1908 2815 2876 3286 3505 3883 3899 4498 4756 4978 5210 5285 5406
       5897 5926 6067 6824 6950 7238 $
16   2039 2066 2118 2168 2640 2847 2912 4022 4130 4333 4416 4617 4688
       4972 5534 6093 6135 6460 6866 $
17   465 2082 2083 2158 2159 2180 2181 2202 2203 2489 2490 3764 5189
       5190 5554 5555 6651 7190 $
18   1999 2000 2683 3033 3160 3410 3416 3521 4212 4735 5186 5321 5703
       6141 6734 6874 7075 7332 $
19   98 972 1665 2628 2629 2908 3129 3523 3721 3920 4698 4773 4822
       5368 5537 6286 6948 $
20   2046 2167 2217 2733 2996 3011 3753 4482 4703 4719 4802 5113 5283
       5648 6288 6811 6897 $
21   2348 2354 2921 3074 3355 3517 3550 3794 3914 4384 4746 4753 4969
       5792 5800 6360 6387 $
22   565 2327 2630 2767 2907 3076 3425 3525 3922 4244 4463 4465 4748
       4821 6394 6947 $
23   596 2344 3046 3531 3699 5128 5141 5286 6055 6355 6452 6747 6952
       7174 7336 7340 $
24   1180 1700 2145 3549 3940 4009 4760 4829 5605 5745 6088 6121 6679
       6686 6944 7259 $
25   1957 2719 2862 2929 2936 3010 3350 3564 3674 4276 4460 4832 5471
       5638 6921 7345 $
26   2191 2777 2778 3146 3147 3232 3233 4119 4120 4856 4857 6149 6150
       7045 7126 7127 $
27   2987 3132 3228 3530 4092 4486 4814 5195 6153 6249 6357 6453 6506
       6690 7094 7137 $
28   237 2192 2776 3149 3234 4121 4855 5419 5806 5813 6151 7046 7052
       7125 $
29   2027 2353 2555 3192 3255 3817 3958 4002 4300 4339 4379 5351 5850
       6864 $
30   2427 4425 4427 4580 4928 5337 5442 5756 6287 6575 6857 6873 7211
       7387 $
31   294 304 1944 2444 2492 2696 3581 3975 4907 5108 5892 7149 7257 $
32   1586 2113 2905 3101 3913 4023 4383 5411 5477 6049 6143 6868 6871 $
33   2028 2352 2556 3193 3256 3816 3959 4003 4301 4378 5350 5851 6863 $
34   2036 2307 3325 3926 4405 4431 4438 4439 5467 5622 6163 6333 6558 $
35   2062 4208 4220 4241 4265 5386 5391 5456 5838 5840 5887 7065 7353 $
36   2298 3514 4219 4627 4848 4861 5611 6102 6323 6466 6722 7224 7317 $
37   3108 3109 3110 3450 4218 4312 4313 4314 4337 5267 6031 6181 6182 $
38   234 1583 3158 3379 4112 5400 5811 6508 6960 7054 7117 7280 $
39   2162 2459 2747 3070 3322 3624 3980 5251 6325 6561 6927 6986 $
40   2302 2416 2916 3456 3459 3823 4230 4709 4959 5366 6142 7285 $
41   2415 3239 3374 3656 3657 4506 5362 5545 5717 5872 6027 6772 $
42   2949 3155 3301 3884 4010 4629 5298 5551 5848 6243 6745 6749 $
43   120 2547 3712 3774 5569 5734 6363 6892 6915 7103 7339 $
44   166 1140 2587 2899 3052 3278 3280 4146 5498 6786 6969 $
45   1182 2726 3226 4633 4864 5026 5668 6312 6781 6955 7374 $
46   1970 1974 1975 2140 3401 4286 4602 5232 5430 7060 7242 $
47   2119 2697 3035 3461 4127 4131 4175 5877 6081 6617 7210 $
48   2131 2305 2830 3176 3497 4757 4781 5281 5402 6091 7129 $
49   2149 2358 3112 3289 4031 4403 4464 4766 5261 6870 7163 $
50   2308 3127 4304 4406 4437 4769 5466 5845 6164 6557 7130 $
51   338 809 1770 4470 5237 5238 5808 5875 6154 6184 $
52   783 1611 3481 3678 3933 4163 4925 5475 6797 7325 $
53   898 2106 3908 4466 4872 4947 5397 5535 5876 6751 $
54   1078 2033 2114 2900 3524 3917 5110 5452 6113 6297 $
55   1367 1945 2588 4014 5091 5590 5592 5699 5763 5801 $
56   2063 4209 4509 4510 4511 4514 5388 5392 5457 5889 $
57   2124 2339 3125 3151 3173 3205 3208 4767 5072 7132 $
58   2359 2364 2951 3788 3850 4493 5308 5978 6122 6493 $
59   3244 4001 4136 4227 4865 5241 5276 6068 6311 7193 $
60   328 688 821 1363 1785 2728 5155 6267 6979 $
61   840 3222 3269 3427 4008 5216 5270 5832 5908 $
62   899 1450 1730 2842 3370 4388 4611 6013 7215 $
63   1093 3650 3686 4765 4951 5249 6284 6308 6996 $
64   1563 2098 2200 3038 3375 3948 5543 6025 6770 $
65   2008 2675 2754 3988 4934 5975 6589 6949 7067 $
66   2081 2172 2177 2178 2201 3300 4507 4628 5556 $
67   2103 2417 3251 3787 4225 6030 6458 6956 7277 $
68   2276 2277 2567 4593 5038 5686 6258 6485 7184 $
69   2660 2684 4368 4565 5107 6134 6756 6766 6818 $
70   2997 3022 3812 5519 5664 6092 6189 6999 7258 $
71   3999 4240 4262 4270 4513 4515 5387 5905 6111 $
72   400 1786 2429 3942 5054 6028 6337 7033 $
73   445 651 2699 3202 3989 4307 4891 5613 $
74   475 1626 3059 3223 5694 5935 7225 7338 $
75   621 2309 2335 4772 5284 5410 5809 5901 $
76   859 2746 3004 3779 5165 6178 6179 6966 $
77   879 3574 3827 3997 4095 6577 6588 6627 $
78   1341 2194 2814 3188 3265 4176 5847 6587 $
79   1897 2749 3028 3733 4402 4596 5513 7209 $
80   2170 3982 5027 5306 5544 5744 6434 6768 $
81   2186 3128 3183 3668 3734 4452 5067 5239 $
82   2671 2739 3113 3114 3869 4495 5160 6943 $
83   2687 3814 4316 4376 5377 5736 6175 6472 $
84   3460 5058 5443 6129 7053 7279 7315 7368 $
85   3677 3992 4423 4429 5444 6675 6872 7386 $
86   3923 4186 4635 5262 5635 6743 6846 7086 $
87   3936 3991 4159 4492 5916 6467 6750 7284 $
88   149 3361 3834 5185 5209 5895 5896 $
89   159 2336 2850 3048 3867 4537 5205 $
90   282 2127 2247 3318 4184 6641 6831 $
91   333 3018 3636 4447 5742 6393 6961 $
92   741 2216 3667 5507 5706 6423 6425 $
93   750 1702 2326 2770 3077 5538 5678 $
94   874 946 2209 2737 3218 4599 5297 $
95   932 1305 1306 3263 3503 4898 7146 $
96   952 2011 2099 2176 2301 6771 7289 $
97   1421 4029 4072 4104 5575 6050 6109 $
98   1444 2401 4807 4874 5004 6278 7266 $
99   1572 2064 2070 2071 4168 4223 5886 $
100  1807 1808 2775 3904 4468 5514 6698 $
101  2018 2735 3156 3378 4111 4531 6126 $
102  2107 2585 5541 5655 5695 6299 7346 $
103  2125 4502 5268 6146 6173 7195 7197 $
104  2333 2663 6001 7107 7108 7109 7246 $
105  2334 2763 3121 3161 4345 5244 5844 $
106  2380 2878 4040 4043 6036 6038 6614 $
107  2387 2388 2389 3175 6155 6989 7160 $
108  2561 4591 5035 5036 6484 6509 6510 $
109  2566 3272 3613 3771 5040 6260 7009 $
110  3063 3676 4631 5479 6778 6779 7153 $
111  3414 3496 3784 3837 3838 4292 6581 $
112  4238 4239 4260 4261 4269 4512 5890 $
113  12 13 698 1090 1953 3567 $
114  38 303 392 923 1454 1571 $
115  77 108 113 196 969 1873 $
116  100 982 3167 4443 5101 6406 $
117  189 1969 3558 4285 5305 6501 $
118  229 2473 3098 5963 5981 7219 $
119  354 867 1187 3710 3711 3966 $
120  557 2375 3290 3919 4823 6816 $
121  563 3237 3851 5404 5697 7171 $
122  616 2055 2294 3347 3722 5650 $
123  676 3857 4174 4258 5506 6965 $
124  868 3707 3969 5316 6464 6465 $
125  976 1449 3871 4953 6555 7227 $
126  1333 3704 4657 5097 5891 7324 $
127  1352 2080 2586 6119 6298 6442 $
128  1400 2672 3430 3785 5204 6959 $
129  1567 1577 2682 4549 5628 6840 $
130  1569 1578 3438 4349 5636 5871 $
131  1745 2234 3026 6127 6292 7220 $
132  1755 2108 2740 4544 5460 5461 $
133  1829 3377 4257 4958 5525 5528 $
134  1905 2060 2811 3006 3586 4247 $
135  2013 2020 3411 5106 7062 7076 $
136  2054 2291 3353 5289 5651 5653 $
137  2128 3756 4073 4108 5170 6416 $
138  2148 2591 3956 4115 5329 5512 $
139  2215 2875 3723 4540 4700 5414 $
140  2243 4034 4178 5656 6053 7348 $
141  2325 4232 4607 5376 5945 6763 $
142  2355 2906 3512 5923 6798 7176 $
143  2391 3675 4526 4835 4836 4881 $
144  2478 2580 3705 3903 5820 6132 $
145  2627 3390 3469 4116 5252 5515 $
146  2723 5201 5663 6518 6532 7230 $
147  2762 3122 4028 5166 5353 6054 $
148  2857 2873 4734 5065 7158 7305 $
149  2961 2962 6827 6828 6879 6880 $
150  3137 3778 4433 5345 6100 6942 $
151  3260 3808 4701 5524 6171 6680 $
152  3298 5412 6353 6893 6991 7091 $
153  3364 5334 5618 5989 6420 7206 $
154  3413 3495 3783 3839 4291 6582 $
155  3494 4179 4392 6531 6580 7223 $
156  4069 5431 6295 7059 7286 7370 $
157  5757 6367 6440 6726 6841 7013 $
158  14 709 4185 5955 6377 $
159  16 1954 3566 3679 5980 $
160  28 35 42 613 1219 $
161  65 66 694 4449 5206 $
162  87 848 1846 4960 7331 $
163  152 1816 1858 2532 6668 $
164  286 484 586 617 1822 $
165  315 2538 6032 6800 6875 $
166  342 984 3168 5087 7113 $
167  350 2143 4326 5929 6041 $
168  628 2744 3053 4012 6626 $
169  648 2280 2819 2950 4626 $
170  666 3480 4162 5357 6985 $
171  677 1928 3103 3993 5403 $
172  812 3051 4720 7180 7366 $
173  833 1120 1408 4254 5124 $
174  940 3950 4908 5183 6503 $
175  1148 2648 3673 4828 5225 $
176  1181 4210 4632 5567 6777 $
177  1203 2101 2895 3143 6144 $
178  1346 4017 6136 6660 7273 $
179  1436 2332 4352 6542 6909 $
180  1503 1504 1505 1506 1847 $
181  1605 2017 2734 5393 5474 $
182  1791 1903 1982 3542 4477 $
183  1915 2573 4374 6499 6585 $
184  1951 4919 4921 6017 6553 $
185  2043 2231 3397 4870 6610 $
186  2135 2866 2872 3843 5077 $
187  2144 2235 2643 5445 7322 $
188  2173 2175 3457 3947 5296 $
189  2206 4871 5480 6889 7082 $
190  2323 2357 3309 3981 7069 $
191  2366 3252 4491 5159 5417 $
192  2392 3395 3824 3896 5819 $
193  2405 3444 3448 3758 6089 $
194  2557 2560 4589 5033 5034 $
195  2943 2945 4562 4563 4564 $
196  2977 3105 4478 4595 5831 $
197  3803 3804 5272 6166 6167 $
198  3822 4231 4690 5367 7290 $
199  4044 4117 4751 5772 5898 $
200  4080 4668 4675 5344 5679 $
201  6455 6456 6459 6461 7293 $
202  7 357 3691 5164 $
203  15 714 5954 6372 $
204  106 1492 2384 3050 $
205  107 216 265 3075 $
206  119 3844 6240 7272 $
207  142 828 2652 6405 $
208  192 4798 4892 5509 $
209  202 581 822 2481 $
210  218 2281 5042 6994 $
211  225 2278 3189 5914 $
212  256 2373 4021 6470 $
213  261 262 1388 2909 $
214  330 759 1639 4499 $
215  422 2433 4935 5131 $
216  436 1992 3213 7334 $
217  447 829 3343 5425 $
218  574 1310 1591 3762 $
219  601 2922 2927 6362 $
220  652 3680 5825 5826 $
221  687 3087 3088 5416 $
222  697 3805 4775 6168 $
223  716 1840 5972 6370 $
224  742 4796 5220 6058 $
225  758 1107 7178 7299 $
226  832 1121 1407 5125 $
227  870 3709 3967 6462 $
228  872 6478 6807 7253 $
229  894 2880 4027 5542 $
230  897 2116 2120 2753 $
231  901 4067 4074 4078 $
232  974 2214 3034 5192 $
233  991 2493 2886 3655 $
234  1011 2320 4984 5434 $
235  1053 4267 6397 6498 $
236  1068 2609 5684 7256 $
237  1069 3351 5181 6997 $
238  1118 3534 5178 5279 $
239  1304 3772 4899 5274 $
240  1337 3692 5069 6688 $
241  1338 2196 3915 4382 $
242  1373 2978 3654 6928 $
243  1488 6221 6233 6773 $
244  1514 5240 5967 6754 $
245  1520 1981 3961 6639 $
246  1558 3274 5277 7133 $
247  1602 5476 6191 6848 $
248  1636 4360 6762 7188 $
249  1674 2937 3809 6172 $
250  1718 4728 5064 6820 $
251  1781 4132 4420 5993 $
252  1823 2258 6664 7014 $
253  1881 3847 3986 3987 $
254  1904 5173 7354 7364 $
255  1995 3264 3501 4630 $
256  2050 2295 3348 5649 $
257  2052 2293 5288 5652 $
258  2069 3507 4249 6112 $
259  2076 2574 2858 4916 $
260  2077 2575 2859 4915 $
261  2100 2486 2488 6954 $
262  2154 2890 6593 7016 $
263  2164 2669 3308 5171 $
264  2182 2920 3797 4298 $
265  2219 2676 4779 5401 $
266  2263 5015 5363 5873 $
267  2303 2805 4868 5522 $
268  2329 4610 5687 7347 $
269  2337 2343 3665 7170 $
270  2390 2397 2398 2400 $
271  2393 2394 2395 2396 $
272  2445 2539 2924 6516 $
273  2568 4592 5037 6486 $
274  2571 6035 6500 6586 $
275  2592 2768 5469 7081 $
276  2710 3398 3555 5855 $
277  2772 5725 6576 7139 $
278  2877 4039 6039 7260 $
279  2879 4041 6037 6615 $
280  2883 2884 5226 5273 $
281  2963 5304 6826 6881 $
282  2967 2969 2970 2971 $
283  3020 3932 4458 5330 $
284  3027 3320 3802 5421 $
285  3060 5944 5953 6403 $
286  3091 4332 4615 5794 $
287  3094 3099 4331 5177 $
288  3136 3780 5346 6098 $
289  3245 3250 4638 6604 $
290  3307 3943 5450 6945 $
291  3441 3445 4170 4393 $
292  3442 3446 3757 6090 $
293  3522 5536 7161 7362 $
294  3846 4061 6192 6573 $
295  3856 4172 4233 5508 $
296  3930 5094 5485 5504 $
297  4215 4324 4338 6185 $
298  4846 6116 6117 6671 $
299  4929 4930 5433 5438 $
300  5116 5701 6359 6809 $
301  6281 6661 7092 7093 $
302  6611 6612 6613 6616 $
303  0 1875 2835 $
304  5 5104 6932 $
305  11 2529 2887 $
306  17 18 1635 $
307  39 40 1224 $
308  46 2321 7004 $
309  49 626 823 $
310  50 1794 3097 $
311  56 6324 6427 $
312  59 578 1766 $
313  74 75 1598 $
314  80 560 1307 $
315  82 83 84 $
316  97 2935 6065 $
317  112 966 5013 $
318  126 2832 6270 $
319  143 4963 5866 $
320  147 3931 7135 $
321  148 4962 5865 $
322  162 895 5154 $
323  176 2537 6716 $
324  177 3570 5380 $
325  179 2466 5381 $
326  180 2467 6693 $
327  187 1096 5646 $
328  193 1599 1690 $
329  233 326 2261 $
330  244 246 7000 $
331  245 4007 7360 $
332  248 285 6344 $
333  258 1372 4321 $
334  279 6898 7278 $
335  290 1625 5716 $
336  298 1116 3855 $
337  309 2893 4444 $
338  313 6272 6919 $
339  319 3921 4820 $
340  356 2312 7314 $
341  359 5749 6907 $
342  367 4805 6894 $
343  371 2791 4015 $
344  374 1899 2122 $
345  378 2123 6814 $
346  380 6457 7198 $
347  383 3238 3718 $
348  384 3697 4228 $
349  395 5313 7312 $
350  399 5248 7019 $
351  401 1892 5499 $
352  433 733 5119 $
353  453 3627 6895 $
354  462 2160 3383 $
355  472 2300 7041 $
356  485 1501 7035 $
357  522 2757 5951 $
358  529 3477 4211 $
359  537 3432 6609 $
360  558 1732 6924 $
361  559 4905 6437 $
362  579 6022 7134 $
363  615 2374 6815 $
364  636 4297 6729 $
365  637 4190 6310 $
366  641 3015 4977 $
367  665 6619 7319 $
368  669 4356 7189 $
369  670 4897 6982 $
370  674 2545 5759 $
371  678 1984 3209 $
372  685 2402 3211 $
373  686 2530 4524 $
374  692 1820 1821 $
375  719 3358 6502 $
376  785 788 2460 $
377  787 2839 4676 $
378  819 1884 3082 $
379  825 3089 3292 $
380  852 2536 5233 $
381  877 5547 7018 $
382  880 1896 5136 $
383  889 2993 3594 $
384  938 3229 4166 $
385  943 2549 5586 $
386  950 5092 7213 $
387  951 1445 1446 $
388  987 5086 7110 $
389  1051 1289 1290 $
390  1059 2548 6094 $
391  1061 1554 6195 $
392  1066 4181 5583 $
393  1108 2412 2783 $
394  1109 5482 7144 $
395  1122 1409 4252 $
396  1154 5958 6885 $
397  1163 4909 6436 $
398  1171 3702 7023 $
399  1174 3701 5266 $
400  1201 3016 3086 $
401  1239 1994 4546 $
402  1243 4670 5603 $
403  1251 4448 5597 $
404  1261 3977 6974 $
405  1267 2654 3195 $
406  1276 2957 3490 $
407  1283 4973 7263 $
408  1284 2253 3342 $
409  1285 3417 6238 $
410  1286 1287 6983 $
411  1291 3492 6694 $
412  1303 2092 4901 $
413  1320 2690 6123 $
414  1328 6157 6369 $
415  1335 3684 5056 $
416  1358 3970 5761 $
417  1359 4884 7376 $
418  1379 3428 4006 $
419  1381 3045 3826 $
420  1383 3093 4193 $
421  1399 4357 7355 $
422  1426 4046 5606 $
423  1443 5005 6279 $
424  1462 3732 4906 $
425  1489 3979 6222 $
426  1498 5149 6415 $
427  1516 1817 4847 $
428  1529 1893 3013 $
429  1549 4358 6562 $
430  1589 4053 5564 $
431  1608 4295 6736 $
432  1631 4359 7187 $
433  1643 4386 5271 $
434  1647 1723 7343 $
435  1651 2695 6290 $
436  1661 3319 6793 $
437  1666 2089 5047 $
438  1698 3634 4948 $
439  1773 2330 6248 $
440  1780 4362 4616 $
441  1789 5995 6529 $
442  1956 3565 4275 $
443  1958 3563 4277 $
444  1961 3551 4274 $
445  1962 3552 4279 $
446  1963 3553 4280 $
447  1967 3556 4283 $
448  1968 3557 4284 $
449  1998 3072 3949 $
450  2019 4341 5398 $
451  2031 2032 4418 $
452  2041 2240 3230 $
453  2115 5093 7121 $
454  2117 4543 6802 $
455  2141 3402 7243 $
456  2150 3520 4411 $
457  2165 3311 5111 $
458  2189 3658 6645 $
459  2197 2205 3924 $
460  2199 3299 5720 $
461  2233 3297 4982 $
462  2239 5930 6475 $
463  2324 4854 6300 $
464  2340 4535 4624 $
465  2376 4020 6469 $
466  2377 4019 6468 $
467  2410 4142 6843 $
468  2413 3626 3639 $
469  2418 3339 3340 $
470  2424 2874 4726 $
471  2484 3886 5827 $
472  2533 3092 3832 $
473  2540 2911 6158 $
474  2595 6701 6702 $
475  2612 5423 5960 $
476  2615 2999 5919 $
477  2665 3703 6536 $
478  2705 3254 4335 $
479  2716 3431 5265 $
480  2724 3179 4758 $
481  2774 5727 7141 $
482  2867 2869 3842 $
483  2870 3041 5814 $
484  2871 5078 5079 $
485  2892 3519 4566 $
486  3037 3898 7159 $
487  3055 3491 4082 $
488  3083 3719 7142 $
489  3135 5347 6099 $
490  3165 5145 7164 $
491  3177 4000 4504 $
492  3180 3661 6549 $
493  3215 4680 4974 $
494  3221 3393 7328 $
495  3249 4214 5526 $
496  3253 6788 7270 $
497  3267 6760 6834 $
498  3338 3362 3587 $
499  3487 3488 7221 $
500  3573 5730 5904 $
501  3582 4051 4084 $
502  3584 4774 6739 $
503  3685 5132 5698 $
504  3735 4551 6995 $
505  3738 4838 6085 $
506  3806 5000 6169 $
507  3879 5250 6476 $
508  3889 4203 5747 $
509  3972 3973 5714 $
510  3994 4424 4428 $
511  4062 4471 6596 $
512  4066 4076 4109 $
513  4135 5641 5776 $
514  4160 5359 6106 $
515  4161 5358 6107 $
516  4165 4445 5587 $
517  4204 5122 6052 $
518  4334 4385 7301 $
519  4351 4353 6910 $
520  4409 5227 6572 $
521  4441 6431 6433 $
522  4457 6128 7308 $
523  4609 5762 6125 $
524  4618 5409 6583 $
525  4623 4639 6133 $
526  4625 6435 6700 $
527  4791 6720 7250 $
528  4797 4954 5710 $
529  4845 5997 6672 $
530  5016 5364 5874 $
531  5255 5256 5322 $
532  5295 6855 7287 $
533  5335 5617 5990 $
534  5340 5341 7205 $
535  5685 5837 6990 $
536  5884 7267 7351 $
537  7056 7057 7058 $
538  1 1876 $
539  2 1877 $
540  4 1878 $
541  21 2286 $
542  23 199 $
543  24 5939 $
544  29 1221 $
545  34 1222 $
546  41 1225 $
547  43 302 $
548  45 7005 $
549  51 3669 $
550  58 4266 $
551  60 5102 $
552  63 4527 $
553  92 3276 $
554  96 5193 $
555  102 691 $
556  105 6320 $
557  109 2881 $
558  111 407 $
559  117 6697 $
560  121 3482 $
561  122 3483 $
562  127 6822 $
563  139 4818 $
564  153 5246 $
565  155 6381 $
566  161 4945 $
567  163 4894 $
568  165 6021 $
569  168 5983 $
570  169 4981 $
571  171 5584 $
572  172 6608 $
573  178 6715 $
574  184 6695 $
575  185 6696 $
576  186 6235 $
577  191 5426 $
578  194 2476 $
579  195 6632 $
580  197 6635 $
581  198 6634 $
582  201 6633 $
583  204 4936 $
584  206 5581 $
585  209 7216 $
586  217 2897 $
587  223 6906 $
588  228 2437 $
589  231 6941 $
590  232 5927 $
591  235 5928 $
592  241 6657 $
593  251 5579 $
594  252 5573 $
595  253 3693 $
596  254 6904 $
597  257 4322 $
598  259 4320 $
599  266 6869 $
600  271 6392 $
601  272 6391 $
602  273 6714 $
603  277 5705 $
604  278 6917 $
605  281 6916 $
606  283 2464 $
607  284 6345 $
608  288 826 $
609  297 5715 $
610  299 3853 $
611  306 7097 $
612  312 421 $
613  314 6264 $
614  318 3906 $
615  324 2771 $
616  327 1332 $
617  332 4663 $
618  340 6314 $
619  343 2853 $
620  345 2854 $
621  346 2855 $
622  347 2856 $
623  352 5768 $
624  353 5767 $
625  358 2718 $
626  364 2852 $
627  370 4528 $
628  372 2285 $
629  373 4896 $
630  375 3577 $
631  376 7008 $
632  377 7007 $
633  381 4783 $
634  382 6004 $
635  386 2283 $
636  387 2282 $
637  388 6723 $
638  389 6721 $
639  397 7296 $
640  398 2428 $
641  404 2491 $
642  405 6008 $
643  408 6007 $
644  409 5999 $
645  410 6005 $
646  412 4500 $
647  413 6424 $
648  423 2434 $
649  424 6713 $
650  429 5633 $
651  430 5118 $
652  434 4729 $
653  435 2430 $
654  437 1991 $
655  440 700 $
656  442 443 $
657  446 5760 $
658  452 6523 $
659  454 3628 $
660  455 3629 $
661  458 2653 $
662  471 6725 $
663  473 5933 $
664  474 5934 $
665  478 2657 $
666  482 5598 $
667  496 6963 $
668  497 6964 $
669  500 1677 $
670  501 5647 $
671  504 2255 $
672  505 6733 $
673  506 3694 $
674  512 2440 $
675  513 2270 $
676  517 6398 $
677  528 3478 $
678  531 3475 $
679  532 2026 $
680  539 4938 $
681  545 5530 $
682  546 2425 $
683  550 5211 $
684  561 6236 $
685  580 2980 $
686  589 7298 $
687  594 2313 $
688  600 6422 $
689  604 973 $
690  605 6856 $
691  607 6920 $
692  608 5100 $
693  609 6595 $
694  614 4824 $
695  619 6187 $
696  624 680 $
697  642 2461 $
698  644 5415 $
699  645 5105 $
700  656 2902 $
701  657 6521 $
702  658 6706 $
703  659 6705 $
704  660 2252 $
705  663 5948 $
706  664 5949 $
707  667 5264 $
708  668 5778 $
709  671 3170 $
710  682 6389 $
711  684 3631 $
712  689 3511 $
713  695 1197 $
714  706 6380 $
715  707 6379 $
716  710 6376 $
717  711 6375 $
718  712 6374 $
719  713 6373 $
720  715 6371 $
721  718 6366 $
722  720 2275 $
723  723 1311 $
724  725 7089 $
725  736 1624 $
726  745 3833 $
727  757 4530 $
728  766 5563 $
729  767 5562 $
730  768 5932 $
731  772 6913 $
732  773 7254 $
733  774 6911 $
734  777 4941 $
735  779 1734 $
736  781 1022 $
737  790 5765 $
738  794 7297 $
739  797 4191 $
740  799 5996 $
741  800 3186 $
742  802 7003 $
743  811 5612 $
744  814 6891 $
745  815 4825 $
746  834 1119 $
747  835 7244 $
748  838 7015 $
749  841 3479 $
750  851 4394 $
751  854 1257 $
752  869 6463 $
753  871 7020 $
754  873 5682 $
755  876 7214 $
756  878 6628 $
757  881 5080 $
758  892 6358 $
759  893 6409 $
760  904 4065 $
761  909 4536 $
762  911 3376 $
763  913 6625 $
764  915 7310 $
765  916 2267 $
766  936 6520 $
767  939 6519 $
768  953 2382 $
769  954 2385 $
770  956 2381 $
771  959 6884 $
772  960 2889 $
773  961 2647 $
774  962 6483 $
775  975 5619 $
776  977 5002 $
777  981 6407 $
778  983 7114 $
779  985 7111 $
780  988 7036 $
781  993 2531 $
782  994 1911 $
783  995 1910 $
784  996 2220 $
785  999 3388 $
786  1000 5893 $
787  1002 1615 $
788  1004 5880 $
789  1014 3866 $
790  1020 1021 $
791  1023 3745 $
792  1028 6408 $
793  1036 1040 $
794  1041 3356 $
795  1044 7040 $
796  1056 4913 $
797  1062 5022 $
798  1063 6728 $
799  1067 6939 $
800  1070 5135 $
801  1071 5134 $
802  1072 5115 $
803  1073 5099 $
804  1074 5746 $
805  1084 5098 $
806  1085 6488 $
807  1091 5073 $
808  1095 6190 $
809  1097 4662 $
810  1098 4660 $
811  1102 4659 $
812  1103 4658 $
813  1105 2542 $
814  1106 6361 $
815  1111 5470 $
816  1112 7239 $
817  1125 6886 $
818  1141 5936 $
819  1146 4598 $
820  1153 5957 $
821  1156 5959 $
822  1158 6888 $
823  1159 6525 $
824  1160 6526 $
825  1161 6527 $
826  1162 6528 $
827  1164 5754 $
828  1166 5046 $
829  1167 5781 $
830  1175 3700 $
831  1179 5017 $
832  1188 7087 $
833  1191 5823 $
834  1193 5824 $
835  1206 4776 $
836  1207 2229 $
837  1208 2221 $
838  1212 2837 $
839  1214 6724 $
840  1218 2072 $
841  1226 6707 $
842  1227 3054 $
843  1230 2845 $
844  1231 6708 $
845  1232 6709 $
846  1233 6710 $
847  1234 6711 $
848  1236 3963 $
849  1242 2174 $
850  1246 5750 $
851  1247 5595 $
852  1248 5596 $
853  1252 5599 $
854  1253 5600 $
855  1258 5601 $
856  1259 5602 $
857  1266 5588 $
858  1268 5688 $
859  1270 5689 $
860  1271 5690 $
861  1273 5691 $
862  1275 5692 $
863  1292 3171 $
864  1294 5708 $
865  1301 6984 $
866  1302 2938 $
867  1308 2236 $
868  1309 2656 $
869  1312 2242 $
870  1313 2250 $
871  1322 7321 $
872  1325 2635 $
873  1326 6003 $
874  1329 3508 $
875  1331 7217 $
876  1334 5055 $
877  1340 5053 $
878  1344 6658 $
879  1345 6659 $
880  1348 3001 $
881  1350 6443 $
882  1353 6441 $
883  1355 3419 $
884  1357 4541 $
885  1360 4885 $
886  1374 1985 $
887  1376 4188 $
888  1377 3044 $
889  1391 1393 $
890  1392 1394 $
891  1419 6303 $
892  1420 5459 $
893  1434 1435 $
894  1439 6618 $
895  1440 3706 $
896  1442 5007 $
897  1448 3453 $
898  1457 5632 $
899  1458 6199 $
900  1463 6200 $
901  1464 6202 $
902  1465 6203 $
903  1466 6204 $
904  1467 6205 $
905  1468 6206 $
906  1469 6207 $
907  1470 6208 $
908  1471 6209 $
909  1473 6210 $
910  1474 6211 $
911  1475 6212 $
912  1476 6213 $
913  1477 6215 $
914  1478 6216 $
915  1479 6218 $
916  1480 6219 $
917  1481 6220 $
918  1490 6223 $
919  1491 6224 $
920  1496 6225 $
921  1497 6226 $
922  1499 6227 $
923  1500 6228 $
924  1502 5532 $
925  1508 3243 $
926  1509 6229 $
927  1510 6230 $
928  1511 6231 $
929  1513 1515 $
930  1517 3645 $
931  1521 7119 $
932  1534 6636 $
933  1536 6517 $
934  1538 5723 $
935  1539 5994 $
936  1540 6319 $
937  1544 6429 $
938  1547 5870 $
939  1548 1717 $
940  1551 5049 $
941  1552 6193 $
942  1553 6194 $
943  1555 6196 $
944  1556 6197 $
945  1557 4534 $
946  1559 7136 $
947  1621 6497 $
948  1629 2363 $
949  1648 1724 $
950  1649 1725 $
951  1664 5920 $
952  1673 3474 $
953  1679 5103 $
954  1682 5001 $
955  1691 5869 $
956  1699 3633 $
957  1721 7341 $
958  1722 7342 $
959  1736 2644 $
960  1738 2833 $
961  1739 5043 $
962  1742 5709 $
963  1743 5184 $
964  1752 3196 $
965  1753 2898 $
966  1758 6823 $
967  1790 4762 $
968  1796 6354 $
969  1813 5700 $
970  1815 5439 $
971  1818 2700 $
972  1835 5051 $
973  1836 2792 $
974  1838 5739 $
975  1842 3424 $
976  1843 3423 $
977  1848 3422 $
978  1861 5422 $
979  1863 1864 $
980  1865 4745 $
981  1879 6307 $
982  1885 5179 $
983  1914 1939 $
984  1916 4372 $
985  1917 3043 $
986  1920 5789 $
987  1926 1927 $
988  1937 2745 $
989  1938 4782 $
990  1940 1941 $
991  1959 3562 $
992  1960 3561 $
993  1964 4281 $
994  2022 2023 $
995  2025 6147 $
996  2038 3644 $
997  2042 2112 $
998  2065 3632 $
999  2090 2868 $
1000 2102 5372 $
1001 2105 3907 $
1002 2110 6445 $
1003 2132 7212 $
1004 2137 3399 $
1005 2190 6621 $
1006 2195 3306 $
1007 2210 2212 $
1008 2211 5969 $
1009 2227 2228 $
1010 2232 5130 $
1011 2256 5568 $
1012 2266 3435 $
1013 2279 2711 $
1014 2288 3663 $
1015 2322 6836 $
1016 2338 5200 $
1017 2342 2720 $
1018 2365 2894 $
1019 2378 2379 $
1020 2408 3433 $
1021 2419 6327 $
1022 2420 7232 $
1023 2432 3391 $
1024 2441 5900 $
1025 2468 6692 $
1026 2474 5021 $
1027 2477 4129 $
1028 2482 3080 $
1029 2495 2794 $
1030 2496 6838 $
1031 2525 2527 $
1032 2562 5032 $
1033 2569 2570 $
1034 2584 3801 $
1035 2593 4369 $
1036 2621 2930 $
1037 2625 4091 $
1038 2626 3386 $
1039 2637 4124 $
1040 2639 4126 $
1041 2650 4669 $
1042 2693 6481 $
1043 2730 5259 $
1044 2741 5282 $
1045 2743 6410 $
1046 2750 4614 $
1047 2758 5074 $
1048 2773 7140 $
1049 2784 2785 $
1050 2807 4068 $
1051 2820 6684 $
1052 2823 6471 $
1053 2825 5095 $
1054 2846 6046 $
1055 2885 5560 $
1056 2891 3455 $
1057 2903 6946 $
1058 2933 3768 $
1059 2939 4235 $
1060 2965 4679 $
1061 2976 2981 $
1062 3042 4336 $
1063 3056 3681 $
1064 3057 6095 $
1065 3069 4571 $
1066 3079 4093 $
1067 3106 3918 $
1068 3144 3159 $
1069 3166 6480 $
1070 3184 4518 $
1071 3185 3585 $
1072 3203 4736 $
1073 3225 3877 $
1074 3241 3246 $
1075 3283 6401 $
1076 3314 5552 $
1077 3321 5420 $
1078 3331 7208 $
1079 3333 3591 $
1080 3335 3590 $
1081 3336 3589 $
1082 3337 3588 $
1083 3341 3600 $
1084 3349 6922 $
1085 3380 5529 $
1086 3409 6683 $
1087 3412 6579 $
1088 3415 4489 $
1089 3421 5199 $
1090 3440 6087 $
1091 3443 3447 $
1092 3454 6717 $
1093 3484 3878 $
1094 3504 5591 $
1095 3543 4114 $
1096 3545 5203 $
1097 3554 4282 $
1098 3578 3976 $
1099 3623 4939 $
1100 3647 4875 $
1101 3649 6356 $
1102 3659 3860 $
1103 3660 3858 $
1104 3670 3776 $
1105 3682 5303 $
1106 3683 4242 $
1107 3708 3968 $
1108 3737 6084 $
1109 3741 5753 $
1110 3744 4980 $
1111 3770 5039 $
1112 3786 4552 $
1113 3807 6170 $
1114 3821 5712 $
1115 3829 4876 $
1116 3870 3938 $
1117 3873 6080 $
1118 3888 6666 $
1119 4018 4045 $
1120 4060 4106 $
1121 4071 5629 $
1122 4086 5405 $
1123 4099 5174 $
1124 4145 5496 $
1125 4154 6522 $
1126 4169 6044 $
1127 4196 4199 $
1128 4197 4198 $
1129 4205 7024 $
1130 4216 4217 $
1131 4259 4480 $
1132 4263 5882 $
1133 4271 5389 $
1134 4306 7372 $
1135 4344 5243 $
1136 4348 4472 $
1137 4367 4965 $
1138 4371 4601 $
1139 4387 5683 $
1140 4389 6813 $
1141 4395 4863 $
1142 4410 5713 $
1143 4455 5594 $
1144 4481 4691 $
1145 4496 4727 $
1146 4556 5435 $
1147 4573 4574 $
1148 4583 6271 $
1149 4684 5229 $
1150 4685 4812 $
1151 4689 7380 $
1152 4718 7379 $
1153 4733 5176 $
1154 4794 6780 $
1155 4810 7079 $
1156 4816 7102 $
1157 4833 5637 $
1158 4834 6951 $
1159 4877 6564 $
1160 4932 5436 $
1161 4971 6156 $
1162 4989 4990 $
1163 4993 6973 $
1164 5050 5280 $
1165 5066 5117 $
1166 5082 5084 $
1167 5090 5497 $
1168 5148 6414 $
1169 5194 7104 $
1170 5218 5219 $
1171 5221 6059 $
1172 5222 6060 $
1173 5223 6061 $
1174 5235 5912 $
1175 5253 5323 $
1176 5260 6782 $
1177 5360 6548 $
1178 5373 5965 $
1179 5395 6603 $
1180 5462 5463 $
1181 5464 5521 $
1182 5478 7099 $
1183 5491 5494 $
1184 5501 6785 $
1185 5527 5986 $
1186 5539 5924 $
1187 5546 6198 $
1188 5615 5992 $
1189 5616 5991 $
1190 5774 5775 $
1191 5810 6876 $
1192 5952 6444 $
1193 6000 6933 $
1194 6076 6077 $
1195 6096 7303 $
1196 6174 6352 $
1197 6296 6301 $
1198 6334 6887 $
1199 6336 6976 $
1200 6349 6350 $
1201 6385 6704 $
1202 6446 6451 $
1203 6538 6567 $
1204 6556 6560 $
1205 6584 6849 $
1206 6650 7191 $
1207 6653 6654 $
1208 6656 6850 $
1209 6737 7329 $
1210 6757 6759 $
1211 6825 7179 $
1212 6967 6975 $
1213 6977 6978 $
1214 6980 6981 $
1215 7026 7028 $
1216 7030 7031 $
1217 7063 7068 $
1218 7066 7073 $
1219 7154 7155 $
1220 7276 7304 $
1221 7326 7327 $
1222 3 $
1223 6 $
1224 8 $
1225 9 $
1226 10 $
1227 19 $
1228 20 $
1229 22 $
1230 25 $
1231 26 $
1232 27 $
1233 30 $
1234 31 $
1235 32 $
1236 33 $
1237 36 $
1238 37 $
1239 44 $
1240 47 $
1241 48 $
1242 52 $
1243 53 $
1244 54 $
1245 55 $
1246 57 $
1247 61 $
1248 62 $
1249 64 $
1250 67 $
1251 68 $
1252 69 $
1253 70 $
1254 71 $
1255 72 $
1256 73 $
1257 76 $
1258 81 $
1259 85 $
1260 86 $
1261 88 $
1262 89 $
1263 90 $
1264 91 $
1265 93 $
1266 94 $
1267 95 $
1268 99 $
1269 101 $
1270 103 $
1271 104 $
1272 115 $
1273 116 $
1274 118 $
1275 123 $
1276 124 $
1277 125 $
1278 128 $
1279 129 $
1280 130 $
1281 131 $
1282 132 $
1283 133 $
1284 134 $
1285 135 $
1286 136 $
1287 137 $
1288 138 $
1289 144 $
1290 145 $
1291 146 $
1292 150 $
1293 151 $
1294 154 $
1295 156 $
1296 157 $
1297 158 $
1298 160 $
1299 164 $
1300 167 $
1301 170 $
1302 173 $
1303 174 $
1304 175 $
1305 181 $
1306 182 $
1307 183 $
1308 188 $
1309 190 $
1310 200 $
1311 203 $
1312 205 $
1313 207 $
1314 208 $
1315 210 $
1316 211 $
1317 212 $
1318 213 $
1319 214 $
1320 215 $
1321 219 $
1322 220 $
1323 221 $
1324 222 $
1325 224 $
1326 226 $
1327 227 $
1328 230 $
1329 236 $
1330 238 $
1331 239 $
1332 240 $
1333 242 $
1334 243 $
1335 247 $
1336 249 $
1337 250 $
1338 255 $
1339 260 $
1340 263 $
1341 264 $
1342 267 $
1343 268 $
1344 269 $
1345 270 $
1346 274 $
1347 275 $
1348 276 $
1349 280 $
1350 287 $
1351 289 $
1352 291 $
1353 292 $
1354 293 $
1355 295 $
1356 296 $
1357 300 $
1358 301 $
1359 305 $
1360 307 $
1361 308 $
1362 310 $
1363 311 $
1364 316 $
1365 317 $
1366 320 $
1367 321 $
1368 322 $
1369 323 $
1370 325 $
1371 329 $
1372 331 $
1373 334 $
1374 335 $
1375 336 $
1376 337 $
1377 339 $
1378 341 $
1379 344 $
1380 348 $
1381 349 $
1382 351 $
1383 355 $
1384 360 $
1385 361 $
1386 362 $
1387 363 $
1388 365 $
1389 366 $
1390 368 $
1391 369 $
1392 379 $
1393 385 $
1394 390 $
1395 391 $
1396 393 $
1397 394 $
1398 396 $
1399 402 $
1400 403 $
1401 406 $
1402 411 $
1403 414 $
1404 415 $
1405 416 $
1406 417 $
1407 418 $
1408 419 $
1409 420 $
1410 425 $
1411 426 $
1412 427 $
1413 428 $
1414 431 $
1415 432 $
1416 438 $
1417 439 $
1418 441 $
1419 444 $
1420 448 $
1421 449 $
1422 450 $
1423 451 $
1424 456 $
1425 457 $
1426 459 $
1427 460 $
1428 461 $
1429 463 $
1430 464 $
1431 466 $
1432 467 $
1433 468 $
1434 469 $
1435 470 $
1436 476 $
1437 477 $
1438 479 $
1439 480 $
1440 481 $
1441 483 $
1442 486 $
1443 487 $
1444 488 $
1445 489 $
1446 490 $
1447 491 $
1448 492 $
1449 493 $
1450 494 $
1451 495 $
1452 498 $
1453 499 $
1454 502 $
1455 507 $
1456 508 $
1457 509 $
1458 510 $
1459 511 $
1460 514 $
1461 515 $
1462 516 $
1463 518 $
1464 519 $
1465 520 $
1466 521 $
1467 523 $
1468 524 $
1469 525 $
1470 526 $
1471 527 $
1472 530 $
1473 533 $
1474 534 $
1475 535 $
1476 536 $
1477 538 $
1478 540 $
1479 541 $
1480 542 $
1481 543 $
1482 544 $
1483 547 $
1484 548 $
1485 549 $
1486 553 $
1487 554 $
1488 555 $
1489 556 $
1490 562 $
1491 564 $
1492 566 $
1493 567 $
1494 568 $
1495 569 $
1496 570 $
1497 571 $
1498 572 $
1499 573 $
1500 575 $
1501 576 $
1502 577 $
1503 582 $
1504 583 $
1505 584 $
1506 585 $
1507 587 $
1508 588 $
1509 590 $
1510 591 $
1511 592 $
1512 593 $
1513 595 $
1514 598 $
1515 599 $
1516 602 $
1517 603 $
1518 606 $
1519 610 $
1520 611 $
1521 612 $
1522 618 $
1523 620 $
1524 622 $
1525 623 $
1526 625 $
1527 627 $
1528 629 $
1529 630 $
1530 631 $
1531 632 $
1532 633 $
1533 634 $
1534 635 $
1535 638 $
1536 639 $
1537 640 $
1538 643 $
1539 646 $
1540 647 $
1541 649 $
1542 650 $
1543 653 $
1544 654 $
1545 655 $
1546 661 $
1547 662 $
1548 672 $
1549 673 $
1550 675 $
1551 679 $
1552 681 $
1553 683 $
1554 690 $
1555 693 $
1556 696 $
1557 699 $
1558 701 $
1559 702 $
1560 703 $
1561 704 $
1562 705 $
1563 708 $
1564 717 $
1565 721 $
1566 722 $
1567 724 $
1568 726 $
1569 727 $
1570 728 $
1571 729 $
1572 730 $
1573 731 $
1574 732 $
1575 734 $
1576 735 $
1577 737 $
1578 738 $
1579 739 $
1580 740 $
1581 743 $
1582 744 $
1583 746 $
1584 747 $
1585 748 $
1586 749 $
1587 751 $
1588 752 $
1589 753 $
1590 754 $
1591 755 $
1592 756 $
1593 760 $
1594 761 $
1595 762 $
1596 763 $
1597 764 $
1598 765 $
1599 769 $
1600 770 $
1601 771 $
1602 775 $
1603 776 $
1604 778 $
1605 780 $
1606 782 $
1607 784 $
1608 786 $
1609 789 $
1610 791 $
1611 792 $
1612 793 $
1613 795 $
1614 796 $
1615 798 $
1616 801 $
1617 803 $
1618 804 $
1619 805 $
1620 806 $
1621 807 $
1622 808 $
1623 810 $
1624 813 $
1625 816 $
1626 817 $
1627 818 $
1628 820 $
1629 824 $
1630 827 $
1631 830 $
1632 831 $
1633 836 $
1634 837 $
1635 839 $
1636 842 $
1637 843 $
1638 844 $
1639 845 $
1640 846 $
1641 847 $
1642 849 $
1643 850 $
1644 853 $
1645 855 $
1646 856 $
1647 857 $
1648 858 $
1649 860 $
1650 861 $
1651 862 $
1652 863 $
1653 864 $
1654 865 $
1655 866 $
1656 875 $
1657 882 $
1658 883 $
1659 884 $
1660 885 $
1661 886 $
1662 887 $
1663 888 $
1664 890 $
1665 891 $
1666 896 $
1667 900 $
1668 902 $
1669 903 $
1670 905 $
1671 906 $
1672 907 $
1673 908 $
1674 910 $
1675 912 $
1676 914 $
1677 917 $
1678 918 $
1679 919 $
1680 920 $
1681 921 $
1682 922 $
1683 924 $
1684 925 $
1685 926 $
1686 927 $
1687 928 $
1688 929 $
1689 930 $
1690 931 $
1691 933 $
1692 934 $
1693 935 $
1694 937 $
1695 941 $
1696 942 $
1697 944 $
1698 945 $
1699 947 $
1700 948 $
1701 949 $
1702 955 $
1703 957 $
1704 958 $
1705 963 $
1706 965 $
1707 967 $
1708 968 $
1709 970 $
1710 971 $
1711 978 $
1712 979 $
1713 980 $
1714 986 $
1715 989 $
1716 990 $
1717 992 $
1718 997 $
1719 998 $
1720 1001 $
1721 1003 $
1722 1005 $
1723 1006 $
1724 1007 $
1725 1009 $
1726 1010 $
1727 1012 $
1728 1013 $
1729 1015 $
1730 1016 $
1731 1017 $
1732 1018 $
1733 1019 $
1734 1024 $
1735 1025 $
1736 1026 $
1737 1027 $
1738 1029 $
1739 1030 $
1740 1031 $
1741 1032 $
1742 1033 $
1743 1034 $
1744 1035 $
1745 1037 $
1746 1038 $
1747 1039 $
1748 1042 $
1749 1043 $
1750 1045 $
1751 1046 $
1752 1047 $
1753 1048 $
1754 1049 $
1755 1050 $
1756 1052 $
1757 1054 $
1758 1055 $
1759 1057 $
1760 1058 $
1761 1060 $
1762 1064 $
1763 1065 $
1764 1075 $
1765 1076 $
1766 1077 $
1767 1079 $
1768 1080 $
1769 1081 $
1770 1082 $
1771 1083 $
1772 1086 $
1773 1087 $
1774 1088 $
1775 1089 $
1776 1092 $
1777 1094 $
1778 1099 $
1779 1100 $
1780 1101 $
1781 1104 $
1782 1110 $
1783 1113 $
1784 1114 $
1785 1115 $
1786 1117 $
1787 1123 $
1788 1124 $
1789 1126 $
1790 1127 $
1791 1128 $
1792 1129 $
1793 1130 $
1794 1139 $
1795 1142 $
1796 1143 $
1797 1144 $
1798 1145 $
1799 1147 $
1800 1149 $
1801 1150 $
1802 1151 $
1803 1152 $
1804 1155 $
1805 1157 $
1806 1165 $
1807 1168 $
1808 1169 $
1809 1170 $
1810 1172 $
1811 1173 $
1812 1176 $
1813 1177 $
1814 1178 $
1815 1183 $
1816 1184 $
1817 1185 $
1818 1186 $
1819 1189 $
1820 1190 $
1821 1192 $
1822 1194 $
1823 1195 $
1824 1196 $
1825 1198 $
1826 1199 $
1827 1200 $
1828 1202 $
1829 1204 $
1830 1205 $
1831 1209 $
1832 1210 $
1833 1211 $
1834 1213 $
1835 1215 $
1836 1216 $
1837 1217 $
1838 1220 $
1839 1223 $
1840 1228 $
1841 1229 $
1842 1235 $
1843 1237 $
1844 1238 $
1845 1240 $
1846 1241 $
1847 1244 $
1848 1245 $
1849 1249 $
1850 1250 $
1851 1254 $
1852 1255 $
1853 1256 $
1854 1260 $
1855 1262 $
1856 1263 $
1857 1264 $
1858 1265 $
1859 1269 $
1860 1272 $
1861 1274 $
1862 1277 $
1863 1278 $
1864 1279 $
1865 1280 $
1866 1281 $
1867 1282 $
1868 1288 $
1869 1293 $
1870 1295 $
1871 1296 $
1872 1297 $
1873 1298 $
1874 1299 $
1875 1300 $
1876 1314 $
1877 1315 $
1878 1316 $
1879 1317 $
1880 1318 $
1881 1319 $
1882 1321 $
1883 1323 $
1884 1324 $
1885 1327 $
1886 1330 $
1887 1336 $
1888 1339 $
1889 1342 $
1890 1343 $
1891 1347 $
1892 1349 $
1893 1351 $
1894 1354 $
1895 1356 $
1896 1361 $
1897 1362 $
1898 1364 $
1899 1365 $
1900 1366 $
1901 1368 $
1902 1369 $
1903 1370 $
1904 1371 $
1905 1375 $
1906 1378 $
1907 1380 $
1908 1382 $
1909 1384 $
1910 1385 $
1911 1386 $
1912 1387 $
1913 1389 $
1914 1390 $
1915 1395 $
1916 1396 $
1917 1397 $
1918 1398 $
1919 1401 $
1920 1402 $
1921 1403 $
1922 1404 $
1923 1405 $
1924 1406 $
1925 1410 $
1926 1411 $
1927 1412 $
1928 1413 $
1929 1414 $
1930 1415 $
1931 1416 $
1932 1417 $
1933 1418 $
1934 1422 $
1935 1423 $
1936 1424 $
1937 1425 $
1938 1427 $
1939 1428 $
1940 1429 $
1941 1430 $
1942 1431 $
1943 1432 $
1944 1433 $
1945 1437 $
1946 1438 $
1947 1447 $
1948 1451 $
1949 1452 $
1950 1453 $
1951 1455 $
1952 1456 $
1953 1459 $
1954 1460 $
1955 1461 $
1956 1472 $
1957 1482 $
1958 1483 $
1959 1484 $
1960 1485 $
1961 1486 $
1962 1487 $
1963 1493 $
1964 1494 $
1965 1495 $
1966 1507 $
1967 1512 $
1968 1518 $
1969 1519 $
1970 1523 $
1971 1524 $
1972 1525 $
1973 1526 $
1974 1527 $
1975 1528 $
1976 1530 $
1977 1531 $
1978 1532 $
1979 1533 $
1980 1535 $
1981 1537 $
1982 1541 $
1983 1542 $
1984 1543 $
1985 1545 $
1986 1546 $
1987 1550 $
1988 1560 $
1989 1561 $
1990 1562 $
1991 1564 $
1992 1565 $
1993 1566 $
1994 1568 $
1995 1570 $
1996 1573 $
1997 1574 $
1998 1575 $
1999 1576 $
2000 1579 $
2001 1580 $
2002 1581 $
2003 1582 $
2004 1584 $
2005 1585 $
2006 1587 $
2007 1588 $
2008 1590 $
2009 1592 $
2010 1593 $
2011 1594 $
2012 1595 $
2013 1596 $
2014 1597 $
2015 1600 $
2016 1601 $
2017 1603 $
2018 1606 $
2019 1607 $
2020 1609 $
2021 1610 $
2022 1612 $
2023 1613 $
2024 1614 $
2025 1616 $
2026 1617 $
2027 1618 $
2028 1619 $
2029 1620 $
2030 1622 $
2031 1623 $
2032 1627 $
2033 1628 $
2034 1630 $
2035 1632 $
2036 1633 $
2037 1634 $
2038 1637 $
2039 1638 $
2040 1640 $
2041 1641 $
2042 1642 $
2043 1644 $
2044 1645 $
2045 1646 $
2046 1650 $
2047 1652 $
2048 1653 $
2049 1654 $
2050 1655 $
2051 1656 $
2052 1657 $
2053 1658 $
2054 1659 $
2055 1660 $
2056 1662 $
2057 1663 $
2058 1667 $
2059 1668 $
2060 1669 $
2061 1670 $
2062 1675 $
2063 1676 $
2064 1678 $
2065 1680 $
2066 1681 $
2067 1683 $
2068 1684 $
2069 1685 $
2070 1686 $
2071 1687 $
2072 1688 $
2073 1689 $
2074 1692 $
2075 1693 $
2076 1694 $
2077 1695 $
2078 1696 $
2079 1697 $
2080 1701 $
2081 1703 $
2082 1704 $
2083 1705 $
2084 1706 $
2085 1707 $
2086 1708 $
2087 1709 $
2088 1710 $
2089 1711 $
2090 1712 $
2091 1713 $
2092 1714 $
2093 1715 $
2094 1716 $
2095 1719 $
2096 1720 $
2097 1726 $
2098 1727 $
2099 1728 $
2100 1729 $
2101 1731 $
2102 1733 $
2103 1735 $
2104 1737 $
2105 1740 $
2106 1741 $
2107 1744 $
2108 1746 $
2109 1747 $
2110 1748 $
2111 1749 $
2112 1750 $
2113 1751 $
2114 1754 $
2115 1756 $
2116 1757 $
2117 1759 $
2118 1760 $
2119 1761 $
2120 1762 $
2121 1763 $
2122 1764 $
2123 1765 $
2124 1767 $
2125 1768 $
2126 1769 $
2127 1771 $
2128 1772 $
2129 1774 $
2130 1775 $
2131 1776 $
2132 1777 $
2133 1778 $
2134 1779 $
2135 1783 $
2136 1784 $
2137 1787 $
2138 1788 $
2139 1792 $
2140 1793 $
2141 1795 $
2142 1797 $
2143 1798 $
2144 1799 $
2145 1800 $
2146 1801 $
2147 1802 $
2148 1803 $
2149 1804 $
2150 1805 $
2151 1806 $
2152 1809 $
2153 1810 $
2154 1811 $
2155 1812 $
2156 1814 $
2157 1819 $
2158 1824 $
2159 1825 $
2160 1826 $
2161 1827 $
2162 1828 $
2163 1830 $
2164 1831 $
2165 1832 $
2166 1833 $
2167 1834 $
2168 1837 $
2169 1839 $
2170 1841 $
2171 1844 $
2172 1845 $
2173 1849 $
2174 1850 $
2175 1851 $
2176 1852 $
2177 1853 $
2178 1854 $
2179 1855 $
2180 1856 $
2181 1857 $
2182 1859 $
2183 1860 $
2184 1862 $
2185 1874 $
2186 1880 $
2187 1882 $
2188 1883 $
2189 1886 $
2190 1887 $
2191 1888 $
2192 1889 $
2193 1890 $
2194 1891 $
2195 1894 $
2196 1895 $
2197 1898 $
2198 1900 $
2199 1901 $
2200 1902 $
2201 1907 $
2202 1913 $
2203 1918 $
2204 1919 $
2205 1921 $
2206 1922 $
2207 1923 $
2208 1924 $
2209 1925 $
2210 1929 $
2211 1930 $
2212 1931 $
2213 1932 $
2214 1933 $
2215 1934 $
2216 1936 $
2217 1942 $
2218 1943 $
2219 1946 $
2220 1947 $
2221 1948 $
2222 1949 $
2223 1950 $
2224 1955 $
2225 1965 $
2226 1966 $
2227 1971 $
2228 1972 $
2229 1973 $
2230 1976 $
2231 1977 $
2232 1978 $
2233 1979 $
2234 1980 $
2235 1983 $
2236 1986 $
2237 1987 $
2238 1988 $
2239 1989 $
2240 1990 $
2241 1993 $
2242 1997 $
2243 2001 $
2244 2003 $
2245 2004 $
2246 2005 $
2247 2006 $
2248 2007 $
2249 2010 $
2250 2015 $
2251 2016 $
2252 2021 $
2253 2024 $
2254 2045 $
2255 2047 $
2256 2048 $
2257 2051 $
2258 2067 $
2259 2073 $
2260 2074 $
2261 2075 $
2262 2078 $
2263 2079 $
2264 2086 $
2265 2087 $
2266 2088 $
2267 2091 $
2268 2093 $
2269 2094 $
2270 2104 $
2271 2129 $
2272 2130 $
2273 2133 $
2274 2134 $
2275 2136 $
2276 2138 $
2277 2139 $
2278 2146 $
2279 2147 $
2280 2151 $
2281 2152 $
2282 2153 $
2283 2155 $
2284 2156 $
2285 2161 $
2286 2163 $
2287 2169 $
2288 2184 $
2289 2185 $
2290 2187 $
2291 2188 $
2292 2193 $
2293 2198 $
2294 2207 $
2295 2208 $
2296 2213 $
2297 2218 $
2298 2222 $
2299 2223 $
2300 2224 $
2301 2225 $
2302 2226 $
2303 2230 $
2304 2237 $
2305 2238 $
2306 2241 $
2307 2244 $
2308 2248 $
2309 2249 $
2310 2251 $
2311 2257 $
2312 2259 $
2313 2260 $
2314 2262 $
2315 2264 $
2316 2265 $
2317 2268 $
2318 2269 $
2319 2271 $
2320 2272 $
2321 2273 $
2322 2274 $
2323 2284 $
2324 2287 $
2325 2296 $
2326 2299 $
2327 2304 $
2328 2310 $
2329 2311 $
2330 2314 $
2331 2316 $
2332 2318 $
2333 2319 $
2334 2331 $
2335 2341 $
2336 2346 $
2337 2347 $
2338 2349 $
2339 2350 $
2340 2362 $
2341 2367 $
2342 2368 $
2343 2369 $
2344 2370 $
2345 2371 $
2346 2383 $
2347 2386 $
2348 2399 $
2349 2403 $
2350 2404 $
2351 2406 $
2352 2407 $
2353 2411 $
2354 2414 $
2355 2421 $
2356 2422 $
2357 2423 $
2358 2426 $
2359 2431 $
2360 2435 $
2361 2436 $
2362 2438 $
2363 2439 $
2364 2442 $
2365 2443 $
2366 2447 $
2367 2448 $
2368 2449 $
2369 2450 $
2370 2451 $
2371 2452 $
2372 2453 $
2373 2454 $
2374 2455 $
2375 2456 $
2376 2457 $
2377 2458 $
2378 2462 $
2379 2463 $
2380 2465 $
2381 2469 $
2382 2470 $
2383 2471 $
2384 2472 $
2385 2475 $
2386 2479 $
2387 2480 $
2388 2483 $
2389 2494 $
2390 2497 $
2391 2498 $
2392 2499 $
2393 2500 $
2394 2501 $
2395 2502 $
2396 2503 $
2397 2504 $
2398 2505 $
2399 2506 $
2400 2507 $
2401 2508 $
2402 2509 $
2403 2510 $
2404 2511 $
2405 2512 $
2406 2513 $
2407 2514 $
2408 2515 $
2409 2516 $
2410 2517 $
2411 2518 $
2412 2519 $
2413 2520 $
2414 2521 $
2415 2522 $
2416 2523 $
2417 2524 $
2418 2526 $
2419 2528 $
2420 2534 $
2421 2535 $
2422 2541 $
2423 2543 $
2424 2544 $
2425 2546 $
2426 2550 $
2427 2551 $
2428 2552 $
2429 2553 $
2430 2558 $
2431 2559 $
2432 2563 $
2433 2564 $
2434 2565 $
2435 2572 $
2436 2577 $
2437 2578 $
2438 2579 $
2439 2581 $
2440 2589 $
2441 2594 $
2442 2596 $
2443 2597 $
2444 2598 $
2445 2599 $
2446 2600 $
2447 2601 $
2448 2602 $
2449 2603 $
2450 2604 $
2451 2605 $
2452 2606 $
2453 2607 $
2454 2608 $
2455 2610 $
2456 2611 $
2457 2613 $
2458 2614 $
2459 2616 $
2460 2617 $
2461 2618 $
2462 2619 $
2463 2620 $
2464 2622 $
2465 2624 $
2466 2632 $
2467 2634 $
2468 2636 $
2469 2638 $
2470 2645 $
2471 2646 $
2472 2649 $
2473 2651 $
2474 2655 $
2475 2658 $
2476 2659 $
2477 2661 $
2478 2662 $
2479 2664 $
2480 2673 $
2481 2674 $
2482 2678 $
2483 2679 $
2484 2680 $
2485 2681 $
2486 2685 $
2487 2686 $
2488 2688 $
2489 2689 $
2490 2691 $
2491 2692 $
2492 2694 $
2493 2698 $
2494 2703 $
2495 2704 $
2496 2706 $
2497 2707 $
2498 2708 $
2499 2709 $
2500 2712 $
2501 2713 $
2502 2721 $
2503 2722 $
2504 2727 $
2505 2729 $
2506 2731 $
2507 2732 $
2508 2736 $
2509 2738 $
2510 2742 $
2511 2748 $
2512 2752 $
2513 2755 $
2514 2756 $
2515 2759 $
2516 2760 $
2517 2766 $
2518 2769 $
2519 2779 $
2520 2782 $
2521 2787 $
2522 2788 $
2523 2789 $
2524 2790 $
2525 2793 $
2526 2795 $
2527 2796 $
2528 2797 $
2529 2798 $
2530 2799 $
2531 2800 $
2532 2801 $
2533 2802 $
2534 2803 $
2535 2804 $
2536 2806 $
2537 2808 $
2538 2809 $
2539 2810 $
2540 2812 $
2541 2813 $
2542 2821 $
2543 2822 $
2544 2824 $
2545 2826 $
2546 2827 $
2547 2828 $
2548 2829 $
2549 2831 $
2550 2834 $
2551 2836 $
2552 2838 $
2553 2840 $
2554 2841 $
2555 2843 $
2556 2844 $
2557 2848 $
2558 2849 $
2559 2851 $
2560 2860 $
2561 2861 $
2562 2863 $
2563 2864 $
2564 2865 $
2565 2882 $
2566 2896 $
2567 2901 $
2568 2904 $
2569 2913 $
2570 2914 $
2571 2917 $
2572 2918 $
2573 2919 $
2574 2923 $
2575 2925 $
2576 2926 $
2577 2928 $
2578 2931 $
2579 2932 $
2580 2934 $
2581 2940 $
2582 2941 $
2583 2942 $
2584 2944 $
2585 2946 $
2586 2947 $
2587 2948 $
2588 2952 $
2589 2953 $
2590 2954 $
2591 2958 $
2592 2964 $
2593 2966 $
2594 2968 $
2595 2972 $
2596 2973 $
2597 2974 $
2598 2975 $
2599 2979 $
2600 2982 $
2601 2983 $
2602 2984 $
2603 2985 $
2604 2989 $
2605 2990 $
2606 2991 $
2607 2992 $
2608 2994 $
2609 2995 $
2610 3000 $
2611 3002 $
2612 3003 $
2613 3005 $
2614 3007 $
2615 3008 $
2616 3009 $
2617 3012 $
2618 3014 $
2619 3017 $
2620 3021 $
2621 3023 $
2622 3024 $
2623 3025 $
2624 3030 $
2625 3031 $
2626 3039 $
2627 3040 $
2628 3049 $
2629 3058 $
2630 3061 $
2631 3062 $
2632 3064 $
2633 3065 $
2634 3066 $
2635 3067 $
2636 3078 $
2637 3081 $
2638 3084 $
2639 3095 $
2640 3096 $
2641 3100 $
2642 3102 $
2643 3104 $
2644 3107 $
2645 3111 $
2646 3116 $
2647 3117 $
2648 3119 $
2649 3123 $
2650 3131 $
2651 3133 $
2652 3134 $
2653 3138 $
2654 3139 $
2655 3141 $
2656 3148 $
2657 3152 $
2658 3153 $
2659 3157 $
2660 3163 $
2661 3164 $
2662 3169 $
2663 3172 $
2664 3178 $
2665 3181 $
2666 3187 $
2667 3190 $
2668 3191 $
2669 3197 $
2670 3198 $
2671 3199 $
2672 3200 $
2673 3206 $
2674 3210 $
2675 3212 $
2676 3216 $
2677 3217 $
2678 3219 $
2679 3224 $
2680 3235 $
2681 3240 $
2682 3242 $
2683 3247 $
2684 3248 $
2685 3258 $
2686 3259 $
2687 3261 $
2688 3262 $
2689 3266 $
2690 3268 $
2691 3271 $
2692 3273 $
2693 3275 $
2694 3277 $
2695 3279 $
2696 3281 $
2697 3282 $
2698 3284 $
2699 3285 $
2700 3288 $
2701 3291 $
2702 3294 $
2703 3295 $
2704 3296 $
2705 3302 $
2706 3304 $
2707 3305 $
2708 3310 $
2709 3315 $
2710 3316 $
2711 3317 $
2712 3323 $
2713 3328 $
2714 3329 $
2715 3330 $
2716 3332 $
2717 3334 $
2718 3344 $
2719 3346 $
2720 3352 $
2721 3354 $
2722 3357 $
2723 3360 $
2724 3363 $
2725 3365 $
2726 3366 $
2727 3367 $
2728 3368 $
2729 3369 $
2730 3371 $
2731 3372 $
2732 3373 $
2733 3381 $
2734 3382 $
2735 3384 $
2736 3385 $
2737 3387 $
2738 3389 $
2739 3392 $
2740 3396 $
2741 3400 $
2742 3403 $
2743 3404 $
2744 3405 $
2745 3406 $
2746 3407 $
2747 3408 $
2748 3418 $
2749 3420 $
2750 3426 $
2751 3434 $
2752 3436 $
2753 3437 $
2754 3439 $
2755 3449 $
2756 3451 $
2757 3458 $
2758 3462 $
2759 3464 $
2760 3465 $
2761 3466 $
2762 3467 $
2763 3468 $
2764 3470 $
2765 3471 $
2766 3472 $
2767 3473 $
2768 3476 $
2769 3485 $
2770 3486 $
2771 3489 $
2772 3498 $
2773 3499 $
2774 3500 $
2775 3506 $
2776 3509 $
2777 3510 $
2778 3515 $
2779 3518 $
2780 3526 $
2781 3527 $
2782 3528 $
2783 3529 $
2784 3532 $
2785 3533 $
2786 3535 $
2787 3536 $
2788 3537 $
2789 3538 $
2790 3539 $
2791 3540 $
2792 3546 $
2793 3547 $
2794 3548 $
2795 3560 $
2796 3568 $
2797 3569 $
2798 3571 $
2799 3572 $
2800 3575 $
2801 3576 $
2802 3579 $
2803 3580 $
2804 3583 $
2805 3592 $
2806 3593 $
2807 3595 $
2808 3596 $
2809 3597 $
2810 3598 $
2811 3599 $
2812 3601 $
2813 3602 $
2814 3603 $
2815 3604 $
2816 3605 $
2817 3606 $
2818 3607 $
2819 3608 $
2820 3609 $
2821 3611 $
2822 3612 $
2823 3614 $
2824 3615 $
2825 3616 $
2826 3617 $
2827 3618 $
2828 3619 $
2829 3620 $
2830 3621 $
2831 3622 $
2832 3625 $
2833 3630 $
2834 3637 $
2835 3638 $
2836 3640 $
2837 3641 $
2838 3642 $
2839 3643 $
2840 3646 $
2841 3648 $
2842 3652 $
2843 3653 $
2844 3662 $
2845 3664 $
2846 3666 $
2847 3671 $
2848 3672 $
2849 3687 $
2850 3688 $
2851 3689 $
2852 3690 $
2853 3695 $
2854 3696 $
2855 3713 $
2856 3714 $
2857 3715 $
2858 3716 $
2859 3717 $
2860 3720 $
2861 3724 $
2862 3725 $
2863 3729 $
2864 3730 $
2865 3731 $
2866 3739 $
2867 3740 $
2868 3742 $
2869 3743 $
2870 3746 $
2871 3747 $
2872 3748 $
2873 3749 $
2874 3750 $
2875 3751 $
2876 3754 $
2877 3759 $
2878 3760 $
2879 3765 $
2880 3767 $
2881 3769 $
2882 3773 $
2883 3775 $
2884 3777 $
2885 3781 $
2886 3782 $
2887 3789 $
2888 3790 $
2889 3791 $
2890 3792 $
2891 3793 $
2892 3795 $
2893 3796 $
2894 3798 $
2895 3799 $
2896 3800 $
2897 3810 $
2898 3811 $
2899 3813 $
2900 3818 $
2901 3819 $
2902 3820 $
2903 3825 $
2904 3830 $
2905 3831 $
2906 3835 $
2907 3840 $
2908 3841 $
2909 3845 $
2910 3848 $
2911 3849 $
2912 3859 $
2913 3861 $
2914 3862 $
2915 3863 $
2916 3864 $
2917 3865 $
2918 3872 $
2919 3874 $
2920 3875 $
2921 3876 $
2922 3880 $
2923 3881 $
2924 3882 $
2925 3890 $
2926 3892 $
2927 3893 $
2928 3894 $
2929 3895 $
2930 3897 $
2931 3900 $
2932 3901 $
2933 3902 $
2934 3909 $
2935 3911 $
2936 3916 $
2937 3925 $
2938 3929 $
2939 3934 $
2940 3935 $
2941 3937 $
2942 3939 $
2943 3941 $
2944 3944 $
2945 3945 $
2946 3946 $
2947 3951 $
2948 3952 $
2949 3953 $
2950 3955 $
2951 3957 $
2952 3960 $
2953 3971 $
2954 3974 $
2955 3983 $
2956 3984 $
2957 3990 $
2958 3996 $
2959 4004 $
2960 4011 $
2961 4013 $
2962 4016 $
2963 4025 $
2964 4026 $
2965 4030 $
2966 4032 $
2967 4036 $
2968 4037 $
2969 4038 $
2970 4042 $
2971 4047 $
2972 4048 $
2973 4049 $
2974 4050 $
2975 4052 $
2976 4055 $
2977 4056 $
2978 4057 $
2979 4058 $
2980 4059 $
2981 4063 $
2982 4064 $
2983 4070 $
2984 4075 $
2985 4077 $
2986 4079 $
2987 4081 $
2988 4083 $
2989 4085 $
2990 4087 $
2991 4088 $
2992 4089 $
2993 4090 $
2994 4094 $
2995 4096 $
2996 4097 $
2997 4098 $
2998 4100 $
2999 4101 $
3000 4102 $
3001 4103 $
3002 4105 $
3003 4107 $
3004 4110 $
3005 4118 $
3006 4122 $
3007 4125 $
3008 4128 $
3009 4133 $
3010 4138 $
3011 4139 $
3012 4140 $
3013 4141 $
3014 4143 $
3015 4144 $
3016 4147 $
3017 4148 $
3018 4149 $
3019 4150 $
3020 4151 $
3021 4152 $
3022 4153 $
3023 4155 $
3024 4156 $
3025 4157 $
3026 4158 $
3027 4164 $
3028 4167 $
3029 4173 $
3030 4177 $
3031 4182 $
3032 4187 $
3033 4192 $
3034 4195 $
3035 4200 $
3036 4201 $
3037 4206 $
3038 4213 $
3039 4222 $
3040 4224 $
3041 4226 $
3042 4234 $
3043 4236 $
3044 4245 $
3045 4250 $
3046 4253 $
3047 4256 $
3048 4272 $
3049 4278 $
3050 4287 $
3051 4288 $
3052 4290 $
3053 4293 $
3054 4294 $
3055 4299 $
3056 4305 $
3057 4308 $
3058 4309 $
3059 4315 $
3060 4317 $
3061 4318 $
3062 4319 $
3063 4323 $
3064 4325 $
3065 4327 $
3066 4328 $
3067 4329 $
3068 4340 $
3069 4342 $
3070 4347 $
3071 4350 $
3072 4354 $
3073 4355 $
3074 4364 $
3075 4365 $
3076 4366 $
3077 4370 $
3078 4373 $
3079 4375 $
3080 4381 $
3081 4396 $
3082 4397 $
3083 4398 $
3084 4401 $
3085 4407 $
3086 4412 $
3087 4413 $
3088 4414 $
3089 4415 $
3090 4417 $
3091 4419 $
3092 4436 $
3093 4442 $
3094 4450 $
3095 4451 $
3096 4453 $
3097 4454 $
3098 4456 $
3099 4461 $
3100 4462 $
3101 4473 $
3102 4474 $
3103 4476 $
3104 4479 $
3105 4483 $
3106 4484 $
3107 4485 $
3108 4490 $
3109 4494 $
3110 4497 $
3111 4508 $
3112 4517 $
3113 4519 $
3114 4520 $
3115 4521 $
3116 4522 $
3117 4523 $
3118 4525 $
3119 4529 $
3120 4532 $
3121 4533 $
3122 4538 $
3123 4539 $
3124 4542 $
3125 4545 $
3126 4547 $
3127 4548 $
3128 4550 $
3129 4553 $
3130 4554 $
3131 4555 $
3132 4557 $
3133 4558 $
3134 4559 $
3135 4560 $
3136 4561 $
3137 4568 $
3138 4570 $
3139 4575 $
3140 4576 $
3141 4577 $
3142 4578 $
3143 4579 $
3144 4582 $
3145 4584 $
3146 4585 $
3147 4586 $
3148 4587 $
3149 4588 $
3150 4590 $
3151 4594 $
3152 4600 $
3153 4606 $
3154 4608 $
3155 4612 $
3156 4619 $
3157 4620 $
3158 4622 $
3159 4636 $
3160 4637 $
3161 4640 $
3162 4641 $
3163 4642 $
3164 4643 $
3165 4644 $
3166 4645 $
3167 4646 $
3168 4647 $
3169 4648 $
3170 4649 $
3171 4650 $
3172 4651 $
3173 4652 $
3174 4653 $
3175 4654 $
3176 4655 $
3177 4656 $
3178 4661 $
3179 4665 $
3180 4666 $
3181 4667 $
3182 4671 $
3183 4672 $
3184 4673 $
3185 4674 $
3186 4677 $
3187 4678 $
3188 4681 $
3189 4682 $
3190 4683 $
3191 4687 $
3192 4692 $
3193 4693 $
3194 4694 $
3195 4695 $
3196 4696 $
3197 4699 $
3198 4702 $
3199 4704 $
3200 4705 $
3201 4706 $
3202 4707 $
3203 4708 $
3204 4710 $
3205 4711 $
3206 4712 $
3207 4713 $
3208 4714 $
3209 4715 $
3210 4716 $
3211 4717 $
3212 4722 $
3213 4723 $
3214 4724 $
3215 4725 $
3216 4730 $
3217 4732 $
3218 4737 $
3219 4738 $
3220 4739 $
3221 4740 $
3222 4741 $
3223 4744 $
3224 4747 $
3225 4749 $
3226 4750 $
3227 4752 $
3228 4754 $
3229 4755 $
3230 4759 $
3231 4761 $
3232 4763 $
3233 4764 $
3234 4771 $
3235 4777 $
3236 4785 $
3237 4786 $
3238 4787 $
3239 4788 $
3240 4790 $
3241 4792 $
3242 4793 $
3243 4795 $
3244 4800 $
3245 4801 $
3246 4803 $
3247 4804 $
3248 4806 $
3249 4808 $
3250 4815 $
3251 4826 $
3252 4827 $
3253 4830 $
3254 4837 $
3255 4839 $
3256 4840 $
3257 4841 $
3258 4842 $
3259 4851 $
3260 4859 $
3261 4860 $
3262 4867 $
3263 4869 $
3264 4873 $
3265 4878 $
3266 4879 $
3267 4880 $
3268 4883 $
3269 4886 $
3270 4887 $
3271 4888 $
3272 4889 $
3273 4893 $
3274 4895 $
3275 4902 $
3276 4903 $
3277 4904 $
3278 4910 $
3279 4911 $
3280 4912 $
3281 4914 $
3282 4917 $
3283 4918 $
3284 4922 $
3285 4923 $
3286 4924 $
3287 4926 $
3288 4927 $
3289 4931 $
3290 4933 $
3291 4937 $
3292 4942 $
3293 4943 $
3294 4944 $
3295 4946 $
3296 4949 $
3297 4950 $
3298 4952 $
3299 4955 $
3300 4956 $
3301 4957 $
3302 4964 $
3303 4966 $
3304 4967 $
3305 4970 $
3306 4975 $
3307 4976 $
3308 4983 $
3309 4985 $
3310 4986 $
3311 4988 $
3312 4991 $
3313 4992 $
3314 4994 $
3315 4995 $
3316 4996 $
3317 4997 $
3318 4998 $
3319 4999 $
3320 5003 $
3321 5006 $
3322 5008 $
3323 5009 $
3324 5010 $
3325 5014 $
3326 5018 $
3327 5019 $
3328 5020 $
3329 5023 $
3330 5024 $
3331 5025 $
3332 5029 $
3333 5030 $
3334 5031 $
3335 5044 $
3336 5045 $
3337 5048 $
3338 5052 $
3339 5060 $
3340 5061 $
3341 5062 $
3342 5075 $
3343 5076 $
3344 5081 $
3345 5083 $
3346 5085 $
3347 5088 $
3348 5089 $
3349 5096 $
3350 5112 $
3351 5114 $
3352 5120 $
3353 5121 $
3354 5126 $
3355 5129 $
3356 5133 $
3357 5137 $
3358 5138 $
3359 5139 $
3360 5140 $
3361 5142 $
3362 5144 $
3363 5146 $
3364 5147 $
3365 5150 $
3366 5151 $
3367 5153 $
3368 5156 $
3369 5158 $
3370 5161 $
3371 5167 $
3372 5168 $
3373 5169 $
3374 5172 $
3375 5175 $
3376 5180 $
3377 5182 $
3378 5187 $
3379 5188 $
3380 5196 $
3381 5197 $
3382 5198 $
3383 5202 $
3384 5212 $
3385 5213 $
3386 5214 $
3387 5215 $
3388 5217 $
3389 5224 $
3390 5228 $
3391 5230 $
3392 5231 $
3393 5234 $
3394 5236 $
3395 5245 $
3396 5247 $
3397 5257 $
3398 5258 $
3399 5263 $
3400 5269 $
3401 5275 $
3402 5278 $
3403 5287 $
3404 5290 $
3405 5291 $
3406 5292 $
3407 5293 $
3408 5294 $
3409 5299 $
3410 5301 $
3411 5302 $
3412 5307 $
3413 5309 $
3414 5310 $
3415 5311 $
3416 5312 $
3417 5314 $
3418 5317 $
3419 5318 $
3420 5319 $
3421 5320 $
3422 5325 $
3423 5326 $
3424 5328 $
3425 5331 $
3426 5332 $
3427 5333 $
3428 5336 $
3429 5339 $
3430 5343 $
3431 5348 $
3432 5352 $
3433 5354 $
3434 5355 $
3435 5356 $
3436 5361 $
3437 5370 $
3438 5374 $
3439 5378 $
3440 5382 $
3441 5383 $
3442 5384 $
3443 5394 $
3444 5396 $
3445 5399 $
3446 5407 $
3447 5408 $
3448 5413 $
3449 5418 $
3450 5424 $
3451 5427 $
3452 5428 $
3453 5429 $
3454 5432 $
3455 5437 $
3456 5440 $
3457 5441 $
3458 5446 $
3459 5447 $
3460 5449 $
3461 5454 $
3462 5465 $
3463 5472 $
3464 5473 $
3465 5481 $
3466 5484 $
3467 5486 $
3468 5487 $
3469 5488 $
3470 5489 $
3471 5490 $
3472 5492 $
3473 5493 $
3474 5495 $
3475 5500 $
3476 5502 $
3477 5503 $
3478 5505 $
3479 5510 $
3480 5518 $
3481 5523 $
3482 5531 $
3483 5548 $
3484 5549 $
3485 5557 $
3486 5558 $
3487 5559 $
3488 5561 $
3489 5565 $
3490 5566 $
3491 5570 $
3492 5571 $
3493 5572 $
3494 5574 $
3495 5577 $
3496 5578 $
3497 5580 $
3498 5582 $
3499 5585 $
3500 5589 $
3501 5593 $
3502 5604 $
3503 5607 $
3504 5608 $
3505 5609 $
3506 5610 $
3507 5614 $
3508 5620 $
3509 5621 $
3510 5625 $
3511 5626 $
3512 5627 $
3513 5630 $
3514 5631 $
3515 5634 $
3516 5639 $
3517 5640 $
3518 5642 $
3519 5643 $
3520 5644 $
3521 5645 $
3522 5658 $
3523 5659 $
3524 5661 $
3525 5662 $
3526 5665 $
3527 5667 $
3528 5669 $
3529 5670 $
3530 5671 $
3531 5672 $
3532 5673 $
3533 5674 $
3534 5675 $
3535 5676 $
3536 5677 $
3537 5680 $
3538 5681 $
3539 5693 $
3540 5696 $
3541 5702 $
3542 5704 $
3543 5707 $
3544 5711 $
3545 5718 $
3546 5719 $
3547 5721 $
3548 5726 $
3549 5728 $
3550 5731 $
3551 5732 $
3552 5733 $
3553 5735 $
3554 5738 $
3555 5740 $
3556 5741 $
3557 5743 $
3558 5748 $
3559 5751 $
3560 5752 $
3561 5755 $
3562 5758 $
3563 5764 $
3564 5766 $
3565 5769 $
3566 5770 $
3567 5771 $
3568 5773 $
3569 5779 $
3570 5780 $
3571 5782 $
3572 5783 $
3573 5784 $
3574 5785 $
3575 5787 $
3576 5788 $
3577 5790 $
3578 5791 $
3579 5795 $
3580 5796 $
3581 5797 $
3582 5798 $
3583 5799 $
3584 5802 $
3585 5803 $
3586 5804 $
3587 5805 $
3588 5807 $
3589 5812 $
3590 5815 $
3591 5816 $
3592 5817 $
3593 5818 $
3594 5821 $
3595 5822 $
3596 5829 $
3597 5830 $
3598 5833 $
3599 5834 $
3600 5835 $
3601 5836 $
3602 5839 $
3603 5843 $
3604 5853 $
3605 5854 $
3606 5856 $
3607 5857 $
3608 5858 $
3609 5859 $
3610 5860 $
3611 5861 $
3612 5862 $
3613 5863 $
3614 5864 $
3615 5867 $
3616 5868 $
3617 5879 $
3618 5881 $
3619 5885 $
3620 5894 $
3621 5902 $
3622 5903 $
3623 5906 $
3624 5907 $
3625 5909 $
3626 5910 $
3627 5911 $
3628 5913 $
3629 5915 $
3630 5917 $
3631 5921 $
3632 5922 $
3633 5931 $
3634 5937 $
3635 5938 $
3636 5940 $
3637 5941 $
3638 5942 $
3639 5943 $
3640 5950 $
3641 5956 $
3642 5961 $
3643 5962 $
3644 5964 $
3645 5966 $
3646 5968 $
3647 5970 $
3648 5971 $
3649 5976 $
3650 5977 $
3651 5979 $
3652 5982 $
3653 5985 $
3654 5987 $
3655 5998 $
3656 6002 $
3657 6006 $
3658 6009 $
3659 6010 $
3660 6011 $
3661 6012 $
3662 6014 $
3663 6015 $
3664 6018 $
3665 6019 $
3666 6020 $
3667 6024 $
3668 6029 $
3669 6034 $
3670 6040 $
3671 6043 $
3672 6045 $
3673 6048 $
3674 6057 $
3675 6063 $
3676 6066 $
3677 6069 $
3678 6070 $
3679 6071 $
3680 6073 $
3681 6074 $
3682 6079 $
3683 6082 $
3684 6083 $
3685 6086 $
3686 6097 $
3687 6105 $
3688 6110 $
3689 6115 $
3690 6120 $
3691 6131 $
3692 6137 $
3693 6138 $
3694 6139 $
3695 6160 $
3696 6161 $
3697 6165 $
3698 6176 $
3699 6180 $
3700 6186 $
3701 6188 $
3702 6201 $
3703 6214 $
3704 6217 $
3705 6232 $
3706 6234 $
3707 6237 $
3708 6239 $
3709 6241 $
3710 6242 $
3711 6245 $
3712 6247 $
3713 6250 $
3714 6251 $
3715 6253 $
3716 6254 $
3717 6255 $
3718 6256 $
3719 6257 $
3720 6259 $
3721 6261 $
3722 6262 $
3723 6268 $
3724 6269 $
3725 6273 $
3726 6274 $
3727 6275 $
3728 6276 $
3729 6277 $
3730 6280 $
3731 6282 $
3732 6283 $
3733 6285 $
3734 6289 $
3735 6291 $
3736 6293 $
3737 6294 $
3738 6302 $
3739 6304 $
3740 6305 $
3741 6306 $
3742 6309 $
3743 6313 $
3744 6315 $
3745 6316 $
3746 6317 $
3747 6318 $
3748 6322 $
3749 6326 $
3750 6328 $
3751 6329 $
3752 6330 $
3753 6331 $
3754 6335 $
3755 6340 $
3756 6341 $
3757 6342 $
3758 6343 $
3759 6346 $
3760 6347 $
3761 6351 $
3762 6364 $
3763 6365 $
3764 6368 $
3765 6378 $
3766 6382 $
3767 6383 $
3768 6384 $
3769 6386 $
3770 6388 $
3771 6390 $
3772 6396 $
3773 6399 $
3774 6400 $
3775 6402 $
3776 6404 $
3777 6411 $
3778 6412 $
3779 6413 $
3780 6417 $
3781 6418 $
3782 6419 $
3783 6421 $
3784 6426 $
3785 6428 $
3786 6430 $
3787 6432 $
3788 6438 $
3789 6439 $
3790 6447 $
3791 6448 $
3792 6449 $
3793 6450 $
3794 6454 $
3795 6474 $
3796 6477 $
3797 6482 $
3798 6487 $
3799 6489 $
3800 6490 $
3801 6491 $
3802 6492 $
3803 6494 $
3804 6495 $
3805 6496 $
3806 6504 $
3807 6505 $
3808 6511 $
3809 6512 $
3810 6513 $
3811 6514 $
3812 6515 $
3813 6524 $
3814 6530 $
3815 6533 $
3816 6534 $
3817 6535 $
3818 6537 $
3819 6539 $
3820 6540 $
3821 6543 $
3822 6544 $
3823 6545 $
3824 6546 $
3825 6547 $
3826 6550 $
3827 6552 $
3828 6563 $
3829 6565 $
3830 6566 $
3831 6568 $
3832 6569 $
3833 6570 $
3834 6571 $
3835 6574 $
3836 6578 $
3837 6590 $
3838 6591 $
3839 6592 $
3840 6597 $
3841 6598 $
3842 6599 $
3843 6600 $
3844 6601 $
3845 6602 $
3846 6605 $
3847 6606 $
3848 6607 $
3849 6620 $
3850 6622 $
3851 6623 $
3852 6624 $
3853 6629 $
3854 6630 $
3855 6631 $
3856 6637 $
3857 6640 $
3858 6642 $
3859 6643 $
3860 6644 $
3861 6646 $
3862 6647 $
3863 6648 $
3864 6649 $
3865 6652 $
3866 6655 $
3867 6662 $
3868 6663 $
3869 6665 $
3870 6667 $
3871 6669 $
3872 6673 $
3873 6676 $
3874 6677 $
3875 6678 $
3876 6681 $
3877 6682 $
3878 6685 $
3879 6687 $
3880 6689 $
3881 6699 $
3882 6703 $
3883 6712 $
3884 6718 $
3885 6719 $
3886 6727 $
3887 6730 $
3888 6731 $
3889 6732 $
3890 6735 $
3891 6738 $
3892 6740 $
3893 6744 $
3894 6746 $
3895 6748 $
3896 6755 $
3897 6758 $
3898 6761 $
3899 6764 $
3900 6765 $
3901 6767 $
3902 6769 $
3903 6774 $
3904 6775 $
3905 6776 $
3906 6783 $
3907 6784 $
3908 6787 $
3909 6789 $
3910 6790 $
3911 6791 $
3912 6792 $
3913 6794 $
3914 6795 $
3915 6796 $
3916 6801 $
3917 6803 $
3918 6804 $
3919 6806 $
3920 6808 $
3921 6810 $
3922 6817 $
3923 6819 $
3924 6832 $
3925 6833 $
3926 6835 $
3927 6837 $
3928 6839 $
3929 6842 $
3930 6844 $
3931 6845 $
3932 6847 $
3933 6851 $
3934 6852 $
3935 6859 $
3936 6860 $
3937 6861 $
3938 6862 $
3939 6890 $
3940 6896 $
3941 6899 $
3942 6900 $
3943 6901 $
3944 6902 $
3945 6903 $
3946 6905 $
3947 6908 $
3948 6912 $
3949 6914 $
3950 6918 $
3951 6923 $
3952 6925 $
3953 6926 $
3954 6929 $
3955 6930 $
3956 6931 $
3957 6934 $
3958 6935 $
3959 6936 $
3960 6937 $
3961 6938 $
3962 6940 $
3963 6957 $
3964 6962 $
3965 6968 $
3966 6970 $
3967 6971 $
3968 6972 $
3969 6987 $
3970 6988 $
3971 6992 $
3972 6993 $
3973 7002 $
3974 7006 $
3975 7010 $
3976 7011 $
3977 7012 $
3978 7017 $
3979 7021 $
3980 7022 $
3981 7025 $
3982 7032 $
3983 7034 $
3984 7037 $
3985 7038 $
3986 7039 $
3987 7043 $
3988 7047 $
3989 7048 $
3990 7049 $
3991 7051 $
3992 7061 $
3993 7070 $
3994 7071 $
3995 7072 $
3996 7074 $
3997 7077 $
3998 7078 $
3999 7080 $
4000 7083 $
4001 7084 $
4002 7085 $
4003 7088 $
4004 7090 $
4005 7096 $
4006 7098 $
4007 7100 $
4008 7101 $
4009 7105 $
4010 7106 $
4011 7112 $
4012 7115 $
4013 7116 $
4014 7118 $
4015 7120 $
4016 7123 $
4017 7128 $
4018 7143 $
4019 7145 $
4020 7147 $
4021 7148 $
4022 7150 $
4023 7152 $
4024 7156 $
4025 7157 $
4026 7162 $
4027 7165 $
4028 7166 $
4029 7167 $
4030 7168 $
4031 7169 $
4032 7172 $
4033 7175 $
4034 7177 $
4035 7181 $
4036 7182 $
4037 7183 $
4038 7185 $
4039 7186 $
4040 7194 $
4041 7196 $
4042 7199 $
4043 7200 $
4044 7201 $
4045 7202 $
4046 7203 $
4047 7204 $
4048 7218 $
4049 7222 $
4050 7226 $
4051 7228 $
4052 7229 $
4053 7231 $
4054 7233 $
4055 7234 $
4056 7235 $
4057 7236 $
4058 7240 $
4059 7241 $
4060 7245 $
4061 7247 $
4062 7248 $
4063 7249 $
4064 7251 $
4065 7252 $
4066 7255 $
4067 7261 $
4068 7262 $
4069 7264 $
4070 7265 $
4071 7268 $
4072 7271 $
4073 7274 $
4074 7275 $
4075 7281 $
4076 7282 $
4077 7283 $
4078 7291 $
4079 7292 $
4080 7294 $
4081 7295 $
4082 7302 $
4083 7306 $
4084 7307 $
4085 7309 $
4086 7311 $
4087 7313 $
4088 7316 $
4089 7323 $
4090 7330 $
4091 7333 $
4092 7335 $
4093 7344 $
4094 7357 $
4095 7359 $
4096 7361 $
4097 7363 $
4098 7365 $
4099 7367 $
4100 7369 $
4101 7371 $
4102 7373 $
4103 7375 $
4104 7377 $
4105 7378 $
4106 7381 $
4107 7382 $
4108 7383 $
4109 7384 $
4110 7385 $
4111 7388 $
)
