# cline: mcl /home/naiad/UFABC/LAB_Bioinfo/trabalho_final/BacterialGenomeComparison/data/pairwise_orthologs/Neisseria_gonorrhoeae_Pseudomonas_aeruginosa/OrthoFinder/Results_Apr11/WorkingDirectory/OrthoFinder_graph.txt "-I" "1.5" "-o" "/home/naiad/UFABC/LAB_Bioinfo/trabalho_final/BacterialGenomeComparison/data/pairwise_orthologs/Neisseria_gonorrhoeae_Pseudomonas_aeruginosa/OrthoFinder/Results_Apr11/WorkingDirectory/clusters_OrthoFinder_I1.5.txt" "-te" "1" "-V" "all"
(mclheader
mcltype matrix
dimensions 5521x2868
)
(mclmatrix
begin
0    38 44 67 134 144 162 169 190 200 217 227 228 243 281 298 460 490
       492 504 541 714 722 755 802 833 834 896 897 1020 1088 1151 1161
       1164 1168 1205 1222 1244 1286 1333 1336 1352 1421 1435 1444
       1595 1767 1783 1858 1887 1893 2000 2037 2094 2096 2117 2156
       2163 2165 2255 2269 2303 2312 2361 2380 2428 2462 2478 2493
       2512 2535 2540 2553 2578 2591 2596 2648 2729 2818 2898 2902
       2910 2912 2941 2943 2985 2994 3189 3191 3202 3294 3393 3470
       3507 3643 3665 3672 3708 3789 3854 3856 3925 3978 4050 4079
       4196 4233 4262 4291 4453 5002 5014 5090 5130 5187 5283 5295
       5324 5401 5452 5490 $
1    40 41 182 188 276 421 422 426 427 476 477 617 773 774 947 948
       949 1008 1119 1178 1179 1200 1201 1264 1360 1418 1458 1459 1477
       1480 1637 1662 1663 1830 1831 1854 2015 2017 2019 2031 2224
       2522 2523 2566 2567 2618 2619 2630 2633 2703 2704 2735 2736
       2863 2874 2875 2888 2945 2946 3110 3111 3143 3144 3259 3260
       3273 3275 3342 3417 3418 3538 3577 3682 3781 3782 3792 3960
       4029 4031 4058 4116 4120 4165 4187 4188 4194 4199 4204 4284
       4285 4381 4384 4470 4471 4487 4489 4584 4585 4638 4822 4873
       4874 4879 4956 4985 4986 5082 5084 5226 5269 5305 5306 5369
       5370 5468 5469 5472 $
2    84 146 193 216 289 311 336 386 619 878 912 1091 1092 1136 1267
       1277 1363 1408 1448 1496 1839 1895 1911 1986 2003 2101 2339
       2353 2375 2387 2396 2435 2442 2453 2877 2921 2976 2990 3052
       3085 3255 3281 3297 3323 3386 3447 3448 3456 3466 3479 3517
       3522 3590 3615 3685 3750 3918 3973 4020 4121 4148 4231 4246
       4280 4310 4311 4322 4547 4552 4596 4597 4686 4687 4802 4961
       4962 5009 5010 5098 5176 5196 5256 5338 5359 5474 5484 $
3    172 258 315 429 578 715 765 798 809 849 883 913 1130 1203 1250
       1256 1282 1402 1625 1645 1742 1884 2086 2137 2321 2326 2378
       2383 2531 2532 2554 2562 2601 2635 2745 2753 2981 3093 3160
       3284 3289 3340 3497 3649 3861 3909 3981 4010 4155 4179 4207
       4272 4315 4376 4527 4885 5133 5432 5450 5488 $
4    128 191 670 1042 1087 1354 1368 1401 1491 1559 1676 1838 1859
       1860 2042 2140 2186 2558 2599 2951 2956 2982 3032 3173 3195
       3241 3348 3396 3402 3459 3501 3511 3583 3587 3964 4040 4164
       4174 4183 4236 4250 4480 4884 4932 5007 5132 5254 $
5    176 253 303 378 449 488 846 857 1247 1262 1306 1314 1339 1425
       1526 1561 1868 1898 2060 2245 2315 2829 2949 3022 3072 3100
       3200 3652 3756 3798 4057 4931 4990 5085 5161 5482 $
6    178 294 299 349 591 865 879 1128 1143 1202 1454 1756 1885 2112
       2176 2249 2614 2835 2851 2883 2934 3245 3327 3383 3415 3780
       3904 4030 4420 4457 4693 4943 5029 5059 5118 $
7    459 519 520 521 762 899 1039 1041 1208 1307 1557 1657 2054 2370
       2371 2376 2392 2393 2401 2595 2597 2644 2880 2953 3671 4022
       4056 4287 4526 5079 5095 5096 5121 5292 $
8    161 447 483 686 708 799 950 1294 1326 1346 1389 1947 1960 2097
       2110 2130 2334 2443 2509 2637 2737 2975 3339 3481 3869 3984
       4256 4309 4605 4770 4806 4937 4997 $
9    907 1013 1236 1240 1241 1242 1582 1643 2036 2350 2444 2445 2446
       2469 2600 2602 2957 3369 3370 3399 3401 3646 3940 4007 4163
       4286 4313 4314 4316 4830 $
10   245 256 471 1129 1154 1233 1257 1283 1305 1337 1340 1944 2045
       2095 2515 2899 3204 3543 3651 3796 4009 4224 4275 4321 5000
       5003 5131 5264 5390 $
11   166 167 438 1252 1258 1456 2059 2434 2475 2536 2564 2572 2900
       3203 3374 3432 3474 3600 3755 3974 4294 4464 4683 4691 5263
       5339 $
12   185 189 424 1272 1445 1584 1634 1673 1968 2607 2620 2699 2701
       2853 2931 2984 3786 4378 4395 4397 4398 4611 4726 4944 5015
       5174 $
13   516 561 572 792 816 1109 1182 1237 2074 2129 2500 2610 2697 2727
       3186 3239 3963 4160 4266 4469 4888 4898 4950 5165 $
14   141 229 274 377 763 800 918 1047 1274 2023 2167 2266 2369 3580
       3648 4091 4106 4158 4210 4277 4999 5420 5481 $
15   893 1118 1120 1217 1359 1691 1984 2044 2400 2405 2495 2713 2916
       4015 4105 4235 4639 4673 4823 4953 5227 5270 $
16   214 215 290 291 312 313 334 335 621 622 1896 2385 2386 3256 3257
       3321 3322 3686 3687 4783 5322 $
17   171 198 250 300 772 979 1044 2154 2262 2465 2548 2749 2820 3104
       3666 4225 4267 4592 4998 $
18   29 881 1160 1675 1865 2161 2204 2236 2246 2320 2534 2728 3325
       3645 3707 4182 4241 5341 $
19   131 132 815 1165 1292 1542 1548 1653 2344 2867 3318 3453 3835
       4273 4866 5006 5207 5464 $
20   159 485 687 780 1324 1387 1805 1949 2090 2134 2432 2471 2511 2960
       3357 3483 3982 4996 $
21   241 493 847 1648 2127 2766 2796 2998 3014 3119 3295 3503 3585
       3664 4078 4240 5159 5182 $
22   277 1299 1681 2072 2141 2575 2892 2961 3233 3737 3877 4220 4253
       4538 4811 4818 5076 5391 $
23   140 230 332 807 886 1170 1507 2080 2120 3066 3675 4107 4157 4721
       4902 5081 5199 $
24   480 486 1053 1206 1487 1649 1682 1926 2046 2516 2878 2885 3101
       3924 3932 4492 4519 $
25   89 851 994 1061 1068 1142 1482 1696 1806 2408 2592 2964 3603 3770
       5053 5477 $
26   323 909 910 1278 1279 1364 1365 2251 2252 2988 2989 4281 4282
       5177 5258 5259 $
27   324 908 1281 1366 2253 2929 2987 3086 3551 3842 3938 3945 4283
       5178 5184 5257 $
28   547 1371 1419 1506 1788 1789 2421 2638 2963 3494 3677 3849 4004
       4159 4904 $
29   760 761 1040 1261 1655 1777 1853 2052 2830 2905 2954 3500 3669
       4418 5080 $
30   559 2557 2559 2712 3060 3469 3574 3888 4419 4707 4989 5005 5343
       5519 $
31   160 484 688 1325 1388 1948 2091 2135 2433 2510 3482 3983 4995 $
32   168 439 1457 2058 2537 2563 2570 2571 3599 3754 4295 4465 4690 $
33   194 2340 2352 2373 2397 3518 3523 3588 3970 3972 4019 5197 5485 $
34   430 1646 2351 2759 2980 2993 3743 4234 4455 4598 4854 5356 5449 $
35   441 467 2904 3068 3205 3343 3380 3416 3542 3941 4033 5151 5453 $
36   143 231 275 308 433 544 915 2458 4061 4173 4903 5421 $
37   263 437 962 1308 1629 2889 2913 3133 3413 3534 4223 5261 $
38   1081 1287 1433 2016 2142 2761 3430 3683 3980 4375 4877 4881 $
39   43 341 412 869 951 1082 1350 2145 2731 2758 3429 $
40   76 576 624 828 1713 2107 3039 3240 4024 5281 5389 $
41   101 472 1690 1834 2417 2667 2756 2774 3437 4633 5155 $
42   102 106 107 272 1533 2418 2734 3364 3562 5192 5374 $
43   238 1034 1765 2040 2598 3004 3079 3529 3667 4008 4883 $
44   251 829 1167 1593 2259 2263 2307 4181 4213 4749 5342 $
45   440 1259 2436 2538 2569 2901 3598 3977 4296 4689 5262 $
46   860 1407 1411 1413 2211 2284 3125 3287 4399 5105 5111 $
47   195 2341 2641 2642 2643 2646 3520 3524 3589 4021 $
48   239 717 1037 2155 3609 3673 3787 3827 4431 5478 $
49   434 1290 1511 2244 3532 3943 4640 5186 5249 5412 $
50   491 496 1083 1920 1982 2625 3440 4110 4254 4625 $
51   548 1048 1588 1591 1955 2362 2841 3498 4274 5417 $
52   625 661 1018 1019 1787 1939 3847 4302 4319 4855 $
53   679 1844 1906 3701 3866 4495 5024 5047 5235 5471 $
54   785 1415 3986 4353 4354 4365 4533 4841 4905 5219 $
55   803 871 1225 1245 1246 2001 2325 2627 3292 5075 $
56   858 1358 2765 2996 3158 3800 4444 4913 5087 5506 $
57   1207 2131 2372 2394 2402 2645 2647 3519 4037 4243 $
58   1376 2133 2268 2359 2997 3373 3408 4200 4443 5325 $
59   1439 1524 2075 2149 3582 4268 4792 5001 5077 5405 $
60   1613 1810 2065 2295 2740 3057 3607 4629 4929 5457 $
61   77 720 2146 3223 3722 3724 3831 3895 3933 $
62   165 246 1032 1656 2049 3242 3584 4245 4429 $
63   213 304 309 310 333 1432 2639 2760 3688 $
64   235 549 1383 1919 2357 4162 4590 5088 5409 $
65   408 409 699 2725 3170 3818 4390 4617 5316 $
66   507 1422 2051 2955 4289 4501 4853 4948 4955 $
67   719 1031 1184 1410 1412 2278 3630 4918 5101 $
68   832 1592 3190 3575 4261 5185 5411 5447 5500 $
69   1399 1493 1966 3317 3341 4027 4028 4892 4966 $
70   85 86 1698 1699 1811 2545 2776 4112 $
71   116 1341 1626 2311 2524 4663 4712 5355 $
72   302 2114 3159 3438 3676 3876 4566 4900 $
73   327 1438 3092 4228 4869 5435 5462 5463 $
74   452 2342 2764 3116 3566 3699 3955 4909 $
75   819 1946 2448 2508 3509 3868 4307 4604 $
76   822 1150 1768 2579 3874 4255 4525 5093 $
77   831 1334 2102 2121 2439 3023 3745 3893 $
78   1195 1808 2763 3611 3956 4910 4911 5285 $
79   1406 3213 3409 4153 4451 4751 5265 5451 $
80   1782 1818 2897 3083 3381 4416 4440 5128 $
81   1809 2124 2555 2561 3576 4807 5004 5518 $
82   2055 2318 2767 3394 3767 4875 4978 5218 $
83   2068 2123 2291 2624 4048 4599 4882 5416 $
84   150 867 1288 1510 2243 2663 4258 $
85   257 2634 3400 4278 4305 5327 5329 $
86   318 1260 1315 1800 1866 2584 3371 $
87   326 946 1320 1397 2308 3979 4719 $
88   346 1110 1166 1786 3324 4549 5060 $
89   465 795 4133 5239 5240 5241 5378 $
90   466 895 1253 1293 2477 3376 3976 $
91   512 1010 2172 2175 4168 4170 4746 $
92   533 988 2939 3006 3136 4410 5398 $
93   693 2723 3167 3168 4616 4641 4642 $
94   698 1404 1745 1903 3172 4392 5141 $
95   1093 1094 1987 4959 4960 5011 5012 $
96   1451 1570 1660 2481 3768 4003 4925 $
97   1546 1628 1916 1969 1970 2424 4713 $
98   1706 1959 2227 3591 4709 4720 4759 $
99   37 192 943 1138 1718 2379 $
100  145 152 1543 3238 5194 5208 $
101  149 866 1025 2576 3525 3606 $
102  186 423 1485 3421 3783 3785 $
103  196 202 203 2300 2355 4018 $
104  259 379 1450 2316 4773 4963 $
105  260 1888 2205 2240 3302 4548 $
106  280 723 2088 2247 3461 3644 $
107  305 307 1589 2079 3428 5221 $
108  347 1007 1855 2672 2832 3546 $
109  348 1799 3639 3838 4555 4557 $
110  375 2166 2310 3788 4185 5480 $
111  457 2364 2739 3508 4077 4895 $
112  468 982 1180 1999 2669 3337 $
113  487 1038 1644 4055 4930 5308 $
114  523 1807 2658 2967 2968 3013 $
115  610 712 1837 2035 3952 4264 $
116  759 1522 1601 2248 3384 3647 $
117  855 3333 3795 4650 4664 5362 $
118  894 1254 2160 3298 3485 4186 $
119  974 1502 2520 2743 4145 5347 $
120  989 1005 2866 3197 5290 5437 $
121  1191 1355 3826 4067 5357 5470 $
122  1269 1910 2565 3477 4232 5074 $
123  1392 1940 2833 3656 4303 4812 $
124  1430 3544 4485 5025 5123 5223 $
125  1545 1627 1915 1971 2423 4714 $
126  1654 1766 3080 3668 5293 5494 $
127  2201 3563 4427 5191 5418 5502 $
128  3889 4499 4572 4858 4973 5145 $
129  11 474 852 3338 4439 $
130  47 705 2506 4631 4717 $
131  83 3051 3053 4149 4685 $
132  175 363 1529 3002 4742 $
133  212 718 4251 4430 4574 $
134  221 2053 2952 3179 3717 $
135  240 2676 3592 3593 5371 $
136  267 998 1004 1975 3209 $
137  284 540 664 1565 4800 $
138  328 2047 2514 4208 4209 $
139  338 3003 3612 5021 5214 $
140  366 1158 4259 4424 5352 $
141  455 489 1441 2113 5201 $
142  456 1183 2852 5312 5498 $
143  458 902 1209 3670 3810 $
144  464 2484 4674 5041 5042 $
145  498 1384 2623 3291 3549 $
146  524 1527 1956 2028 3951 $
147  537 1576 1580 1890 4221 $
148  605 876 1185 2144 4758 $
149  669 797 1835 4668 4848 $
150  689 692 2721 3165 3166 $
151  804 1562 1917 3336 5091 $
152  1067 1829 2360 4197 4435 $
153  1075 1077 2694 2695 2696 $
154  1369 1983 3536 3829 5303 $
155  1475 1483 3313 3557 5129 $
156  1509 2389 3090 3657 3660 $
157  1573 1577 1763 2302 2525 $
158  1825 3558 3913 4071 4652 $
159  1836 2789 3229 4023 5456 $
160  1935 1936 3404 4298 4299 $
161  1954 2363 2822 3499 5422 $
162  1989 2306 2390 3638 5097 $
163  2178 3738 3817 3969 5122 $
164  2212 2800 2807 3476 3811 $
165  3248 3833 4060 4491 4941 $
166  4104 4502 4505 4507 4508 $
167  4587 4588 4591 4593 5425 $
168  13 1979 2118 2119 $
169  24 964 3631 4402 $
170  35 114 1674 2609 $
171  36 3305 5486 5496 $
172  60 1235 2125 3535 $
173  127 1396 1633 2762 $
174  181 616 2018 3959 $
175  184 425 3420 3784 $
176  201 1639 2381 4244 $
177  208 706 990 3048 $
178  209 707 991 3047 $
179  232 618 620 5086 $
180  233 1027 1275 4276 $
181  286 1022 4725 5148 $
182  296 801 1440 3303 $
183  306 545 1758 1771 $
184  314 1052 1929 2430 $
185  351 808 2911 3533 $
186  358 2398 3056 4890 $
187  365 382 1429 3114 $
188  388 592 1476 3700 $
189  395 3147 3495 4005 $
190  435 937 3000 3654 $
191  461 2742 3819 5479 $
192  469 475 1797 5302 $
193  522 529 530 532 $
194  525 526 527 528 $
195  577 671 1056 4648 $
196  700 2724 3169 4618 $
197  703 4167 4632 4718 $
198  724 900 3601 5213 $
199  747 1131 3247 4051 $
200  812 1585 1816 3188 $
201  814 2681 3760 4972 $
202  842 1530 1687 3987 $
203  850 1437 1845 2979 $
204  904 3857 4708 5271 $
205  1009 2171 4171 5392 $
206  1011 2173 4169 4747 $
207  1012 2159 3674 4483 $
208  1015 1016 3358 3405 $
209  1036 3372 4099 4886 $
210  1095 3436 4958 5013 $
211  1099 1101 1102 1103 $
212  1152 2064 2590 3462 $
213  1159 1452 1934 3553 $
214  1187 1623 2214 2730 $
215  1192 4076 4085 4535 $
216  1223 2464 2747 3926 $
217  1226 1231 2463 3309 $
218  1229 1560 2138 5501 $
219  1230 4095 4113 5351 $
220  1268 1912 3478 4230 $
221  1377 1382 2770 4736 $
222  1395 1635 3030 5278 $
223  1427 1976 4372 5404 $
224  1574 1578 1889 4222 $
225  1612 2294 3489 5117 $
226  1978 2193 4324 4705 $
227  1988 2304 2365 3640 $
228  2062 3226 3617 3636 $
229  2082 3040 3315 4635 $
230  2267 3199 3773 3908 $
231  2293 3490 4128 4239 $
232  2347 2456 2470 4317 $
233  2802 3735 4589 5330 $
234  2978 4248 4249 4803 $
235  3061 3062 3565 3570 $
236  3230 4837 5307 5442 $
237  4413 4793 5224 5225 $
238  4743 4744 4745 4748 $
239  88 1697 2407 $
240  90 1695 2409 $
241  93 1683 2406 $
242  94 1684 2411 $
243  95 1685 2412 $
244  99 1688 2415 $
245  100 1689 2416 $
246  113 2093 4771 $
247  119 534 1343 $
248  124 1345 5466 $
249  130 1204 2081 $
250  151 2473 3530 $
251  163 164 2550 $
252  173 372 1362 $
253  247 3225 5253 $
254  248 252 885 $
255  249 2675 4934 $
256  273 1534 5375 $
257  282 1652 2543 $
258  297 1443 3243 $
259  321 1790 4777 $
260  329 337 2056 $
261  331 1431 3852 $
262  367 775 5454 $
263  371 4062 4607 $
264  383 384 2012 $
265  385 1474 3824 $
266  390 4796 5146 $
267  410 1321 4046 $
268  413 3174 5126 $
269  414 454 4968 $
270  415 3614 5276 $
271  444 953 5446 $
272  462 4380 5313 $
273  505 2153 4602 $
274  508 2152 4601 $
275  509 2151 4600 $
276  542 2274 4975 $
277  550 1471 1472 $
278  556 1006 2858 $
279  565 3067 3263 $
280  613 2063 5267 $
281  614 1212 4857 $
282  665 1224 1964 $
283  668 1330 3365 $
284  672 1043 4290 $
285  727 4833 4834 $
286  741 3816 5388 $
287  744 3555 4092 $
288  779 1609 2343 $
289  784 3727 4537 $
290  789 3878 4446 $
291  837 1386 2467 $
292  848 1563 3397 $
293  856 1311 2890 $
294  888 3779 4760 $
295  906 3859 5273 $
296  999 1001 1974 $
297  1002 1173 3946 $
298  1003 3210 3211 $
299  1024 1651 2698 $
300  1035 1615 5078 $
301  1054 1059 4494 $
302  1069 1941 4304 $
303  1125 1726 5346 $
304  1169 2030 5291 $
305  1215 1851 5274 $
306  1219 1220 3548 $
307  1238 2050 3871 $
308  1297 3277 5296 $
309  1300 3219 5245 $
310  1309 2132 2636 $
311  1312 1793 4681 $
312  1316 2650 5056 $
313  1347 2812 3106 $
314  1353 1525 5460 $
315  1381 2346 3658 $
316  1385 4920 5402 $
317  1470 1494 1719 $
318  1554 2660 3026 $
319  1564 4740 4741 $
320  1619 1620 5353 $
321  1666 3310 3411 $
322  1705 3862 4036 $
323  1714 2183 2216 $
324  1716 2906 4871 $
325  1759 1760 5027 $
326  1761 2937 5026 $
327  1802 1908 5376 $
328  1812 3957 3958 $
329  1817 3264 3830 $
330  1824 3201 4820 $
331  1840 2100 4595 $
332  1841 2099 4594 $
333  1842 1843 2098 $
334  1867 2683 5127 $
335  1870 2970 4217 $
336  1904 3031 3406 $
337  1937 2907 4300 $
338  1938 3132 4301 $
339  2011 3382 4608 $
340  2021 2335 3879 $
341  2104 2105 3846 $
342  2126 2556 2560 $
343  2194 2603 4728 $
344  2198 2208 2241 $
345  2199 2206 2210 $
346  2264 2552 4125 $
347  2292 3491 4238 $
348  2297 2577 3719 $
349  2317 4087 4509 $
350  2336 3254 4184 $
351  2399 4529 4630 $
352  2466 2517 5433 $
353  2492 4894 5320 $
354  2541 3359 4704 $
355  2542 3845 4140 $
356  2573 4563 4565 $
357  2589 4260 5440 $
358  2741 3894 4257 $
359  2750 3541 4715 $
360  2755 2771 4265 $
361  2757 4567 4832 $
362  2860 3196 4952 $
363  2923 4852 5382 $
364  2928 3352 4190 $
365  2930 3024 3641 $
366  2977 4129 4804 $
367  3091 3662 5092 $
368  3148 3496 4006 $
369  3218 5242 5243 $
370  3387 3388 3454 $
371  3427 4987 5419 $
372  3467 3749 4122 $
373  3472 3473 5337 $
374  3608 4323 4980 $
375  4016 5399 5483 $
376  4610 4939 5385 $
377  4658 4768 5043 $
378  5188 5189 5190 $
379  0 4361 $
380  1 4359 $
381  2 2111 $
382  3 4344 $
383  4 4335 $
384  5 4334 $
385  7 967 $
386  10 5067 $
387  16 1214 $
388  17 3311 $
389  25 1145 $
390  28 3268 $
391  31 254 $
392  46 71 $
393  48 2504 $
394  49 1175 $
395  52 3921 $
396  58 59 $
397  69 877 $
398  70 2914 $
399  72 73 $
400  91 1694 $
401  92 1693 $
402  96 2413 $
403  117 1342 $
404  126 2678 $
405  154 155 $
406  157 4279 $
407  170 1776 $
408  174 244 $
409  187 1479 $
410  197 1764 $
411  222 1000 $
412  224 3033 $
413  234 3504 $
414  237 2039 $
415  242 4577 $
416  255 4946 $
417  264 5344 $
418  269 1531 $
419  292 1515 $
420  322 4753 $
421  342 344 $
422  343 4101 $
423  359 360 $
424  364 3262 $
425  398 1567 $
426  411 843 $
427  420 1795 $
428  432 5173 $
429  453 5136 $
430  470 3332 $
431  497 1026 $
432  506 4947 $
433  510 511 $
434  551 4459 $
435  552 5364 $
436  564 1523 $
437  573 4032 $
438  596 3763 $
439  598 3513 $
440  599 4825 $
441  600 4824 $
442  606 3153 $
443  609 2261 $
444  627 926 $
445  628 4970 $
446  657 659 $
447  662 2656 $
448  677 3891 $
449  680 4226 $
450  681 3718 $
451  694 3164 $
452  701 702 $
453  716 1933 $
454  725 2501 $
455  753 1062 $
456  757 2223 $
457  758 1518 $
458  769 2256 $
459  771 2258 $
460  782 2801 $
461  786 1327 $
462  813 1606 $
463  825 4613 $
464  827 4422 $
465  862 3391 $
466  872 4561 $
467  873 3414 $
468  875 4542 $
469  882 2746 $
470  889 4083 $
471  890 3206 $
472  905 5272 $
473  916 917 $
474  923 2147 $
475  924 3732 $
476  935 4064 $
477  939 2200 $
478  952 4816 $
479  955 4603 $
480  957 3227 $
481  971 2808 $
482  977 2795 $
483  978 4178 $
484  984 3778 $
485  1017 3692 $
486  1023 1587 $
487  1065 1900 $
488  1071 2367 $
489  1089 1622 $
490  1097 2811 $
491  1108 1113 $
492  1147 3109 $
493  1148 1218 $
494  1174 2468 $
495  1177 1958 $
496  1188 1813 $
497  1189 4227 $
498  1211 2225 $
499  1221 1424 $
500  1276 1291 $
501  1298 4612 $
502  1317 1717 $
503  1335 2868 $
504  1357 2009 $
505  1361 2298 $
506  1370 1850 $
507  1373 1378 $
508  1446 3684 $
509  1453 3552 $
510  1463 5340 $
511  1465 1723 $
512  1467 1722 $
513  1468 1721 $
514  1469 1720 $
515  1473 1732 $
516  1481 5054 $
517  1490 4634 $
518  1512 3661 $
519  1520 4417 $
520  1541 4815 $
521  1544 4711 $
522  1547 2621 $
523  1549 4370 $
524  1553 3331 $
525  1572 4219 $
526  1575 1579 $
527  1586 4849 $
528  1610 5461 $
529  1616 2010 $
530  1624 4826 $
531  1636 3723 $
532  1677 3335 $
533  1686 2414 $
534  1702 3512 $
535  1710 2108 $
536  1755 3071 $
537  1779 3007 $
538  1781 4488 $
539  1791 1992 $
540  1792 1990 $
541  1814 3435 $
542  1815 2374 $
543  1823 3296 $
544  1833 3398 $
545  1864 3038 $
546  1869 4216 $
547  1873 3885 $
548  1876 3112 $
549  1902 3171 $
550  1918 2684 $
551  1953 3844 $
552  1961 3008 $
553  2002 2070 $
554  2005 4212 $
555  2020 4798 $
556  2109 5106 $
557  2139 5492 $
558  2150 2177 $
559  2185 3696 $
560  2192 2238 $
561  2203 3761 $
562  2218 3537 $
563  2231 3306 $
564  2277 3628 $
565  2286 4654 $
566  2301 4176 $
567  2313 3715 $
568  2322 4442 $
569  2328 2331 $
570  2329 2330 $
571  2337 5156 $
572  2348 2349 $
573  2391 2612 $
574  2395 4014 $
575  2403 3521 $
576  2427 4868 $
577  2429 4861 $
578  2438 5504 $
579  2476 3375 $
580  2480 2604 $
581  2483 2485 $
582  2488 5321 $
583  2489 5487 $
584  2490 4694 $
585  2491 5319 $
586  2494 2748 $
587  2499 3097 $
588  2503 2733 $
589  2518 3403 $
590  2519 3815 $
591  2521 4945 $
592  2527 2995 $
593  2580 3729 $
594  2587 3726 $
595  2613 2823 $
596  2628 2859 $
597  2670 3185 $
598  2688 3567 $
599  2705 2706 $
600  2715 4403 $
601  2816 3361 $
602  2817 2944 $
603  2821 5512 $
604  2850 5511 $
605  2865 3308 $
606  2926 4912 $
607  2942 5211 $
608  2948 5234 $
609  2965 3769 $
610  2966 5083 $
611  2986 4432 $
612  3009 4696 $
613  3016 5508 $
614  3029 5114 $
615  3037 4569 $
616  3041 4568 $
617  3064 3568 $
618  3094 3997 $
619  3095 3998 $
620  3103 4288 $
621  3105 5395 $
622  3121 3122 $
623  3137 4411 $
624  3182 3412 $
625  3198 3249 $
626  3212 4506 $
627  3214 3216 $
628  3222 3629 $
629  3224 5345 $
630  3236 5064 $
631  3280 4546 $
632  3326 5236 $
633  3350 3351 $
634  3353 4191 $
635  3354 4192 $
636  3355 4193 $
637  3367 4044 $
638  3385 3455 $
639  3392 4914 $
640  3445 5444 $
641  3492 4680 $
642  3505 4097 $
643  3527 4735 $
644  3547 5147 $
645  3571 5251 $
646  3594 3595 $
647  3596 3653 $
648  3610 5231 $
649  3623 3626 $
650  3633 4917 $
651  3659 4118 $
652  3678 4330 $
653  3679 5150 $
654  3680 5137 $
655  3693 5023 $
656  3747 4124 $
657  3748 4123 $
658  3881 5039 $
659  3897 5279 $
660  3906 3907 $
661  3942 5008 $
662  4002 4065 $
663  4084 4576 $
664  4086 4504 $
665  4090 5017 $
666  4127 4661 $
667  4131 4138 $
668  4132 5065 $
669  4154 5266 $
670  4306 4484 $
671  4404 5051 $
672  4428 4433 $
673  4456 4559 $
674  4466 5019 $
675  4468 5108 $
676  4481 4482 $
677  4517 4836 $
678  4578 4583 $
679  4670 4699 $
680  4688 4692 $
681  4716 4981 $
682  4782 5323 $
683  4785 4786 $
684  4788 4982 $
685  4846 5430 $
686  4889 4891 $
687  4957 5311 $
688  5030 5410 $
689  5099 5107 $
690  5109 5110 $
691  5112 5113 $
692  5158 5160 $
693  5162 5163 $
694  5195 5200 $
695  5198 5205 $
696  5286 5287 $
697  5310 5431 $
698  5408 5436 $
699  5458 5459 $
700  5475 5476 $
701  6 $
702  8 $
703  9 $
704  12 $
705  14 $
706  15 $
707  18 $
708  19 $
709  20 $
710  21 $
711  22 $
712  23 $
713  26 $
714  27 $
715  30 $
716  32 $
717  33 $
718  34 $
719  39 $
720  42 $
721  45 $
722  50 $
723  51 $
724  53 $
725  54 $
726  55 $
727  56 $
728  57 $
729  61 $
730  62 $
731  63 $
732  64 $
733  65 $
734  66 $
735  68 $
736  74 $
737  75 $
738  78 $
739  79 $
740  80 $
741  81 $
742  82 $
743  87 $
744  97 $
745  98 $
746  103 $
747  104 $
748  105 $
749  108 $
750  109 $
751  110 $
752  111 $
753  112 $
754  115 $
755  118 $
756  120 $
757  121 $
758  122 $
759  123 $
760  125 $
761  129 $
762  133 $
763  135 $
764  136 $
765  137 $
766  138 $
767  139 $
768  142 $
769  147 $
770  148 $
771  153 $
772  156 $
773  158 $
774  177 $
775  179 $
776  180 $
777  183 $
778  199 $
779  204 $
780  205 $
781  206 $
782  207 $
783  210 $
784  211 $
785  218 $
786  219 $
787  220 $
788  223 $
789  225 $
790  226 $
791  236 $
792  261 $
793  262 $
794  265 $
795  266 $
796  268 $
797  270 $
798  271 $
799  278 $
800  279 $
801  283 $
802  285 $
803  287 $
804  288 $
805  293 $
806  295 $
807  301 $
808  316 $
809  317 $
810  319 $
811  320 $
812  325 $
813  330 $
814  339 $
815  340 $
816  345 $
817  350 $
818  352 $
819  353 $
820  354 $
821  355 $
822  356 $
823  357 $
824  361 $
825  362 $
826  368 $
827  369 $
828  370 $
829  373 $
830  374 $
831  376 $
832  380 $
833  381 $
834  387 $
835  389 $
836  391 $
837  392 $
838  393 $
839  394 $
840  396 $
841  397 $
842  399 $
843  400 $
844  401 $
845  402 $
846  403 $
847  404 $
848  405 $
849  406 $
850  407 $
851  416 $
852  417 $
853  418 $
854  419 $
855  428 $
856  431 $
857  436 $
858  442 $
859  443 $
860  445 $
861  446 $
862  448 $
863  450 $
864  451 $
865  463 $
866  473 $
867  478 $
868  479 $
869  481 $
870  482 $
871  494 $
872  495 $
873  499 $
874  500 $
875  501 $
876  502 $
877  503 $
878  513 $
879  514 $
880  515 $
881  517 $
882  518 $
883  531 $
884  535 $
885  536 $
886  538 $
887  539 $
888  543 $
889  546 $
890  553 $
891  554 $
892  555 $
893  557 $
894  558 $
895  560 $
896  562 $
897  563 $
898  566 $
899  567 $
900  568 $
901  569 $
902  570 $
903  571 $
904  574 $
905  575 $
906  579 $
907  580 $
908  581 $
909  582 $
910  583 $
911  584 $
912  585 $
913  586 $
914  587 $
915  588 $
916  589 $
917  590 $
918  593 $
919  594 $
920  595 $
921  597 $
922  601 $
923  602 $
924  603 $
925  604 $
926  607 $
927  608 $
928  611 $
929  612 $
930  615 $
931  623 $
932  626 $
933  629 $
934  630 $
935  631 $
936  632 $
937  633 $
938  634 $
939  635 $
940  636 $
941  637 $
942  638 $
943  639 $
944  640 $
945  641 $
946  642 $
947  643 $
948  644 $
949  645 $
950  646 $
951  647 $
952  648 $
953  649 $
954  650 $
955  651 $
956  652 $
957  653 $
958  654 $
959  655 $
960  656 $
961  658 $
962  660 $
963  663 $
964  666 $
965  667 $
966  673 $
967  674 $
968  675 $
969  676 $
970  678 $
971  682 $
972  683 $
973  684 $
974  685 $
975  690 $
976  691 $
977  695 $
978  696 $
979  697 $
980  704 $
981  709 $
982  710 $
983  711 $
984  713 $
985  721 $
986  726 $
987  728 $
988  729 $
989  730 $
990  731 $
991  732 $
992  733 $
993  734 $
994  735 $
995  736 $
996  737 $
997  738 $
998  739 $
999  740 $
1000 742 $
1001 743 $
1002 745 $
1003 746 $
1004 748 $
1005 749 $
1006 750 $
1007 751 $
1008 752 $
1009 754 $
1010 756 $
1011 764 $
1012 766 $
1013 767 $
1014 768 $
1015 770 $
1016 776 $
1017 777 $
1018 778 $
1019 781 $
1020 783 $
1021 787 $
1022 788 $
1023 790 $
1024 791 $
1025 793 $
1026 794 $
1027 796 $
1028 805 $
1029 806 $
1030 810 $
1031 811 $
1032 817 $
1033 818 $
1034 820 $
1035 821 $
1036 823 $
1037 824 $
1038 826 $
1039 830 $
1040 835 $
1041 836 $
1042 838 $
1043 839 $
1044 840 $
1045 841 $
1046 844 $
1047 845 $
1048 853 $
1049 854 $
1050 859 $
1051 861 $
1052 863 $
1053 864 $
1054 868 $
1055 870 $
1056 874 $
1057 880 $
1058 884 $
1059 887 $
1060 891 $
1061 892 $
1062 898 $
1063 901 $
1064 903 $
1065 911 $
1066 914 $
1067 919 $
1068 920 $
1069 921 $
1070 922 $
1071 925 $
1072 927 $
1073 928 $
1074 929 $
1075 930 $
1076 931 $
1077 932 $
1078 933 $
1079 934 $
1080 936 $
1081 938 $
1082 940 $
1083 941 $
1084 942 $
1085 944 $
1086 945 $
1087 954 $
1088 956 $
1089 958 $
1090 959 $
1091 960 $
1092 961 $
1093 963 $
1094 965 $
1095 966 $
1096 968 $
1097 969 $
1098 970 $
1099 972 $
1100 973 $
1101 975 $
1102 976 $
1103 980 $
1104 981 $
1105 983 $
1106 985 $
1107 986 $
1108 987 $
1109 992 $
1110 993 $
1111 995 $
1112 996 $
1113 997 $
1114 1014 $
1115 1021 $
1116 1028 $
1117 1029 $
1118 1030 $
1119 1033 $
1120 1045 $
1121 1046 $
1122 1049 $
1123 1050 $
1124 1051 $
1125 1055 $
1126 1057 $
1127 1058 $
1128 1060 $
1129 1063 $
1130 1064 $
1131 1066 $
1132 1070 $
1133 1072 $
1134 1073 $
1135 1074 $
1136 1076 $
1137 1078 $
1138 1079 $
1139 1080 $
1140 1084 $
1141 1085 $
1142 1086 $
1143 1090 $
1144 1096 $
1145 1098 $
1146 1100 $
1147 1104 $
1148 1105 $
1149 1106 $
1150 1107 $
1151 1111 $
1152 1112 $
1153 1114 $
1154 1115 $
1155 1116 $
1156 1117 $
1157 1121 $
1158 1122 $
1159 1123 $
1160 1124 $
1161 1126 $
1162 1127 $
1163 1132 $
1164 1133 $
1165 1134 $
1166 1135 $
1167 1137 $
1168 1139 $
1169 1140 $
1170 1141 $
1171 1144 $
1172 1146 $
1173 1149 $
1174 1153 $
1175 1155 $
1176 1156 $
1177 1157 $
1178 1162 $
1179 1163 $
1180 1171 $
1181 1172 $
1182 1176 $
1183 1181 $
1184 1186 $
1185 1190 $
1186 1193 $
1187 1194 $
1188 1196 $
1189 1197 $
1190 1198 $
1191 1199 $
1192 1210 $
1193 1213 $
1194 1216 $
1195 1227 $
1196 1228 $
1197 1232 $
1198 1234 $
1199 1239 $
1200 1243 $
1201 1248 $
1202 1249 $
1203 1251 $
1204 1255 $
1205 1263 $
1206 1265 $
1207 1266 $
1208 1270 $
1209 1271 $
1210 1273 $
1211 1280 $
1212 1284 $
1213 1285 $
1214 1289 $
1215 1295 $
1216 1296 $
1217 1301 $
1218 1302 $
1219 1303 $
1220 1304 $
1221 1310 $
1222 1313 $
1223 1318 $
1224 1319 $
1225 1322 $
1226 1323 $
1227 1328 $
1228 1329 $
1229 1331 $
1230 1332 $
1231 1338 $
1232 1344 $
1233 1348 $
1234 1349 $
1235 1351 $
1236 1356 $
1237 1367 $
1238 1372 $
1239 1374 $
1240 1375 $
1241 1379 $
1242 1380 $
1243 1390 $
1244 1391 $
1245 1393 $
1246 1394 $
1247 1398 $
1248 1400 $
1249 1403 $
1250 1405 $
1251 1409 $
1252 1414 $
1253 1416 $
1254 1417 $
1255 1420 $
1256 1423 $
1257 1426 $
1258 1428 $
1259 1434 $
1260 1436 $
1261 1442 $
1262 1447 $
1263 1449 $
1264 1455 $
1265 1460 $
1266 1461 $
1267 1462 $
1268 1464 $
1269 1466 $
1270 1478 $
1271 1484 $
1272 1486 $
1273 1488 $
1274 1489 $
1275 1492 $
1276 1495 $
1277 1497 $
1278 1498 $
1279 1499 $
1280 1500 $
1281 1501 $
1282 1503 $
1283 1504 $
1284 1505 $
1285 1508 $
1286 1513 $
1287 1514 $
1288 1516 $
1289 1517 $
1290 1519 $
1291 1521 $
1292 1528 $
1293 1532 $
1294 1535 $
1295 1536 $
1296 1537 $
1297 1538 $
1298 1539 $
1299 1540 $
1300 1550 $
1301 1551 $
1302 1552 $
1303 1555 $
1304 1556 $
1305 1558 $
1306 1566 $
1307 1568 $
1308 1569 $
1309 1571 $
1310 1581 $
1311 1583 $
1312 1590 $
1313 1594 $
1314 1596 $
1315 1597 $
1316 1598 $
1317 1599 $
1318 1600 $
1319 1602 $
1320 1603 $
1321 1604 $
1322 1605 $
1323 1607 $
1324 1608 $
1325 1611 $
1326 1614 $
1327 1617 $
1328 1618 $
1329 1621 $
1330 1630 $
1331 1631 $
1332 1632 $
1333 1638 $
1334 1640 $
1335 1641 $
1336 1642 $
1337 1647 $
1338 1650 $
1339 1658 $
1340 1659 $
1341 1661 $
1342 1664 $
1343 1665 $
1344 1667 $
1345 1668 $
1346 1669 $
1347 1670 $
1348 1671 $
1349 1672 $
1350 1678 $
1351 1679 $
1352 1680 $
1353 1692 $
1354 1700 $
1355 1701 $
1356 1703 $
1357 1704 $
1358 1707 $
1359 1708 $
1360 1709 $
1361 1711 $
1362 1712 $
1363 1715 $
1364 1724 $
1365 1725 $
1366 1727 $
1367 1728 $
1368 1729 $
1369 1730 $
1370 1731 $
1371 1733 $
1372 1734 $
1373 1735 $
1374 1736 $
1375 1737 $
1376 1738 $
1377 1739 $
1378 1740 $
1379 1741 $
1380 1743 $
1381 1744 $
1382 1746 $
1383 1747 $
1384 1748 $
1385 1749 $
1386 1750 $
1387 1751 $
1388 1752 $
1389 1753 $
1390 1754 $
1391 1757 $
1392 1762 $
1393 1769 $
1394 1770 $
1395 1772 $
1396 1773 $
1397 1774 $
1398 1775 $
1399 1778 $
1400 1780 $
1401 1784 $
1402 1785 $
1403 1794 $
1404 1796 $
1405 1798 $
1406 1801 $
1407 1803 $
1408 1804 $
1409 1819 $
1410 1820 $
1411 1821 $
1412 1822 $
1413 1826 $
1414 1827 $
1415 1828 $
1416 1832 $
1417 1846 $
1418 1847 $
1419 1848 $
1420 1849 $
1421 1852 $
1422 1856 $
1423 1857 $
1424 1861 $
1425 1862 $
1426 1863 $
1427 1871 $
1428 1872 $
1429 1874 $
1430 1875 $
1431 1877 $
1432 1878 $
1433 1879 $
1434 1880 $
1435 1881 $
1436 1882 $
1437 1883 $
1438 1886 $
1439 1891 $
1440 1892 $
1441 1894 $
1442 1897 $
1443 1899 $
1444 1901 $
1445 1905 $
1446 1907 $
1447 1909 $
1448 1913 $
1449 1914 $
1450 1921 $
1451 1922 $
1452 1923 $
1453 1924 $
1454 1925 $
1455 1927 $
1456 1928 $
1457 1930 $
1458 1931 $
1459 1932 $
1460 1942 $
1461 1943 $
1462 1945 $
1463 1950 $
1464 1951 $
1465 1952 $
1466 1957 $
1467 1962 $
1468 1963 $
1469 1965 $
1470 1967 $
1471 1972 $
1472 1973 $
1473 1977 $
1474 1980 $
1475 1981 $
1476 1985 $
1477 1991 $
1478 1993 $
1479 1994 $
1480 1995 $
1481 1996 $
1482 1997 $
1483 1998 $
1484 2004 $
1485 2006 $
1486 2007 $
1487 2008 $
1488 2013 $
1489 2014 $
1490 2022 $
1491 2024 $
1492 2025 $
1493 2026 $
1494 2027 $
1495 2029 $
1496 2032 $
1497 2033 $
1498 2034 $
1499 2038 $
1500 2041 $
1501 2043 $
1502 2048 $
1503 2057 $
1504 2061 $
1505 2066 $
1506 2067 $
1507 2069 $
1508 2071 $
1509 2073 $
1510 2076 $
1511 2077 $
1512 2078 $
1513 2083 $
1514 2084 $
1515 2085 $
1516 2087 $
1517 2089 $
1518 2092 $
1519 2103 $
1520 2106 $
1521 2115 $
1522 2116 $
1523 2122 $
1524 2128 $
1525 2136 $
1526 2143 $
1527 2148 $
1528 2157 $
1529 2158 $
1530 2162 $
1531 2164 $
1532 2168 $
1533 2169 $
1534 2170 $
1535 2174 $
1536 2179 $
1537 2180 $
1538 2181 $
1539 2182 $
1540 2184 $
1541 2187 $
1542 2188 $
1543 2189 $
1544 2190 $
1545 2191 $
1546 2195 $
1547 2196 $
1548 2197 $
1549 2202 $
1550 2207 $
1551 2209 $
1552 2213 $
1553 2215 $
1554 2217 $
1555 2219 $
1556 2220 $
1557 2221 $
1558 2222 $
1559 2226 $
1560 2228 $
1561 2229 $
1562 2230 $
1563 2232 $
1564 2233 $
1565 2234 $
1566 2235 $
1567 2237 $
1568 2239 $
1569 2242 $
1570 2250 $
1571 2254 $
1572 2257 $
1573 2260 $
1574 2265 $
1575 2270 $
1576 2271 $
1577 2272 $
1578 2273 $
1579 2275 $
1580 2276 $
1581 2279 $
1582 2280 $
1583 2281 $
1584 2282 $
1585 2283 $
1586 2285 $
1587 2287 $
1588 2288 $
1589 2289 $
1590 2290 $
1591 2296 $
1592 2299 $
1593 2305 $
1594 2309 $
1595 2314 $
1596 2319 $
1597 2323 $
1598 2324 $
1599 2327 $
1600 2332 $
1601 2333 $
1602 2338 $
1603 2345 $
1604 2354 $
1605 2356 $
1606 2358 $
1607 2366 $
1608 2368 $
1609 2377 $
1610 2382 $
1611 2384 $
1612 2388 $
1613 2404 $
1614 2410 $
1615 2419 $
1616 2420 $
1617 2422 $
1618 2425 $
1619 2426 $
1620 2431 $
1621 2437 $
1622 2440 $
1623 2441 $
1624 2447 $
1625 2449 $
1626 2450 $
1627 2451 $
1628 2452 $
1629 2454 $
1630 2455 $
1631 2457 $
1632 2459 $
1633 2460 $
1634 2461 $
1635 2472 $
1636 2474 $
1637 2479 $
1638 2482 $
1639 2486 $
1640 2487 $
1641 2496 $
1642 2497 $
1643 2498 $
1644 2502 $
1645 2505 $
1646 2507 $
1647 2513 $
1648 2526 $
1649 2528 $
1650 2529 $
1651 2530 $
1652 2533 $
1653 2539 $
1654 2544 $
1655 2546 $
1656 2547 $
1657 2549 $
1658 2551 $
1659 2568 $
1660 2574 $
1661 2581 $
1662 2582 $
1663 2583 $
1664 2585 $
1665 2586 $
1666 2588 $
1667 2593 $
1668 2594 $
1669 2605 $
1670 2606 $
1671 2608 $
1672 2611 $
1673 2615 $
1674 2616 $
1675 2617 $
1676 2622 $
1677 2626 $
1678 2629 $
1679 2631 $
1680 2632 $
1681 2640 $
1682 2649 $
1683 2651 $
1684 2652 $
1685 2653 $
1686 2654 $
1687 2655 $
1688 2657 $
1689 2659 $
1690 2661 $
1691 2662 $
1692 2664 $
1693 2665 $
1694 2666 $
1695 2668 $
1696 2671 $
1697 2673 $
1698 2674 $
1699 2677 $
1700 2679 $
1701 2680 $
1702 2682 $
1703 2685 $
1704 2686 $
1705 2687 $
1706 2689 $
1707 2690 $
1708 2691 $
1709 2692 $
1710 2693 $
1711 2700 $
1712 2702 $
1713 2707 $
1714 2708 $
1715 2709 $
1716 2710 $
1717 2711 $
1718 2714 $
1719 2716 $
1720 2717 $
1721 2718 $
1722 2719 $
1723 2720 $
1724 2722 $
1725 2726 $
1726 2732 $
1727 2738 $
1728 2744 $
1729 2751 $
1730 2752 $
1731 2754 $
1732 2768 $
1733 2769 $
1734 2772 $
1735 2773 $
1736 2775 $
1737 2777 $
1738 2778 $
1739 2779 $
1740 2780 $
1741 2781 $
1742 2782 $
1743 2783 $
1744 2784 $
1745 2785 $
1746 2786 $
1747 2787 $
1748 2788 $
1749 2790 $
1750 2791 $
1751 2792 $
1752 2793 $
1753 2794 $
1754 2797 $
1755 2798 $
1756 2799 $
1757 2803 $
1758 2804 $
1759 2805 $
1760 2806 $
1761 2809 $
1762 2810 $
1763 2813 $
1764 2814 $
1765 2815 $
1766 2819 $
1767 2824 $
1768 2825 $
1769 2826 $
1770 2827 $
1771 2828 $
1772 2831 $
1773 2834 $
1774 2836 $
1775 2837 $
1776 2838 $
1777 2839 $
1778 2840 $
1779 2842 $
1780 2843 $
1781 2844 $
1782 2845 $
1783 2846 $
1784 2847 $
1785 2848 $
1786 2849 $
1787 2854 $
1788 2855 $
1789 2856 $
1790 2857 $
1791 2861 $
1792 2862 $
1793 2864 $
1794 2869 $
1795 2870 $
1796 2871 $
1797 2872 $
1798 2873 $
1799 2876 $
1800 2879 $
1801 2881 $
1802 2882 $
1803 2884 $
1804 2886 $
1805 2887 $
1806 2891 $
1807 2893 $
1808 2894 $
1809 2895 $
1810 2896 $
1811 2903 $
1812 2908 $
1813 2909 $
1814 2915 $
1815 2917 $
1816 2918 $
1817 2919 $
1818 2920 $
1819 2922 $
1820 2924 $
1821 2925 $
1822 2927 $
1823 2932 $
1824 2933 $
1825 2935 $
1826 2936 $
1827 2938 $
1828 2940 $
1829 2947 $
1830 2950 $
1831 2958 $
1832 2959 $
1833 2962 $
1834 2969 $
1835 2971 $
1836 2972 $
1837 2973 $
1838 2974 $
1839 2983 $
1840 2991 $
1841 2992 $
1842 2999 $
1843 3001 $
1844 3005 $
1845 3010 $
1846 3011 $
1847 3012 $
1848 3015 $
1849 3017 $
1850 3018 $
1851 3019 $
1852 3020 $
1853 3021 $
1854 3025 $
1855 3027 $
1856 3028 $
1857 3034 $
1858 3035 $
1859 3036 $
1860 3042 $
1861 3043 $
1862 3044 $
1863 3045 $
1864 3046 $
1865 3049 $
1866 3050 $
1867 3054 $
1868 3055 $
1869 3058 $
1870 3059 $
1871 3063 $
1872 3065 $
1873 3069 $
1874 3070 $
1875 3073 $
1876 3074 $
1877 3075 $
1878 3076 $
1879 3077 $
1880 3078 $
1881 3081 $
1882 3082 $
1883 3084 $
1884 3087 $
1885 3088 $
1886 3089 $
1887 3096 $
1888 3098 $
1889 3099 $
1890 3102 $
1891 3107 $
1892 3108 $
1893 3113 $
1894 3115 $
1895 3117 $
1896 3118 $
1897 3120 $
1898 3123 $
1899 3124 $
1900 3126 $
1901 3127 $
1902 3128 $
1903 3129 $
1904 3130 $
1905 3131 $
1906 3134 $
1907 3135 $
1908 3138 $
1909 3139 $
1910 3140 $
1911 3141 $
1912 3142 $
1913 3145 $
1914 3146 $
1915 3149 $
1916 3150 $
1917 3151 $
1918 3152 $
1919 3154 $
1920 3155 $
1921 3156 $
1922 3157 $
1923 3161 $
1924 3162 $
1925 3163 $
1926 3175 $
1927 3176 $
1928 3177 $
1929 3178 $
1930 3180 $
1931 3181 $
1932 3183 $
1933 3184 $
1934 3187 $
1935 3192 $
1936 3193 $
1937 3194 $
1938 3207 $
1939 3208 $
1940 3215 $
1941 3217 $
1942 3220 $
1943 3221 $
1944 3228 $
1945 3231 $
1946 3232 $
1947 3234 $
1948 3235 $
1949 3237 $
1950 3244 $
1951 3246 $
1952 3250 $
1953 3251 $
1954 3252 $
1955 3253 $
1956 3258 $
1957 3261 $
1958 3265 $
1959 3266 $
1960 3267 $
1961 3269 $
1962 3270 $
1963 3271 $
1964 3272 $
1965 3274 $
1966 3276 $
1967 3278 $
1968 3279 $
1969 3282 $
1970 3283 $
1971 3285 $
1972 3286 $
1973 3288 $
1974 3290 $
1975 3293 $
1976 3299 $
1977 3300 $
1978 3301 $
1979 3304 $
1980 3307 $
1981 3312 $
1982 3314 $
1983 3316 $
1984 3319 $
1985 3320 $
1986 3328 $
1987 3329 $
1988 3330 $
1989 3334 $
1990 3344 $
1991 3345 $
1992 3346 $
1993 3347 $
1994 3349 $
1995 3356 $
1996 3360 $
1997 3362 $
1998 3363 $
1999 3366 $
2000 3368 $
2001 3377 $
2002 3378 $
2003 3379 $
2004 3389 $
2005 3390 $
2006 3395 $
2007 3407 $
2008 3410 $
2009 3419 $
2010 3422 $
2011 3423 $
2012 3424 $
2013 3425 $
2014 3426 $
2015 3431 $
2016 3433 $
2017 3434 $
2018 3439 $
2019 3441 $
2020 3442 $
2021 3443 $
2022 3444 $
2023 3446 $
2024 3449 $
2025 3450 $
2026 3451 $
2027 3452 $
2028 3457 $
2029 3458 $
2030 3460 $
2031 3463 $
2032 3464 $
2033 3465 $
2034 3468 $
2035 3471 $
2036 3475 $
2037 3480 $
2038 3484 $
2039 3486 $
2040 3487 $
2041 3488 $
2042 3493 $
2043 3502 $
2044 3506 $
2045 3510 $
2046 3514 $
2047 3515 $
2048 3516 $
2049 3526 $
2050 3528 $
2051 3531 $
2052 3539 $
2053 3540 $
2054 3545 $
2055 3550 $
2056 3554 $
2057 3556 $
2058 3559 $
2059 3560 $
2060 3561 $
2061 3564 $
2062 3569 $
2063 3572 $
2064 3573 $
2065 3578 $
2066 3579 $
2067 3581 $
2068 3586 $
2069 3597 $
2070 3602 $
2071 3604 $
2072 3605 $
2073 3613 $
2074 3616 $
2075 3618 $
2076 3619 $
2077 3620 $
2078 3621 $
2079 3622 $
2080 3624 $
2081 3625 $
2082 3627 $
2083 3632 $
2084 3634 $
2085 3635 $
2086 3637 $
2087 3642 $
2088 3650 $
2089 3655 $
2090 3663 $
2091 3681 $
2092 3689 $
2093 3690 $
2094 3691 $
2095 3694 $
2096 3695 $
2097 3697 $
2098 3698 $
2099 3702 $
2100 3703 $
2101 3704 $
2102 3705 $
2103 3706 $
2104 3709 $
2105 3710 $
2106 3711 $
2107 3712 $
2108 3713 $
2109 3714 $
2110 3716 $
2111 3720 $
2112 3721 $
2113 3725 $
2114 3728 $
2115 3730 $
2116 3731 $
2117 3733 $
2118 3734 $
2119 3736 $
2120 3739 $
2121 3740 $
2122 3741 $
2123 3742 $
2124 3744 $
2125 3746 $
2126 3751 $
2127 3752 $
2128 3753 $
2129 3757 $
2130 3758 $
2131 3759 $
2132 3762 $
2133 3764 $
2134 3765 $
2135 3766 $
2136 3771 $
2137 3772 $
2138 3774 $
2139 3775 $
2140 3776 $
2141 3777 $
2142 3790 $
2143 3791 $
2144 3793 $
2145 3794 $
2146 3797 $
2147 3799 $
2148 3801 $
2149 3802 $
2150 3803 $
2151 3804 $
2152 3805 $
2153 3806 $
2154 3807 $
2155 3808 $
2156 3809 $
2157 3812 $
2158 3813 $
2159 3814 $
2160 3820 $
2161 3821 $
2162 3822 $
2163 3823 $
2164 3825 $
2165 3828 $
2166 3832 $
2167 3834 $
2168 3836 $
2169 3837 $
2170 3839 $
2171 3840 $
2172 3841 $
2173 3843 $
2174 3848 $
2175 3850 $
2176 3851 $
2177 3853 $
2178 3855 $
2179 3858 $
2180 3860 $
2181 3863 $
2182 3864 $
2183 3865 $
2184 3867 $
2185 3870 $
2186 3872 $
2187 3873 $
2188 3875 $
2189 3880 $
2190 3882 $
2191 3883 $
2192 3884 $
2193 3886 $
2194 3887 $
2195 3890 $
2196 3892 $
2197 3896 $
2198 3898 $
2199 3899 $
2200 3900 $
2201 3901 $
2202 3902 $
2203 3903 $
2204 3905 $
2205 3910 $
2206 3911 $
2207 3912 $
2208 3914 $
2209 3915 $
2210 3916 $
2211 3917 $
2212 3919 $
2213 3920 $
2214 3922 $
2215 3923 $
2216 3927 $
2217 3928 $
2218 3929 $
2219 3930 $
2220 3931 $
2221 3934 $
2222 3935 $
2223 3936 $
2224 3937 $
2225 3939 $
2226 3944 $
2227 3947 $
2228 3948 $
2229 3949 $
2230 3950 $
2231 3953 $
2232 3954 $
2233 3961 $
2234 3962 $
2235 3965 $
2236 3966 $
2237 3967 $
2238 3968 $
2239 3971 $
2240 3975 $
2241 3985 $
2242 3988 $
2243 3989 $
2244 3990 $
2245 3991 $
2246 3992 $
2247 3993 $
2248 3994 $
2249 3995 $
2250 3996 $
2251 3999 $
2252 4000 $
2253 4001 $
2254 4011 $
2255 4012 $
2256 4013 $
2257 4017 $
2258 4025 $
2259 4026 $
2260 4034 $
2261 4035 $
2262 4038 $
2263 4039 $
2264 4041 $
2265 4042 $
2266 4043 $
2267 4045 $
2268 4047 $
2269 4049 $
2270 4052 $
2271 4053 $
2272 4054 $
2273 4059 $
2274 4063 $
2275 4066 $
2276 4068 $
2277 4069 $
2278 4070 $
2279 4072 $
2280 4073 $
2281 4074 $
2282 4075 $
2283 4080 $
2284 4081 $
2285 4082 $
2286 4088 $
2287 4089 $
2288 4093 $
2289 4094 $
2290 4096 $
2291 4098 $
2292 4100 $
2293 4102 $
2294 4103 $
2295 4108 $
2296 4109 $
2297 4111 $
2298 4114 $
2299 4115 $
2300 4117 $
2301 4119 $
2302 4126 $
2303 4130 $
2304 4134 $
2305 4135 $
2306 4136 $
2307 4137 $
2308 4139 $
2309 4141 $
2310 4142 $
2311 4143 $
2312 4144 $
2313 4146 $
2314 4147 $
2315 4150 $
2316 4151 $
2317 4152 $
2318 4156 $
2319 4161 $
2320 4166 $
2321 4172 $
2322 4175 $
2323 4177 $
2324 4180 $
2325 4189 $
2326 4195 $
2327 4198 $
2328 4201 $
2329 4202 $
2330 4203 $
2331 4205 $
2332 4206 $
2333 4211 $
2334 4214 $
2335 4215 $
2336 4218 $
2337 4229 $
2338 4237 $
2339 4242 $
2340 4247 $
2341 4252 $
2342 4263 $
2343 4269 $
2344 4270 $
2345 4271 $
2346 4292 $
2347 4293 $
2348 4297 $
2349 4308 $
2350 4312 $
2351 4318 $
2352 4320 $
2353 4325 $
2354 4326 $
2355 4327 $
2356 4328 $
2357 4329 $
2358 4331 $
2359 4332 $
2360 4333 $
2361 4336 $
2362 4337 $
2363 4338 $
2364 4339 $
2365 4340 $
2366 4341 $
2367 4342 $
2368 4343 $
2369 4345 $
2370 4346 $
2371 4347 $
2372 4348 $
2373 4349 $
2374 4350 $
2375 4351 $
2376 4352 $
2377 4355 $
2378 4356 $
2379 4357 $
2380 4358 $
2381 4360 $
2382 4362 $
2383 4363 $
2384 4364 $
2385 4366 $
2386 4367 $
2387 4368 $
2388 4369 $
2389 4371 $
2390 4373 $
2391 4374 $
2392 4377 $
2393 4379 $
2394 4382 $
2395 4383 $
2396 4385 $
2397 4386 $
2398 4387 $
2399 4388 $
2400 4389 $
2401 4391 $
2402 4393 $
2403 4394 $
2404 4396 $
2405 4400 $
2406 4401 $
2407 4405 $
2408 4406 $
2409 4407 $
2410 4408 $
2411 4409 $
2412 4412 $
2413 4414 $
2414 4415 $
2415 4421 $
2416 4423 $
2417 4425 $
2418 4426 $
2419 4434 $
2420 4436 $
2421 4437 $
2422 4438 $
2423 4441 $
2424 4445 $
2425 4447 $
2426 4448 $
2427 4449 $
2428 4450 $
2429 4452 $
2430 4454 $
2431 4458 $
2432 4460 $
2433 4461 $
2434 4462 $
2435 4463 $
2436 4467 $
2437 4472 $
2438 4473 $
2439 4474 $
2440 4475 $
2441 4476 $
2442 4477 $
2443 4478 $
2444 4479 $
2445 4486 $
2446 4490 $
2447 4493 $
2448 4496 $
2449 4497 $
2450 4498 $
2451 4500 $
2452 4503 $
2453 4510 $
2454 4511 $
2455 4512 $
2456 4513 $
2457 4514 $
2458 4515 $
2459 4516 $
2460 4518 $
2461 4520 $
2462 4521 $
2463 4522 $
2464 4523 $
2465 4524 $
2466 4528 $
2467 4530 $
2468 4531 $
2469 4532 $
2470 4534 $
2471 4536 $
2472 4539 $
2473 4540 $
2474 4541 $
2475 4543 $
2476 4544 $
2477 4545 $
2478 4550 $
2479 4551 $
2480 4553 $
2481 4554 $
2482 4556 $
2483 4558 $
2484 4560 $
2485 4562 $
2486 4564 $
2487 4570 $
2488 4571 $
2489 4573 $
2490 4575 $
2491 4579 $
2492 4580 $
2493 4581 $
2494 4582 $
2495 4586 $
2496 4606 $
2497 4609 $
2498 4614 $
2499 4615 $
2500 4619 $
2501 4620 $
2502 4621 $
2503 4622 $
2504 4623 $
2505 4624 $
2506 4626 $
2507 4627 $
2508 4628 $
2509 4636 $
2510 4637 $
2511 4643 $
2512 4644 $
2513 4645 $
2514 4646 $
2515 4647 $
2516 4649 $
2517 4651 $
2518 4653 $
2519 4655 $
2520 4656 $
2521 4657 $
2522 4659 $
2523 4660 $
2524 4662 $
2525 4665 $
2526 4666 $
2527 4667 $
2528 4669 $
2529 4671 $
2530 4672 $
2531 4675 $
2532 4676 $
2533 4677 $
2534 4678 $
2535 4679 $
2536 4682 $
2537 4684 $
2538 4695 $
2539 4697 $
2540 4698 $
2541 4700 $
2542 4701 $
2543 4702 $
2544 4703 $
2545 4706 $
2546 4710 $
2547 4722 $
2548 4723 $
2549 4724 $
2550 4727 $
2551 4729 $
2552 4730 $
2553 4731 $
2554 4732 $
2555 4733 $
2556 4734 $
2557 4737 $
2558 4738 $
2559 4739 $
2560 4750 $
2561 4752 $
2562 4754 $
2563 4755 $
2564 4756 $
2565 4757 $
2566 4761 $
2567 4762 $
2568 4763 $
2569 4764 $
2570 4765 $
2571 4766 $
2572 4767 $
2573 4769 $
2574 4772 $
2575 4774 $
2576 4775 $
2577 4776 $
2578 4778 $
2579 4779 $
2580 4780 $
2581 4781 $
2582 4784 $
2583 4787 $
2584 4789 $
2585 4790 $
2586 4791 $
2587 4794 $
2588 4795 $
2589 4797 $
2590 4799 $
2591 4801 $
2592 4805 $
2593 4808 $
2594 4809 $
2595 4810 $
2596 4813 $
2597 4814 $
2598 4817 $
2599 4819 $
2600 4821 $
2601 4827 $
2602 4828 $
2603 4829 $
2604 4831 $
2605 4835 $
2606 4838 $
2607 4839 $
2608 4840 $
2609 4842 $
2610 4843 $
2611 4844 $
2612 4845 $
2613 4847 $
2614 4850 $
2615 4851 $
2616 4856 $
2617 4859 $
2618 4860 $
2619 4862 $
2620 4863 $
2621 4864 $
2622 4865 $
2623 4867 $
2624 4870 $
2625 4872 $
2626 4876 $
2627 4878 $
2628 4880 $
2629 4887 $
2630 4893 $
2631 4896 $
2632 4897 $
2633 4899 $
2634 4901 $
2635 4906 $
2636 4907 $
2637 4908 $
2638 4915 $
2639 4916 $
2640 4919 $
2641 4921 $
2642 4922 $
2643 4923 $
2644 4924 $
2645 4926 $
2646 4927 $
2647 4928 $
2648 4933 $
2649 4935 $
2650 4936 $
2651 4938 $
2652 4940 $
2653 4942 $
2654 4949 $
2655 4951 $
2656 4954 $
2657 4964 $
2658 4965 $
2659 4967 $
2660 4969 $
2661 4971 $
2662 4974 $
2663 4976 $
2664 4977 $
2665 4979 $
2666 4983 $
2667 4984 $
2668 4988 $
2669 4991 $
2670 4992 $
2671 4993 $
2672 4994 $
2673 5016 $
2674 5018 $
2675 5020 $
2676 5022 $
2677 5028 $
2678 5031 $
2679 5032 $
2680 5033 $
2681 5034 $
2682 5035 $
2683 5036 $
2684 5037 $
2685 5038 $
2686 5040 $
2687 5044 $
2688 5045 $
2689 5046 $
2690 5048 $
2691 5049 $
2692 5050 $
2693 5052 $
2694 5055 $
2695 5057 $
2696 5058 $
2697 5061 $
2698 5062 $
2699 5063 $
2700 5066 $
2701 5068 $
2702 5069 $
2703 5070 $
2704 5071 $
2705 5072 $
2706 5073 $
2707 5089 $
2708 5094 $
2709 5100 $
2710 5102 $
2711 5103 $
2712 5104 $
2713 5115 $
2714 5116 $
2715 5119 $
2716 5120 $
2717 5124 $
2718 5125 $
2719 5134 $
2720 5135 $
2721 5138 $
2722 5139 $
2723 5140 $
2724 5142 $
2725 5143 $
2726 5144 $
2727 5149 $
2728 5152 $
2729 5153 $
2730 5154 $
2731 5157 $
2732 5164 $
2733 5166 $
2734 5167 $
2735 5168 $
2736 5169 $
2737 5170 $
2738 5171 $
2739 5172 $
2740 5175 $
2741 5179 $
2742 5180 $
2743 5181 $
2744 5183 $
2745 5193 $
2746 5202 $
2747 5203 $
2748 5204 $
2749 5206 $
2750 5209 $
2751 5210 $
2752 5212 $
2753 5215 $
2754 5216 $
2755 5217 $
2756 5220 $
2757 5222 $
2758 5228 $
2759 5229 $
2760 5230 $
2761 5232 $
2762 5233 $
2763 5237 $
2764 5238 $
2765 5244 $
2766 5246 $
2767 5247 $
2768 5248 $
2769 5250 $
2770 5252 $
2771 5255 $
2772 5260 $
2773 5268 $
2774 5275 $
2775 5277 $
2776 5280 $
2777 5282 $
2778 5284 $
2779 5288 $
2780 5289 $
2781 5294 $
2782 5297 $
2783 5298 $
2784 5299 $
2785 5300 $
2786 5301 $
2787 5304 $
2788 5309 $
2789 5314 $
2790 5315 $
2791 5317 $
2792 5318 $
2793 5326 $
2794 5328 $
2795 5331 $
2796 5332 $
2797 5333 $
2798 5334 $
2799 5335 $
2800 5336 $
2801 5348 $
2802 5349 $
2803 5350 $
2804 5354 $
2805 5358 $
2806 5360 $
2807 5361 $
2808 5363 $
2809 5365 $
2810 5366 $
2811 5367 $
2812 5368 $
2813 5372 $
2814 5373 $
2815 5377 $
2816 5379 $
2817 5380 $
2818 5381 $
2819 5383 $
2820 5384 $
2821 5386 $
2822 5387 $
2823 5393 $
2824 5394 $
2825 5396 $
2826 5397 $
2827 5400 $
2828 5403 $
2829 5406 $
2830 5407 $
2831 5413 $
2832 5414 $
2833 5415 $
2834 5423 $
2835 5424 $
2836 5426 $
2837 5427 $
2838 5428 $
2839 5429 $
2840 5434 $
2841 5438 $
2842 5439 $
2843 5441 $
2844 5443 $
2845 5445 $
2846 5448 $
2847 5455 $
2848 5465 $
2849 5467 $
2850 5473 $
2851 5489 $
2852 5491 $
2853 5493 $
2854 5495 $
2855 5497 $
2856 5499 $
2857 5503 $
2858 5505 $
2859 5507 $
2860 5509 $
2861 5510 $
2862 5513 $
2863 5514 $
2864 5515 $
2865 5516 $
2866 5517 $
2867 5520 $
)
