# cline: mcl /home/naiad/UFABC/LAB_Bioinfo/trabalho_final/BacterialGenomeComparison/data/pairwise_orthologs/Mycobacterium_tuberculosis_Pseudomonas_aeruginosa/OrthoFinder/Results_Apr11/WorkingDirectory/OrthoFinder_graph.txt "-I" "1.5" "-o" "/home/naiad/UFABC/LAB_Bioinfo/trabalho_final/BacterialGenomeComparison/data/pairwise_orthologs/Mycobacterium_tuberculosis_Pseudomonas_aeruginosa/OrthoFinder/Results_Apr11/WorkingDirectory/clusters_OrthoFinder_I1.5.txt" "-te" "1" "-V" "all"
(mclheader
mcltype matrix
dimensions 9076x5024
)
(mclmatrix
begin
0    2251 3593 3599 3622 3689 3699 3717 3724 3745 3755 3772 3782 3783
       3798 3853 4015 4047 4059 4096 4269 4277 4310 4357 4388 4389
       4451 4452 4575 4643 4706 4716 4719 4723 4760 4777 4841 4888
       4891 4907 4990 4999 5150 5322 5338 5413 5442 5448 5555 5592
       5649 5651 5672 5711 5720 5810 5824 5858 5867 5916 5935 5983
       6017 6033 6048 6067 6095 6108 6133 6146 6203 6284 6373 6457
       6465 6467 6496 6498 6540 6549 6744 6746 6757 6849 7025 7062
       7198 7220 7227 7263 7344 7409 7411 7480 7533 7605 7634 7751
       7788 7817 7846 8569 8645 8685 8742 8879 8956 9007 9045 $
1    106 122 148 149 150 151 159 160 277 278 296 520 527 573 728 732
       733 740 820 822 823 859 963 964 966 1027 1042 1052 1053 1072
       1077 1100 1156 1160 1172 1183 1202 1231 1314 1385 1419 1430
       1439 1441 1457 1630 1635 1739 1748 1767 1770 1783 1784 1797
       1819 1958 2067 2076 2096 2132 2297 2308 2338 2365 2399 2451
       2453 2483 2553 2578 2597 2693 2720 2800 3047 3302 3321 3342
       3344 3425 3454 3455 3458 3463 3539 3544 $
2    94 258 279 285 302 303 350 351 382 383 436 447 741 865 903 1026
       1119 1155 1184 1349 1376 1536 1687 1688 1733 1766 1768 1769
       1780 1781 1782 1785 1786 1787 1896 1897 2077 2092 2320 2321
       2324 2398 2571 2719 2721 2840 2965 2969 3075 3085 3086 3095
       3111 3300 3304 3307 3426 3481 3482 3488 3507 $
3    3727 3813 3984 4133 4270 4320 4353 4364 4438 4468 4685 4805 4811
       4837 4957 5180 5200 5297 5641 5714 5876 5881 5933 5938 6086
       6087 6109 6117 6300 6536 6844 6895 7052 7204 7229 7416 7464
       7536 7565 7710 7734 7762 7827 7870 7931 8082 9005 9043 $
4    3716 4002 4038 4241 4263 4354 4505 4849 4881 4901 4944 5502 5515
       5652 5665 5685 5889 5998 6064 6192 6292 6530 6894 7036 7424
       7539 7811 7864 8160 8325 8361 8492 8552 $
5    1341 3733 3849 3854 3904 4146 4420 4434 4683 4698 4757 5009 5311
       5440 5667 6390 6406 6489 6800 6938 6970 7335 7975 8012 8248
       8498 8584 8614 8673 $
6    3736 3740 3744 3979 4827 5000 5139 5189 5228 5523 6162 6175 6254
       6256 6408 6486 6539 7341 7933 7950 7952 7953 8166 8281 8499
       8570 8729 $
7    3721 3722 3993 4807 4813 5011 5614 5989 6030 6091 6119 6127 6455
       6758 6929 6987 7029 7155 7310 7529 7849 8019 8238 8246 8818
       8894 $
8    4448 4673 4675 4772 4914 5246 5539 5599 5955 5960 6050 6268 6471
       7570 7660 7790 8194 8228 8378 8508 8782 8825 $
9    4467 4646 4647 4832 4918 5951 6008 6531 6545 6941 7011 7473 7801
       7835 8107 8357 8516 8517 8564 8565 8731 8811 $
10   399 1168 1169 1517 1645 1646 1647 1648 2022 2348 2349 2791 2880
       2881 2882 2883 2884 2889 2895 2896 $
11   3726 3753 3805 3855 4327 4534 4599 5709 5817 6020 6103 6304 6375
       6659 7221 7780 7822 8147 8553 $
12   1609 3743 3831 3976 3977 5032 6174 6418 6500 6973 7132 7671 7749
       8042 8434 8924 9023 9027 $
13   785 1358 1736 1744 2075 2137 2248 2323 2443 2611 2763 3135 3137
       3284 3334 3423 3822 $
14   4035 4041 4608 4761 5042 5204 5237 5481 5601 6071 6433 6440 6656
       7479 7487 8047 8074 $
15   784 1359 1737 1743 2074 2138 2247 2322 2444 2610 2764 3134 3136
       3283 3335 3422 $
16   3878 4464 4465 4833 4834 4919 4920 5806 5807 6543 6544 7836 7837
       8732 8813 8814 $
17   13 14 919 1253 1724 1727 2057 2147 2372 2862 2917 3473 3525 3640
       5254 $
18   3369 3714 4040 4242 4879 4942 5504 5645 5689 5987 6026 6066 7038
       7537 8551 $
19   3595 4502 4563 5192 6185 6443 6665 6972 7093 7584 7613 7754 8511
       8637 8925 $
20   202 206 396 444 502 665 1129 1130 1171 1512 1546 2307 2891 6700 $
21   4674 4819 4915 5779 6173 6501 7840 7936 8044 8140 8193 8377 8781
       8824 $
22   221 882 1414 1740 2254 2448 3036 3037 3080 3192 3193 3325 3428 $
23   548 2671 3295 3518 3796 4048 4402 6321 6351 6569 6850 7140 7795 $
24   3031 3870 4404 4758 6156 6190 6308 6648 6715 6839 8440 8688 8987 $
25   3715 4039 4243 4880 4943 5503 5646 5690 5988 6065 7037 7538 8550 $
26   3723 3994 5012 5613 6092 6118 6125 6126 7154 7309 7850 8020 8245 $
27   3749 5895 5907 5928 5952 7073 7078 7143 7525 7527 7574 8752 9040 $
28   22 468 2698 3790 4104 4938 5474 5912 7717 8145 8643 8964 $
29   33 117 398 999 1173 1333 1511 1518 1904 2879 2890 2898 $
30   143 144 280 712 713 718 818 880 1711 1868 2704 3354 $
31   223 2807 3784 3829 4473 7135 7713 7765 7832 8554 8975 9036 $
32   593 889 3204 4032 4504 4734 5385 6291 6814 6830 7743 8860 $
33   1881 3800 4592 5600 5710 6070 7098 7164 7736 7830 8555 8558 $
34   3364 4103 4603 5143 5146 5510 5917 6396 6646 7053 7829 8972 $
35   3985 5201 5906 6314 6535 6548 7298 7789 8153 8409 8911 9004 $
36   4636 4842 4988 5571 5697 6316 6985 7238 7535 7930 8432 8436 $
37   40 2836 3992 4517 5184 6444 6468 6968 7089 7778 8816 $
38   886 4406 4549 4616 4623 4697 5037 5361 6519 7158 7325 $
39   936 4234 5399 5461 7256 7421 8050 8579 8602 8790 9026 $
40   3657 3661 3662 3827 5088 5973 6289 6919 7117 8747 8929 $
41   3836 4045 4799 4976 5718 6090 6151 6453 6948 8557 8850 $
42   3995 4814 5991 6093 6124 6456 7153 7532 7851 8244 8817 $
43   381 877 878 881 1104 1345 1346 1879 2452 2454 $
44   968 4329 5014 6078 6122 6430 6699 8025 8429 8541 $
45   1137 3832 5236 5627 5696 6516 7292 7775 7808 8946 $
46   1473 3746 4923 5046 5414 5597 6537 6587 7805 8809 $
47   2661 4387 5147 6745 7130 7816 8740 8966 9002 9055 $
48   3596 4172 5574 6188 6518 6666 7347 7586 7720 7839 $
49   3750 5896 6196 6197 6198 6201 7075 7079 7144 7576 $
50   191 5688 5823 5914 6552 6928 6963 7755 7998 $
51   194 1259 1260 1336 4433 4691 6852 7866 8653 $
52   441 463 464 498 635 636 637 638 3346 $
53   474 3857 5669 6714 6993 7231 7431 8121 8455 $
54   1464 3004 3858 3933 4861 4980 5423 6577 8716 $
55   3748 5894 5908 5930 6878 7072 7077 7145 7575 $
56   3768 3859 3864 3865 3888 4987 6194 6315 7243 $
57   3879 4463 4836 5808 6542 7106 7500 8733 8812 $
58   3963 3964 4254 6280 6725 7373 7945 8172 8871 $
59   87 5684 6055 6252 6794 7821 8443 8453 $
60   92 93 1112 1133 1572 1684 1921 3415 $
61   165 3687 4370 4847 5097 5103 7828 8561 $
62   409 4845 5799 7087 7498 8195 8741 8967 $
63   595 967 5013 6121 6429 6698 8026 8540 $
64   608 950 1925 1926 2046 2049 2505 2747 $
65   731 737 4314 5077 5156 5803 6939 7202 $
66   781 4720 5899 6422 6873 7008 7390 8762 $
67   908 1034 1187 2476 2623 2971 3066 3383 $
68   972 3639 5990 6476 6607 7002 7703 8241 $
69   1619 1970 1979 2000 2002 2586 2587 3084 $
70   1701 1752 2937 3720 3801 5211 7139 7984 $
71   2293 2729 5623 5678 5846 7603 8154 8971 $
72   3174 4046 4638 4954 6180 7809 8180 8521 $
73   3314 4413 4913 6320 6551 6713 7355 7999 $
74   4358 4426 4800 4801 5556 6182 6847 8630 $
75   4374 5501 6003 6063 7064 7423 7862 8159 $
76   4684 4709 4838 5499 7206 7779 7876 8945 $
77   90 100 955 1967 3228 5125 7558 $
78   101 1658 3839 4095 4219 5120 8355 $
79   158 4412 4817 5800 6082 6550 6655 $
80   163 4544 4560 6421 6752 8845 8992 $
81   220 1090 1415 2019 2253 2449 2918 $
82   229 299 1098 1550 1984 2509 2709 $
83   332 388 391 510 1367 2069 3023 $
84   553 1258 1278 1672 1788 3016 3310 $
85   715 4501 4875 4952 5863 7534 8274 $
86   833 4974 5572 5976 7237 7515 7939 $
87   858 4023 4537 4735 5554 6224 6892 $
88   981 5048 5521 6872 6896 7582 7583 $
89   1055 4316 4595 5210 5408 7224 8635 $
90   1111 3903 5354 7194 7393 8110 8112 $
91   1914 5686 5957 6200 6202 7074 7592 $
92   1915 3212 6112 6114 6615 7443 8898 $
93   2217 2218 2488 4950 5190 6585 8833 $
94   2289 3211 3887 4725 5635 7230 7662 $
95   2672 4947 5495 6388 7211 7858 8367 $
96   2973 4386 4889 5657 5676 6578 7448 $
97   3361 3751 3757 3758 5855 5910 7573 $
98   3731 3808 4004 4401 4894 5081 5453 $
99   3806 4384 4722 5148 5814 7513 8897 $
100  3996 4022 6935 6971 7097 7496 7588 $
101  4020 4350 7688 8794 8795 8796 8933 $
102  4021 4450 4808 4848 6032 6931 7531 $
103  4067 4565 5727 5730 7723 7725 8301 $
104  4074 4075 4076 4862 7842 8676 8847 $
105  4102 4926 5061 6193 7232 7714 8459 $
106  4248 6278 6722 6723 8171 8196 8197 $
107  4253 4959 5300 5458 6727 7947 8696 $
108  4274 4586 4739 4965 4967 5833 8656 $
109  4362 4441 5675 6621 8276 8636 8754 $
110  4648 4649 5542 8514 8515 8566 8567 $
111  4733 5386 6815 6828 7742 8639 8861 $
112  5925 5926 5947 5948 5956 6199 7577 $
113  104 419 895 1971 5006 8480 $
114  114 192 477 1422 2482 4301 $
115  123 969 1031 1211 4339 8092 $
116  134 324 562 751 1650 3008 $
117  167 581 1938 3448 6835 8101 $
118  360 4160 4785 7650 7668 8906 $
119  379 2622 2624 3545 6992 8188 $
120  407 3902 4562 6227 6387 7101 $
121  456 5168 5620 5850 8484 8647 $
122  489 580 3686 5208 8421 9019 $
123  598 909 2742 2835 2927 4285 $
124  599 817 910 2741 2834 2926 $
125  716 5064 5944 6645 7212 7215 $
126  722 3182 4335 5360 6515 6912 $
127  973 3638 6606 6608 7704 8240 $
128  1268 5394 5656 7003 8151 8152 $
129  1312 3793 5595 6153 7222 7563 $
130  1392 1394 4116 5629 6741 8024 $
131  1548 3896 4424 4905 6286 6984 $
132  1735 2317 2318 2319 4417 6946 $
133  2165 5128 5132 5318 5857 6080 $
134  2174 2403 5544 5861 5945 8652 $
135  2187 2459 5167 5849 7044 8672 $
136  2809 3860 3862 5144 5634 6983 $
137  2934 5391 6344 6784 7578 9011 $
138  2951 5630 5704 7823 8347 8960 $
139  3014 4359 5117 5472 6891 8646 $
140  3092 4436 4715 5420 6880 8896 $
141  3287 3698 3786 3863 8458 8976 $
142  3700 3707 5098 6793 8749 8763 $
143  3741 3978 5040 6976 7338 7340 $
144  3769 3868 3889 4177 6877 7242 $
145  3771 3866 3891 4174 7170 7240 $
146  4012 5919 6294 7063 7632 8450 $
147  4165 4267 5392 5590 7507 7819 $
148  4179 4383 6594 6795 7579 8836 $
149  4410 6888 7350 8205 8219 8917 $
150  4449 4809 5715 6853 7040 7741 $
151  4705 5323 6134 7429 8080 8648 $
152  4795 5999 6000 6001 6024 6954 $
153  4824 5465 6120 7032 7787 8629 $
154  5181 5866 6079 8218 8267 8910 $
155  5337 6452 6638 6936 7995 8683 $
156  5731 5804 6169 6438 7459 7585 $
157  5756 7118 7982 8746 8973 9057 $
158  15 2133 5872 7642 8064 $
159  18 19 1254 1806 3074 $
160  23 2160 4774 4775 7103 $
161  59 1708 1753 3308 3309 $
162  65 301 433 2235 8687 $
163  133 240 3252 7311 7353 $
164  164 842 844 845 2156 $
165  170 584 1941 3445 8100 $
166  175 177 199 1351 1946 $
167  178 1350 1947 2358 3439 $
168  224 829 1513 2585 2900 $
169  295 3026 3592 4498 5934 $
170  304 3220 4852 6832 8851 $
171  320 5617 6781 7172 7191 $
172  405 4921 7493 7838 8739 $
173  570 1247 6189 6955 7860 $
174  610 2458 2493 2565 3279 $
175  653 1229 2457 2564 2819 $
176  735 2756 2758 3077 3078 $
177  764 3795 6231 7147 7148 $
178  808 3375 5537 8328 8447 $
179  855 996 1863 2357 2418 $
180  935 2088 3155 3156 8959 $
181  1025 1185 1771 1772 2315 $
182  1058 1472 2220 3466 3504 $
183  1150 1151 1718 7508 7509 $
184  1165 5897 6319 7254 8464 $
185  1182 1418 1442 2337 5507 $
186  1190 4738 6407 8867 9053 $
187  1248 1547 1850 3129 3496 $
188  1266 5721 7343 7740 9035 $
189  1310 4279 4455 7156 8768 $
190  1443 3584 6089 6283 7200 $
191  1478 4019 6039 8229 8596 $
192  1655 5818 5862 7768 8304 $
193  1738 1959 2269 3402 3403 $
194  2001 3082 4171 5573 7514 $
195  2173 3615 4790 5680 7090 $
196  2301 2425 4788 4860 4895 $
197  2375 3815 5443 6857 8103 $
198  2626 4051 5475 6995 7665 $
199  2878 5902 6011 6025 7872 $
200  3029 5343 5344 7049 7559 $
201  3045 3682 4951 5188 6317 $
202  3230 4013 4457 7225 7365 $
203  3417 3483 4793 5605 7426 $
204  3456 4994 7137 8556 8632 $
205  3475 5364 7131 8362 8559 $
206  3524 5543 5859 5920 7195 $
207  3602 4260 6061 8186 8272 $
208  3730 3918 5084 6557 8297 $
209  3742 3981 5034 5409 7337 $
210  3770 3867 3890 4176 7241 $
211  3814 3934 5005 5871 8518 $
212  3921 4713 7814 7979 8907 $
213  4010 4044 4996 5668 8756 $
214  4042 4593 7610 8485 8863 $
215  4053 4939 6178 6846 7104 $
216  4092 5131 5135 5445 7776 $
217  4244 4247 6276 6720 6721 $
218  4328 4755 6077 6259 8428 $
219  4462 5591 6155 7201 8385 $
220  4750 5363 7166 8465 8466 $
221  4843 5065 5066 5798 8804 $
222  5490 5491 6959 7853 7854 $
223  5509 5918 6377 7054 8977 $
224  5767 6355 6362 7031 7366 $
225  8142 8143 8146 8148 8980 $
226  62 543 947 1702 $
227  97 166 3038 7841 $
228  98 2346 2347 2552 $
229  168 582 1939 3447 $
230  169 583 1940 3446 $
231  171 585 1942 3444 $
232  172 586 1943 3443 $
233  173 587 1944 3442 $
234  174 588 1945 3441 $
235  190 953 1746 4877 $
236  225 2158 6680 8660 $
237  264 4064 5706 8155 $
238  269 1234 2814 3313 $
239  272 3010 3511 3522 $
240  281 525 1778 2737 $
241  283 1762 1763 3398 $
242  290 1776 3400 7167 $
243  300 4869 5615 7207 $
244  315 3913 5953 6611 $
245  368 372 5099 8266 $
246  370 5183 5471 5979 $
247  397 445 501 666 $
248  421 6144 7815 8995 $
249  432 980 6649 7552 $
250  446 646 1795 2860 $
251  461 1894 1895 6236 $
252  480 1200 2980 4962 $
253  500 3901 4721 6879 $
254  511 929 1353 1883 $
255  547 5819 6107 7680 $
256  568 1319 8021 8574 $
257  589 611 620 655 $
258  590 1982 3130 3251 $
259  601 616 1722 2712 $
260  602 617 1956 2711 $
261  607 1920 4609 4614 $
262  654 698 3257 3747 $
263  804 3068 3240 8611 $
264  812 6415 6751 8507 $
265  904 7571 8954 9038 $
266  939 2131 3028 4762 $
267  959 2465 5606 6510 $
268  995 6485 6579 7196 $
269  1024 1186 1773 2314 $
270  1062 3967 4506 4637 $
271  1065 6478 8407 8937 $
272  1101 4278 7016 7199 $
273  1131 1506 4347 4371 $
274  1163 8468 8642 9061 $
275  1225 2782 5941 6811 $
276  1245 6305 7096 8270 $
277  1257 1357 1400 2894 $
278  1270 5396 5654 8149 $
279  1280 8165 8494 8940 $
280  1348 3043 3143 3469 $
281  1424 4120 6622 6818 $
282  1440 3679 4900 9021 $
283  1526 3005 3348 4497 $
284  1583 6130 6788 8093 $
285  1585 2567 6774 8800 $
286  1592 4180 4573 5342 $
287  1638 2700 8865 8986 $
288  1732 7833 8882 8884 $
289  1875 5716 5759 5791 $
290  1952 2987 3299 4127 $
291  2015 2287 2781 5939 $
292  2028 2717 4742 5178 $
293  2109 4007 6671 7121 $
294  2149 5492 6462 7855 $
295  2216 5459 6586 6961 $
296  2256 5733 7293 7524 $
297  2284 6128 8118 8120 $
298  2350 4796 7868 7869 $
299  2379 2529 5314 8582 $
300  2396 3704 4421 7161 $
301  2460 5848 7045 7794 $
302  2461 5847 7046 7793 $
303  2563 5271 6461 8426 $
304  2570 4624 5496 7859 $
305  2627 5954 8084 8185 $
306  2679 4763 6508 8081 $
307  2726 4114 7129 8560 $
308  2794 4078 5362 6213 $
309  2859 3288 4444 7638 $
310  2940 5379 6756 8375 $
311  2941 3883 5602 6069 $
312  2953 6483 6907 7745 $
313  2998 5115 5693 9056 $
314  3053 3941 4963 5997 $
315  3116 4088 6494 7965 $
316  3171 5038 6868 8684 $
317  3263 4011 6541 7987 $
318  3292 5610 6949 7322 $
319  3330 3355 4131 5662 $
320  3506 3523 6504 7612 $
321  3537 3668 5648 8326 $
322  3568 5534 5673 5674 $
323  3591 6860 9041 9051 $
324  3644 5251 5963 8608 $
325  3705 4422 6218 7813 $
326  3737 3982 5035 7336 $
327  3739 3980 6975 7339 $
328  3756 5194 5936 7799 $
329  3763 4261 4545 6603 $
330  3764 4262 4546 6602 $
331  3787 4173 4175 8641 $
332  3841 4577 8280 8703 $
333  3851 4356 4995 6858 $
334  3869 4607 5484 5985 $
335  3906 4363 6466 7088 $
336  3950 6702 7050 7560 $
337  3990 4492 6555 7209 $
338  4016 6297 7374 9034 $
339  4024 4030 5352 8857 $
340  4077 4084 4085 4087 $
341  4080 4081 4082 4083 $
342  4132 4226 4611 8203 $
343  4255 6279 6724 8173 $
344  4258 7722 8187 8273 $
345  4299 7110 7647 8714 $
346  4397 5085 5242 7542 $
347  4459 7412 8263 8826 $
348  4564 5726 7726 8947 $
349  4566 5728 7724 8302 $
350  4570 4571 6913 6960 $
351  4587 5604 6797 7800 $
352  4642 5741 6750 7729 $
353  4650 6991 8513 8568 $
354  4654 4656 4657 4658 $
355  4707 5619 6145 7017 $
356  4714 5007 5489 7108 $
357  4746 4910 7381 8912 $
358  4747 7631 7640 8090 $
359  4778 6019 6302 7481 $
360  4812 6454 6759 8819 $
361  4815 4870 5355 5421 $
362  4823 5467 7033 7785 $
363  4909 4956 6957 7519 $
364  4924 5538 7091 8858 $
365  4931 7351 8686 8880 $
366  4932 4937 6325 8291 $
367  4973 5570 5586 6897 $
368  4985 8040 8580 8678 $
369  5051 7305 7676 8893 $
370  5129 5133 5444 7777 $
371  5182 5470 5526 5978 $
372  5514 5782 8264 8275 $
373  5533 5748 7879 8260 $
374  5873 6322 8430 8773 $
375  6533 7803 7804 8358 $
376  6616 6617 7120 7125 $
377  7968 8348 8779 8780 $
378  8298 8299 8300 8303 $
379  8 5378 6851 $
380  11 1802 1804 $
381  12 4216 4574 $
382  17 3641 5253 $
383  24 25 726 $
384  38 577 1002 $
385  42 780 1834 $
386  43 1107 3421 $
387  51 2442 7875 $
388  66 6044 9042 $
389  67 6045 8249 $
390  70 985 2526 $
391  75 1427 5870 $
392  81 3108 6249 $
393  127 1275 1865 $
394  130 401 3412 $
395  138 1041 1653 $
396  161 3882 4993 $
397  176 1063 7460 $
398  183 2801 6926 $
399  187 2087 4776 $
400  214 271 1416 $
401  218 8343 8537 $
402  265 5707 8156 $
403  270 926 5737 $
404  282 1761 3401 $
405  284 1375 2970 $
406  289 1775 3399 $
407  293 1497 6165 $
408  312 668 669 $
409  321 1067 1157 $
410  322 1657 8787 $
411  328 5946 6167 $
412  338 339 3958 $
413  346 7444 8413 $
414  366 2394 6311 $
415  369 5100 8269 $
416  375 3528 8591 $
417  387 1833 8184 $
418  423 3580 4700 $
419  434 3372 8031 $
420  452 5578 7661 $
421  462 5209 7223 $
422  486 3930 5865 $
423  497 1417 1899 $
424  499 628 630 $
425  515 761 4787 $
426  517 3695 8457 $
427  522 2823 2826 $
428  530 6964 7708 $
429  539 4017 7935 $
430  541 1532 3345 $
431  551 4415 6842 $
432  554 2632 8772 $
433  556 975 8216 $
434  557 1951 6449 $
435  565 2004 2113 $
436  571 725 1709 $
437  619 2822 3339 $
438  640 3149 8722 $
439  648 6836 8102 $
440  649 1549 1983 $
441  652 1817 2812 $
442  661 7226 7611 $
443  673 5666 7909 $
444  674 7908 7920 $
445  677 1848 9012 $
446  711 5419 6593 $
447  714 3789 7059 $
448  758 3797 8132 $
449  765 2238 3494 $
450  786 2129 3285 $
451  810 3259 9028 $
452  811 3225 3432 $
453  815 1629 8386 $
454  843 1126 4764 $
455  846 7432 8631 $
456  847 1846 5320 $
457  848 5321 6635 $
458  856 5082 7506 $
459  867 1393 6688 $
460  884 1421 2944 $
461  891 3776 6734 $
462  894 1712 5384 $
463  902 1610 2740 $
464  912 4382 7977 $
465  916 920 922 $
466  954 1968 3227 $
467  957 5607 6509 $
468  970 6650 7553 $
469  1005 1242 1755 $
470  1013 5218 8139 $
471  1022 1023 3340 $
472  1059 6559 6634 $
473  1087 5206 6253 $
474  1136 4703 4773 $
475  1140 1854 2939 $
476  1153 1267 2547 $
477  1174 2214 4625 $
478  1179 3270 8737 $
479  1188 7228 7382 $
480  1194 1666 6512 $
481  1198 3571 4769 $
482  1201 3222 4168 $
483  1203 1814 2750 $
484  1217 1455 7112 $
485  1230 2072 2820 $
486  1250 2331 2837 $
487  1251 1631 2184 $
488  1287 5261 8314 $
489  1288 3583 6823 $
490  1297 4680 5281 $
491  1305 1306 1307 $
492  1361 1644 1649 $
493  1378 7000 8999 $
494  1388 1389 9047 $
495  1395 3579 7186 $
496  1404 1918 7686 $
497  1453 5994 7300 $
498  1460 7700 8902 $
499  1462 5558 8914 $
500  1467 1468 1555 $
501  1470 6692 7966 $
502  1480 1483 1484 $
503  1491 7185 8473 $
504  1514 1516 7109 $
505  1529 6870 8190 $
506  1538 2157 5198 $
507  1539 2446 7306 $
508  1554 6779 8900 $
509  1588 6773 8797 $
510  1608 2402 6841 $
511  1624 3547 7333 $
512  1639 4099 4470 $
513  1640 7169 8831 $
514  1663 6940 7010 $
515  1681 5868 7270 $
516  1714 2485 4580 $
517  1721 3590 5229 $
518  1793 4271 5488 $
519  1796 3486 5843 $
520  1805 6047 8875 $
521  1811 6046 8874 $
522  1812 2264 2541 $
523  1843 4097 5829 $
524  1851 5982 8423 $
525  1855 7163 7878 $
526  1856 3811 7564 $
527  1880 5740 7251 $
528  1889 1890 2110 $
529  1931 1995 3133 $
530  1955 2997 4731 $
531  1980 3326 3356 $
532  1987 1988 3181 $
533  2006 3076 3081 $
534  2119 5045 8189 $
535  2122 7659 8057 $
536  2170 2471 3167 $
537  2172 3671 4896 $
538  2182 6584 8669 $
539  2183 6043 8876 $
540  2188 8306 9006 $
541  2196 2197 2629 $
542  2208 4853 8167 $
543  2215 3779 6588 $
544  2222 8243 8247 $
545  2224 3058 6647 $
546  2267 4644 5177 $
547  2268 6658 7843 $
548  2306 4740 8313 $
549  2312 4702 6664 $
550  2327 5984 8416 $
551  2339 3987 8728 $
552  2359 5425 7772 $
553  2362 3927 4917 $
554  2367 3845 6876 $
555  2368 3846 5451 $
556  2369 3847 5070 $
557  2389 7645 8572 $
558  2412 6596 8123 $
559  2417 2901 8007 $
560  2427 5388 6953 $
561  2475 7959 8606 $
562  2494 4925 5405 $
563  2500 3810 8501 $
564  2507 2508 2746 $
565  2515 3586 3809 $
566  2518 4478 5702 $
567  2531 6492 8581 $
568  2535 5336 8043 $
569  2542 7436 8594 $
570  2551 3830 6013 $
571  2575 2699 6186 $
572  2589 5760 5795 $
573  2639 3332 7683 $
574  2641 2642 5878 $
575  2646 4507 8371 $
576  2660 2666 4147 $
577  2663 4526 6363 $
578  2708 3221 6341 $
579  2732 3939 5567 $
580  2799 7082 8290 $
581  2806 5231 7791 $
582  2810 6357 7290 $
583  2828 5428 7440 $
584  2832 4479 7287 $
585  2851 4341 4882 $
586  2868 6660 8950 $
587  2869 3940 5029 $
588  2870 5104 7925 $
589  2929 7844 8056 $
590  2936 5371 6743 $
591  2991 8104 8615 $
592  3065 6097 7400 $
593  3067 3161 5699 $
594  3070 3281 7554 $
595  3097 5473 6239 $
596  3102 6243 7122 $
597  3152 7165 8786 $
598  3177 3218 3371 $
599  3209 9013 9014 $
600  3210 5102 6176 $
601  3239 6592 8124 $
602  3248 6179 8437 $
603  3267 8295 8296 $
604  3316 5575 8353 $
605  3378 8585 8965 $
606  3413 4961 8820 $
607  3467 6073 6958 $
608  3474 3632 7386 $
609  3502 4227 4598 $
610  3520 6267 9074 $
611  3554 4154 8380 $
612  3557 5257 7067 $
613  3558 4224 8403 $
614  3566 4029 4407 $
615  3643 5252 5962 $
616  3645 5250 5964 $
617  3648 5238 5961 $
618  3649 5239 5966 $
619  3650 5240 5967 $
620  3654 5243 5970 $
621  3655 5244 5971 $
622  3656 5245 5972 $
623  3685 4759 5636 $
624  3718 3719 6105 $
625  3767 4273 7985 $
626  3788 4830 7831 $
627  3802 6780 8808 $
628  3803 3807 4440 $
629  3804 6230 8489 $
630  3828 5089 8930 $
631  3837 5207 6098 $
632  3852 4998 6798 $
633  3876 5345 8332 $
634  3884 3892 5611 $
635  3886 4986 7407 $
636  3893 8576 8769 $
637  3920 4984 6669 $
638  3922 4330 9009 $
639  3926 7617 8162 $
640  4060 5708 8157 $
641  4062 4977 8503 $
642  4100 5313 5326 $
643  4105 5026 5027 $
644  4111 4561 6413 $
645  4220 4779 5519 $
646  4272 7986 9033 $
647  4282 8388 8389 $
648  4352 5390 8223 $
649  4392 4941 6022 $
650  4411 4866 6445 $
651  4461 7414 8828 $
652  4529 6076 8500 $
653  4554 4556 5529 $
654  4557 4728 7501 $
655  4558 6765 6766 $
656  4724 5585 8846 $
657  4770 5406 8829 $
658  4781 6018 6864 $
659  4792 6282 7518 $
660  4797 5905 7718 $
661  4822 5466 7034 $
662  4864 5687 6191 $
663  4867 5348 8236 $
664  4902 6367 6661 $
665  4908 5080 9015 $
666  4936 5901 7213 $
667  5025 5049 5274 $
668  5174 5175 8908 $
669  5203 5682 6553 $
670  5212 6435 8634 $
671  5260 7417 7591 $
672  5269 5738 5771 $
673  5346 5547 7786 $
674  5372 6819 7385 $
675  5397 5398 5653 $
676  5422 6238 8682 $
677  5493 6687 7856 $
678  5566 6937 8163 $
679  5576 5890 7434 $
680  5679 6110 6116 $
681  5681 6111 6115 $
682  5852 6132 7274 $
683  5891 6809 7739 $
684  5927 5949 7798 $
685  6021 6072 8988 $
686  6038 6040 8597 $
687  6096 6914 8259 $
688  6310 6326 7820 $
689  6312 8122 8387 $
690  6384 6755 8486 $
691  6484 6641 7397 $
692  6532 7684 8359 $
693  6703 7051 7561 $
694  6778 7277 7279 $
695  6803 7388 8496 $
696  6942 6943 7009 $
697  6982 8542 8974 $
698  7022 7304 7677 $
699  7024 7974 8262 $
700  7027 7028 8892 $
701  7528 8751 9039 $
702  8054 8127 8700 $
703  8743 8744 8745 $
704  0 3562 $
705  1 3563 $
706  2 3564 $
707  4 3565 $
708  5 6791 $
709  16 7641 $
710  28 2054 $
711  31 1332 $
712  32 5404 $
713  34 3050 $
714  36 3973 $
715  39 7626 $
716  45 3436 $
717  47 8351 $
718  49 1908 $
719  50 8590 $
720  52 8589 $
721  53 8587 $
722  54 8586 $
723  56 5330 $
724  61 3144 $
725  63 6226 $
726  69 2525 $
727  71 2863 $
728  72 2262 $
729  110 8071 $
730  111 3567 $
731  112 613 $
732  115 8838 $
733  116 1799 $
734  124 5753 $
735  126 3820 $
736  128 7654 $
737  135 8674 $
738  137 8279 $
739  145 3932 $
740  146 7056 $
741  153 6150 $
742  155 3759 $
743  156 3760 $
744  157 3761 $
745  181 4786 $
746  186 5310 $
747  189 3919 $
748  196 4043 $
749  197 6318 $
750  204 579 $
751  205 4579 $
752  208 3949 $
753  212 5551 $
754  228 1241 $
755  230 2710 $
756  239 6626 $
757  243 8441 $
758  244 8439 $
759  245 8438 $
760  246 1456 $
761  247 1917 $
762  250 773 $
763  253 2005 $
764  254 5365 $
765  256 4856 $
766  257 4855 $
767  259 1667 $
768  260 2361 $
769  262 2298 $
770  268 7512 $
771  275 814 $
772  276 2209 $
773  286 2968 $
774  287 2967 $
775  288 1774 $
776  292 2590 $
777  308 2858 $
778  310 2236 $
779  314 6106 $
780  318 1710 $
781  319 7111 $
782  325 6627 $
783  331 8822 $
784  333 6447 $
785  334 9062 $
786  342 2097 $
787  343 819 $
788  347 8414 $
789  349 6343 $
790  353 8593 $
791  358 4487 $
792  359 4124 $
793  364 2393 $
794  367 8265 $
795  371 5525 $
796  377 8994 $
797  384 7384 $
798  386 6729 $
799  393 1901 $
800  394 4014 $
801  400 4584 $
802  402 4408 $
803  403 4409 $
804  408 7615 $
805  410 3947 $
806  411 3948 $
807  412 6558 $
808  415 5136 $
809  416 7614 $
810  417 8628 $
811  427 5784 $
812  428 7651 $
813  429 2084 $
814  430 8344 $
815  450 662 $
816  458 1520 $
817  459 1113 $
818  460 1975 $
819  466 2999 $
820  471 5506 $
821  476 6597 $
822  478 8562 $
823  484 9024 $
824  485 4031 $
825  495 3961 $
826  504 8316 $
827  505 8923 $
828  507 8905 $
829  512 7981 $
830  518 1581 $
831  519 7616 $
832  521 5057 $
833  524 7380 $
834  529 6625 $
835  537 2995 $
836  546 6049 $
837  552 8720 $
838  560 8041 $
839  561 7852 $
840  563 2270 $
841  564 4732 $
842  572 898 $
843  591 2558 $
844  592 2557 $
845  596 2948 $
846  597 2946 $
847  618 1482 $
848  621 861 $
849  622 7926 $
850  623 7927 $
851  624 7928 $
852  625 5332 $
853  629 6927 $
854  632 7918 $
855  633 7917 $
856  634 7916 $
857  639 7219 $
858  644 7915 $
859  645 7914 $
860  647 901 $
861  656 7913 $
862  657 7912 $
863  658 4418 $
864  660 4112 $
865  664 7055 $
866  671 7911 $
867  672 7910 $
868  676 2703 $
869  682 4079 $
870  687 7907 $
871  688 7906 $
872  689 7905 $
873  690 7904 $
874  691 7903 $
875  692 7902 $
876  693 7901 $
877  694 7900 $
878  695 7899 $
879  696 7898 $
880  697 7897 $
881  699 5995 $
882  700 3387 $
883  701 7896 $
884  702 7895 $
885  703 7894 $
886  704 7893 $
887  705 7892 $
888  706 7891 $
889  707 7890 $
890  708 7889 $
891  709 7888 $
892  710 7887 $
893  719 7886 $
894  720 7319 $
895  724 3818 $
896  727 736 $
897  738 4317 $
898  739 3696 $
899  747 2016 $
900  748 3035 $
901  750 1765 $
902  753 1756 $
903  759 8510 $
904  760 3728 $
905  767 4585 $
906  769 4883 $
907  771 4026 $
908  772 7955 $
909  779 6434 $
910  782 5802 $
911  788 6382 $
912  789 6871 $
913  792 7396 $
914  793 1842 $
915  794 8624 $
916  797 6730 $
917  798 4520 $
918  800 4331 $
919  802 2673 $
920  803 3069 $
921  807 2833 $
922  809 9029 $
923  813 1080 $
924  824 2964 $
925  828 7415 $
926  835 7401 $
927  839 6903 $
928  840 3510 $
929  871 6790 $
930  873 3057 $
931  874 4376 $
932  883 5161 $
933  893 7607 $
934  897 1534 $
935  911 3262 $
936  914 1044 $
937  917 923 $
938  918 9030 $
939  925 5751 $
940  933 8384 $
941  937 5169 $
942  938 5170 $
943  942 4519 $
944  943 8509 $
945  951 2748 $
946  952 2811 $
947  958 4454 $
948  961 5112 $
949  962 6505 $
950  971 8261 $
951  979 5618 $
952  984 4664 $
953  987 6933 $
954  988 8830 $
955  990 8068 $
956  994 7113 $
957  997 4163 $
958  998 8319 $
959  1000 8322 $
960  1001 8321 $
961  1003 8320 $
962  1006 6623 $
963  1007 4509 $
964  1008 1218 $
965  1009 7268 $
966  1012 8903 $
967  1014 5217 $
968  1016 5214 $
969  1017 5215 $
970  1018 5216 $
971  1021 3341 $
972  1029 1135 $
973  1030 1134 $
974  1037 4863 $
975  1043 7562 $
976  1046 4886 $
977  1048 5221 $
978  1056 4315 $
979  1060 7383 $
980  1061 3435 $
981  1064 3968 $
982  1070 8488 $
983  1071 1073 $
984  1081 7557 $
985  1084 8116 $
986  1088 1486 $
987  1091 8006 $
988  1092 7681 $
989  1093 7410 $
990  1097 8323 $
991  1106 1823 $
992  1108 7633 $
993  1114 4365 $
994  1115 4368 $
995  1116 1420 $
996  1117 5520 $
997  1122 2405 $
998  1124 1125 $
999  1127 6154 $
1000 1138 5449 $
1001 1142 1849 $
1002 1145 2152 $
1003 1146 4446 $
1004 1147 8046 $
1005 1148 7511 $
1006 1149 7510 $
1007 1152 8774 $
1008 1166 8366 $
1009 1167 1998 $
1010 1175 4355 $
1011 1189 7299 $
1012 1193 8578 $
1013 1206 7021 $
1014 1214 3236 $
1015 1216 2309 $
1016 1226 6810 $
1017 1227 8931 $
1018 1233 5114 $
1019 1235 5166 $
1020 1239 3431 $
1021 1240 6459 $
1022 1244 9018 $
1023 1249 6920 $
1024 1256 1792 $
1025 1264 7924 $
1026 1269 8150 $
1027 1272 8089 $
1028 1273 8088 $
1029 1274 7449 $
1030 1279 8707 $
1031 1281 7369 $
1032 1284 8901 $
1033 1285 8705 $
1034 1286 8315 $
1035 1289 6767 $
1036 1293 1294 $
1037 1301 8045 $
1038 1302 8096 $
1039 1303 4567 $
1040 1304 5270 $
1041 1315 5754 $
1042 1316 5752 $
1043 1317 5744 $
1044 1318 4620 $
1045 1320 6223 $
1046 1323 4208 $
1047 1327 8312 $
1048 1328 2376 $
1049 1329 8997 $
1050 1330 3954 $
1051 1338 8035 $
1052 1339 1885 $
1053 1356 5915 $
1054 1368 3971 $
1055 1369 3970 $
1056 1370 3969 $
1057 1372 8410 $
1058 1373 8408 $
1059 1380 8983 $
1060 1381 4115 $
1061 1383 7312 $
1062 1384 5692 $
1063 1386 2511 $
1064 1387 2510 $
1065 1391 8706 $
1066 1396 3578 $
1067 1397 4178 $
1068 1398 7695 $
1069 1401 7694 $
1070 1405 7692 $
1071 1406 2952 $
1072 1409 6187 $
1073 1410 8111 $
1074 1425 4121 $
1075 1426 8400 $
1076 1432 7482 $
1077 1434 6805 $
1078 1436 6806 $
1079 1437 6416 $
1080 1438 4117 $
1081 1445 3678 $
1082 1447 6432 $
1083 1448 2145 $
1084 1450 1451 $
1085 1454 7447 $
1086 1465 5140 $
1087 1469 6691 $
1088 1471 6694 $
1089 1474 5393 $
1090 1475 8305 $
1091 1488 1902 $
1092 1490 3600 $
1093 1495 7184 $
1094 1507 1510 $
1095 1508 3429 $
1096 1522 1873 $
1097 1525 8207 $
1098 1527 4916 $
1099 1528 8206 $
1100 1530 4692 $
1101 1531 2436 $
1102 1533 4225 $
1103 1535 7273 $
1104 1551 5765 $
1105 1552 5763 $
1106 1553 5761 $
1107 1557 3988 $
1108 1558 4069 $
1109 1562 2612 $
1110 1563 2613 $
1111 1564 2614 $
1112 1573 4068 $
1113 1576 8571 $
1114 1577 4576 $
1115 1578 4334 $
1116 1579 8170 $
1117 1580 7715 $
1118 1582 8094 $
1119 1584 8801 $
1120 1586 8798 $
1121 1589 8723 $
1122 1594 4218 $
1123 1595 3598 $
1124 1596 3597 $
1125 1597 3907 $
1126 1600 5075 $
1127 1605 7567 $
1128 1606 7568 $
1129 1607 9072 $
1130 1612 2059 $
1131 1613 6785 $
1132 1614 8175 $
1133 1616 6760 $
1134 1621 7877 $
1135 1622 2697 $
1136 1625 6349 $
1137 1626 6348 $
1138 1627 6347 $
1139 1632 3386 $
1140 1633 6346 $
1141 1634 6345 $
1142 1636 4229 $
1143 1637 8048 $
1144 1642 7157 $
1145 1643 8926 $
1146 1660 2827 $
1147 1671 7781 $
1148 1674 7522 $
1149 1677 6709 $
1150 1678 8415 $
1151 1682 8835 $
1152 1683 7371 $
1153 1689 6164 $
1154 1691 6822 $
1155 1692 6821 $
1156 1693 6802 $
1157 1694 6786 $
1158 1695 7433 $
1159 1698 5677 $
1160 1700 9050 $
1161 1705 7990 $
1162 1719 5367 $
1163 1720 2595 $
1164 1728 3315 $
1165 1731 3453 $
1166 1745 1989 $
1167 1747 4134 $
1168 1749 8989 $
1169 1751 8990 $
1170 1760 5764 $
1171 1789 8283 $
1172 1790 6295 $
1173 1813 7058 $
1174 1816 4050 $
1175 1820 9025 $
1176 1826 5199 $
1177 1827 8520 $
1178 1828 8522 $
1179 1829 8523 $
1180 1831 8548 $
1181 1847 2021 $
1182 1861 5695 $
1183 1862 2728 $
1184 1864 8844 $
1185 1876 8736 $
1186 1878 7326 $
1187 1900 8955 $
1188 1907 5415 $
1189 1909 5439 $
1190 1910 6131 $
1191 1911 3513 $
1192 1912 4596 $
1193 1927 2047 $
1194 1954 2985 $
1195 1960 8008 $
1196 1961 8010 $
1197 1964 3139 $
1198 1965 3138 $
1199 1966 2751 $
1200 1972 7315 $
1201 1978 8352 $
1202 1991 2480 $
1203 1992 2277 $
1204 1996 3132 $
1205 1999 7601 $
1206 2003 7193 $
1207 2012 5942 $
1208 2013 2286 $
1209 2014 5940 $
1210 2017 8573 $
1211 2018 7013 $
1212 2027 8033 $
1213 2030 6007 $
1214 2032 6563 $
1215 2034 6525 $
1216 2035 6524 $
1217 2036 6523 $
1218 2040 6528 $
1219 2041 6568 $
1220 2042 6526 $
1221 2058 8144 $
1222 2062 8727 $
1223 2065 5043 $
1224 2066 2081 $
1225 2070 4372 $
1226 2085 2343 $
1227 2090 8095 $
1228 2093 5432 $
1229 2094 2670 $
1230 2104 4858 $
1231 2105 5553 $
1232 2115 2877 $
1233 2118 3962 $
1234 2120 8053 $
1235 2123 8058 $
1236 2124 8059 $
1237 2125 8060 $
1238 2126 8061 $
1239 2127 8062 $
1240 2128 8063 $
1241 2135 8066 $
1242 2136 8067 $
1243 2148 2392 $
1244 2153 6136 $
1245 2162 5403 $
1246 2164 4898 $
1247 2167 8076 $
1248 2176 4232 $
1249 2177 4627 $
1250 2179 4857 $
1251 2180 4859 $
1252 2185 7465 $
1253 2186 6951 $
1254 2189 7636 $
1255 2190 7635 $
1256 2193 8776 $
1257 2194 8670 $
1258 2198 5179 $
1259 2203 7395 $
1260 2204 4854 $
1261 2205 3631 $
1262 2206 6598 $
1263 2213 8671 $
1264 2219 3238 $
1265 2225 6644 $
1266 2230 7146 $
1267 2231 7262 $
1268 2234 7623 $
1269 2239 3478 $
1270 2246 8445 $
1271 2250 8868 $
1272 2255 2432 $
1273 2259 4871 $
1274 2263 5113 $
1275 2266 4377 $
1276 2271 3457 $
1277 2275 7328 $
1278 2278 2619 $
1279 2283 6129 $
1280 2292 4771 $
1281 2300 7102 $
1282 2302 6313 $
1283 2303 7450 $
1284 2311 4148 $
1285 2329 7285 $
1286 2332 4344 $
1287 2334 7622 $
1288 2335 7621 $
1289 2336 7620 $
1290 2340 8412 $
1291 2344 6012 $
1292 2345 5986 $
1293 2351 7871 $
1294 2356 3953 $
1295 2360 5340 $
1296 2363 7572 $
1297 2366 3844 $
1298 2373 4340 $
1299 2377 5316 $
1300 2378 5315 $
1301 2380 8210 $
1302 2383 6762 $
1303 2385 4414 $
1304 2388 7644 $
1305 2395 7646 $
1306 2406 8575 $
1307 2407 8212 $
1308 2408 8213 $
1309 2409 8214 $
1310 2410 8215 $
1311 2413 7441 $
1312 2415 6733 $
1313 2416 7468 $
1314 2423 5389 $
1315 2428 5387 $
1316 2429 4622 $
1317 2433 6704 $
1318 2437 5796 $
1319 2440 6689 $
1320 2441 8242 $
1321 2462 4458 $
1322 2466 5608 $
1323 2467 5594 $
1324 2468 5593 $
1325 2469 6157 $
1326 2474 7951 $
1327 2496 7691 $
1328 2497 6470 $
1329 2501 8694 $
1330 2502 8695 $
1331 2503 5264 $
1332 2516 6583 $
1333 2517 3972 $
1334 2520 2521 $
1335 2522 6215 $
1336 2527 3198 $
1337 2534 4539 $
1338 2537 8368 $
1339 2540 3635 $
1340 2543 4405 $
1341 2545 9001 $
1342 2546 5119 $
1343 2548 7454 $
1344 2549 7455 $
1345 2554 4543 $
1346 2555 4542 $
1347 2556 4541 $
1348 2566 4540 $
1349 2568 7580 $
1350 2577 6350 $
1351 2581 2584 $
1352 2594 8230 $
1353 2604 5877 $
1354 2605 5879 $
1355 2631 6446 $
1356 2635 8690 $
1357 2638 4873 $
1358 2649 3577 $
1359 2654 8984 $
1360 2658 7452 $
1361 2667 2738 $
1362 2669 6612 $
1363 2674 7696 $
1364 2676 6628 $
1365 2678 6148 $
1366 2680 8598 $
1367 2681 8941 $
1368 2682 8600 $
1369 2687 7619 $
1370 2689 7249 $
1371 2690 7250 $
1372 2701 6217 $
1373 2706 4582 $
1374 2714 6463 $
1375 2715 3916 $
1376 2716 3908 $
1377 2724 8411 $
1378 2727 6952 $
1379 2731 7845 $
1380 2733 8392 $
1381 2735 8393 $
1382 2736 8208 $
1383 2743 8394 $
1384 2744 4741 $
1385 2762 8693 $
1386 2773 2776 $
1387 2783 6812 $
1388 2784 8475 $
1389 2786 8395 $
1390 2787 8396 $
1391 2788 8397 $
1392 2789 8398 $
1393 2792 4532 $
1394 2793 5650 $
1395 2795 4851 $
1396 2796 4850 $
1397 2797 6561 $
1398 2798 3681 $
1399 2808 3861 $
1400 2816 7437 $
1401 2817 7282 $
1402 2818 7283 $
1403 2821 2824 $
1404 2830 7284 $
1405 2831 7286 $
1406 2838 7288 $
1407 2839 7289 $
1408 2843 5628 $
1409 2844 3582 $
1410 2845 8953 $
1411 2847 8839 $
1412 2848 8840 $
1413 2850 7275 $
1414 2852 7375 $
1415 2854 7376 $
1416 2855 7377 $
1417 2857 7378 $
1418 2864 7379 $
1419 2866 7291 $
1420 2867 8951 $
1421 2871 4530 $
1422 2873 3923 $
1423 2875 4343 $
1424 2886 2887 $
1425 2892 3380 $
1426 2897 4568 $
1427 2902 3909 $
1428 2905 3382 $
1429 2906 2909 $
1430 2911 7957 $
1431 2913 3929 $
1432 2914 3937 $
1433 2919 7810 $
1434 2921 9008 $
1435 2924 4322 $
1436 2925 7690 $
1437 2930 5195 $
1438 2932 8904 $
1439 2935 6742 $
1440 2942 6740 $
1441 2949 8345 $
1442 2950 8346 $
1443 2954 4688 $
1444 2957 8130 $
1445 2959 8129 $
1446 2960 8128 $
1447 2962 5106 $
1448 2972 6228 $
1449 2974 7994 $
1450 2975 7993 $
1451 2976 6571 $
1452 2977 6572 $
1453 2992 3672 $
1454 2994 5875 $
1455 3003 4780 $
1456 3012 8253 $
1457 3015 7332 $
1458 3017 3266 $
1459 3022 4641 $
1460 3032 4784 $
1461 3033 5694 $
1462 3042 5446 $
1463 3044 3519 $
1464 3051 8420 $
1465 3052 3942 $
1466 3055 8778 $
1467 3056 7334 $
1468 3063 7555 $
1469 3071 3280 $
1470 3090 8651 $
1471 3091 8650 $
1472 3098 6240 $
1473 3100 6241 $
1474 3101 6242 $
1475 3103 6244 $
1476 3104 6245 $
1477 3105 6246 $
1478 3106 6247 $
1479 3107 6248 $
1480 3109 6250 $
1481 3110 6251 $
1482 3113 9073 $
1483 3120 5416 $
1484 3122 3989 $
1485 3153 5410 $
1486 3154 4783 $
1487 3159 8038 $
1488 3168 5375 $
1489 3173 7874 $
1490 3183 6511 $
1491 3185 8282 $
1492 3186 6787 $
1493 3187 8607 $
1494 3188 8543 $
1495 3189 8544 $
1496 3191 6028 $
1497 3199 8049 $
1498 3200 8109 $
1499 3207 4000 $
1500 3215 8985 $
1501 3223 4667 $
1502 3224 8821 $
1503 3231 3669 $
1504 3232 6152 $
1505 3237 7923 $
1506 3241 7301 $
1507 3243 5031 $
1508 3250 4602 $
1509 3254 6898 $
1510 3258 5637 $
1511 3260 7217 $
1512 3272 3713 $
1513 3275 5162 $
1514 3277 5164 $
1515 3278 5165 $
1516 3282 7556 $
1517 3290 7391 $
1518 3294 8085 $
1519 3297 8681 $
1520 3298 3957 $
1521 3303 3311 $
1522 3312 5381 $
1523 3320 8784 $
1524 3324 4236 $
1525 3336 8204 $
1526 3337 3353 $
1527 3338 3363 $
1528 3343 4591 $
1529 3347 3708 $
1530 3351 7402 $
1531 3366 7403 $
1532 3373 8032 $
1533 3374 4151 $
1534 3376 7318 $
1535 3377 8603 $
1536 3385 8604 $
1537 3388 7392 $
1538 3389 3430 $
1539 3392 8401 $
1540 3393 8078 $
1541 3394 8079 $
1542 3406 6736 $
1543 3407 7880 $
1544 3408 7881 $
1545 3409 7882 $
1546 3410 7884 $
1547 3414 8823 $
1548 3419 6088 $
1549 3424 3794 $
1550 3451 3492 $
1551 3452 3493 $
1552 3462 3464 $
1553 3485 7769 $
1554 3489 4589 $
1555 3500 3791 $
1556 3501 3792 $
1557 3512 4594 $
1558 3514 8373 $
1559 3515 8482 $
1560 3516 7732 $
1561 3529 5380 $
1562 3530 7260 $
1563 3531 7266 $
1564 3534 8256 $
1565 3538 8806 $
1566 3548 7922 $
1567 3549 8383 $
1568 3550 8382 $
1569 3555 7068 $
1570 3556 8402 $
1571 3572 6866 $
1572 3601 3626 $
1573 3603 6059 $
1574 3604 4730 $
1575 3607 7476 $
1576 3613 3614 $
1577 3624 4432 $
1578 3625 6469 $
1579 3627 3628 $
1580 3646 5249 $
1581 3647 5248 $
1582 3651 5968 $
1583 3701 5541 $
1584 3709 3710 $
1585 3712 7834 $
1586 3725 5331 $
1587 3729 3799 $
1588 3752 5319 $
1589 3777 4555 $
1590 3785 7712 $
1591 3819 8899 $
1592 3824 5086 $
1593 3835 5643 $
1594 3877 8308 $
1595 3897 3899 $
1596 3898 7656 $
1597 3914 3915 $
1598 3943 7255 $
1599 3945 8701 $
1600 3965 4876 $
1601 3966 4398 $
1602 3975 5350 $
1603 4008 8691 $
1604 4025 6887 $
1605 4052 4581 $
1606 4061 8502 $
1607 4065 4066 $
1608 4071 4737 $
1609 4106 8014 $
1610 4107 8919 $
1611 4119 5078 $
1612 4128 7587 $
1613 4155 8379 $
1614 4161 6708 $
1615 4164 5816 $
1616 4169 4767 $
1617 4182 4481 $
1618 4183 8525 $
1619 4212 4214 $
1620 4217 6211 $
1621 4249 6719 $
1622 4256 4257 $
1623 4275 7488 $
1624 4280 6056 $
1625 4302 4686 $
1626 4308 4617 $
1627 4312 5778 $
1628 4313 5073 $
1629 4318 7203 $
1630 4324 5811 $
1631 4326 5813 $
1632 4337 6356 $
1633 4369 8527 $
1634 4380 8168 $
1635 4403 5118 $
1636 4428 6969 $
1637 4430 8097 $
1638 4437 6301 $
1639 4445 6761 $
1640 4460 8827 $
1641 4471 4472 $
1642 4494 5755 $
1643 4503 6290 $
1644 4510 8158 $
1645 4512 6782 $
1646 4533 7733 $
1647 4553 5530 $
1648 4559 6764 $
1649 4572 7247 $
1650 4578 5142 $
1651 4590 8633 $
1652 4626 5922 $
1653 4652 6366 $
1654 4663 4668 $
1655 4693 5273 $
1656 4729 6023 $
1657 4743 5368 $
1658 4744 7782 $
1659 4756 6258 $
1660 4766 5780 $
1661 4816 6460 $
1662 4829 5821 $
1663 4831 4846 $
1664 4872 5272 $
1665 4890 6423 $
1666 4912 5564 $
1667 4928 4933 $
1668 4940 8957 $
1669 5001 7239 $
1670 5008 7107 $
1671 5018 8895 $
1672 5020 5278 $
1673 5022 5277 $
1674 5023 5276 $
1675 5024 5275 $
1676 5028 5287 $
1677 5036 8609 $
1678 5067 7216 $
1679 5096 8370 $
1680 5108 6886 $
1681 5109 6581 $
1682 5116 8545 $
1683 5127 7774 $
1684 5130 5134 $
1685 5141 8404 $
1686 5171 5565 $
1687 5191 7278 $
1688 5230 5801 $
1689 5232 6890 $
1690 5241 5969 $
1691 5265 5663 $
1692 5334 6562 $
1693 5347 5545 $
1694 5357 5463 $
1695 5366 7667 $
1696 5369 6990 $
1697 5370 5929 $
1698 5373 7971 $
1699 5395 5655 $
1700 5424 7771 $
1701 5431 6667 $
1702 5457 6726 $
1703 5494 7857 $
1704 5508 7399 $
1705 5511 5583 $
1706 5557 5625 $
1707 5560 7767 $
1708 5659 5660 $
1709 5664 8661 $
1710 5705 5732 $
1711 5747 5793 $
1712 5758 7316 $
1713 5773 7092 $
1714 5786 6861 $
1715 5822 7463 $
1716 5832 7183 $
1717 5841 8209 $
1718 5856 7731 $
1719 5883 5886 $
1720 5884 5885 $
1721 5892 8711 $
1722 5903 5904 $
1723 5950 7569 $
1724 5958 7076 $
1725 5993 9059 $
1726 6031 6930 $
1727 6035 6159 $
1728 6054 6652 $
1729 6058 6288 $
1730 6074 7370 $
1731 6142 7281 $
1732 6147 9032 $
1733 6168 6378 $
1734 6183 6414 $
1735 6260 6261 $
1736 6270 7958 $
1737 6296 7812 $
1738 6371 6916 $
1739 6372 6499 $
1740 6376 9067 $
1741 6405 9066 $
1742 6420 6863 $
1743 6481 8467 $
1744 6497 8766 $
1745 6503 8789 $
1746 6520 7324 $
1747 6521 8638 $
1748 6564 8251 $
1749 6619 7123 $
1750 6676 6677 $
1751 6737 6967 $
1752 6753 6804 $
1753 6769 6771 $
1754 6865 6966 $
1755 6881 8791 $
1756 6905 6906 $
1757 6908 7746 $
1758 6909 7747 $
1759 6910 7748 $
1760 6922 7599 $
1761 6924 6925 $
1762 6947 8469 $
1763 7047 8235 $
1764 7060 7652 $
1765 7149 7150 $
1766 7151 7208 $
1767 7178 7181 $
1768 7188 8472 $
1769 7214 7673 $
1770 7233 7885 $
1771 7235 8692 $
1772 7302 7679 $
1773 7303 7678 $
1774 7372 8677 $
1775 7461 7462 $
1776 7497 8563 $
1777 7639 8131 $
1778 7687 8620 $
1779 7737 7796 $
1780 7763 7764 $
1781 7861 8039 $
1782 7983 7988 $
1783 8011 8114 $
1784 8023 8663 $
1785 8036 8037 $
1786 8072 8391 $
1787 8133 8138 $
1788 8225 8254 $
1789 8271 8536 $
1790 8337 8878 $
1791 8338 8877 $
1792 8340 8341 $
1793 8424 9016 $
1794 8444 8446 $
1795 8512 8866 $
1796 8640 9037 $
1797 8654 8662 $
1798 8664 8665 $
1799 8667 8668 $
1800 8713 8715 $
1801 8717 8718 $
1802 8750 8755 $
1803 8753 8760 $
1804 8841 8842 $
1805 8963 8991 $
1806 3 $
1807 6 $
1808 7 $
1809 9 $
1810 10 $
1811 20 $
1812 21 $
1813 26 $
1814 27 $
1815 29 $
1816 30 $
1817 35 $
1818 37 $
1819 41 $
1820 44 $
1821 46 $
1822 48 $
1823 55 $
1824 57 $
1825 58 $
1826 60 $
1827 64 $
1828 68 $
1829 73 $
1830 74 $
1831 76 $
1832 77 $
1833 78 $
1834 79 $
1835 80 $
1836 82 $
1837 83 $
1838 84 $
1839 85 $
1840 86 $
1841 88 $
1842 89 $
1843 91 $
1844 95 $
1845 96 $
1846 99 $
1847 102 $
1848 103 $
1849 105 $
1850 107 $
1851 108 $
1852 109 $
1853 113 $
1854 118 $
1855 119 $
1856 120 $
1857 121 $
1858 125 $
1859 129 $
1860 131 $
1861 132 $
1862 136 $
1863 139 $
1864 140 $
1865 141 $
1866 142 $
1867 147 $
1868 152 $
1869 154 $
1870 162 $
1871 179 $
1872 180 $
1873 182 $
1874 184 $
1875 185 $
1876 188 $
1877 193 $
1878 195 $
1879 198 $
1880 200 $
1881 201 $
1882 203 $
1883 207 $
1884 209 $
1885 210 $
1886 211 $
1887 213 $
1888 215 $
1889 216 $
1890 217 $
1891 219 $
1892 222 $
1893 226 $
1894 227 $
1895 231 $
1896 232 $
1897 233 $
1898 234 $
1899 235 $
1900 236 $
1901 237 $
1902 238 $
1903 241 $
1904 242 $
1905 248 $
1906 249 $
1907 251 $
1908 252 $
1909 255 $
1910 261 $
1911 263 $
1912 266 $
1913 267 $
1914 273 $
1915 274 $
1916 291 $
1917 294 $
1918 297 $
1919 298 $
1920 305 $
1921 306 $
1922 307 $
1923 309 $
1924 311 $
1925 313 $
1926 316 $
1927 317 $
1928 323 $
1929 326 $
1930 327 $
1931 329 $
1932 330 $
1933 335 $
1934 336 $
1935 337 $
1936 340 $
1937 341 $
1938 344 $
1939 345 $
1940 348 $
1941 352 $
1942 354 $
1943 355 $
1944 356 $
1945 357 $
1946 361 $
1947 362 $
1948 363 $
1949 365 $
1950 373 $
1951 374 $
1952 376 $
1953 378 $
1954 380 $
1955 385 $
1956 389 $
1957 390 $
1958 392 $
1959 395 $
1960 404 $
1961 406 $
1962 413 $
1963 414 $
1964 418 $
1965 420 $
1966 422 $
1967 424 $
1968 425 $
1969 426 $
1970 431 $
1971 435 $
1972 437 $
1973 438 $
1974 439 $
1975 440 $
1976 442 $
1977 443 $
1978 448 $
1979 449 $
1980 451 $
1981 453 $
1982 454 $
1983 455 $
1984 457 $
1985 465 $
1986 467 $
1987 469 $
1988 470 $
1989 472 $
1990 473 $
1991 475 $
1992 479 $
1993 481 $
1994 482 $
1995 483 $
1996 487 $
1997 488 $
1998 490 $
1999 491 $
2000 492 $
2001 493 $
2002 494 $
2003 496 $
2004 503 $
2005 506 $
2006 508 $
2007 509 $
2008 513 $
2009 514 $
2010 516 $
2011 523 $
2012 526 $
2013 528 $
2014 531 $
2015 532 $
2016 533 $
2017 534 $
2018 535 $
2019 536 $
2020 538 $
2021 540 $
2022 542 $
2023 544 $
2024 545 $
2025 549 $
2026 550 $
2027 555 $
2028 558 $
2029 559 $
2030 566 $
2031 567 $
2032 569 $
2033 574 $
2034 575 $
2035 576 $
2036 578 $
2037 594 $
2038 600 $
2039 603 $
2040 604 $
2041 605 $
2042 606 $
2043 609 $
2044 612 $
2045 614 $
2046 615 $
2047 626 $
2048 627 $
2049 631 $
2050 641 $
2051 642 $
2052 643 $
2053 650 $
2054 651 $
2055 659 $
2056 663 $
2057 667 $
2058 670 $
2059 675 $
2060 678 $
2061 679 $
2062 680 $
2063 681 $
2064 683 $
2065 684 $
2066 685 $
2067 686 $
2068 717 $
2069 721 $
2070 723 $
2071 729 $
2072 730 $
2073 734 $
2074 742 $
2075 743 $
2076 744 $
2077 745 $
2078 746 $
2079 749 $
2080 752 $
2081 754 $
2082 755 $
2083 756 $
2084 757 $
2085 762 $
2086 763 $
2087 766 $
2088 768 $
2089 770 $
2090 774 $
2091 775 $
2092 776 $
2093 777 $
2094 778 $
2095 783 $
2096 787 $
2097 790 $
2098 791 $
2099 795 $
2100 796 $
2101 799 $
2102 801 $
2103 805 $
2104 806 $
2105 816 $
2106 821 $
2107 825 $
2108 826 $
2109 827 $
2110 830 $
2111 831 $
2112 832 $
2113 834 $
2114 836 $
2115 837 $
2116 838 $
2117 841 $
2118 849 $
2119 850 $
2120 851 $
2121 852 $
2122 853 $
2123 854 $
2124 857 $
2125 860 $
2126 862 $
2127 863 $
2128 864 $
2129 866 $
2130 868 $
2131 869 $
2132 870 $
2133 872 $
2134 875 $
2135 876 $
2136 879 $
2137 885 $
2138 887 $
2139 888 $
2140 890 $
2141 892 $
2142 896 $
2143 899 $
2144 900 $
2145 905 $
2146 906 $
2147 907 $
2148 913 $
2149 915 $
2150 921 $
2151 924 $
2152 927 $
2153 928 $
2154 930 $
2155 931 $
2156 932 $
2157 934 $
2158 940 $
2159 941 $
2160 944 $
2161 945 $
2162 946 $
2163 948 $
2164 949 $
2165 956 $
2166 960 $
2167 965 $
2168 974 $
2169 976 $
2170 977 $
2171 978 $
2172 982 $
2173 983 $
2174 986 $
2175 989 $
2176 991 $
2177 992 $
2178 993 $
2179 1004 $
2180 1010 $
2181 1011 $
2182 1015 $
2183 1019 $
2184 1020 $
2185 1028 $
2186 1032 $
2187 1033 $
2188 1035 $
2189 1036 $
2190 1038 $
2191 1039 $
2192 1040 $
2193 1045 $
2194 1047 $
2195 1049 $
2196 1050 $
2197 1051 $
2198 1054 $
2199 1057 $
2200 1066 $
2201 1068 $
2202 1069 $
2203 1074 $
2204 1075 $
2205 1076 $
2206 1078 $
2207 1079 $
2208 1082 $
2209 1083 $
2210 1085 $
2211 1086 $
2212 1089 $
2213 1094 $
2214 1095 $
2215 1096 $
2216 1099 $
2217 1102 $
2218 1103 $
2219 1105 $
2220 1109 $
2221 1110 $
2222 1118 $
2223 1120 $
2224 1121 $
2225 1123 $
2226 1128 $
2227 1132 $
2228 1139 $
2229 1141 $
2230 1143 $
2231 1144 $
2232 1154 $
2233 1158 $
2234 1159 $
2235 1161 $
2236 1162 $
2237 1164 $
2238 1170 $
2239 1176 $
2240 1177 $
2241 1178 $
2242 1180 $
2243 1181 $
2244 1191 $
2245 1192 $
2246 1195 $
2247 1196 $
2248 1197 $
2249 1199 $
2250 1204 $
2251 1205 $
2252 1207 $
2253 1208 $
2254 1209 $
2255 1210 $
2256 1212 $
2257 1213 $
2258 1215 $
2259 1219 $
2260 1220 $
2261 1221 $
2262 1222 $
2263 1223 $
2264 1224 $
2265 1228 $
2266 1232 $
2267 1236 $
2268 1237 $
2269 1238 $
2270 1243 $
2271 1246 $
2272 1252 $
2273 1255 $
2274 1261 $
2275 1262 $
2276 1263 $
2277 1265 $
2278 1271 $
2279 1276 $
2280 1277 $
2281 1282 $
2282 1283 $
2283 1290 $
2284 1291 $
2285 1292 $
2286 1295 $
2287 1296 $
2288 1298 $
2289 1299 $
2290 1300 $
2291 1308 $
2292 1309 $
2293 1311 $
2294 1313 $
2295 1321 $
2296 1322 $
2297 1324 $
2298 1325 $
2299 1326 $
2300 1331 $
2301 1334 $
2302 1335 $
2303 1337 $
2304 1340 $
2305 1342 $
2306 1343 $
2307 1344 $
2308 1347 $
2309 1352 $
2310 1354 $
2311 1355 $
2312 1360 $
2313 1362 $
2314 1363 $
2315 1364 $
2316 1365 $
2317 1366 $
2318 1371 $
2319 1374 $
2320 1377 $
2321 1379 $
2322 1382 $
2323 1390 $
2324 1399 $
2325 1402 $
2326 1403 $
2327 1407 $
2328 1408 $
2329 1411 $
2330 1412 $
2331 1413 $
2332 1423 $
2333 1428 $
2334 1429 $
2335 1431 $
2336 1433 $
2337 1435 $
2338 1444 $
2339 1446 $
2340 1449 $
2341 1452 $
2342 1458 $
2343 1459 $
2344 1461 $
2345 1463 $
2346 1466 $
2347 1476 $
2348 1477 $
2349 1479 $
2350 1481 $
2351 1485 $
2352 1487 $
2353 1489 $
2354 1492 $
2355 1493 $
2356 1494 $
2357 1496 $
2358 1498 $
2359 1499 $
2360 1500 $
2361 1501 $
2362 1502 $
2363 1503 $
2364 1504 $
2365 1505 $
2366 1509 $
2367 1515 $
2368 1519 $
2369 1521 $
2370 1523 $
2371 1524 $
2372 1537 $
2373 1540 $
2374 1541 $
2375 1542 $
2376 1543 $
2377 1544 $
2378 1545 $
2379 1556 $
2380 1559 $
2381 1560 $
2382 1561 $
2383 1565 $
2384 1566 $
2385 1567 $
2386 1568 $
2387 1569 $
2388 1570 $
2389 1571 $
2390 1574 $
2391 1575 $
2392 1587 $
2393 1590 $
2394 1591 $
2395 1593 $
2396 1598 $
2397 1599 $
2398 1601 $
2399 1602 $
2400 1603 $
2401 1604 $
2402 1611 $
2403 1615 $
2404 1617 $
2405 1618 $
2406 1620 $
2407 1623 $
2408 1628 $
2409 1641 $
2410 1651 $
2411 1652 $
2412 1654 $
2413 1656 $
2414 1659 $
2415 1661 $
2416 1662 $
2417 1664 $
2418 1665 $
2419 1668 $
2420 1669 $
2421 1670 $
2422 1673 $
2423 1675 $
2424 1676 $
2425 1679 $
2426 1680 $
2427 1685 $
2428 1686 $
2429 1690 $
2430 1696 $
2431 1697 $
2432 1699 $
2433 1703 $
2434 1704 $
2435 1706 $
2436 1707 $
2437 1713 $
2438 1715 $
2439 1716 $
2440 1717 $
2441 1723 $
2442 1725 $
2443 1726 $
2444 1729 $
2445 1730 $
2446 1734 $
2447 1741 $
2448 1742 $
2449 1750 $
2450 1754 $
2451 1757 $
2452 1758 $
2453 1759 $
2454 1764 $
2455 1777 $
2456 1779 $
2457 1791 $
2458 1794 $
2459 1798 $
2460 1800 $
2461 1801 $
2462 1803 $
2463 1807 $
2464 1808 $
2465 1809 $
2466 1810 $
2467 1815 $
2468 1818 $
2469 1821 $
2470 1822 $
2471 1824 $
2472 1825 $
2473 1830 $
2474 1832 $
2475 1835 $
2476 1836 $
2477 1837 $
2478 1838 $
2479 1839 $
2480 1840 $
2481 1841 $
2482 1844 $
2483 1845 $
2484 1852 $
2485 1853 $
2486 1857 $
2487 1858 $
2488 1859 $
2489 1860 $
2490 1866 $
2491 1867 $
2492 1869 $
2493 1870 $
2494 1871 $
2495 1872 $
2496 1874 $
2497 1877 $
2498 1882 $
2499 1884 $
2500 1886 $
2501 1887 $
2502 1888 $
2503 1891 $
2504 1892 $
2505 1893 $
2506 1898 $
2507 1903 $
2508 1905 $
2509 1906 $
2510 1913 $
2511 1916 $
2512 1919 $
2513 1922 $
2514 1923 $
2515 1924 $
2516 1928 $
2517 1929 $
2518 1930 $
2519 1932 $
2520 1933 $
2521 1934 $
2522 1935 $
2523 1936 $
2524 1937 $
2525 1948 $
2526 1949 $
2527 1950 $
2528 1953 $
2529 1957 $
2530 1962 $
2531 1963 $
2532 1969 $
2533 1973 $
2534 1974 $
2535 1976 $
2536 1977 $
2537 1981 $
2538 1985 $
2539 1986 $
2540 1990 $
2541 1993 $
2542 1994 $
2543 1997 $
2544 2007 $
2545 2008 $
2546 2009 $
2547 2010 $
2548 2011 $
2549 2020 $
2550 2023 $
2551 2024 $
2552 2025 $
2553 2026 $
2554 2029 $
2555 2031 $
2556 2033 $
2557 2037 $
2558 2038 $
2559 2039 $
2560 2043 $
2561 2044 $
2562 2045 $
2563 2048 $
2564 2050 $
2565 2051 $
2566 2052 $
2567 2053 $
2568 2055 $
2569 2056 $
2570 2060 $
2571 2061 $
2572 2063 $
2573 2064 $
2574 2068 $
2575 2071 $
2576 2073 $
2577 2078 $
2578 2079 $
2579 2080 $
2580 2082 $
2581 2083 $
2582 2086 $
2583 2089 $
2584 2091 $
2585 2095 $
2586 2098 $
2587 2099 $
2588 2100 $
2589 2101 $
2590 2102 $
2591 2103 $
2592 2106 $
2593 2107 $
2594 2108 $
2595 2111 $
2596 2112 $
2597 2114 $
2598 2116 $
2599 2117 $
2600 2121 $
2601 2130 $
2602 2134 $
2603 2139 $
2604 2140 $
2605 2141 $
2606 2142 $
2607 2143 $
2608 2144 $
2609 2146 $
2610 2150 $
2611 2151 $
2612 2154 $
2613 2155 $
2614 2159 $
2615 2161 $
2616 2163 $
2617 2166 $
2618 2168 $
2619 2169 $
2620 2171 $
2621 2175 $
2622 2178 $
2623 2181 $
2624 2191 $
2625 2192 $
2626 2195 $
2627 2199 $
2628 2200 $
2629 2201 $
2630 2202 $
2631 2207 $
2632 2210 $
2633 2211 $
2634 2212 $
2635 2221 $
2636 2223 $
2637 2226 $
2638 2227 $
2639 2228 $
2640 2229 $
2641 2232 $
2642 2233 $
2643 2237 $
2644 2240 $
2645 2241 $
2646 2242 $
2647 2243 $
2648 2244 $
2649 2245 $
2650 2249 $
2651 2252 $
2652 2257 $
2653 2258 $
2654 2260 $
2655 2261 $
2656 2265 $
2657 2272 $
2658 2273 $
2659 2274 $
2660 2276 $
2661 2279 $
2662 2280 $
2663 2281 $
2664 2282 $
2665 2285 $
2666 2288 $
2667 2290 $
2668 2291 $
2669 2294 $
2670 2295 $
2671 2296 $
2672 2299 $
2673 2304 $
2674 2305 $
2675 2310 $
2676 2313 $
2677 2316 $
2678 2325 $
2679 2326 $
2680 2328 $
2681 2330 $
2682 2333 $
2683 2341 $
2684 2342 $
2685 2352 $
2686 2353 $
2687 2354 $
2688 2355 $
2689 2364 $
2690 2370 $
2691 2371 $
2692 2374 $
2693 2381 $
2694 2382 $
2695 2384 $
2696 2386 $
2697 2387 $
2698 2390 $
2699 2391 $
2700 2397 $
2701 2400 $
2702 2401 $
2703 2404 $
2704 2411 $
2705 2414 $
2706 2419 $
2707 2420 $
2708 2421 $
2709 2422 $
2710 2424 $
2711 2426 $
2712 2430 $
2713 2431 $
2714 2434 $
2715 2435 $
2716 2438 $
2717 2439 $
2718 2445 $
2719 2447 $
2720 2450 $
2721 2455 $
2722 2456 $
2723 2463 $
2724 2464 $
2725 2470 $
2726 2472 $
2727 2473 $
2728 2477 $
2729 2478 $
2730 2479 $
2731 2481 $
2732 2484 $
2733 2486 $
2734 2487 $
2735 2489 $
2736 2490 $
2737 2491 $
2738 2492 $
2739 2495 $
2740 2498 $
2741 2499 $
2742 2504 $
2743 2506 $
2744 2512 $
2745 2513 $
2746 2514 $
2747 2519 $
2748 2523 $
2749 2524 $
2750 2528 $
2751 2530 $
2752 2532 $
2753 2533 $
2754 2536 $
2755 2538 $
2756 2539 $
2757 2544 $
2758 2550 $
2759 2559 $
2760 2560 $
2761 2561 $
2762 2562 $
2763 2569 $
2764 2572 $
2765 2573 $
2766 2574 $
2767 2576 $
2768 2579 $
2769 2580 $
2770 2582 $
2771 2583 $
2772 2588 $
2773 2591 $
2774 2592 $
2775 2593 $
2776 2596 $
2777 2598 $
2778 2599 $
2779 2600 $
2780 2601 $
2781 2602 $
2782 2603 $
2783 2606 $
2784 2607 $
2785 2608 $
2786 2609 $
2787 2615 $
2788 2616 $
2789 2617 $
2790 2618 $
2791 2620 $
2792 2621 $
2793 2625 $
2794 2628 $
2795 2630 $
2796 2633 $
2797 2634 $
2798 2636 $
2799 2637 $
2800 2640 $
2801 2643 $
2802 2644 $
2803 2645 $
2804 2647 $
2805 2648 $
2806 2650 $
2807 2651 $
2808 2652 $
2809 2653 $
2810 2655 $
2811 2656 $
2812 2657 $
2813 2659 $
2814 2662 $
2815 2664 $
2816 2665 $
2817 2668 $
2818 2675 $
2819 2677 $
2820 2683 $
2821 2684 $
2822 2685 $
2823 2686 $
2824 2688 $
2825 2691 $
2826 2692 $
2827 2694 $
2828 2695 $
2829 2696 $
2830 2702 $
2831 2705 $
2832 2707 $
2833 2713 $
2834 2718 $
2835 2722 $
2836 2723 $
2837 2725 $
2838 2730 $
2839 2734 $
2840 2739 $
2841 2745 $
2842 2749 $
2843 2752 $
2844 2753 $
2845 2754 $
2846 2755 $
2847 2757 $
2848 2759 $
2849 2760 $
2850 2761 $
2851 2765 $
2852 2766 $
2853 2767 $
2854 2768 $
2855 2769 $
2856 2770 $
2857 2771 $
2858 2772 $
2859 2774 $
2860 2775 $
2861 2777 $
2862 2778 $
2863 2779 $
2864 2780 $
2865 2785 $
2866 2790 $
2867 2802 $
2868 2803 $
2869 2804 $
2870 2805 $
2871 2813 $
2872 2815 $
2873 2825 $
2874 2829 $
2875 2841 $
2876 2842 $
2877 2846 $
2878 2849 $
2879 2853 $
2880 2856 $
2881 2861 $
2882 2865 $
2883 2872 $
2884 2874 $
2885 2876 $
2886 2885 $
2887 2888 $
2888 2893 $
2889 2899 $
2890 2903 $
2891 2904 $
2892 2907 $
2893 2908 $
2894 2910 $
2895 2912 $
2896 2915 $
2897 2916 $
2898 2920 $
2899 2922 $
2900 2923 $
2901 2928 $
2902 2931 $
2903 2933 $
2904 2938 $
2905 2943 $
2906 2945 $
2907 2947 $
2908 2955 $
2909 2956 $
2910 2958 $
2911 2961 $
2912 2963 $
2913 2966 $
2914 2978 $
2915 2979 $
2916 2981 $
2917 2982 $
2918 2983 $
2919 2984 $
2920 2986 $
2921 2988 $
2922 2989 $
2923 2990 $
2924 2993 $
2925 2996 $
2926 3000 $
2927 3001 $
2928 3002 $
2929 3006 $
2930 3007 $
2931 3009 $
2932 3011 $
2933 3013 $
2934 3018 $
2935 3019 $
2936 3020 $
2937 3021 $
2938 3024 $
2939 3025 $
2940 3027 $
2941 3030 $
2942 3034 $
2943 3039 $
2944 3040 $
2945 3041 $
2946 3046 $
2947 3048 $
2948 3049 $
2949 3054 $
2950 3059 $
2951 3060 $
2952 3061 $
2953 3062 $
2954 3064 $
2955 3072 $
2956 3073 $
2957 3079 $
2958 3083 $
2959 3087 $
2960 3088 $
2961 3089 $
2962 3093 $
2963 3094 $
2964 3096 $
2965 3099 $
2966 3112 $
2967 3114 $
2968 3115 $
2969 3117 $
2970 3118 $
2971 3119 $
2972 3121 $
2973 3123 $
2974 3124 $
2975 3125 $
2976 3126 $
2977 3127 $
2978 3128 $
2979 3131 $
2980 3140 $
2981 3141 $
2982 3142 $
2983 3145 $
2984 3146 $
2985 3147 $
2986 3148 $
2987 3150 $
2988 3151 $
2989 3157 $
2990 3158 $
2991 3160 $
2992 3162 $
2993 3163 $
2994 3164 $
2995 3165 $
2996 3166 $
2997 3169 $
2998 3170 $
2999 3172 $
3000 3175 $
3001 3176 $
3002 3178 $
3003 3179 $
3004 3180 $
3005 3184 $
3006 3190 $
3007 3194 $
3008 3195 $
3009 3196 $
3010 3197 $
3011 3201 $
3012 3202 $
3013 3203 $
3014 3205 $
3015 3206 $
3016 3208 $
3017 3213 $
3018 3214 $
3019 3216 $
3020 3217 $
3021 3219 $
3022 3226 $
3023 3229 $
3024 3233 $
3025 3234 $
3026 3235 $
3027 3242 $
3028 3244 $
3029 3245 $
3030 3246 $
3031 3247 $
3032 3249 $
3033 3253 $
3034 3255 $
3035 3256 $
3036 3261 $
3037 3264 $
3038 3265 $
3039 3268 $
3040 3269 $
3041 3271 $
3042 3273 $
3043 3274 $
3044 3276 $
3045 3286 $
3046 3289 $
3047 3291 $
3048 3293 $
3049 3296 $
3050 3301 $
3051 3305 $
3052 3306 $
3053 3317 $
3054 3318 $
3055 3319 $
3056 3322 $
3057 3323 $
3058 3327 $
3059 3328 $
3060 3329 $
3061 3331 $
3062 3333 $
3063 3349 $
3064 3350 $
3065 3352 $
3066 3357 $
3067 3358 $
3068 3359 $
3069 3360 $
3070 3362 $
3071 3365 $
3072 3367 $
3073 3368 $
3074 3370 $
3075 3379 $
3076 3381 $
3077 3384 $
3078 3390 $
3079 3391 $
3080 3395 $
3081 3396 $
3082 3397 $
3083 3404 $
3084 3405 $
3085 3411 $
3086 3416 $
3087 3418 $
3088 3420 $
3089 3427 $
3090 3433 $
3091 3434 $
3092 3437 $
3093 3438 $
3094 3440 $
3095 3449 $
3096 3450 $
3097 3459 $
3098 3460 $
3099 3461 $
3100 3465 $
3101 3468 $
3102 3470 $
3103 3471 $
3104 3472 $
3105 3476 $
3106 3477 $
3107 3479 $
3108 3480 $
3109 3484 $
3110 3487 $
3111 3490 $
3112 3491 $
3113 3495 $
3114 3497 $
3115 3498 $
3116 3499 $
3117 3503 $
3118 3505 $
3119 3508 $
3120 3509 $
3121 3517 $
3122 3521 $
3123 3526 $
3124 3527 $
3125 3532 $
3126 3533 $
3127 3535 $
3128 3536 $
3129 3540 $
3130 3541 $
3131 3542 $
3132 3543 $
3133 3546 $
3134 3551 $
3135 3552 $
3136 3553 $
3137 3559 $
3138 3560 $
3139 3561 $
3140 3569 $
3141 3570 $
3142 3573 $
3143 3574 $
3144 3575 $
3145 3576 $
3146 3581 $
3147 3585 $
3148 3587 $
3149 3588 $
3150 3589 $
3151 3594 $
3152 3605 $
3153 3606 $
3154 3608 $
3155 3609 $
3156 3610 $
3157 3611 $
3158 3612 $
3159 3616 $
3160 3617 $
3161 3618 $
3162 3619 $
3163 3620 $
3164 3621 $
3165 3623 $
3166 3629 $
3167 3630 $
3168 3633 $
3169 3634 $
3170 3636 $
3171 3637 $
3172 3642 $
3173 3652 $
3174 3653 $
3175 3658 $
3176 3659 $
3177 3660 $
3178 3663 $
3179 3664 $
3180 3665 $
3181 3666 $
3182 3667 $
3183 3670 $
3184 3673 $
3185 3674 $
3186 3675 $
3187 3676 $
3188 3677 $
3189 3680 $
3190 3683 $
3191 3684 $
3192 3688 $
3193 3690 $
3194 3691 $
3195 3692 $
3196 3693 $
3197 3694 $
3198 3697 $
3199 3702 $
3200 3703 $
3201 3706 $
3202 3711 $
3203 3732 $
3204 3734 $
3205 3735 $
3206 3738 $
3207 3754 $
3208 3762 $
3209 3765 $
3210 3766 $
3211 3773 $
3212 3774 $
3213 3775 $
3214 3778 $
3215 3780 $
3216 3781 $
3217 3812 $
3218 3816 $
3219 3817 $
3220 3821 $
3221 3823 $
3222 3825 $
3223 3826 $
3224 3833 $
3225 3834 $
3226 3838 $
3227 3840 $
3228 3842 $
3229 3843 $
3230 3848 $
3231 3850 $
3232 3856 $
3233 3871 $
3234 3872 $
3235 3873 $
3236 3874 $
3237 3875 $
3238 3880 $
3239 3881 $
3240 3885 $
3241 3894 $
3242 3895 $
3243 3900 $
3244 3905 $
3245 3910 $
3246 3911 $
3247 3912 $
3248 3917 $
3249 3924 $
3250 3925 $
3251 3928 $
3252 3931 $
3253 3935 $
3254 3936 $
3255 3938 $
3256 3944 $
3257 3946 $
3258 3951 $
3259 3952 $
3260 3955 $
3261 3956 $
3262 3959 $
3263 3960 $
3264 3974 $
3265 3983 $
3266 3986 $
3267 3991 $
3268 3997 $
3269 3998 $
3270 3999 $
3271 4001 $
3272 4003 $
3273 4005 $
3274 4006 $
3275 4009 $
3276 4018 $
3277 4027 $
3278 4028 $
3279 4033 $
3280 4034 $
3281 4036 $
3282 4037 $
3283 4049 $
3284 4054 $
3285 4055 $
3286 4056 $
3287 4057 $
3288 4058 $
3289 4063 $
3290 4070 $
3291 4072 $
3292 4073 $
3293 4086 $
3294 4089 $
3295 4090 $
3296 4091 $
3297 4093 $
3298 4094 $
3299 4098 $
3300 4101 $
3301 4108 $
3302 4109 $
3303 4110 $
3304 4113 $
3305 4118 $
3306 4122 $
3307 4123 $
3308 4125 $
3309 4126 $
3310 4129 $
3311 4130 $
3312 4135 $
3313 4136 $
3314 4137 $
3315 4138 $
3316 4139 $
3317 4140 $
3318 4141 $
3319 4142 $
3320 4143 $
3321 4144 $
3322 4145 $
3323 4149 $
3324 4150 $
3325 4152 $
3326 4153 $
3327 4156 $
3328 4157 $
3329 4158 $
3330 4159 $
3331 4162 $
3332 4166 $
3333 4167 $
3334 4170 $
3335 4181 $
3336 4184 $
3337 4185 $
3338 4186 $
3339 4187 $
3340 4188 $
3341 4189 $
3342 4190 $
3343 4191 $
3344 4192 $
3345 4193 $
3346 4194 $
3347 4195 $
3348 4196 $
3349 4197 $
3350 4198 $
3351 4199 $
3352 4200 $
3353 4201 $
3354 4202 $
3355 4203 $
3356 4204 $
3357 4205 $
3358 4206 $
3359 4207 $
3360 4209 $
3361 4210 $
3362 4211 $
3363 4213 $
3364 4215 $
3365 4221 $
3366 4222 $
3367 4223 $
3368 4228 $
3369 4230 $
3370 4231 $
3371 4233 $
3372 4235 $
3373 4237 $
3374 4238 $
3375 4239 $
3376 4240 $
3377 4245 $
3378 4246 $
3379 4250 $
3380 4251 $
3381 4252 $
3382 4259 $
3383 4264 $
3384 4265 $
3385 4266 $
3386 4268 $
3387 4276 $
3388 4281 $
3389 4283 $
3390 4284 $
3391 4286 $
3392 4287 $
3393 4288 $
3394 4289 $
3395 4290 $
3396 4291 $
3397 4292 $
3398 4293 $
3399 4294 $
3400 4295 $
3401 4296 $
3402 4297 $
3403 4298 $
3404 4300 $
3405 4303 $
3406 4304 $
3407 4305 $
3408 4306 $
3409 4307 $
3410 4309 $
3411 4311 $
3412 4319 $
3413 4321 $
3414 4323 $
3415 4325 $
3416 4332 $
3417 4333 $
3418 4336 $
3419 4338 $
3420 4342 $
3421 4345 $
3422 4346 $
3423 4348 $
3424 4349 $
3425 4351 $
3426 4360 $
3427 4361 $
3428 4366 $
3429 4367 $
3430 4373 $
3431 4375 $
3432 4378 $
3433 4379 $
3434 4381 $
3435 4385 $
3436 4390 $
3437 4391 $
3438 4393 $
3439 4394 $
3440 4395 $
3441 4396 $
3442 4399 $
3443 4400 $
3444 4416 $
3445 4419 $
3446 4423 $
3447 4425 $
3448 4427 $
3449 4429 $
3450 4431 $
3451 4435 $
3452 4439 $
3453 4442 $
3454 4443 $
3455 4447 $
3456 4453 $
3457 4456 $
3458 4466 $
3459 4469 $
3460 4474 $
3461 4475 $
3462 4476 $
3463 4477 $
3464 4480 $
3465 4482 $
3466 4483 $
3467 4484 $
3468 4485 $
3469 4486 $
3470 4488 $
3471 4489 $
3472 4490 $
3473 4491 $
3474 4493 $
3475 4495 $
3476 4496 $
3477 4499 $
3478 4500 $
3479 4508 $
3480 4511 $
3481 4513 $
3482 4514 $
3483 4515 $
3484 4516 $
3485 4518 $
3486 4521 $
3487 4522 $
3488 4523 $
3489 4524 $
3490 4525 $
3491 4527 $
3492 4528 $
3493 4531 $
3494 4535 $
3495 4536 $
3496 4538 $
3497 4547 $
3498 4548 $
3499 4550 $
3500 4551 $
3501 4552 $
3502 4569 $
3503 4583 $
3504 4588 $
3505 4597 $
3506 4600 $
3507 4601 $
3508 4604 $
3509 4605 $
3510 4606 $
3511 4610 $
3512 4612 $
3513 4613 $
3514 4615 $
3515 4618 $
3516 4619 $
3517 4621 $
3518 4628 $
3519 4629 $
3520 4630 $
3521 4631 $
3522 4632 $
3523 4633 $
3524 4634 $
3525 4635 $
3526 4639 $
3527 4640 $
3528 4645 $
3529 4651 $
3530 4653 $
3531 4655 $
3532 4659 $
3533 4660 $
3534 4661 $
3535 4662 $
3536 4665 $
3537 4666 $
3538 4669 $
3539 4670 $
3540 4671 $
3541 4672 $
3542 4676 $
3543 4677 $
3544 4678 $
3545 4679 $
3546 4681 $
3547 4682 $
3548 4687 $
3549 4689 $
3550 4690 $
3551 4694 $
3552 4695 $
3553 4696 $
3554 4699 $
3555 4701 $
3556 4704 $
3557 4708 $
3558 4710 $
3559 4711 $
3560 4712 $
3561 4717 $
3562 4718 $
3563 4726 $
3564 4727 $
3565 4736 $
3566 4745 $
3567 4748 $
3568 4749 $
3569 4751 $
3570 4752 $
3571 4753 $
3572 4754 $
3573 4765 $
3574 4768 $
3575 4782 $
3576 4789 $
3577 4791 $
3578 4794 $
3579 4798 $
3580 4802 $
3581 4803 $
3582 4804 $
3583 4806 $
3584 4810 $
3585 4818 $
3586 4820 $
3587 4821 $
3588 4825 $
3589 4826 $
3590 4828 $
3591 4835 $
3592 4839 $
3593 4840 $
3594 4844 $
3595 4865 $
3596 4868 $
3597 4874 $
3598 4878 $
3599 4884 $
3600 4885 $
3601 4887 $
3602 4892 $
3603 4893 $
3604 4897 $
3605 4899 $
3606 4903 $
3607 4904 $
3608 4906 $
3609 4911 $
3610 4922 $
3611 4927 $
3612 4929 $
3613 4930 $
3614 4934 $
3615 4935 $
3616 4945 $
3617 4946 $
3618 4948 $
3619 4949 $
3620 4953 $
3621 4955 $
3622 4958 $
3623 4960 $
3624 4964 $
3625 4966 $
3626 4968 $
3627 4969 $
3628 4970 $
3629 4971 $
3630 4972 $
3631 4975 $
3632 4978 $
3633 4979 $
3634 4981 $
3635 4982 $
3636 4983 $
3637 4989 $
3638 4991 $
3639 4992 $
3640 4997 $
3641 5002 $
3642 5003 $
3643 5004 $
3644 5010 $
3645 5015 $
3646 5016 $
3647 5017 $
3648 5019 $
3649 5021 $
3650 5030 $
3651 5033 $
3652 5039 $
3653 5041 $
3654 5044 $
3655 5047 $
3656 5050 $
3657 5052 $
3658 5053 $
3659 5054 $
3660 5055 $
3661 5056 $
3662 5058 $
3663 5059 $
3664 5060 $
3665 5062 $
3666 5063 $
3667 5068 $
3668 5069 $
3669 5071 $
3670 5072 $
3671 5074 $
3672 5076 $
3673 5079 $
3674 5083 $
3675 5087 $
3676 5090 $
3677 5091 $
3678 5092 $
3679 5093 $
3680 5094 $
3681 5095 $
3682 5101 $
3683 5105 $
3684 5107 $
3685 5110 $
3686 5111 $
3687 5121 $
3688 5122 $
3689 5123 $
3690 5124 $
3691 5126 $
3692 5137 $
3693 5138 $
3694 5145 $
3695 5149 $
3696 5151 $
3697 5152 $
3698 5153 $
3699 5154 $
3700 5155 $
3701 5157 $
3702 5158 $
3703 5159 $
3704 5160 $
3705 5163 $
3706 5172 $
3707 5173 $
3708 5176 $
3709 5185 $
3710 5186 $
3711 5187 $
3712 5193 $
3713 5196 $
3714 5197 $
3715 5202 $
3716 5205 $
3717 5213 $
3718 5219 $
3719 5220 $
3720 5222 $
3721 5223 $
3722 5224 $
3723 5225 $
3724 5226 $
3725 5227 $
3726 5233 $
3727 5234 $
3728 5235 $
3729 5247 $
3730 5255 $
3731 5256 $
3732 5258 $
3733 5259 $
3734 5262 $
3735 5263 $
3736 5266 $
3737 5267 $
3738 5268 $
3739 5279 $
3740 5280 $
3741 5282 $
3742 5283 $
3743 5284 $
3744 5285 $
3745 5286 $
3746 5288 $
3747 5289 $
3748 5290 $
3749 5291 $
3750 5292 $
3751 5293 $
3752 5294 $
3753 5295 $
3754 5296 $
3755 5298 $
3756 5299 $
3757 5301 $
3758 5302 $
3759 5303 $
3760 5304 $
3761 5305 $
3762 5306 $
3763 5307 $
3764 5308 $
3765 5309 $
3766 5312 $
3767 5317 $
3768 5324 $
3769 5325 $
3770 5327 $
3771 5328 $
3772 5329 $
3773 5333 $
3774 5335 $
3775 5339 $
3776 5341 $
3777 5349 $
3778 5351 $
3779 5353 $
3780 5356 $
3781 5358 $
3782 5359 $
3783 5374 $
3784 5376 $
3785 5377 $
3786 5382 $
3787 5383 $
3788 5400 $
3789 5401 $
3790 5402 $
3791 5407 $
3792 5411 $
3793 5412 $
3794 5417 $
3795 5418 $
3796 5426 $
3797 5427 $
3798 5429 $
3799 5430 $
3800 5433 $
3801 5434 $
3802 5435 $
3803 5436 $
3804 5437 $
3805 5438 $
3806 5441 $
3807 5447 $
3808 5450 $
3809 5452 $
3810 5454 $
3811 5455 $
3812 5456 $
3813 5460 $
3814 5462 $
3815 5464 $
3816 5468 $
3817 5469 $
3818 5476 $
3819 5477 $
3820 5478 $
3821 5479 $
3822 5480 $
3823 5482 $
3824 5483 $
3825 5485 $
3826 5486 $
3827 5487 $
3828 5497 $
3829 5498 $
3830 5500 $
3831 5505 $
3832 5512 $
3833 5513 $
3834 5516 $
3835 5517 $
3836 5518 $
3837 5522 $
3838 5524 $
3839 5527 $
3840 5528 $
3841 5531 $
3842 5532 $
3843 5535 $
3844 5536 $
3845 5540 $
3846 5546 $
3847 5548 $
3848 5549 $
3849 5550 $
3850 5552 $
3851 5559 $
3852 5561 $
3853 5562 $
3854 5563 $
3855 5568 $
3856 5569 $
3857 5577 $
3858 5579 $
3859 5580 $
3860 5581 $
3861 5582 $
3862 5584 $
3863 5587 $
3864 5588 $
3865 5589 $
3866 5596 $
3867 5598 $
3868 5603 $
3869 5609 $
3870 5612 $
3871 5616 $
3872 5621 $
3873 5622 $
3874 5624 $
3875 5626 $
3876 5631 $
3877 5632 $
3878 5633 $
3879 5638 $
3880 5639 $
3881 5640 $
3882 5642 $
3883 5644 $
3884 5647 $
3885 5658 $
3886 5661 $
3887 5670 $
3888 5671 $
3889 5683 $
3890 5691 $
3891 5698 $
3892 5700 $
3893 5701 $
3894 5703 $
3895 5712 $
3896 5713 $
3897 5717 $
3898 5719 $
3899 5722 $
3900 5723 $
3901 5724 $
3902 5725 $
3903 5729 $
3904 5734 $
3905 5735 $
3906 5736 $
3907 5739 $
3908 5742 $
3909 5743 $
3910 5745 $
3911 5746 $
3912 5749 $
3913 5750 $
3914 5757 $
3915 5762 $
3916 5766 $
3917 5768 $
3918 5769 $
3919 5770 $
3920 5772 $
3921 5774 $
3922 5775 $
3923 5776 $
3924 5777 $
3925 5781 $
3926 5783 $
3927 5785 $
3928 5787 $
3929 5788 $
3930 5789 $
3931 5790 $
3932 5792 $
3933 5794 $
3934 5797 $
3935 5805 $
3936 5809 $
3937 5812 $
3938 5815 $
3939 5820 $
3940 5825 $
3941 5826 $
3942 5827 $
3943 5828 $
3944 5830 $
3945 5831 $
3946 5834 $
3947 5835 $
3948 5836 $
3949 5837 $
3950 5838 $
3951 5839 $
3952 5840 $
3953 5842 $
3954 5844 $
3955 5845 $
3956 5851 $
3957 5853 $
3958 5854 $
3959 5860 $
3960 5864 $
3961 5869 $
3962 5874 $
3963 5880 $
3964 5882 $
3965 5887 $
3966 5888 $
3967 5893 $
3968 5898 $
3969 5900 $
3970 5909 $
3971 5911 $
3972 5913 $
3973 5921 $
3974 5923 $
3975 5924 $
3976 5931 $
3977 5932 $
3978 5937 $
3979 5943 $
3980 5959 $
3981 5965 $
3982 5974 $
3983 5975 $
3984 5977 $
3985 5980 $
3986 5981 $
3987 5992 $
3988 5996 $
3989 6002 $
3990 6004 $
3991 6005 $
3992 6006 $
3993 6009 $
3994 6010 $
3995 6014 $
3996 6015 $
3997 6016 $
3998 6027 $
3999 6029 $
4000 6034 $
4001 6036 $
4002 6037 $
4003 6041 $
4004 6042 $
4005 6051 $
4006 6052 $
4007 6053 $
4008 6057 $
4009 6060 $
4010 6062 $
4011 6068 $
4012 6075 $
4013 6081 $
4014 6083 $
4015 6084 $
4016 6085 $
4017 6094 $
4018 6099 $
4019 6100 $
4020 6101 $
4021 6102 $
4022 6104 $
4023 6113 $
4024 6123 $
4025 6135 $
4026 6137 $
4027 6138 $
4028 6139 $
4029 6140 $
4030 6141 $
4031 6143 $
4032 6149 $
4033 6158 $
4034 6160 $
4035 6161 $
4036 6163 $
4037 6166 $
4038 6170 $
4039 6171 $
4040 6172 $
4041 6177 $
4042 6181 $
4043 6184 $
4044 6195 $
4045 6204 $
4046 6205 $
4047 6206 $
4048 6207 $
4049 6208 $
4050 6209 $
4051 6210 $
4052 6212 $
4053 6214 $
4054 6216 $
4055 6219 $
4056 6220 $
4057 6221 $
4058 6222 $
4059 6225 $
4060 6229 $
4061 6232 $
4062 6233 $
4063 6234 $
4064 6235 $
4065 6237 $
4066 6255 $
4067 6257 $
4068 6262 $
4069 6263 $
4070 6264 $
4071 6265 $
4072 6266 $
4073 6269 $
4074 6271 $
4075 6272 $
4076 6273 $
4077 6274 $
4078 6275 $
4079 6277 $
4080 6281 $
4081 6285 $
4082 6287 $
4083 6293 $
4084 6298 $
4085 6299 $
4086 6303 $
4087 6306 $
4088 6307 $
4089 6309 $
4090 6323 $
4091 6324 $
4092 6327 $
4093 6328 $
4094 6329 $
4095 6330 $
4096 6331 $
4097 6332 $
4098 6333 $
4099 6334 $
4100 6335 $
4101 6336 $
4102 6337 $
4103 6338 $
4104 6339 $
4105 6340 $
4106 6342 $
4107 6352 $
4108 6353 $
4109 6354 $
4110 6358 $
4111 6359 $
4112 6360 $
4113 6361 $
4114 6364 $
4115 6365 $
4116 6368 $
4117 6369 $
4118 6370 $
4119 6374 $
4120 6379 $
4121 6380 $
4122 6381 $
4123 6383 $
4124 6385 $
4125 6386 $
4126 6389 $
4127 6391 $
4128 6392 $
4129 6393 $
4130 6394 $
4131 6395 $
4132 6397 $
4133 6398 $
4134 6399 $
4135 6400 $
4136 6401 $
4137 6402 $
4138 6403 $
4139 6404 $
4140 6409 $
4141 6410 $
4142 6411 $
4143 6412 $
4144 6417 $
4145 6419 $
4146 6424 $
4147 6425 $
4148 6426 $
4149 6427 $
4150 6428 $
4151 6431 $
4152 6436 $
4153 6437 $
4154 6439 $
4155 6441 $
4156 6442 $
4157 6448 $
4158 6450 $
4159 6451 $
4160 6458 $
4161 6464 $
4162 6472 $
4163 6473 $
4164 6474 $
4165 6475 $
4166 6477 $
4167 6479 $
4168 6480 $
4169 6482 $
4170 6487 $
4171 6488 $
4172 6490 $
4173 6491 $
4174 6493 $
4175 6495 $
4176 6502 $
4177 6506 $
4178 6507 $
4179 6513 $
4180 6514 $
4181 6517 $
4182 6522 $
4183 6527 $
4184 6529 $
4185 6534 $
4186 6538 $
4187 6546 $
4188 6547 $
4189 6554 $
4190 6556 $
4191 6560 $
4192 6565 $
4193 6566 $
4194 6567 $
4195 6570 $
4196 6573 $
4197 6574 $
4198 6575 $
4199 6576 $
4200 6580 $
4201 6582 $
4202 6589 $
4203 6590 $
4204 6591 $
4205 6595 $
4206 6599 $
4207 6600 $
4208 6601 $
4209 6604 $
4210 6605 $
4211 6609 $
4212 6610 $
4213 6613 $
4214 6614 $
4215 6618 $
4216 6620 $
4217 6624 $
4218 6629 $
4219 6630 $
4220 6631 $
4221 6632 $
4222 6633 $
4223 6636 $
4224 6637 $
4225 6639 $
4226 6640 $
4227 6642 $
4228 6643 $
4229 6651 $
4230 6653 $
4231 6654 $
4232 6657 $
4233 6662 $
4234 6663 $
4235 6668 $
4236 6670 $
4237 6672 $
4238 6673 $
4239 6674 $
4240 6675 $
4241 6678 $
4242 6679 $
4243 6681 $
4244 6682 $
4245 6683 $
4246 6684 $
4247 6685 $
4248 6686 $
4249 6690 $
4250 6693 $
4251 6695 $
4252 6696 $
4253 6697 $
4254 6701 $
4255 6705 $
4256 6706 $
4257 6707 $
4258 6710 $
4259 6711 $
4260 6712 $
4261 6716 $
4262 6717 $
4263 6718 $
4264 6728 $
4265 6731 $
4266 6732 $
4267 6735 $
4268 6738 $
4269 6739 $
4270 6747 $
4271 6748 $
4272 6749 $
4273 6754 $
4274 6763 $
4275 6768 $
4276 6770 $
4277 6772 $
4278 6775 $
4279 6776 $
4280 6777 $
4281 6783 $
4282 6789 $
4283 6792 $
4284 6796 $
4285 6799 $
4286 6801 $
4287 6807 $
4288 6808 $
4289 6813 $
4290 6816 $
4291 6817 $
4292 6820 $
4293 6824 $
4294 6825 $
4295 6826 $
4296 6827 $
4297 6829 $
4298 6831 $
4299 6833 $
4300 6834 $
4301 6837 $
4302 6838 $
4303 6840 $
4304 6843 $
4305 6845 $
4306 6848 $
4307 6854 $
4308 6855 $
4309 6856 $
4310 6859 $
4311 6862 $
4312 6867 $
4313 6869 $
4314 6874 $
4315 6875 $
4316 6882 $
4317 6883 $
4318 6884 $
4319 6885 $
4320 6889 $
4321 6893 $
4322 6899 $
4323 6900 $
4324 6901 $
4325 6902 $
4326 6904 $
4327 6911 $
4328 6915 $
4329 6917 $
4330 6918 $
4331 6921 $
4332 6923 $
4333 6932 $
4334 6934 $
4335 6944 $
4336 6945 $
4337 6950 $
4338 6956 $
4339 6962 $
4340 6965 $
4341 6974 $
4342 6977 $
4343 6978 $
4344 6979 $
4345 6980 $
4346 6981 $
4347 6986 $
4348 6988 $
4349 6989 $
4350 6994 $
4351 6996 $
4352 6997 $
4353 6998 $
4354 6999 $
4355 7001 $
4356 7004 $
4357 7005 $
4358 7006 $
4359 7007 $
4360 7012 $
4361 7014 $
4362 7015 $
4363 7018 $
4364 7019 $
4365 7020 $
4366 7023 $
4367 7026 $
4368 7030 $
4369 7035 $
4370 7039 $
4371 7041 $
4372 7042 $
4373 7043 $
4374 7048 $
4375 7057 $
4376 7061 $
4377 7065 $
4378 7066 $
4379 7069 $
4380 7070 $
4381 7071 $
4382 7080 $
4383 7081 $
4384 7083 $
4385 7084 $
4386 7085 $
4387 7086 $
4388 7094 $
4389 7095 $
4390 7099 $
4391 7100 $
4392 7105 $
4393 7114 $
4394 7115 $
4395 7116 $
4396 7119 $
4397 7124 $
4398 7126 $
4399 7127 $
4400 7128 $
4401 7133 $
4402 7134 $
4403 7136 $
4404 7138 $
4405 7141 $
4406 7142 $
4407 7152 $
4408 7159 $
4409 7160 $
4410 7162 $
4411 7168 $
4412 7171 $
4413 7173 $
4414 7174 $
4415 7175 $
4416 7176 $
4417 7177 $
4418 7179 $
4419 7180 $
4420 7182 $
4421 7187 $
4422 7189 $
4423 7190 $
4424 7192 $
4425 7197 $
4426 7205 $
4427 7210 $
4428 7218 $
4429 7234 $
4430 7236 $
4431 7244 $
4432 7245 $
4433 7246 $
4434 7248 $
4435 7252 $
4436 7253 $
4437 7257 $
4438 7258 $
4439 7259 $
4440 7261 $
4441 7264 $
4442 7265 $
4443 7267 $
4444 7269 $
4445 7271 $
4446 7272 $
4447 7276 $
4448 7280 $
4449 7294 $
4450 7295 $
4451 7296 $
4452 7297 $
4453 7307 $
4454 7308 $
4455 7313 $
4456 7314 $
4457 7317 $
4458 7320 $
4459 7321 $
4460 7323 $
4461 7327 $
4462 7329 $
4463 7330 $
4464 7331 $
4465 7342 $
4466 7345 $
4467 7346 $
4468 7348 $
4469 7349 $
4470 7352 $
4471 7354 $
4472 7356 $
4473 7357 $
4474 7358 $
4475 7359 $
4476 7360 $
4477 7361 $
4478 7362 $
4479 7363 $
4480 7364 $
4481 7367 $
4482 7368 $
4483 7387 $
4484 7389 $
4485 7394 $
4486 7398 $
4487 7404 $
4488 7405 $
4489 7406 $
4490 7408 $
4491 7413 $
4492 7418 $
4493 7419 $
4494 7420 $
4495 7422 $
4496 7425 $
4497 7427 $
4498 7428 $
4499 7430 $
4500 7435 $
4501 7438 $
4502 7439 $
4503 7442 $
4504 7445 $
4505 7446 $
4506 7451 $
4507 7453 $
4508 7456 $
4509 7457 $
4510 7458 $
4511 7466 $
4512 7467 $
4513 7469 $
4514 7470 $
4515 7471 $
4516 7472 $
4517 7474 $
4518 7475 $
4519 7477 $
4520 7478 $
4521 7483 $
4522 7484 $
4523 7485 $
4524 7486 $
4525 7489 $
4526 7490 $
4527 7491 $
4528 7492 $
4529 7494 $
4530 7495 $
4531 7499 $
4532 7502 $
4533 7503 $
4534 7504 $
4535 7505 $
4536 7516 $
4537 7517 $
4538 7520 $
4539 7521 $
4540 7523 $
4541 7526 $
4542 7530 $
4543 7540 $
4544 7541 $
4545 7543 $
4546 7544 $
4547 7545 $
4548 7546 $
4549 7547 $
4550 7548 $
4551 7549 $
4552 7550 $
4553 7551 $
4554 7566 $
4555 7581 $
4556 7589 $
4557 7590 $
4558 7593 $
4559 7594 $
4560 7595 $
4561 7596 $
4562 7597 $
4563 7598 $
4564 7600 $
4565 7602 $
4566 7604 $
4567 7606 $
4568 7608 $
4569 7609 $
4570 7618 $
4571 7624 $
4572 7625 $
4573 7627 $
4574 7628 $
4575 7629 $
4576 7630 $
4577 7637 $
4578 7643 $
4579 7648 $
4580 7649 $
4581 7653 $
4582 7655 $
4583 7657 $
4584 7658 $
4585 7663 $
4586 7664 $
4587 7666 $
4588 7669 $
4589 7670 $
4590 7672 $
4591 7674 $
4592 7675 $
4593 7682 $
4594 7685 $
4595 7689 $
4596 7693 $
4597 7697 $
4598 7698 $
4599 7699 $
4600 7701 $
4601 7702 $
4602 7705 $
4603 7706 $
4604 7707 $
4605 7709 $
4606 7711 $
4607 7716 $
4608 7719 $
4609 7721 $
4610 7727 $
4611 7728 $
4612 7730 $
4613 7735 $
4614 7738 $
4615 7744 $
4616 7750 $
4617 7752 $
4618 7753 $
4619 7756 $
4620 7757 $
4621 7758 $
4622 7759 $
4623 7760 $
4624 7761 $
4625 7766 $
4626 7770 $
4627 7773 $
4628 7783 $
4629 7784 $
4630 7792 $
4631 7797 $
4632 7802 $
4633 7806 $
4634 7807 $
4635 7818 $
4636 7824 $
4637 7825 $
4638 7826 $
4639 7847 $
4640 7848 $
4641 7863 $
4642 7865 $
4643 7867 $
4644 7873 $
4645 7883 $
4646 7919 $
4647 7921 $
4648 7929 $
4649 7932 $
4650 7934 $
4651 7937 $
4652 7938 $
4653 7940 $
4654 7941 $
4655 7942 $
4656 7943 $
4657 7944 $
4658 7946 $
4659 7948 $
4660 7949 $
4661 7954 $
4662 7956 $
4663 7960 $
4664 7961 $
4665 7962 $
4666 7963 $
4667 7964 $
4668 7967 $
4669 7969 $
4670 7970 $
4671 7972 $
4672 7973 $
4673 7976 $
4674 7978 $
4675 7980 $
4676 7989 $
4677 7991 $
4678 7992 $
4679 7996 $
4680 7997 $
4681 8000 $
4682 8001 $
4683 8002 $
4684 8003 $
4685 8004 $
4686 8005 $
4687 8009 $
4688 8013 $
4689 8015 $
4690 8016 $
4691 8017 $
4692 8018 $
4693 8022 $
4694 8027 $
4695 8028 $
4696 8029 $
4697 8030 $
4698 8034 $
4699 8051 $
4700 8052 $
4701 8055 $
4702 8065 $
4703 8069 $
4704 8070 $
4705 8073 $
4706 8075 $
4707 8077 $
4708 8083 $
4709 8086 $
4710 8087 $
4711 8091 $
4712 8098 $
4713 8099 $
4714 8105 $
4715 8106 $
4716 8108 $
4717 8113 $
4718 8115 $
4719 8117 $
4720 8119 $
4721 8125 $
4722 8126 $
4723 8134 $
4724 8135 $
4725 8136 $
4726 8137 $
4727 8141 $
4728 8161 $
4729 8164 $
4730 8169 $
4731 8174 $
4732 8176 $
4733 8177 $
4734 8178 $
4735 8179 $
4736 8181 $
4737 8182 $
4738 8183 $
4739 8191 $
4740 8192 $
4741 8198 $
4742 8199 $
4743 8200 $
4744 8201 $
4745 8202 $
4746 8211 $
4747 8217 $
4748 8220 $
4749 8221 $
4750 8222 $
4751 8224 $
4752 8226 $
4753 8227 $
4754 8231 $
4755 8232 $
4756 8233 $
4757 8234 $
4758 8237 $
4759 8239 $
4760 8250 $
4761 8252 $
4762 8255 $
4763 8257 $
4764 8258 $
4765 8268 $
4766 8277 $
4767 8278 $
4768 8284 $
4769 8285 $
4770 8286 $
4771 8287 $
4772 8288 $
4773 8289 $
4774 8292 $
4775 8293 $
4776 8294 $
4777 8307 $
4778 8309 $
4779 8310 $
4780 8311 $
4781 8317 $
4782 8318 $
4783 8324 $
4784 8327 $
4785 8329 $
4786 8330 $
4787 8331 $
4788 8333 $
4789 8334 $
4790 8335 $
4791 8336 $
4792 8339 $
4793 8342 $
4794 8349 $
4795 8350 $
4796 8354 $
4797 8356 $
4798 8360 $
4799 8363 $
4800 8364 $
4801 8365 $
4802 8369 $
4803 8372 $
4804 8374 $
4805 8376 $
4806 8381 $
4807 8390 $
4808 8399 $
4809 8405 $
4810 8406 $
4811 8417 $
4812 8418 $
4813 8419 $
4814 8422 $
4815 8425 $
4816 8427 $
4817 8431 $
4818 8433 $
4819 8435 $
4820 8442 $
4821 8448 $
4822 8449 $
4823 8451 $
4824 8452 $
4825 8454 $
4826 8456 $
4827 8460 $
4828 8461 $
4829 8462 $
4830 8463 $
4831 8470 $
4832 8471 $
4833 8474 $
4834 8476 $
4835 8477 $
4836 8478 $
4837 8479 $
4838 8481 $
4839 8483 $
4840 8487 $
4841 8490 $
4842 8491 $
4843 8493 $
4844 8495 $
4845 8497 $
4846 8504 $
4847 8505 $
4848 8506 $
4849 8519 $
4850 8524 $
4851 8526 $
4852 8528 $
4853 8529 $
4854 8530 $
4855 8531 $
4856 8532 $
4857 8533 $
4858 8534 $
4859 8535 $
4860 8538 $
4861 8539 $
4862 8546 $
4863 8547 $
4864 8549 $
4865 8577 $
4866 8583 $
4867 8588 $
4868 8592 $
4869 8595 $
4870 8599 $
4871 8601 $
4872 8605 $
4873 8610 $
4874 8612 $
4875 8613 $
4876 8616 $
4877 8617 $
4878 8618 $
4879 8619 $
4880 8621 $
4881 8622 $
4882 8623 $
4883 8625 $
4884 8626 $
4885 8627 $
4886 8644 $
4887 8649 $
4888 8655 $
4889 8657 $
4890 8658 $
4891 8659 $
4892 8666 $
4893 8675 $
4894 8679 $
4895 8680 $
4896 8689 $
4897 8697 $
4898 8698 $
4899 8699 $
4900 8702 $
4901 8704 $
4902 8708 $
4903 8709 $
4904 8710 $
4905 8712 $
4906 8719 $
4907 8721 $
4908 8724 $
4909 8725 $
4910 8726 $
4911 8730 $
4912 8734 $
4913 8735 $
4914 8738 $
4915 8748 $
4916 8757 $
4917 8758 $
4918 8759 $
4919 8761 $
4920 8764 $
4921 8765 $
4922 8767 $
4923 8770 $
4924 8771 $
4925 8775 $
4926 8777 $
4927 8783 $
4928 8785 $
4929 8788 $
4930 8792 $
4931 8793 $
4932 8799 $
4933 8802 $
4934 8803 $
4935 8805 $
4936 8807 $
4937 8810 $
4938 8815 $
4939 8832 $
4940 8834 $
4941 8837 $
4942 8843 $
4943 8848 $
4944 8849 $
4945 8852 $
4946 8853 $
4947 8854 $
4948 8855 $
4949 8856 $
4950 8859 $
4951 8862 $
4952 8864 $
4953 8869 $
4954 8870 $
4955 8872 $
4956 8873 $
4957 8881 $
4958 8883 $
4959 8885 $
4960 8886 $
4961 8887 $
4962 8888 $
4963 8889 $
4964 8890 $
4965 8891 $
4966 8909 $
4967 8913 $
4968 8915 $
4969 8916 $
4970 8918 $
4971 8920 $
4972 8921 $
4973 8922 $
4974 8927 $
4975 8928 $
4976 8932 $
4977 8934 $
4978 8935 $
4979 8936 $
4980 8938 $
4981 8939 $
4982 8942 $
4983 8943 $
4984 8944 $
4985 8948 $
4986 8949 $
4987 8952 $
4988 8958 $
4989 8961 $
4990 8962 $
4991 8968 $
4992 8969 $
4993 8970 $
4994 8978 $
4995 8979 $
4996 8981 $
4997 8982 $
4998 8993 $
4999 8996 $
5000 8998 $
5001 9000 $
5002 9003 $
5003 9010 $
5004 9017 $
5005 9020 $
5006 9022 $
5007 9031 $
5008 9044 $
5009 9046 $
5010 9048 $
5011 9049 $
5012 9052 $
5013 9054 $
5014 9058 $
5015 9060 $
5016 9063 $
5017 9064 $
5018 9065 $
5019 9068 $
5020 9069 $
5021 9070 $
5022 9071 $
5023 9075 $
)
